2016/07/01 19.70 19.70 19.60 19.60 
2016/07/04 19.60 19.85 19.30 19.60 
2016/07/05 19.70 21.00 19.70 20.15 
2016/07/06 20.35 21.00 20.35 20.45 
2016/07/07 20.45 20.50 20.25 20.25 
2016/07/11 20.10 20.25 19.85 20.00 
2016/07/12 20.00 20.20 19.90 20.00 
2016/07/13 20.35 20.45 20.00 20.30 
2016/07/14 20.30 20.30 19.90 19.90 
2016/07/15 20.15 20.25 20.00 20.25 
2016/07/18 20.50 21.20 20.50 21.10 
2016/07/19 21.40 21.40 20.70 20.75 
2016/07/20 20.75 21.00 20.50 20.60 
2016/07/21 20.80 20.85 20.60 20.60 
2016/07/22 20.50 20.60 20.25 20.35 
2016/07/25 20.40 20.75 20.25 20.25 
2016/07/26 20.20 20.30 20.15 20.15 
2016/07/27 20.30 20.30 19.90 19.90 
2016/07/28 19.95 20.20 19.90 20.20 
2016/07/29 19.90 19.90 19.55 19.70 
2016/08/01 19.70 20.00 19.55 20.00 
2016/08/02 20.00 20.00 19.65 19.95 
2016/08/03 19.90 19.90 19.70 19.70 
2016/08/04 19.70 19.70 19.50 19.60 
2016/08/05 19.60 19.80 19.50 19.70 
2016/08/08 19.70 19.75 19.70 19.70 
2016/08/09 19.70 19.70 19.40 19.65 
2016/08/10 19.65 19.75 19.50 19.50 
2016/08/11 19.30 19.80 19.30 19.80 
2016/08/12 19.50 19.50 19.30 19.30 
2016/08/15 19.30 19.55 19.10 19.25 
2016/08/16 19.20 19.80 19.20 19.30 
2016/08/17 19.10 19.20 18.90 19.20 
2016/08/18 19.25 19.25 18.55 18.90 
2016/08/19 19.05 19.10 18.60 18.60 
2016/08/22 19.00 19.10 18.85 19.05 
2016/08/23 19.00 19.10 19.00 19.00 
2016/08/24 19.05 19.10 19.00 19.00 
2016/08/25 19.00 19.35 19.00 19.10 
2016/08/26 19.15 19.15 19.00 19.00 
2016/08/29 19.05 19.05 18.95 19.00 
2016/08/30 19.15 19.15 18.95 19.00 
2016/08/31 19.05 19.20 18.95 19.00 
2016/09/01 19.05 19.20 18.95 18.95 
2016/09/02 19.00 19.15 18.70 19.00 
2016/09/05 19.05 19.05 19.00 19.00 
2016/09/06 19.25 19.25 19.00 19.00 
2016/09/07 19.20 19.20 19.00 19.15 
2016/09/08 19.15 19.15 19.00 19.15 
2016/09/09 19.15 19.20 19.05 19.05 
2016/09/10 19.05 19.75 19.00 19.30 
2016/09/12 19.35 19.60 19.30 19.30 
2016/09/13 19.30 19.30 19.05 19.10 
2016/09/14 19.10 19.10 18.85 19.00 
2016/09/19 19.35 19.35 19.00 19.10 
2016/09/20 19.05 19.10 19.00 19.00 
2016/09/21 19.00 19.15 18.95 19.00 
2016/09/22 19.10 19.10 18.95 18.95 
2016/09/23 19.10 19.20 18.95 19.00 
2016/09/26 19.10 19.25 19.00 19.00 
2016/09/29 19.20 19.25 19.00 19.00 
2016/09/30 19.00 19.10 18.85 19.10 
2016/10/03 19.10 19.10 18.90 18.90 
2016/10/04 18.90 19.00 18.65 19.00 
2016/10/05 18.75 18.95 18.75 18.95 
2016/10/06 18.85 18.95 18.75 18.90 
2016/10/07 18.90 18.90 18.65 18.70 
2016/10/11 18.60 18.60 18.50 18.50 
2016/10/12 18.30 18.30 18.00 18.30 
2016/10/13 18.10 18.10 18.00 18.00 
2016/10/14 17.65 17.65 16.75 16.90 
2016/10/17 17.10 17.10 16.80 16.80 
2016/10/18 16.80 17.15 16.80 17.15 
2016/10/19 17.30 17.30 17.05 17.25 
2016/10/20 17.30 17.50 17.30 17.45 
2016/10/21 17.40 17.50 17.40 17.50 
2016/10/24 17.60 17.60 17.60 17.60 
2016/10/25 17.60 17.60 17.35 17.35 
2016/10/26 17.40 17.50 17.40 17.45 
2016/10/27 17.40 17.40 17.20 17.35 
2016/10/28 17.60 17.60 17.25 17.25 
2016/10/31 17.20 17.45 17.20 17.25 
2016/11/01 17.20 17.45 17.20 17.25 
2016/11/02 17.25 17.50 17.10 17.30 
2016/11/03 17.10 17.10 17.00 17.00 
2016/11/04 16.95 17.25 16.85 17.15 
2016/11/07 17.15 17.95 17.15 17.50 
2016/11/08 17.35 17.50 17.30 17.45 
2016/11/09 17.15 17.15 16.70 16.70 
2016/11/10 16.80 17.30 16.80 17.20 
2016/11/11 17.10 17.10 16.90 16.90 
2016/11/14 16.80 17.25 16.70 16.70 
2016/11/15 17.00 17.10 16.80 17.00 
2016/11/16 17.00 17.00 16.85 16.85 
2016/11/17 16.70 16.90 16.70 16.90 
2016/11/18 16.80 17.30 16.80 17.15 
2016/11/21 17.10 17.10 16.85 16.90 
2016/11/22 16.90 16.95 16.85 16.85 
2016/11/23 17.30 17.30 16.85 16.85 
2016/11/24 17.20 17.25 16.70 16.80 
2016/11/25 16.80 16.80 16.75 16.75 
2016/11/28 16.80 17.00 16.80 16.80 
2016/11/29 16.80 16.80 16.50 16.60 
2016/11/30 16.60 17.00 16.60 16.80 
2016/12/01 16.90 17.15 16.90 17.15 
2016/12/02 17.15 17.15 16.85 16.85 
2016/12/05 16.80 16.80 16.80 16.80 
2016/12/06 17.15 17.15 17.00 17.00 
2016/12/07 17.00 17.10 16.80 16.80 
2016/12/08 16.85 17.20 16.80 17.10 
2016/12/09 17.00 17.00 16.80 17.00 
2016/12/12 16.85 17.00 16.85 16.90 
2016/12/13 16.80 16.90 16.80 16.90 
2016/12/14 16.70 16.80 16.70 16.80 
2016/12/15 16.85 16.85 16.80 16.80 
2016/12/16 16.80 17.00 16.80 16.85 
2016/12/19 16.80 16.80 16.70 16.75 
2016/12/20 16.50 16.95 16.50 16.85 
2016/12/21 16.65 16.75 16.60 16.70 
2016/12/22 16.60 16.95 16.60 16.70 
2016/12/23 16.85 17.05 16.80 16.80 
2016/12/26 17.15 17.15 16.65 16.90 
2016/12/27 17.10 17.45 16.90 17.05 
2016/12/28 17.20 17.20 17.00 17.05 
2016/12/29 17.05 17.20 17.05 17.15 
2016/12/30 17.10 17.30 17.10 17.10 
2017/01/03 16.90 16.95 16.60 16.90 
2017/01/04 16.95 16.95 16.80 16.90 
2017/01/05 17.00 17.10 17.00 17.10 
2017/01/06 17.10 17.40 17.10 17.20 
2017/01/09 17.50 17.50 17.20 17.25 
2017/01/10 17.20 17.20 17.10 17.10 
2017/01/11 17.35 17.35 17.25 17.25 
2017/01/12 17.45 17.45 17.30 17.35 
2017/01/13 17.35 17.50 17.30 17.30 
2017/01/16 17.25 17.30 17.15 17.20 
2017/01/17 17.20 17.20 17.00 17.10 
2017/01/18 17.20 17.20 17.05 17.05 
2017/01/19 17.30 17.30 17.10 17.10 
2017/01/20 17.00 17.10 16.90 17.10 
2017/01/23 17.10 17.10 17.05 17.05 
2017/01/24 17.05 17.10 17.00 17.10 
2017/02/02 17.05 17.15 16.85 17.15 
2017/02/03 17.05 17.25 17.05 17.20 
2017/02/06 17.50 17.50 17.25 17.45 
2017/02/07 17.20 17.30 17.20 17.25 
2017/02/08 17.25 18.95 17.25 18.95 
