2016/07/01 82.30 83.00 82.30 83.00 
2016/07/04 84.30 84.30 83.80 83.80 
2016/07/05 85.40 85.40 83.80 84.00 
2016/07/06 84.00 84.00 83.30 84.00 
2016/07/07 82.80 84.30 82.80 84.30 
2016/07/11 84.30 84.30 82.40 83.20 
2016/07/12 83.00 83.50 82.90 83.50 
2016/07/13 83.20 83.20 83.00 83.00 
2016/07/14 82.60 82.80 82.60 82.80 
2016/07/15 81.80 83.60 81.80 83.00 
2016/07/18 84.70 84.70 83.60 84.50 
2016/07/19 83.10 83.60 83.10 83.10 
2016/07/20 82.30 83.50 82.30 83.10 
2016/07/21 83.80 83.90 83.10 83.50 
2016/07/22 83.20 84.00 83.20 84.00 
2016/07/25 84.00 84.00 83.50 83.50 
2016/07/26 83.50 84.00 83.50 83.90 
2016/07/27 81.00 81.40 80.20 80.50 
2016/07/28 80.30 80.90 80.30 80.50 
2016/07/29 80.50 80.50 80.00 80.00 
2016/08/01 80.00 80.00 79.10 79.90 
2016/08/02 79.60 80.00 79.60 79.70 
2016/08/03 79.70 79.70 79.50 79.50 
2016/08/04 79.50 80.10 79.50 79.50 
2016/08/05 80.00 80.40 79.60 80.10 
2016/08/08 80.00 80.80 79.70 79.70 
2016/08/09 79.70 80.40 79.60 79.60 
2016/08/10 80.10 80.10 79.60 79.60 
2016/08/11 79.10 79.70 79.00 79.70 
2016/08/12 79.70 80.80 79.70 80.80 
2016/08/15 80.80 80.80 79.90 80.00 
2016/08/16 80.00 80.00 79.70 79.70 
2016/08/17 79.40 79.40 79.20 79.20 
2016/08/18 79.70 80.50 79.70 80.00 
2016/08/19 80.20 80.50 80.20 80.20 
2016/08/22 80.20 80.20 80.00 80.20 
2016/08/23 80.20 80.70 80.20 80.40 
2016/08/24 80.50 80.50 79.90 80.00 
2016/08/25 80.00 80.70 78.10 79.30 
2016/08/26 79.30 80.70 79.30 79.70 
2016/08/29 80.60 83.90 80.60 82.40 
2016/08/30 83.00 83.70 81.10 81.20 
2016/08/31 81.20 81.20 79.20 79.60 
2016/09/01 79.60 79.60 77.90 78.30 
2016/09/02 78.00 78.30 77.80 77.80 
2016/09/05 78.00 78.00 77.80 78.00 
2016/09/06 78.10 78.10 77.60 77.70 
2016/09/07 77.50 78.00 77.40 77.80 
2016/09/08 78.30 78.30 77.80 77.90 
2016/09/09 78.00 78.00 77.50 77.50 
2016/09/10 77.50 78.00 77.10 77.20 
2016/09/12 77.30 77.60 77.20 77.30 
2016/09/13 77.10 77.10 76.10 76.10 
2016/09/14 76.20 77.50 76.20 77.50 
2016/09/19 76.40 78.10 76.40 77.00 
2016/09/20 77.10 77.80 76.80 76.80 
2016/09/21 76.80 77.00 76.10 76.30 
2016/09/22 76.20 76.30 75.10 75.10 
2016/09/23 75.10 75.70 74.50 74.50 
2016/09/26 74.50 74.70 74.20 74.20 
2016/09/29 74.20 74.80 74.20 74.30 
2016/09/30 74.30 74.50 74.20 74.30 
2016/10/03 74.10 74.10 72.50 73.50 
2016/10/04 73.10 73.60 73.00 73.00 
2016/10/05 73.00 73.00 72.20 72.80 
2016/10/06 72.80 73.20 72.60 73.00 
2016/10/07 73.10 73.20 72.20 73.00 
2016/10/11 72.70 73.00 72.60 72.60 
2016/10/12 72.60 72.60 71.40 71.50 
2016/10/13 71.50 71.50 71.00 71.10 
2016/10/14 71.00 72.40 71.00 71.60 
2016/10/17 71.00 71.40 71.00 71.40 
2016/10/18 71.50 72.10 71.50 72.00 
2016/10/19 72.20 72.70 72.20 72.50 
2016/10/20 72.50 72.90 72.50 72.90 
2016/10/21 73.30 73.30 73.00 73.10 
2016/10/24 73.00 73.20 73.00 73.20 
2016/10/25 73.00 73.40 73.00 73.00 
2016/10/26 73.30 73.40 73.00 73.10 
2016/10/27 73.40 73.40 73.10 73.10 
2016/10/28 73.00 73.30 73.00 73.00 
2016/10/31 73.00 73.00 72.40 72.60 
2016/11/01 72.50 73.00 72.50 73.00 
2016/11/02 73.00 73.00 71.60 71.60 
2016/11/03 71.60 72.10 71.50 72.10 
2016/11/04 72.00 73.00 72.00 72.20 
2016/11/07 72.50 72.60 72.50 72.60 
2016/11/08 72.60 73.00 72.40 73.00 
2016/11/09 73.00 73.40 72.40 72.40 
2016/11/10 73.00 73.50 72.20 73.30 
2016/11/11 73.40 73.50 72.30 72.80 
2016/11/14 72.50 73.30 72.50 73.00 
2016/11/15 73.00 73.50 73.00 73.00 
2016/11/16 73.30 74.90 73.00 73.60 
2016/11/18 73.60 74.90 73.50 74.90 
2016/11/21 74.80 74.80 72.50 73.00 
2016/11/22 73.00 74.20 72.50 73.50 
2016/11/23 74.20 76.30 73.20 73.30 
2016/11/24 73.30 73.80 72.50 72.70 
2016/11/25 73.00 73.20 72.50 72.80 
2016/11/28 73.00 73.00 72.00 72.80 
2016/11/29 72.60 72.70 72.40 72.60 
2016/11/30 72.90 72.90 72.00 72.30 
2016/12/01 72.00 74.20 72.00 74.00 
2016/12/02 74.10 74.70 74.00 74.40 
2016/12/05 75.00 75.00 74.10 74.10 
2016/12/06 74.50 74.50 73.70 74.00 
2016/12/07 74.10 74.10 73.60 73.70 
2016/12/08 73.70 74.00 73.60 73.70 
2016/12/09 73.80 73.80 73.50 73.50 
2016/12/12 74.80 74.80 73.80 74.10 
2016/12/13 74.30 74.50 74.30 74.30 
2016/12/14 74.50 74.60 73.90 74.10 
2016/12/15 74.30 74.30 74.10 74.20 
2016/12/16 74.20 74.90 73.60 74.90 
2016/12/19 74.90 74.90 73.90 74.00 
2016/12/20 73.60 74.00 73.60 73.70 
2016/12/21 73.60 73.70 73.60 73.60 
2016/12/22 74.00 74.00 73.60 73.60 
2016/12/23 74.20 74.20 73.30 73.30 
2016/12/26 73.30 73.30 73.20 73.30 
2016/12/27 73.20 74.00 73.20 73.70 
2016/12/28 74.10 74.30 74.10 74.30 
2016/12/29 74.30 74.30 74.30 74.30 
2016/12/30 74.60 74.90 74.40 74.40 
2017/01/03 74.50 74.50 74.40 74.40 
2017/01/04 74.40 74.80 74.40 74.80 
2017/01/05 74.40 75.00 74.20 74.70 
2017/01/06 74.80 74.80 74.70 74.70 
2017/01/09 74.80 74.90 74.60 74.60 
2017/01/10 74.60 74.60 74.40 74.50 
2017/01/11 75.60 76.80 75.60 75.90 
2017/01/12 75.90 76.00 75.80 75.80 
2017/01/13 75.70 75.70 75.30 75.70 
2017/01/16 75.30 75.30 75.30 75.30 
2017/01/17 75.30 75.30 75.00 75.00 
2017/01/18 75.00 75.00 74.90 75.00 
2017/01/19 75.00 75.30 75.00 75.10 
2017/01/20 75.30 75.50 75.20 75.20 
2017/01/23 75.30 75.50 75.30 75.50 
2017/01/24 75.50 76.00 75.30 76.00 
2017/02/02 76.80 76.90 76.50 76.90 
2017/02/03 77.00 77.20 76.90 77.00 
2017/02/06 77.50 77.50 76.00 76.00 
2017/02/07 76.00 76.00 75.60 75.70 
2017/02/08 76.00 77.00 76.00 76.70 
