2016/07/01 114.00 117.50 113.00 116.00 
2016/07/04 116.50 120.00 115.00 119.00 
2016/07/05 119.00 119.00 115.50 117.00 
2016/07/06 115.50 116.50 114.50 115.00 
2016/07/07 116.00 117.00 114.50 116.00 
2016/07/11 117.00 117.00 113.50 114.00 
2016/07/12 114.00 115.50 112.00 113.50 
2016/07/13 114.50 117.50 114.00 117.00 
2016/07/14 117.00 117.00 115.00 116.00 
2016/07/15 116.50 117.50 115.50 116.00 
2016/07/18 117.00 119.50 116.50 117.00 
2016/07/19 118.00 118.00 115.00 115.00 
2016/07/20 114.00 116.00 114.00 114.50 
2016/07/21 112.00 113.50 111.00 111.00 
2016/07/22 111.50 112.00 109.50 110.50 
2016/07/25 111.00 112.50 110.50 111.50 
2016/07/26 112.00 113.50 112.00 113.50 
2016/07/27 113.50 114.00 111.50 111.50 
2016/07/28 111.50 113.00 111.00 111.50 
2016/07/29 111.50 111.50 109.00 109.00 
2016/08/01 109.00 111.00 109.00 110.00 
2016/08/02 110.50 112.00 110.00 111.50 
2016/08/03 110.50 111.50 109.50 110.00 
2016/08/04 110.00 111.00 110.00 110.00 
2016/08/05 110.00 110.50 109.50 110.00 
2016/08/08 111.00 113.00 109.50 111.50 
2016/08/09 111.00 111.00 108.50 109.00 
2016/08/10 109.00 110.50 109.00 109.00 
2016/08/11 109.00 109.00 107.00 108.50 
2016/08/12 109.00 109.50 108.00 108.50 
2016/08/15 109.00 111.50 108.00 111.00 
2016/08/16 110.50 111.50 109.00 111.00 
2016/08/17 111.50 111.50 110.00 110.50 
2016/08/18 110.50 111.50 110.50 111.00 
2016/08/19 111.00 112.50 111.00 112.00 
2016/08/22 111.50 111.50 109.00 109.50 
2016/08/23 110.00 111.50 110.00 111.50 
2016/08/24 111.50 112.00 109.50 110.50 
2016/08/25 112.00 113.00 110.00 112.50 
2016/08/26 112.00 113.50 111.00 113.00 
2016/08/29 112.50 113.50 111.50 113.50 
2016/08/30 113.50 116.00 113.00 114.50 
2016/08/31 114.50 116.00 114.50 115.50 
2016/09/01 115.50 117.50 114.00 114.00 
2016/09/02 114.50 115.00 112.50 113.00 
2016/09/05 113.50 116.00 113.00 115.50 
2016/09/06 115.50 116.00 114.50 115.00 
2016/09/07 115.50 117.00 115.50 116.50 
2016/09/08 116.50 118.00 116.00 117.50 
2016/09/09 117.50 119.00 117.00 118.50 
2016/09/10 118.00 118.00 116.00 117.00 
2016/09/12 117.50 118.00 115.50 115.50 
2016/09/13 117.00 117.00 112.50 113.50 
2016/09/14 114.00 115.50 113.50 115.50 
2016/09/19 116.00 117.50 115.00 116.50 
2016/09/20 117.00 120.00 116.50 120.00 
2016/09/21 120.00 123.00 119.50 121.00 
2016/09/22 122.00 122.00 117.00 117.50 
2016/09/23 119.00 121.50 117.50 121.50 
2016/09/26 122.50 123.00 120.50 122.50 
2016/09/29 123.00 128.00 122.00 128.00 
2016/09/30 129.00 129.00 126.00 129.00 
2016/10/03 130.50 137.00 130.00 136.00 
2016/10/04 135.50 136.00 133.00 136.00 
2016/10/05 135.00 135.50 131.00 132.00 
2016/10/06 133.00 135.00 130.50 135.00 
2016/10/07 133.50 134.00 132.50 133.50 
2016/10/11 131.50 131.50 126.50 128.00 
2016/10/12 127.50 131.00 127.00 131.00 
2016/10/13 130.00 130.50 127.00 128.50 
2016/10/14 127.00 128.00 123.00 123.50 
2016/10/17 123.50 126.00 123.00 126.00 
2016/10/18 126.00 128.00 124.50 127.50 
2016/10/19 129.00 129.50 126.00 126.00 
2016/10/20 126.00 128.00 124.50 126.00 
2016/10/21 126.00 127.50 125.50 127.00 
2016/10/24 127.50 129.00 126.00 126.00 
2016/10/25 126.00 127.00 123.50 126.00 
2016/10/26 126.00 126.50 123.50 124.00 
2016/10/27 124.00 125.00 123.00 123.00 
2016/10/28 123.50 124.00 121.00 122.00 
2016/10/31 121.50 121.50 119.00 119.00 
2016/11/01 119.00 121.50 119.00 120.00 
2016/11/02 119.00 119.00 113.00 113.50 
2016/11/03 114.00 115.00 113.00 113.00 
2016/11/04 113.50 115.00 112.50 113.00 
2016/11/07 114.00 117.00 114.00 116.50 
2016/11/08 117.50 117.50 115.00 117.00 
2016/11/09 116.00 117.00 111.00 111.50 
2016/11/10 117.50 118.50 115.50 118.00 
2016/11/11 117.50 119.00 116.00 116.00 
2016/11/14 114.50 115.50 105.00 110.00 
2016/11/15 108.00 111.00 108.00 110.00 
2016/11/16 109.00 111.00 108.00 108.00 
2016/11/17 106.50 106.50 100.50 103.00 
2016/11/18 103.50 105.00 102.00 104.50 
2016/11/21 104.50 105.00 103.50 104.50 
2016/11/22 104.00 105.00 102.00 104.50 
2016/11/23 105.00 106.00 104.00 104.00 
2016/11/24 104.50 105.00 101.00 101.50 
2016/11/25 101.00 101.00 97.00 97.20 
2016/11/28 97.20 98.90 96.30 98.10 
2016/11/29 98.30 99.40 97.20 97.50 
2016/11/30 97.30 98.40 96.70 97.30 
2016/12/01 97.40 97.80 95.10 95.30 
2016/12/02 94.70 97.40 93.60 97.30 
2016/12/05 97.60 98.30 96.40 97.00 
2016/12/06 97.80 99.40 97.30 98.40 
2016/12/07 98.00 101.50 97.90 101.00 
2016/12/08 101.50 101.50 99.00 99.50 
2016/12/09 101.00 101.00 99.60 100.00 
2016/12/12 100.50 101.00 96.80 98.50 
2016/12/13 99.50 99.80 98.30 98.50 
2016/12/14 98.10 98.40 97.00 97.00 
2016/12/15 96.10 96.70 94.80 95.00 
2016/12/16 95.10 95.50 92.90 93.00 
2016/12/19 93.20 96.00 92.80 96.00 
2016/12/20 96.80 97.10 95.50 96.10 
2016/12/21 96.10 96.80 96.10 96.40 
2016/12/22 96.60 99.80 96.60 97.00 
2016/12/23 97.00 99.20 96.90 97.40 
2016/12/26 98.20 98.30 96.60 96.60 
2016/12/27 97.00 99.00 96.70 99.00 
2016/12/28 100.00 101.00 99.40 100.00 
2016/12/29 101.00 102.00 100.00 101.50 
2016/12/30 102.00 104.00 101.50 102.50 
2017/01/03 103.00 103.50 101.00 102.00 
2017/01/04 103.00 103.50 101.00 101.00 
2017/01/05 101.00 103.00 100.50 102.00 
2017/01/06 103.00 103.50 102.00 103.00 
2017/01/09 103.00 103.00 99.90 100.50 
2017/01/10 100.00 100.50 99.10 99.10 
2017/01/11 99.50 99.80 97.20 97.40 
2017/01/12 96.60 99.00 96.20 99.00 
2017/01/13 98.90 99.20 97.60 98.50 
2017/01/16 97.40 98.40 96.80 97.30 
2017/01/17 96.80 97.50 96.70 97.00 
2017/01/18 98.30 102.00 97.50 101.50 
2017/01/19 102.00 102.00 99.50 100.50 
2017/01/20 100.00 101.50 100.00 100.50 
2017/01/23 100.50 102.50 99.70 101.50 
2017/01/24 101.50 102.50 101.00 102.00 
2017/02/02 102.00 102.00 100.00 102.00 
2017/02/03 101.00 103.50 100.50 103.00 
2017/02/06 103.50 106.00 103.00 104.50 
2017/02/07 104.50 105.00 103.00 103.50 
2017/02/08 103.50 104.00 101.50 103.00 
