2016/07/01 39.00 39.20 38.55 38.55 
2016/07/04 38.20 38.90 38.20 38.35 
2016/07/05 38.40 39.55 38.35 39.00 
2016/07/06 38.90 39.25 38.60 38.80 
2016/07/07 38.90 38.90 38.55 38.70 
2016/07/11 38.80 38.90 38.60 38.60 
2016/07/12 38.50 38.80 38.15 38.40 
2016/07/13 38.45 38.80 38.40 38.80 
2016/07/14 38.80 38.85 38.50 38.50 
2016/07/15 38.60 38.95 38.55 38.90 
2016/07/18 39.40 39.90 39.30 39.70 
2016/07/19 40.45 41.75 40.45 40.65 
2016/07/20 40.15 40.45 39.70 39.95 
2016/07/21 40.20 40.50 40.00 40.00 
2016/07/22 40.00 40.00 39.30 39.40 
2016/07/25 40.00 40.10 39.25 39.25 
2016/07/26 38.40 38.60 38.30 38.40 
2016/07/27 38.20 38.60 37.55 37.85 
2016/07/28 37.95 38.15 37.40 37.40 
2016/07/29 37.85 37.85 37.35 37.60 
2016/08/01 37.80 37.95 37.50 37.90 
2016/08/02 38.00 38.00 37.60 37.70 
2016/08/03 37.55 38.25 37.55 38.10 
2016/08/04 38.10 38.25 37.70 37.75 
2016/08/05 37.75 37.95 37.65 37.70 
2016/08/08 37.80 38.10 37.75 37.75 
2016/08/09 37.95 37.95 37.40 37.45 
2016/08/10 37.50 37.50 37.20 37.30 
2016/08/11 37.15 37.15 35.85 36.00 
2016/08/12 36.00 36.50 35.75 35.90 
2016/08/15 35.90 36.15 35.00 35.25 
2016/08/16 35.45 36.05 35.20 35.80 
2016/08/17 36.30 36.30 34.90 35.25 
2016/08/18 35.25 35.40 34.90 35.15 
2016/08/19 35.30 35.40 35.00 35.05 
2016/08/22 35.00 35.00 34.15 34.15 
2016/08/23 34.50 34.70 34.20 34.60 
2016/08/24 34.60 35.05 34.60 34.95 
2016/08/25 34.95 35.15 34.70 35.15 
2016/08/26 35.05 35.15 34.80 34.80 
2016/08/29 35.20 35.20 34.55 34.60 
2016/08/30 34.70 35.00 34.70 34.85 
2016/08/31 34.80 34.85 34.50 34.60 
2016/09/01 34.60 34.85 34.60 34.60 
2016/09/02 34.50 34.90 34.50 34.65 
2016/09/05 35.00 35.00 34.50 34.75 
2016/09/06 34.85 34.95 34.55 34.60 
2016/09/07 34.65 35.45 34.65 35.45 
2016/09/08 35.55 35.65 35.35 35.40 
2016/09/09 35.70 35.70 35.30 35.50 
2016/09/10 35.25 35.75 35.00 35.70 
2016/09/12 35.70 36.15 35.55 35.60 
2016/09/13 35.90 35.90 34.85 34.95 
2016/09/14 35.10 35.10 34.65 34.70 
2016/09/19 34.70 35.05 34.50 34.60 
2016/09/20 35.00 35.00 34.60 34.75 
2016/09/21 34.95 35.55 34.75 35.55 
2016/09/22 35.60 35.65 35.00 35.00 
2016/09/23 35.20 35.50 34.95 35.35 
2016/09/26 35.35 35.35 34.90 34.95 
2016/09/29 35.20 35.20 34.80 34.85 
2016/09/30 34.95 36.50 34.95 35.60 
2016/10/03 36.10 36.15 35.60 35.80 
2016/10/04 36.00 36.05 35.60 35.80 
2016/10/05 36.00 36.00 35.70 35.90 
2016/10/06 36.00 36.40 35.90 36.10 
2016/10/07 36.30 36.35 35.75 35.75 
2016/10/11 35.75 36.00 34.90 34.90 
2016/10/12 35.00 35.00 34.30 34.60 
2016/10/13 34.85 34.85 34.50 34.60 
2016/10/14 35.00 35.00 34.00 34.10 
2016/10/17 34.50 34.50 33.85 34.15 
2016/10/18 34.20 34.20 33.80 34.00 
2016/10/19 34.05 35.00 34.05 34.60 
2016/10/20 34.95 34.95 34.35 34.40 
2016/10/21 34.50 34.60 34.25 34.25 
2016/10/24 34.45 34.50 34.10 34.30 
2016/10/25 34.30 34.70 34.25 34.40 
2016/10/26 34.40 34.50 34.25 34.45 
2016/10/27 34.50 34.60 34.20 34.45 
2016/10/28 34.75 35.10 34.50 34.75 
2016/10/31 34.80 34.90 34.50 34.75 
2016/11/01 34.90 34.90 34.55 34.75 
2016/11/02 34.80 34.80 33.75 34.10 
2016/11/03 34.10 34.10 33.00 33.30 
2016/11/04 33.30 33.40 32.90 33.00 
2016/11/07 33.00 33.30 33.00 33.05 
2016/11/08 33.30 33.50 33.05 33.05 
2016/11/09 33.10 33.35 31.50 31.90 
2016/11/10 33.20 33.20 32.55 32.95 
2016/11/11 33.20 33.25 32.60 32.85 
2016/11/14 32.80 32.80 31.00 31.80 
2016/11/15 31.60 32.30 31.55 32.00 
2016/11/16 32.30 32.30 32.00 32.10 
2016/11/17 32.20 32.30 32.00 32.05 
2016/11/18 32.10 33.40 32.10 33.10 
2016/11/21 33.30 33.30 32.75 32.85 
2016/11/22 32.95 33.25 32.90 32.90 
2016/11/23 32.90 33.30 32.80 33.10 
2016/11/24 32.90 33.20 32.65 33.00 
2016/11/25 33.25 33.25 32.80 33.00 
2016/11/28 33.00 33.30 32.60 33.00 
2016/11/29 33.00 33.05 32.75 33.00 
2016/11/30 33.30 33.30 32.90 33.20 
2016/12/01 33.25 33.35 33.10 33.30 
2016/12/02 33.10 33.30 33.05 33.30 
2016/12/05 33.30 33.35 32.90 33.25 
2016/12/06 33.25 33.30 32.00 33.30 
2016/12/07 33.30 33.30 32.90 33.20 
2016/12/08 33.30 33.30 33.00 33.00 
2016/12/09 33.20 33.70 33.10 33.40 
2016/12/12 33.40 33.60 33.10 33.50 
2016/12/13 33.15 33.40 33.15 33.40 
2016/12/14 33.45 33.65 33.20 33.50 
2016/12/15 33.50 33.50 33.20 33.30 
2016/12/16 33.25 33.50 33.00 33.50 
2016/12/19 33.50 33.50 33.10 33.50 
2016/12/20 33.45 33.50 33.25 33.50 
2016/12/21 33.60 33.60 33.35 33.55 
2016/12/22 33.50 34.10 33.40 33.80 
2016/12/23 33.90 33.90 33.40 33.80 
2016/12/26 33.45 33.60 33.40 33.50 
2016/12/27 33.40 33.75 33.30 33.75 
2016/12/28 33.70 33.80 33.55 33.55 
2016/12/29 34.05 34.05 33.65 33.85 
2016/12/30 34.15 34.15 33.85 33.85 
2017/01/03 33.85 34.00 33.70 33.95 
2017/01/04 34.05 34.05 33.60 33.85 
2017/01/05 33.90 33.90 33.65 33.70 
2017/01/06 33.90 33.95 33.55 33.70 
2017/01/09 33.70 33.70 33.25 33.25 
2017/01/10 33.15 33.25 33.05 33.05 
2017/01/11 33.20 33.30 32.95 33.00 
2017/01/12 33.05 33.15 32.75 32.80 
2017/01/13 32.65 32.65 31.95 32.00 
2017/01/16 32.00 32.15 31.90 32.10 
2017/01/17 32.00 32.30 32.00 32.20 
2017/01/18 32.05 32.35 32.05 32.30 
2017/01/19 32.30 32.50 32.25 32.25 
2017/01/20 32.35 32.50 32.10 32.50 
2017/01/23 32.55 32.55 32.20 32.25 
2017/01/24 32.15 32.40 32.10 32.40 
2017/02/02 32.45 32.45 32.10 32.30 
2017/02/03 32.40 32.40 32.20 32.25 
2017/02/06 32.20 32.70 32.20 32.70 
2017/02/07 32.55 32.65 32.30 32.40 
2017/02/08 32.50 33.20 32.50 33.20 
