2016/07/01 162.00 162.00 159.50 160.50 
2016/07/04 162.00 166.50 161.50 166.00 
2016/07/05 165.50 167.00 165.00 165.50 
2016/07/06 165.00 165.00 162.50 164.00 
2016/07/07 163.50 165.00 163.00 165.00 
2016/07/11 165.00 166.50 162.00 162.50 
2016/07/12 162.50 166.00 162.50 164.00 
2016/07/13 164.00 165.50 163.50 164.50 
2016/07/14 164.50 168.00 163.00 166.00 
2016/07/15 167.00 167.50 163.50 165.50 
2016/07/18 166.50 169.00 165.50 165.50 
2016/07/19 165.50 166.00 162.50 163.50 
2016/07/20 163.50 164.50 161.50 162.00 
2016/07/21 162.00 162.50 159.00 159.50 
2016/07/22 159.00 159.00 153.50 155.00 
2016/07/25 155.50 156.50 151.50 152.50 
2016/07/26 152.50 157.50 152.50 153.50 
2016/07/27 154.50 157.00 153.00 155.50 
2016/07/28 155.50 156.50 153.00 153.00 
2016/07/29 153.00 154.50 152.00 154.50 
2016/08/01 155.00 155.50 153.00 155.00 
2016/08/02 155.50 155.50 152.00 153.50 
2016/08/03 153.50 153.50 150.00 150.50 
2016/08/04 151.50 154.00 151.50 152.50 
2016/08/05 153.00 153.50 150.50 151.00 
2016/08/08 151.50 152.50 148.50 148.50 
2016/08/09 148.50 148.50 140.50 143.50 
2016/08/10 143.50 145.00 141.00 141.50 
2016/08/11 141.50 146.00 141.00 146.00 
2016/08/12 147.50 147.50 144.00 146.00 
2016/08/15 145.00 146.50 144.00 146.50 
2016/08/16 147.00 148.00 146.00 147.00 
2016/08/17 146.50 147.00 142.50 143.00 
2016/08/18 143.00 147.00 143.00 146.50 
2016/08/19 146.50 148.50 145.50 146.00 
2016/08/22 146.50 146.50 143.50 145.00 
2016/08/23 143.50 145.50 143.50 145.50 
2016/08/24 145.00 145.00 143.00 143.00 
2016/08/25 140.50 143.00 140.50 142.00 
2016/08/26 142.00 148.00 142.00 146.50 
2016/08/29 146.50 151.00 146.50 148.00 
2016/08/30 148.00 148.50 147.00 147.00 
2016/08/31 147.00 147.00 145.50 145.50 
2016/09/01 145.50 152.00 145.50 150.50 
2016/09/02 150.50 151.50 147.50 148.50 
2016/09/05 148.50 151.50 148.50 151.00 
2016/09/06 151.00 156.00 151.00 154.00 
2016/09/07 154.00 155.50 153.50 154.50 
2016/09/08 154.50 155.00 153.00 153.50 
2016/09/09 154.00 155.50 153.00 155.00 
2016/09/10 153.00 153.50 150.50 151.00 
2016/09/12 151.00 152.50 150.00 150.00 
2016/09/13 151.00 151.50 146.00 147.00 
2016/09/14 147.00 148.50 146.00 147.50 
2016/09/19 148.50 151.00 148.50 151.00 
2016/09/20 151.00 155.00 151.00 154.00 
2016/09/21 153.50 154.00 152.50 153.00 
2016/09/22 153.50 153.50 151.50 153.00 
2016/09/23 153.50 155.00 152.50 154.50 
2016/09/26 154.00 156.00 153.50 154.50 
2016/09/29 155.00 159.00 155.00 158.00 
2016/09/30 157.50 158.50 156.50 158.50 
2016/10/03 158.00 162.00 157.50 157.50 
2016/10/04 157.50 158.50 156.50 157.00 
2016/10/05 157.00 159.00 156.50 156.50 
2016/10/06 156.50 158.50 155.00 157.50 
2016/10/07 157.50 158.50 156.00 158.00 
2016/10/11 158.00 162.00 154.00 154.00 
2016/10/12 154.00 155.50 153.00 153.50 
2016/10/13 154.50 154.50 148.50 149.00 
2016/10/14 149.00 150.00 145.00 146.00 
2016/10/17 147.00 148.00 146.00 148.00 
2016/10/18 148.00 149.00 146.00 148.50 
2016/10/19 149.00 149.50 147.50 148.50 
2016/10/20 147.50 148.50 147.00 147.00 
2016/10/21 147.00 148.50 147.00 147.00 
2016/10/24 147.00 147.00 139.50 142.00 
2016/10/25 140.50 141.00 136.50 138.50 
2016/10/26 138.50 140.50 136.50 138.00 
2016/10/27 138.00 138.00 135.00 137.00 
2016/10/28 137.00 137.50 134.00 135.00 
2016/10/31 134.50 136.50 134.00 135.50 
2016/11/01 136.00 136.00 134.50 135.50 
2016/11/02 134.50 134.50 123.50 123.50 
2016/11/03 122.00 128.00 121.00 123.50 
2016/11/04 122.00 128.00 122.00 126.00 
2016/11/07 129.00 129.50 126.00 126.50 
2016/11/08 128.00 128.00 123.50 126.50 
2016/11/09 122.00 125.50 114.00 114.00 
2016/11/10 118.50 124.50 118.50 124.50 
2016/11/11 124.00 124.00 119.50 121.00 
2016/11/14 119.50 122.50 116.00 116.00 
2016/11/15 116.50 124.50 116.50 123.50 
2016/11/16 124.50 124.50 122.50 123.00 
2016/11/17 124.00 125.00 119.50 121.50 
2016/11/18 121.50 123.00 121.00 122.50 
2016/11/21 122.50 122.50 120.00 122.00 
2016/11/22 122.00 123.00 120.50 121.00 
2016/11/23 123.50 129.00 122.00 122.00 
2016/11/24 123.00 123.50 121.00 122.00 
2016/11/25 122.00 122.50 119.50 121.00 
2016/11/28 121.50 121.50 119.50 120.50 
2016/11/29 121.00 121.50 119.50 120.00 
2016/11/30 120.00 120.00 116.00 118.00 
2016/12/01 117.00 118.00 115.00 118.00 
2016/12/02 118.00 118.00 116.00 116.00 
2016/12/05 116.50 117.50 113.50 114.00 
2016/12/06 114.00 117.00 114.00 116.50 
2016/12/07 117.00 117.00 114.50 115.00 
2016/12/08 116.00 119.00 114.50 116.50 
2016/12/09 117.00 117.00 114.50 115.50 
2016/12/12 115.50 116.00 112.00 112.50 
2016/12/13 111.00 111.00 107.00 110.00 
2016/12/14 111.00 111.00 108.00 109.00 
2016/12/15 108.50 110.50 105.00 110.50 
2016/12/16 111.00 111.50 110.00 110.50 
2016/12/19 112.00 113.00 111.00 112.00 
2016/12/20 113.50 119.50 112.50 118.00 
2016/12/21 119.50 122.50 119.50 120.00 
2016/12/22 119.50 124.00 119.00 119.50 
2016/12/23 120.00 120.50 119.00 119.00 
2016/12/26 119.00 119.00 116.00 117.00 
2016/12/27 117.00 120.50 116.50 119.00 
2016/12/28 119.00 120.00 118.00 118.50 
2016/12/29 118.50 119.50 118.50 119.00 
2016/12/30 120.00 121.50 116.00 119.00 
2017/01/03 118.00 119.00 117.00 118.50 
2017/01/04 118.50 119.50 118.50 118.50 
2017/01/05 119.50 122.00 119.00 121.50 
2017/01/06 121.00 121.00 119.50 119.50 
2017/01/09 120.00 120.50 118.00 118.50 
2017/01/10 118.50 118.50 117.00 118.00 
2017/01/11 119.00 119.00 116.50 116.50 
2017/01/12 116.50 117.50 115.50 116.00 
2017/01/13 116.00 116.00 112.50 114.00 
2017/01/16 114.00 114.00 111.50 112.00 
2017/01/17 112.50 112.50 108.00 109.50 
2017/01/18 109.50 113.50 109.50 112.00 
2017/01/19 112.00 112.50 109.50 109.50 
2017/01/20 110.00 110.00 107.00 108.50 
2017/01/23 109.50 111.50 109.00 111.00 
2017/01/24 110.50 112.50 110.50 112.50 
2017/02/02 112.50 112.50 109.00 110.00 
2017/02/03 109.50 110.50 108.50 110.00 
2017/02/06 110.00 112.50 109.00 111.50 
2017/02/07 111.50 113.50 111.00 113.50 
2017/02/08 113.50 116.00 112.00 116.00 
