2016/07/01 36.85 37.35 36.45 36.80 
2016/07/04 36.80 36.95 36.45 36.50 
2016/07/05 36.55 39.10 36.55 38.35 
2016/07/06 38.55 38.70 37.80 38.45 
2016/07/07 39.20 39.35 38.20 38.25 
2016/07/11 34.45 34.45 34.45 34.45 
2016/07/12 32.20 34.95 32.20 34.05 
2016/07/13 34.35 34.55 33.60 33.95 
2016/07/14 34.20 34.45 33.50 33.70 
2016/07/15 34.00 34.25 33.80 34.05 
2016/07/18 34.55 34.85 34.20 34.25 
2016/07/19 34.75 34.80 33.90 34.00 
2016/07/20 34.30 34.45 33.70 33.80 
2016/07/21 34.50 34.50 33.95 33.95 
2016/07/22 34.00 34.25 33.70 33.70 
2016/07/25 33.70 34.00 32.50 32.70 
2016/07/26 32.85 32.95 32.25 32.50 
2016/07/27 32.45 32.80 31.60 31.75 
2016/07/28 31.85 32.30 31.65 32.25 
2016/07/29 32.35 32.35 31.80 31.80 
2016/08/01 32.10 32.15 31.60 31.85 
2016/08/02 32.10 32.15 31.90 31.90 
2016/08/03 31.90 31.90 31.40 31.55 
2016/08/04 31.75 31.90 31.50 31.50 
2016/08/05 31.55 32.65 31.55 32.40 
2016/08/08 32.40 32.60 31.95 31.95 
2016/08/09 32.10 32.30 31.45 31.50 
2016/08/10 31.80 32.00 31.55 31.55 
2016/08/11 31.80 31.95 31.55 31.55 
2016/08/12 32.00 32.35 31.60 31.60 
2016/08/15 31.95 31.95 31.50 31.70 
2016/08/16 31.80 31.85 31.55 31.70 
2016/08/17 31.70 31.75 30.70 31.00 
2016/08/18 31.00 31.25 30.80 30.85 
2016/08/19 31.15 31.25 30.70 30.70 
2016/08/22 30.90 30.90 29.50 29.80 
2016/08/23 29.85 30.10 29.85 29.95 
2016/08/24 30.05 30.25 29.90 29.90 
2016/08/25 30.00 30.15 29.80 30.05 
2016/08/26 30.00 30.20 29.80 30.00 
2016/08/29 30.05 30.10 29.60 29.60 
2016/08/30 29.60 29.90 29.60 29.60 
2016/08/31 29.70 29.85 29.00 29.00 
2016/09/01 28.80 29.85 28.75 29.60 
2016/09/02 29.85 29.95 29.15 29.15 
2016/09/05 29.35 29.55 29.15 29.40 
2016/09/06 29.60 29.60 29.15 29.20 
2016/09/07 29.25 32.10 29.25 32.10 
2016/09/08 31.80 31.80 31.25 31.35 
2016/09/09 31.70 33.30 31.60 32.25 
2016/09/10 31.40 31.95 31.40 31.75 
2016/09/12 32.25 32.75 31.90 31.90 
2016/09/13 32.65 32.70 31.60 31.70 
2016/09/14 31.90 33.10 31.80 32.15 
2016/09/19 32.80 33.15 32.40 32.50 
2016/09/20 33.00 33.40 32.65 32.65 
2016/09/21 32.70 32.90 32.30 32.50 
2016/09/22 32.60 32.60 31.90 31.90 
2016/09/23 31.60 33.25 31.60 32.20 
2016/09/26 32.20 32.95 32.15 32.35 
2016/09/29 32.35 32.60 31.95 31.95 
2016/09/30 32.05 32.85 32.00 32.20 
2016/10/03 32.40 32.60 32.00 32.00 
2016/10/04 32.20 32.40 32.00 32.15 
2016/10/05 32.05 32.25 31.70 31.75 
2016/10/06 31.95 32.00 31.50 31.70 
2016/10/07 32.00 32.30 31.70 31.70 
2016/10/11 32.00 32.25 30.35 30.75 
2016/10/12 30.80 31.10 30.15 30.70 
2016/10/13 30.80 30.80 30.15 30.15 
2016/10/14 30.45 31.00 29.60 29.80 
2016/10/17 29.80 30.45 29.80 30.05 
2016/10/18 30.20 30.20 29.85 29.90 
2016/10/19 30.25 30.40 29.85 30.00 
2016/10/20 30.20 30.30 29.70 29.85 
2016/10/21 29.85 30.15 29.80 29.90 
2016/10/24 29.90 30.15 29.80 29.85 
2016/10/25 30.00 30.20 29.85 29.95 
2016/10/26 29.95 30.10 29.80 29.80 
2016/10/27 29.90 30.55 29.80 30.00 
2016/10/28 30.20 30.20 29.75 29.75 
2016/10/31 29.65 29.95 29.40 29.60 
2016/11/01 29.65 29.80 29.15 29.20 
2016/11/02 29.20 29.25 28.60 28.60 
2016/11/03 28.35 28.70 27.50 27.55 
2016/11/04 27.60 28.00 27.60 27.80 
2016/11/07 28.05 28.30 27.70 27.85 
2016/11/08 27.95 28.00 27.70 27.90 
2016/11/09 28.05 28.20 26.00 26.00 
2016/11/10 27.50 28.60 27.40 28.60 
2016/11/11 29.00 29.55 28.60 28.60 
2016/11/14 28.60 29.20 28.00 29.15 
2016/11/15 29.15 29.15 28.50 28.50 
2016/11/16 28.20 28.80 28.20 28.40 
2016/11/17 28.75 28.80 28.25 28.30 
2016/11/18 31.00 31.10 30.50 31.10 
2016/11/21 31.10 31.25 30.15 30.40 
2016/11/22 30.60 30.60 30.10 30.35 
2016/11/23 30.50 31.25 30.50 30.60 
2016/11/24 30.90 31.70 30.60 31.35 
2016/11/25 31.55 31.55 30.60 30.65 
2016/11/28 30.65 30.80 30.30 30.40 
2016/11/29 30.65 30.75 30.35 30.40 
2016/11/30 30.35 30.50 29.80 29.95 
2016/12/01 30.25 30.75 30.10 30.10 
2016/12/02 29.80 30.30 29.80 30.10 
2016/12/05 30.20 30.20 29.85 30.00 
2016/12/06 30.35 30.40 29.90 30.00 
2016/12/07 30.30 30.30 29.90 29.95 
2016/12/08 30.20 30.20 29.95 30.00 
2016/12/09 30.20 31.00 29.90 30.45 
2016/12/12 31.00 31.05 30.35 30.45 
2016/12/13 30.75 31.00 30.50 30.70 
2016/12/14 30.85 30.95 30.00 30.35 
2016/12/15 30.05 30.25 30.00 30.20 
2016/12/16 30.20 30.55 30.10 30.15 
2016/12/19 29.80 30.25 29.80 29.90 
2016/12/20 29.95 30.15 29.70 29.90 
2016/12/21 30.15 30.15 29.70 29.85 
2016/12/22 30.10 31.10 29.75 30.30 
2016/12/23 30.20 31.30 30.20 30.35 
2016/12/26 30.60 30.60 30.05 30.15 
2016/12/27 30.45 30.80 30.30 30.70 
2016/12/28 31.00 31.30 30.40 30.55 
2016/12/29 30.55 30.75 30.50 30.50 
2016/12/30 30.65 31.40 30.55 30.55 
2017/01/03 31.35 31.35 30.80 30.80 
2017/01/04 31.20 31.25 30.70 30.70 
2017/01/05 30.65 31.20 30.65 30.65 
2017/01/06 30.70 30.95 30.50 30.60 
2017/01/09 30.85 30.90 30.10 30.15 
2017/01/10 30.20 30.35 30.10 30.20 
2017/01/11 30.30 30.40 30.00 30.00 
2017/01/12 30.05 30.15 29.80 29.95 
2017/01/13 30.00 30.00 29.80 29.80 
2017/01/16 30.00 30.00 29.40 29.40 
2017/01/17 29.40 29.60 29.40 29.45 
2017/01/18 29.40 29.75 29.40 29.65 
2017/01/19 29.50 29.90 29.45 29.55 
2017/01/20 29.65 29.80 29.55 29.75 
2017/01/23 30.10 30.30 29.80 29.80 
2017/01/24 30.20 30.20 29.80 29.80 
2017/02/02 29.95 30.00 29.65 29.75 
2017/02/03 29.80 30.20 29.80 30.00 
2017/02/06 30.30 31.05 30.30 30.80 
2017/02/07 30.80 30.90 30.45 30.50 
2017/02/08 30.50 31.50 30.50 30.75 
