2016/07/01 22.95 23.25 22.90 22.90 
2016/07/04 22.90 22.95 22.70 22.85 
2016/07/05 22.95 25.10 22.95 24.40 
2016/07/06 24.50 24.50 23.60 23.75 
2016/07/07 23.95 24.20 23.55 23.75 
2016/07/11 23.85 24.00 23.50 23.55 
2016/07/12 23.25 23.70 23.25 23.40 
2016/07/13 23.65 23.65 23.40 23.60 
2016/07/14 23.60 23.60 23.45 23.45 
2016/07/15 23.60 23.85 23.45 23.65 
2016/07/18 23.85 24.95 23.85 24.35 
2016/07/19 24.35 24.50 24.00 24.05 
2016/07/20 24.15 24.35 24.00 24.00 
2016/07/21 24.25 24.25 23.90 23.90 
2016/07/22 24.00 24.05 23.75 23.75 
2016/07/25 23.75 23.80 23.25 23.30 
2016/07/26 23.30 23.30 23.00 23.20 
2016/07/27 23.20 23.20 22.90 22.90 
2016/07/28 22.90 23.20 22.90 22.95 
2016/07/29 23.00 23.20 23.00 23.20 
2016/08/01 23.20 23.30 22.95 23.15 
2016/08/02 23.15 23.15 22.95 23.05 
2016/08/03 22.90 23.05 22.90 22.90 
2016/08/04 22.90 23.00 22.90 23.00 
2016/08/05 23.10 23.60 23.05 23.50 
2016/08/08 23.40 23.50 23.30 23.30 
2016/08/09 23.50 23.50 22.90 23.10 
2016/08/10 23.10 23.15 22.90 22.90 
2016/08/11 22.95 22.95 22.55 22.75 
2016/08/12 22.90 22.95 22.55 22.65 
2016/08/15 22.75 23.00 22.75 23.00 
2016/08/16 23.05 23.05 22.85 22.95 
2016/08/17 22.90 23.50 22.85 23.45 
2016/08/18 23.35 23.60 23.05 23.30 
2016/08/19 23.35 23.60 23.30 23.55 
2016/08/22 23.45 23.45 23.20 23.30 
2016/08/23 22.70 23.45 22.45 23.10 
2016/08/24 23.10 23.20 22.90 22.90 
2016/08/25 22.50 23.30 22.50 23.15 
2016/08/26 22.90 23.25 22.90 23.25 
2016/08/29 23.30 23.30 22.60 23.05 
2016/08/30 23.05 23.25 22.90 22.90 
2016/08/31 23.00 23.10 22.90 23.00 
2016/09/01 23.00 23.05 23.00 23.05 
2016/09/02 23.10 23.10 22.80 22.80 
2016/09/05 22.65 23.00 22.65 22.80 
2016/09/06 22.80 22.90 22.80 22.90 
2016/09/07 22.80 23.35 22.65 23.10 
2016/09/08 23.00 23.10 22.90 23.00 
2016/09/09 23.00 23.10 23.00 23.10 
2016/09/10 22.80 23.05 22.80 22.90 
2016/09/12 23.00 23.00 22.85 22.95 
2016/09/13 22.95 22.95 22.70 22.85 
2016/09/14 23.00 23.00 22.85 23.00 
2016/09/19 23.10 23.25 23.00 23.00 
2016/09/20 23.15 23.20 23.00 23.15 
2016/09/21 22.85 23.35 22.85 23.25 
2016/09/22 23.20 23.30 23.15 23.15 
2016/09/23 23.30 23.60 23.25 23.60 
2016/09/26 23.80 23.90 23.50 23.50 
2016/09/29 23.70 23.80 23.50 23.60 
2016/09/30 23.50 23.60 23.30 23.35 
2016/10/03 23.35 23.35 23.20 23.30 
2016/10/04 23.15 23.30 23.00 23.30 
2016/10/05 23.10 23.30 23.10 23.20 
2016/10/06 23.20 23.40 23.05 23.40 
2016/10/07 23.35 23.40 23.30 23.30 
2016/10/11 23.10 23.10 22.50 22.60 
2016/10/12 22.30 22.85 22.30 22.70 
2016/10/13 22.50 22.60 22.50 22.60 
2016/10/14 22.60 22.65 22.50 22.50 
2016/10/17 22.50 22.75 22.35 22.75 
2016/10/18 22.60 22.85 22.60 22.65 
2016/10/19 22.40 22.80 22.40 22.80 
2016/10/20 22.80 22.80 22.60 22.70 
2016/10/21 22.70 23.00 22.70 22.85 
2016/10/24 22.80 22.80 22.70 22.70 
2016/10/25 22.50 22.65 22.45 22.65 
2016/10/26 22.60 22.70 22.55 22.55 
2016/10/27 22.60 22.80 22.60 22.70 
2016/10/28 22.65 22.65 22.35 22.55 
2016/10/31 22.65 22.65 22.40 22.55 
2016/11/01 22.65 22.65 22.40 22.40 
2016/11/02 22.35 22.40 22.10 22.15 
2016/11/03 22.05 22.30 21.70 22.05 
2016/11/04 22.00 22.00 21.55 21.70 
2016/11/07 21.70 21.90 21.50 21.75 
2016/11/08 21.80 21.85 21.40 21.80 
2016/11/09 22.05 22.05 21.30 21.30 
2016/11/10 22.00 22.30 21.65 21.70 
2016/11/11 21.70 21.80 21.65 21.70 
2016/11/14 21.50 21.50 20.95 21.00 
2016/11/15 21.10 21.20 20.95 20.95 
2016/11/16 21.05 21.30 20.95 21.00 
2016/11/17 21.10 21.35 21.05 21.20 
2016/11/18 21.10 21.60 21.05 21.45 
2016/11/21 21.45 21.50 21.15 21.30 
2016/11/22 21.35 21.65 21.35 21.50 
2016/11/23 21.50 21.80 21.40 21.40 
2016/11/24 21.70 21.70 21.40 21.40 
2016/11/25 21.40 21.75 21.40 21.75 
2016/11/28 22.10 22.10 21.55 21.60 
2016/11/29 21.50 21.55 21.45 21.55 
2016/11/30 21.55 21.60 21.45 21.50 
2016/12/01 21.50 21.90 21.50 21.90 
2016/12/02 21.70 21.90 21.65 21.90 
2016/12/05 22.30 22.50 22.10 22.20 
2016/12/06 22.20 22.30 22.00 22.00 
2016/12/07 22.20 22.20 22.00 22.00 
2016/12/08 22.15 22.20 21.95 22.10 
2016/12/09 22.10 22.20 21.75 21.80 
2016/12/12 21.90 21.90 21.55 21.60 
2016/12/13 21.60 21.75 21.55 21.70 
2016/12/14 21.65 21.95 21.65 21.90 
2016/12/15 21.70 21.90 21.70 21.90 
2016/12/16 21.90 21.90 21.40 21.60 
2016/12/19 21.50 21.75 21.50 21.55 
2016/12/20 21.60 21.65 21.55 21.65 
2016/12/21 21.65 21.65 21.50 21.55 
2016/12/22 21.65 22.10 21.60 21.80 
2016/12/23 22.00 22.00 21.55 21.55 
2016/12/26 21.50 21.80 21.50 21.60 
2016/12/27 21.75 21.75 21.65 21.70 
2016/12/28 21.80 22.00 21.80 21.80 
2016/12/29 21.90 21.95 21.75 21.95 
2016/12/30 21.95 22.20 21.80 22.20 
2017/01/03 22.20 22.40 22.00 22.10 
2017/01/04 22.20 22.20 22.00 22.00 
2017/01/05 21.95 22.20 21.90 22.15 
2017/01/06 22.25 22.25 22.05 22.05 
2017/01/09 22.00 22.00 21.90 21.90 
2017/01/10 21.90 22.05 21.80 22.05 
2017/01/11 22.00 22.10 22.00 22.10 
2017/01/12 21.90 21.95 21.90 21.95 
2017/01/13 21.85 21.90 21.70 21.90 
2017/01/16 21.85 21.95 21.85 21.90 
2017/01/17 22.00 22.05 21.95 22.00 
2017/01/18 22.00 22.10 22.00 22.05 
2017/01/19 22.00 22.10 21.85 22.10 
2017/01/20 22.00 22.05 21.60 21.75 
2017/01/23 21.65 21.90 21.65 21.80 
2017/01/24 21.80 21.95 21.80 21.85 
2017/02/02 22.30 22.30 21.95 22.05 
2017/02/03 22.05 22.15 22.05 22.05 
2017/02/06 22.05 22.40 22.05 22.35 
2017/02/07 22.35 22.50 22.25 22.50 
2017/02/08 22.50 22.85 22.50 22.70 
