2016/07/01 33.50 33.80 33.40 33.65 
2016/07/04 33.75 33.90 33.60 33.70 
2016/07/05 33.85 34.65 33.85 34.30 
2016/07/06 34.30 34.30 33.60 33.80 
2016/07/07 34.00 34.30 33.60 33.75 
2016/07/11 33.90 34.00 33.65 34.00 
2016/07/12 33.65 33.80 33.40 33.70 
2016/07/13 33.70 34.20 33.70 33.85 
2016/07/14 33.80 34.70 33.80 34.40 
2016/07/15 34.50 35.25 34.50 34.75 
2016/07/18 34.30 35.60 34.30 35.40 
2016/07/19 35.75 35.85 35.30 35.45 
2016/07/20 35.25 35.45 34.50 34.80 
2016/07/21 34.95 35.35 34.95 35.10 
2016/07/22 35.05 35.10 34.50 34.75 
2016/07/25 34.70 34.80 34.20 34.20 
2016/07/26 34.10 34.45 34.05 34.35 
2016/07/27 35.10 35.20 34.70 34.70 
2016/07/28 34.80 35.15 34.75 34.80 
2016/07/29 34.95 35.00 34.60 34.75 
2016/08/01 34.80 34.95 34.75 34.90 
2016/08/02 34.85 35.00 34.80 34.95 
2016/08/03 34.95 35.20 34.80 35.20 
2016/08/04 35.30 36.50 35.30 36.15 
2016/08/05 36.80 37.10 36.35 36.40 
2016/08/08 36.60 36.95 36.15 36.85 
2016/08/09 33.00 33.40 32.70 33.15 
2016/08/10 33.15 33.40 33.00 33.10 
2016/08/11 33.20 33.55 33.00 33.25 
2016/08/12 33.50 34.10 33.40 33.75 
2016/08/15 34.10 34.15 33.65 33.85 
2016/08/16 33.70 33.70 33.00 33.00 
2016/08/17 33.05 33.20 31.80 32.20 
2016/08/18 32.20 32.35 31.80 32.15 
2016/08/19 32.40 32.55 32.15 32.20 
2016/08/22 32.25 32.50 31.90 32.00 
2016/08/23 32.30 32.40 32.05 32.25 
2016/08/24 32.35 32.50 32.10 32.15 
2016/08/25 31.90 32.15 31.90 32.00 
2016/08/26 32.05 32.05 31.80 31.85 
2016/08/29 31.95 32.00 31.70 31.75 
2016/08/30 31.80 32.00 31.75 31.85 
2016/08/31 32.00 32.00 31.80 31.85 
2016/09/01 31.85 32.15 31.85 31.85 
2016/09/02 31.85 31.95 31.20 31.45 
2016/09/05 31.65 31.75 31.30 31.70 
2016/09/06 31.80 32.30 31.70 32.15 
2016/09/07 32.30 32.45 31.90 32.15 
2016/09/08 32.30 32.30 31.85 32.00 
2016/09/09 32.00 32.75 31.90 32.70 
2016/09/10 32.50 32.55 32.10 32.10 
2016/09/12 32.20 32.35 31.90 31.90 
2016/09/13 31.95 32.05 31.50 31.60 
2016/09/14 31.40 31.60 31.20 31.50 
2016/09/19 31.60 31.70 31.30 31.50 
2016/09/20 31.35 31.55 31.15 31.25 
2016/09/21 31.15 31.70 31.15 31.55 
2016/09/22 31.70 31.70 31.15 31.55 
2016/09/23 31.65 31.90 31.30 31.60 
2016/09/26 31.85 31.85 31.55 31.60 
2016/09/29 31.60 31.70 31.40 31.40 
2016/09/30 31.30 31.65 31.20 31.20 
2016/10/03 31.40 31.75 31.40 31.65 
2016/10/04 31.65 32.15 31.65 31.90 
2016/10/05 32.00 32.00 31.85 31.85 
2016/10/06 31.90 31.90 31.65 31.70 
2016/10/07 31.60 31.70 31.50 31.50 
2016/10/11 31.40 31.40 30.15 30.40 
2016/10/12 30.40 30.40 30.00 30.05 
2016/10/13 30.15 30.30 30.00 30.05 
2016/10/14 30.10 30.10 29.25 29.25 
2016/10/17 29.30 29.70 29.30 29.50 
2016/10/18 29.60 29.60 29.40 29.55 
2016/10/19 29.55 29.95 29.55 29.70 
2016/10/20 29.70 29.75 29.30 29.30 
2016/10/21 29.50 29.60 29.25 29.25 
2016/10/24 29.30 29.50 29.20 29.20 
2016/10/25 29.20 29.80 29.20 29.60 
2016/10/26 29.70 29.70 29.25 29.40 
2016/10/27 29.40 30.40 29.40 29.90 
2016/10/28 29.90 30.40 29.60 30.35 
2016/10/31 30.45 30.50 29.90 30.40 
2016/11/01 30.15 30.65 29.95 30.60 
2016/11/02 30.20 30.40 29.80 30.10 
2016/11/03 29.95 30.20 29.45 29.45 
2016/11/04 29.45 29.75 29.05 29.20 
2016/11/07 29.50 29.50 29.20 29.30 
2016/11/08 29.40 29.45 28.90 29.25 
2016/11/09 29.25 29.35 28.25 28.90 
2016/11/10 29.00 29.95 29.00 29.60 
2016/11/11 29.90 29.90 29.10 29.35 
2016/11/14 29.35 29.35 29.10 29.35 
2016/11/15 28.90 29.30 28.90 28.95 
2016/11/16 29.05 29.30 28.90 29.05 
2016/11/17 28.95 29.15 28.80 29.10 
2016/11/18 29.10 29.40 29.00 29.25 
2016/11/21 29.30 29.65 29.20 29.35 
2016/11/22 29.35 29.45 29.25 29.35 
2016/11/23 29.35 29.80 29.25 29.65 
2016/11/24 29.65 29.80 29.50 29.65 
2016/11/25 29.60 29.65 29.30 29.50 
2016/11/28 29.60 29.85 29.25 29.75 
2016/11/29 29.95 30.15 29.50 29.50 
2016/11/30 29.60 29.75 29.50 29.50 
2016/12/01 29.85 30.25 29.85 29.95 
2016/12/02 29.95 30.65 29.80 30.40 
2016/12/05 30.50 30.50 30.20 30.35 
2016/12/06 30.30 30.45 30.30 30.40 
2016/12/07 30.40 30.80 30.35 30.75 
2016/12/08 30.70 30.85 30.50 30.55 
2016/12/09 30.50 30.85 30.35 30.70 
2016/12/12 30.30 30.60 30.20 30.25 
2016/12/13 30.35 30.35 29.90 30.10 
2016/12/14 30.15 30.20 29.90 30.10 
2016/12/15 29.90 30.10 29.80 30.10 
2016/12/16 30.10 30.15 29.80 30.10 
2016/12/19 30.10 30.30 29.70 29.85 
2016/12/20 29.80 29.85 29.65 29.85 
2016/12/21 29.85 30.00 29.70 29.70 
2016/12/22 29.70 30.40 29.70 30.00 
2016/12/23 30.00 30.20 29.85 30.10 
2016/12/26 30.25 30.25 29.65 29.70 
2016/12/27 29.70 30.00 29.70 29.90 
2016/12/28 29.90 30.05 29.70 29.90 
2016/12/29 29.85 30.20 29.85 30.05 
2016/12/30 30.05 30.25 29.85 30.10 
2017/01/03 30.30 30.50 29.90 30.10 
2017/01/04 30.15 30.15 29.90 30.10 
2017/01/05 29.95 30.20 29.95 30.15 
2017/01/06 30.20 30.30 30.05 30.20 
2017/01/09 30.20 30.35 29.80 30.20 
2017/01/10 30.20 30.20 30.00 30.20 
2017/01/11 30.00 30.20 29.70 30.15 
2017/01/12 30.00 30.20 29.70 29.90 
2017/01/13 30.00 30.05 29.75 29.95 
2017/01/16 30.25 30.50 30.00 30.10 
2017/01/17 30.30 30.30 30.00 30.10 
2017/01/18 30.00 30.25 29.95 30.10 
2017/01/19 30.30 30.35 30.00 30.20 
2017/01/20 30.10 30.20 29.85 30.15 
2017/01/23 30.00 30.15 29.90 30.05 
2017/01/24 29.90 30.15 29.80 30.10 
2017/02/02 30.25 30.25 29.95 30.15 
2017/02/03 30.15 30.20 29.85 30.15 
2017/02/06 30.20 30.25 30.00 30.25 
2017/02/07 30.25 30.55 30.10 30.55 
2017/02/08 30.55 32.00 30.50 31.65 
