2016/07/01 53.80 54.00 52.90 53.10 
2016/07/04 52.30 52.50 51.60 51.60 
2016/07/05 52.00 52.60 52.00 52.20 
2016/07/06 52.40 52.40 51.00 51.00 
2016/07/07 51.50 51.50 51.00 51.00 
2016/07/11 51.20 51.20 49.00 49.40 
2016/07/12 49.40 49.90 49.40 49.65 
2016/07/13 49.70 50.50 49.70 50.40 
2016/07/14 50.50 51.30 50.30 50.60 
2016/07/15 50.70 51.40 50.60 51.20 
2016/07/18 51.60 53.60 51.60 53.60 
2016/07/19 53.90 54.30 52.70 53.00 
2016/07/20 53.00 53.00 51.30 51.40 
2016/07/21 51.60 52.20 51.60 51.90 
2016/07/22 52.40 52.40 51.20 51.20 
2016/07/25 51.40 51.40 49.40 49.85 
2016/07/26 49.80 50.80 49.80 50.20 
2016/07/27 50.50 51.00 49.80 50.20 
2016/07/28 50.30 50.90 50.20 50.90 
2016/07/29 50.50 50.60 50.00 50.10 
2016/08/01 50.00 50.30 49.40 50.00 
2016/08/02 50.00 50.10 49.50 49.60 
2016/08/03 49.20 49.60 49.00 49.50 
2016/08/04 49.50 49.70 49.05 49.50 
2016/08/05 49.20 49.80 49.20 49.35 
2016/08/08 49.35 49.80 48.50 48.70 
2016/08/09 48.10 48.30 47.35 47.35 
2016/08/10 47.35 47.50 46.65 46.75 
2016/08/11 46.70 47.65 46.70 46.75 
2016/08/12 47.00 47.45 46.85 46.85 
2016/08/15 47.00 47.00 46.00 46.30 
2016/08/16 46.40 46.60 46.40 46.50 
2016/08/17 46.50 46.50 45.80 45.80 
2016/08/18 45.80 45.80 45.30 45.35 
2016/08/19 45.20 46.30 45.20 45.40 
2016/08/22 45.40 45.40 44.00 44.45 
2016/08/23 44.80 44.95 44.55 44.90 
2016/08/24 44.70 45.20 44.50 44.95 
2016/08/25 45.00 45.00 44.50 44.90 
2016/08/26 45.00 45.40 44.80 45.20 
2016/08/29 45.20 45.20 44.70 44.70 
2016/08/30 46.30 49.15 46.00 49.15 
2016/08/31 51.90 51.90 49.50 49.70 
2016/09/01 49.20 49.50 48.15 48.20 
2016/09/02 48.30 49.60 47.15 47.15 
2016/09/05 47.15 47.15 46.65 46.70 
2016/09/06 47.30 47.45 46.40 46.55 
2016/09/07 47.35 47.35 46.50 47.10 
2016/09/08 47.00 47.00 46.55 46.60 
2016/09/09 46.70 47.10 46.60 47.00 
2016/09/10 45.80 46.30 45.60 46.00 
2016/09/12 46.20 46.40 45.60 46.40 
2016/09/13 46.95 46.95 45.70 45.80 
2016/09/14 45.80 45.80 45.25 45.25 
2016/09/19 45.30 45.70 45.25 45.60 
2016/09/20 45.60 46.20 45.20 45.40 
2016/09/21 45.50 45.70 45.15 45.70 
2016/09/22 46.70 46.70 45.70 45.85 
2016/09/23 45.90 47.80 45.85 46.80 
2016/09/26 47.40 47.45 46.60 46.60 
2016/09/29 47.00 47.00 45.90 45.95 
2016/09/30 45.95 46.10 45.90 46.00 
2016/10/03 46.30 46.55 45.80 46.55 
2016/10/04 46.00 46.00 45.50 45.90 
2016/10/05 45.60 46.00 45.10 45.50 
2016/10/06 45.25 45.75 45.25 45.50 
2016/10/07 45.50 45.60 45.15 45.15 
2016/10/11 45.20 45.60 43.65 43.65 
2016/10/12 43.15 43.85 43.15 43.75 
2016/10/13 43.85 44.40 43.55 43.55 
2016/10/14 43.50 43.50 42.50 42.50 
2016/10/17 43.75 45.80 43.70 44.30 
2016/10/18 43.55 43.80 43.25 43.50 
2016/10/19 43.80 44.00 43.50 43.55 
2016/10/20 43.30 43.50 43.25 43.45 
2016/10/21 44.00 44.50 43.60 43.80 
2016/10/24 43.80 44.00 43.60 43.75 
2016/10/25 44.00 44.50 43.80 44.00 
2016/10/26 43.70 43.85 43.45 43.50 
2016/10/27 43.50 43.90 43.40 43.45 
2016/10/28 43.30 43.30 43.10 43.10 
2016/10/31 43.10 43.10 42.30 42.30 
2016/11/01 41.70 42.30 41.70 41.70 
2016/11/02 42.80 42.80 41.05 41.05 
2016/11/03 41.20 41.20 38.90 38.95 
2016/11/04 38.95 39.65 38.60 39.00 
2016/11/07 39.90 39.95 39.20 39.50 
2016/11/08 39.50 39.90 39.15 39.55 
2016/11/09 39.60 39.70 35.60 36.50 
2016/11/10 39.70 39.90 38.50 39.25 
2016/11/11 38.80 38.80 37.50 38.00 
2016/11/14 38.10 38.60 38.00 38.30 
2016/11/15 38.30 38.60 38.30 38.30 
2016/11/16 38.40 39.05 38.40 38.40 
2016/11/17 37.50 38.10 37.35 37.90 
2016/11/18 38.20 38.60 38.10 38.50 
2016/11/21 38.90 39.00 38.80 38.80 
2016/11/22 38.80 38.90 38.30 38.80 
2016/11/23 38.00 38.80 38.00 38.60 
2016/11/24 39.95 39.95 38.70 39.05 
2016/11/25 38.80 39.05 38.80 38.90 
2016/11/28 38.90 39.00 38.30 38.70 
2016/11/29 38.60 38.80 38.40 38.80 
2016/11/30 38.65 38.80 38.60 38.60 
2016/12/01 39.00 39.20 38.60 39.20 
2016/12/02 38.65 39.20 38.40 38.40 
2016/12/05 38.25 38.60 38.20 38.60 
2016/12/06 38.30 38.60 37.90 38.05 
2016/12/07 38.10 38.50 38.00 38.30 
2016/12/08 38.40 38.80 38.40 38.55 
2016/12/09 39.00 39.00 38.30 38.50 
2016/12/12 38.55 38.85 37.80 38.50 
2016/12/13 38.20 38.80 38.00 38.10 
2016/12/14 38.10 38.10 37.60 37.75 
2016/12/15 37.70 38.00 37.20 37.50 
2016/12/16 37.50 38.00 37.50 37.75 
2016/12/19 38.65 38.65 37.20 37.75 
2016/12/20 37.75 37.75 37.00 37.00 
2016/12/21 37.20 37.40 37.00 37.20 
2016/12/22 37.65 39.30 37.65 38.15 
2016/12/23 39.10 39.15 38.30 38.50 
2016/12/26 38.10 38.45 37.50 37.55 
2016/12/27 37.55 38.25 37.40 38.00 
2016/12/28 39.00 39.00 37.50 38.10 
2016/12/29 37.55 38.05 37.55 38.05 
2016/12/30 38.30 38.30 37.80 37.95 
2017/01/03 37.95 38.20 37.65 38.10 
2017/01/04 38.50 38.50 37.90 38.00 
2017/01/05 37.60 38.35 37.60 38.05 
2017/01/06 38.00 38.95 38.00 38.50 
2017/01/09 38.85 38.90 38.05 38.05 
2017/01/10 38.05 38.20 37.90 38.20 
2017/01/11 37.90 38.00 37.70 38.00 
2017/01/12 37.95 37.95 37.60 37.95 
2017/01/13 37.55 37.85 37.55 37.85 
2017/01/16 37.85 37.90 37.50 37.90 
2017/01/17 38.00 38.00 37.50 37.50 
2017/01/18 37.50 38.00 37.50 37.60 
2017/01/19 37.85 37.85 37.30 37.40 
2017/01/20 37.80 37.80 37.50 37.55 
2017/01/23 37.70 37.70 37.40 37.50 
2017/01/24 37.50 37.90 37.50 37.80 
2017/02/02 37.80 37.80 37.45 37.45 
2017/02/03 37.40 37.40 37.25 37.35 
2017/02/06 37.35 37.65 37.25 37.65 
2017/02/07 37.20 37.50 37.20 37.40 
2017/02/08 37.25 38.60 37.25 38.40 
