2016/07/01 97.90 98.10 95.60 95.70 
2016/07/04 96.00 97.80 95.90 97.20 
2016/07/05 97.20 101.00 96.80 98.30 
2016/07/06 98.70 98.80 97.10 97.40 
2016/07/07 98.00 99.40 97.70 98.50 
2016/07/11 97.00 97.60 95.10 95.70 
2016/07/12 96.90 97.00 95.50 95.50 
2016/07/13 96.80 99.50 95.90 98.80 
2016/07/14 99.20 101.00 97.10 97.10 
2016/07/15 96.80 98.10 95.30 96.70 
2016/07/18 97.30 98.40 96.20 96.30 
2016/07/19 96.30 96.90 93.50 93.80 
2016/07/20 94.00 94.50 91.80 92.70 
2016/07/21 93.60 94.70 93.60 94.40 
2016/07/22 94.40 94.40 91.00 91.70 
2016/07/25 91.30 92.40 89.80 90.10 
2016/07/26 90.10 90.80 89.60 90.10 
2016/07/27 90.50 92.00 89.80 90.00 
2016/07/28 90.20 91.30 89.70 90.20 
2016/07/29 87.00 87.30 86.40 86.40 
2016/08/01 86.50 86.90 85.60 86.90 
2016/08/02 87.20 87.90 87.00 87.40 
2016/08/03 87.00 87.30 86.40 86.50 
2016/08/04 86.90 86.90 85.60 86.20 
2016/08/05 86.30 86.70 86.00 86.10 
2016/08/08 87.00 87.70 86.20 87.30 
2016/08/09 87.20 87.30 82.60 83.20 
2016/08/10 84.20 84.30 82.70 82.90 
2016/08/11 82.90 85.60 82.60 85.40 
2016/08/12 85.70 86.00 84.30 85.20 
2016/08/15 86.10 86.90 85.80 86.60 
2016/08/16 86.70 87.20 85.80 86.00 
2016/08/17 85.90 86.40 84.60 84.80 
2016/08/18 84.80 85.60 84.80 84.80 
2016/08/19 85.00 86.20 85.00 85.20 
2016/08/22 85.20 85.20 84.20 84.30 
2016/08/23 84.50 85.10 84.00 84.80 
2016/08/24 84.90 85.30 84.00 84.00 
2016/08/25 84.10 84.80 83.30 84.70 
2016/08/26 85.10 86.40 84.80 86.00 
2016/08/29 86.30 86.40 85.30 85.30 
2016/08/30 85.50 86.00 84.90 85.00 
2016/08/31 85.10 85.70 84.80 85.70 
2016/09/01 85.90 86.60 85.50 86.10 
2016/09/02 86.50 86.50 85.40 85.50 
2016/09/05 86.30 86.60 85.30 86.30 
2016/09/06 86.30 86.30 84.10 84.60 
2016/09/07 85.10 85.50 84.80 85.30 
2016/09/08 85.30 85.80 85.00 85.60 
2016/09/09 85.60 86.10 85.40 86.10 
2016/09/10 85.50 87.60 85.40 86.50 
2016/09/12 87.00 88.00 86.70 87.30 
2016/09/13 88.00 88.50 85.60 85.60 
2016/09/14 85.50 86.10 84.60 85.30 
2016/09/19 86.30 87.20 85.70 86.60 
2016/09/20 86.80 87.50 86.50 87.40 
2016/09/21 88.00 88.90 87.80 88.10 
2016/09/22 88.80 88.80 87.50 87.70 
2016/09/23 88.10 88.60 88.10 88.40 
2016/09/26 88.60 90.10 88.10 90.00 
2016/09/29 90.60 91.40 89.30 89.30 
2016/09/30 89.00 89.50 88.20 88.20 
2016/10/03 88.60 89.70 88.50 88.50 
2016/10/04 89.20 89.20 88.60 88.80 
2016/10/05 89.10 89.10 88.00 88.10 
2016/10/06 88.60 88.60 87.60 87.90 
2016/10/07 88.30 88.50 87.70 87.80 
2016/10/11 87.90 87.90 84.20 84.80 
2016/10/12 85.10 85.40 84.40 85.00 
2016/10/13 85.20 85.80 84.10 84.10 
2016/10/14 84.20 84.30 81.30 81.50 
2016/10/17 81.50 82.60 81.10 82.50 
2016/10/18 82.70 82.70 81.50 82.00 
2016/10/19 82.60 82.70 82.00 82.10 
2016/10/20 82.10 82.40 81.00 81.20 
2016/10/21 81.30 82.50 81.20 82.50 
2016/10/24 82.70 82.70 81.80 82.20 
2016/10/25 82.40 82.60 81.70 82.00 
2016/10/26 82.40 82.50 82.00 82.00 
2016/10/27 82.50 82.50 81.60 81.60 
2016/10/28 82.00 82.00 81.40 81.40 
2016/10/31 81.60 81.90 81.20 81.30 
2016/11/01 81.30 81.30 80.10 80.20 
2016/11/02 80.00 80.10 78.70 78.70 
2016/11/03 78.70 79.70 78.70 79.00 
2016/11/04 79.00 79.70 78.70 79.10 
2016/11/07 79.20 79.80 78.20 78.40 
2016/11/08 79.10 79.10 77.80 78.90 
2016/11/09 76.30 76.30 71.50 72.10 
2016/11/10 73.90 74.50 73.00 74.00 
2016/11/11 74.00 74.10 72.00 72.10 
2016/11/14 72.50 73.90 71.60 72.80 
2016/11/15 72.70 73.50 72.70 72.80 
2016/11/16 72.70 73.70 72.60 73.10 
2016/11/17 73.10 73.10 72.20 72.40 
2016/11/18 72.50 74.00 72.50 73.30 
2016/11/21 73.60 74.40 73.20 74.10 
2016/11/22 74.50 74.60 71.80 72.00 
2016/11/23 71.80 71.80 70.20 71.30 
2016/11/24 71.30 71.70 70.70 71.50 
2016/11/25 71.70 72.30 71.40 71.60 
2016/11/28 71.70 72.00 71.40 71.50 
2016/11/29 71.50 72.50 71.50 72.10 
2016/11/30 72.40 73.00 72.10 72.30 
2016/12/01 72.40 74.10 72.30 73.30 
2016/12/02 73.80 73.80 72.50 72.70 
2016/12/05 72.80 72.90 72.10 72.10 
2016/12/06 72.60 72.70 71.70 72.30 
2016/12/07 72.20 72.20 71.80 71.90 
2016/12/08 72.40 72.90 72.10 72.10 
2016/12/09 72.20 73.70 72.20 73.30 
2016/12/12 75.10 75.40 74.10 74.50 
2016/12/13 75.50 75.70 74.70 74.80 
2016/12/14 75.20 75.20 73.70 74.30 
2016/12/15 74.20 74.70 73.80 74.30 
2016/12/16 74.50 75.00 74.30 74.60 
2016/12/19 75.10 75.50 74.60 74.80 
2016/12/20 74.80 75.10 74.20 74.20 
2016/12/21 74.60 74.70 74.10 74.10 
2016/12/22 74.40 75.90 74.40 74.70 
2016/12/23 75.00 75.70 74.50 74.60 
2016/12/26 74.70 75.10 74.30 74.50 
2016/12/27 74.70 75.20 74.60 75.10 
2016/12/28 75.10 76.00 75.10 75.40 
2016/12/29 75.90 75.90 75.30 75.60 
2016/12/30 75.80 76.70 75.70 76.40 
2017/01/03 76.80 77.10 75.50 75.80 
2017/01/04 76.10 76.20 75.60 75.70 
2017/01/05 75.70 76.30 75.50 75.80 
2017/01/06 76.20 76.70 76.10 76.20 
2017/01/09 76.30 76.70 74.60 74.80 
2017/01/10 74.00 74.00 73.00 73.40 
2017/01/11 73.60 73.70 73.30 73.30 
2017/01/12 73.20 73.50 72.60 72.90 
2017/01/13 73.00 73.20 72.70 72.90 
2017/01/16 73.00 73.10 72.20 72.50 
2017/01/17 72.60 73.10 72.50 72.50 
2017/01/18 72.90 73.10 72.60 72.90 
2017/01/19 73.20 73.20 72.60 72.80 
2017/01/20 72.80 73.00 72.40 72.40 
2017/01/23 72.40 72.90 72.40 72.40 
2017/01/24 72.80 73.50 72.70 72.90 
2017/02/02 73.10 73.40 72.50 72.60 
2017/02/03 72.90 73.20 72.60 73.00 
2017/02/06 73.10 74.70 73.00 74.00 
2017/02/07 74.40 74.40 73.80 74.10 
2017/02/08 74.30 75.00 74.10 74.90 
