2016/07/01 67.10 67.20 66.60 67.00 
2016/07/04 67.00 67.40 66.80 67.00 
2016/07/05 67.10 68.80 66.80 67.80 
2016/07/06 68.00 68.00 66.10 66.70 
2016/07/07 67.20 67.20 66.40 66.50 
2016/07/11 66.70 67.00 66.30 66.50 
2016/07/12 67.50 67.70 67.10 67.40 
2016/07/13 67.60 68.00 67.20 67.50 
2016/07/14 68.10 68.10 67.30 68.00 
2016/07/15 68.60 70.80 68.40 70.00 
2016/07/18 70.60 71.20 70.40 71.00 
2016/07/19 71.30 71.50 70.20 70.40 
2016/07/20 70.80 70.80 69.00 69.40 
2016/07/21 70.00 70.20 69.40 69.40 
2016/07/22 69.50 69.70 68.80 69.30 
2016/07/25 69.70 69.80 68.10 68.40 
2016/07/26 68.60 69.20 68.50 69.00 
2016/07/27 69.30 69.30 68.10 68.60 
2016/07/28 68.90 71.20 68.70 69.80 
2016/07/29 70.40 70.40 68.90 69.20 
2016/08/01 69.80 69.90 69.30 69.60 
2016/08/02 69.60 70.00 69.10 69.10 
2016/08/03 69.00 70.00 68.00 68.30 
2016/08/04 68.50 68.90 68.00 68.30 
2016/08/05 68.80 68.80 68.30 68.30 
2016/08/08 68.30 69.60 68.30 69.10 
2016/08/09 69.10 69.10 67.60 68.00 
2016/08/10 68.70 68.70 67.60 67.70 
2016/08/11 68.30 68.30 66.50 67.40 
2016/08/12 67.50 68.20 67.40 68.00 
2016/08/15 68.20 68.20 67.60 68.10 
2016/08/16 67.60 67.60 67.00 67.60 
2016/08/17 67.10 67.70 66.40 66.70 
2016/08/18 66.70 67.20 66.70 67.20 
2016/08/19 67.20 67.90 67.00 67.20 
2016/08/22 66.60 67.00 66.50 66.70 
2016/08/23 67.10 67.70 66.70 67.70 
2016/08/24 68.60 68.60 67.40 67.80 
2016/08/25 68.30 68.80 68.00 68.50 
2016/08/26 68.80 68.80 68.20 68.30 
2016/08/29 68.30 68.80 68.00 68.80 
2016/08/30 68.80 69.70 68.80 69.40 
2016/08/31 69.80 69.90 69.10 69.50 
2016/09/01 69.60 70.30 69.10 69.50 
2016/09/02 70.00 70.00 68.50 68.90 
2016/09/05 69.40 70.30 69.40 70.10 
2016/09/06 70.10 71.60 70.10 71.60 
2016/09/07 65.40 66.70 65.40 66.30 
2016/09/08 66.10 67.90 66.00 67.20 
2016/09/09 67.20 68.00 67.00 67.10 
2016/09/10 66.80 67.60 66.60 67.50 
2016/09/12 68.00 68.40 67.60 67.80 
2016/09/13 68.40 68.40 67.10 67.50 
2016/09/14 67.40 67.80 66.90 67.70 
2016/09/19 68.00 68.30 67.50 67.70 
2016/09/20 67.50 68.00 67.30 67.50 
2016/09/21 67.70 68.10 66.90 67.60 
2016/09/22 67.90 68.10 67.20 67.60 
2016/09/23 67.80 69.00 67.70 68.80 
2016/09/26 69.00 69.20 67.80 67.90 
2016/09/29 68.50 68.50 67.60 67.90 
2016/09/30 68.20 68.30 67.40 68.30 
2016/10/03 68.70 70.40 68.60 69.80 
2016/10/04 69.50 69.50 68.50 69.00 
2016/10/05 68.60 70.00 68.50 68.80 
2016/10/06 69.10 69.10 68.40 69.00 
2016/10/07 69.20 69.20 67.60 68.20 
2016/10/11 68.20 68.20 66.60 67.00 
2016/10/12 67.80 67.90 66.80 67.00 
2016/10/13 67.10 67.20 66.30 66.70 
2016/10/14 66.70 66.70 65.70 65.90 
2016/10/17 65.40 66.50 65.40 66.00 
2016/10/18 66.00 66.60 65.90 66.50 
2016/10/19 66.90 67.00 66.40 66.50 
2016/10/20 66.50 66.60 66.30 66.30 
2016/10/21 66.30 66.50 66.10 66.30 
2016/10/24 66.30 66.60 66.00 66.20 
2016/10/25 66.00 66.50 65.90 66.20 
2016/10/26 66.20 66.30 65.90 66.20 
2016/10/27 66.00 66.60 65.80 66.20 
2016/10/28 66.00 66.00 65.50 65.80 
2016/10/31 65.10 65.80 64.30 64.90 
2016/11/01 64.90 64.90 63.60 63.80 
2016/11/02 63.60 63.60 62.20 62.30 
2016/11/03 62.10 63.20 62.10 62.60 
2016/11/04 62.60 62.90 62.20 62.70 
2016/11/07 63.30 63.30 62.40 63.00 
2016/11/08 63.00 63.30 62.70 62.90 
2016/11/09 62.90 63.00 59.80 59.90 
2016/11/10 62.20 63.60 62.20 63.10 
2016/11/11 63.50 63.50 62.40 62.40 
2016/11/14 62.10 62.40 60.20 61.10 
2016/11/15 61.10 61.70 60.60 61.20 
2016/11/16 61.20 61.70 61.00 61.20 
2016/11/17 61.00 61.10 60.10 60.40 
2016/11/18 60.40 61.50 60.40 61.00 
2016/11/21 61.00 61.30 60.60 60.70 
2016/11/22 61.10 61.30 60.70 60.90 
2016/11/23 61.60 61.70 61.00 61.10 
2016/11/24 61.30 61.60 60.90 60.90 
2016/11/25 60.80 61.10 60.80 60.90 
2016/11/28 60.90 61.30 60.50 60.70 
2016/11/29 61.00 61.20 60.50 60.70 
2016/11/30 61.20 61.20 60.50 60.50 
2016/12/01 61.00 61.30 60.60 61.00 
2016/12/02 60.40 61.00 60.40 60.70 
2016/12/05 60.70 60.80 60.20 60.30 
2016/12/06 60.90 60.90 60.20 60.20 
2016/12/07 60.40 60.80 60.20 60.30 
2016/12/08 60.60 60.80 60.10 60.20 
2016/12/09 60.30 62.00 60.30 61.70 
2016/12/12 62.20 62.30 61.00 61.40 
2016/12/13 61.80 61.80 61.10 61.20 
2016/12/14 61.70 61.70 61.10 61.10 
2016/12/15 61.00 61.50 61.00 61.00 
2016/12/16 61.40 61.40 60.50 60.50 
2016/12/19 60.50 61.30 60.20 60.40 
2016/12/20 60.90 61.00 60.40 60.40 
2016/12/21 60.40 60.90 60.20 60.30 
2016/12/22 60.30 61.50 60.20 60.40 
2016/12/23 61.20 61.50 60.40 60.50 
2016/12/26 61.00 61.00 60.50 60.60 
2016/12/27 60.60 61.00 60.50 60.70 
2016/12/28 61.00 61.00 60.70 60.70 
2016/12/29 60.70 61.70 60.40 61.20 
2016/12/30 61.50 61.80 61.20 61.60 
2017/01/03 61.90 62.00 61.10 61.20 
2017/01/04 61.60 61.80 61.30 61.30 
2017/01/05 61.70 62.40 61.40 62.00 
2017/01/06 65.00 65.20 63.30 63.70 
2017/01/09 64.10 64.20 62.50 62.50 
2017/01/10 62.20 63.00 61.80 62.00 
2017/01/11 63.00 63.00 60.40 61.00 
2017/01/12 61.00 61.40 60.80 61.20 
2017/01/13 61.00 61.10 60.30 60.50 
2017/01/16 60.50 60.70 60.00 60.20 
2017/01/17 60.60 60.60 60.20 60.50 
2017/01/18 60.50 61.00 60.10 60.20 
2017/01/19 60.50 60.50 60.00 60.20 
2017/01/20 60.20 61.10 60.10 60.10 
2017/01/23 60.40 60.50 60.10 60.10 
2017/01/24 60.50 60.60 60.10 60.20 
2017/02/02 60.80 60.80 60.20 60.30 
2017/02/03 60.30 61.20 60.30 61.10 
2017/02/06 61.10 61.40 60.60 61.00 
2017/02/07 60.90 61.30 60.70 61.20 
2017/02/08 61.40 62.00 61.00 61.70 
