2016/07/01 115.50 116.50 114.50 114.50 
2016/07/04 114.50 115.00 112.00 114.50 
2016/07/05 113.00 117.50 112.50 116.50 
2016/07/06 115.00 115.50 110.50 111.00 
2016/07/07 109.50 112.00 107.50 108.50 
2016/07/11 110.00 110.00 107.00 108.00 
2016/07/12 109.00 109.00 104.00 104.50 
2016/07/13 104.50 108.00 103.50 104.50 
2016/07/14 105.00 106.00 102.00 102.00 
2016/07/15 102.50 104.50 102.00 104.50 
2016/07/18 106.00 109.00 105.50 107.50 
2016/07/19 107.50 109.00 104.00 105.00 
2016/07/20 105.00 106.00 103.50 104.00 
2016/07/21 104.00 105.50 104.00 104.50 
2016/07/22 103.50 104.00 102.00 102.00 
2016/07/25 102.50 105.00 101.00 104.00 
2016/07/26 106.50 107.00 105.00 105.00 
2016/07/27 106.00 106.50 103.00 103.50 
2016/07/28 103.00 103.50 101.00 101.50 
2016/07/29 101.50 103.50 101.00 102.00 
2016/08/01 102.00 103.00 101.50 102.50 
2016/08/02 102.50 103.00 101.50 102.50 
2016/08/03 101.50 106.00 101.50 103.50 
2016/08/04 104.50 104.50 101.50 102.00 
2016/08/05 102.00 103.00 100.00 100.50 
2016/08/08 101.00 101.00 99.10 99.30 
2016/08/09 99.00 99.00 94.90 95.10 
2016/08/10 95.20 97.50 95.20 97.50 
2016/08/11 97.50 97.50 94.30 95.50 
2016/08/12 96.80 97.20 95.10 95.70 
2016/08/15 95.00 96.00 93.90 95.00 
2016/08/16 94.60 95.40 93.30 93.50 
2016/08/17 93.80 94.90 92.30 93.10 
2016/08/18 93.10 94.80 93.10 94.80 
2016/08/19 95.00 95.60 94.20 94.80 
2016/08/22 94.80 94.80 93.10 94.50 
2016/08/23 94.50 98.50 94.30 97.30 
2016/08/24 98.30 98.40 97.30 97.30 
2016/08/25 97.50 97.90 96.80 97.10 
2016/08/26 97.40 101.50 97.20 100.00 
2016/08/29 100.50 100.50 99.00 99.80 
2016/08/30 100.00 102.50 100.00 101.50 
2016/08/31 100.50 100.50 98.20 98.50 
2016/09/01 97.50 98.80 97.50 98.00 
2016/09/02 98.10 100.00 97.30 97.40 
2016/09/05 98.00 98.00 96.70 97.00 
2016/09/06 97.10 97.10 95.10 95.70 
2016/09/07 95.60 97.50 95.60 96.50 
2016/09/08 96.10 97.10 95.70 95.70 
2016/09/09 96.40 97.80 96.00 97.80 
2016/09/10 96.30 97.00 95.50 95.50 
2016/09/12 95.60 97.00 94.10 94.20 
2016/09/13 95.00 95.00 92.50 92.60 
2016/09/14 93.00 93.50 92.60 93.50 
2016/09/19 93.90 94.50 93.50 94.10 
2016/09/20 94.10 94.40 93.00 93.90 
2016/09/21 93.70 97.80 93.70 97.30 
2016/09/22 97.60 98.00 96.70 97.10 
2016/09/23 97.50 99.20 96.80 99.20 
2016/09/26 99.20 99.40 98.10 98.80 
2016/09/29 99.00 101.00 98.80 99.60 
2016/09/30 99.60 99.90 98.60 99.90 
2016/10/03 100.00 100.50 98.90 99.10 
2016/10/04 99.50 99.90 98.10 98.70 
2016/10/05 99.10 99.10 97.50 98.20 
2016/10/06 98.30 98.60 97.00 97.60 
2016/10/07 97.10 97.90 97.10 97.60 
2016/10/11 97.20 97.20 94.20 94.80 
2016/10/12 94.30 95.70 94.30 95.20 
2016/10/13 95.20 95.20 94.20 94.30 
2016/10/14 94.30 94.30 92.20 92.70 
2016/10/17 94.00 94.50 92.70 94.00 
2016/10/18 93.50 93.80 92.80 93.00 
2016/10/19 93.90 94.00 93.10 93.30 
2016/10/20 93.00 93.70 92.70 93.00 
2016/10/21 92.80 93.60 92.80 93.00 
2016/10/24 93.40 96.00 93.40 94.50 
2016/10/25 94.50 94.90 94.30 94.40 
2016/10/26 94.10 95.00 94.10 94.30 
2016/10/27 94.60 94.60 92.70 92.80 
2016/10/28 92.80 92.80 92.00 92.00 
2016/10/31 91.00 91.40 88.20 89.30 
2016/11/01 89.10 89.30 87.20 87.40 
2016/11/02 86.10 87.50 83.20 83.50 
2016/11/03 84.00 84.40 83.00 83.00 
2016/11/04 82.60 84.60 82.60 84.50 
2016/11/07 83.80 84.50 83.30 83.30 
2016/11/08 84.50 84.60 83.10 84.00 
2016/11/09 84.00 84.30 77.50 77.60 
2016/11/10 79.90 82.20 78.00 81.30 
2016/11/11 82.00 82.00 80.10 80.60 
2016/11/14 80.60 80.60 77.50 78.10 
2016/11/15 78.10 79.00 77.90 79.00 
2016/11/16 79.20 81.90 79.10 81.60 
2016/11/17 82.20 82.20 79.80 80.80 
2016/11/18 80.80 81.50 80.40 80.40 
2016/11/21 79.50 81.10 79.30 80.60 
2016/11/22 79.90 81.80 79.90 81.50 
2016/11/23 82.00 83.00 81.80 81.80 
2016/11/24 81.60 82.40 81.30 81.30 
2016/11/25 81.70 82.70 81.50 81.60 
2016/11/28 81.90 82.50 81.90 81.90 
2016/11/29 82.10 83.00 82.00 82.50 
2016/11/30 82.80 84.70 82.80 84.60 
2016/12/01 86.00 86.00 84.40 85.00 
2016/12/02 85.00 85.00 83.80 83.90 
2016/12/05 83.90 83.90 82.50 82.50 
2016/12/06 82.30 83.10 81.90 82.10 
2016/12/07 81.60 82.90 80.10 82.10 
2016/12/08 82.70 84.50 81.70 81.70 
2016/12/09 82.30 83.50 82.10 82.70 
2016/12/12 83.20 83.40 81.80 82.50 
2016/12/13 82.10 82.60 81.80 82.30 
2016/12/14 82.30 82.50 81.60 81.90 
2016/12/15 81.50 82.80 81.50 82.20 
2016/12/16 83.00 83.00 82.00 82.40 
2016/12/19 82.60 84.00 82.60 83.30 
2016/12/20 83.30 84.20 82.50 82.90 
2016/12/21 83.50 83.90 83.10 83.50 
2016/12/22 83.60 84.40 82.70 83.00 
2016/12/23 82.90 84.20 82.80 83.80 
2016/12/26 83.80 83.80 83.00 83.20 
2016/12/27 83.50 83.50 82.00 82.60 
2016/12/28 82.50 83.10 82.00 82.50 
2016/12/29 82.30 82.90 82.10 82.70 
2016/12/30 83.50 84.20 82.90 84.20 
2017/01/03 84.50 84.50 83.60 83.80 
2017/01/04 84.50 84.70 83.40 83.60 
2017/01/05 83.50 83.90 83.20 83.60 
2017/01/06 84.10 84.30 83.30 84.30 
2017/01/09 84.80 85.10 83.10 83.20 
2017/01/10 83.40 83.40 81.80 82.00 
2017/01/11 82.00 82.30 80.90 80.90 
2017/01/12 81.30 81.30 80.40 80.50 
2017/01/13 80.30 80.40 79.00 79.40 
2017/01/16 79.50 80.20 79.40 79.60 
2017/01/17 79.40 79.50 79.10 79.30 
2017/01/18 79.20 80.50 79.20 80.00 
2017/01/19 80.00 80.20 79.40 79.90 
2017/01/20 79.80 80.40 79.70 79.90 
2017/01/23 80.00 80.20 79.50 79.90 
2017/01/24 79.90 80.20 79.60 80.00 
2017/02/02 79.60 79.70 78.70 78.80 
2017/02/03 78.60 80.20 78.60 79.60 
2017/02/06 80.00 80.40 79.80 80.20 
2017/02/07 80.20 80.50 80.10 80.40 
2017/02/08 80.40 82.50 80.40 81.60 
