2016/07/01 19.10 19.10 18.85 18.90 
2016/07/04 18.65 18.85 18.65 18.75 
2016/07/05 19.00 19.15 18.95 19.10 
2016/07/06 18.90 18.95 18.80 18.85 
2016/07/07 18.90 18.90 18.75 18.85 
2016/07/11 19.00 19.10 18.90 18.95 
2016/07/12 19.00 19.05 18.95 19.00 
2016/07/13 19.10 19.20 19.00 19.15 
2016/07/14 18.90 18.95 18.80 18.85 
2016/07/15 18.90 19.15 18.85 19.05 
2016/07/18 19.30 19.65 19.20 19.65 
2016/07/19 19.95 19.95 19.30 19.40 
2016/07/20 19.45 19.45 19.15 19.30 
2016/07/21 19.30 19.45 19.10 19.20 
2016/07/22 19.45 19.45 19.30 19.35 
2016/07/25 19.40 19.40 19.10 19.10 
2016/07/26 19.10 19.30 19.00 19.05 
2016/07/27 19.05 19.10 18.80 19.10 
2016/07/28 19.00 19.05 18.85 19.00 
2016/07/29 18.90 19.10 18.80 18.85 
2016/08/01 18.85 18.85 18.60 18.70 
2016/08/02 18.80 18.85 18.55 18.80 
2016/08/03 18.80 18.80 18.60 18.80 
2016/08/04 18.75 18.90 18.55 18.60 
2016/08/05 18.65 18.80 18.65 18.65 
2016/08/08 19.10 19.10 18.70 18.85 
2016/08/09 18.85 18.90 18.40 18.55 
2016/08/10 18.70 18.70 18.40 18.55 
2016/08/11 18.55 18.75 18.40 18.40 
2016/08/12 18.40 18.60 18.40 18.45 
2016/08/15 18.40 18.45 17.70 17.80 
2016/08/16 18.00 18.00 17.40 17.45 
2016/08/17 17.45 17.45 16.80 16.95 
2016/08/18 16.95 17.15 16.85 16.90 
2016/08/19 17.00 17.40 17.00 17.05 
2016/08/22 17.35 17.35 16.90 17.00 
2016/08/23 17.05 17.30 17.00 17.10 
2016/08/24 17.05 17.20 17.05 17.05 
2016/08/25 17.00 17.15 16.80 17.10 
2016/08/26 17.05 17.20 16.95 17.00 
2016/08/29 17.20 17.20 16.95 17.05 
2016/08/30 17.05 17.20 17.00 17.10 
2016/08/31 17.10 17.55 17.00 17.05 
2016/09/01 17.20 17.20 16.90 16.95 
2016/09/02 17.20 17.20 17.00 17.00 
2016/09/05 17.05 17.15 16.95 17.15 
2016/09/06 17.15 17.30 17.10 17.20 
2016/09/07 17.20 17.30 17.10 17.30 
2016/09/08 17.25 17.30 17.10 17.25 
2016/09/09 17.25 17.25 17.15 17.25 
2016/09/10 17.10 17.30 17.00 17.15 
2016/09/12 17.05 17.15 17.00 17.00 
2016/09/13 17.05 17.05 16.90 16.90 
2016/09/14 16.85 17.05 16.85 17.00 
2016/09/19 17.10 17.20 17.05 17.20 
2016/09/20 17.20 17.20 17.00 17.00 
2016/09/21 17.05 17.10 16.95 17.05 
2016/09/22 17.15 17.40 17.15 17.35 
2016/09/23 17.50 17.90 17.45 17.90 
2016/09/26 18.00 18.85 18.00 18.50 
2016/09/29 18.40 19.20 18.30 18.95 
2016/09/30 18.65 18.90 18.40 18.45 
2016/10/03 18.50 18.70 18.35 18.45 
2016/10/04 18.60 18.60 18.20 18.20 
2016/10/05 18.10 18.20 17.80 18.10 
2016/10/06 18.20 18.30 17.90 18.05 
2016/10/07 18.00 18.05 17.80 17.85 
2016/10/11 17.90 17.90 17.20 17.50 
2016/10/12 17.50 18.20 17.30 17.85 
2016/10/13 17.60 17.75 17.50 17.50 
2016/10/14 17.60 17.80 17.40 17.40 
2016/10/17 17.40 17.60 17.20 17.20 
2016/10/18 17.20 17.25 17.00 17.25 
2016/10/19 17.40 17.40 17.25 17.25 
2016/10/20 17.45 17.45 17.20 17.45 
2016/10/21 17.45 17.70 17.30 17.50 
2016/10/24 17.30 17.65 17.30 17.50 
2016/10/25 17.40 17.55 17.35 17.55 
2016/10/26 17.50 17.50 17.25 17.25 
2016/10/27 17.15 17.80 17.15 17.35 
2016/10/28 17.30 17.30 17.20 17.20 
2016/10/31 17.20 17.20 17.05 17.10 
2016/11/01 17.20 17.20 17.05 17.05 
2016/11/02 17.05 17.05 16.80 16.95 
2016/11/03 16.95 17.00 16.60 16.70 
2016/11/04 16.60 16.85 16.45 16.55 
2016/11/07 16.60 16.75 16.50 16.75 
2016/11/08 16.95 16.95 16.55 16.65 
2016/11/09 16.70 16.80 16.00 16.00 
2016/11/10 16.30 16.75 16.30 16.70 
2016/11/11 16.70 16.70 16.30 16.55 
2016/11/14 16.30 16.50 16.30 16.30 
2016/11/15 16.30 16.35 16.25 16.25 
2016/11/16 16.35 16.35 16.15 16.20 
2016/11/17 16.10 16.10 16.00 16.00 
2016/11/18 16.15 17.20 16.15 17.00 
2016/11/21 17.00 17.75 16.80 17.75 
2016/11/22 17.40 17.75 17.30 17.75 
2016/11/23 17.40 17.65 17.40 17.45 
2016/11/24 17.45 17.45 17.00 17.40 
2016/11/25 17.20 17.60 17.10 17.60 
2016/11/28 17.40 17.55 17.30 17.55 
2016/11/29 17.45 17.50 17.35 17.50 
2016/11/30 17.55 17.60 17.25 17.45 
2016/12/01 17.55 17.60 17.30 17.60 
2016/12/02 17.60 17.60 17.35 17.55 
2016/12/05 17.55 17.75 17.25 17.75 
2016/12/06 17.75 17.80 17.40 17.70 
2016/12/07 17.50 17.60 17.45 17.60 
2016/12/08 17.45 17.60 17.35 17.60 
2016/12/09 17.60 17.60 17.40 17.60 
2016/12/12 17.55 17.55 17.15 17.45 
2016/12/13 17.30 17.90 17.25 17.90 
2016/12/14 18.00 18.00 17.55 17.55 
2016/12/15 17.70 17.80 17.30 17.55 
2016/12/16 17.65 17.65 17.00 17.20 
2016/12/19 17.20 17.25 16.80 16.90 
2016/12/20 16.90 16.90 16.80 16.85 
2016/12/21 16.90 16.95 16.80 16.95 
2016/12/22 16.90 17.15 16.85 17.05 
2016/12/23 17.05 17.10 17.00 17.10 
2016/12/26 17.05 17.15 16.95 17.10 
2016/12/27 17.10 17.10 16.95 17.10 
2016/12/28 17.10 17.15 17.00 17.10 
2016/12/29 17.10 17.80 17.05 17.80 
2016/12/30 17.80 17.90 17.30 17.75 
2017/01/03 17.70 17.85 17.50 17.85 
2017/01/04 17.85 17.85 17.65 17.75 
2017/01/05 17.75 17.75 17.60 17.75 
2017/01/06 17.75 18.75 17.70 18.50 
2017/01/09 18.50 18.50 18.05 18.40 
2017/01/10 18.40 18.50 18.10 18.35 
2017/01/11 18.20 18.45 18.05 18.45 
2017/01/12 18.40 18.40 17.30 17.40 
2017/01/13 17.40 17.40 17.20 17.35 
2017/01/16 17.35 17.35 17.15 17.20 
2017/01/17 17.35 17.35 17.10 17.15 
2017/01/18 17.20 17.45 17.20 17.30 
2017/01/19 17.35 17.35 17.20 17.25 
2017/01/20 17.25 17.25 17.05 17.05 
2017/01/23 17.10 17.15 17.05 17.10 
2017/01/24 17.10 17.15 17.00 17.05 
2017/02/02 17.25 17.25 17.05 17.05 
2017/02/03 17.20 17.25 17.05 17.25 
2017/02/06 17.30 17.35 17.20 17.25 
2017/02/07 17.25 17.35 17.20 17.25 
2017/02/08 17.25 17.75 17.20 17.65 
