2016/07/01 90.70 92.50 90.10 90.50 
2016/07/04 90.30 90.80 89.40 90.00 
2016/07/05 90.40 91.70 89.30 89.40 
2016/07/06 89.30 90.90 88.50 90.20 
2016/07/07 91.30 91.30 89.80 90.30 
2016/07/11 88.40 89.00 87.80 88.30 
2016/07/12 88.50 88.90 86.40 86.60 
2016/07/13 86.50 88.60 85.70 88.00 
2016/07/14 88.90 88.90 87.50 87.50 
2016/07/15 87.50 88.50 87.20 88.20 
2016/07/18 88.80 90.50 88.20 88.50 
2016/07/19 88.60 89.30 87.70 87.80 
2016/07/20 87.50 87.60 84.90 85.10 
2016/07/21 84.80 85.10 83.20 83.50 
2016/07/22 83.00 84.30 81.80 81.80 
2016/07/25 81.90 83.80 79.70 81.00 
2016/07/26 81.20 82.20 80.50 81.10 
2016/07/27 81.20 81.60 78.50 78.90 
2016/07/28 79.00 81.40 79.00 81.40 
2016/07/29 82.10 82.30 80.80 81.40 
2016/08/01 81.40 81.80 80.50 81.10 
2016/08/02 82.00 83.30 81.10 82.30 
2016/08/03 82.00 83.50 82.00 82.60 
2016/08/04 83.60 83.70 82.60 83.40 
2016/08/05 82.80 83.00 82.10 82.30 
2016/08/08 82.40 82.40 79.50 79.50 
2016/08/09 79.40 79.40 74.90 75.10 
2016/08/10 74.50 76.20 73.50 74.30 
2016/08/11 75.00 75.00 72.50 73.00 
2016/08/12 73.70 74.70 73.30 74.30 
2016/08/15 74.40 74.40 72.80 72.90 
2016/08/16 73.30 74.20 72.70 73.60 
2016/08/17 73.40 74.20 72.20 72.40 
2016/08/18 71.90 73.30 71.10 71.90 
2016/08/19 72.10 72.80 71.50 71.80 
2016/08/22 72.30 73.30 70.50 72.90 
2016/08/23 72.30 72.40 71.00 71.60 
2016/08/24 72.10 72.30 71.30 71.40 
2016/08/25 71.80 72.20 71.30 71.50 
2016/08/26 71.20 72.30 71.20 71.80 
2016/08/29 72.50 72.60 71.60 71.90 
2016/08/30 72.30 72.70 72.00 72.10 
2016/08/31 72.20 72.50 70.80 71.10 
2016/09/01 70.90 71.70 70.90 71.20 
2016/09/02 71.70 71.70 70.90 71.00 
2016/09/05 71.10 71.40 70.10 71.00 
2016/09/06 70.20 70.50 68.70 69.90 
2016/09/07 70.20 70.80 70.20 70.80 
2016/09/08 71.30 74.50 71.30 73.80 
2016/09/09 73.80 74.20 72.90 73.60 
2016/09/10 72.10 72.90 71.80 72.70 
2016/09/12 72.70 73.30 71.80 72.00 
2016/09/13 72.90 73.00 71.50 71.80 
2016/09/14 71.40 72.00 71.00 71.40 
2016/09/19 71.80 72.20 71.30 71.50 
2016/09/20 71.90 72.40 71.60 71.70 
2016/09/21 72.30 74.00 72.20 73.60 
2016/09/22 74.00 74.20 72.20 74.00 
2016/09/23 74.20 76.30 74.10 75.10 
2016/09/26 74.70 75.10 73.90 74.80 
2016/09/29 74.80 75.50 74.20 74.40 
2016/09/30 74.40 75.00 74.00 74.70 
2016/10/03 74.80 76.00 74.80 74.90 
2016/10/04 75.30 75.30 73.40 73.50 
2016/10/05 73.50 73.80 73.10 73.60 
2016/10/06 73.60 73.90 73.20 73.50 
2016/10/07 73.50 73.70 72.70 73.00 
2016/10/11 72.90 72.90 71.00 71.60 
2016/10/12 71.20 71.20 69.80 70.80 
2016/10/13 71.00 71.00 69.80 70.10 
2016/10/14 69.80 70.00 67.40 68.30 
2016/10/17 68.60 68.90 67.70 68.30 
2016/10/18 68.80 68.80 67.80 68.10 
2016/10/19 68.30 68.70 67.80 67.80 
2016/10/20 67.90 68.50 67.60 68.20 
2016/10/21 68.20 68.50 68.00 68.40 
2016/10/24 68.40 69.00 68.30 68.70 
2016/10/25 68.70 68.90 68.20 68.50 
2016/10/26 68.50 68.70 68.00 68.10 
2016/10/27 68.30 68.70 68.20 68.40 
2016/10/28 68.40 68.40 67.50 67.60 
2016/10/31 67.00 67.00 64.60 65.80 
2016/11/01 65.80 65.80 64.80 65.00 
2016/11/02 64.60 64.60 61.80 62.00 
2016/11/03 61.80 61.80 59.00 59.10 
2016/11/04 58.00 59.20 58.00 58.20 
2016/11/07 58.60 59.60 58.40 59.50 
2016/11/08 60.00 60.20 58.70 59.70 
2016/11/09 59.80 59.80 57.00 57.00 
2016/11/10 58.70 60.90 58.70 60.60 
2016/11/11 61.00 63.70 60.30 63.20 
2016/11/14 62.10 62.90 60.80 62.00 
2016/11/15 61.70 63.10 61.60 61.90 
2016/11/16 61.90 62.70 61.80 62.30 
2016/11/17 62.80 62.80 61.50 62.30 
2016/11/18 62.70 64.00 62.60 63.60 
2016/11/21 63.60 63.60 62.60 63.00 
2016/11/22 63.00 63.40 62.70 63.00 
2016/11/23 63.20 64.20 63.10 63.30 
2016/11/24 63.80 64.70 63.30 64.20 
2016/11/25 64.50 64.50 63.80 64.00 
2016/11/28 64.20 64.40 63.30 63.40 
2016/11/29 63.40 63.90 63.00 63.10 
2016/11/30 63.40 64.40 63.00 63.40 
2016/12/01 63.80 65.00 63.80 64.60 
2016/12/02 64.30 64.80 63.80 63.80 
2016/12/05 64.20 64.20 63.60 63.80 
2016/12/06 64.00 64.10 63.30 63.40 
2016/12/07 63.40 63.80 62.80 63.00 
2016/12/08 63.20 63.50 62.70 63.00 
2016/12/09 63.40 64.20 63.30 63.60 
2016/12/12 64.00 64.10 63.30 63.40 
2016/12/13 63.10 63.60 63.00 63.20 
2016/12/14 63.50 63.50 61.90 62.20 
2016/12/15 61.80 62.10 60.40 60.50 
2016/12/16 60.50 61.30 60.40 60.40 
2016/12/19 60.50 60.60 59.30 59.50 
2016/12/20 59.50 60.30 59.40 60.10 
2016/12/21 60.20 60.40 59.60 59.60 
2016/12/22 59.90 61.20 59.50 59.70 
2016/12/23 59.70 60.50 59.10 59.20 
2016/12/26 59.00 59.40 58.30 58.50 
2016/12/27 58.80 59.00 57.90 58.20 
2016/12/28 58.80 58.80 58.30 58.30 
2016/12/29 58.20 59.40 58.20 59.20 
2016/12/30 59.70 60.70 59.50 60.30 
2017/01/03 60.30 60.70 60.10 60.20 
2017/01/04 60.40 60.60 60.20 60.40 
2017/01/05 60.50 62.50 60.50 62.00 
2017/01/06 62.00 62.90 61.60 62.50 
2017/01/09 63.00 63.80 62.60 62.90 
2017/01/10 63.20 63.20 61.50 62.30 
2017/01/11 62.40 62.80 61.80 61.80 
2017/01/12 61.90 62.30 61.60 61.80 
2017/01/13 61.70 61.70 61.10 61.20 
2017/01/16 61.50 61.50 60.80 61.20 
2017/01/17 61.20 61.20 60.80 60.90 
2017/01/18 60.90 61.80 60.90 61.50 
2017/01/19 62.00 62.20 61.00 61.20 
2017/01/20 61.30 62.50 61.30 62.30 
2017/01/23 62.30 62.60 61.60 61.60 
2017/01/24 61.60 61.80 61.10 61.30 
2017/02/02 61.30 61.90 61.10 61.40 
2017/02/03 61.80 62.30 61.50 61.90 
2017/02/06 62.00 63.10 61.60 62.30 
2017/02/07 62.30 62.60 61.60 61.80 
2017/02/08 62.20 66.20 62.20 65.20 
