2016/07/01 45.75 45.80 45.15 45.15 
2016/07/04 45.40 45.45 44.70 44.80 
2016/07/05 44.90 47.60 44.85 46.90 
2016/07/06 46.70 46.90 45.05 45.20 
2016/07/07 45.80 45.90 45.15 45.30 
2016/07/11 45.80 45.80 44.80 44.80 
2016/07/12 45.10 45.90 45.00 45.00 
2016/07/13 45.30 46.50 45.20 46.05 
2016/07/14 46.15 46.20 45.60 45.70 
2016/07/15 46.10 47.30 45.90 46.95 
2016/07/18 47.60 51.60 47.60 51.60 
2016/07/19 53.10 53.50 50.60 50.80 
2016/07/20 50.80 51.40 49.50 49.70 
2016/07/21 50.80 52.10 50.20 50.20 
2016/07/22 50.80 50.90 49.30 49.30 
2016/07/25 49.95 50.40 48.80 48.90 
2016/07/26 49.20 49.40 48.80 49.05 
2016/07/27 49.50 49.55 48.15 48.20 
2016/07/28 48.30 50.00 48.30 48.50 
2016/07/29 49.50 49.60 48.75 48.90 
2016/08/01 49.50 49.50 48.55 48.65 
2016/08/02 48.85 49.00 48.40 48.60 
2016/08/03 48.30 48.40 47.90 48.15 
2016/08/04 48.45 48.70 48.05 48.20 
2016/08/05 48.45 49.35 48.40 48.95 
2016/08/08 49.45 49.45 48.15 48.15 
2016/08/09 48.10 48.50 44.85 45.50 
2016/08/10 45.45 45.95 45.20 45.50 
2016/08/11 45.50 45.50 44.05 44.50 
2016/08/12 44.50 45.55 44.50 44.80 
2016/08/15 44.80 44.80 44.20 44.65 
2016/08/16 45.00 45.00 44.25 44.30 
2016/08/17 43.90 44.65 43.50 43.80 
2016/08/18 44.00 44.30 43.60 43.60 
2016/08/19 43.95 45.20 43.95 44.30 
2016/08/22 44.30 44.30 43.30 43.45 
2016/08/23 43.90 44.15 43.50 43.50 
2016/08/24 43.80 43.90 43.50 43.50 
2016/08/25 43.10 43.55 42.60 43.10 
2016/08/26 43.75 43.75 43.20 43.30 
2016/08/29 43.70 43.70 42.50 42.50 
2016/08/30 42.95 43.10 42.60 42.70 
2016/08/31 42.70 42.70 42.00 42.10 
2016/09/01 42.10 43.30 42.00 42.75 
2016/09/02 42.80 43.15 42.05 42.10 
2016/09/05 42.55 42.70 42.20 42.60 
2016/09/06 42.80 43.25 42.60 43.15 
2016/09/07 43.40 44.10 43.40 43.80 
2016/09/08 43.90 43.90 43.40 43.50 
2016/09/09 43.50 45.20 43.20 44.10 
2016/09/10 43.35 43.60 43.05 43.10 
2016/09/12 43.55 43.90 43.10 43.10 
2016/09/13 43.40 43.80 42.60 42.75 
2016/09/14 42.60 43.10 42.60 42.60 
2016/09/19 43.00 43.50 42.95 43.30 
2016/09/20 43.30 43.70 43.30 43.30 
2016/09/21 43.30 44.80 43.30 44.10 
2016/09/22 44.40 44.40 43.55 43.60 
2016/09/23 44.05 45.80 43.80 45.60 
2016/09/26 45.60 46.10 44.95 45.20 
2016/09/29 45.70 45.80 44.70 44.70 
2016/09/30 44.55 45.10 44.10 44.15 
2016/10/03 44.25 44.85 44.05 44.05 
2016/10/04 44.10 44.30 43.70 43.75 
2016/10/05 43.75 44.00 43.40 43.40 
2016/10/06 43.70 43.95 43.60 43.65 
2016/10/07 43.65 43.80 43.00 43.10 
2016/10/11 43.20 43.30 41.35 41.90 
2016/10/12 41.80 42.15 41.30 41.50 
2016/10/13 41.60 41.90 41.15 41.15 
2016/10/14 41.15 41.40 38.25 39.00 
2016/10/17 39.00 40.50 39.00 39.35 
2016/10/18 39.50 39.70 39.20 39.35 
2016/10/19 40.20 40.25 39.55 39.55 
2016/10/20 40.00 40.00 39.00 39.10 
2016/10/21 38.90 39.40 38.90 39.05 
2016/10/24 39.10 39.30 38.95 39.00 
2016/10/25 39.20 40.30 39.05 39.65 
2016/10/26 39.65 39.75 39.15 39.20 
2016/10/27 39.35 40.05 39.35 39.65 
2016/10/28 39.65 39.80 39.00 39.00 
2016/10/31 39.10 39.10 38.35 38.85 
2016/11/01 38.60 39.00 38.35 38.40 
2016/11/02 38.30 38.70 36.50 36.95 
2016/11/03 36.80 37.45 35.50 35.50 
2016/11/04 35.30 35.95 35.30 35.50 
2016/11/07 36.30 36.30 35.65 35.70 
2016/11/08 36.05 36.40 35.50 36.35 
2016/11/09 36.40 36.45 32.80 33.25 
2016/11/10 34.80 36.55 34.80 36.55 
2016/11/11 37.30 38.60 36.80 37.30 
2016/11/14 36.80 36.90 36.05 36.45 
2016/11/15 36.80 37.15 36.10 36.60 
2016/11/16 37.20 37.35 36.60 36.65 
2016/11/17 36.70 36.90 36.15 36.25 
2016/11/18 36.50 39.35 36.50 38.75 
2016/11/21 39.00 39.00 38.10 38.40 
2016/11/22 38.50 38.90 38.25 38.30 
2016/11/23 38.40 39.05 38.40 38.45 
2016/11/24 38.60 39.20 38.45 38.45 
2016/11/25 38.40 38.50 37.60 37.80 
2016/11/28 37.95 37.95 37.30 37.30 
2016/11/29 37.40 37.85 37.30 37.45 
2016/11/30 37.65 37.90 37.55 37.75 
2016/12/01 38.50 39.20 38.10 38.30 
2016/12/02 37.85 38.25 37.85 38.25 
2016/12/05 38.15 38.15 37.75 37.80 
2016/12/06 37.95 38.30 37.65 37.75 
2016/12/07 37.75 38.25 37.75 38.00 
2016/12/08 38.10 38.80 38.00 38.10 
2016/12/09 38.50 39.00 38.10 38.35 
2016/12/12 38.60 38.65 37.80 37.90 
2016/12/13 38.20 38.20 37.80 37.80 
2016/12/14 38.20 38.20 37.50 37.65 
2016/12/15 37.30 37.50 37.20 37.40 
2016/12/16 37.20 37.85 37.20 37.30 
2016/12/19 37.30 37.50 36.55 36.55 
2016/12/20 36.55 37.55 36.55 36.60 
2016/12/21 37.00 37.15 36.55 36.60 
2016/12/22 36.80 38.00 36.70 37.25 
2016/12/23 37.15 38.40 37.00 37.25 
2016/12/26 38.00 38.00 37.35 37.45 
2016/12/27 37.65 39.45 37.65 39.00 
2016/12/28 39.00 39.65 38.55 38.55 
2016/12/29 38.55 39.80 38.50 39.45 
2016/12/30 39.70 41.25 39.50 40.20 
2017/01/03 40.20 40.40 39.20 39.40 
2017/01/04 39.60 40.10 39.50 39.50 
2017/01/05 39.50 40.50 39.50 39.55 
2017/01/06 39.70 40.35 39.45 39.45 
2017/01/09 39.60 39.90 38.50 38.55 
2017/01/10 38.35 38.80 38.35 38.45 
2017/01/11 38.50 38.75 37.90 37.90 
2017/01/12 37.60 38.10 37.60 38.00 
2017/01/13 37.70 37.80 37.50 37.50 
2017/01/16 38.30 38.30 37.55 37.75 
2017/01/17 37.95 38.00 37.70 37.75 
2017/01/18 37.95 38.30 37.85 37.85 
2017/01/19 37.85 38.10 37.80 37.80 
2017/01/20 37.90 38.90 37.90 38.45 
2017/01/23 38.95 38.95 38.15 38.15 
2017/01/24 38.15 38.15 37.65 37.75 
2017/02/02 37.80 37.95 37.50 37.60 
2017/02/03 37.60 38.20 37.55 38.15 
2017/02/06 38.30 38.70 38.20 38.50 
2017/02/07 38.50 38.50 38.05 38.20 
2017/02/08 38.45 40.15 38.20 39.90 
