2016/07/01 64.20 64.40 63.70 64.00 
2016/07/04 64.10 64.10 63.40 63.70 
2016/07/05 64.00 64.90 63.90 63.90 
2016/07/06 64.50 64.50 63.30 63.30 
2016/07/07 63.40 64.00 62.90 63.50 
2016/07/11 64.50 65.00 63.50 63.80 
2016/07/12 63.80 64.40 63.80 63.80 
2016/07/13 64.70 64.70 64.00 64.20 
2016/07/14 64.30 65.30 64.30 65.20 
2016/07/15 65.30 66.80 65.30 66.00 
2016/07/18 67.50 68.50 67.00 68.00 
2016/07/19 68.00 68.00 66.80 66.90 
2016/07/20 66.80 67.20 66.60 67.10 
2016/07/21 67.50 67.60 67.10 67.10 
2016/07/22 67.20 67.20 66.50 66.50 
2016/07/25 66.50 67.00 65.80 65.90 
2016/07/26 66.50 66.80 66.30 66.40 
2016/07/27 67.20 67.20 66.40 66.40 
2016/07/28 66.40 67.20 66.30 66.50 
2016/07/29 66.50 66.70 66.10 66.50 
2016/08/01 66.50 67.10 66.50 66.90 
2016/08/02 63.30 63.30 62.20 62.20 
2016/08/03 62.10 62.10 61.00 61.60 
2016/08/04 61.60 61.60 61.20 61.30 
2016/08/05 61.20 62.00 61.20 61.70 
2016/08/08 61.90 61.90 61.20 61.20 
2016/08/09 61.30 61.30 60.70 60.70 
2016/08/10 60.30 60.60 60.10 60.10 
2016/08/11 60.10 60.30 60.00 60.20 
2016/08/12 60.30 60.60 60.20 60.30 
2016/08/15 61.00 61.00 60.00 60.20 
2016/08/16 60.20 60.80 60.10 60.60 
2016/08/17 60.30 60.40 60.20 60.20 
2016/08/18 60.20 60.50 60.20 60.50 
2016/08/19 60.20 60.60 60.10 60.30 
2016/08/22 60.00 60.00 59.20 59.50 
2016/08/23 59.50 61.10 59.50 60.80 
2016/08/24 60.40 60.40 59.80 59.80 
2016/08/25 60.10 60.70 60.10 60.20 
2016/08/26 59.70 59.80 59.50 59.60 
2016/08/29 59.50 59.80 59.50 59.60 
2016/08/30 59.60 60.00 59.60 59.70 
2016/08/31 59.70 59.70 59.50 59.50 
2016/09/01 59.50 59.80 59.30 59.30 
2016/09/02 59.30 59.30 57.00 58.00 
2016/09/05 58.20 58.50 58.20 58.30 
2016/09/06 59.00 59.00 58.20 58.50 
2016/09/07 58.10 58.60 58.10 58.50 
2016/09/08 58.20 59.00 58.20 58.90 
2016/09/09 58.10 58.90 58.10 58.90 
2016/09/10 58.30 58.30 57.60 58.00 
2016/09/12 58.50 58.90 57.70 57.90 
2016/09/13 57.90 58.20 57.40 57.40 
2016/09/14 57.40 57.40 57.00 57.10 
2016/09/19 57.30 57.70 57.10 57.50 
2016/09/20 57.50 57.70 57.50 57.50 
2016/09/21 57.50 58.20 57.50 58.00 
2016/09/22 58.00 58.40 57.40 57.50 
2016/09/23 57.50 57.80 57.50 57.80 
2016/09/26 57.80 58.00 57.60 57.60 
2016/09/29 57.80 58.40 57.70 57.80 
2016/09/30 57.80 58.00 57.60 57.80 
2016/10/03 57.80 57.80 57.60 57.60 
2016/10/04 57.50 57.50 57.10 57.20 
2016/10/05 57.10 57.20 56.90 56.90 
2016/10/06 57.20 57.30 56.80 56.90 
2016/10/07 57.00 57.10 56.60 56.80 
2016/10/11 56.50 56.50 55.00 55.20 
2016/10/12 55.00 55.20 54.50 54.80 
2016/10/13 54.80 54.80 53.80 53.90 
2016/10/14 53.90 53.90 52.70 52.80 
2016/10/17 52.50 52.90 52.20 52.90 
2016/10/18 52.30 53.00 52.30 52.90 
2016/10/19 53.50 53.90 53.30 53.70 
2016/10/20 53.70 53.70 53.10 53.20 
2016/10/21 53.20 53.80 53.20 53.80 
2016/10/24 54.50 54.60 54.00 54.00 
2016/10/25 54.20 54.20 53.20 53.30 
2016/10/26 53.20 54.10 53.20 53.50 
2016/10/27 54.00 54.60 53.50 53.50 
2016/10/28 53.40 53.50 52.70 53.00 
2016/10/31 52.60 52.80 52.40 52.50 
2016/11/01 52.90 52.90 52.40 52.50 
2016/11/02 52.50 52.50 51.70 51.70 
2016/11/03 51.60 51.70 51.20 51.20 
2016/11/04 51.50 51.50 50.70 50.70 
2016/11/07 51.00 51.00 50.70 50.70 
2016/11/08 50.80 50.80 50.50 50.80 
2016/11/09 50.80 50.80 48.90 48.90 
2016/11/10 50.00 51.20 50.00 51.20 
2016/11/11 51.00 51.00 50.20 50.30 
2016/11/14 50.50 51.10 50.40 51.10 
2016/11/15 51.80 52.00 51.50 51.50 
2016/11/16 51.30 51.50 51.30 51.40 
2016/11/17 51.40 51.50 51.00 51.40 
2016/11/18 52.40 53.00 51.70 52.80 
2016/11/21 52.80 53.40 52.60 52.90 
2016/11/22 52.90 53.00 52.50 52.50 
2016/11/23 52.50 53.70 52.50 53.50 
2016/11/24 53.50 53.50 53.00 53.00 
2016/11/25 53.00 53.40 52.60 53.00 
2016/11/28 52.00 52.70 52.00 52.50 
2016/11/29 52.50 52.50 52.10 52.30 
2016/11/30 52.30 52.70 52.00 52.30 
2016/12/01 51.90 53.40 51.90 53.00 
2016/12/02 53.00 53.00 52.60 52.80 
2016/12/05 52.60 53.30 52.60 53.00 
2016/12/06 53.10 53.10 52.60 52.70 
2016/12/07 52.70 52.80 52.70 52.80 
2016/12/08 52.80 53.30 52.80 52.90 
2016/12/09 53.00 54.20 52.80 53.60 
2016/12/12 53.60 54.10 53.20 53.20 
2016/12/13 53.10 53.70 53.00 53.70 
2016/12/14 53.30 53.70 53.30 53.40 
2016/12/15 53.40 54.80 53.40 54.00 
2016/12/16 54.10 54.50 53.80 54.00 
2016/12/19 53.60 53.70 53.20 53.50 
2016/12/20 53.30 53.30 53.00 53.00 
2016/12/21 53.20 53.40 53.00 53.00 
2016/12/22 52.90 53.90 52.90 53.30 
2016/12/23 52.60 53.00 52.60 52.80 
2016/12/26 52.90 53.30 52.90 53.30 
2016/12/27 53.30 53.30 52.90 52.90 
2016/12/28 53.40 53.60 53.00 53.40 
2016/12/29 53.30 53.30 53.00 53.20 
2016/12/30 53.50 53.70 53.30 53.50 
2017/01/03 53.70 53.90 53.00 53.50 
2017/01/04 53.80 53.90 53.50 53.70 
2017/01/05 53.80 53.80 53.10 53.30 
2017/01/06 53.60 54.20 53.60 53.90 
2017/01/09 53.90 54.30 53.30 53.50 
2017/01/10 53.30 53.80 53.20 53.50 
2017/01/11 53.30 53.30 53.00 53.20 
2017/01/12 53.20 53.30 52.90 53.30 
2017/01/13 53.70 53.70 52.90 53.00 
2017/01/16 52.10 52.40 52.10 52.30 
2017/01/17 52.20 52.30 52.10 52.10 
2017/01/18 52.30 52.90 52.30 52.80 
2017/01/19 52.30 52.70 52.00 52.30 
2017/01/20 52.10 52.60 52.00 52.20 
2017/01/23 51.80 52.70 51.40 52.50 
2017/01/24 52.50 52.60 52.00 52.30 
2017/02/02 52.30 53.00 51.80 52.00 
2017/02/03 52.20 52.60 52.00 52.20 
2017/02/06 52.20 52.90 52.00 52.60 
2017/02/07 52.60 52.60 52.20 52.50 
2017/02/08 53.70 53.70 52.80 53.00 
