2016/07/01 48.60 49.20 46.20 49.00 
2016/07/04 48.00 49.60 47.00 48.50 
2016/07/05 48.60 49.25 48.00 49.10 
2016/07/06 48.60 49.00 47.65 47.65 
2016/07/07 48.00 48.60 48.00 48.60 
2016/07/11 47.50 48.60 47.50 48.60 
2016/07/12 48.60 49.45 48.50 49.45 
2016/07/13 48.80 49.90 48.60 49.00 
2016/07/14 44.80 45.20 43.50 44.15 
2016/07/15 44.00 44.55 44.00 44.55 
2016/07/18 44.00 44.90 43.50 43.50 
2016/07/19 43.60 45.00 43.00 45.00 
2016/07/20 44.00 45.50 43.50 44.00 
2016/07/21 44.00 44.50 44.00 44.50 
2016/07/22 44.00 45.00 44.00 44.30 
2016/07/25 44.00 48.00 44.00 47.50 
2016/07/26 46.80 49.00 46.00 48.75 
2016/07/27 47.30 48.75 47.30 48.60 
2016/07/28 47.05 47.90 46.50 47.70 
2016/07/29 47.45 47.45 47.45 47.45 
2016/08/01 47.45 47.45 45.50 46.80 
2016/08/02 46.50 46.75 45.50 46.70 
2016/08/03 46.00 46.70 45.60 46.70 
2016/08/04 45.60 46.60 45.00 46.60 
2016/08/05 45.10 46.00 44.60 45.80 
2016/08/08 45.00 45.90 44.00 44.60 
2016/08/09 45.00 45.70 45.00 45.70 
2016/08/10 45.20 45.20 43.80 43.80 
2016/08/11 44.00 45.40 44.00 45.00 
2016/08/12 44.50 45.00 44.00 45.00 
2016/08/15 44.95 45.00 44.50 45.00 
2016/08/16 45.20 45.20 45.00 45.00 
2016/08/17 44.70 45.00 43.80 44.90 
2016/08/18 44.50 44.50 43.80 43.80 
2016/08/19 44.00 44.50 43.50 44.50 
2016/08/22 44.05 44.50 43.60 43.60 
2016/08/23 43.60 44.80 43.00 44.30 
2016/08/24 43.80 44.20 42.80 44.20 
2016/08/25 44.20 44.20 43.00 43.90 
2016/08/26 43.70 43.70 42.80 42.95 
2016/08/29 43.00 43.80 42.70 42.70 
2016/08/30 42.70 43.00 42.00 42.50 
2016/08/31 43.00 43.00 41.05 41.05 
2016/09/01 41.50 41.60 41.50 41.60 
2016/09/02 42.00 42.00 39.70 39.70 
2016/09/05 39.75 40.90 38.00 39.95 
2016/09/06 38.65 39.50 38.50 39.45 
2016/09/07 38.85 39.50 38.80 39.50 
2016/09/08 38.80 39.45 38.55 39.45 
2016/09/09 39.00 39.70 39.00 39.70 
2016/09/10 38.20 39.70 38.20 39.70 
2016/09/12 39.00 39.00 39.00 39.00 
2016/09/13 39.10 39.10 37.60 39.05 
2016/09/14 39.05 39.05 37.80 39.05 
2016/09/19 39.50 39.50 38.10 39.25 
2016/09/20 39.20 39.35 38.00 38.00 
2016/09/21 38.00 38.65 37.00 38.60 
2016/09/22 38.60 38.60 38.60 38.60 
2016/09/23 38.60 38.60 38.60 38.60 
2016/09/26 38.00 38.00 37.00 37.90 
2016/09/29 38.00 38.00 38.00 38.00 
2016/09/30 38.00 38.00 37.00 37.00 
2016/10/03 37.50 38.60 37.50 38.00 
2016/10/04 38.00 39.05 38.00 39.05 
2016/10/05 39.30 41.20 39.05 40.20 
2016/10/06 40.00 41.00 40.00 40.50 
2016/10/07 40.00 41.10 40.00 41.00 
2016/10/11 42.00 42.50 41.20 42.00 
2016/10/12 41.50 41.90 41.50 41.90 
2016/10/13 42.00 42.00 41.70 41.70 
2016/10/14 41.90 42.00 41.50 41.50 
2016/10/17 41.00 41.00 41.00 41.00 
2016/10/18 41.05 41.50 41.05 41.50 
2016/10/19 41.50 42.00 41.50 42.00 
2016/10/20 41.95 41.95 41.50 41.50 
2016/10/21 41.50 41.50 41.00 41.00 
2016/10/24 40.55 40.55 40.00 40.00 
2016/10/25 40.00 40.00 39.55 40.00 
2016/10/26 40.00 40.00 39.50 39.50 
2016/10/27 39.50 39.50 39.00 39.00 
2016/10/28 39.00 39.25 38.60 38.60 
2016/10/31 38.60 39.20 38.60 39.00 
2016/11/01 39.10 39.10 39.00 39.00 
2016/11/02 39.00 39.10 38.60 38.60 
2016/11/03 38.80 38.80 38.50 38.50 
2016/11/04 38.50 38.50 38.10 38.10 
2016/11/07 38.10 38.10 38.10 38.10 
2016/11/08 38.00 38.00 38.00 38.00 
2016/11/09 38.00 38.00 37.00 37.95 
2016/11/10 37.85 37.90 37.85 37.90 
2016/11/11 37.50 37.50 37.20 37.20 
2016/11/14 37.20 37.20 37.00 37.00 
2016/11/15 36.50 36.50 36.50 36.50 
2016/11/16 36.50 36.50 36.50 36.50 
2016/11/17 36.30 36.30 36.00 36.00 
2016/11/18 36.00 36.70 36.00 36.50 
2016/11/21 36.50 36.50 36.50 36.50 
2016/11/22 36.50 36.50 36.50 36.50 
2016/11/23 36.65 36.65 36.65 36.65 
2016/11/24 36.50 37.00 36.50 36.80 
2016/11/25 36.10 36.80 36.00 36.80 
2016/11/28 36.05 37.30 36.00 37.05 
2016/11/29 36.90 36.90 36.00 36.00 
2016/11/30 36.00 36.00 35.00 35.95 
2016/12/01 36.00 36.00 35.95 35.95 
2016/12/02 35.95 35.95 35.95 35.95 
2016/12/05 35.95 35.95 35.00 35.00 
2016/12/06 34.50 34.50 33.50 34.00 
2016/12/07 33.65 33.65 33.60 33.60 
2016/12/08 33.60 34.50 33.60 34.50 
2016/12/09 34.10 34.40 33.50 34.40 
2016/12/12 34.00 34.10 33.20 33.80 
2016/12/13 33.30 33.90 33.30 33.60 
2016/12/14 36.70 36.70 33.65 33.65 
2016/12/15 33.65 33.65 33.65 33.65 
2016/12/16 33.50 33.50 32.00 32.00 
2016/12/19 31.50 32.50 29.60 32.10 
2016/12/20 32.20 32.50 30.20 32.00 
2016/12/21 31.00 32.00 30.50 32.00 
2016/12/22 31.50 32.45 30.65 32.30 
2016/12/23 31.00 32.00 30.70 32.00 
2016/12/26 31.00 31.80 30.00 31.70 
2016/12/27 31.00 31.90 30.40 31.80 
2016/12/28 31.50 31.50 30.45 31.30 
2016/12/29 31.30 31.40 30.50 30.60 
2016/12/30 30.60 31.10 30.20 31.05 
2017/01/03 31.00 31.00 30.00 30.50 
2017/01/04 30.10 30.70 30.00 30.70 
2017/01/05 30.00 30.60 30.00 30.60 
2017/01/06 30.00 30.20 29.80 30.20 
2017/01/09 30.00 30.20 30.00 30.20 
2017/01/10 30.00 30.00 30.00 30.00 
2017/01/11 30.00 30.00 30.00 30.00 
2017/01/12 30.00 30.00 29.25 29.60 
2017/01/13 29.80 29.80 29.20 29.60 
2017/01/16 29.65 29.65 29.50 29.60 
2017/01/17 29.50 29.50 29.00 29.00 
2017/01/18 29.00 29.00 28.00 28.25 
2017/01/19 28.30 28.30 28.00 28.25 
2017/01/20 28.90 29.20 28.30 29.10 
2017/01/23 28.40 28.40 27.80 28.25 
2017/01/24 28.30 28.30 28.00 28.25 
2017/02/02 28.25 28.25 27.20 27.20 
2017/02/03 27.20 27.20 26.70 26.80 
2017/02/06 26.70 26.70 25.75 26.30 
2017/02/07 26.40 26.40 26.05 26.35 
2017/02/08 26.35 26.35 25.60 26.10 
