2016/07/01 23.40 23.55 23.25 23.40 
2016/07/04 23.45 23.50 23.05 23.15 
2016/07/05 23.40 23.90 23.20 23.45 
2016/07/06 23.80 23.85 23.45 23.55 
2016/07/07 24.40 24.40 23.65 23.85 
2016/07/11 24.20 24.20 23.30 23.35 
2016/07/12 23.45 23.65 23.45 23.45 
2016/07/13 23.60 23.60 23.40 23.50 
2016/07/14 23.55 23.60 23.35 23.40 
2016/07/15 23.40 23.75 23.40 23.70 
2016/07/18 23.75 24.15 23.75 24.00 
2016/07/19 24.05 24.45 23.75 24.25 
2016/07/20 24.25 24.25 23.85 23.90 
2016/07/21 24.05 24.40 23.95 24.20 
2016/07/22 24.20 24.50 24.00 24.00 
2016/07/25 24.35 24.35 23.75 23.75 
2016/07/26 23.95 23.95 23.70 23.75 
2016/07/27 23.85 23.90 23.55 23.60 
2016/07/28 23.70 23.70 23.40 23.45 
2016/07/29 23.55 23.70 23.30 23.30 
2016/08/01 24.30 24.30 23.60 23.85 
2016/08/02 23.85 23.90 23.65 23.75 
2016/08/03 23.60 23.75 23.45 23.70 
2016/08/04 23.90 23.90 23.55 23.75 
2016/08/05 23.75 23.90 23.70 23.75 
2016/08/08 23.75 23.80 23.50 23.50 
2016/08/09 23.50 23.55 23.25 23.35 
2016/08/10 23.40 23.40 23.20 23.25 
2016/08/11 23.30 23.50 23.25 23.40 
2016/08/12 23.40 23.80 23.40 23.50 
2016/08/15 23.60 23.60 23.00 23.00 
2016/08/16 22.95 23.00 22.60 22.65 
2016/08/17 22.65 22.90 22.60 22.75 
2016/08/18 22.65 22.95 22.65 22.80 
2016/08/19 22.85 22.90 22.60 22.70 
2016/08/22 22.60 22.60 22.25 22.45 
2016/08/23 22.70 22.75 22.50 22.55 
2016/08/24 22.55 22.70 22.40 22.45 
2016/08/25 22.40 22.50 22.25 22.45 
2016/08/26 22.45 22.45 22.20 22.35 
2016/08/29 22.40 22.40 22.15 22.15 
2016/08/30 22.40 22.50 22.20 22.35 
2016/08/31 22.30 22.40 22.20 22.30 
2016/09/01 22.45 22.45 22.25 22.30 
2016/09/02 22.40 22.65 22.30 22.65 
2016/09/05 22.80 23.20 22.80 22.95 
2016/09/06 22.90 22.90 22.80 22.90 
2016/09/07 22.90 23.10 22.80 23.00 
2016/09/08 23.10 23.15 22.95 23.00 
2016/09/09 23.00 23.15 22.90 23.05 
2016/09/10 22.65 22.70 22.55 22.65 
2016/09/12 22.65 22.65 22.45 22.50 
2016/09/13 22.65 22.65 22.20 22.25 
2016/09/14 22.25 22.30 22.10 22.20 
2016/09/19 22.30 22.45 22.25 22.35 
2016/09/20 22.40 22.40 22.10 22.30 
2016/09/21 22.90 23.15 22.80 22.85 
2016/09/22 23.10 23.10 22.50 22.90 
2016/09/23 22.80 23.05 22.70 22.95 
2016/09/26 22.95 23.00 22.70 22.75 
2016/09/29 22.75 23.30 22.75 23.00 
2016/09/30 23.15 23.20 22.90 23.00 
2016/10/03 23.00 23.80 23.00 23.25 
2016/10/04 23.30 23.45 23.10 23.30 
2016/10/05 23.50 23.85 23.40 23.65 
2016/10/06 23.80 23.80 23.30 23.35 
2016/10/07 23.35 23.45 23.00 23.05 
2016/10/11 23.25 23.35 22.10 22.10 
2016/10/12 22.15 22.85 22.15 22.70 
2016/10/13 22.70 22.80 22.35 22.35 
2016/10/14 22.45 23.00 22.15 22.75 
2016/10/17 22.85 23.30 22.70 23.20 
2016/10/18 23.05 23.25 22.85 23.25 
2016/10/19 23.25 23.70 23.15 23.35 
2016/10/20 23.90 24.20 23.05 23.05 
2016/10/21 23.10 23.40 23.00 23.00 
2016/10/24 23.20 23.35 23.00 23.00 
2016/10/25 23.05 23.10 22.65 22.70 
2016/10/26 23.00 23.00 22.70 22.75 
2016/10/27 22.80 23.40 22.80 23.15 
2016/10/28 23.20 23.20 22.70 22.70 
2016/10/31 22.80 22.80 22.45 22.70 
2016/11/01 22.70 22.90 22.60 22.65 
2016/11/02 22.60 22.60 22.30 22.30 
2016/11/03 22.30 22.60 22.30 22.30 
2016/11/04 22.30 22.45 22.20 22.25 
2016/11/07 22.35 22.45 22.30 22.35 
2016/11/08 22.50 22.55 22.35 22.50 
2016/11/09 22.60 22.65 21.70 21.80 
2016/11/10 23.00 23.00 22.30 22.75 
2016/11/11 22.80 22.80 22.30 22.35 
2016/11/14 22.30 22.90 22.20 22.55 
2016/11/15 22.40 22.65 22.35 22.40 
2016/11/16 22.50 22.55 22.30 22.35 
2016/11/17 22.35 22.40 22.00 22.10 
2016/11/18 22.20 22.40 22.15 22.30 
2016/11/21 22.40 22.45 22.15 22.20 
2016/11/22 22.40 22.50 22.30 22.50 
2016/11/23 23.00 23.50 22.70 22.70 
2016/11/24 22.80 23.00 22.80 22.95 
2016/11/25 23.15 23.15 22.95 23.15 
2016/11/28 23.05 23.45 23.05 23.05 
2016/11/29 23.35 23.35 22.80 22.85 
2016/11/30 23.30 23.75 23.10 23.65 
2016/12/01 23.70 23.70 23.40 23.50 
2016/12/02 23.50 23.50 23.25 23.35 
2016/12/05 23.35 23.40 23.20 23.20 
2016/12/06 23.30 23.40 23.15 23.15 
2016/12/07 23.20 23.30 23.05 23.10 
2016/12/08 23.25 23.45 23.10 23.10 
2016/12/09 23.15 23.35 23.10 23.10 
2016/12/12 23.20 23.25 23.00 23.05 
2016/12/13 23.05 23.10 22.95 23.00 
2016/12/14 23.25 23.65 23.20 23.35 
2016/12/15 23.40 23.40 23.10 23.15 
2016/12/16 23.25 23.25 23.05 23.05 
2016/12/19 23.15 23.15 22.60 22.75 
2016/12/20 22.60 22.80 22.55 22.70 
2016/12/21 22.75 22.95 22.60 22.70 
2016/12/22 22.70 23.00 22.65 22.80 
2016/12/23 22.90 23.00 22.70 22.75 
2016/12/26 22.80 22.90 22.60 22.60 
2016/12/27 22.60 22.80 22.60 22.75 
2016/12/28 23.00 23.10 22.80 22.90 
2016/12/29 22.90 22.90 22.70 22.80 
2016/12/30 22.85 23.25 22.80 22.85 
2017/01/03 22.85 22.90 22.70 22.75 
2017/01/04 22.85 23.00 22.80 22.90 
2017/01/05 23.00 23.00 22.75 22.85 
2017/01/06 22.95 22.95 22.70 22.80 
2017/01/09 22.85 22.85 22.65 22.75 
2017/01/10 22.65 22.80 22.65 22.70 
2017/01/11 22.65 22.75 22.45 22.50 
2017/01/12 22.50 22.55 22.45 22.50 
2017/01/13 22.55 22.60 22.35 22.45 
2017/01/16 22.50 22.65 22.40 22.40 
2017/01/17 22.50 22.50 22.25 22.35 
2017/01/18 22.35 22.40 22.25 22.30 
2017/01/19 22.30 22.55 22.25 22.30 
2017/01/20 22.35 22.50 22.30 22.40 
2017/01/23 22.40 22.55 22.40 22.45 
2017/01/24 22.50 22.55 22.40 22.40 
2017/02/02 22.40 22.65 22.40 22.45 
2017/02/03 22.65 22.65 22.50 22.55 
2017/02/06 23.00 23.85 23.00 23.75 
2017/02/07 23.90 24.45 23.70 24.15 
2017/02/08 24.30 24.35 23.75 23.80 
