2016/07/01 138.50 143.00 138.50 140.00 
2016/07/04 140.00 141.50 135.00 141.00 
2016/07/05 141.00 149.00 141.00 144.00 
2016/07/06 141.00 141.00 140.00 140.00 
2016/07/07 141.00 141.00 138.00 138.00 
2016/07/11 139.00 140.50 135.50 137.00 
2016/07/12 137.50 137.50 135.50 136.00 
2016/07/13 135.00 137.00 134.50 136.00 
2016/07/14 138.00 138.50 138.00 138.50 
2016/07/15 136.00 137.50 136.00 137.00 
2016/07/18 139.00 141.00 138.50 138.50 
2016/07/19 139.50 139.50 136.00 137.00 
2016/07/20 135.00 138.00 135.00 136.50 
2016/07/21 136.50 137.00 135.00 135.00 
2016/07/22 134.00 138.00 134.00 135.00 
2016/07/25 135.00 135.50 135.00 135.50 
2016/07/26 135.00 138.00 135.00 138.00 
2016/07/27 138.00 142.00 134.50 138.00 
2016/07/28 138.00 138.00 137.00 138.00 
2016/07/29 138.00 138.00 127.50 134.00 
2016/08/01 134.00 134.00 130.00 132.00 
2016/08/02 132.00 132.50 130.50 131.00 
2016/08/03 131.00 132.00 130.00 132.00 
2016/08/04 132.00 132.00 130.50 131.00 
2016/08/05 130.00 132.50 129.00 132.50 
2016/08/08 132.50 132.50 129.50 132.50 
2016/08/10 129.00 131.00 129.00 131.00 
2016/08/11 131.00 131.00 128.00 128.50 
2016/08/12 128.50 130.00 128.50 130.00 
2016/08/15 129.00 129.50 127.50 129.50 
2016/08/16 129.00 136.50 129.00 132.00 
2016/08/17 129.00 129.00 128.50 129.00 
2016/08/18 129.00 130.00 129.00 130.00 
2016/08/19 132.00 132.00 130.00 131.00 
2016/08/22 131.00 131.00 130.00 131.00 
2016/08/23 128.00 131.00 128.00 131.00 
2016/08/24 131.00 131.00 128.00 130.50 
2016/08/25 129.00 130.00 129.00 130.00 
2016/08/26 129.50 130.00 128.50 129.50 
2016/08/29 127.50 129.50 126.50 129.00 
2016/08/30 128.00 128.50 127.00 128.00 
2016/08/31 126.00 127.50 125.50 126.00 
2016/09/01 128.00 133.00 128.00 132.00 
2016/09/02 133.00 133.00 127.50 127.50 
2016/09/05 128.00 130.00 128.00 129.00 
2016/09/06 128.00 129.00 126.50 129.00 
2016/09/07 128.50 130.00 127.00 129.00 
2016/09/08 129.50 129.50 127.50 129.00 
2016/09/09 127.50 128.50 126.50 128.50 
2016/09/10 128.50 128.50 126.00 126.00 
2016/09/12 126.00 126.00 125.00 126.00 
2016/09/13 129.50 129.50 127.00 127.00 
2016/09/14 129.00 132.00 128.00 132.00 
2016/09/19 132.00 134.00 130.00 130.00 
2016/09/20 129.00 131.00 129.00 129.50 
2016/09/21 133.00 133.00 129.00 131.00 
2016/09/22 130.50 130.50 128.00 128.00 
2016/09/23 130.00 130.00 130.00 130.00 
2016/09/26 128.00 130.00 128.00 130.00 
2016/09/29 131.00 132.00 129.00 130.00 
2016/09/30 128.00 130.00 128.00 128.50 
2016/10/03 132.00 135.50 129.50 135.50 
2016/10/04 137.50 148.00 136.00 145.00 
2016/10/05 142.00 142.50 138.00 140.50 
2016/10/06 140.50 140.50 136.00 137.50 
2016/10/07 136.00 137.00 133.50 133.50 
2016/10/11 138.00 138.00 131.00 131.00 
2016/10/12 131.00 131.00 128.50 130.50 
2016/10/13 129.50 131.00 129.00 129.00 
2016/10/14 134.00 134.00 128.00 128.50 
2016/10/17 129.00 130.50 127.50 128.50 
2016/10/18 130.00 132.00 128.50 131.50 
2016/10/19 131.50 134.00 131.50 133.00 
2016/10/20 130.00 130.50 129.50 129.50 
2016/10/21 133.50 133.50 128.00 128.50 
2016/10/24 130.00 130.00 128.50 129.00 
2016/10/25 129.00 130.00 129.00 129.50 
2016/10/26 128.00 129.00 128.00 128.50 
2016/10/27 128.50 129.00 128.00 129.00 
2016/10/28 129.00 129.00 128.00 128.00 
2016/10/31 127.00 129.50 127.00 129.50 
2016/11/01 127.50 130.00 127.00 130.00 
2016/11/02 129.50 129.50 123.50 127.50 
2016/11/03 126.00 126.00 122.00 122.00 
2016/11/04 122.00 123.00 122.00 122.00 
2016/11/07 123.00 123.00 120.00 120.50 
2016/11/08 122.50 122.50 118.00 118.00 
2016/11/09 118.00 119.00 115.00 117.00 
2016/11/10 118.00 121.00 118.00 120.50 
2016/11/11 119.00 119.00 117.00 117.50 
2016/11/14 118.50 120.00 118.00 120.00 
2016/11/15 120.00 122.50 119.50 122.50 
2016/11/16 122.50 125.00 122.50 124.50 
2016/11/17 126.00 126.00 124.00 124.00 
2016/11/18 123.50 124.50 123.50 124.00 
2016/11/21 120.00 120.00 120.00 120.00 
2016/11/22 120.00 123.00 117.00 122.00 
2016/11/23 119.00 120.00 119.00 119.00 
2016/11/24 118.50 118.50 118.00 118.00 
2016/11/25 118.00 119.00 118.00 118.00 
2016/11/28 117.00 119.00 117.00 119.00 
2016/11/29 117.50 120.00 115.00 119.50 
2016/11/30 121.00 121.00 118.00 118.00 
2016/12/01 119.00 119.00 118.00 118.50 
2016/12/02 119.00 119.00 116.50 116.50 
2016/12/05 116.50 117.00 116.00 116.00 
2016/12/06 116.00 117.00 115.00 117.00 
2016/12/07 117.00 118.00 115.00 117.00 
2016/12/08 117.50 119.00 116.00 116.50 
2016/12/09 116.50 117.50 115.50 115.50 
2016/12/12 115.50 115.50 113.00 113.00 
2016/12/13 113.00 113.00 111.00 111.00 
2016/12/14 111.50 112.50 110.00 112.50 
2016/12/15 111.00 112.50 111.00 112.00 
2016/12/16 112.50 112.50 111.50 112.00 
2016/12/19 110.50 115.50 110.50 115.00 
2016/12/20 114.00 114.00 112.50 113.50 
2016/12/21 114.50 114.50 114.00 114.00 
2016/12/22 114.00 118.00 114.00 116.50 
2016/12/23 116.00 116.00 114.50 115.00 
2016/12/26 115.00 115.50 113.50 114.00 
2016/12/27 115.00 115.00 114.00 114.50 
2016/12/28 114.50 114.50 113.50 114.50 
2016/12/29 115.00 116.00 115.00 116.00 
2016/12/30 115.00 116.00 114.50 115.50 
2017/01/03 114.00 117.50 114.00 115.00 
2017/01/04 117.50 117.50 115.00 117.00 
2017/01/05 116.50 117.00 115.50 117.00 
2017/01/06 116.00 116.50 115.00 116.00 
2017/01/09 116.00 117.00 115.50 117.00 
2017/01/10 116.00 117.00 116.00 116.00 
2017/01/11 116.50 116.50 116.00 116.50 
2017/01/12 116.50 117.00 116.00 116.50 
2017/01/13 120.50 128.00 120.50 122.00 
2017/01/16 119.00 119.00 116.50 117.00 
2017/01/17 117.00 117.50 117.00 117.50 
2017/01/18 117.50 117.50 117.00 117.50 
2017/01/19 119.00 120.50 117.00 117.00 
2017/01/20 117.00 120.00 117.00 120.00 
2017/01/23 120.00 120.00 117.50 117.50 
2017/01/24 117.00 121.00 117.00 118.50 
2017/02/02 117.50 117.50 114.00 115.50 
2017/02/03 116.00 119.50 116.00 118.50 
2017/02/06 118.50 119.00 117.50 118.00 
2017/02/07 117.00 118.50 117.00 118.50 
2017/02/08 122.00 122.00 118.50 120.00 
