2016/07/01 61.00 61.40 60.20 60.20 
2016/07/04 60.20 60.50 59.50 59.70 
2016/07/05 59.40 60.90 59.40 60.10 
2016/07/06 60.00 60.00 58.70 58.70 
2016/07/07 59.00 59.50 58.60 58.80 
2016/07/11 57.50 58.40 57.50 57.80 
2016/07/12 57.80 58.30 57.60 58.00 
2016/07/13 58.00 58.00 57.60 57.70 
2016/07/14 57.70 58.20 57.70 57.80 
2016/07/15 57.90 59.20 57.90 58.80 
2016/07/18 59.00 62.30 58.80 61.80 
2016/07/19 61.80 62.30 61.00 61.10 
2016/07/20 62.10 62.10 60.80 61.50 
2016/07/21 61.00 61.60 60.80 60.80 
2016/07/22 60.80 61.50 60.50 61.00 
2016/07/25 61.00 61.60 60.40 60.80 
2016/07/26 61.10 61.10 60.20 60.40 
2016/07/27 60.80 62.30 60.60 62.00 
2016/07/28 62.60 62.90 61.00 61.10 
2016/07/29 61.20 61.20 60.20 60.70 
2016/08/01 60.90 61.50 60.80 61.20 
2016/08/02 61.00 61.50 60.90 61.20 
2016/08/03 61.00 61.50 61.00 61.10 
2016/08/04 61.10 62.20 61.10 62.10 
2016/08/05 62.60 62.70 61.60 61.70 
2016/08/08 62.20 62.20 61.20 61.30 
2016/08/09 61.40 61.70 60.60 60.60 
2016/08/10 60.60 61.00 60.30 60.30 
2016/08/11 60.30 60.90 59.10 59.90 
2016/08/12 59.50 60.40 59.50 59.80 
2016/08/15 49.60 49.75 47.65 47.90 
2016/08/16 48.40 48.40 47.60 47.70 
2016/08/17 47.70 47.95 47.50 47.55 
2016/08/18 47.70 47.95 47.20 47.35 
2016/08/19 47.50 47.85 47.10 47.45 
2016/08/22 47.50 47.50 46.90 46.95 
2016/08/23 47.00 47.70 46.95 47.15 
2016/08/24 47.30 47.30 46.55 46.55 
2016/08/25 46.60 46.70 45.75 45.75 
2016/08/26 45.70 46.25 45.50 45.75 
2016/08/29 45.90 45.95 45.30 45.50 
2016/08/30 45.60 45.80 45.30 45.40 
2016/08/31 45.30 45.50 44.85 44.85 
2016/09/01 45.20 45.20 44.50 44.50 
2016/09/02 44.60 44.60 43.00 43.00 
2016/09/05 43.00 43.00 42.00 42.10 
2016/09/06 42.10 43.00 42.10 42.70 
2016/09/07 43.95 44.25 43.20 43.50 
2016/09/08 43.50 43.80 43.00 43.10 
2016/09/09 43.10 43.60 43.10 43.20 
2016/09/10 43.00 43.05 42.65 42.65 
2016/09/12 42.65 42.65 41.80 41.80 
2016/09/13 41.80 42.35 41.50 41.55 
2016/09/14 42.30 45.60 42.30 45.25 
2016/09/19 45.60 45.65 44.55 44.75 
2016/09/20 44.60 45.10 44.60 44.90 
2016/09/21 45.90 45.90 45.00 45.00 
2016/09/22 45.00 45.25 44.20 44.60 
2016/09/23 44.70 45.25 44.40 44.95 
2016/09/26 45.30 45.35 44.80 45.00 
2016/09/29 45.20 45.20 44.15 44.15 
2016/09/30 44.15 44.40 43.70 43.85 
2016/10/03 43.20 44.30 43.20 43.60 
2016/10/04 43.40 44.10 43.40 43.80 
2016/10/05 43.45 43.85 43.00 43.10 
2016/10/06 43.35 43.65 43.20 43.55 
2016/10/07 44.40 44.40 43.60 43.85 
2016/10/11 43.50 43.50 41.70 41.70 
2016/10/12 41.00 41.20 40.00 41.00 
2016/10/13 41.10 41.10 40.50 40.60 
2016/10/14 40.20 40.20 38.30 38.60 
2016/10/17 38.50 39.00 37.60 38.20 
2016/10/18 38.50 41.30 38.50 39.70 
2016/10/19 40.50 40.50 39.35 39.35 
2016/10/20 39.35 39.35 38.70 38.80 
2016/10/21 39.00 39.30 38.55 38.55 
2016/10/24 39.65 39.65 38.50 38.60 
2016/10/25 38.80 39.00 38.60 38.90 
2016/10/26 39.00 39.00 38.20 38.60 
2016/10/27 38.60 38.80 38.40 38.40 
2016/10/28 38.70 38.70 37.80 38.15 
2016/10/31 38.70 38.70 37.90 38.15 
2016/11/01 38.20 38.60 38.20 38.55 
2016/11/02 38.60 38.60 37.65 37.70 
2016/11/03 37.80 37.80 36.50 37.40 
2016/11/04 36.50 37.70 36.50 37.05 
2016/11/07 36.50 37.50 36.50 36.55 
2016/11/08 36.30 36.90 36.30 36.75 
2016/11/09 37.30 37.30 34.05 34.05 
2016/11/10 34.95 36.30 34.95 36.05 
2016/11/11 35.50 35.65 34.70 35.00 
2016/11/14 34.50 35.90 34.50 35.00 
2016/11/15 35.90 35.90 34.25 34.90 
2016/11/16 34.60 34.90 34.30 34.75 
2016/11/17 34.50 34.70 34.10 34.10 
2016/11/18 34.60 34.80 34.30 34.55 
2016/11/21 34.55 35.50 34.50 34.90 
2016/11/22 35.00 35.40 34.95 35.20 
2016/11/23 35.40 36.40 35.20 36.15 
2016/11/24 36.55 39.75 36.40 39.00 
2016/11/25 39.70 39.70 38.10 38.80 
2016/11/28 38.25 39.30 38.25 38.50 
2016/11/29 39.20 39.20 38.50 38.70 
2016/11/30 38.70 38.90 38.20 38.20 
2016/12/01 39.00 39.35 38.60 39.35 
2016/12/02 38.60 38.85 38.20 38.45 
2016/12/05 38.20 38.20 37.35 37.55 
2016/12/06 37.70 38.00 36.80 36.90 
2016/12/07 37.80 37.80 36.50 37.10 
2016/12/08 37.50 37.50 35.95 35.95 
2016/12/09 36.25 36.70 35.95 36.50 
2016/12/12 36.80 36.90 36.35 36.50 
2016/12/13 36.60 36.60 36.20 36.50 
2016/12/14 36.50 36.60 36.00 36.05 
2016/12/15 36.00 36.30 35.90 36.10 
2016/12/16 36.30 36.55 36.10 36.45 
2016/12/19 36.60 36.60 36.15 36.25 
2016/12/20 36.20 36.30 36.05 36.05 
2016/12/21 36.00 36.05 35.80 35.80 
2016/12/22 36.20 36.20 35.80 35.90 
2016/12/23 36.00 36.20 35.55 35.55 
2016/12/26 35.45 35.45 35.00 35.05 
2016/12/27 35.10 35.10 34.55 35.00 
2016/12/28 35.00 35.00 34.80 34.80 
2016/12/29 34.90 35.55 34.90 35.30 
2016/12/30 35.80 35.85 35.30 35.50 
2017/01/03 35.50 36.00 35.50 35.75 
2017/01/04 35.80 36.20 35.70 36.00 
2017/01/05 36.00 37.50 36.00 37.00 
2017/01/06 37.10 37.85 37.10 37.20 
2017/01/09 37.50 37.60 36.50 36.55 
2017/01/10 36.05 36.85 36.05 36.10 
2017/01/11 36.10 36.10 35.80 35.80 
2017/01/12 35.80 35.95 35.65 35.65 
2017/01/13 35.70 35.70 35.20 35.25 
2017/01/16 35.15 35.20 35.15 35.15 
2017/01/17 35.35 35.45 35.30 35.35 
2017/01/18 35.55 35.70 35.30 35.30 
2017/01/19 35.30 36.40 35.30 36.00 
2017/01/20 36.00 36.35 35.60 35.60 
2017/01/23 35.60 35.95 35.50 35.60 
2017/01/24 35.65 35.65 35.30 35.35 
2017/02/02 35.35 35.65 35.35 35.35 
2017/02/03 36.40 36.40 35.85 35.85 
2017/02/06 36.25 36.45 35.95 36.20 
2017/02/07 36.20 36.20 35.95 35.95 
2017/02/08 36.05 37.30 36.00 37.10 
