2016/07/01 27.90 28.20 27.55 27.55 
2016/07/04 27.45 27.95 27.25 27.40 
2016/07/05 28.00 30.10 28.00 29.75 
2016/07/06 28.95 28.95 28.00 28.60 
2016/07/07 28.70 29.00 28.35 28.35 
2016/07/11 28.35 28.40 27.75 27.85 
2016/07/12 28.20 28.80 28.00 28.30 
2016/07/13 28.30 28.60 28.25 28.30 
2016/07/14 28.50 28.70 28.10 28.30 
2016/07/15 28.35 29.50 28.35 29.30 
2016/07/18 29.60 31.90 29.50 31.30 
2016/07/19 30.80 30.80 30.00 30.30 
2016/07/20 30.30 30.30 29.70 29.80 
2016/07/21 29.75 30.05 29.30 29.40 
2016/07/22 29.90 29.90 29.25 29.35 
2016/07/25 29.90 30.15 28.80 28.95 
2016/07/26 29.60 29.65 29.10 29.30 
2016/07/27 29.10 29.50 28.65 28.70 
2016/07/28 29.00 29.15 28.70 28.70 
2016/07/29 29.00 29.00 28.30 28.30 
2016/08/01 28.45 28.95 28.35 28.45 
2016/08/02 28.70 28.75 28.40 28.70 
2016/08/03 28.70 28.70 28.40 28.40 
2016/08/04 28.60 28.65 27.50 27.90 
2016/08/05 28.00 28.15 27.90 27.90 
2016/08/08 28.05 28.30 28.00 28.05 
2016/08/09 28.05 28.25 27.60 27.70 
2016/08/10 27.70 28.00 27.70 27.80 
2016/08/11 27.85 28.40 27.85 28.05 
2016/08/12 27.90 28.15 27.90 28.00 
2016/08/15 27.60 27.85 27.60 27.60 
2016/08/16 27.60 28.00 27.60 28.00 
2016/08/17 27.70 27.70 27.60 27.70 
2016/08/18 27.75 27.75 27.50 27.70 
2016/08/19 27.90 27.90 27.55 27.60 
2016/08/22 27.55 27.60 27.50 27.55 
2016/08/23 27.85 27.85 27.45 27.45 
2016/08/24 27.85 27.90 27.50 27.50 
2016/08/25 27.80 27.80 27.35 27.60 
2016/08/26 27.40 28.00 27.35 27.90 
2016/08/29 27.90 27.90 27.50 27.70 
2016/08/30 27.90 28.50 27.90 28.15 
2016/08/31 28.05 28.05 27.50 27.65 
2016/09/01 27.70 28.05 27.70 27.80 
2016/09/02 28.20 28.30 27.60 27.70 
2016/09/05 27.70 28.45 27.70 28.05 
2016/09/06 28.10 28.15 28.00 28.05 
2016/09/07 28.15 28.35 28.00 28.35 
2016/09/08 28.95 28.95 28.10 28.20 
2016/09/09 28.40 28.70 28.15 28.55 
2016/09/10 28.55 28.55 28.15 28.25 
2016/09/12 31.00 31.00 29.30 29.30 
2016/09/13 29.30 29.30 28.80 29.00 
2016/09/14 29.00 29.80 29.00 29.50 
2016/09/19 29.65 30.15 29.40 29.85 
2016/09/20 29.60 30.00 29.60 29.85 
2016/09/21 30.00 30.15 29.80 29.85 
2016/09/22 30.05 30.20 29.70 29.75 
2016/09/23 30.05 30.60 29.85 30.00 
2016/09/26 29.85 30.05 29.60 29.60 
2016/09/29 29.65 30.95 29.65 30.40 
2016/09/30 30.05 30.05 29.80 29.80 
2016/10/03 30.20 31.10 29.70 30.40 
2016/10/04 30.50 31.70 30.20 30.85 
2016/10/05 30.80 30.80 29.80 29.95 
2016/10/06 30.20 30.35 30.00 30.10 
2016/10/07 30.05 30.10 30.00 30.10 
2016/10/11 28.50 29.40 27.65 28.15 
2016/10/12 28.20 28.40 27.70 28.00 
2016/10/13 28.00 28.15 28.00 28.10 
2016/10/14 28.10 28.10 27.55 27.80 
2016/10/17 27.80 28.35 27.80 28.35 
2016/10/18 28.35 28.50 28.35 28.50 
2016/10/19 28.55 28.90 28.50 28.90 
2016/10/20 28.90 29.10 28.75 29.10 
2016/10/21 28.85 29.10 28.85 28.90 
2016/10/24 29.05 29.35 29.00 29.00 
2016/10/25 28.90 29.05 28.80 29.00 
2016/10/26 29.10 29.10 28.60 28.95 
2016/10/27 28.95 29.45 28.65 28.80 
2016/10/28 28.65 28.65 28.55 28.55 
2016/10/31 28.55 28.55 28.40 28.45 
2016/11/01 28.40 28.45 28.40 28.40 
2016/11/02 28.40 28.40 28.10 28.10 
2016/11/03 27.90 27.95 27.80 27.85 
2016/11/04 27.95 28.75 27.90 28.50 
2016/11/07 28.20 28.30 28.20 28.25 
2016/11/08 28.15 28.50 28.00 28.25 
2016/11/09 28.05 28.05 27.35 28.05 
2016/11/10 28.50 29.50 28.45 29.50 
2016/11/11 28.70 29.00 28.45 29.00 
2016/11/14 29.00 29.00 28.20 28.25 
2016/11/15 28.40 28.70 28.20 28.70 
2016/11/16 28.50 28.50 28.20 28.20 
2016/11/17 28.75 28.75 28.00 28.00 
2016/11/18 28.00 28.50 28.00 28.30 
2016/11/21 28.30 28.95 28.10 28.95 
2016/11/22 28.95 28.95 28.45 28.45 
2016/11/23 28.65 29.60 28.40 29.60 
2016/11/24 28.45 29.30 28.45 29.30 
2016/11/25 28.75 28.75 28.60 28.70 
2016/11/28 28.95 28.95 28.30 28.60 
2016/11/29 28.70 29.00 28.50 29.00 
2016/11/30 29.00 29.00 29.00 29.00 
2016/12/01 28.80 29.20 28.70 29.20 
2016/12/02 29.10 29.10 28.90 28.90 
2016/12/05 28.65 28.65 28.60 28.60 
2016/12/06 28.70 28.70 28.50 28.50 
2016/12/07 28.55 28.55 28.40 28.45 
2016/12/08 28.50 28.50 28.20 28.20 
2016/12/09 28.40 28.40 28.30 28.40 
2016/12/12 28.00 28.20 28.00 28.00 
2016/12/13 28.00 28.00 27.85 28.00 
2016/12/14 27.85 27.90 27.85 27.85 
2016/12/15 27.70 28.75 27.40 28.75 
2016/12/16 28.30 28.30 27.90 28.30 
2016/12/19 27.90 28.30 27.75 28.30 
2016/12/20 28.00 28.00 27.40 27.50 
2016/12/21 27.60 27.85 27.50 27.85 
2016/12/22 27.85 28.20 27.80 28.15 
2016/12/23 28.00 28.15 27.65 28.10 
2016/12/26 28.20 28.20 27.70 28.00 
2016/12/27 27.70 27.90 27.60 27.90 
2016/12/28 27.75 28.00 27.70 27.95 
2016/12/29 27.65 27.90 27.65 27.85 
2016/12/30 28.00 28.50 27.95 28.50 
2017/01/03 28.50 28.50 28.00 28.00 
2017/01/04 28.70 28.70 28.00 28.00 
2017/01/05 28.00 28.40 28.00 28.05 
2017/01/06 28.00 28.15 27.90 28.15 
2017/01/09 28.05 28.05 27.85 27.85 
2017/01/10 27.70 27.80 27.70 27.70 
2017/01/11 27.70 28.00 27.70 27.85 
2017/01/12 27.80 27.80 27.60 27.75 
2017/01/16 27.60 27.60 27.40 27.40 
2017/01/17 27.45 27.50 27.40 27.45 
2017/01/18 27.45 27.70 27.40 27.70 
2017/01/19 27.60 27.60 27.40 27.45 
2017/01/20 27.45 27.90 27.40 27.40 
2017/01/23 27.60 27.60 27.25 27.25 
2017/01/24 27.45 27.85 27.30 27.85 
2017/02/02 27.75 27.75 27.50 27.50 
2017/02/03 27.50 27.55 27.35 27.40 
2017/02/06 27.40 27.95 27.40 27.65 
2017/02/07 27.50 27.95 27.30 27.95 
2017/02/08 28.00 28.20 27.90 28.20 
