2016/07/01 61.40 61.80 61.10 61.10 
2016/07/04 61.20 61.90 61.00 61.30 
2016/07/05 61.50 63.10 60.90 62.00 
2016/07/06 62.10 62.10 61.20 61.40 
2016/07/07 61.80 61.80 60.80 60.80 
2016/07/11 61.20 61.20 60.00 60.60 
2016/07/12 60.70 61.10 60.50 60.50 
2016/07/13 60.80 61.90 60.10 61.90 
2016/07/14 62.00 63.30 61.60 62.00 
2016/07/15 62.10 62.50 61.70 62.20 
2016/07/18 62.30 63.00 62.30 62.70 
2016/07/19 63.10 64.40 62.90 62.90 
2016/07/20 63.20 63.20 61.50 62.20 
2016/07/21 62.00 62.60 61.60 61.80 
2016/07/22 62.00 62.00 61.50 61.60 
2016/07/25 62.00 62.00 61.60 61.60 
2016/07/26 61.70 62.20 61.00 61.00 
2016/07/27 61.20 61.40 58.60 60.00 
2016/07/28 60.00 60.40 59.50 59.50 
2016/07/29 60.00 60.10 59.50 59.70 
2016/08/01 59.70 60.00 59.30 59.30 
2016/08/02 59.50 59.90 59.40 59.50 
2016/08/03 59.50 60.00 59.50 59.60 
2016/08/04 59.90 60.00 59.40 59.70 
2016/08/05 59.80 63.80 59.80 62.00 
2016/08/08 62.50 63.40 62.20 62.50 
2016/08/09 62.50 62.50 61.20 61.30 
2016/08/10 61.30 62.20 61.20 61.30 
2016/08/11 61.50 61.50 61.00 61.00 
2016/08/12 61.20 61.80 61.10 61.10 
2016/08/15 61.10 61.60 61.10 61.20 
2016/08/16 61.20 61.60 61.10 61.10 
2016/08/17 61.10 61.40 60.60 60.60 
2016/08/18 60.20 61.10 60.20 60.60 
2016/08/19 60.60 61.60 60.60 60.70 
2016/08/22 60.80 60.80 59.50 60.00 
2016/08/23 60.90 61.00 60.10 60.10 
2016/08/24 60.10 60.30 60.00 60.00 
2016/08/25 60.70 60.80 60.00 60.10 
2016/08/26 60.50 60.50 59.80 60.00 
2016/08/29 60.30 60.80 60.10 60.70 
2016/08/30 61.50 61.50 60.60 60.60 
2016/08/31 60.50 60.50 60.00 60.20 
2016/09/01 60.30 60.40 58.10 59.20 
2016/09/02 59.30 59.50 58.00 58.00 
2016/09/05 57.50 58.50 57.50 58.30 
2016/09/06 58.50 59.00 58.10 59.00 
2016/09/07 58.60 59.20 58.10 59.00 
2016/09/08 59.40 59.40 58.90 59.20 
2016/09/09 59.10 65.10 59.00 63.80 
2016/09/10 62.00 63.00 61.30 61.50 
2016/09/12 62.00 62.70 61.50 61.50 
2016/09/13 62.00 62.00 60.00 60.40 
2016/09/14 59.60 60.90 59.60 60.80 
2016/09/19 60.80 61.30 60.50 60.50 
2016/09/20 60.40 60.90 59.80 60.10 
2016/09/21 60.10 60.60 59.80 60.60 
2016/09/22 60.60 60.70 59.80 60.00 
2016/09/23 60.30 61.20 60.10 60.30 
2016/09/26 60.10 60.30 59.70 59.80 
2016/09/29 60.30 60.50 59.80 60.50 
2016/09/30 60.60 60.60 59.90 60.40 
2016/10/03 60.40 60.50 59.80 59.90 
2016/10/04 59.90 59.90 59.10 59.60 
2016/10/05 59.60 60.00 59.50 59.50 
2016/10/06 61.40 61.40 59.60 59.60 
2016/10/07 60.00 60.40 59.20 59.40 
2016/10/11 59.90 59.90 58.00 58.00 
2016/10/12 58.00 59.90 57.60 59.90 
2016/10/13 59.50 59.60 58.40 58.50 
2016/10/14 58.60 58.60 56.20 56.70 
2016/10/17 56.50 57.20 56.10 56.10 
2016/10/18 56.10 56.10 55.20 56.00 
2016/10/19 56.10 59.00 56.10 59.00 
2016/10/20 58.20 59.00 57.60 58.50 
2016/10/21 58.60 59.90 58.40 59.00 
2016/10/24 59.80 59.90 58.70 59.50 
2016/10/25 59.90 60.00 59.30 59.80 
2016/10/26 59.30 59.50 58.70 58.70 
2016/10/27 59.60 59.60 58.60 58.60 
2016/10/28 59.20 60.70 58.70 60.50 
2016/10/31 59.80 61.00 59.60 59.70 
2016/11/01 60.00 60.00 58.70 60.00 
2016/11/02 59.20 59.50 58.20 59.50 
2016/11/03 58.80 58.80 57.60 57.70 
2016/11/04 57.00 57.90 56.80 57.30 
2016/11/07 58.30 58.30 57.20 57.20 
2016/11/08 57.50 57.70 57.00 57.40 
2016/11/09 58.00 58.20 53.70 55.60 
2016/11/10 56.80 57.40 56.20 57.30 
2016/11/11 57.30 57.80 56.00 56.00 
2016/11/14 55.40 55.50 54.90 55.00 
2016/11/15 55.00 56.10 54.90 56.00 
2016/11/16 55.60 56.00 55.30 56.00 
2016/11/17 56.00 57.20 55.00 56.00 
2016/11/18 56.00 56.70 55.30 55.60 
2016/11/21 56.20 56.20 55.10 55.20 
2016/11/22 55.30 55.50 54.90 55.10 
2016/11/23 55.00 55.80 53.60 55.80 
2016/11/24 55.90 55.90 54.50 54.50 
2016/11/25 54.50 55.30 53.80 55.30 
2016/11/28 56.20 60.30 56.20 59.10 
2016/11/29 59.80 59.80 57.60 57.60 
2016/11/30 58.70 58.70 56.80 58.00 
2016/12/01 58.00 58.80 57.50 57.70 
2016/12/02 57.60 58.00 56.80 58.00 
2016/12/05 58.00 58.00 56.70 56.70 
2016/12/06 57.40 58.00 56.70 56.80 
2016/12/07 57.30 57.40 56.50 56.60 
2016/12/08 57.00 59.00 57.00 57.40 
2016/12/09 57.40 57.60 57.10 57.10 
2016/12/12 58.00 58.10 57.10 57.10 
2016/12/13 57.10 57.60 56.60 56.90 
2016/12/14 57.00 57.00 56.50 56.50 
2016/12/15 56.80 57.20 56.50 56.50 
2016/12/16 56.70 57.60 56.50 56.90 
2016/12/19 57.30 57.40 55.80 55.80 
2016/12/20 56.00 56.10 55.00 56.10 
2016/12/21 55.50 56.60 55.20 55.60 
2016/12/22 55.60 56.80 55.60 56.50 
2016/12/23 56.50 56.50 55.50 56.20 
2016/12/26 56.50 56.50 55.40 56.20 
2016/12/27 56.30 56.30 55.60 55.80 
2016/12/28 56.00 56.10 55.60 56.10 
2016/12/29 58.90 61.70 58.60 59.00 
2016/12/30 59.20 59.20 58.20 59.00 
2017/01/03 58.90 58.90 57.30 57.40 
2017/01/04 57.60 58.20 57.40 57.90 
2017/01/05 59.60 60.40 58.40 58.40 
2017/01/06 59.00 59.50 58.30 59.10 
2017/01/09 60.80 61.20 58.70 58.80 
2017/01/10 59.20 59.40 57.90 58.70 
2017/01/11 58.80 59.00 58.10 59.00 
2017/01/12 58.30 58.60 58.00 58.10 
2017/01/13 58.10 58.70 57.80 58.70 
2017/01/16 58.40 58.50 57.60 57.60 
2017/01/17 57.60 58.30 57.30 57.30 
2017/01/18 57.80 57.90 57.30 57.80 
2017/01/19 57.60 57.70 56.90 57.50 
2017/01/20 57.60 57.70 57.10 57.40 
2017/01/23 57.00 57.60 56.30 56.90 
2017/01/24 56.60 60.00 56.30 60.00 
2017/02/02 59.20 59.20 58.00 58.10 
2017/02/03 58.90 58.90 58.00 58.00 
2017/02/06 58.00 58.50 57.80 57.80 
2017/02/07 58.20 58.20 57.50 57.60 
2017/02/08 57.60 58.50 57.60 57.90 
