2016/07/01 221.50 224.00 220.50 220.50 
2016/07/04 221.00 221.50 217.00 217.50 
2016/07/05 219.50 223.00 219.50 223.00 
2016/07/06 223.00 223.00 218.50 219.00 
2016/07/07 222.00 222.00 218.50 220.50 
2016/07/11 221.50 222.00 219.00 220.00 
2016/07/12 222.00 222.50 218.00 218.00 
2016/07/13 219.50 221.00 217.00 218.50 
2016/07/14 219.50 224.00 219.00 223.50 
2016/07/15 225.50 231.00 224.00 229.50 
2016/07/18 231.00 235.00 229.50 230.50 
2016/07/19 232.00 232.00 228.00 229.00 
2016/07/20 228.00 230.00 227.00 228.00 
2016/07/21 229.00 233.50 228.50 231.50 
2016/07/22 232.50 237.50 232.00 233.00 
2016/07/25 199.00 211.50 199.00 210.00 
2016/07/26 215.00 217.00 212.00 213.00 
2016/07/27 214.50 214.50 209.00 209.00 
2016/07/28 209.50 216.00 209.50 214.50 
2016/07/29 215.00 216.50 213.00 215.50 
2016/08/01 218.00 219.00 212.00 213.00 
2016/08/02 214.50 215.00 212.50 214.00 
2016/08/03 212.00 217.50 210.50 216.00 
2016/08/04 216.50 217.00 214.50 214.50 
2016/08/05 215.00 218.00 214.50 214.50 
2016/08/08 214.50 215.00 213.50 214.00 
2016/08/09 214.00 214.50 210.00 210.00 
2016/08/10 211.00 215.50 209.50 214.00 
2016/08/11 213.50 214.00 210.00 210.50 
2016/08/12 212.00 213.00 210.00 211.50 
2016/08/15 212.00 212.50 211.00 212.00 
2016/08/16 213.00 218.00 212.50 214.00 
2016/08/17 213.00 213.50 210.00 210.00 
2016/08/18 210.00 214.00 209.50 213.00 
2016/08/19 213.00 215.50 212.00 212.50 
2016/08/22 211.50 212.50 210.00 211.00 
2016/08/23 214.00 216.00 213.00 215.50 
2016/08/24 216.00 216.00 214.00 215.00 
2016/08/25 214.50 218.00 213.50 216.50 
2016/08/26 217.00 218.50 215.00 215.00 
2016/08/29 215.00 216.00 212.00 213.00 
2016/08/30 213.50 214.50 212.50 213.00 
2016/08/31 214.00 215.00 210.50 215.00 
2016/09/01 222.00 235.00 222.00 230.00 
2016/09/02 229.00 229.50 224.50 226.00 
2016/09/05 227.00 229.50 224.00 228.00 
2016/09/06 229.50 232.50 226.00 226.00 
2016/09/07 227.50 231.00 226.50 230.00 
2016/09/08 230.00 231.00 228.00 228.50 
2016/09/09 228.50 230.50 228.50 230.00 
2016/09/10 226.00 232.00 225.50 230.00 
2016/09/12 233.00 240.50 232.50 236.50 
2016/09/13 238.50 240.00 231.00 233.50 
2016/09/14 234.50 238.50 233.00 238.50 
2016/09/19 246.50 249.50 242.00 244.50 
2016/09/20 243.50 245.50 242.50 243.00 
2016/09/21 243.00 246.00 241.50 242.50 
2016/09/22 245.00 246.00 236.00 237.50 
2016/09/23 239.50 243.00 238.00 241.00 
2016/09/26 240.50 242.50 239.50 242.00 
2016/09/29 244.00 248.00 242.00 242.50 
2016/09/30 242.00 243.50 239.50 239.50 
2016/10/03 241.00 244.50 240.00 243.00 
2016/10/04 242.50 243.00 240.00 242.00 
2016/10/05 247.50 252.00 246.50 247.00 
2016/10/06 246.50 252.00 246.00 252.00 
2016/10/07 252.50 254.00 248.00 252.00 
2016/10/11 255.00 255.00 243.50 243.50 
2016/10/12 240.50 241.50 236.00 239.00 
2016/10/13 238.50 239.00 230.50 231.00 
2016/10/14 231.00 233.00 223.00 226.00 
2016/10/17 226.00 231.00 226.00 228.00 
2016/10/18 227.50 227.50 224.50 226.50 
2016/10/19 242.00 244.00 230.50 231.00 
2016/10/20 229.50 229.50 223.00 225.50 
2016/10/21 226.50 227.50 224.00 224.00 
2016/10/24 225.00 226.50 223.50 225.00 
2016/10/25 225.00 226.00 222.00 222.00 
2016/10/26 220.50 221.50 216.00 217.00 
2016/10/27 217.00 221.50 215.50 218.00 
2016/10/28 217.00 219.00 214.50 215.00 
2016/10/31 213.50 216.00 213.00 215.50 
2016/11/01 215.50 215.50 211.50 211.50 
2016/11/02 210.50 210.50 202.00 202.00 
2016/11/03 199.50 204.50 198.00 198.50 
2016/11/04 200.00 202.50 198.00 200.50 
2016/11/07 203.00 203.00 200.00 200.50 
2016/11/08 202.50 205.00 200.00 205.00 
2016/11/09 208.00 209.00 198.00 199.00 
2016/11/10 210.00 213.00 206.50 212.50 
2016/11/11 213.00 216.00 208.00 210.00 
2016/11/14 210.50 211.00 206.00 206.00 
2016/11/15 206.50 208.50 204.00 206.50 
2016/11/16 208.50 208.50 206.50 207.50 
2016/11/17 207.00 207.00 203.00 206.00 
2016/11/18 207.00 208.50 205.00 206.50 
2016/11/21 208.00 208.50 205.00 205.50 
2016/11/22 206.50 206.50 204.00 205.00 
2016/11/23 204.50 207.00 203.50 203.50 
2016/11/24 204.50 207.00 204.00 204.50 
2016/11/25 206.00 206.00 202.00 202.00 
2016/11/28 202.50 205.00 202.00 202.50 
2016/11/29 204.00 209.00 204.00 206.00 
2016/11/30 207.00 208.00 204.00 204.50 
2016/12/01 205.50 207.00 205.00 205.00 
2016/12/02 203.50 204.50 202.50 203.50 
2016/12/05 204.00 204.50 201.50 202.50 
2016/12/06 204.00 204.50 202.00 202.00 
2016/12/07 204.00 204.00 202.50 203.50 
2016/12/08 204.00 204.50 203.00 203.00 
2016/12/09 203.00 211.00 203.00 207.00 
2016/12/12 207.50 208.00 204.00 204.00 
2016/12/13 205.00 205.00 203.00 203.00 
2016/12/14 205.00 205.00 203.00 203.50 
2016/12/15 203.50 204.00 199.50 200.50 
2016/12/16 200.50 203.00 197.50 197.50 
2016/12/19 196.00 196.00 178.50 184.00 
2016/12/20 183.50 184.00 175.50 179.00 
2016/12/21 180.00 182.00 174.00 174.50 
2016/12/22 175.50 183.50 174.50 178.50 
2016/12/23 180.00 181.50 176.50 177.50 
2016/12/26 178.00 179.50 176.00 177.00 
2016/12/27 179.00 182.50 178.00 181.50 
2016/12/28 181.50 182.50 178.50 178.50 
2016/12/29 179.00 182.00 179.00 180.00 
2016/12/30 183.00 184.00 181.50 181.50 
2017/01/03 182.50 184.00 181.50 181.50 
2017/01/04 188.00 192.00 186.50 188.00 
2017/01/05 189.50 193.00 187.50 191.00 
2017/01/06 191.00 191.00 188.50 189.50 
2017/01/09 191.00 191.50 186.00 187.00 
2017/01/10 184.50 186.50 183.00 185.50 
2017/01/11 185.00 191.00 185.00 187.00 
2017/01/12 186.00 189.00 184.00 188.00 
2017/01/13 188.00 191.00 185.50 188.00 
2017/01/16 188.50 190.00 187.00 189.50 
2017/01/17 190.00 190.00 188.00 188.00 
2017/01/18 190.50 193.50 188.50 189.00 
2017/01/19 189.50 190.00 186.00 186.50 
2017/01/20 187.50 188.00 186.50 186.50 
2017/01/23 190.00 190.50 188.00 188.00 
2017/01/24 188.00 190.00 188.00 190.00 
2017/02/02 189.00 193.00 188.00 191.50 
2017/02/03 192.00 197.00 191.00 196.50 
2017/02/06 198.00 198.00 194.00 194.50 
2017/02/07 195.50 199.00 194.00 197.50 
2017/02/08 198.50 207.50 198.50 205.00 
