2016/07/01 39.55 40.00 39.45 39.70 
2016/07/04 39.90 39.90 38.80 39.30 
2016/07/05 39.25 40.20 39.00 39.80 
2016/07/06 39.90 40.00 38.80 39.05 
2016/07/07 39.15 39.25 38.95 39.10 
2016/07/11 39.50 39.50 38.10 38.55 
2016/07/12 39.10 39.10 38.20 38.50 
2016/07/13 38.40 38.40 37.80 38.35 
2016/07/14 38.35 38.40 37.90 38.35 
2016/07/15 38.60 38.90 38.35 38.80 
2016/07/18 40.00 42.65 39.35 42.65 
2016/07/19 42.10 42.20 41.15 41.50 
2016/07/20 42.10 45.20 41.70 44.80 
2016/07/21 43.60 45.40 43.60 44.60 
2016/07/22 44.95 44.95 43.65 43.65 
2016/07/25 44.55 44.55 41.90 42.15 
2016/07/26 41.90 42.30 41.70 42.25 
2016/07/27 43.10 43.80 42.20 42.95 
2016/07/28 42.90 43.35 42.35 43.10 
2016/07/29 43.00 43.00 42.10 42.20 
2016/08/01 42.30 42.50 41.50 41.95 
2016/08/02 41.95 42.15 41.80 41.80 
2016/08/03 41.60 41.90 41.40 41.85 
2016/08/04 42.00 43.40 42.00 43.40 
2016/08/05 43.40 43.50 42.20 42.30 
2016/08/08 42.30 42.70 40.50 41.50 
2016/08/09 41.00 41.25 40.10 40.25 
2016/08/10 40.25 40.85 40.25 40.85 
2016/08/11 41.70 41.80 41.00 41.50 
2016/08/12 41.30 41.85 40.95 41.50 
2016/08/15 41.45 41.45 40.60 41.35 
2016/08/16 41.45 41.50 41.00 41.00 
2016/08/17 41.00 41.00 40.25 40.25 
2016/08/18 40.75 41.20 40.40 40.65 
2016/08/19 41.70 41.90 40.75 40.75 
2016/08/22 40.40 40.70 38.90 39.60 
2016/08/23 39.60 40.00 39.40 39.90 
2016/08/24 39.65 40.00 39.65 39.95 
2016/08/25 40.00 40.00 39.45 39.80 
2016/08/26 39.80 39.80 39.25 39.50 
2016/08/29 39.45 39.45 38.60 38.80 
2016/08/30 38.80 39.30 38.80 38.80 
2016/08/31 39.00 39.00 38.20 38.80 
2016/09/01 39.00 39.30 38.50 38.75 
2016/09/02 39.35 39.35 38.00 38.10 
2016/09/05 38.30 38.50 37.90 38.05 
2016/09/06 38.00 38.50 38.00 38.25 
2016/09/07 38.60 39.10 38.50 38.95 
2016/09/08 39.05 39.30 38.50 38.75 
2016/09/09 38.90 39.30 38.75 38.95 
2016/09/10 38.25 38.60 38.20 38.55 
2016/09/12 38.55 38.90 38.25 38.25 
2016/09/13 38.45 38.75 37.40 37.40 
2016/09/14 37.45 37.60 37.25 37.55 
2016/09/19 37.80 37.80 37.55 37.80 
2016/09/20 37.80 38.20 37.30 37.45 
2016/09/21 37.80 37.80 37.10 37.70 
2016/09/22 38.45 38.45 37.45 37.65 
2016/09/23 38.00 38.80 37.65 38.60 
2016/09/26 38.55 38.55 38.00 38.00 
2016/09/29 38.05 38.30 38.00 38.25 
2016/09/30 38.00 38.00 37.45 37.75 
2016/10/03 37.95 38.20 37.70 37.80 
2016/10/04 37.60 38.10 37.45 38.10 
2016/10/05 38.15 38.15 37.65 38.15 
2016/10/06 38.35 38.35 37.70 37.80 
2016/10/07 38.00 38.25 37.55 37.60 
2016/10/11 37.60 37.60 35.80 36.40 
2016/10/12 36.00 36.60 36.00 36.60 
2016/10/13 36.20 36.30 36.00 36.00 
2016/10/14 36.50 36.50 34.60 34.65 
2016/10/17 34.65 34.95 34.20 34.50 
2016/10/18 34.40 34.40 33.95 34.00 
2016/10/19 34.30 34.55 34.00 34.00 
2016/10/20 34.20 34.20 33.40 33.40 
2016/10/21 33.40 33.80 33.40 33.45 
2016/10/24 33.65 34.90 33.65 34.25 
2016/10/25 34.35 35.35 34.35 35.00 
2016/10/26 35.00 35.00 34.05 34.25 
2016/10/27 34.00 34.60 34.00 34.50 
2016/10/28 34.20 34.70 34.00 34.00 
2016/10/31 33.70 34.70 33.70 34.00 
2016/11/01 34.00 34.50 33.95 33.95 
2016/11/02 34.10 34.10 32.50 33.30 
2016/11/03 33.30 33.30 32.00 32.00 
2016/11/04 31.30 32.30 31.30 31.60 
2016/11/07 31.60 32.00 31.60 31.80 
2016/11/08 32.00 32.20 31.50 31.90 
2016/11/09 31.90 31.90 30.10 30.10 
2016/11/10 31.90 33.10 31.35 33.10 
2016/11/11 33.30 33.50 32.00 32.80 
2016/11/14 32.80 33.20 32.30 32.45 
2016/11/15 33.60 33.60 32.60 32.90 
2016/11/16 32.90 32.90 32.50 32.60 
2016/11/17 32.80 32.80 32.25 32.35 
2016/11/18 32.85 33.80 32.80 33.30 
2016/11/21 32.70 33.50 32.70 33.15 
2016/11/22 33.15 33.15 32.80 32.85 
2016/11/23 33.10 34.65 32.85 33.80 
2016/11/24 33.40 34.30 33.40 33.50 
2016/11/25 33.90 33.90 32.85 33.00 
2016/11/28 33.00 33.00 32.10 32.50 
2016/11/29 32.90 33.00 32.50 32.70 
2016/11/30 33.00 33.35 32.70 32.85 
2016/12/01 33.30 34.50 33.20 34.10 
2016/12/02 33.40 33.95 33.40 33.75 
2016/12/05 34.00 34.00 33.15 33.40 
2016/12/06 33.45 33.55 33.00 33.35 
2016/12/07 33.80 33.80 33.15 33.20 
2016/12/08 33.20 33.60 32.85 33.20 
2016/12/09 32.85 35.50 32.75 34.65 
2016/12/12 34.65 35.00 33.85 34.10 
2016/12/13 34.10 34.40 33.80 33.85 
2016/12/14 33.90 33.90 33.45 33.45 
2016/12/15 33.10 33.70 33.10 33.50 
2016/12/16 33.60 33.80 33.35 33.60 
2016/12/19 33.30 34.05 33.25 33.25 
2016/12/20 33.25 33.60 32.85 32.85 
2016/12/21 33.80 33.80 33.15 33.40 
2016/12/22 33.65 34.45 33.40 33.80 
2016/12/23 33.35 33.90 33.15 33.15 
2016/12/26 33.00 33.00 32.50 32.75 
2016/12/27 32.85 33.40 32.70 32.80 
2016/12/28 33.00 33.00 32.80 32.80 
2016/12/29 33.00 33.30 32.85 32.95 
2016/12/30 33.40 33.60 32.90 32.95 
2017/01/03 33.60 33.60 32.60 33.00 
2017/01/04 33.00 33.35 32.90 33.25 
2017/01/05 33.70 36.00 33.60 35.20 
2017/01/06 34.80 34.80 34.25 34.30 
2017/01/09 34.60 34.60 33.35 33.60 
2017/01/10 34.00 34.00 33.65 33.75 
2017/01/11 34.30 34.30 33.00 33.00 
2017/01/12 32.70 33.20 32.70 32.75 
2017/01/13 32.65 32.70 32.25 32.30 
2017/01/16 32.20 32.20 31.50 31.85 
2017/01/17 31.90 32.20 31.60 31.85 
2017/01/18 31.85 32.40 31.60 32.10 
2017/01/19 32.15 32.15 31.80 31.95 
2017/01/20 32.00 32.30 31.60 32.10 
2017/01/23 32.45 32.80 32.00 32.10 
2017/01/24 31.70 31.80 31.60 31.80 
2017/02/02 32.80 32.80 31.70 31.90 
2017/02/03 32.50 32.50 31.80 32.10 
2017/02/06 32.30 32.60 32.00 32.45 
2017/02/07 32.60 32.60 31.95 32.40 
2017/02/08 32.30 32.95 31.90 32.70 
