2016/07/01 29.60 30.00 29.60 30.00 
2016/07/04 30.05 30.45 30.00 30.45 
2016/07/05 30.70 30.70 30.10 30.10 
2016/07/06 29.90 30.00 29.20 29.60 
2016/07/07 28.70 29.95 28.70 29.35 
2016/07/11 29.45 30.00 29.20 29.30 
2016/07/12 29.60 29.60 29.30 29.60 
2016/07/13 29.20 29.80 29.10 29.80 
2016/07/14 29.35 29.80 29.20 29.30 
2016/07/15 29.70 29.80 29.35 29.80 
2016/07/18 29.80 30.40 29.80 29.95 
2016/07/19 30.00 30.00 29.60 29.95 
2016/07/20 30.40 30.50 30.00 30.00 
2016/07/21 30.00 30.00 29.65 29.65 
2016/07/22 30.00 30.00 29.60 29.70 
2016/07/25 29.70 29.80 29.50 29.60 
2016/07/26 29.80 30.00 29.70 29.70 
2016/07/27 29.80 30.80 29.80 30.80 
2016/07/28 30.85 31.60 30.80 31.00 
2016/07/29 31.00 31.00 30.90 31.00 
2016/08/01 30.60 31.45 30.55 31.10 
2016/08/02 31.10 31.15 30.20 30.20 
2016/08/03 30.20 30.25 30.20 30.20 
2016/08/04 30.00 30.00 30.00 30.00 
2016/08/05 30.50 30.90 30.20 30.90 
2016/08/08 30.00 30.75 29.20 29.70 
2016/08/09 29.75 29.95 29.20 29.20 
2016/08/10 29.20 29.20 27.40 27.60 
2016/08/11 27.30 27.75 27.00 27.20 
2016/08/12 26.80 27.50 26.75 27.50 
2016/08/15 27.95 28.20 27.95 28.00 
2016/08/16 28.40 28.40 27.15 27.30 
2016/08/17 27.15 27.90 27.15 27.40 
2016/08/18 26.70 27.60 26.70 27.60 
2016/08/19 27.50 27.50 27.05 27.20 
2016/08/22 27.20 27.50 27.10 27.25 
2016/08/23 27.10 28.10 27.10 27.25 
2016/08/24 27.25 27.60 27.10 27.20 
2016/08/25 27.20 27.60 27.10 27.60 
2016/08/26 27.25 27.60 27.25 27.25 
2016/08/29 27.50 27.50 27.20 27.50 
2016/08/30 27.65 27.65 27.20 27.20 
2016/08/31 27.20 27.45 27.15 27.45 
2016/09/01 27.45 27.45 26.95 26.95 
2016/09/02 26.95 27.30 26.95 27.10 
2016/09/05 27.05 27.05 26.50 27.00 
2016/09/06 27.00 27.00 26.45 26.95 
2016/09/07 26.80 26.80 26.50 26.80 
2016/09/08 26.60 27.00 26.50 26.60 
2016/09/09 27.00 27.00 26.60 26.60 
2016/09/10 26.50 26.95 26.50 26.95 
2016/09/12 26.95 27.00 26.30 27.00 
2016/09/13 26.60 27.00 26.30 27.00 
2016/09/14 26.40 26.80 26.30 26.35 
2016/09/19 26.10 26.60 25.70 26.20 
2016/09/20 25.65 26.30 25.60 25.60 
2016/09/21 26.00 26.00 25.50 25.90 
2016/09/22 25.90 25.90 25.80 25.80 
2016/09/23 25.30 26.10 25.30 26.10 
2016/09/26 26.05 26.05 25.50 25.50 
2016/09/29 25.50 26.40 25.50 26.40 
2016/09/30 26.35 26.35 26.00 26.00 
2016/10/03 26.00 26.00 26.00 26.00 
2016/10/04 26.00 26.30 25.95 26.30 
2016/10/05 26.10 26.40 26.10 26.40 
2016/10/06 26.20 26.20 25.50 25.50 
2016/10/07 25.50 25.90 25.40 25.85 
2016/10/11 26.00 26.00 26.00 26.00 
2016/10/12 26.00 26.00 26.00 26.00 
2016/10/13 25.50 25.95 25.50 25.95 
2016/10/14 25.50 25.50 24.50 24.60 
2016/10/17 24.60 24.85 24.00 24.85 
2016/10/18 23.70 24.50 23.70 24.10 
2016/10/19 24.30 24.30 23.20 24.20 
2016/10/20 24.15 24.15 23.20 23.50 
2016/10/21 23.00 23.00 22.00 22.70 
2016/10/24 22.20 22.60 22.05 22.40 
2016/10/25 22.50 22.75 22.00 22.20 
2016/10/26 22.30 22.45 21.95 21.95 
2016/10/27 22.40 23.00 21.70 23.00 
2016/10/28 23.30 23.30 22.40 22.70 
2016/10/31 22.10 23.00 22.00 22.15 
2016/11/01 21.40 22.70 21.40 22.40 
2016/11/02 21.70 22.30 21.40 22.30 
2016/11/03 21.50 22.90 21.00 22.90 
2016/11/04 22.70 23.60 21.85 21.90 
2016/11/07 21.00 21.50 20.80 21.20 
2016/11/08 20.80 20.80 20.10 20.15 
2016/11/09 19.70 20.70 19.05 19.95 
2016/11/10 19.95 20.60 19.90 20.30 
2016/11/11 20.15 20.15 19.00 20.00 
2016/11/14 19.20 20.15 18.05 20.00 
2016/11/15 19.10 20.10 19.00 20.10 
2016/11/16 20.25 20.50 19.60 20.20 
2016/11/17 20.30 20.30 19.60 19.60 
2016/11/18 20.20 20.20 19.80 20.00 
2016/11/21 20.00 20.30 20.00 20.20 
2016/11/22 20.20 20.20 20.00 20.05 
2016/11/23 20.20 20.20 20.10 20.20 
2016/11/24 20.20 20.35 19.55 20.15 
2016/11/25 19.60 20.40 19.60 20.30 
2016/11/28 20.45 20.45 20.45 20.45 
2016/11/29 20.45 21.40 20.10 21.40 
2016/11/30 21.00 21.05 20.75 21.05 
2016/12/01 21.05 21.10 20.80 21.10 
2016/12/02 21.60 21.60 20.90 21.35 
2016/12/05 21.00 21.10 20.60 21.10 
2016/12/06 21.10 21.30 21.00 21.00 
2016/12/07 21.20 21.20 20.90 20.90 
2016/12/08 20.70 21.10 20.70 21.00 
2016/12/09 21.10 21.40 20.95 20.95 
2016/12/12 20.95 21.20 20.60 21.20 
2016/12/13 21.10 21.30 21.00 21.30 
2016/12/15 21.20 21.20 20.40 20.40 
2016/12/16 20.40 20.40 19.60 20.10 
2016/12/19 20.00 20.00 19.45 19.95 
2016/12/20 19.95 21.10 19.50 20.95 
2016/12/21 20.80 20.80 20.10 20.10 
2016/12/22 20.60 20.60 19.25 19.70 
2016/12/23 19.75 19.80 19.40 19.50 
2016/12/26 19.90 20.50 19.75 20.20 
2016/12/27 19.90 19.90 19.90 19.90 
2016/12/28 19.90 19.90 19.90 19.90 
2016/12/29 20.30 20.30 19.55 19.55 
2016/12/30 19.85 20.20 19.60 20.00 
2017/01/03 20.00 20.30 19.85 20.30 
2017/01/04 19.80 20.00 19.60 19.80 
2017/01/05 20.05 20.05 19.65 19.65 
2017/01/06 19.90 19.90 19.80 19.85 
2017/01/09 19.85 20.00 19.85 20.00 
2017/01/10 19.85 20.40 19.85 20.00 
2017/01/11 19.65 19.85 19.50 19.85 
2017/01/12 19.75 19.90 19.50 19.70 
2017/01/13 19.60 20.00 19.55 20.00 
2017/01/16 19.55 20.00 19.55 20.00 
2017/01/17 19.90 19.90 19.90 19.90 
2017/01/18 19.60 19.85 19.60 19.85 
2017/01/19 20.00 20.00 19.50 19.50 
2017/01/20 19.85 19.85 19.45 19.70 
2017/01/23 19.50 19.75 19.35 19.60 
2017/01/24 19.10 20.00 19.10 20.00 
2017/02/02 20.00 20.00 19.95 19.95 
2017/02/03 20.00 20.20 20.00 20.20 
2017/02/06 20.20 20.20 19.50 20.10 
2017/02/07 20.25 20.25 19.75 19.75 
2017/02/08 19.60 19.85 19.60 19.85 
