2016/07/01 21.30 21.40 21.25 21.25 
2016/07/04 21.25 21.25 20.65 20.65 
2016/07/05 20.55 20.65 20.15 20.40 
2016/07/06 20.50 20.90 20.20 20.20 
2016/07/07 20.30 20.50 20.25 20.30 
2016/07/11 20.55 20.75 20.25 20.45 
2016/07/12 20.45 20.55 20.25 20.40 
2016/07/13 20.45 20.55 20.25 20.30 
2016/07/14 20.30 20.55 20.30 20.40 
2016/07/15 20.55 20.90 20.40 20.75 
2016/07/18 21.00 21.25 20.90 21.20 
2016/07/19 21.50 21.55 21.05 21.35 
2016/07/20 21.30 21.40 21.15 21.30 
2016/07/21 21.30 21.45 21.25 21.30 
2016/07/22 21.30 21.30 21.00 21.00 
2016/07/25 21.10 21.10 20.65 20.70 
2016/07/26 20.65 20.80 20.65 20.70 
2016/07/27 20.85 21.10 20.75 21.00 
2016/07/28 20.65 20.70 20.50 20.50 
2016/07/29 20.50 20.65 20.50 20.55 
2016/08/01 20.75 20.75 20.55 20.65 
2016/08/02 20.65 20.65 20.25 20.30 
2016/08/03 20.30 20.50 20.10 20.10 
2016/08/04 20.10 20.25 20.10 20.20 
2016/08/05 20.30 20.30 19.90 20.00 
2016/08/08 20.00 20.00 19.80 19.80 
2016/08/09 19.80 19.80 19.35 19.40 
2016/08/10 19.30 19.45 19.30 19.30 
2016/08/11 19.10 19.20 18.80 18.85 
2016/08/12 19.10 19.20 18.90 19.00 
2016/08/15 19.00 19.40 19.00 19.40 
2016/08/16 19.40 19.40 19.25 19.35 
2016/08/17 19.40 19.40 19.20 19.30 
2016/08/18 19.25 19.35 19.20 19.35 
2016/08/19 19.35 20.00 19.35 19.55 
2016/08/22 19.65 19.70 19.25 19.30 
2016/08/23 19.50 19.70 19.35 19.55 
2016/08/24 19.60 19.60 19.40 19.55 
2016/08/25 19.50 19.60 19.30 19.55 
2016/08/26 19.60 19.60 19.35 19.55 
2016/08/29 19.65 19.65 19.35 19.50 
2016/08/30 19.50 20.00 19.50 19.70 
2016/08/31 19.85 19.90 19.60 19.90 
2016/09/01 19.85 20.05 19.80 19.95 
2016/09/02 19.80 19.90 19.60 19.60 
2016/09/05 19.95 19.95 19.70 19.80 
2016/09/06 19.95 19.95 19.70 19.75 
2016/09/07 19.80 19.85 19.65 19.65 
2016/09/08 19.80 19.90 19.70 19.90 
2016/09/09 20.10 20.10 19.70 19.75 
2016/09/10 19.85 19.90 19.55 19.80 
2016/09/12 20.15 20.15 19.95 20.05 
2016/09/13 20.30 20.30 19.80 20.05 
2016/09/14 20.20 20.20 19.80 20.05 
2016/09/19 20.35 20.50 20.00 20.05 
2016/09/20 20.30 20.30 20.00 20.10 
2016/09/21 20.20 20.20 19.90 20.05 
2016/09/22 20.05 20.05 19.90 20.05 
2016/09/23 20.20 20.20 20.00 20.00 
2016/09/26 20.10 20.20 20.00 20.00 
2016/09/29 20.15 20.15 19.90 20.00 
2016/09/30 20.10 20.15 19.80 20.00 
2016/10/03 20.15 20.15 19.70 19.95 
2016/10/04 20.00 20.00 19.65 19.90 
2016/10/05 20.00 20.00 19.75 19.95 
2016/10/06 20.20 20.20 19.90 20.10 
2016/10/07 20.20 20.20 20.00 20.05 
2016/10/11 20.25 20.25 19.75 19.85 
2016/10/12 19.95 19.95 19.10 19.60 
2016/10/13 19.75 19.75 19.20 19.50 
2016/10/14 19.55 19.60 18.90 18.90 
2016/10/17 19.35 19.35 18.90 19.10 
2016/10/18 19.20 19.20 19.05 19.05 
2016/10/19 19.20 19.65 19.20 19.60 
2016/10/20 19.75 19.75 19.60 19.70 
2016/10/21 19.75 19.75 19.45 19.50 
2016/10/24 19.65 19.65 19.45 19.45 
2016/10/25 19.60 19.60 19.45 19.60 
2016/10/26 19.60 19.90 19.45 19.90 
2016/10/27 19.90 19.90 19.35 19.60 
2016/10/28 19.65 19.80 19.45 19.60 
2016/10/31 19.90 19.90 19.10 19.30 
2016/11/01 19.45 19.45 19.30 19.40 
2016/11/02 19.50 19.50 19.00 19.30 
2016/11/03 19.50 19.50 18.95 19.05 
2016/11/04 19.10 19.25 18.90 19.15 
2016/11/07 19.25 19.45 19.00 19.20 
2016/11/08 19.40 19.40 19.15 19.15 
2016/11/09 19.30 19.40 18.55 19.00 
2016/11/10 19.20 19.40 19.10 19.20 
2016/11/11 19.45 19.45 19.00 19.05 
2016/11/14 19.05 19.20 18.90 19.15 
2016/11/15 19.25 19.25 19.00 19.10 
2016/11/16 19.30 19.30 19.05 19.20 
2016/11/17 19.20 19.20 18.70 18.70 
2016/11/18 18.70 19.10 18.70 18.90 
2016/11/21 19.00 19.00 18.70 18.90 
2016/11/22 19.00 19.00 18.60 18.75 
2016/11/23 18.90 18.90 18.60 18.70 
2016/11/24 18.80 18.85 18.70 18.80 
2016/11/25 18.95 18.95 18.00 18.15 
2016/11/28 18.30 18.30 17.95 18.00 
2016/11/29 18.15 18.20 18.00 18.10 
2016/11/30 18.25 18.25 18.10 18.20 
2016/12/01 18.25 18.35 18.20 18.30 
2016/12/02 18.30 18.70 18.15 18.40 
2016/12/05 18.50 18.50 18.30 18.40 
2016/12/06 18.45 18.50 18.30 18.40 
2016/12/07 18.45 18.45 18.20 18.40 
2016/12/08 18.50 18.50 18.15 18.15 
2016/12/09 18.20 18.30 18.20 18.20 
2016/12/12 18.25 18.25 18.10 18.25 
2016/12/13 18.20 18.40 18.15 18.40 
2016/12/14 18.40 18.45 18.25 18.25 
2016/12/15 18.35 18.35 18.20 18.30 
2016/12/16 18.30 18.45 18.30 18.45 
2016/12/19 18.60 18.60 18.30 18.30 
2016/12/20 18.55 18.55 18.20 18.35 
2016/12/21 18.50 18.50 18.30 18.30 
2016/12/22 18.50 18.55 18.40 18.55 
2016/12/23 18.60 19.10 18.55 18.55 
2016/12/26 18.80 18.80 18.50 18.55 
2016/12/27 18.75 18.80 18.55 18.70 
2016/12/28 18.75 18.85 18.55 18.70 
2016/12/29 18.70 18.70 18.50 18.65 
2016/12/30 18.65 18.65 18.50 18.65 
2017/01/03 18.65 19.10 18.65 18.75 
2017/01/04 18.95 18.95 18.70 18.85 
2017/01/05 18.90 18.90 18.70 18.85 
2017/01/06 18.85 18.90 18.65 18.85 
2017/01/09 18.85 19.05 18.55 18.60 
2017/01/10 18.75 18.75 18.50 18.65 
2017/01/11 18.75 18.75 18.50 18.65 
2017/01/12 18.70 18.70 18.40 18.65 
2017/01/13 18.65 18.65 18.35 18.50 
2017/01/16 18.50 18.50 18.25 18.40 
2017/01/17 18.40 18.50 18.40 18.45 
2017/01/18 18.45 18.45 18.25 18.25 
2017/01/19 18.20 18.40 18.20 18.40 
2017/01/20 18.40 18.45 18.10 18.45 
2017/01/23 18.40 18.40 18.10 18.25 
2017/01/24 18.25 18.30 18.00 18.10 
2017/02/02 18.20 18.20 18.00 18.15 
2017/02/03 18.10 18.20 18.00 18.15 
2017/02/06 18.15 18.30 18.15 18.25 
2017/02/07 18.25 18.35 18.15 18.30 
2017/02/08 18.40 18.40 18.20 18.35 
