2016/07/01 514.00 517.00 507.00 507.00 
2016/07/04 509.00 512.00 490.00 490.00 
2016/07/05 492.00 498.50 492.00 495.00 
2016/07/06 495.00 495.00 476.50 477.00 
2016/07/07 477.00 484.00 473.00 473.00 
2016/07/11 476.00 478.00 464.00 471.00 
2016/07/12 476.00 489.00 473.00 483.00 
2016/07/13 488.00 490.50 479.50 480.00 
2016/07/14 481.00 485.50 478.00 480.50 
2016/07/15 481.00 497.50 478.00 496.00 
2016/07/18 504.00 510.00 493.50 495.00 
2016/07/19 500.00 501.00 484.00 488.00 
2016/07/20 490.00 496.00 486.00 492.00 
2016/07/21 496.00 498.00 488.50 489.00 
2016/07/22 488.00 491.50 482.00 484.50 
2016/07/25 485.50 492.50 482.00 482.00 
2016/07/26 488.00 489.00 481.50 487.00 
2016/07/27 488.50 492.50 486.50 488.50 
2016/07/28 492.50 508.00 492.50 500.00 
2016/07/29 502.00 503.00 491.50 493.00 
2016/08/01 493.50 496.00 489.00 489.00 
2016/08/02 491.00 499.00 486.00 499.00 
2016/08/03 496.50 503.00 492.00 496.00 
2016/08/04 495.00 497.50 493.00 493.00 
2016/08/05 495.50 503.00 493.50 499.00 
2016/08/08 505.00 506.00 494.50 495.50 
2016/08/09 498.00 498.00 485.00 488.00 
2016/08/10 486.00 491.00 483.00 487.00 
2016/08/11 488.00 489.50 474.00 474.50 
2016/08/12 474.50 489.50 474.00 483.00 
2016/08/15 483.00 485.50 476.00 478.00 
2016/08/16 478.00 487.00 477.00 483.00 
2016/08/17 485.00 485.00 474.50 476.00 
2016/08/18 476.00 478.50 473.50 474.50 
2016/08/19 474.00 482.00 472.00 472.00 
2016/08/22 469.00 469.00 429.00 440.50 
2016/08/23 440.50 450.50 433.00 442.50 
2016/08/24 441.50 446.00 434.00 434.00 
2016/08/25 433.00 457.00 423.00 449.00 
2016/08/26 451.00 451.00 439.00 439.00 
2016/08/29 439.00 439.00 428.50 432.00 
2016/08/30 430.00 432.00 412.00 415.00 
2016/08/31 410.00 410.00 385.50 397.00 
2016/09/01 396.00 402.00 392.00 395.00 
2016/09/02 395.00 397.50 375.50 377.00 
2016/09/05 377.00 393.50 367.00 393.50 
2016/09/06 391.00 396.00 386.00 389.50 
2016/09/07 394.00 415.50 394.00 414.00 
2016/09/08 415.50 422.00 408.00 416.50 
2016/09/09 416.50 424.00 408.00 409.00 
2016/09/10 391.00 403.00 391.00 398.50 
2016/09/12 398.50 404.00 394.00 394.00 
2016/09/13 399.50 401.50 382.00 386.50 
2016/09/14 385.00 390.00 382.00 389.50 
2016/09/19 395.00 400.00 388.00 389.50 
2016/09/20 391.00 397.00 388.00 389.00 
2016/09/21 390.00 390.50 384.00 385.00 
2016/09/22 388.00 391.50 380.50 381.00 
2016/09/23 390.00 408.00 383.50 405.00 
2016/09/26 403.00 403.00 393.00 396.50 
2016/09/29 399.00 402.00 393.00 394.50 
2016/09/30 394.50 394.50 388.50 390.50 
2016/10/03 396.00 399.00 390.50 390.50 
2016/10/04 391.00 391.00 383.00 385.00 
2016/10/05 378.50 382.00 360.50 381.00 
2016/10/06 382.00 386.00 376.00 377.00 
2016/10/07 380.00 380.00 372.00 373.50 
2016/10/11 370.00 373.50 361.00 361.50 
2016/10/12 355.00 368.00 352.00 363.50 
2016/10/13 361.50 364.00 350.00 350.00 
2016/10/14 345.00 348.00 321.00 321.50 
2016/10/17 335.00 352.00 335.00 342.00 
2016/10/18 341.00 343.50 335.50 340.00 
2016/10/19 342.00 348.00 334.50 336.00 
2016/10/20 336.00 336.00 328.00 331.00 
2016/10/21 331.00 334.50 323.00 326.00 
2016/10/24 326.00 327.00 323.00 325.00 
2016/10/25 325.00 343.00 323.00 334.00 
2016/10/26 334.00 334.00 325.50 329.00 
2016/10/27 330.00 341.00 328.00 335.50 
2016/10/28 339.00 339.00 331.00 332.50 
2016/10/31 333.00 335.00 330.50 330.50 
2016/11/01 326.50 327.50 320.50 323.00 
2016/11/02 320.00 320.00 300.50 300.50 
2016/11/03 299.00 306.00 292.00 292.00 
2016/11/04 295.00 299.50 290.00 290.50 
2016/11/07 290.50 293.50 272.00 274.00 
2016/11/08 281.00 297.00 275.50 295.00 
2016/11/09 292.00 292.00 273.00 280.00 
2016/11/10 299.00 299.00 285.00 290.50 
2016/11/11 290.50 290.50 280.00 280.00 
2016/11/14 276.00 278.00 268.00 268.50 
2016/11/15 268.50 277.50 268.50 271.50 
2016/11/16 272.00 283.50 272.00 277.00 
2016/11/17 275.50 279.50 273.00 274.00 
2016/11/18 275.00 279.00 274.50 275.50 
2016/11/21 279.00 283.00 276.50 277.00 
2016/11/22 279.00 279.00 270.50 271.00 
2016/11/23 273.50 277.50 271.00 274.00 
2016/11/24 279.00 293.00 277.50 290.00 
2016/11/25 291.50 292.00 284.00 285.00 
2016/11/28 287.00 291.50 284.00 286.50 
2016/11/29 289.00 290.00 276.00 276.00 
2016/11/30 276.00 281.00 271.50 281.00 
2016/12/01 284.00 287.00 277.50 278.00 
2016/12/02 276.50 278.50 274.00 274.00 
2016/12/05 274.00 274.00 271.00 271.50 
2016/12/06 274.00 275.00 268.50 270.00 
2016/12/07 271.50 272.00 269.00 269.00 
2016/12/08 270.50 271.50 263.00 263.50 
2016/12/09 264.00 273.50 261.00 268.50 
2016/12/12 270.00 270.00 263.00 263.00 
2016/12/13 263.00 266.00 262.00 262.50 
2016/12/14 264.00 264.50 262.00 262.00 
2016/12/15 262.50 263.50 252.50 255.00 
2016/12/16 258.50 260.00 254.00 254.00 
2016/12/19 254.50 255.00 240.00 241.00 
2016/12/20 237.50 241.50 226.00 226.50 
2016/12/21 229.00 235.00 227.50 229.00 
2016/12/22 235.00 251.50 234.50 251.50 
2016/12/23 253.00 266.50 246.00 246.00 
2016/12/26 247.00 250.50 237.50 238.00 
2016/12/27 239.00 261.50 238.50 261.50 
2016/12/28 267.00 272.50 262.50 263.00 
2016/12/29 264.00 289.00 260.00 289.00 
2016/12/30 289.50 298.00 285.00 285.00 
2017/01/03 287.00 295.00 285.50 285.50 
2017/01/04 288.00 292.00 280.50 281.50 
2017/01/05 284.00 309.00 281.50 298.00 
2017/01/06 303.00 308.00 297.00 297.50 
2017/01/09 303.50 311.00 298.00 302.00 
2017/01/10 290.50 302.00 283.00 294.50 
2017/01/11 299.50 301.00 265.50 265.50 
2017/01/12 260.00 272.00 248.00 272.00 
2017/01/13 270.00 272.00 263.50 271.00 
2017/01/16 274.00 281.50 271.50 273.50 
2017/01/17 276.50 276.50 269.00 272.00 
2017/01/18 274.00 286.50 273.00 280.00 
2017/01/19 281.00 281.50 276.00 276.00 
2017/01/20 275.50 284.00 275.00 277.50 
2017/01/23 301.50 301.50 288.50 291.00 
2017/01/24 291.00 291.00 285.00 290.00 
2017/02/02 295.00 297.00 288.50 290.00 
2017/02/03 291.00 291.50 286.00 286.00 
2017/02/06 288.00 291.00 283.00 284.00 
2017/02/07 284.00 284.00 277.50 277.50 
2017/02/08 279.50 295.00 279.00 284.50 
