2016/07/01 90.00 97.50 89.10 97.00 
2016/07/04 97.80 99.90 95.20 95.50 
2016/07/05 95.50 96.40 95.00 95.20 
2016/07/06 95.80 96.00 92.60 92.70 
2016/07/07 93.80 94.50 91.80 91.90 
2016/07/11 89.00 89.20 87.80 88.00 
2016/07/12 88.80 88.90 87.40 88.40 
2016/07/13 88.00 91.80 88.00 89.80 
2016/07/14 90.00 92.30 90.00 90.50 
2016/07/15 91.00 91.50 90.20 90.60 
2016/07/18 90.70 92.70 90.70 91.00 
2016/07/19 91.90 91.90 90.20 90.50 
2016/07/20 90.30 91.00 89.10 89.30 
2016/07/21 89.40 90.40 89.00 89.40 
2016/07/22 89.40 89.40 88.10 88.20 
2016/07/25 89.00 89.10 87.00 87.30 
2016/07/26 88.50 88.50 87.30 87.60 
2016/07/27 88.50 88.50 87.50 87.50 
2016/07/28 87.50 88.00 86.30 86.50 
2016/07/29 87.60 88.00 86.60 86.60 
2016/08/01 86.70 88.80 86.60 87.30 
2016/08/02 87.30 88.60 87.00 87.10 
2016/08/03 86.90 87.00 86.10 86.20 
2016/08/04 86.90 87.00 86.00 86.60 
2016/08/05 86.60 87.00 86.40 86.40 
2016/08/08 86.90 87.50 84.10 84.10 
2016/08/09 84.10 85.50 84.00 84.50 
2016/08/10 84.50 85.40 84.30 84.40 
2016/08/11 84.10 86.00 83.80 84.00 
2016/08/12 84.70 85.20 84.00 84.20 
2016/08/15 84.20 84.50 82.70 82.70 
2016/08/16 82.70 83.50 82.70 83.00 
2016/08/17 83.00 83.40 81.00 81.50 
2016/08/18 81.50 84.40 81.50 83.70 
2016/08/19 83.70 88.30 83.70 87.40 
2016/08/22 88.30 88.30 85.00 85.50 
2016/08/23 86.50 87.80 86.30 86.30 
2016/08/24 87.00 87.00 85.50 86.50 
2016/08/25 87.40 87.40 85.80 86.50 
2016/08/26 86.60 88.20 86.20 86.70 
2016/08/29 86.80 88.20 86.50 86.60 
2016/08/30 86.90 86.90 84.00 84.80 
2016/08/31 85.10 85.50 84.10 84.80 
2016/09/01 84.20 87.70 84.20 87.40 
2016/09/02 87.80 87.90 85.60 86.70 
2016/09/05 87.90 87.90 85.80 86.40 
2016/09/06 87.00 87.00 85.10 85.10 
2016/09/07 85.30 86.40 84.40 85.60 
2016/09/08 85.60 85.80 84.80 84.90 
2016/09/09 84.60 85.00 84.00 84.10 
2016/09/10 84.00 84.00 82.00 83.00 
2016/09/12 83.20 83.40 82.50 83.00 
2016/09/13 84.50 84.50 82.30 82.30 
2016/09/14 83.20 83.90 82.00 82.00 
2016/09/19 81.50 83.00 81.50 82.60 
2016/09/20 83.00 86.00 82.20 85.10 
2016/09/21 85.10 86.50 84.50 85.10 
2016/09/22 85.10 85.70 84.10 84.70 
2016/09/23 84.80 85.90 84.40 84.40 
2016/09/26 83.80 84.50 82.50 83.50 
2016/09/29 83.50 85.00 83.40 83.60 
2016/09/30 83.60 83.70 83.10 83.70 
2016/10/03 83.80 84.00 83.20 83.80 
2016/10/04 83.50 84.30 83.20 83.90 
2016/10/05 85.20 92.20 85.20 92.20 
2016/10/06 94.30 97.40 92.80 94.00 
2016/10/07 94.40 99.50 94.40 98.50 
2016/10/11 99.50 101.00 93.80 94.80 
2016/10/12 94.80 98.50 93.70 98.50 
2016/10/13 102.00 103.50 98.20 99.40 
2016/10/14 98.80 99.10 92.80 94.60 
2016/10/17 94.60 96.00 92.70 94.00 
2016/10/18 95.00 95.00 93.70 94.10 
2016/10/19 95.30 95.30 93.10 93.70 
2016/10/20 93.70 94.20 93.10 93.10 
2016/10/21 93.20 93.70 91.90 92.00 
2016/10/24 92.90 98.50 91.20 97.20 
2016/10/25 96.50 97.80 95.00 95.40 
2016/10/26 96.40 96.50 94.30 94.40 
2016/10/27 95.30 96.00 93.20 94.40 
2016/10/28 94.50 94.80 92.80 92.90 
2016/10/31 93.20 94.70 93.00 93.60 
2016/11/01 93.70 98.70 93.70 98.00 
2016/11/02 99.30 100.50 94.30 94.30 
2016/11/03 95.10 96.30 92.10 93.10 
2016/11/04 93.80 94.20 91.20 92.30 
2016/11/07 93.60 94.60 92.50 92.70 
2016/11/08 93.50 93.90 85.00 89.00 
2016/11/09 90.40 90.50 85.00 85.00 
2016/11/10 88.00 91.70 88.00 89.70 
2016/11/11 89.10 90.90 88.90 89.20 
2016/11/14 89.90 89.90 87.20 87.30 
2016/11/15 88.10 88.30 87.30 87.40 
2016/11/16 88.10 88.70 86.30 86.60 
2016/11/17 87.00 87.40 85.70 86.10 
2016/11/18 87.90 89.00 86.70 88.90 
2016/11/21 88.60 88.80 86.50 87.70 
2016/11/22 87.30 90.90 87.30 90.50 
2016/11/23 91.30 91.40 88.80 88.80 
2016/11/24 89.10 89.60 88.20 88.20 
2016/11/25 88.80 88.90 86.80 87.20 
2016/11/28 87.20 87.80 85.70 85.70 
2016/11/29 85.70 86.40 85.30 86.00 
2016/11/30 86.30 86.40 83.90 84.40 
2016/12/01 84.00 84.90 83.70 84.20 
2016/12/02 84.40 85.80 84.40 84.60 
2016/12/05 84.70 85.50 84.50 84.90 
2016/12/06 84.80 85.70 84.60 85.30 
2016/12/07 85.30 88.90 85.30 87.00 
2016/12/08 88.50 88.80 87.10 87.10 
2016/12/09 87.90 87.90 86.10 86.30 
2016/12/12 87.40 87.40 86.00 86.00 
2016/12/13 86.60 86.60 85.10 85.30 
2016/12/14 85.20 86.20 85.10 85.30 
2016/12/15 85.30 86.10 85.00 85.10 
2016/12/16 85.30 87.00 85.30 85.80 
2016/12/19 86.00 86.70 84.60 84.60 
2016/12/20 84.80 85.50 83.90 84.30 
2016/12/21 84.50 84.70 84.10 84.10 
2016/12/22 84.20 85.50 83.70 84.40 
2016/12/23 85.50 85.50 84.00 84.10 
2016/12/26 84.10 84.20 83.50 84.20 
2016/12/27 84.20 84.20 83.00 83.30 
2016/12/28 84.00 84.80 83.50 83.50 
2016/12/29 83.70 84.30 83.30 83.50 
2016/12/30 83.50 84.60 83.50 84.20 
2017/01/03 85.10 85.50 84.00 84.00 
2017/01/04 84.10 84.90 84.10 84.40 
2017/01/05 84.50 86.40 84.50 86.00 
2017/01/06 86.20 86.60 85.40 85.40 
2017/01/09 85.50 85.90 84.20 84.30 
2017/01/10 86.00 86.80 85.50 85.80 
2017/01/11 86.30 86.50 85.00 85.00 
2017/01/12 85.00 85.50 84.20 84.40 
2017/01/13 84.40 84.50 83.90 83.90 
2017/01/16 83.80 84.50 83.80 84.10 
2017/01/17 84.60 84.70 84.00 84.00 
2017/01/18 84.00 84.90 84.00 84.50 
2017/01/19 84.70 84.80 84.10 84.10 
2017/01/20 84.10 84.80 84.00 84.30 
2017/01/23 85.00 85.70 84.00 84.00 
2017/01/24 84.10 84.20 83.00 83.70 
2017/02/02 83.70 84.00 83.30 83.40 
2017/02/03 84.60 84.70 83.40 83.70 
2017/02/06 84.30 86.60 83.60 85.60 
2017/02/07 86.00 86.00 85.00 85.00 
2017/02/08 85.50 88.00 85.50 87.10 
