2016/07/01 33.60 33.95 33.55 33.80 
2016/07/04 33.50 33.70 33.50 33.70 
2016/07/05 34.10 35.65 34.10 35.45 
2016/07/06 33.85 35.50 33.85 34.80 
2016/07/07 34.80 34.80 34.00 34.00 
2016/07/11 34.30 34.30 33.20 33.20 
2016/07/12 33.20 33.35 32.55 32.60 
2016/07/13 33.35 33.35 32.85 32.85 
2016/07/14 32.90 33.20 32.80 33.10 
2016/07/15 33.20 33.90 33.10 33.10 
2016/07/18 33.80 36.40 33.80 36.40 
2016/07/19 36.30 36.35 34.85 35.35 
2016/07/20 35.30 35.60 34.40 35.25 
2016/07/21 35.25 35.95 35.25 35.50 
2016/07/22 35.60 35.70 34.00 34.40 
2016/07/25 34.40 34.60 33.50 33.70 
2016/07/26 33.90 34.30 33.80 33.80 
2016/07/27 34.00 34.00 33.85 33.90 
2016/07/28 34.00 34.20 33.65 34.00 
2016/07/29 35.00 35.00 33.90 34.10 
2016/08/01 34.10 34.70 33.60 33.85 
2016/08/02 34.00 34.00 33.35 33.35 
2016/08/03 33.30 33.30 32.55 32.90 
2016/08/04 32.80 32.80 32.55 32.65 
2016/08/05 33.35 33.35 32.45 32.70 
2016/08/08 33.10 33.10 32.70 32.70 
2016/08/09 32.80 32.80 32.15 32.75 
2016/08/10 32.75 33.15 32.40 32.70 
2016/08/11 32.20 32.20 32.15 32.20 
2016/08/12 32.50 32.95 32.50 32.80 
2016/08/15 32.20 32.70 32.20 32.70 
2016/08/16 32.50 32.50 32.00 32.50 
2016/08/17 32.20 32.20 31.10 31.65 
2016/08/18 31.65 32.20 31.30 32.20 
2016/08/19 32.60 32.60 31.70 32.45 
2016/08/22 32.25 33.35 31.80 32.90 
2016/08/23 32.60 32.80 32.15 32.80 
2016/08/24 32.05 32.10 31.80 31.80 
2016/08/25 31.50 31.90 31.40 31.60 
2016/08/26 31.60 31.90 31.50 31.80 
2016/08/29 31.50 31.80 31.30 31.35 
2016/08/30 31.05 31.30 31.00 31.20 
2016/08/31 31.20 31.20 30.00 30.50 
2016/09/01 30.60 31.00 30.00 31.00 
2016/09/02 30.30 30.75 30.30 30.75 
2016/09/05 30.50 30.60 30.30 30.60 
2016/09/06 31.15 31.15 30.40 30.80 
2016/09/07 30.95 31.00 30.55 31.00 
2016/09/08 30.80 31.00 30.60 30.70 
2016/09/09 30.80 31.20 30.70 31.10 
2016/09/10 31.10 31.10 30.60 30.95 
2016/09/12 30.90 30.90 30.65 30.90 
2016/09/13 30.90 30.95 30.60 30.80 
2016/09/14 30.55 30.80 30.30 30.80 
2016/09/19 30.90 30.90 30.40 30.50 
2016/09/20 30.60 30.70 30.40 30.65 
2016/09/21 30.70 30.70 30.45 30.50 
2016/09/22 30.50 30.50 30.30 30.30 
2016/09/23 30.50 31.40 30.50 30.80 
2016/09/26 31.00 31.20 30.65 30.90 
2016/09/29 30.05 30.25 30.00 30.20 
2016/09/30 30.20 30.20 30.00 30.10 
2016/10/03 30.10 30.20 29.95 29.95 
2016/10/04 29.95 29.95 29.60 29.60 
2016/10/05 29.60 29.60 28.85 29.35 
2016/10/06 29.80 29.80 29.30 29.30 
2016/10/07 29.00 29.65 29.00 29.65 
2016/10/11 29.20 29.20 28.15 28.35 
2016/10/12 28.45 28.45 27.90 28.20 
2016/10/13 28.20 28.60 28.20 28.40 
2016/10/14 28.20 28.30 28.05 28.20 
2016/10/17 28.50 28.70 28.30 28.60 
2016/10/18 28.50 28.70 28.50 28.70 
2016/10/19 28.80 29.20 28.80 29.00 
2016/10/20 29.00 29.10 28.80 28.80 
2016/10/21 28.70 28.95 28.70 28.95 
2016/10/24 29.15 29.15 28.80 29.00 
2016/10/25 29.10 29.10 28.70 28.80 
2016/10/26 28.70 28.70 28.35 28.65 
2016/10/27 28.40 28.40 28.10 28.25 
2016/10/28 27.85 28.20 27.85 28.20 
2016/10/31 28.50 28.50 28.10 28.10 
2016/11/01 28.00 28.10 28.00 28.00 
2016/11/02 28.30 28.45 27.70 27.85 
2016/11/03 27.70 27.80 27.50 27.55 
2016/11/04 27.80 28.05 27.40 27.90 
2016/11/07 27.70 27.70 27.50 27.70 
2016/11/08 27.50 27.50 26.85 27.25 
2016/11/09 27.70 27.70 26.00 27.00 
2016/11/10 27.50 28.40 27.00 28.40 
2016/11/11 28.50 28.95 28.00 28.95 
2016/11/14 29.00 29.70 28.45 29.70 
2016/11/15 29.95 29.95 29.40 29.80 
2016/11/16 29.85 29.85 29.45 29.80 
2016/11/17 29.60 29.70 28.80 29.30 
2016/11/18 29.40 29.70 28.95 29.70 
2016/11/21 29.80 29.80 29.15 29.45 
2016/11/22 29.70 30.00 29.30 30.00 
2016/11/23 30.00 30.25 29.60 30.25 
2016/11/24 30.25 30.25 29.90 30.25 
2016/11/25 30.20 30.35 29.90 30.35 
2016/11/28 30.35 30.35 29.80 30.15 
2016/11/29 29.85 30.20 29.65 30.20 
2016/11/30 30.20 30.25 30.00 30.25 
2016/12/01 30.20 30.20 29.95 30.20 
2016/12/02 30.00 30.25 29.90 30.15 
2016/12/05 30.20 30.20 29.90 30.15 
2016/12/06 30.15 30.20 30.00 30.15 
2016/12/07 30.15 30.20 29.80 30.10 
2016/12/08 30.00 30.15 29.85 30.05 
2016/12/09 29.90 30.15 29.80 30.15 
2016/12/12 30.15 30.15 29.10 29.90 
2016/12/13 29.70 29.70 29.30 29.55 
2016/12/14 29.85 29.85 29.20 29.40 
2016/12/15 29.05 29.05 28.60 28.80 
2016/12/16 28.80 29.00 28.65 29.00 
2016/12/19 29.10 29.10 28.50 28.50 
2016/12/20 29.00 29.00 28.55 28.90 
2016/12/21 28.55 28.85 28.55 28.75 
2016/12/22 28.85 29.10 28.80 28.90 
2016/12/23 29.10 29.50 28.95 29.15 
2016/12/26 29.45 29.45 29.00 29.30 
2016/12/27 29.00 29.20 28.90 29.20 
2016/12/28 29.35 29.35 28.70 28.95 
2016/12/29 29.10 29.10 28.75 29.00 
2016/12/30 29.20 29.20 29.00 29.10 
2017/01/03 28.30 28.95 28.10 28.45 
2017/01/04 28.50 28.65 28.50 28.65 
2017/01/05 28.80 28.95 28.70 28.95 
2017/01/06 29.30 31.80 29.30 31.80 
2017/01/09 30.95 31.60 30.55 30.60 
2017/01/10 30.60 30.85 30.35 30.40 
2017/01/11 30.40 30.40 29.90 30.15 
2017/01/12 30.15 30.50 29.20 30.00 
2017/01/13 30.00 30.00 29.30 29.40 
2017/01/16 29.20 29.20 28.30 28.45 
2017/01/17 28.35 28.60 28.35 28.60 
2017/01/18 28.70 28.85 28.45 28.60 
2017/01/19 28.50 28.80 28.40 28.40 
2017/01/20 28.70 28.75 28.30 28.75 
2017/01/23 28.90 29.00 28.50 28.85 
2017/01/24 28.55 29.50 28.30 29.50 
2017/02/02 29.50 29.60 28.90 29.15 
2017/02/03 29.15 29.15 28.80 29.10 
2017/02/06 29.10 29.25 28.85 29.10 
2017/02/07 28.80 28.90 28.50 28.90 
2017/02/08 28.60 29.15 28.60 29.00 
