2016/07/01 11.80 11.90 11.50 11.60 
2016/07/04 11.85 11.90 11.70 11.70 
2016/07/05 11.70 11.80 11.60 11.80 
2016/07/06 11.70 11.80 11.60 11.80 
2016/07/07 11.90 11.90 11.65 11.75 
2016/07/11 11.95 11.95 11.70 11.80 
2016/07/12 11.80 11.85 11.65 11.65 
2016/07/13 11.65 11.65 11.35 11.35 
2016/07/14 11.45 11.70 11.45 11.50 
2016/07/15 11.50 11.80 11.40 11.55 
2016/07/18 11.50 11.70 11.40 11.50 
2016/07/19 11.50 11.50 11.40 11.45 
2016/07/20 11.40 11.55 11.35 11.45 
2016/07/21 11.45 12.25 11.45 11.80 
2016/07/22 11.75 12.00 11.75 11.80 
2016/07/25 11.90 12.10 11.85 12.00 
2016/07/26 11.95 12.10 11.90 12.00 
2016/07/27 12.10 12.10 11.80 11.85 
2016/07/28 11.85 12.00 11.80 11.90 
2016/07/29 11.75 11.85 11.75 11.85 
2016/08/01 12.00 12.00 11.85 11.85 
2016/08/02 12.10 12.10 11.85 11.90 
2016/08/03 11.95 11.95 11.75 11.85 
2016/08/04 11.85 11.85 11.75 11.85 
2016/08/05 11.90 11.95 11.75 11.75 
2016/08/08 11.80 11.85 11.75 11.80 
2016/08/09 11.75 11.80 11.70 11.70 
2016/08/10 11.70 11.75 11.70 11.75 
2016/08/11 11.75 11.75 11.50 11.60 
2016/08/12 11.60 11.60 11.45 11.55 
2016/08/15 11.55 11.65 11.50 11.50 
2016/08/16 11.50 11.50 11.35 11.35 
2016/08/17 11.30 11.35 11.15 11.15 
2016/08/18 11.10 11.30 11.10 11.30 
2016/08/19 11.20 11.25 11.05 11.10 
2016/08/22 11.05 11.15 10.85 10.90 
2016/08/23 10.90 11.05 10.90 10.95 
2016/08/24 11.20 11.20 10.90 10.95 
2016/08/25 10.75 11.20 10.75 11.15 
2016/08/26 11.10 11.15 11.00 11.00 
2016/08/29 11.00 11.25 10.90 10.90 
2016/08/30 10.95 11.10 10.95 11.00 
2016/08/31 11.05 11.10 11.05 11.05 
2016/09/01 11.00 11.10 10.95 11.00 
2016/09/02 11.05 11.05 10.85 10.95 
2016/09/05 11.00 11.85 11.00 11.60 
2016/09/06 11.50 11.65 11.35 11.40 
2016/09/07 11.65 11.65 11.45 11.55 
2016/09/08 11.65 11.70 11.50 11.55 
2016/09/09 11.95 12.15 11.80 11.80 
2016/09/10 11.60 11.85 11.60 11.70 
2016/09/12 11.75 11.75 11.60 11.65 
2016/09/13 11.70 11.70 11.60 11.60 
2016/09/14 11.60 11.70 11.60 11.65 
2016/09/19 11.95 12.45 11.95 12.15 
2016/09/20 12.15 13.05 12.15 13.00 
2016/09/21 12.95 13.00 12.40 12.50 
2016/09/22 12.50 13.40 12.50 12.90 
2016/09/23 12.90 13.10 12.75 12.80 
2016/09/26 12.75 12.75 12.35 12.40 
2016/09/29 12.50 12.65 12.45 12.55 
2016/09/30 12.50 12.55 12.35 12.45 
2016/10/03 12.45 12.50 12.40 12.50 
2016/10/04 12.60 12.60 12.45 12.60 
2016/10/05 12.60 12.70 12.55 12.55 
2016/10/06 12.65 12.70 12.55 12.60 
2016/10/07 12.65 12.65 12.25 12.50 
2016/10/11 12.40 12.40 11.70 11.95 
2016/10/12 12.00 12.00 11.60 11.90 
2016/10/13 11.85 11.90 11.80 11.80 
2016/10/14 11.85 12.00 11.80 12.00 
2016/10/17 12.00 12.10 12.00 12.00 
2016/10/18 12.00 12.20 12.00 12.15 
2016/10/19 12.30 12.30 12.00 12.10 
2016/10/20 12.00 12.15 12.00 12.15 
2016/10/21 12.10 12.10 12.00 12.05 
2016/10/24 12.05 12.25 12.00 12.25 
2016/10/25 12.20 12.20 12.05 12.05 
2016/10/26 12.05 12.30 12.00 12.20 
2016/10/27 12.10 12.10 11.80 11.80 
2016/10/28 11.85 11.85 11.50 11.75 
2016/10/31 11.70 11.75 11.55 11.70 
2016/11/01 11.65 11.75 11.65 11.70 
2016/11/02 11.55 11.55 11.45 11.50 
2016/11/03 11.40 11.45 11.35 11.40 
2016/11/04 11.30 11.35 11.30 11.30 
2016/11/07 11.30 11.45 11.30 11.35 
2016/11/08 11.40 11.40 11.35 11.40 
2016/11/09 11.50 11.55 11.10 11.10 
2016/11/10 11.30 11.75 11.30 11.65 
2016/11/11 11.60 11.60 11.30 11.50 
2016/11/14 11.55 11.90 11.55 11.85 
2016/11/15 11.85 11.90 11.60 11.85 
2016/11/16 11.75 11.85 11.70 11.70 
2016/11/17 11.60 11.70 11.55 11.65 
2016/11/18 11.70 11.70 11.60 11.60 
2016/11/21 11.55 11.70 11.50 11.60 
2016/11/22 11.60 11.75 11.50 11.75 
2016/11/23 11.75 11.75 11.50 11.55 
2016/11/24 11.70 11.70 11.50 11.55 
2016/11/25 11.65 11.65 11.55 11.55 
2016/11/28 11.55 11.60 11.55 11.60 
2016/11/29 11.40 11.65 11.40 11.65 
2016/11/30 11.55 11.65 11.55 11.65 
2016/12/01 11.50 11.70 11.50 11.65 
2016/12/02 11.60 11.60 11.60 11.60 
2016/12/05 11.55 11.55 11.45 11.45 
2016/12/06 11.50 11.55 11.50 11.55 
2016/12/07 11.50 11.50 11.40 11.50 
2016/12/08 11.50 11.70 11.50 11.60 
2016/12/09 11.60 11.65 11.50 11.60 
2016/12/12 11.50 11.50 11.40 11.50 
2016/12/13 11.50 11.50 11.25 11.50 
2016/12/14 11.50 11.50 11.35 11.45 
2016/12/15 11.35 11.45 11.35 11.35 
2016/12/16 11.30 11.45 11.30 11.40 
2016/12/19 11.40 11.45 11.35 11.35 
2016/12/20 11.45 11.45 11.40 11.40 
2016/12/21 11.40 11.40 11.30 11.40 
2016/12/22 11.45 11.45 11.25 11.35 
2016/12/23 11.30 11.35 11.20 11.20 
2016/12/26 11.10 11.30 11.10 11.20 
2016/12/27 11.20 11.30 11.10 11.20 
2016/12/28 11.25 11.25 11.10 11.20 
2016/12/29 11.20 11.20 11.10 11.15 
2016/12/30 11.15 11.15 11.00 11.05 
2017/01/03 11.05 11.10 11.05 11.05 
2017/01/04 11.30 11.45 11.20 11.40 
2017/01/05 11.45 11.45 11.30 11.40 
2017/01/06 11.30 11.35 11.30 11.35 
2017/01/09 11.35 11.45 11.30 11.40 
2017/01/10 11.40 11.45 11.30 11.30 
2017/01/11 11.20 11.25 11.05 11.20 
2017/01/12 11.05 11.35 11.00 11.10 
2017/01/13 11.10 11.15 11.00 11.15 
2017/01/16 11.15 11.15 11.00 11.15 
2017/01/17 11.00 11.10 10.95 11.05 
2017/01/18 11.05 11.10 10.95 11.00 
2017/01/19 11.00 11.10 10.90 11.05 
2017/01/20 11.00 11.10 11.00 11.10 
2017/01/23 11.10 11.15 11.05 11.15 
2017/01/24 11.15 11.15 11.00 11.10 
2017/02/02 11.15 11.20 11.00 11.10 
2017/02/03 11.15 11.20 11.00 11.10 
2017/02/06 11.20 11.30 11.15 11.30 
2017/02/07 11.40 11.40 11.30 11.30 
2017/02/08 11.30 11.35 11.20 11.35 
