2016/07/01 30.70 31.15 30.15 30.95 
2016/07/04 30.95 30.95 30.60 30.65 
2016/07/05 30.80 30.80 30.80 30.80 
2016/07/06 30.80 30.95 30.80 30.95 
2016/07/11 30.80 30.80 30.20 30.40 
2016/07/12 30.40 31.00 30.40 30.45 
2016/07/13 30.45 30.45 30.10 30.10 
2016/07/14 30.60 30.70 30.10 30.50 
2016/07/15 30.90 30.90 30.30 30.30 
2016/07/18 30.30 30.30 29.00 29.50 
2016/07/19 29.55 29.85 29.50 29.60 
2016/07/20 30.00 30.30 29.60 29.60 
2016/07/21 30.00 30.00 29.60 29.60 
2016/07/22 29.75 30.00 29.65 29.80 
2016/07/25 30.10 30.10 29.80 29.80 
2016/07/26 30.00 30.50 30.00 30.25 
2016/07/27 30.45 30.45 30.10 30.20 
2016/07/28 30.10 30.10 30.10 30.10 
2016/07/29 30.40 30.60 30.25 30.55 
2016/08/01 30.55 31.00 30.55 31.00 
2016/08/02 31.20 31.45 31.05 31.30 
2016/08/03 28.95 28.95 28.30 28.60 
2016/08/04 28.50 28.55 28.20 28.25 
2016/08/05 28.75 28.75 28.75 28.75 
2016/08/08 28.35 28.60 28.35 28.60 
2016/08/09 28.60 28.60 28.40 28.40 
2016/08/10 28.15 29.00 28.05 28.60 
2016/08/11 28.20 28.55 28.10 28.55 
2016/08/12 29.20 29.50 28.90 29.15 
2016/08/15 29.75 29.75 29.20 29.20 
2016/08/16 29.50 29.60 29.00 29.40 
2016/08/17 28.95 29.15 28.80 28.80 
2016/08/18 28.90 28.90 28.80 28.85 
2016/08/19 29.00 29.00 29.00 29.00 
2016/08/22 28.75 28.95 28.75 28.95 
2016/08/25 28.70 29.70 28.70 29.50 
2016/08/26 29.50 29.70 29.50 29.70 
2016/08/30 29.40 29.40 29.30 29.30 
2016/08/31 29.35 29.35 29.35 29.35 
2016/09/01 29.25 29.35 29.20 29.35 
2016/09/02 29.30 29.30 28.80 29.30 
2016/09/05 29.15 29.50 29.10 29.50 
2016/09/06 29.50 29.50 29.00 29.00 
2016/09/07 29.40 29.40 29.00 29.30 
2016/09/08 29.15 29.60 29.15 29.60 
2016/09/09 29.20 29.20 28.75 29.00 
2016/09/10 28.80 29.25 28.80 28.80 
2016/09/12 28.80 28.80 28.60 28.80 
2016/09/13 28.80 29.05 28.80 29.05 
2016/09/14 29.10 29.10 29.10 29.10 
2016/09/19 28.90 29.20 28.90 29.20 
2016/09/20 28.80 29.20 28.80 29.20 
2016/09/21 28.50 29.40 28.30 29.40 
2016/09/23 29.40 29.75 29.10 29.75 
2016/09/26 29.75 30.00 29.75 30.00 
2016/09/29 30.10 30.10 29.65 29.65 
2016/09/30 29.65 29.80 29.65 29.80 
2016/10/03 30.00 30.00 29.30 29.80 
2016/10/04 29.60 29.75 29.20 29.35 
2016/10/05 29.45 29.45 29.00 29.45 
2016/10/06 29.45 29.65 29.40 29.50 
2016/10/07 29.30 29.30 29.00 29.15 
2016/10/11 29.00 29.00 29.00 29.00 
2016/10/18 29.00 29.00 29.00 29.00 
2016/10/19 29.10 29.40 28.85 28.90 
2016/10/20 28.85 29.00 28.80 29.00 
2016/10/25 29.00 29.00 29.00 29.00 
2016/10/26 28.85 28.85 28.85 28.85 
2016/10/28 28.85 29.10 28.85 29.00 
2016/10/31 29.00 29.30 28.85 29.30 
2016/11/01 28.90 29.40 28.90 29.40 
2016/11/02 29.30 29.65 29.05 29.65 
2016/11/03 29.15 29.40 29.15 29.30 
2016/11/04 29.30 29.30 29.30 29.30 
2016/11/07 28.85 29.30 28.85 29.30 
2016/11/09 28.65 29.00 28.65 29.00 
2016/11/10 29.30 29.80 29.30 29.80 
2016/11/11 29.80 29.80 29.10 29.10 
2016/11/14 28.05 28.75 27.30 28.65 
2016/11/15 28.50 28.65 28.30 28.30 
2016/11/16 28.30 28.30 28.25 28.25 
2016/11/17 28.50 28.75 28.50 28.70 
2016/11/18 28.85 28.85 28.85 28.85 
2016/11/22 28.75 28.75 28.30 28.45 
2016/11/23 28.50 28.50 28.35 28.50 
2016/11/24 28.35 28.35 28.35 28.35 
2016/11/25 28.40 28.45 28.15 28.15 
2016/11/28 28.40 28.40 28.30 28.30 
2016/11/29 28.40 28.40 28.40 28.40 
2016/11/30 28.55 28.55 28.55 28.55 
2016/12/01 28.75 28.75 28.55 28.55 
2016/12/02 28.50 28.50 28.50 28.50 
2016/12/05 28.50 28.50 28.50 28.50 
2016/12/06 28.55 28.55 28.55 28.55 
2016/12/07 28.50 28.85 28.50 28.85 
2016/12/08 28.65 28.65 28.65 28.65 
2016/12/09 28.65 28.65 28.50 28.50 
2016/12/12 28.40 28.55 28.40 28.55 
2016/12/14 28.50 28.50 28.50 28.50 
2016/12/15 28.50 28.60 28.35 28.60 
2016/12/16 28.60 28.60 28.50 28.50 
2016/12/19 28.55 28.55 28.55 28.55 
2016/12/20 28.50 28.50 28.50 28.50 
2016/12/21 28.60 28.60 28.60 28.60 
2016/12/23 28.50 29.50 28.40 29.35 
2016/12/26 29.40 29.45 29.25 29.40 
2016/12/27 29.40 29.40 29.40 29.40 
2016/12/29 29.40 29.55 29.30 29.55 
2016/12/30 29.55 29.60 29.40 29.60 
2017/01/04 29.35 29.70 29.30 29.30 
2017/01/06 29.50 29.50 29.50 29.50 
2017/01/09 29.50 29.60 28.70 28.75 
2017/01/10 29.45 29.50 29.30 29.30 
2017/01/12 29.20 29.50 28.70 28.70 
2017/01/13 29.00 29.40 29.00 29.40 
2017/01/23 29.35 30.50 29.35 30.50 
2017/01/24 30.10 30.10 29.05 29.65 
2017/02/02 30.00 30.10 29.55 29.75 
2017/02/03 29.75 30.50 29.75 30.40 
2017/02/06 30.00 30.00 29.90 29.90 
