2016/07/01 4.30 4.30 4.25 4.30 
2016/07/04 4.30 4.45 4.27 4.27 
2016/07/05 4.35 4.40 4.35 4.40 
2016/07/06 4.40 4.45 4.40 4.45 
2016/07/07 4.50 4.60 4.50 4.55 
2016/07/11 4.55 4.60 4.55 4.60 
2016/07/12 4.65 4.65 4.65 4.65 
2016/07/13 4.69 4.74 4.69 4.70 
2016/07/14 4.75 5.17 4.75 5.17 
2016/07/15 5.20 5.30 5.03 5.30 
2016/07/18 5.30 5.60 5.30 5.60 
2016/07/19 5.69 5.80 5.65 5.65 
2016/07/20 5.70 5.70 5.61 5.61 
2016/07/21 5.41 5.41 5.41 5.41 
2016/07/22 5.50 5.50 5.35 5.35 
2016/07/26 4.88 5.30 4.88 5.30 
2016/07/27 5.30 5.30 5.06 5.20 
2016/07/28 5.10 5.10 5.10 5.10 
2016/07/29 5.11 5.11 4.91 4.91 
2016/08/02 4.90 5.09 4.90 5.09 
2016/08/03 5.00 5.14 5.00 5.14 
2016/08/04 4.91 5.15 4.91 5.15 
2016/08/05 4.93 4.93 4.93 4.93 
2016/08/08 4.94 5.05 4.94 5.05 
2016/08/09 5.10 5.10 5.10 5.10 
2016/08/10 4.90 5.06 4.90 5.06 
2016/08/11 4.95 4.95 4.90 4.90 
2016/08/12 5.05 5.05 4.66 5.03 
2016/08/15 4.53 4.53 4.53 4.53 
2016/08/16 4.41 4.70 4.33 4.53 
2016/08/17 4.53 4.60 4.53 4.56 
2016/08/18 4.56 4.60 4.56 4.60 
2016/08/19 4.60 4.65 4.60 4.60 
2016/08/22 4.60 4.70 4.60 4.60 
2016/08/23 4.60 4.70 4.60 4.60 
2016/08/24 4.70 4.70 4.70 4.70 
2016/08/25 4.78 4.80 4.78 4.80 
2016/08/26 4.80 4.80 4.70 4.80 
2016/08/29 4.80 5.20 4.80 5.20 
2016/08/30 5.20 5.20 5.08 5.20 
2016/08/31 5.15 5.20 5.08 5.08 
2016/09/01 5.00 5.05 5.00 5.00 
2016/09/02 5.00 5.00 4.95 5.00 
2016/09/05 5.00 5.18 5.00 5.17 
2016/09/06 5.20 5.22 5.20 5.20 
2016/09/07 5.17 5.30 5.17 5.30 
2016/09/08 5.40 5.40 5.38 5.38 
2016/09/09 5.40 5.40 5.30 5.32 
2016/09/10 5.32 5.34 5.32 5.34 
2016/09/12 5.35 5.40 5.35 5.40 
2016/09/13 5.33 5.50 5.33 5.50 
2016/09/14 5.50 5.50 5.50 5.50 
2016/09/19 5.60 5.60 5.46 5.46 
2016/09/20 5.47 5.55 5.47 5.55 
2016/09/21 5.70 5.70 5.55 5.60 
2016/09/22 5.70 5.71 5.68 5.68 
2016/09/23 5.56 5.68 5.56 5.68 
2016/09/26 5.68 5.80 5.68 5.80 
2016/09/29 5.79 5.80 5.56 5.56 
2016/09/30 5.57 5.70 5.56 5.70 
2016/10/03 5.50 5.69 5.50 5.69 
2016/10/04 5.69 5.70 5.69 5.70 
2016/10/05 5.79 5.80 5.70 5.70 
2016/10/06 5.75 5.75 5.70 5.70 
2016/10/07 5.70 5.70 5.70 5.70 
2016/10/11 5.70 5.70 5.70 5.70 
2016/10/12 5.70 5.70 5.70 5.70 
2016/10/13 5.60 5.60 5.60 5.60 
2016/10/14 5.60 5.60 5.57 5.57 
2016/10/17 5.50 5.50 5.41 5.41 
2016/10/18 5.23 5.37 5.23 5.34 
2016/10/19 5.32 5.38 5.32 5.38 
2016/10/20 5.60 5.60 5.50 5.59 
2016/10/21 5.60 5.60 5.59 5.59 
2016/10/24 5.50 5.51 5.49 5.49 
2016/10/25 5.49 5.51 5.49 5.51 
2016/10/26 5.51 5.70 5.51 5.65 
2016/10/27 5.60 5.69 5.60 5.69 
2016/10/28 5.69 5.69 5.63 5.63 
2016/10/31 5.69 5.70 5.69 5.70 
2016/11/01 5.70 5.70 5.70 5.70 
2016/11/02 5.70 5.70 5.70 5.70 
2016/11/03 5.70 5.70 5.66 5.66 
2016/11/04 5.70 5.70 5.70 5.70 
2016/11/07 5.68 5.80 5.68 5.80 
2016/11/08 5.80 5.88 5.80 5.88 
2016/11/09 5.90 5.95 5.90 5.90 
2016/11/10 6.00 6.10 6.00 6.10 
2016/11/11 6.10 6.20 6.07 6.10 
2016/11/14 5.49 5.49 5.49 5.49 
2016/11/15 4.95 4.95 4.95 4.95 
2016/11/16 4.46 4.93 4.46 4.88 
2016/11/17 4.72 4.72 4.50 4.50 
2016/11/18 4.42 4.59 4.36 4.36 
2016/11/21 4.60 4.60 4.46 4.50 
2016/11/22 4.57 4.57 4.45 4.45 
2016/11/23 4.38 4.38 4.38 4.38 
2016/11/24 4.56 4.56 4.56 4.56 
2016/11/25 4.56 4.56 4.56 4.56 
2016/11/29 4.56 4.60 4.56 4.58 
2016/11/30 4.42 4.57 4.37 4.57 
2016/12/01 4.55 4.73 4.55 4.73 
2016/12/02 5.10 5.10 4.42 4.42 
2016/12/05 4.69 4.69 4.43 4.64 
2016/12/06 4.40 4.49 4.20 4.49 
2016/12/07 4.63 4.63 4.22 4.22 
2016/12/08 4.20 4.43 4.20 4.39 
2016/12/09 4.20 4.20 4.17 4.17 
2016/12/12 4.35 4.35 4.09 4.09 
2016/12/13 4.12 4.32 4.12 4.32 
2016/12/15 3.95 4.13 3.95 4.13 
2016/12/16 3.87 4.13 3.87 4.13 
2016/12/19 4.24 4.24 4.05 4.18 
2016/12/20 4.06 4.15 4.06 4.14 
2016/12/21 4.17 4.20 4.04 4.04 
2016/12/22 4.06 4.06 4.05 4.05 
2016/12/23 4.05 4.19 4.05 4.11 
2016/12/26 4.20 4.20 4.20 4.20 
2016/12/27 4.21 4.30 4.20 4.25 
2016/12/28 4.25 4.54 4.25 4.53 
2017/01/03 4.50 4.51 4.50 4.51 
2017/01/04 4.50 4.55 4.50 4.55 
2017/01/05 4.51 4.51 4.50 4.50 
2017/01/06 4.73 4.73 4.73 4.73 
2017/01/09 4.46 4.99 4.45 4.80 
2017/01/10 4.79 4.80 4.70 4.70 
2017/01/11 4.53 4.66 4.53 4.66 
2017/01/12 5.02 5.02 4.80 4.80 
2017/01/13 4.60 4.60 4.60 4.60 
2017/01/16 4.60 4.73 4.60 4.73 
2017/01/18 4.60 4.60 4.60 4.60 
2017/01/19 4.55 4.55 4.55 4.55 
2017/01/20 4.60 4.60 4.55 4.55 
2017/01/23 4.80 4.80 4.53 4.54 
2017/01/24 4.52 4.52 4.50 4.51 
2017/02/02 4.82 4.82 4.82 4.82 
2017/02/03 4.70 4.70 4.54 4.70 
2017/02/06 4.70 4.85 4.66 4.83 
2017/02/07 4.80 4.80 4.80 4.80 
2017/02/08 4.84 4.84 4.62 4.62 
