2016/07/01 20.45 20.45 20.10 20.30 
2016/07/04 20.30 20.30 20.00 20.05 
2016/07/05 20.05 22.05 19.90 22.05 
2016/07/06 22.10 22.80 21.70 22.50 
2016/07/07 22.50 23.40 22.50 22.75 
2016/07/11 22.85 23.35 22.10 22.20 
2016/07/12 22.20 22.40 21.90 22.10 
2016/07/13 22.10 22.50 21.65 21.90 
2016/07/14 22.00 22.00 21.70 21.70 
2016/07/15 22.00 22.05 21.60 21.80 
2016/07/18 21.90 21.90 21.40 21.55 
2016/07/19 21.50 21.65 21.20 21.55 
2016/07/20 21.65 21.90 21.30 21.55 
2016/07/21 21.10 21.50 21.10 21.30 
2016/07/22 21.50 21.50 21.05 21.10 
2016/07/25 21.10 21.30 20.80 20.80 
2016/07/26 21.00 21.00 20.50 20.60 
2016/07/27 20.60 20.70 20.30 20.45 
2016/07/28 20.55 21.50 20.50 21.00 
2016/07/29 21.30 21.30 20.60 20.65 
2016/08/01 21.15 21.15 20.50 20.70 
2016/08/02 20.70 20.85 20.50 20.60 
2016/08/03 20.50 20.80 20.40 20.75 
2016/08/04 20.75 20.75 20.45 20.50 
2016/08/05 20.60 20.80 20.50 20.60 
2016/08/08 20.65 20.95 20.65 20.90 
2016/08/09 20.90 21.15 20.60 20.65 
2016/08/10 20.65 20.85 20.50 20.55 
2016/08/11 20.70 20.75 20.30 20.30 
2016/08/12 20.35 20.80 20.30 20.40 
2016/08/15 20.40 20.55 20.20 20.25 
2016/08/16 20.15 20.80 20.15 20.30 
2016/08/17 20.30 20.55 20.00 20.25 
2016/08/18 20.25 20.25 20.00 20.05 
2016/08/19 20.10 20.15 19.80 19.90 
2016/08/22 19.65 20.00 19.60 19.70 
2016/08/23 19.70 19.90 19.65 19.65 
2016/08/24 19.80 19.85 19.50 19.50 
2016/08/25 19.50 19.65 19.30 19.45 
2016/08/26 19.45 19.75 19.45 19.50 
2016/08/29 19.50 19.90 19.50 19.60 
2016/08/30 20.15 20.15 19.55 19.60 
2016/08/31 19.60 19.75 18.50 19.45 
2016/09/01 19.50 19.50 19.20 19.25 
2016/09/02 19.50 19.50 19.00 19.20 
2016/09/05 18.85 19.20 18.85 19.10 
2016/09/06 19.10 19.10 18.85 19.05 
2016/09/07 18.85 19.35 18.85 18.85 
2016/09/08 19.00 19.00 18.50 18.80 
2016/09/09 18.95 20.30 18.95 20.00 
2016/09/10 20.10 20.55 19.75 20.00 
2016/09/12 19.55 20.00 19.55 19.65 
2016/09/13 19.65 19.85 19.00 19.05 
2016/09/14 19.00 19.70 19.00 19.50 
2016/09/19 19.40 19.60 19.15 19.40 
2016/09/20 19.70 19.70 19.30 19.30 
2016/09/21 19.50 19.55 19.15 19.45 
2016/09/22 19.45 19.45 19.20 19.25 
2016/09/23 19.45 19.45 19.05 19.30 
2016/09/26 19.20 19.30 19.10 19.10 
2016/09/29 19.45 19.65 19.20 19.50 
2016/09/30 19.50 19.60 19.35 19.50 
2016/10/03 21.00 21.00 19.60 20.00 
2016/10/04 20.05 20.05 19.90 19.90 
2016/10/05 19.60 20.00 19.60 19.70 
2016/10/06 19.70 19.70 19.45 19.45 
2016/10/07 19.45 19.70 19.40 19.40 
2016/10/11 19.60 19.60 18.60 18.90 
2016/10/12 18.90 18.90 18.20 18.50 
2016/10/13 18.50 18.60 18.20 18.45 
2016/10/14 18.45 18.50 18.15 18.35 
2016/10/17 18.05 18.35 18.00 18.35 
2016/10/18 18.35 18.35 18.00 18.15 
2016/10/19 18.25 19.45 18.25 18.55 
2016/10/20 18.95 18.95 18.10 18.30 
2016/10/21 18.30 20.10 18.20 20.10 
2016/10/24 21.00 21.40 20.65 21.35 
2016/10/25 20.00 20.15 19.25 19.25 
2016/10/26 18.65 19.50 18.65 19.10 
2016/10/27 18.90 19.20 18.40 18.45 
2016/10/28 18.50 18.80 18.45 18.45 
2016/10/31 18.45 18.45 18.20 18.35 
2016/11/01 18.30 18.60 18.05 18.35 
2016/11/02 18.40 18.40 18.20 18.35 
2016/11/03 18.20 18.35 18.05 18.35 
2016/11/04 18.30 18.30 18.00 18.10 
2016/11/07 18.00 18.35 17.80 18.20 
2016/11/08 18.40 18.40 18.00 18.05 
2016/11/09 18.05 18.20 16.90 17.40 
2016/11/10 17.35 18.15 17.35 17.75 
2016/11/11 17.10 17.75 17.10 17.30 
2016/11/14 17.70 17.80 17.00 17.25 
2016/11/15 17.25 17.65 17.10 17.60 
2016/11/16 17.80 18.10 17.60 17.90 
2016/11/17 17.90 18.10 17.60 17.60 
2016/11/18 17.60 17.80 17.60 17.75 
2016/11/21 17.70 17.95 17.65 17.80 
2016/11/22 18.15 18.15 17.95 18.10 
2016/11/23 18.15 18.15 17.75 17.75 
2016/11/24 17.80 17.85 17.60 17.70 
2016/11/25 17.70 17.70 17.40 17.50 
2016/11/28 17.50 19.00 17.50 18.40 
2016/11/29 18.40 19.25 18.15 18.90 
2016/11/30 19.55 20.00 19.35 19.55 
2016/12/01 20.00 20.00 19.50 19.60 
2016/12/02 19.20 19.20 17.80 18.05 
2016/12/05 18.05 18.30 17.35 17.60 
2016/12/06 17.80 17.85 17.60 17.65 
2016/12/07 17.65 17.65 17.50 17.50 
2016/12/08 17.55 17.85 17.55 17.60 
2016/12/09 17.65 17.75 17.60 17.70 
2016/12/12 17.70 17.70 17.25 17.50 
2016/12/13 17.70 17.90 17.50 17.50 
2016/12/14 17.70 17.70 17.30 17.45 
2016/12/15 17.45 17.45 17.25 17.35 
2016/12/16 17.50 17.55 17.40 17.40 
2016/12/19 17.45 17.45 17.20 17.20 
2016/12/20 17.20 17.25 17.05 17.20 
2016/12/21 17.15 17.25 17.15 17.20 
2016/12/22 17.10 17.35 17.10 17.25 
2016/12/23 17.20 17.25 17.15 17.15 
2016/12/26 17.20 17.25 17.15 17.15 
2016/12/27 17.20 17.20 17.10 17.15 
2016/12/28 17.20 17.20 17.15 17.15 
2016/12/29 17.25 17.50 17.15 17.50 
2016/12/30 17.55 17.80 17.35 17.55 
2017/01/03 17.55 17.65 17.55 17.60 
2017/01/04 17.60 17.65 17.55 17.65 
2017/01/05 17.65 17.80 17.60 17.60 
2017/01/06 17.75 17.75 17.65 17.75 
2017/01/09 17.90 18.75 17.90 18.40 
2017/01/10 18.20 18.50 18.20 18.50 
2017/01/11 18.75 19.10 18.60 18.75 
2017/01/12 19.00 19.50 18.75 19.00 
2017/01/13 20.30 20.90 19.85 20.00 
2017/01/16 20.30 20.30 20.00 20.05 
2017/01/17 20.05 20.05 19.25 19.25 
2017/01/18 19.30 20.10 19.30 19.55 
2017/01/19 20.00 20.05 19.70 19.85 
2017/01/20 19.90 19.95 19.55 19.65 
2017/01/23 19.90 19.95 19.35 19.55 
2017/01/24 19.70 19.70 19.30 19.35 
2017/02/02 19.60 20.20 19.60 20.00 
2017/02/03 20.00 20.35 19.85 19.90 
2017/02/06 20.10 20.30 19.90 20.05 
2017/02/07 20.10 20.10 19.65 19.90 
2017/02/08 19.85 19.95 19.70 19.75 
