2016/07/01 80.00 80.00 79.90 80.00 
2016/07/05 80.90 80.90 80.90 80.90 
2016/07/06 80.90 80.90 80.90 80.90 
2016/07/07 80.40 80.40 80.00 80.00 
2016/07/11 80.00 80.00 80.00 80.00 
2016/07/12 79.70 80.00 79.70 80.00 
2016/07/13 80.00 80.00 79.70 80.00 
2016/07/14 80.00 80.00 80.00 80.00 
2016/07/15 80.00 80.00 80.00 80.00 
2016/07/18 79.60 80.00 79.60 80.00 
2016/07/19 80.00 80.00 80.00 80.00 
2016/07/20 80.00 80.90 80.00 80.90 
2016/07/25 80.00 81.90 80.00 81.90 
2016/07/27 80.10 80.90 80.10 80.90 
2016/07/28 80.50 80.50 80.50 80.50 
2016/08/02 80.20 81.60 80.20 81.60 
2016/08/03 80.50 82.40 80.50 82.30 
2016/08/04 78.50 79.70 78.50 79.70 
2016/08/05 79.00 79.00 79.00 79.00 
2016/08/08 78.90 78.90 77.10 78.10 
2016/08/09 76.90 78.40 76.00 78.40 
2016/08/10 77.00 77.80 76.90 77.80 
2016/08/11 76.30 77.80 76.30 77.80 
2016/08/12 77.70 77.70 77.70 77.70 
2016/08/15 75.20 77.60 75.20 77.60 
2016/08/16 80.70 80.70 80.70 80.70 
2016/08/18 78.00 78.00 78.00 78.00 
2016/08/19 77.50 77.50 77.50 77.50 
2016/08/22 77.50 78.70 77.50 78.70 
2016/08/23 77.50 77.50 77.50 77.50 
2016/08/24 79.80 79.80 77.50 77.50 
2016/08/29 77.60 77.60 77.50 77.50 
2016/08/30 80.00 80.00 80.00 80.00 
2016/08/31 77.50 77.50 77.50 77.50 
2016/09/01 79.40 79.40 78.80 78.80 
2016/09/02 77.30 77.30 77.30 77.30 
2016/09/05 78.00 78.00 77.40 77.40 
2016/09/06 77.00 79.00 76.90 79.00 
2016/09/07 78.80 80.30 78.00 80.30 
2016/09/08 77.00 77.00 76.90 76.90 
2016/09/13 76.50 76.50 76.50 76.50 
2016/09/14 79.90 79.90 79.00 79.00 
2016/09/19 79.00 79.00 78.50 78.50 
2016/09/22 76.80 77.90 75.50 75.50 
2016/09/23 81.90 81.90 74.00 75.40 
2016/09/26 79.00 79.00 75.00 76.80 
2016/09/29 76.90 77.00 76.10 77.00 
2016/09/30 76.00 76.00 76.00 76.00 
2016/10/03 76.00 76.00 75.10 75.10 
2016/10/04 75.40 75.50 75.40 75.50 
2016/10/05 81.60 81.60 79.00 79.00 
2016/10/06 75.80 75.80 75.30 75.30 
2016/10/11 76.00 78.60 76.00 76.00 
2016/10/12 78.20 78.20 77.00 77.00 
2016/10/13 77.10 77.10 77.00 77.00 
2016/10/14 77.10 77.10 76.00 77.10 
2016/10/17 77.00 77.00 76.00 76.00 
2016/10/18 76.10 77.90 76.00 77.90 
2016/10/19 75.10 75.10 75.10 75.10 
2016/10/20 75.10 75.20 75.10 75.10 
2016/10/21 75.10 82.60 75.10 78.00 
2016/10/24 75.40 76.00 75.40 76.00 
2016/10/25 79.70 79.70 77.70 77.80 
2016/10/28 81.80 81.80 81.80 81.80 
2016/11/01 86.10 86.10 78.80 78.80 
2016/11/02 81.50 81.50 76.40 78.40 
2016/11/04 75.80 75.80 75.70 75.70 
2016/11/07 80.10 80.10 80.10 80.10 
2016/11/08 75.20 77.20 75.10 77.20 
2016/11/09 74.60 74.80 74.60 74.80 
2016/11/10 76.80 76.80 74.50 74.50 
2016/11/11 77.40 77.40 77.40 77.40 
2016/11/14 74.20 75.90 74.00 75.90 
2016/11/15 74.10 74.10 74.10 74.10 
2016/11/16 74.10 74.50 74.10 74.50 
2016/11/17 74.60 74.60 74.50 74.50 
2016/11/18 74.10 74.10 74.00 74.00 
2016/11/22 73.50 73.50 73.50 73.50 
2016/11/23 79.20 79.20 73.70 74.00 
2016/11/24 74.60 74.60 74.10 74.10 
2016/11/25 73.50 73.50 73.30 73.30 
2016/11/28 74.20 74.30 73.10 74.30 
2016/11/29 74.90 74.90 73.10 73.50 
2016/11/30 74.40 74.50 73.80 74.40 
2016/12/05 73.30 74.70 73.30 74.70 
2016/12/06 73.60 73.60 73.40 73.40 
2016/12/07 74.70 74.70 72.70 73.50 
2016/12/08 74.80 74.80 72.70 74.60 
2016/12/09 73.00 76.00 73.00 75.90 
2016/12/13 76.70 76.70 73.30 73.30 
2016/12/14 74.40 75.00 74.40 74.80 
2016/12/16 74.00 74.00 73.40 73.40 
2016/12/19 73.10 74.90 73.10 74.90 
2016/12/20 73.10 73.10 73.00 73.00 
2016/12/22 73.70 74.70 73.20 74.70 
2016/12/23 73.10 73.10 73.00 73.00 
2016/12/29 73.00 73.00 73.00 73.00 
2016/12/30 73.00 73.00 73.00 73.00 
2017/01/04 73.00 75.00 73.00 73.10 
2017/01/06 74.00 74.00 74.00 74.00 
2017/01/10 73.10 73.10 73.00 73.00 
2017/01/11 73.10 73.10 73.10 73.10 
2017/01/12 74.70 74.70 74.70 74.70 
2017/01/17 73.00 73.90 73.00 73.90 
2017/01/18 73.00 73.90 72.90 73.90 
2017/01/23 73.30 74.00 72.80 74.00 
2017/01/24 73.00 73.00 73.00 73.00 
2017/02/02 73.00 73.00 73.00 73.00 
2017/02/03 78.20 78.20 74.00 75.90 
2017/02/06 74.70 74.80 73.00 73.00 
2017/02/08 73.50 73.50 73.20 73.20 
