2016/07/01 5.50 5.50 5.50 5.50 
2016/07/04 5.20 5.20 5.20 5.20 
2016/07/05 5.01 5.01 5.01 5.01 
2016/07/06 4.60 4.90 4.60 4.90 
2016/07/07 5.25 5.25 4.82 4.82 
2016/07/12 5.30 5.30 4.91 4.91 
2016/07/14 4.80 4.80 4.80 4.80 
2016/07/15 4.60 5.00 4.60 5.00 
2016/07/20 5.05 5.05 5.05 5.05 
2016/07/22 5.30 5.30 5.30 5.30 
2016/07/26 5.40 5.40 5.40 5.40 
2016/07/27 5.49 5.49 5.10 5.10 
2016/07/28 4.95 5.00 4.95 5.00 
2016/07/29 4.82 4.82 4.82 4.82 
2016/08/01 4.63 4.63 4.62 4.62 
2016/08/02 4.87 4.87 4.87 4.87 
2016/08/03 4.85 4.85 4.85 4.85 
2016/08/04 4.80 4.80 4.70 4.70 
2016/08/05 5.09 5.09 5.09 5.09 
2016/08/08 5.38 5.38 5.38 5.38 
2016/08/09 4.95 4.95 4.95 4.95 
2016/08/10 4.71 4.71 4.71 4.71 
2016/08/11 4.71 4.71 4.71 4.71 
2016/08/16 4.25 4.25 4.25 4.25 
2016/08/17 4.20 4.20 4.20 4.20 
2016/08/18 4.05 4.05 4.05 4.05 
2016/08/19 4.20 4.45 4.20 4.45 
2016/08/22 4.83 4.83 4.40 4.40 
2016/08/23 4.40 4.78 4.40 4.78 
2016/08/24 4.99 4.99 4.99 4.99 
2016/08/25 4.50 4.50 4.50 4.50 
2016/08/26 4.75 4.75 4.51 4.51 
2016/08/29 4.50 4.50 4.50 4.50 
2016/09/01 4.36 4.36 4.36 4.36 
2016/09/02 4.40 4.40 4.40 4.40 
2016/09/05 4.00 4.00 4.00 4.00 
2016/09/10 4.00 4.40 4.00 4.40 
2016/09/20 4.60 4.60 4.60 4.60 
2016/09/29 4.50 4.50 4.50 4.50 
2016/10/04 4.30 4.30 4.30 4.30 
2016/10/06 4.30 4.30 4.30 4.30 
2016/10/07 4.73 4.73 4.73 4.73 
2016/10/14 4.71 4.71 4.71 4.71 
2016/10/17 4.71 4.71 4.71 4.71 
2016/10/18 4.80 4.80 4.80 4.80 
2016/10/20 4.80 4.80 4.80 4.80 
2016/10/21 4.79 5.00 4.79 5.00 
2016/10/25 5.15 5.15 5.15 5.15 
2016/10/31 5.00 5.00 5.00 5.00 
2016/11/11 4.60 4.60 4.60 4.60 
2016/11/17 4.40 4.40 4.40 4.40 
2016/11/21 4.40 4.40 4.40 4.40 
2016/11/22 4.40 4.40 3.96 4.40 
2016/11/23 4.38 4.38 4.38 4.38 
2016/11/24 4.35 4.35 4.35 4.35 
2016/11/29 3.97 3.97 3.97 3.97 
2016/11/30 4.00 4.00 4.00 4.00 
2016/12/01 4.00 4.00 4.00 4.00 
2016/12/05 4.40 4.40 4.40 4.40 
2016/12/06 4.84 4.84 4.84 4.84 
2016/12/08 4.37 4.37 4.37 4.37 
2016/12/15 4.00 4.00 4.00 4.00 
2016/12/20 3.68 3.68 3.68 3.68 
2017/01/04 3.33 3.41 3.33 3.41 
2017/01/05 3.73 3.73 3.45 3.45 
2017/01/06 3.70 3.70 3.70 3.70 
2017/01/10 3.70 3.70 3.70 3.70 
2017/01/11 3.70 3.70 3.70 3.70 
2017/01/16 4.04 4.04 4.04 4.04 
2017/01/17 3.72 3.72 3.72 3.72 
2017/01/19 4.04 4.04 4.04 4.04 
2017/01/20 4.00 4.00 4.00 4.00 
2017/02/07 4.00 4.00 4.00 4.00 
2017/02/08 3.99 3.99 3.99 3.99 
