2016/07/01 144.50 145.00 142.00 143.00 
2016/07/04 143.00 144.00 140.00 140.00 
2016/07/05 141.00 143.00 140.00 142.00 
2016/07/06 141.00 141.00 136.50 138.50 
2016/07/07 138.50 139.50 136.00 136.50 
2016/07/11 138.00 142.50 138.00 142.00 
2016/07/12 143.00 156.00 143.00 156.00 
2016/07/13 159.00 160.50 155.00 155.00 
2016/07/14 156.00 159.50 154.50 155.00 
2016/07/15 157.00 163.50 157.00 160.00 
2016/07/18 160.00 166.00 160.00 162.00 
2016/07/19 163.50 163.50 158.50 159.00 
2016/07/20 160.00 161.50 155.50 156.00 
2016/07/21 157.50 159.00 155.50 159.00 
2016/07/22 158.50 158.50 156.00 156.50 
2016/07/25 158.50 160.00 156.00 157.00 
2016/07/26 157.50 159.50 156.00 159.50 
2016/07/27 159.50 163.00 158.50 160.00 
2016/07/28 161.00 162.00 157.50 158.00 
2016/07/29 158.00 160.00 157.00 160.00 
2016/08/01 161.50 162.50 160.00 161.50 
2016/08/02 162.50 162.50 159.50 160.50 
2016/08/03 159.00 160.50 158.50 160.00 
2016/08/04 161.00 171.50 159.50 169.00 
2016/08/05 168.00 169.00 163.00 165.00 
2016/08/08 167.50 168.00 164.00 165.50 
2016/08/09 167.50 167.50 161.00 161.50 
2016/08/10 161.50 168.00 161.50 168.00 
2016/08/11 169.50 177.50 169.50 170.50 
2016/08/12 154.00 161.50 154.00 160.00 
2016/08/15 162.00 165.00 160.00 164.50 
2016/08/16 165.00 168.50 164.50 168.50 
2016/08/17 169.50 170.00 166.50 167.50 
2016/08/18 167.50 175.00 167.50 174.50 
2016/08/19 175.00 178.50 172.00 176.50 
2016/08/22 143.00 148.00 142.50 145.00 
2016/08/23 144.00 144.50 139.00 139.50 
2016/08/24 140.50 144.00 140.00 142.50 
2016/08/25 143.50 144.00 141.50 142.50 
2016/08/26 144.00 144.00 142.50 143.00 
2016/08/29 144.50 144.50 141.50 143.00 
2016/08/30 143.50 149.00 143.50 148.50 
2016/08/31 148.00 150.00 146.50 149.00 
2016/09/01 149.00 149.00 145.00 145.00 
2016/09/02 146.00 148.00 144.00 144.00 
2016/09/05 145.00 145.00 141.00 144.00 
2016/09/06 145.00 149.50 143.00 147.00 
2016/09/07 146.50 147.50 145.00 146.00 
2016/09/08 147.00 147.50 145.00 145.00 
2016/09/09 146.50 146.50 144.00 146.00 
2016/09/10 144.50 145.00 142.00 142.50 
2016/09/12 144.00 144.00 140.00 140.00 
2016/09/13 141.50 142.50 137.50 139.50 
2016/09/14 138.00 142.00 138.00 140.50 
2016/09/19 140.50 143.50 140.50 141.00 
2016/09/20 143.00 143.50 141.00 141.50 
2016/09/21 142.00 145.00 141.50 141.50 
2016/09/22 143.50 146.00 142.50 144.50 
2016/09/23 145.00 145.50 142.50 143.00 
2016/09/26 142.00 142.00 141.00 141.50 
2016/09/29 142.00 142.50 133.00 136.50 
2016/09/30 136.50 137.50 134.50 136.50 
2016/10/03 136.50 137.50 133.50 136.00 
2016/10/04 136.00 136.50 133.50 133.50 
2016/10/05 133.50 133.50 128.00 128.50 
2016/10/06 128.50 133.50 128.50 131.50 
2016/10/07 134.00 135.00 132.50 133.00 
2016/10/11 133.50 134.00 121.00 127.00 
2016/10/12 126.50 132.00 124.50 130.50 
2016/10/13 130.50 131.50 128.00 129.00 
2016/10/14 129.00 130.50 124.00 125.00 
2016/10/17 126.00 126.00 122.00 124.50 
2016/10/18 124.50 126.50 124.00 125.00 
2016/10/19 126.00 132.00 126.00 130.00 
2016/10/20 130.50 131.00 127.00 127.00 
2016/10/21 127.00 127.50 123.50 124.00 
2016/10/24 125.00 126.00 124.00 124.50 
2016/10/25 125.00 125.00 121.00 122.50 
2016/10/26 121.00 121.50 116.00 121.00 
2016/10/27 121.00 125.00 121.00 121.50 
2016/10/28 122.50 122.50 119.00 121.00 
2016/10/31 122.00 124.00 120.00 122.50 
2016/11/01 122.50 123.00 120.00 120.00 
2016/11/02 119.00 119.00 114.00 114.50 
2016/11/03 112.00 115.50 103.50 107.00 
2016/11/04 105.50 110.00 105.50 106.50 
2016/11/07 108.50 110.00 107.50 109.50 
2016/11/08 111.00 112.00 109.00 110.00 
2016/11/09 111.00 111.00 102.50 102.50 
2016/11/10 109.00 112.50 106.50 112.50 
2016/11/11 112.00 117.00 110.00 113.50 
2016/11/14 114.00 116.50 112.00 112.00 
2016/11/15 111.00 114.00 110.50 113.00 
2016/11/16 115.00 119.50 114.00 118.00 
2016/11/17 117.00 118.00 115.50 116.00 
2016/11/18 116.00 117.00 114.50 115.50 
2016/11/21 117.00 118.00 114.00 115.00 
2016/11/22 116.00 121.00 116.00 119.00 
2016/11/23 120.00 120.00 117.00 118.00 
2016/11/24 118.50 120.00 117.00 118.00 
2016/11/25 118.50 120.00 118.00 119.00 
2016/11/28 119.00 124.50 118.50 122.50 
2016/11/29 122.00 122.00 119.00 119.50 
2016/11/30 120.00 122.50 119.00 119.00 
2016/12/01 120.00 120.00 118.00 119.50 
2016/12/02 118.50 119.50 117.00 118.00 
2016/12/05 118.00 119.50 116.00 119.50 
2016/12/06 120.00 121.50 119.50 119.50 
2016/12/07 119.50 120.50 117.50 117.50 
2016/12/08 119.50 123.50 119.50 120.50 
2016/12/09 121.00 121.00 119.00 119.50 
2016/12/12 118.00 118.00 108.00 108.00 
2016/12/13 108.00 109.50 105.50 109.00 
2016/12/14 109.00 109.50 107.00 108.50 
2016/12/15 107.50 111.50 107.00 109.50 
2016/12/16 109.00 111.00 109.00 111.00 
2016/12/19 110.50 112.00 109.00 110.00 
2016/12/20 110.00 110.50 107.50 108.00 
2016/12/21 108.00 109.50 107.50 108.50 
2016/12/22 109.50 110.00 108.00 109.00 
2016/12/23 109.00 109.00 106.00 108.00 
2016/12/26 108.00 109.00 106.50 107.00 
2016/12/27 107.00 108.00 106.50 107.00 
2016/12/28 108.00 108.50 106.50 106.50 
2016/12/29 106.50 107.00 103.50 104.50 
2016/12/30 104.50 109.00 104.50 107.50 
2017/01/03 107.50 107.50 106.50 107.00 
2017/01/04 107.00 108.00 106.50 106.50 
2017/01/05 106.50 107.50 105.00 105.50 
2017/01/06 106.50 106.50 105.50 105.50 
2017/01/09 105.50 107.50 105.50 106.00 
2017/01/10 106.50 110.00 106.00 108.50 
2017/01/11 98.10 98.80 97.70 97.70 
2017/01/12 93.90 94.50 89.60 93.20 
2017/01/13 92.70 92.80 89.50 90.30 
2017/01/16 91.50 91.50 88.60 89.80 
2017/01/17 90.40 90.60 89.50 89.50 
2017/01/18 90.00 90.00 89.10 90.00 
2017/01/19 90.70 90.70 89.30 89.30 
2017/01/20 89.70 89.80 82.10 84.00 
2017/01/23 84.00 86.70 83.30 86.10 
2017/01/24 86.10 86.10 83.00 84.00 
2017/02/02 84.00 84.00 78.10 79.00 
2017/02/03 79.10 86.90 79.10 86.90 
2017/02/06 89.50 89.60 85.80 86.60 
2017/02/07 86.60 87.10 83.50 83.80 
2017/02/08 84.00 86.80 84.00 85.00 
