2016/07/01 27.15 27.50 27.15 27.50 
2016/07/04 27.70 27.75 27.35 27.35 
2016/07/05 27.35 27.85 27.35 27.60 
2016/07/06 27.75 27.75 27.40 27.40 
2016/07/07 27.50 27.60 27.15 27.30 
2016/07/11 27.50 27.70 27.40 27.40 
2016/07/12 27.65 27.65 27.30 27.60 
2016/07/13 27.40 27.60 27.35 27.50 
2016/07/14 26.50 26.80 26.50 26.70 
2016/07/15 26.70 26.70 26.50 26.60 
2016/07/18 26.60 26.65 26.45 26.65 
2016/07/19 26.65 27.00 26.50 26.65 
2016/07/20 26.55 26.80 26.50 26.80 
2016/07/21 26.65 26.85 26.50 26.85 
2016/07/22 26.60 26.65 26.60 26.65 
2016/07/25 26.60 26.60 26.50 26.60 
2016/07/26 26.80 26.80 26.50 26.75 
2016/07/27 26.60 26.60 26.50 26.55 
2016/07/28 26.60 26.60 26.30 26.50 
2016/07/29 26.40 26.65 26.40 26.65 
2016/08/01 26.70 26.70 26.40 26.65 
2016/08/02 26.25 26.55 26.20 26.50 
2016/08/03 26.25 26.45 26.25 26.30 
2016/08/04 26.30 26.30 25.60 26.20 
2016/08/05 25.85 26.00 25.50 26.00 
2016/08/08 25.50 26.05 25.45 25.75 
2016/08/09 25.60 25.75 25.50 25.55 
2016/08/10 25.95 25.95 25.50 25.75 
2016/08/11 25.50 25.80 25.50 25.75 
2016/08/12 25.70 25.70 25.50 25.70 
2016/08/15 25.50 25.70 25.45 25.55 
2016/08/16 25.50 25.50 25.10 25.50 
2016/08/17 25.30 25.45 25.00 25.45 
2016/08/18 25.50 25.60 25.15 25.45 
2016/08/19 25.85 25.85 25.30 25.45 
2016/08/22 25.30 25.50 25.30 25.50 
2016/08/23 25.35 25.50 25.30 25.50 
2016/08/24 25.50 25.50 25.30 25.45 
2016/08/25 25.35 25.45 25.15 25.45 
2016/08/26 25.20 25.45 25.20 25.45 
2016/08/29 25.20 25.40 25.10 25.40 
2016/08/30 25.40 25.40 25.40 25.40 
2016/08/31 25.20 25.35 25.15 25.15 
2016/09/01 25.10 25.30 25.10 25.30 
2016/09/02 25.10 25.20 24.90 24.95 
2016/09/05 25.75 25.75 24.95 25.00 
2016/09/06 25.00 25.15 25.00 25.15 
2016/09/07 24.95 25.15 24.95 25.15 
2016/09/08 25.15 25.15 25.15 25.15 
2016/09/09 25.25 25.45 25.25 25.40 
2016/09/10 25.00 25.40 25.00 25.40 
2016/09/12 25.35 25.40 25.20 25.20 
2016/09/13 25.05 25.30 25.05 25.30 
2016/09/14 25.05 25.25 25.05 25.15 
2016/09/19 25.30 25.30 25.15 25.30 
2016/09/20 25.30 25.30 25.05 25.20 
2016/09/21 25.20 25.20 25.00 25.20 
2016/09/22 25.05 25.15 24.90 25.15 
2016/09/23 25.00 25.15 25.00 25.15 
2016/09/26 25.15 25.15 24.90 25.00 
2016/09/29 24.95 25.00 24.80 25.00 
2016/09/30 24.80 25.15 24.80 25.00 
2016/10/03 24.90 24.90 24.70 24.90 
2016/10/04 24.95 25.00 24.70 25.00 
2016/10/05 25.00 25.10 25.00 25.00 
2016/10/06 25.15 25.15 25.05 25.15 
2016/10/07 25.10 25.15 25.10 25.15 
2016/10/11 24.60 24.90 24.60 24.80 
2016/10/12 24.75 24.90 24.75 24.90 
2016/10/13 25.30 25.30 24.95 24.95 
2016/10/14 24.70 24.90 24.70 24.90 
2016/10/18 24.75 24.75 24.75 24.75 
2016/10/19 24.75 24.75 24.50 24.70 
2016/10/20 24.70 24.70 24.45 24.45 
2016/10/21 24.45 24.45 24.00 24.20 
2016/10/24 24.20 24.65 23.30 24.00 
2016/10/25 24.00 24.20 23.85 24.20 
2016/10/26 24.30 25.00 24.30 24.60 
2016/10/27 24.30 24.60 24.30 24.60 
2016/10/28 24.70 24.70 24.60 24.65 
2016/10/31 24.85 24.85 24.85 24.85 
2016/11/01 24.50 24.60 24.50 24.50 
2016/11/02 24.10 24.30 24.00 24.15 
2016/11/03 24.00 24.20 24.00 24.20 
2016/11/04 23.00 23.90 23.00 23.90 
2016/11/07 24.00 24.00 23.75 23.90 
2016/11/08 23.90 23.90 23.65 23.85 
2016/11/09 23.70 23.70 23.00 23.00 
2016/11/10 22.95 23.15 22.60 22.90 
2016/11/11 22.55 22.80 22.00 22.70 
2016/11/14 24.95 24.95 23.00 23.40 
2016/11/15 23.10 23.40 23.00 23.30 
2016/11/16 23.00 23.25 22.90 23.25 
2016/11/17 23.00 23.20 23.00 23.20 
2016/11/18 23.35 23.35 22.10 23.30 
2016/11/21 23.05 23.35 22.80 23.20 
2016/11/22 23.00 23.25 22.60 23.00 
2016/11/23 23.15 23.15 23.00 23.10 
2016/11/24 24.35 24.35 23.15 23.45 
2016/11/25 23.00 23.30 23.00 23.30 
2016/11/28 24.45 24.45 23.50 23.55 
2016/11/29 24.40 24.40 23.55 24.05 
2016/11/30 24.05 24.05 23.50 23.95 
2016/12/01 23.35 23.55 23.30 23.55 
2016/12/02 23.40 23.50 23.30 23.40 
2016/12/05 23.30 23.40 23.30 23.40 
2016/12/06 23.65 23.65 23.60 23.65 
2016/12/07 24.45 24.45 24.25 24.25 
2016/12/08 24.25 24.25 23.50 23.60 
2016/12/09 24.05 24.05 23.30 23.60 
2016/12/12 23.80 23.80 23.30 23.70 
2016/12/13 23.95 23.95 23.35 23.50 
2016/12/14 23.85 23.85 23.85 23.85 
2016/12/15 24.10 24.10 23.25 23.70 
2016/12/16 23.70 23.70 23.70 23.70 
2016/12/19 23.70 23.75 23.40 23.75 
2016/12/20 23.75 23.75 23.50 23.50 
2016/12/21 23.10 23.85 23.10 23.80 
2016/12/22 25.30 25.30 23.90 24.15 
2016/12/23 24.15 24.20 23.85 24.15 
2016/12/26 24.75 24.75 24.45 24.45 
2016/12/27 24.65 24.65 23.85 24.35 
2016/12/28 24.35 24.55 24.35 24.55 
2016/12/29 24.50 24.50 24.00 24.15 
2016/12/30 24.15 24.15 23.95 24.00 
2017/01/03 24.45 24.45 24.45 24.45 
2017/01/04 24.20 24.25 24.00 24.10 
2017/01/05 24.25 24.25 24.00 24.05 
2017/01/06 24.15 24.15 23.85 24.05 
2017/01/09 24.95 24.95 24.95 24.95 
2017/01/10 24.00 24.20 24.00 24.20 
2017/01/11 24.55 24.55 24.00 24.00 
2017/01/12 24.45 24.45 24.45 24.45 
2017/01/13 24.40 24.40 24.00 24.30 
2017/01/16 24.35 24.60 24.30 24.35 
2017/01/17 23.55 24.00 23.55 23.95 
2017/01/18 23.95 24.00 23.90 24.00 
2017/01/19 24.20 24.20 24.00 24.05 
2017/01/20 24.25 24.25 23.95 24.00 
2017/01/23 24.10 24.35 24.00 24.25 
2017/01/24 24.40 24.40 24.10 24.30 
2017/02/02 23.60 24.05 23.60 23.90 
2017/02/03 24.00 24.00 23.95 23.95 
2017/02/06 23.95 23.95 23.90 23.95 
2017/02/07 23.95 23.95 23.90 23.95 
2017/02/08 24.25 24.25 23.90 24.20 
