2016/07/01 68.90 69.90 68.00 68.10 
2016/07/04 68.90 68.90 68.10 68.30 
2016/07/05 68.80 70.50 68.80 69.80 
2016/07/06 69.10 69.80 68.50 68.90 
2016/07/07 68.90 70.90 68.90 70.20 
2016/07/11 71.20 71.20 70.00 70.00 
2016/07/12 70.20 71.80 70.00 71.50 
2016/07/13 71.60 73.00 71.60 72.10 
2016/07/14 68.10 68.40 67.50 67.70 
2016/07/15 67.90 69.10 67.90 69.10 
2016/07/18 69.10 69.30 68.20 68.70 
2016/07/19 69.00 69.60 68.20 69.20 
2016/07/20 69.20 70.90 68.80 69.20 
2016/07/21 69.30 69.90 69.00 69.10 
2016/07/22 69.10 69.90 69.10 69.50 
2016/07/25 69.50 70.40 69.10 69.10 
2016/07/26 69.00 69.80 68.10 69.40 
2016/07/27 69.10 70.40 67.20 69.20 
2016/07/28 69.20 69.80 67.60 68.20 
2016/07/29 68.90 69.40 67.50 68.20 
2016/08/01 67.60 68.70 67.60 68.00 
2016/08/02 68.00 68.80 68.00 68.10 
2016/08/03 68.40 68.40 67.70 68.20 
2016/08/04 68.20 68.90 68.20 68.50 
2016/08/05 68.60 69.00 68.10 68.50 
2016/08/08 69.20 69.20 68.40 68.40 
2016/08/09 69.90 69.90 68.40 68.60 
2016/08/10 68.50 68.60 67.60 67.70 
2016/08/11 67.70 68.30 67.20 67.60 
2016/08/12 67.60 68.00 66.60 66.80 
2016/08/15 66.80 67.10 66.80 66.80 
2016/08/16 67.50 67.50 66.50 67.00 
2016/08/17 67.30 67.30 66.10 66.30 
2016/08/18 66.30 66.70 66.00 66.30 
2016/08/19 66.60 68.00 66.60 66.90 
2016/08/22 66.90 67.50 66.80 66.80 
2016/08/23 67.20 67.20 66.80 67.00 
2016/08/24 67.00 67.90 66.70 67.00 
2016/08/25 67.00 67.10 66.60 66.60 
2016/08/26 66.60 66.90 66.40 66.80 
2016/08/29 66.80 66.80 66.40 66.60 
2016/08/30 66.60 66.60 65.80 66.30 
2016/08/31 66.50 66.50 65.50 65.90 
2016/09/01 65.30 66.40 65.20 65.20 
2016/09/02 65.20 65.50 64.30 65.00 
2016/09/05 65.00 65.30 64.60 64.80 
2016/09/06 64.50 64.90 64.20 64.50 
2016/09/07 64.30 64.50 64.00 64.20 
2016/09/08 64.00 65.20 63.60 65.00 
2016/09/09 65.00 65.00 64.20 64.50 
2016/09/10 64.20 64.20 63.70 63.80 
2016/09/12 62.90 62.90 60.20 60.50 
2016/09/13 60.50 60.50 58.50 59.20 
2016/09/14 59.00 59.20 58.70 59.00 
2016/09/19 59.20 60.20 58.80 60.10 
2016/09/20 60.00 60.00 59.50 59.50 
2016/09/21 59.70 59.80 59.30 59.80 
2016/09/22 60.00 60.10 59.40 60.00 
2016/09/23 60.00 60.00 59.40 59.90 
2016/09/26 60.00 60.00 59.60 59.80 
2016/09/29 60.20 60.30 59.50 59.50 
2016/09/30 59.80 59.80 59.10 59.60 
2016/10/03 60.10 60.10 59.60 59.60 
2016/10/04 60.10 60.10 59.50 59.90 
2016/10/05 60.00 60.00 59.20 59.60 
2016/10/06 60.00 60.00 59.60 59.70 
2016/10/07 59.90 59.90 59.40 59.70 
2016/10/11 59.70 59.70 58.00 58.30 
2016/10/12 57.30 58.00 56.00 57.90 
2016/10/13 57.90 57.90 56.70 57.50 
2016/10/14 57.70 57.90 56.70 57.40 
2016/10/17 57.40 57.40 56.50 57.00 
2016/10/18 57.00 57.20 56.50 56.50 
2016/10/19 56.80 57.80 56.80 57.80 
2016/10/20 58.10 58.80 57.80 58.00 
2016/10/21 58.50 59.00 58.20 58.30 
2016/10/24 58.50 58.70 58.10 58.30 
2016/10/25 58.50 58.70 58.40 58.50 
2016/10/26 58.50 58.50 57.70 58.00 
2016/10/27 58.00 58.50 58.00 58.30 
2016/10/28 58.50 58.60 58.00 58.00 
2016/10/31 57.00 58.00 57.00 57.10 
2016/11/01 57.40 57.40 56.70 57.00 
2016/11/02 56.00 56.90 55.80 55.80 
2016/11/03 55.70 57.50 55.30 55.70 
2016/11/04 55.60 56.80 55.10 55.50 
2016/11/07 55.30 57.00 55.30 55.60 
2016/11/08 56.00 56.90 55.90 55.90 
2016/11/09 55.50 55.50 53.00 53.20 
2016/11/10 53.50 55.00 53.50 53.80 
2016/11/11 50.10 50.10 48.45 48.45 
2016/11/14 48.45 48.45 43.65 43.75 
2016/11/15 43.00 44.30 42.25 43.80 
2016/11/16 43.10 45.70 43.10 45.00 
2016/11/17 45.00 45.50 44.80 44.80 
2016/11/18 44.70 46.00 44.70 45.40 
2016/11/21 45.90 46.60 45.90 46.00 
2016/11/22 47.00 47.20 46.20 46.80 
2016/11/23 47.50 47.50 47.20 47.20 
2016/11/24 47.40 47.70 47.00 47.25 
2016/11/25 47.35 47.80 46.70 47.00 
2016/11/28 47.15 47.20 46.00 46.00 
2016/11/29 45.50 45.90 44.50 44.65 
2016/11/30 45.40 45.40 44.65 45.15 
2016/12/01 45.15 45.60 45.15 45.50 
2016/12/02 45.40 45.75 45.00 45.60 
2016/12/05 45.50 45.50 45.00 45.20 
2016/12/06 45.55 45.55 45.00 45.25 
2016/12/07 45.30 46.60 45.30 46.30 
2016/12/08 46.50 47.40 46.50 47.20 
2016/12/09 47.60 47.65 45.50 46.35 
2016/12/12 45.80 45.80 44.00 44.15 
2016/12/13 44.15 45.10 44.15 44.85 
2016/12/14 45.10 45.10 44.55 44.95 
2016/12/15 44.95 44.95 44.00 44.70 
2016/12/16 44.50 45.20 44.50 45.00 
2016/12/19 46.25 46.25 45.35 45.80 
2016/12/20 45.80 46.25 45.05 45.80 
2016/12/21 46.05 46.05 45.35 45.80 
2016/12/22 46.00 46.00 45.05 45.30 
2016/12/23 45.30 45.60 45.10 45.30 
2016/12/26 45.10 45.10 44.00 44.50 
2016/12/27 44.30 45.30 44.30 44.80 
2016/12/28 45.15 45.15 44.70 44.70 
2016/12/29 45.00 45.05 44.90 44.90 
2016/12/30 45.20 45.70 44.90 45.55 
2017/01/03 45.30 45.90 45.10 45.35 
2017/01/04 45.80 45.80 45.10 45.30 
2017/01/05 45.30 45.90 45.05 45.90 
2017/01/06 46.45 46.45 45.20 45.20 
2017/01/09 45.05 45.60 45.05 45.10 
2017/01/10 45.20 45.65 44.60 45.40 
2017/01/11 45.40 45.40 44.80 44.80 
2017/01/12 44.90 45.40 44.80 45.00 
2017/01/13 45.40 45.40 44.80 45.00 
2017/01/16 45.00 45.50 44.80 44.80 
2017/01/17 44.60 45.40 44.60 44.95 
2017/01/18 45.20 45.20 44.50 44.50 
2017/01/19 44.50 45.00 44.50 44.60 
2017/01/20 45.00 45.10 44.80 44.80 
2017/01/23 45.00 45.00 44.90 45.00 
2017/01/24 45.00 45.50 44.80 45.00 
2017/02/02 45.60 45.60 44.10 44.80 
2017/02/03 44.60 44.65 44.15 44.60 
2017/02/06 44.80 45.25 44.60 45.25 
2017/02/07 45.00 45.25 45.00 45.00 
2017/02/08 44.80 44.80 44.50 44.75 
