2016/07/01 32.30 32.30 31.45 31.70 
2016/07/04 31.15 31.45 31.15 31.45 
2016/07/05 31.65 32.55 31.65 31.70 
2016/07/06 31.70 31.70 31.50 31.50 
2016/07/07 32.00 32.50 31.50 31.60 
2016/07/11 31.00 31.60 31.00 31.20 
2016/07/12 31.10 31.50 31.00 31.00 
2016/07/13 31.00 32.70 31.00 31.50 
2016/07/14 31.50 31.50 31.50 31.50 
2016/07/15 31.95 31.95 31.50 31.95 
2016/07/18 31.90 31.90 31.65 31.65 
2016/07/19 31.35 31.65 31.20 31.65 
2016/07/20 31.35 31.50 31.35 31.35 
2016/07/21 31.40 31.60 31.35 31.60 
2016/07/22 31.35 31.40 31.20 31.20 
2016/07/25 31.30 31.30 31.10 31.10 
2016/07/26 31.15 31.30 31.00 31.00 
2016/07/27 30.80 31.20 30.80 31.15 
2016/07/28 30.80 31.25 30.80 31.20 
2016/07/29 31.50 31.50 31.10 31.35 
2016/08/01 31.00 31.35 31.00 31.30 
2016/08/02 31.00 31.10 30.70 31.10 
2016/08/03 30.80 31.35 30.75 30.85 
2016/08/04 30.85 31.00 30.80 31.00 
2016/08/05 31.30 31.60 31.30 31.60 
2016/08/08 32.20 34.60 32.10 34.00 
2016/08/09 36.10 36.10 34.10 34.35 
2016/08/10 34.40 35.00 32.60 32.60 
2016/08/11 32.80 33.20 32.60 33.00 
2016/08/12 33.40 33.40 31.50 32.00 
2016/08/15 32.50 32.50 31.80 31.80 
2016/08/16 32.30 32.30 31.45 31.50 
2016/08/17 32.00 32.00 31.60 31.60 
2016/08/18 32.30 32.45 31.60 31.60 
2016/08/19 32.20 32.20 31.60 31.60 
2016/08/22 31.30 31.70 31.30 31.35 
2016/08/23 31.30 33.00 31.30 32.35 
2016/08/24 31.80 32.05 31.55 31.85 
2016/08/25 32.25 32.25 31.50 31.60 
2016/08/26 31.95 31.95 30.85 31.30 
2016/08/29 31.50 32.15 31.40 32.00 
2016/08/30 31.15 32.00 31.15 31.60 
2016/08/31 31.60 31.95 31.40 31.60 
2016/09/01 31.05 31.45 30.95 31.45 
2016/09/02 31.00 31.60 30.90 30.90 
2016/09/05 31.60 31.60 31.00 31.40 
2016/09/06 31.00 31.00 30.80 30.80 
2016/09/07 30.80 31.00 30.70 30.85 
2016/09/08 30.85 30.90 30.75 30.75 
2016/09/09 30.95 30.95 30.70 30.90 
2016/09/10 30.80 30.80 30.70 30.70 
2016/09/12 31.10 31.10 30.30 30.50 
2016/09/13 30.50 30.50 30.50 30.50 
2016/09/14 30.40 30.40 30.25 30.30 
2016/09/19 30.30 30.65 30.15 30.15 
2016/09/20 30.05 30.40 29.80 30.00 
2016/09/21 30.30 30.30 30.00 30.00 
2016/09/22 30.05 30.70 30.05 30.40 
2016/09/23 30.10 30.35 30.10 30.15 
2016/09/26 30.35 30.35 29.80 30.05 
2016/09/29 30.30 30.30 30.05 30.30 
2016/09/30 30.10 30.10 30.10 30.10 
2016/10/03 30.10 30.10 29.90 29.90 
2016/10/04 29.90 30.35 29.90 30.00 
2016/10/05 30.30 30.30 30.00 30.05 
2016/10/06 30.20 30.25 29.65 29.65 
2016/10/07 29.65 29.70 29.65 29.70 
2016/10/11 30.20 30.20 29.10 29.70 
2016/10/12 29.50 29.85 29.50 29.85 
2016/10/13 29.80 29.80 29.50 29.50 
2016/10/14 29.50 29.50 29.30 29.30 
2016/10/17 29.30 29.30 28.80 29.25 
2016/10/18 29.25 29.40 29.20 29.30 
2016/10/19 29.45 29.50 29.40 29.40 
2016/10/20 29.30 29.45 29.30 29.40 
2016/10/21 29.40 29.45 29.30 29.35 
2016/10/24 29.35 29.35 29.35 29.35 
2016/10/25 29.40 29.40 29.00 29.35 
2016/10/26 29.35 29.45 29.10 29.40 
2016/10/27 29.30 29.40 29.10 29.10 
2016/10/28 29.10 29.25 29.10 29.25 
2016/10/31 29.30 29.30 28.70 29.10 
2016/11/01 29.10 29.10 28.50 28.75 
2016/11/02 28.75 28.80 27.70 27.70 
2016/11/03 27.60 27.60 26.50 26.60 
2016/11/04 26.15 27.65 26.15 26.60 
2016/11/07 26.70 26.70 26.70 26.70 
2016/11/08 27.30 27.30 26.60 26.95 
2016/11/09 27.20 27.45 25.00 25.70 
2016/11/10 25.50 26.85 25.50 26.40 
2016/11/11 26.50 26.50 25.75 26.40 
2016/11/14 25.70 25.90 25.70 25.90 
2016/11/15 25.90 26.35 25.90 26.35 
2016/11/16 26.30 26.35 26.00 26.20 
2016/11/17 26.25 26.25 26.00 26.20 
2016/11/18 25.90 26.45 25.90 26.40 
2016/11/21 26.05 26.05 25.85 25.85 
2016/11/22 25.80 26.10 25.70 25.80 
2016/11/23 25.65 26.15 25.65 25.80 
2016/11/24 25.70 26.50 25.60 26.50 
2016/11/25 26.00 26.00 25.60 25.70 
2016/11/28 25.90 26.65 25.90 26.65 
2016/11/29 27.00 28.50 26.90 27.10 
2016/11/30 27.40 27.65 27.40 27.55 
2016/12/01 27.20 27.45 27.20 27.45 
2016/12/02 26.45 27.00 26.45 26.65 
2016/12/05 26.55 26.95 26.55 26.95 
2016/12/06 27.25 27.25 26.95 26.95 
2016/12/07 26.65 26.65 26.40 26.40 
2016/12/08 27.35 27.35 27.00 27.00 
2016/12/09 26.50 26.95 26.00 26.25 
2016/12/12 25.80 25.80 25.70 25.70 
2016/12/13 25.70 26.00 25.65 25.95 
2016/12/14 25.80 26.10 25.60 25.60 
2016/12/15 25.60 25.65 25.45 25.45 
2016/12/16 25.70 25.70 25.05 25.20 
2016/12/19 25.20 25.35 25.20 25.20 
2016/12/20 25.40 25.40 24.95 24.95 
2016/12/21 25.20 25.20 24.95 24.95 
2016/12/22 25.00 25.80 25.00 25.30 
2016/12/23 25.10 25.30 24.95 25.00 
2016/12/26 25.00 25.00 24.75 24.75 
2016/12/27 24.80 24.80 24.75 24.75 
2016/12/28 24.70 24.70 24.60 24.65 
2016/12/29 24.60 24.60 24.20 24.40 
2016/12/30 24.35 24.60 24.00 24.20 
2017/01/03 25.00 25.00 24.15 24.15 
2017/01/04 24.35 24.50 24.25 24.25 
2017/01/05 24.20 24.20 24.10 24.15 
2017/01/06 24.45 24.50 24.40 24.40 
2017/01/09 24.50 24.50 24.00 24.00 
2017/01/10 24.00 24.00 24.00 24.00 
2017/01/11 24.00 24.00 23.70 23.85 
2017/01/12 23.85 24.15 23.70 24.15 
2017/01/13 23.85 24.10 23.85 24.00 
2017/01/16 24.30 24.30 24.00 24.20 
2017/01/17 24.20 24.20 24.00 24.00 
2017/01/18 24.00 24.25 24.00 24.25 
2017/01/19 24.25 24.25 24.00 24.00 
2017/01/20 24.25 24.40 24.25 24.40 
2017/01/23 24.50 25.25 24.50 24.80 
2017/01/24 25.50 26.80 25.50 26.50 
2017/02/02 26.75 27.10 26.00 26.60 
2017/02/03 26.90 26.90 26.20 26.65 
2017/02/06 26.35 27.30 26.35 27.10 
2017/02/07 27.45 27.45 26.70 27.00 
2017/02/08 27.00 27.35 26.90 27.30 
