2016/07/01 18.50 19.00 18.40 18.50 
2016/07/04 18.50 18.60 18.30 18.40 
2016/07/05 18.40 18.50 18.20 18.50 
2016/07/06 18.10 18.45 18.10 18.30 
2016/07/07 18.60 18.65 18.30 18.30 
2016/07/11 18.55 18.60 18.35 18.50 
2016/07/12 18.60 18.95 18.55 18.75 
2016/07/13 18.80 18.80 18.45 18.70 
2016/07/14 18.85 18.85 18.65 18.70 
2016/07/15 17.95 17.95 17.40 17.55 
2016/07/18 17.60 17.65 17.40 17.55 
2016/07/19 17.60 17.80 17.55 17.70 
2016/07/20 17.80 17.80 17.40 17.70 
2016/07/21 17.70 17.75 17.55 17.65 
2016/07/22 17.80 17.80 17.45 17.65 
2016/07/25 17.60 17.75 17.40 17.55 
2016/07/26 17.45 17.50 17.30 17.50 
2016/07/27 17.75 18.00 17.75 17.90 
2016/07/28 17.70 18.00 17.70 17.90 
2016/07/29 17.90 18.00 17.80 18.00 
2016/08/01 18.10 18.10 17.85 18.00 
2016/08/02 18.00 18.00 17.50 17.90 
2016/08/03 17.80 17.90 17.55 17.80 
2016/08/04 17.60 17.80 17.50 17.75 
2016/08/05 17.90 17.90 17.55 17.90 
2016/08/08 17.90 18.00 17.70 18.00 
2016/08/09 18.00 18.20 17.70 17.70 
2016/08/10 17.85 17.90 17.55 17.75 
2016/08/11 18.05 18.05 17.65 17.65 
2016/08/12 17.70 17.75 17.50 17.70 
2016/08/15 17.70 17.70 17.35 17.45 
2016/08/16 17.60 17.60 17.35 17.45 
2016/08/17 17.45 17.50 17.20 17.50 
2016/08/18 17.60 17.60 17.45 17.60 
2016/08/19 17.40 17.55 17.20 17.20 
2016/08/22 17.15 17.15 16.90 17.00 
2016/08/23 16.90 17.05 16.80 17.00 
2016/08/24 17.10 17.10 16.85 17.00 
2016/08/25 17.00 17.45 16.90 17.30 
2016/08/26 17.40 19.00 17.40 18.75 
2016/08/29 18.50 19.50 18.50 19.15 
2016/08/30 19.10 19.40 18.95 19.15 
2016/08/31 19.40 19.60 19.00 19.00 
2016/09/01 19.10 19.25 18.95 19.00 
2016/09/02 19.10 19.20 18.90 19.05 
2016/09/05 19.05 19.05 18.60 18.90 
2016/09/06 19.20 19.20 18.90 19.00 
2016/09/07 19.00 19.15 18.80 18.80 
2016/09/08 18.65 19.20 18.65 18.85 
2016/09/09 18.85 19.10 18.80 19.10 
2016/09/10 18.80 19.00 18.40 18.80 
2016/09/12 19.20 19.20 18.90 18.90 
2016/09/13 19.00 19.05 18.50 18.50 
2016/09/14 18.60 18.70 18.40 18.55 
2016/09/19 18.70 18.70 18.35 18.40 
2016/09/20 18.55 18.60 18.30 18.35 
2016/09/21 18.35 18.60 18.35 18.60 
2016/09/22 18.70 18.70 18.40 18.50 
2016/09/23 18.50 18.60 18.35 18.50 
2016/09/26 18.50 18.70 18.30 18.50 
2016/09/29 18.55 18.55 18.35 18.40 
2016/09/30 18.40 18.45 18.05 18.05 
2016/10/03 18.10 18.35 18.00 18.15 
2016/10/04 18.30 19.00 18.15 18.90 
2016/10/05 18.90 18.90 18.60 18.65 
2016/10/06 18.65 18.65 17.90 18.40 
2016/10/07 18.30 18.30 17.80 17.80 
2016/10/11 18.00 18.00 17.00 17.50 
2016/10/12 17.50 17.50 17.15 17.50 
2016/10/13 17.40 17.55 17.40 17.50 
2016/10/14 17.30 17.70 17.20 17.60 
2016/10/17 17.45 17.55 17.20 17.45 
2016/10/18 17.35 17.50 17.15 17.40 
2016/10/19 17.50 17.50 17.15 17.35 
2016/10/20 17.20 17.40 17.15 17.25 
2016/10/21 17.20 17.25 17.00 17.00 
2016/10/24 17.05 17.15 17.00 17.10 
2016/10/25 17.10 17.10 16.80 17.00 
2016/10/26 17.00 17.00 16.60 16.70 
2016/10/27 16.85 16.95 16.70 16.70 
2016/10/28 16.65 16.70 16.10 16.25 
2016/10/31 16.25 16.25 16.15 16.25 
2016/11/01 16.25 16.30 16.15 16.30 
2016/11/02 16.40 16.55 16.15 16.35 
2016/11/03 16.40 16.50 16.10 16.20 
2016/11/04 16.00 16.20 15.95 16.00 
2016/11/07 16.00 16.00 15.75 16.00 
2016/11/08 16.00 16.25 16.00 16.25 
2016/11/09 16.35 16.35 15.65 15.90 
2016/11/10 16.10 16.30 16.00 16.25 
2016/11/11 16.20 16.20 15.75 16.10 
2016/11/14 16.10 16.10 15.95 16.00 
2016/11/15 15.90 16.20 15.90 16.10 
2016/11/16 16.00 16.30 16.00 16.10 
2016/11/17 16.10 16.15 16.00 16.10 
2016/11/18 16.50 16.50 16.00 16.15 
2016/11/21 16.05 16.15 15.65 16.00 
2016/11/22 15.80 15.95 15.80 15.95 
2016/11/23 15.90 16.00 15.80 16.00 
2016/11/24 15.90 16.00 15.85 15.95 
2016/11/25 15.85 15.95 15.75 15.95 
2016/11/28 15.95 16.15 15.95 16.10 
2016/11/29 16.10 16.50 16.00 16.40 
2016/11/30 16.45 16.55 16.20 16.40 
2016/12/01 16.40 16.40 16.20 16.35 
2016/12/02 16.10 16.45 16.10 16.30 
2016/12/05 16.30 16.40 16.15 16.40 
2016/12/06 16.40 16.40 16.20 16.30 
2016/12/07 16.30 16.30 16.10 16.30 
2016/12/08 16.20 16.40 16.15 16.40 
2016/12/09 16.60 16.95 16.60 16.80 
2016/12/12 16.85 17.00 16.75 16.75 
2016/12/13 16.85 16.85 16.50 16.65 
2016/12/14 16.80 16.85 16.60 16.65 
2016/12/15 17.20 18.20 17.00 17.50 
2016/12/16 17.45 17.50 16.80 16.80 
2016/12/19 16.80 16.90 16.70 16.70 
2016/12/20 16.80 16.80 16.40 16.70 
2016/12/21 16.70 16.75 16.65 16.75 
2016/12/22 16.75 16.90 16.65 16.75 
2016/12/23 16.75 16.80 16.60 16.75 
2016/12/26 16.75 17.10 16.60 16.90 
2016/12/27 17.05 17.20 16.80 17.20 
2016/12/28 17.25 17.75 17.25 17.45 
2016/12/29 17.50 18.00 17.45 17.70 
2016/12/30 17.60 17.80 17.35 17.35 
2017/01/03 17.45 17.60 17.25 17.45 
2017/01/04 17.55 17.55 17.25 17.45 
2017/01/05 17.55 17.70 17.35 17.60 
2017/01/06 17.40 17.55 17.40 17.50 
2017/01/09 17.70 17.70 17.45 17.60 
2017/01/10 17.85 18.00 17.75 17.85 
2017/01/11 17.90 17.95 17.65 17.65 
2017/01/12 17.65 17.65 17.40 17.50 
2017/01/13 17.75 17.75 17.40 17.45 
2017/01/16 17.60 17.60 17.10 17.35 
2017/01/17 17.20 17.45 17.20 17.40 
2017/01/18 17.40 17.40 17.10 17.20 
2017/01/19 17.20 17.20 16.90 17.20 
2017/01/20 17.00 17.20 17.00 17.20 
2017/01/23 17.20 17.30 17.20 17.30 
2017/01/24 17.40 17.40 17.05 17.15 
2017/02/02 17.15 17.35 17.10 17.25 
2017/02/03 17.35 17.65 17.30 17.45 
2017/02/06 18.00 19.15 17.95 19.15 
2017/02/07 19.05 19.05 18.50 19.00 
2017/02/08 19.00 19.00 18.60 18.65 
