2016/07/01 19.65 19.75 19.50 19.55 
2016/07/04 20.20 20.20 19.70 19.75 
2016/07/05 19.70 19.90 19.60 19.65 
2016/07/06 19.55 19.80 19.50 19.55 
2016/07/07 19.55 19.65 19.50 19.65 
2016/07/11 20.00 20.00 19.70 19.75 
2016/07/12 19.75 19.80 19.40 19.50 
2016/07/13 19.80 19.85 19.60 19.65 
2016/07/14 19.75 19.75 19.50 19.50 
2016/07/15 19.50 19.75 19.50 19.50 
2016/07/18 19.50 19.70 19.35 19.40 
2016/07/19 19.40 20.10 19.35 19.70 
2016/07/20 19.70 19.80 19.40 19.65 
2016/07/21 20.40 20.40 19.70 19.80 
2016/07/22 19.80 20.15 19.80 19.80 
2016/07/25 20.15 20.30 19.45 19.50 
2016/07/26 19.50 19.65 19.45 19.45 
2016/07/27 19.30 19.45 19.10 19.10 
2016/07/28 19.15 19.35 19.05 19.05 
2016/07/29 19.05 19.20 19.05 19.05 
2016/08/01 19.30 19.30 18.90 18.90 
2016/08/02 18.90 19.25 18.90 18.95 
2016/08/03 18.95 19.10 18.70 19.10 
2016/08/04 18.90 19.05 18.90 18.90 
2016/08/05 19.65 19.65 19.00 19.00 
2016/08/08 19.10 19.10 18.90 18.95 
2016/08/09 19.00 19.05 18.80 18.80 
2016/08/10 18.80 20.40 18.80 19.90 
2016/08/11 19.90 19.90 19.30 19.30 
2016/08/12 19.35 19.50 19.00 19.15 
2016/08/15 19.15 19.20 19.10 19.15 
2016/08/16 19.15 19.20 19.00 19.05 
2016/08/17 19.10 19.40 19.05 19.05 
2016/08/18 19.15 19.50 19.15 19.40 
2016/08/19 19.60 21.30 19.60 20.50 
2016/08/22 20.50 20.75 20.10 20.35 
2016/08/23 20.35 20.50 20.15 20.15 
2016/08/24 20.30 20.30 19.60 19.65 
2016/08/25 19.80 20.50 19.65 19.80 
2016/08/26 19.90 20.60 19.85 20.15 
2016/08/29 20.35 20.35 20.00 20.05 
2016/08/30 20.05 20.35 19.90 19.95 
2016/08/31 20.00 20.20 19.90 19.90 
2016/09/01 20.05 20.10 19.85 19.90 
2016/09/02 19.95 20.10 19.60 19.60 
2016/09/05 19.75 19.85 19.65 19.65 
2016/09/06 19.70 20.90 19.70 20.10 
2016/09/07 20.20 20.35 19.90 19.90 
2016/09/08 20.20 20.20 19.90 19.90 
2016/09/09 19.85 20.20 19.85 20.10 
2016/09/10 20.00 20.00 19.65 19.65 
2016/09/12 19.75 19.85 19.60 19.85 
2016/09/13 20.15 20.15 19.65 19.65 
2016/09/14 19.60 19.90 19.60 19.70 
2016/09/19 19.70 19.85 19.65 19.80 
2016/09/20 19.80 20.40 19.80 20.05 
2016/09/21 20.00 20.25 20.00 20.20 
2016/09/22 20.40 20.75 20.10 20.10 
2016/09/23 20.10 20.50 20.10 20.20 
2016/09/26 20.15 20.15 19.85 19.85 
2016/09/29 19.90 20.05 19.90 19.95 
2016/09/30 19.95 19.95 19.85 19.85 
2016/10/03 20.10 20.10 19.80 19.80 
2016/10/04 19.80 19.90 19.70 19.80 
2016/10/05 19.75 19.90 19.60 19.65 
2016/10/06 19.80 19.80 19.65 19.65 
2016/10/07 19.75 19.75 19.65 19.65 
2016/10/11 19.40 19.50 18.60 18.80 
2016/10/12 18.70 19.50 18.70 19.50 
2016/10/13 19.50 19.50 19.05 19.25 
2016/10/14 19.00 19.25 18.60 18.75 
2016/10/17 18.90 18.90 18.10 18.50 
2016/10/18 18.30 18.70 18.30 18.65 
2016/10/19 18.90 18.95 18.55 18.70 
2016/10/20 18.60 18.70 18.55 18.60 
2016/10/21 18.60 18.65 18.55 18.60 
2016/10/24 18.70 18.85 18.65 18.65 
2016/10/25 18.80 18.80 18.60 18.60 
2016/10/26 18.80 19.00 18.70 18.90 
2016/10/27 18.95 19.10 18.60 19.00 
2016/10/28 18.80 19.00 18.80 18.85 
2016/10/31 18.65 18.90 18.60 18.85 
2016/11/01 19.00 19.00 18.60 18.60 
2016/11/02 18.75 18.95 18.60 18.70 
2016/11/03 18.65 18.70 18.30 18.40 
2016/11/04 18.30 18.60 18.30 18.50 
2016/11/07 19.30 19.50 18.75 18.90 
2016/11/08 19.05 19.05 18.30 18.60 
2016/11/09 18.60 18.60 18.00 18.20 
2016/11/10 18.50 18.55 18.40 18.40 
2016/11/11 18.40 18.40 18.10 18.40 
2016/11/14 18.80 18.80 18.40 18.50 
2016/11/15 18.60 18.60 18.25 18.30 
2016/11/16 18.40 18.40 18.00 18.20 
2016/11/17 18.35 18.35 18.05 18.10 
2016/11/18 18.10 18.20 18.10 18.20 
2016/11/21 18.20 18.30 18.00 18.20 
2016/11/22 18.10 18.45 18.10 18.35 
2016/11/23 18.25 18.25 18.15 18.15 
2016/11/24 18.15 18.15 18.00 18.10 
2016/11/25 18.05 18.05 17.80 18.00 
2016/11/28 18.15 18.20 18.00 18.00 
2016/11/29 18.30 18.30 17.90 17.90 
2016/11/30 18.10 18.10 18.00 18.10 
2016/12/01 18.00 18.15 18.00 18.00 
2016/12/02 18.05 18.05 17.90 17.95 
2016/12/05 17.95 18.20 17.95 18.00 
2016/12/06 18.20 18.20 17.95 18.00 
2016/12/07 18.00 19.00 18.00 18.60 
2016/12/08 19.10 19.90 18.60 18.85 
2016/12/09 18.75 18.80 18.55 18.80 
2016/12/12 18.80 19.30 18.80 18.85 
2016/12/13 18.80 18.85 18.60 18.60 
2016/12/14 18.75 18.90 18.70 18.80 
2016/12/15 18.80 18.85 18.60 18.70 
2016/12/16 18.65 18.85 18.65 18.80 
2016/12/19 18.65 18.70 18.50 18.50 
2016/12/20 18.40 18.55 18.20 18.55 
2016/12/21 18.70 18.70 18.40 18.50 
2016/12/22 18.50 18.50 18.15 18.20 
2016/12/23 18.10 18.20 18.05 18.15 
2016/12/26 18.10 18.15 18.05 18.05 
2016/12/27 18.05 18.20 18.00 18.05 
2016/12/28 18.20 18.20 18.10 18.10 
2016/12/29 18.10 18.45 18.05 18.30 
2016/12/30 18.15 18.40 18.15 18.40 
2017/01/03 18.40 18.40 18.20 18.20 
2017/01/04 18.45 18.45 18.30 18.45 
2017/01/05 18.50 18.60 18.45 18.50 
2017/01/06 18.25 18.35 18.15 18.35 
2017/01/09 18.30 18.30 18.15 18.15 
2017/01/10 18.15 18.20 18.05 18.20 
2017/01/11 18.20 18.60 18.15 18.15 
2017/01/12 18.45 18.45 18.15 18.20 
2017/01/13 18.20 18.40 18.10 18.20 
2017/01/16 18.20 18.30 18.15 18.15 
2017/01/17 18.15 18.55 18.15 18.35 
2017/01/18 18.55 18.55 18.20 18.25 
2017/01/19 18.25 18.40 18.05 18.15 
2017/01/20 18.15 18.25 18.05 18.15 
2017/01/23 18.40 18.50 18.25 18.30 
2017/01/24 18.30 18.50 18.30 18.30 
2017/02/02 18.30 18.45 18.20 18.35 
2017/02/03 18.30 18.50 18.30 18.50 
2017/02/06 18.40 19.40 18.35 19.20 
2017/02/07 19.20 19.70 19.05 19.35 
2017/02/08 19.60 19.60 19.25 19.50 
