2016/07/01 4.15 4.15 4.13 4.13 
2016/07/04 4.00 4.20 4.00 4.20 
2016/07/05 4.00 4.19 4.00 4.19 
2016/07/06 4.18 4.40 4.18 4.40 
2016/07/07 4.01 4.39 4.01 4.39 
2016/07/11 4.00 4.38 3.96 4.38 
2016/07/12 4.00 4.15 3.95 4.15 
2016/07/13 4.10 4.56 4.10 4.56 
2016/07/14 4.20 4.56 4.11 4.56 
2016/07/15 4.12 4.12 4.11 4.11 
2016/07/19 4.27 4.27 4.27 4.27 
2016/07/20 4.29 4.29 4.29 4.29 
2016/07/21 4.30 4.71 4.01 4.71 
2016/07/22 4.71 4.71 4.24 4.60 
2016/07/25 4.15 4.15 4.15 4.15 
2016/07/26 4.05 4.19 3.80 4.19 
2016/07/27 3.80 3.80 3.78 3.78 
2016/07/28 3.43 3.94 3.43 3.94 
2016/08/01 3.99 4.19 3.99 4.19 
2016/08/03 3.77 3.79 3.76 3.79 
2016/08/05 3.70 3.70 3.45 3.45 
2016/08/08 3.20 3.79 3.20 3.79 
2016/08/09 3.42 3.77 3.42 3.77 
2016/08/10 3.42 3.47 3.40 3.47 
2016/08/11 3.47 3.69 3.46 3.69 
2016/08/12 3.69 3.69 3.69 3.69 
2016/08/16 3.36 3.60 3.36 3.60 
2016/08/18 3.60 3.60 3.60 3.60 
2016/08/19 3.50 3.50 3.50 3.50 
2016/08/25 3.50 3.80 3.27 3.80 
2016/08/26 3.45 3.75 3.42 3.75 
2016/08/30 3.50 3.50 3.38 3.38 
2016/09/01 3.52 3.60 3.52 3.60 
2016/09/02 3.28 3.28 3.24 3.24 
2016/09/05 3.00 3.24 3.00 3.24 
2016/09/08 3.41 3.42 3.26 3.26 
2016/09/10 3.20 3.34 3.20 3.34 
2016/09/13 3.49 3.49 3.33 3.37 
2016/09/14 3.36 3.36 3.36 3.36 
2016/09/19 3.55 3.55 3.55 3.55 
2016/09/20 3.70 3.70 3.55 3.55 
2016/09/21 3.53 3.53 3.53 3.53 
2016/09/22 3.51 3.56 3.51 3.56 
2016/09/23 3.70 3.90 3.70 3.90 
2016/09/26 3.90 3.90 3.90 3.90 
2016/09/29 3.60 3.60 3.51 3.51 
2016/09/30 3.70 3.70 3.70 3.70 
2016/10/03 3.45 3.46 3.45 3.45 
2016/10/04 3.45 3.69 3.43 3.50 
2016/10/05 3.50 3.50 3.50 3.50 
2016/10/06 3.45 3.57 3.41 3.57 
2016/10/07 3.59 3.66 3.51 3.51 
2016/10/20 3.48 3.60 3.48 3.60 
2016/10/21 3.90 3.90 3.80 3.85 
2016/10/25 3.52 3.70 3.52 3.53 
2016/10/26 3.60 3.60 3.60 3.60 
2016/10/27 3.53 3.70 3.51 3.70 
2016/10/28 3.90 3.90 3.90 3.90 
2016/10/31 3.60 3.60 3.51 3.55 
2016/11/01 3.79 3.79 3.50 3.72 
2016/11/02 3.72 3.72 3.57 3.70 
2016/11/03 3.58 3.69 3.58 3.65 
2016/11/07 3.80 3.80 3.80 3.80 
2016/11/08 3.99 3.99 3.60 3.70 
2016/11/10 3.60 3.60 3.56 3.56 
2016/11/11 3.56 3.76 3.56 3.73 
2016/11/14 3.80 4.10 3.80 4.10 
2016/11/15 4.51 4.51 4.51 4.51 
2016/11/16 4.96 4.96 4.96 4.96 
2016/11/17 5.45 5.45 5.45 5.45 
2016/11/18 5.99 5.99 5.99 5.99 
2016/11/21 6.58 6.58 6.41 6.58 
2016/11/22 6.90 7.23 6.60 7.05 
2016/11/23 7.04 7.50 6.68 7.01 
2016/11/24 7.48 7.48 6.87 6.87 
2016/11/25 6.52 6.74 6.19 6.19 
2016/11/28 5.60 6.20 5.60 5.95 
2016/11/29 5.80 6.54 5.80 6.54 
2016/11/30 7.10 7.10 6.55 6.60 
2016/12/01 6.60 6.80 6.58 6.65 
2016/12/02 6.66 6.90 6.65 6.69 
2016/12/05 6.61 7.18 6.61 6.87 
2016/12/06 6.87 7.11 6.87 7.00 
2016/12/07 7.01 7.01 7.00 7.01 
2016/12/08 7.00 7.10 7.00 7.10 
2016/12/09 7.08 7.08 6.39 6.39 
2016/12/12 6.40 6.60 5.80 6.57 
2016/12/13 6.51 6.51 6.07 6.09 
2016/12/14 6.29 6.46 6.17 6.30 
2016/12/15 6.30 6.34 6.10 6.30 
2016/12/16 6.30 6.49 6.13 6.22 
2016/12/19 6.22 6.27 5.90 5.90 
2016/12/20 5.90 5.90 5.31 5.43 
2016/12/21 5.32 5.42 5.28 5.28 
2016/12/22 5.28 5.80 5.28 5.80 
2016/12/23 5.99 6.38 5.80 6.38 
2016/12/26 6.37 6.37 6.07 6.07 
2016/12/27 6.06 6.06 5.75 5.88 
2016/12/28 5.54 6.15 5.54 5.88 
2016/12/29 5.88 6.29 5.82 6.11 
2016/12/30 6.12 6.29 5.92 6.10 
2017/01/03 6.10 6.15 5.95 6.10 
2017/01/04 6.10 6.19 6.00 6.15 
2017/01/05 6.20 6.33 6.01 6.21 
2017/01/06 6.39 6.39 6.10 6.11 
2017/01/09 6.20 6.25 6.11 6.12 
2017/01/10 6.12 6.12 6.01 6.01 
2017/01/11 6.13 6.13 5.84 5.98 
2017/01/12 5.97 5.97 5.63 5.80 
2017/01/13 5.81 6.00 5.81 5.90 
2017/01/16 5.81 5.90 5.81 5.85 
2017/01/17 5.85 5.94 5.85 5.89 
2017/01/18 5.88 6.05 5.88 6.00 
2017/01/19 6.00 6.00 5.89 5.92 
2017/01/20 5.97 5.98 5.85 5.95 
2017/01/23 6.00 6.02 5.83 5.95 
2017/01/24 6.18 6.24 5.96 6.19 
2017/02/02 6.50 6.80 6.50 6.80 
2017/02/03 6.93 7.48 6.93 7.48 
2017/02/06 8.22 8.22 8.22 8.22 
2017/02/07 9.04 9.04 9.04 9.04 
2017/02/08 9.94 9.94 8.32 8.46 
