2016/07/01 35.65 37.75 35.20 37.00 
2016/07/04 37.30 38.20 36.85 37.70 
2016/07/05 37.25 37.25 36.10 36.50 
2016/07/06 36.30 36.90 35.70 36.00 
2016/07/07 37.00 37.80 36.00 37.00 
2016/07/11 37.50 37.50 36.40 37.00 
2016/07/12 37.50 38.60 37.00 38.40 
2016/07/13 38.80 38.80 38.05 38.40 
2016/07/14 38.80 39.75 38.80 39.75 
2016/07/15 40.20 41.95 39.75 41.50 
2016/07/18 42.10 43.10 41.95 42.50 
2016/07/19 42.50 42.55 40.50 41.50 
2016/07/20 41.90 42.95 40.60 42.35 
2016/07/21 44.00 44.40 42.75 43.30 
2016/07/22 43.30 43.30 41.50 42.10 
2016/07/25 42.80 43.10 40.55 40.90 
2016/07/26 40.80 43.80 40.80 43.50 
2016/07/27 44.00 45.00 42.20 42.65 
2016/07/28 42.00 43.20 41.45 42.35 
2016/07/29 42.50 43.20 41.85 42.90 
2016/08/01 42.80 43.75 42.35 42.90 
2016/08/02 43.00 44.75 43.00 44.50 
2016/08/03 44.00 44.00 43.20 43.20 
2016/08/04 38.90 40.85 38.90 38.90 
2016/08/05 38.90 39.30 35.85 38.70 
2016/08/08 38.30 39.70 38.00 38.60 
2016/08/09 38.80 38.95 37.60 37.60 
2016/08/10 37.50 37.60 36.05 36.15 
2016/08/11 36.50 38.20 36.35 37.40 
2016/08/12 38.00 38.50 37.35 37.40 
2016/08/15 37.40 37.40 36.50 36.70 
2016/08/16 37.40 38.15 37.25 37.50 
2016/08/17 37.50 37.65 36.80 36.90 
2016/08/18 36.75 37.35 36.35 36.95 
2016/08/19 37.50 37.85 36.60 36.60 
2016/08/22 36.40 36.90 32.95 32.95 
2016/08/23 33.00 33.80 32.70 33.55 
2016/08/24 33.60 33.70 30.20 30.85 
2016/08/25 30.70 33.50 29.85 33.00 
2016/08/26 33.00 34.40 32.25 33.50 
2016/08/29 33.30 33.85 32.90 33.65 
2016/08/30 33.90 33.90 33.20 33.30 
2016/08/31 33.55 34.50 33.55 33.75 
2016/09/01 33.65 33.70 31.65 31.85 
2016/09/02 31.80 32.20 30.10 32.00 
2016/09/05 33.10 34.40 33.00 33.80 
2016/09/06 33.75 34.40 33.30 33.70 
2016/09/07 35.20 36.50 34.70 34.75 
2016/09/08 34.95 35.50 34.50 35.50 
2016/09/09 35.35 35.95 35.20 35.50 
2016/09/10 34.60 35.15 34.50 34.90 
2016/09/12 35.00 35.30 34.50 34.50 
2016/09/13 34.80 35.10 33.55 34.10 
2016/09/14 33.95 34.10 33.65 33.85 
2016/09/19 34.40 34.75 33.90 34.35 
2016/09/20 34.35 34.75 33.85 33.85 
2016/09/21 33.55 33.75 33.00 33.20 
2016/09/22 33.40 34.45 33.20 33.95 
2016/09/23 34.40 34.40 33.10 33.70 
2016/09/26 33.50 33.75 33.25 33.30 
2016/09/29 33.50 33.55 33.00 33.00 
2016/09/30 32.50 32.60 31.30 32.20 
2016/10/03 32.50 32.60 30.75 31.05 
2016/10/04 30.00 31.00 28.70 29.00 
2016/10/05 29.60 31.90 29.60 31.90 
2016/10/06 32.00 32.45 30.50 31.00 
2016/10/07 30.95 30.95 30.30 30.60 
2016/10/11 30.00 31.00 27.80 28.65 
2016/10/12 28.70 31.20 28.70 30.65 
2016/10/13 31.20 32.40 31.20 32.00 
2016/10/14 31.55 32.30 31.05 31.60 
2016/10/17 31.55 32.30 30.75 31.95 
2016/10/18 32.00 32.65 31.65 31.80 
2016/10/19 32.00 32.30 31.20 31.50 
2016/10/20 31.70 31.70 31.10 31.35 
2016/10/21 31.30 33.95 31.25 33.60 
2016/10/24 33.80 35.80 33.80 34.50 
2016/10/25 34.30 35.10 33.70 34.10 
2016/10/26 34.00 35.30 33.95 34.25 
2016/10/27 34.60 34.80 33.85 33.85 
2016/10/28 34.00 34.65 33.80 34.00 
2016/10/31 34.00 34.10 32.80 33.00 
2016/11/01 33.00 33.00 31.00 31.30 
2016/11/02 30.70 32.20 30.10 30.40 
2016/11/03 30.40 31.20 29.60 31.20 
2016/11/04 32.10 32.10 30.65 30.70 
2016/11/07 31.10 31.55 30.70 30.85 
2016/11/08 31.45 31.50 29.80 30.10 
2016/11/09 30.80 30.80 29.55 30.10 
2016/11/10 30.60 31.50 30.50 30.95 
2016/11/11 30.55 30.95 30.30 30.95 
2016/11/14 30.60 30.95 30.50 30.60 
2016/11/15 30.45 30.95 30.40 30.80 
2016/11/16 31.05 31.20 30.50 30.50 
2016/11/17 30.50 30.75 30.35 30.70 
2016/11/18 30.70 31.20 30.45 30.80 
2016/11/21 30.80 31.00 30.60 30.60 
2016/11/22 30.70 30.90 30.55 30.55 
2016/11/23 30.60 31.65 30.60 30.85 
2016/11/24 30.85 31.00 30.55 30.55 
2016/11/25 30.55 30.80 30.45 30.45 
2016/11/28 30.45 32.20 30.45 31.60 
2016/11/29 31.85 31.85 31.00 31.00 
2016/11/30 31.00 31.35 30.85 30.90 
2016/12/01 30.90 31.20 30.60 30.60 
2016/12/02 30.45 30.75 30.25 30.60 
2016/12/05 30.60 31.00 30.60 30.60 
2016/12/06 31.00 31.65 30.60 30.85 
2016/12/07 30.90 31.00 30.65 30.65 
2016/12/08 30.85 31.00 29.80 30.20 
2016/12/09 30.85 32.95 30.80 31.55 
2016/12/12 32.30 33.10 31.85 32.10 
2016/12/13 31.95 32.00 31.65 31.65 
2016/12/14 31.90 31.90 31.35 31.55 
2016/12/15 31.55 32.45 31.55 31.60 
2016/12/16 31.95 32.20 31.55 31.65 
2016/12/19 31.55 31.60 30.25 30.70 
2016/12/20 30.60 31.20 30.50 30.70 
2016/12/21 31.00 31.10 30.80 30.80 
2016/12/22 30.95 31.00 30.35 30.55 
2016/12/23 30.55 30.80 30.40 30.40 
2016/12/26 30.40 30.60 29.75 30.15 
2016/12/27 30.15 30.30 29.85 29.90 
2016/12/28 29.50 29.60 28.75 29.00 
2016/12/29 29.10 29.15 28.90 29.10 
2016/12/30 29.10 29.10 28.50 28.80 
2017/01/03 28.85 29.10 28.80 29.00 
2017/01/04 29.05 29.80 29.05 29.40 
2017/01/05 29.45 29.65 29.35 29.35 
2017/01/06 29.30 30.10 29.30 29.50 
2017/01/09 29.50 29.65 28.80 28.90 
2017/01/10 29.25 29.25 28.80 28.90 
2017/01/11 27.10 27.85 26.75 27.30 
2017/01/12 27.50 27.50 26.20 26.60 
2017/01/13 26.35 27.35 26.35 26.60 
2017/01/16 26.70 26.80 26.40 26.60 
2017/01/17 26.60 26.70 26.20 26.25 
2017/01/18 26.05 26.05 24.45 24.85 
2017/01/19 24.90 25.25 24.65 24.75 
2017/01/20 24.10 24.75 24.10 24.50 
2017/01/23 24.50 24.50 23.25 23.40 
2017/01/24 23.40 24.40 23.25 24.00 
2017/02/02 25.05 26.40 25.00 26.40 
2017/02/03 27.70 28.50 27.60 28.05 
2017/02/06 28.20 28.40 27.50 27.60 
2017/02/07 28.25 28.25 27.70 28.00 
2017/02/08 28.25 28.25 27.25 27.50 
