2016/07/01 24.00 25.50 24.00 25.00 
2016/07/04 24.80 24.80 24.60 24.70 
2016/07/05 24.75 25.30 24.70 25.00 
2016/07/06 25.00 25.30 24.60 24.65 
2016/07/07 23.55 23.60 22.70 23.10 
2016/07/11 23.10 23.10 22.85 22.95 
2016/07/12 23.00 23.05 22.80 22.80 
2016/07/13 22.80 22.80 21.80 22.35 
2016/07/14 22.70 23.20 22.20 22.65 
2016/07/15 22.65 23.40 22.65 23.05 
2016/07/18 23.00 23.20 22.75 23.15 
2016/07/19 23.30 23.30 23.00 23.15 
2016/07/20 22.60 22.80 22.60 22.60 
2016/07/21 22.60 23.30 22.60 23.00 
2016/07/22 23.00 23.00 22.65 22.70 
2016/07/25 22.60 22.60 22.00 22.50 
2016/07/26 23.50 23.50 22.50 22.80 
2016/07/27 22.60 22.60 22.30 22.30 
2016/07/28 22.50 22.50 22.35 22.40 
2016/07/29 22.15 22.20 22.10 22.15 
2016/08/01 22.95 22.95 22.10 22.20 
2016/08/02 22.60 22.60 22.10 22.30 
2016/08/03 22.40 22.60 22.25 22.55 
2016/08/04 22.55 22.60 22.30 22.60 
2016/08/05 22.40 22.55 22.05 22.55 
2016/08/08 22.40 22.50 22.35 22.50 
2016/08/09 22.65 22.85 22.40 22.65 
2016/08/10 22.65 22.65 22.40 22.45 
2016/08/11 22.70 22.70 22.40 22.40 
2016/08/12 22.20 22.55 22.05 22.50 
2016/08/15 22.50 22.75 21.80 22.20 
2016/08/16 22.20 22.30 22.00 22.30 
2016/08/17 22.30 22.50 22.00 22.50 
2016/08/18 22.60 24.75 22.55 24.75 
2016/08/19 25.30 25.30 24.50 24.65 
2016/08/22 24.65 24.65 23.30 23.90 
2016/08/23 23.90 24.45 23.90 24.40 
2016/08/24 24.40 24.80 24.05 24.25 
2016/08/25 24.10 24.15 23.60 23.95 
2016/08/26 24.00 24.30 23.75 23.90 
2016/08/29 24.10 24.10 23.95 24.05 
2016/08/30 24.20 24.30 23.75 23.90 
2016/08/31 23.75 24.00 23.75 23.90 
2016/09/01 23.90 23.90 23.65 23.75 
2016/09/02 23.70 23.80 23.70 23.70 
2016/09/05 23.65 24.00 23.55 24.00 
2016/09/06 24.00 24.30 23.70 24.00 
2016/09/07 24.05 24.05 23.50 23.50 
2016/09/08 24.00 24.00 23.50 23.80 
2016/09/09 23.90 23.90 23.35 23.70 
2016/09/10 23.60 23.80 23.55 23.55 
2016/09/12 23.60 23.60 23.20 23.20 
2016/09/13 23.35 23.35 22.65 23.25 
2016/09/14 23.00 23.20 23.00 23.20 
2016/09/19 23.20 23.25 23.05 23.05 
2016/09/20 23.10 23.50 23.10 23.45 
2016/09/21 23.60 23.65 23.40 23.40 
2016/09/22 23.45 23.85 23.45 23.85 
2016/09/23 23.85 25.00 23.85 24.35 
2016/09/26 24.35 24.35 23.85 24.00 
2016/09/29 24.00 24.30 23.90 24.05 
2016/09/30 23.90 23.90 23.35 23.45 
2016/10/03 23.45 23.50 23.05 23.10 
2016/10/04 23.10 23.30 22.70 22.80 
2016/10/05 22.80 22.90 22.65 22.65 
2016/10/06 22.70 23.00 22.70 22.95 
2016/10/07 22.90 22.90 22.75 22.80 
2016/10/11 22.80 22.80 21.80 22.00 
2016/10/12 21.95 22.50 21.90 22.10 
2016/10/13 21.80 22.10 21.80 22.10 
2016/10/14 22.80 24.00 22.15 22.30 
2016/10/17 22.30 22.65 22.25 22.30 
2016/10/18 22.35 22.50 22.05 22.10 
2016/10/19 22.50 22.50 22.00 22.05 
2016/10/20 22.10 22.20 22.10 22.20 
2016/10/21 22.15 22.40 21.80 22.00 
2016/10/24 22.00 22.10 22.00 22.05 
2016/10/25 21.90 22.40 21.90 22.00 
2016/10/26 21.90 22.00 21.90 21.90 
2016/10/27 22.00 22.10 21.90 21.90 
2016/10/28 21.90 21.95 21.70 21.95 
2016/10/31 21.85 21.85 21.75 21.80 
2016/11/01 21.80 21.90 21.75 21.80 
2016/11/02 21.75 22.25 21.70 21.90 
2016/11/03 21.85 23.50 21.85 22.50 
2016/11/04 22.70 23.65 22.50 22.50 
2016/11/07 22.70 22.95 22.15 22.40 
2016/11/08 22.80 22.80 22.55 22.55 
2016/11/09 22.35 22.35 21.50 21.65 
2016/11/10 21.65 22.70 21.65 22.10 
2016/11/11 22.00 22.25 21.80 21.80 
2016/11/14 21.05 21.75 21.05 21.15 
2016/11/15 21.50 21.50 21.50 21.50 
2016/11/16 22.20 22.20 21.35 21.35 
2016/11/17 21.35 21.45 20.95 20.95 
2016/11/18 20.95 21.05 20.90 21.00 
2016/11/21 21.00 21.00 20.90 21.00 
2016/11/22 20.90 21.05 20.90 21.00 
2016/11/23 21.30 21.30 20.80 20.90 
2016/11/24 21.00 21.10 20.85 20.85 
2016/11/25 20.90 21.40 20.60 21.40 
2016/11/28 21.40 21.40 21.00 21.20 
2016/11/29 21.05 21.20 21.00 21.00 
2016/11/30 21.05 21.05 20.90 20.90 
2016/12/01 20.90 20.90 20.45 20.45 
2016/12/02 20.45 20.45 20.20 20.25 
2016/12/05 20.25 20.25 20.10 20.10 
2016/12/06 20.20 20.50 20.15 20.15 
2016/12/07 20.45 20.45 20.20 20.30 
2016/12/08 20.30 20.50 20.30 20.30 
2016/12/09 20.45 20.60 20.10 20.45 
2016/12/12 20.45 20.45 20.30 20.30 
2016/12/13 20.10 20.45 20.00 20.45 
2016/12/14 20.35 20.50 20.30 20.50 
2016/12/15 20.30 20.55 20.30 20.55 
2016/12/16 20.55 20.55 20.20 20.20 
2016/12/19 20.20 20.40 20.20 20.40 
2016/12/20 20.40 20.40 20.40 20.40 
2016/12/21 20.35 20.50 19.60 20.45 
2016/12/22 20.65 21.45 20.65 21.05 
2016/12/23 21.00 21.00 20.60 20.90 
2016/12/26 20.75 20.90 20.75 20.90 
2016/12/27 20.60 20.85 20.60 20.85 
2016/12/28 20.60 21.20 20.35 20.75 
2016/12/29 20.70 20.70 20.70 20.70 
2016/12/30 20.80 20.85 20.70 20.80 
2017/01/03 20.60 20.75 20.55 20.75 
2017/01/04 20.65 20.75 20.50 20.75 
2017/01/05 20.70 21.35 20.70 20.90 
2017/01/06 20.90 20.90 20.90 20.90 
2017/01/09 20.95 21.00 20.60 21.00 
2017/01/10 20.75 20.75 20.20 20.40 
2017/01/11 20.50 20.70 20.50 20.55 
2017/01/12 20.55 20.55 20.35 20.55 
2017/01/13 20.40 20.40 20.25 20.25 
2017/01/16 20.25 20.55 20.25 20.45 
2017/01/17 20.45 20.45 20.35 20.35 
2017/01/18 20.45 20.60 20.45 20.50 
2017/01/19 20.50 21.45 20.50 21.30 
2017/01/20 21.45 21.45 21.10 21.10 
2017/01/23 20.85 21.10 20.60 20.90 
2017/01/24 21.00 21.15 20.90 20.90 
2017/02/02 21.30 21.40 20.95 20.95 
2017/02/03 21.00 21.40 20.90 21.20 
2017/02/06 21.30 22.35 21.20 22.10 
2017/02/07 22.65 22.65 21.65 21.95 
2017/02/08 22.35 22.35 21.70 22.10 
