2016/07/01 74.80 75.10 73.00 73.00 
2016/07/04 73.60 74.80 73.00 74.40 
2016/07/05 75.00 75.50 74.70 75.00 
2016/07/06 74.10 74.10 73.60 73.70 
2016/07/07 74.90 76.20 74.20 74.80 
2016/07/11 75.00 79.30 75.00 78.80 
2016/07/12 78.80 78.80 77.90 78.10 
2016/07/13 79.00 83.30 78.90 78.90 
2016/07/14 79.10 80.00 78.70 79.20 
2016/07/15 79.70 80.60 78.60 79.40 
2016/07/18 80.80 80.80 78.40 78.70 
2016/07/19 79.10 79.10 76.70 78.00 
2016/07/20 77.30 77.30 74.70 75.40 
2016/07/21 75.40 76.90 75.40 76.90 
2016/07/22 77.00 77.00 75.60 75.60 
2016/07/25 75.50 76.10 75.00 75.50 
2016/07/26 76.00 78.60 76.00 77.40 
2016/07/27 78.00 78.00 76.20 76.20 
2016/07/28 76.50 77.00 76.30 76.40 
2016/07/29 76.40 76.90 75.50 76.50 
2016/08/01 77.20 77.90 76.60 77.40 
2016/08/02 77.30 77.90 77.20 77.70 
2016/08/03 78.20 80.20 77.90 79.70 
2016/08/04 82.10 86.80 82.00 83.30 
2016/08/05 82.80 83.50 81.50 82.80 
2016/08/08 83.00 83.80 82.00 82.80 
2016/08/09 83.50 87.70 83.00 86.90 
2016/08/10 85.50 85.50 81.50 82.60 
2016/08/11 83.40 83.40 79.80 80.20 
2016/08/12 80.50 82.00 80.40 82.00 
2016/08/15 79.70 79.80 77.50 78.30 
2016/08/16 78.30 78.30 77.60 78.30 
2016/08/17 78.50 78.80 77.70 78.00 
2016/08/18 79.70 83.20 78.60 83.10 
2016/08/19 84.50 88.00 84.00 85.80 
2016/08/22 94.20 94.30 89.80 94.30 
2016/08/23 99.00 99.50 95.00 98.30 
2016/08/24 95.60 97.00 90.60 90.80 
2016/08/25 91.50 99.80 89.10 99.80 
2016/08/26 101.00 106.50 97.20 99.00 
2016/08/29 101.00 104.00 99.60 101.00 
2016/08/30 101.00 101.50 97.00 98.80 
2016/08/31 99.20 102.00 96.90 97.40 
2016/09/01 98.90 98.90 93.80 94.50 
2016/09/02 94.50 95.60 91.70 92.50 
2016/09/05 93.50 95.00 90.60 94.30 
2016/09/06 94.00 96.50 92.80 92.80 
2016/09/07 92.10 94.60 90.90 92.50 
2016/09/08 90.60 93.50 90.60 91.70 
2016/09/09 92.00 94.50 92.00 92.70 
2016/09/10 91.00 91.70 88.20 89.00 
2016/09/12 89.00 90.30 87.50 88.00 
2016/09/13 88.50 89.20 86.30 88.80 
2016/09/14 89.00 89.40 86.50 87.20 
2016/09/19 87.20 87.30 85.80 86.00 
2016/09/20 86.40 93.20 86.10 90.70 
2016/09/21 91.50 92.40 90.00 90.00 
2016/09/22 90.50 90.50 88.80 88.80 
2016/09/23 88.60 88.80 86.60 87.70 
2016/09/26 87.70 89.80 87.60 87.60 
2016/09/29 87.60 87.60 86.20 86.60 
2016/09/30 86.60 86.60 83.90 83.90 
2016/10/03 84.30 86.80 84.30 84.90 
2016/10/04 84.90 85.00 84.00 84.20 
2016/10/05 83.80 83.80 82.30 83.00 
2016/10/06 83.00 83.00 81.20 81.50 
2016/10/07 81.00 83.50 81.00 82.20 
2016/10/11 82.20 82.20 77.20 81.60 
2016/10/12 80.90 83.40 80.60 82.00 
2016/10/13 82.00 82.50 81.70 82.00 
2016/10/14 84.00 84.50 80.60 80.60 
2016/10/17 81.50 82.20 80.50 81.80 
2016/10/18 81.10 82.00 79.80 81.00 
2016/10/19 82.50 82.50 81.20 81.70 
2016/10/20 81.70 82.20 81.70 82.00 
2016/10/21 82.00 82.20 81.80 82.00 
2016/10/24 82.80 84.80 82.80 83.90 
2016/10/25 83.90 88.60 83.80 85.10 
2016/10/26 85.00 86.00 84.90 84.90 
2016/10/27 85.00 86.50 84.10 84.10 
2016/10/28 82.50 82.50 81.10 82.00 
2016/10/31 81.00 88.30 81.00 88.30 
2016/11/01 85.20 87.30 85.10 85.50 
2016/11/02 82.60 84.10 81.20 81.20 
2016/11/03 81.50 81.90 79.50 81.50 
2016/11/04 83.00 83.00 81.30 81.30 
2016/11/07 81.20 81.50 80.00 81.50 
2016/11/08 82.60 82.60 78.90 80.60 
2016/11/09 82.00 82.00 77.50 78.50 
2016/11/10 80.10 81.20 80.00 80.30 
2016/11/11 79.20 80.30 79.00 79.10 
2016/11/14 80.90 81.30 77.40 80.00 
2016/11/15 80.00 80.90 80.00 80.00 
2016/11/16 80.20 80.20 79.70 80.00 
2016/11/17 80.20 80.20 79.70 80.00 
2016/11/18 81.00 82.00 80.70 80.80 
2016/11/21 81.00 82.00 81.00 81.70 
2016/11/22 83.00 84.20 81.50 83.00 
2016/11/23 82.70 82.70 82.00 82.70 
2016/11/24 82.30 83.20 82.20 82.70 
2016/11/25 82.50 83.50 82.50 83.10 
2016/11/28 83.50 84.00 81.20 82.20 
2016/11/29 81.80 82.60 81.50 82.30 
2016/11/30 82.80 83.40 81.30 83.40 
2016/12/01 83.40 83.40 82.20 82.20 
2016/12/02 83.30 83.30 82.00 82.20 
2016/12/05 82.20 83.00 81.50 82.20 
2016/12/06 82.50 84.70 82.50 83.90 
2016/12/07 84.70 84.70 83.50 83.90 
2016/12/08 87.90 87.90 85.60 87.10 
2016/12/09 87.00 87.90 86.00 87.80 
2016/12/12 90.70 94.50 90.70 92.10 
2016/12/13 92.50 92.50 91.10 91.20 
2016/12/14 91.50 92.00 89.20 89.50 
2016/12/15 89.20 90.00 85.60 86.20 
2016/12/16 85.60 86.70 83.60 85.00 
2016/12/19 84.80 85.30 84.40 85.30 
2016/12/20 85.20 85.30 85.00 85.00 
2016/12/21 85.10 85.40 84.50 84.70 
2016/12/22 85.00 85.50 83.40 83.40 
2016/12/23 84.90 84.90 82.90 83.30 
2016/12/26 83.00 83.00 82.10 82.50 
2016/12/27 83.50 83.50 82.80 82.80 
2016/12/28 83.00 84.50 83.00 84.50 
2016/12/29 84.50 86.20 84.50 86.20 
2016/12/30 86.50 90.80 86.50 90.30 
2017/01/03 90.80 90.80 88.20 89.50 
2017/01/04 90.30 90.30 87.80 88.90 
2017/01/05 89.00 89.50 88.00 88.00 
2017/01/06 88.00 88.40 87.30 87.80 
2017/01/09 90.60 90.60 86.80 87.90 
2017/01/10 88.00 88.50 87.10 87.30 
2017/01/11 86.80 86.90 86.00 86.90 
2017/01/12 86.80 86.80 85.60 85.60 
2017/01/13 85.90 86.50 85.70 86.00 
2017/01/16 87.00 88.80 85.60 86.60 
2017/01/17 86.60 86.60 85.60 86.10 
2017/01/18 86.10 87.50 85.20 85.50 
2017/01/19 85.50 85.90 84.50 84.50 
2017/01/20 84.50 85.90 84.00 85.90 
2017/01/23 86.20 87.10 85.80 87.10 
2017/01/24 87.00 87.40 86.30 87.30 
2017/02/02 87.30 87.30 86.10 86.10 
2017/02/03 86.10 86.10 84.30 84.30 
2017/02/06 84.50 86.00 84.40 84.70 
2017/02/07 84.70 85.00 83.50 84.50 
2017/02/08 84.40 84.40 83.50 83.70 
