2016/07/01 21.15 21.20 21.15 21.20 
2016/07/04 21.55 21.55 21.20 21.30 
2016/07/05 21.40 21.90 21.40 21.80 
2016/07/06 21.65 21.65 21.45 21.45 
2016/07/07 21.45 22.60 21.40 22.35 
2016/07/11 22.35 23.50 22.05 23.20 
2016/07/12 23.20 23.60 22.90 23.55 
2016/07/13 23.20 23.20 22.90 22.90 
2016/07/14 22.90 23.00 22.80 22.90 
2016/07/15 22.70 22.90 22.70 22.70 
2016/07/18 22.80 23.20 22.80 23.20 
2016/07/19 23.20 23.60 23.00 23.45 
2016/07/20 23.20 23.30 23.05 23.05 
2016/07/21 23.00 23.10 22.85 23.10 
2016/07/22 23.00 23.00 22.75 22.80 
2016/07/25 22.95 22.95 22.50 22.70 
2016/07/26 22.60 22.70 21.70 22.50 
2016/07/27 22.60 22.60 22.25 22.40 
2016/07/28 22.40 22.60 22.40 22.50 
2016/07/29 22.55 22.60 22.50 22.50 
2016/08/01 22.60 22.95 22.60 22.95 
2016/08/02 22.95 23.10 22.70 22.95 
2016/08/03 22.80 23.20 22.80 23.20 
2016/08/04 23.55 25.00 23.50 23.50 
2016/08/05 24.00 24.00 23.00 23.45 
2016/08/08 23.20 23.50 23.20 23.50 
2016/08/09 23.30 23.30 23.20 23.20 
2016/08/10 23.50 24.45 23.50 24.45 
2016/08/11 24.35 24.50 23.65 24.50 
2016/08/12 24.40 25.90 24.20 25.30 
2016/08/15 25.50 26.05 25.25 25.25 
2016/08/16 25.50 25.50 24.60 24.65 
2016/08/17 24.65 24.80 24.40 24.45 
2016/08/18 24.45 24.45 24.10 24.35 
2016/08/19 24.55 24.55 23.80 23.95 
2016/08/22 23.95 24.00 23.60 23.60 
2016/08/23 23.65 24.15 23.55 24.15 
2016/08/24 25.00 25.00 24.15 24.30 
2016/08/25 24.70 24.70 24.15 24.40 
2016/08/26 24.55 25.10 24.50 24.75 
2016/08/29 24.90 26.20 24.90 25.60 
2016/08/30 25.90 26.00 25.30 25.60 
2016/08/31 25.60 25.60 25.00 25.00 
2016/09/01 25.00 25.20 24.85 24.90 
2016/09/02 25.25 25.90 25.00 25.90 
2016/09/05 26.50 26.95 25.40 25.45 
2016/09/06 25.65 25.90 25.40 25.45 
2016/09/07 25.85 25.95 25.55 25.95 
2016/09/08 25.80 26.15 25.80 26.05 
2016/09/09 26.00 26.40 26.00 26.25 
2016/09/10 25.50 25.70 25.20 25.65 
2016/09/12 23.85 23.90 22.60 22.60 
2016/09/13 22.65 23.00 22.45 22.50 
2016/09/14 22.25 22.50 22.00 22.00 
2016/09/19 22.10 22.15 21.40 21.50 
2016/09/20 21.70 21.85 21.55 21.75 
2016/09/21 21.85 21.85 21.55 21.85 
2016/09/22 21.85 22.00 21.85 21.90 
2016/09/23 22.00 22.10 21.80 21.95 
2016/09/26 21.95 22.05 21.65 21.80 
2016/09/29 21.80 21.90 21.70 21.70 
2016/09/30 21.65 21.65 21.45 21.50 
2016/10/03 21.50 22.40 21.50 21.90 
2016/10/04 22.20 22.70 22.20 22.60 
2016/10/05 22.80 22.80 22.35 22.35 
2016/10/06 22.40 22.80 22.40 22.60 
2016/10/07 22.60 22.60 22.40 22.40 
2016/10/11 23.60 23.85 22.80 22.95 
2016/10/12 22.95 23.20 22.90 23.00 
2016/10/13 23.40 23.40 22.95 23.20 
2016/10/14 23.10 23.10 22.45 22.45 
2016/10/17 22.40 22.55 22.20 22.55 
2016/10/18 22.80 22.80 22.30 22.50 
2016/10/19 22.70 22.70 22.55 22.65 
2016/10/20 22.50 22.60 22.50 22.55 
2016/10/21 22.50 22.55 22.50 22.50 
2016/10/24 22.75 24.20 22.75 23.75 
2016/10/25 23.80 23.80 23.30 23.40 
2016/10/26 23.40 23.85 23.40 23.75 
2016/10/27 23.70 23.70 23.30 23.30 
2016/10/28 23.50 23.50 23.30 23.35 
2016/10/31 23.35 23.60 23.35 23.60 
2016/11/01 23.60 23.70 23.50 23.55 
2016/11/02 23.45 23.45 23.05 23.10 
2016/11/03 23.00 23.00 22.75 22.90 
2016/11/04 22.95 23.25 22.95 23.25 
2016/11/07 23.55 23.55 23.10 23.10 
2016/11/08 23.30 23.50 23.25 23.50 
2016/11/09 23.25 23.30 22.70 22.80 
2016/11/10 22.95 23.40 22.95 23.20 
2016/11/11 22.85 22.85 22.35 22.50 
2016/11/14 22.50 22.65 22.25 22.40 
2016/11/15 22.65 22.65 22.30 22.40 
2016/11/16 22.35 22.60 22.25 22.35 
2016/11/17 22.25 22.40 22.25 22.25 
2016/11/18 22.35 22.35 22.30 22.30 
2016/11/21 22.30 22.75 22.30 22.70 
2016/11/22 22.80 22.80 22.75 22.75 
2016/11/23 22.80 22.80 22.60 22.70 
2016/11/24 22.50 22.60 22.45 22.45 
2016/11/25 22.45 22.55 22.45 22.55 
2016/11/28 22.70 22.70 22.65 22.65 
2016/11/29 22.70 22.80 22.60 22.60 
2016/11/30 22.70 22.75 22.60 22.60 
2016/12/01 22.65 22.75 22.60 22.75 
2016/12/02 22.55 22.75 22.50 22.55 
2016/12/05 22.55 22.60 22.55 22.60 
2016/12/06 22.70 22.80 22.70 22.80 
2016/12/07 22.80 22.95 22.75 22.80 
2016/12/08 22.80 23.20 22.70 23.15 
2016/12/09 23.20 23.25 23.15 23.15 
2016/12/12 23.40 23.80 23.30 23.45 
2016/12/13 23.45 23.45 23.15 23.15 
2016/12/14 23.25 23.25 23.00 23.00 
2016/12/15 22.95 23.15 22.95 23.15 
2016/12/16 23.15 23.15 23.00 23.00 
2016/12/19 23.00 23.10 22.90 22.90 
2016/12/20 22.90 22.90 22.70 22.75 
2016/12/21 22.80 22.95 22.75 22.95 
2016/12/22 22.90 23.05 22.85 23.05 
2016/12/23 23.15 23.50 23.15 23.45 
2016/12/26 23.50 24.70 23.50 24.00 
2016/12/27 24.30 24.35 23.65 23.65 
2016/12/28 23.65 23.75 23.50 23.50 
2016/12/29 23.50 23.60 23.20 23.25 
2016/12/30 23.35 23.35 23.20 23.30 
2017/01/03 23.35 23.50 23.25 23.35 
2017/01/04 23.45 23.60 23.30 23.35 
2017/01/05 23.40 23.45 23.20 23.40 
2017/01/06 23.40 23.40 23.15 23.30 
2017/01/09 23.30 23.30 23.00 23.10 
2017/01/10 23.05 23.05 22.75 23.00 
2017/01/11 23.15 23.15 22.80 22.80 
2017/01/12 23.00 23.05 22.85 22.90 
2017/01/13 22.90 22.90 22.75 22.85 
2017/01/16 22.90 22.90 22.75 22.90 
2017/01/17 22.90 22.95 22.80 22.95 
2017/01/18 23.00 23.00 22.85 22.95 
2017/01/19 22.80 22.95 22.80 22.95 
2017/01/20 22.80 22.90 22.80 22.90 
2017/01/23 22.90 22.90 22.70 22.70 
2017/01/24 22.70 22.80 22.60 22.60 
2017/02/02 22.80 22.85 22.65 22.80 
2017/02/03 22.80 23.10 22.80 23.05 
2017/02/06 23.10 23.30 23.05 23.10 
2017/02/07 23.10 23.15 23.00 23.15 
2017/02/08 23.15 23.65 23.10 23.35 
