2016/07/01 35.70 35.75 35.40 35.40 
2016/07/04 35.90 35.90 35.10 35.40 
2016/07/05 35.80 35.80 35.10 35.15 
2016/07/06 35.00 35.00 34.50 34.95 
2016/07/07 35.40 36.00 35.40 36.00 
2016/07/11 36.50 36.85 35.30 35.35 
2016/07/12 35.35 35.50 35.35 35.35 
2016/07/13 35.35 35.80 35.35 35.65 
2016/07/14 35.60 35.65 34.60 34.90 
2016/07/15 35.00 35.10 34.70 34.90 
2016/07/18 35.00 35.00 34.20 35.00 
2016/07/19 35.00 35.20 34.60 35.00 
2016/07/20 35.20 35.20 34.60 35.00 
2016/07/21 34.80 35.50 34.70 35.00 
2016/07/22 34.70 35.00 34.60 35.00 
2016/07/25 34.50 35.00 34.50 35.00 
2016/07/26 35.00 35.25 34.70 34.90 
2016/07/27 35.00 35.00 34.85 34.85 
2016/07/28 34.60 34.80 34.30 34.80 
2016/07/29 34.80 34.95 34.25 34.95 
2016/08/01 34.80 34.80 34.65 34.65 
2016/08/02 34.50 34.70 34.30 34.70 
2016/08/03 34.25 34.30 34.25 34.30 
2016/08/04 34.20 34.30 33.50 33.80 
2016/08/05 33.65 33.65 33.20 33.50 
2016/08/08 33.50 33.50 33.40 33.50 
2016/08/09 33.50 33.50 33.50 33.50 
2016/08/10 34.85 34.85 33.00 33.50 
2016/08/11 33.50 33.50 33.30 33.30 
2016/08/12 33.30 33.35 33.20 33.20 
2016/08/15 33.20 33.50 33.10 33.50 
2016/08/16 33.10 33.50 33.10 33.25 
2016/08/17 33.50 33.90 33.15 33.20 
2016/08/18 33.20 33.50 33.20 33.30 
2016/08/19 33.80 33.80 33.50 33.75 
2016/08/22 33.60 33.60 33.20 33.20 
2016/08/23 33.20 34.00 33.20 33.55 
2016/08/24 33.20 33.55 33.20 33.55 
2016/08/25 33.50 33.60 33.50 33.60 
2016/08/26 33.90 34.20 33.80 33.85 
2016/08/29 33.20 33.20 32.65 33.10 
2016/08/30 33.15 33.15 32.75 32.85 
2016/08/31 33.00 33.10 32.85 33.10 
2016/09/01 33.30 33.30 33.00 33.10 
2016/09/02 33.10 33.10 32.90 32.90 
2016/09/05 32.90 33.20 32.90 33.20 
2016/09/06 33.10 33.10 33.00 33.10 
2016/09/07 33.10 33.10 32.85 32.85 
2016/09/08 33.60 35.10 33.60 34.00 
2016/09/09 34.00 34.50 34.00 34.10 
2016/09/10 33.00 33.90 33.00 33.70 
2016/09/12 34.00 34.00 33.50 33.80 
2016/09/13 33.60 33.60 33.40 33.40 
2016/09/14 33.10 33.10 33.05 33.05 
2016/09/19 33.10 33.50 33.10 33.50 
2016/09/20 34.10 34.20 33.50 33.50 
2016/09/21 33.45 33.50 33.00 33.10 
2016/09/22 33.10 33.10 33.10 33.10 
2016/09/23 33.10 33.50 33.10 33.50 
2016/09/26 33.50 33.50 33.30 33.30 
2016/09/29 34.10 34.10 34.10 34.10 
2016/09/30 33.50 33.50 33.35 33.50 
2016/10/03 34.10 34.10 33.80 33.80 
2016/10/04 33.80 33.80 33.40 33.40 
2016/10/05 33.30 33.30 33.30 33.30 
2016/10/06 33.30 33.30 33.20 33.20 
2016/10/07 33.20 33.20 33.00 33.00 
2016/10/11 33.00 33.00 32.60 32.70 
2016/10/12 32.70 32.70 32.20 32.30 
2016/10/13 32.05 32.40 32.00 32.40 
2016/10/14 32.30 32.30 32.20 32.20 
2016/10/17 32.20 32.20 32.10 32.10 
2016/10/18 32.20 32.20 31.90 32.00 
2016/10/19 32.00 33.90 32.00 33.90 
2016/10/20 33.70 33.80 33.20 33.80 
2016/10/21 33.10 33.20 33.00 33.20 
2016/10/24 33.00 33.50 33.00 33.25 
2016/10/25 33.10 33.45 33.00 33.00 
2016/10/26 32.90 33.00 32.80 32.80 
2016/10/27 32.70 32.80 32.70 32.80 
2016/10/28 32.70 32.90 32.60 32.90 
2016/10/31 33.00 33.10 33.00 33.10 
2016/11/01 33.30 33.60 33.30 33.50 
2016/11/02 33.00 33.00 32.90 33.00 
2016/11/03 33.00 33.20 33.00 33.20 
2016/11/04 33.30 33.30 33.30 33.30 
2016/11/07 32.90 33.00 32.80 33.00 
2016/11/08 33.00 33.00 32.70 32.70 
2016/11/09 32.30 32.30 32.00 32.00 
2016/11/10 32.00 32.85 32.00 32.85 
2016/11/11 32.50 32.50 32.40 32.50 
2016/11/14 32.40 32.40 32.00 32.00 
2016/11/15 31.80 31.95 31.50 31.50 
2016/11/16 31.50 32.30 31.50 32.30 
2016/11/17 32.35 32.35 32.30 32.30 
2016/11/18 33.00 33.00 32.45 32.45 
2016/11/21 32.00 32.50 31.80 32.00 
2016/11/22 31.80 32.00 31.80 31.85 
2016/11/23 31.70 31.70 31.50 31.50 
2016/11/24 32.00 32.00 31.50 31.50 
2016/11/25 31.70 31.70 31.50 31.70 
2016/11/28 31.70 31.70 31.70 31.70 
2016/11/30 31.70 31.80 31.70 31.80 
2016/12/01 31.30 31.30 31.30 31.30 
2016/12/02 31.50 31.50 31.00 31.00 
2016/12/05 31.50 31.90 30.90 31.00 
2016/12/07 31.05 31.05 30.40 30.65 
2016/12/08 30.65 30.65 30.30 30.30 
2016/12/09 30.10 30.30 29.60 29.60 
2016/12/12 30.00 30.00 29.70 29.70 
2016/12/13 29.70 30.00 29.70 30.00 
2016/12/14 29.80 29.80 29.80 29.80 
2016/12/15 29.80 31.30 29.80 30.00 
2016/12/16 30.00 30.00 29.40 29.40 
2016/12/19 29.20 30.00 29.20 29.40 
2016/12/20 29.40 29.40 29.00 29.00 
2016/12/21 29.00 29.80 28.75 29.80 
2016/12/22 30.00 30.00 29.00 29.10 
2016/12/23 28.90 29.60 28.90 29.10 
2016/12/26 29.50 29.80 29.20 29.80 
2016/12/27 29.40 29.40 29.20 29.25 
2016/12/28 29.25 29.50 29.25 29.50 
2016/12/29 29.50 29.50 29.30 29.30 
2016/12/30 29.40 29.80 29.30 29.75 
2017/01/03 29.30 29.35 29.30 29.35 
2017/01/04 30.00 30.50 30.00 30.50 
2017/01/06 30.20 30.20 30.00 30.00 
2017/01/09 29.70 29.70 29.15 29.50 
2017/01/10 29.80 29.80 29.80 29.80 
2017/01/11 29.40 29.40 29.40 29.40 
2017/01/12 29.25 30.20 29.10 30.20 
2017/01/13 30.20 33.05 30.20 32.00 
2017/01/16 32.00 33.30 32.00 33.00 
2017/01/17 33.00 33.00 32.00 32.50 
2017/01/18 33.00 33.20 32.60 32.70 
2017/01/19 31.70 32.90 31.70 32.90 
2017/01/20 33.00 33.00 32.60 32.90 
2017/01/23 32.90 33.20 32.75 32.75 
2017/01/24 32.55 33.00 32.50 33.00 
2017/02/02 33.00 33.00 32.50 33.00 
2017/02/03 32.60 32.95 32.60 32.95 
2017/02/06 33.00 33.00 32.50 32.90 
2017/02/07 32.30 33.75 32.30 32.95 
2017/02/08 33.55 36.20 33.50 36.20 
