2016/07/01 8.28 8.42 8.17 8.41 
2016/07/04 8.20 8.20 8.20 8.20 
2016/07/05 8.07 8.39 8.07 8.30 
2016/07/06 8.44 8.44 8.44 8.44 
2016/07/07 8.40 8.40 8.00 8.01 
2016/07/11 8.00 8.19 8.00 8.19 
2016/07/12 8.01 8.18 8.00 8.00 
2016/07/13 8.19 8.19 8.00 8.17 
2016/07/14 8.15 8.41 8.00 8.18 
2016/07/15 8.37 8.37 8.00 8.18 
2016/07/18 8.10 8.27 7.96 8.27 
2016/07/19 8.10 8.19 8.01 8.19 
2016/07/20 8.23 8.23 8.02 8.17 
2016/07/21 8.23 8.23 8.03 8.21 
2016/07/22 8.17 8.17 8.04 8.16 
2016/07/25 8.15 8.15 8.03 8.03 
2016/07/26 7.81 7.81 7.81 7.81 
2016/07/27 7.88 8.00 7.82 7.82 
2016/07/28 7.88 7.98 7.88 7.98 
2016/07/29 7.97 7.98 7.93 7.93 
2016/08/01 8.00 8.10 7.94 7.94 
2016/08/02 8.08 8.08 7.88 7.89 
2016/08/03 7.89 8.09 7.89 8.09 
2016/08/04 8.09 8.21 7.91 8.14 
2016/08/05 8.40 8.40 8.00 8.19 
2016/08/08 8.01 8.01 8.01 8.01 
2016/08/09 8.17 8.17 7.91 8.17 
2016/08/11 7.90 8.08 7.90 8.08 
2016/08/12 8.19 8.19 7.61 8.16 
2016/08/16 7.80 7.95 7.80 7.95 
2016/08/17 7.75 7.95 7.75 7.80 
2016/08/18 7.77 7.93 7.77 7.93 
2016/08/19 7.73 8.02 7.73 7.82 
2016/08/22 7.82 7.93 7.82 7.93 
2016/08/23 7.72 7.95 7.72 7.90 
2016/08/24 7.78 7.93 7.78 7.93 
2016/08/25 7.99 7.99 7.99 7.99 
2016/08/26 8.05 8.05 7.82 7.86 
2016/08/29 7.99 8.04 7.99 8.04 
2016/08/30 7.86 8.00 7.85 8.00 
2016/08/31 7.99 8.00 7.88 7.88 
2016/09/01 8.09 8.17 7.88 8.17 
2016/09/02 8.01 8.19 8.00 8.19 
2016/09/05 8.20 8.44 8.19 8.37 
2016/09/06 8.41 8.54 8.25 8.52 
2016/09/07 8.38 9.00 8.38 8.91 
2016/09/08 8.90 8.90 8.45 8.51 
2016/09/09 8.51 8.85 8.51 8.85 
2016/09/10 9.73 9.73 9.73 9.73 
2016/09/12 10.70 10.70 10.70 10.70 
2016/09/13 10.75 11.45 10.50 10.70 
2016/09/14 10.60 10.70 10.15 10.25 
2016/09/19 10.10 10.20 9.80 9.90 
2016/09/20 9.81 10.25 9.61 9.90 
2016/09/21 9.99 9.99 9.72 9.77 
2016/09/22 9.89 9.89 9.61 9.78 
2016/09/23 9.85 10.15 9.67 10.10 
2016/09/26 10.25 11.05 10.20 10.70 
2016/09/29 10.65 10.65 10.10 10.35 
2016/09/30 10.20 10.40 9.82 10.15 
2016/10/03 10.05 10.15 9.96 10.15 
2016/10/04 10.35 10.90 10.15 10.55 
2016/10/05 10.50 10.50 10.20 10.20 
2016/10/06 10.45 11.20 10.30 11.20 
2016/10/07 10.75 10.90 10.35 10.70 
2016/10/11 10.75 10.90 9.97 10.00 
2016/10/12 10.00 10.30 9.92 10.00 
2016/10/13 10.05 10.20 9.95 10.00 
2016/10/14 9.95 9.99 9.77 9.93 
2016/10/17 9.80 9.93 9.71 9.80 
2016/10/18 9.95 10.15 9.77 10.15 
2016/10/19 9.95 10.00 9.92 10.00 
2016/10/20 10.00 10.40 10.00 10.25 
2016/10/21 10.10 10.40 10.10 10.40 
2016/10/24 10.50 10.50 10.30 10.40 
2016/10/25 10.30 10.50 10.25 10.35 
2016/10/26 10.15 10.40 10.10 10.30 
2016/10/27 10.25 10.40 10.15 10.30 
2016/10/28 10.40 10.45 10.25 10.40 
2016/10/31 10.35 11.40 10.25 11.40 
2016/11/01 11.80 12.50 11.60 12.50 
2016/11/02 13.00 13.00 12.05 12.50 
2016/11/03 12.50 12.75 12.05 12.45 
2016/11/04 11.95 13.05 11.95 13.00 
2016/11/07 13.00 14.20 13.00 13.75 
2016/11/08 14.05 14.05 13.20 14.00 
2016/11/09 13.40 13.60 12.60 12.60 
2016/11/10 12.60 13.55 11.90 13.55 
2016/11/11 13.05 13.05 12.35 13.00 
2016/11/14 13.00 13.00 12.35 12.65 
2016/11/15 12.40 12.40 12.05 12.10 
2016/11/16 12.10 12.50 12.10 12.20 
2016/11/17 11.60 12.45 11.60 12.45 
2016/11/18 12.20 12.65 12.05 12.40 
2016/11/21 12.40 12.55 12.35 12.45 
2016/11/22 12.55 12.75 12.40 12.40 
2016/11/23 12.50 12.60 12.40 12.40 
2016/11/24 12.45 13.30 12.45 12.45 
2016/11/25 12.50 12.50 12.10 12.45 
2016/11/28 12.65 12.65 12.45 12.50 
2016/11/29 12.50 12.60 12.40 12.50 
2016/11/30 12.65 12.65 12.35 12.65 
2016/12/01 12.50 12.60 12.40 12.60 
2016/12/02 12.60 12.60 12.45 12.60 
2016/12/05 12.65 12.65 12.45 12.45 
2016/12/06 12.60 12.60 11.65 11.65 
2016/12/07 11.80 12.20 11.80 11.80 
2016/12/08 11.80 12.05 11.80 11.90 
2016/12/09 12.05 12.05 11.50 11.70 
2016/12/12 11.10 11.60 10.90 11.60 
2016/12/13 11.40 11.40 10.95 11.40 
2016/12/14 11.20 11.40 11.05 11.30 
2016/12/15 11.35 11.35 10.90 10.90 
2016/12/16 10.90 11.00 10.45 10.95 
2016/12/19 10.90 10.90 10.20 10.30 
2016/12/20 10.30 10.45 10.20 10.20 
2016/12/21 10.30 10.50 10.30 10.35 
2016/12/22 10.50 10.60 9.95 10.25 
2016/12/23 10.10 10.30 9.98 9.98 
2016/12/26 10.25 10.25 8.99 8.99 
2016/12/27 8.75 8.80 8.13 8.24 
2016/12/28 8.30 8.56 8.16 8.20 
2016/12/29 8.21 8.42 8.16 8.20 
2016/12/30 8.25 8.32 8.16 8.20 
2017/01/03 8.25 8.25 8.05 8.10 
2017/01/04 8.19 8.50 8.15 8.32 
2017/01/05 8.30 8.57 8.30 8.47 
2017/01/06 8.47 8.73 8.47 8.73 
2017/01/09 8.73 8.76 8.52 8.73 
2017/01/10 8.60 8.76 8.58 8.70 
2017/01/11 8.51 8.68 8.51 8.60 
2017/01/12 8.54 8.80 8.54 8.72 
2017/01/13 8.78 8.79 8.51 8.64 
2017/01/16 8.54 8.59 8.48 8.59 
2017/01/17 8.57 8.69 8.45 8.65 
2017/01/18 8.69 8.69 8.52 8.57 
2017/01/19 8.60 8.88 8.60 8.75 
2017/01/20 8.95 8.95 8.74 8.86 
2017/01/23 8.92 9.08 8.90 9.08 
2017/01/24 8.81 9.09 8.81 9.09 
2017/02/02 9.20 9.20 9.09 9.18 
2017/02/03 9.29 10.05 9.29 10.05 
2017/02/06 10.20 10.35 9.96 10.10 
2017/02/07 10.10 10.30 9.75 10.00 
2017/02/08 10.00 10.05 9.80 10.00 
