2016/07/01 8.89 8.89 8.83 8.83 
2016/07/04 9.00 9.00 8.82 8.82 
2016/07/05 8.80 9.12 8.80 9.09 
2016/07/06 9.09 9.80 9.01 9.45 
2016/07/07 9.50 9.85 9.50 9.53 
2016/07/11 9.53 9.58 9.47 9.47 
2016/07/12 9.28 9.30 9.00 9.28 
2016/07/13 9.30 9.86 9.20 9.38 
2016/07/14 9.36 9.75 9.36 9.50 
2016/07/15 9.70 9.70 9.41 9.58 
2016/07/18 9.78 9.78 9.50 9.59 
2016/07/19 9.50 9.59 9.35 9.45 
2016/07/20 9.46 9.65 9.30 9.49 
2016/07/21 9.35 9.58 9.20 9.38 
2016/07/22 9.33 9.38 9.25 9.25 
2016/07/25 9.01 9.25 9.01 9.08 
2016/07/26 9.10 9.42 9.08 9.20 
2016/07/27 9.25 9.30 9.13 9.27 
2016/07/28 9.50 9.50 9.21 9.30 
2016/07/29 9.20 9.35 9.18 9.34 
2016/08/01 9.15 9.33 9.15 9.30 
2016/08/02 9.35 9.72 9.20 9.26 
2016/08/03 9.45 9.45 9.18 9.18 
2016/08/04 9.39 9.39 9.12 9.27 
2016/08/05 9.10 9.26 9.05 9.25 
2016/08/08 9.10 9.30 9.08 9.28 
2016/08/09 9.15 9.39 9.05 9.20 
2016/08/10 9.10 9.18 8.90 9.15 
2016/08/11 9.38 9.38 9.00 9.15 
2016/08/12 9.24 9.24 8.95 9.00 
2016/08/15 9.00 9.00 8.90 8.94 
2016/08/16 8.81 8.90 8.75 8.76 
2016/08/17 8.76 8.76 8.56 8.65 
2016/08/18 8.59 8.98 8.58 8.66 
2016/08/19 8.67 8.85 8.66 8.79 
2016/08/22 8.60 8.78 8.60 8.77 
2016/08/23 8.76 8.90 8.63 8.90 
2016/08/24 8.92 8.92 8.65 8.65 
2016/08/25 8.56 8.65 8.56 8.62 
2016/08/26 8.87 9.00 8.56 8.85 
2016/08/29 8.93 8.93 8.73 8.78 
2016/08/30 8.83 9.10 8.58 8.84 
2016/08/31 8.94 8.94 8.72 8.88 
2016/09/01 8.89 8.89 8.72 8.82 
2016/09/02 8.75 8.75 8.61 8.70 
2016/09/05 8.79 8.84 8.60 8.82 
2016/09/06 8.83 8.83 8.65 8.78 
2016/09/07 8.64 8.74 8.63 8.74 
2016/09/08 8.78 8.79 8.70 8.79 
2016/09/09 8.74 8.74 8.63 8.65 
2016/09/10 8.62 8.65 8.58 8.60 
2016/09/12 8.60 8.80 8.56 8.69 
2016/09/13 8.61 8.67 8.50 8.50 
2016/09/14 8.67 8.67 8.46 8.50 
2016/09/19 8.50 8.50 8.25 8.29 
2016/09/20 8.29 8.29 8.21 8.29 
2016/09/21 8.22 8.48 8.19 8.37 
2016/09/22 8.23 8.36 8.23 8.33 
2016/09/23 8.33 8.44 8.30 8.34 
2016/09/26 8.30 8.48 8.26 8.47 
2016/09/29 8.47 8.48 8.30 8.30 
2016/09/30 8.30 8.39 8.20 8.22 
2016/10/03 8.30 8.30 8.20 8.20 
2016/10/04 8.20 8.59 8.20 8.45 
2016/10/05 8.45 8.45 8.20 8.25 
2016/10/06 8.25 8.43 8.25 8.30 
2016/10/07 8.23 8.35 8.23 8.24 
2016/10/11 8.10 8.30 8.03 8.03 
2016/10/12 8.03 8.03 7.90 7.91 
2016/10/13 7.82 7.99 7.30 7.67 
2016/10/14 7.52 7.52 7.30 7.50 
2016/10/17 7.45 7.66 7.45 7.64 
2016/10/18 7.62 7.79 7.45 7.50 
2016/10/19 7.50 7.83 7.50 7.60 
2016/10/20 7.54 8.36 7.45 8.36 
2016/10/21 8.27 8.40 8.15 8.26 
2016/10/24 8.25 8.37 8.07 8.25 
2016/10/25 8.11 8.24 8.03 8.15 
2016/10/26 8.03 8.19 7.98 8.00 
2016/10/27 7.85 8.30 7.85 8.03 
2016/10/28 8.03 8.19 8.03 8.19 
2016/10/31 8.04 8.10 8.03 8.10 
2016/11/01 8.10 8.24 8.10 8.20 
2016/11/02 8.02 8.02 7.82 7.82 
2016/11/03 7.75 7.75 7.69 7.70 
2016/11/04 7.70 7.90 7.70 7.90 
2016/11/07 8.25 8.25 8.02 8.17 
2016/11/08 8.04 8.15 8.04 8.15 
2016/11/09 7.86 8.14 7.85 7.85 
2016/11/10 7.85 8.08 7.85 8.07 
2016/11/11 7.97 7.97 7.61 7.88 
2016/11/14 7.70 7.75 7.66 7.75 
2016/11/15 7.75 8.20 7.75 7.80 
2016/11/16 7.80 7.98 7.75 7.80 
2016/11/17 7.96 7.98 7.80 7.85 
2016/11/18 7.99 7.99 7.80 7.93 
2016/11/21 7.99 7.99 7.80 7.95 
2016/11/22 7.81 7.93 7.74 7.75 
2016/11/23 7.99 8.05 7.80 7.98 
2016/11/24 8.09 8.09 7.90 7.90 
2016/11/25 7.99 7.99 7.71 7.82 
2016/11/28 7.80 7.80 7.80 7.80 
2016/11/29 7.79 8.28 7.71 7.91 
2016/11/30 7.91 8.04 7.85 7.90 
2016/12/01 8.07 8.20 7.90 8.00 
2016/12/02 8.00 8.00 8.00 8.00 
2016/12/05 8.20 8.34 7.95 8.18 
2016/12/06 8.18 8.27 8.00 8.18 
2016/12/07 8.18 8.29 7.90 8.14 
2016/12/08 8.10 8.15 7.90 8.07 
2016/12/09 8.07 8.17 8.07 8.15 
2016/12/12 8.06 8.16 7.90 7.98 
2016/12/13 7.98 8.05 7.98 8.00 
2016/12/14 8.00 8.13 7.95 7.95 
2016/12/15 7.83 8.10 7.83 8.00 
2016/12/16 8.00 8.05 8.00 8.00 
2016/12/19 8.00 8.18 7.93 7.95 
2016/12/20 7.96 7.96 7.93 7.94 
2016/12/21 7.94 7.94 7.93 7.93 
2016/12/22 7.93 7.93 7.85 7.85 
2016/12/23 7.85 8.01 7.81 7.98 
2016/12/26 7.88 8.08 7.88 8.08 
2016/12/27 8.20 8.20 7.90 8.01 
2016/12/28 7.99 8.04 7.86 8.00 
2016/12/29 8.00 8.00 7.90 8.00 
2016/12/30 8.05 8.05 8.00 8.00 
2017/01/03 8.10 8.10 7.96 8.00 
2017/01/05 7.91 7.98 7.90 7.90 
2017/01/06 7.90 7.99 7.90 7.99 
2017/01/10 8.00 8.04 7.86 8.04 
2017/01/11 8.04 8.04 7.80 7.80 
2017/01/12 7.71 7.75 7.63 7.65 
2017/01/13 7.65 7.73 7.61 7.73 
2017/01/16 7.81 7.81 7.81 7.81 
2017/01/17 7.70 7.77 7.70 7.77 
2017/01/18 7.77 7.77 7.60 7.70 
2017/01/19 7.70 7.70 7.63 7.70 
2017/01/20 7.62 7.75 7.60 7.61 
2017/01/23 7.61 7.73 7.57 7.73 
2017/01/24 7.67 7.78 7.67 7.70 
2017/02/02 7.80 7.80 7.71 7.80 
2017/02/03 7.71 7.73 7.71 7.73 
2017/02/06 7.77 8.40 7.75 8.35 
2017/02/07 8.60 8.90 8.50 8.57 
2017/02/08 8.54 8.70 8.41 8.48 
