2016/07/01 8.39 8.43 8.34 8.36 
2016/07/04 8.36 8.39 8.36 8.38 
2016/07/05 8.36 8.38 8.30 8.35 
2016/07/06 8.30 8.37 8.30 8.37 
2016/07/07 8.37 8.37 8.30 8.30 
2016/07/11 8.30 8.45 8.30 8.36 
2016/07/12 8.40 8.47 8.28 8.33 
2016/07/13 8.33 8.36 8.31 8.31 
2016/07/14 8.38 8.38 8.31 8.35 
2016/07/15 8.35 8.43 8.34 8.35 
2016/07/18 8.43 8.49 8.33 8.48 
2016/07/19 8.56 8.56 8.43 8.49 
2016/07/20 8.49 8.69 8.48 8.62 
2016/07/21 8.68 8.71 8.62 8.63 
2016/07/22 8.69 8.83 8.63 8.70 
2016/07/25 8.76 8.76 8.64 8.67 
2016/07/26 8.74 8.74 8.58 8.63 
2016/07/27 8.63 8.64 8.55 8.55 
2016/07/28 8.53 8.60 8.53 8.55 
2016/07/29 8.55 8.59 8.48 8.48 
2016/08/01 8.57 8.57 8.50 8.50 
2016/08/02 8.53 8.60 8.53 8.53 
2016/08/03 8.45 8.68 8.45 8.53 
2016/08/04 8.64 8.64 8.51 8.53 
2016/08/05 8.53 8.59 8.52 8.54 
2016/08/08 8.56 8.67 8.55 8.62 
2016/08/09 8.62 8.66 8.55 8.59 
2016/08/10 8.59 8.60 8.56 8.56 
2016/08/11 8.57 8.68 8.56 8.60 
2016/08/12 8.61 8.70 8.61 8.66 
2016/08/15 8.71 9.00 8.71 8.86 
2016/08/16 8.90 8.95 8.80 8.86 
2016/08/17 8.86 8.88 8.84 8.85 
2016/08/18 8.89 9.40 8.84 9.15 
2016/08/19 9.15 9.19 9.00 9.05 
2016/08/22 9.05 9.05 8.90 8.91 
2016/08/23 9.01 9.02 8.90 8.91 
2016/08/24 8.90 8.95 8.83 8.89 
2016/08/25 8.40 8.42 8.32 8.38 
2016/08/26 8.40 8.42 8.38 8.42 
2016/08/29 8.43 8.45 8.39 8.44 
2016/08/30 8.46 8.55 8.46 8.54 
2016/08/31 8.59 8.60 8.50 8.58 
2016/09/01 8.70 8.70 8.44 8.49 
2016/09/02 8.54 8.55 8.37 8.41 
2016/09/05 8.55 8.55 8.36 8.44 
2016/09/06 8.43 8.43 8.42 8.42 
2016/09/07 8.42 8.49 8.39 8.45 
2016/09/08 8.46 8.60 8.45 8.52 
2016/09/09 8.64 8.64 8.52 8.54 
2016/09/10 8.49 8.49 8.44 8.44 
2016/09/12 8.40 8.45 8.40 8.42 
2016/09/13 8.40 8.42 8.36 8.39 
2016/09/14 8.35 8.36 8.30 8.35 
2016/09/19 8.33 8.43 8.33 8.43 
2016/09/20 8.40 8.48 8.40 8.48 
2016/09/21 8.48 8.49 8.38 8.41 
2016/09/22 8.41 8.50 8.41 8.49 
2016/09/23 8.49 8.53 8.45 8.50 
2016/09/26 8.45 8.48 8.42 8.43 
2016/09/29 8.46 8.58 8.46 8.55 
2016/09/30 8.55 8.55 8.45 8.53 
2016/10/03 8.57 8.58 8.48 8.49 
2016/10/04 8.55 8.64 8.48 8.50 
2016/10/05 8.50 8.52 8.45 8.47 
2016/10/06 8.55 8.55 8.44 8.47 
2016/10/07 8.42 8.52 8.42 8.52 
2016/10/11 8.52 8.52 8.40 8.41 
2016/10/12 8.41 8.42 8.41 8.42 
2016/10/13 8.42 8.42 8.37 8.38 
2016/10/14 8.39 8.39 8.30 8.30 
2016/10/17 8.31 8.31 8.28 8.28 
2016/10/18 8.30 8.39 8.30 8.39 
2016/10/19 8.40 8.88 8.40 8.88 
2016/10/20 9.10 9.33 9.01 9.19 
2016/10/21 9.18 9.18 8.76 8.80 
2016/10/24 8.90 8.90 8.72 8.77 
2016/10/25 8.78 9.00 8.78 8.81 
2016/10/26 8.80 8.81 8.61 8.67 
2016/10/27 8.67 8.70 8.56 8.60 
2016/10/28 8.62 8.79 8.56 8.65 
2016/10/31 8.70 8.70 8.55 8.60 
2016/11/01 8.57 8.68 8.57 8.62 
2016/11/02 8.62 8.62 8.46 8.50 
2016/11/03 8.47 8.50 8.44 8.48 
2016/11/04 8.48 8.54 8.46 8.48 
2016/11/07 8.48 8.54 8.48 8.52 
2016/11/08 8.52 8.55 8.49 8.50 
2016/11/09 8.50 8.52 8.22 8.25 
2016/11/10 8.38 8.49 8.35 8.42 
2016/11/11 8.30 8.39 8.30 8.39 
2016/11/14 8.39 8.39 8.30 8.33 
2016/11/15 8.59 8.77 8.52 8.67 
2016/11/16 8.70 8.85 8.70 8.75 
2016/11/17 8.75 9.04 8.70 8.91 
2016/11/18 8.96 9.16 8.90 9.14 
2016/11/21 9.14 9.25 9.03 9.14 
2016/11/22 9.16 9.16 8.95 8.96 
2016/11/23 9.05 9.05 8.88 8.95 
2016/11/24 9.02 9.02 8.95 9.00 
2016/11/25 8.99 9.07 8.96 8.99 
2016/11/28 8.99 9.13 8.99 9.04 
2016/11/29 9.04 9.05 8.99 9.04 
2016/11/30 9.04 9.38 9.04 9.38 
2016/12/01 9.39 9.97 9.39 9.67 
2016/12/02 9.62 9.72 9.50 9.51 
2016/12/05 9.60 9.62 9.46 9.50 
2016/12/06 9.52 9.65 9.52 9.64 
2016/12/07 9.70 9.70 9.53 9.54 
2016/12/08 9.60 9.63 9.55 9.55 
2016/12/09 9.55 9.63 9.50 9.51 
2016/12/12 9.58 9.94 9.55 9.75 
2016/12/13 9.79 10.00 9.75 9.84 
2016/12/14 9.90 9.90 9.71 9.75 
2016/12/15 9.75 9.82 9.71 9.79 
2016/12/16 9.79 9.89 9.77 9.86 
2016/12/19 9.86 9.86 9.56 9.56 
2016/12/20 9.56 9.57 9.40 9.50 
2016/12/21 9.46 9.64 9.46 9.51 
2016/12/22 9.51 9.52 9.40 9.40 
2016/12/23 9.40 9.41 9.25 9.27 
2016/12/26 9.27 9.37 9.26 9.34 
2016/12/27 9.34 9.34 9.27 9.27 
2016/12/28 9.30 9.39 9.30 9.33 
2016/12/29 9.32 9.38 9.29 9.38 
2016/12/30 9.40 9.49 9.36 9.41 
2017/01/03 9.36 9.45 9.36 9.38 
2017/01/04 9.39 9.65 9.39 9.52 
2017/01/05 9.58 9.64 9.52 9.58 
2017/01/06 9.68 9.74 9.51 9.58 
2017/01/09 9.58 9.58 9.45 9.50 
2017/01/10 9.45 9.49 9.40 9.45 
2017/01/11 9.60 9.69 9.54 9.58 
2017/01/12 9.58 9.60 9.52 9.58 
2017/01/13 9.60 9.65 9.54 9.59 
2017/01/16 9.62 9.62 9.51 9.53 
2017/01/17 9.62 9.85 9.57 9.80 
2017/01/18 9.80 9.87 9.72 9.80 
2017/01/19 9.80 9.80 9.66 9.70 
2017/01/20 9.67 9.74 9.61 9.67 
2017/01/23 9.70 9.76 9.69 9.70 
2017/01/24 9.79 9.80 9.68 9.68 
2017/02/02 9.68 9.85 9.68 9.85 
2017/02/03 9.85 10.10 9.85 9.90 
2017/02/06 10.00 10.30 9.92 10.05 
2017/02/07 10.15 10.30 10.00 10.10 
2017/02/08 10.15 10.25 10.00 10.00 
