2016/07/01 8.28 8.28 7.93 8.00 
2016/07/04 8.13 8.13 7.84 8.00 
2016/07/05 7.90 7.97 7.80 7.80 
2016/07/06 7.80 7.80 7.63 7.79 
2016/07/07 7.61 7.94 7.61 7.72 
2016/07/11 7.51 7.80 7.51 7.60 
2016/07/12 7.66 7.75 7.60 7.75 
2016/07/13 7.75 8.00 7.71 7.74 
2016/07/14 7.73 7.78 7.70 7.71 
2016/07/15 7.76 7.98 7.71 7.91 
2016/07/18 8.00 8.00 7.80 7.89 
2016/07/19 7.89 7.90 7.77 7.88 
2016/07/20 7.71 7.90 7.71 7.77 
2016/07/21 7.77 7.85 7.64 7.84 
2016/07/22 7.84 7.86 7.67 7.81 
2016/07/25 7.80 7.82 7.63 7.70 
2016/07/26 7.63 7.65 7.63 7.65 
2016/07/27 7.64 7.64 7.60 7.61 
2016/07/28 7.53 7.61 7.41 7.55 
2016/07/29 7.50 7.55 7.45 7.54 
2016/08/01 7.50 7.59 7.44 7.46 
2016/08/02 7.41 7.60 7.38 7.40 
2016/08/03 7.32 7.40 7.32 7.35 
2016/08/04 7.28 7.35 7.20 7.26 
2016/08/05 7.26 7.50 7.20 7.44 
2016/08/08 7.58 7.59 7.34 7.46 
2016/08/09 7.35 7.40 7.33 7.40 
2016/08/10 7.24 7.44 7.24 7.26 
2016/08/11 7.24 7.31 7.20 7.22 
2016/08/12 7.22 7.22 7.07 7.15 
2016/08/15 7.10 7.10 6.95 7.00 
2016/08/16 7.05 7.05 6.94 6.99 
2016/08/17 7.00 7.00 7.00 7.00 
2016/08/18 7.00 7.08 6.96 7.00 
2016/08/19 7.00 7.07 6.91 6.91 
2016/08/22 7.05 7.05 6.59 6.59 
2016/08/23 6.80 6.80 6.70 6.79 
2016/08/24 6.79 6.84 6.79 6.82 
2016/08/25 6.82 6.89 6.82 6.87 
2016/08/26 6.80 6.93 6.80 6.81 
2016/08/29 6.81 6.89 6.81 6.87 
2016/08/30 6.87 6.87 6.80 6.87 
2016/08/31 6.87 6.87 6.81 6.82 
2016/09/01 6.90 6.90 6.61 6.77 
2016/09/02 6.70 6.70 6.65 6.66 
2016/09/05 6.67 6.80 6.67 6.80 
2016/09/06 6.70 6.80 6.67 6.70 
2016/09/07 6.64 6.70 6.64 6.70 
2016/09/08 6.60 6.77 6.60 6.77 
2016/09/09 6.79 6.83 6.70 6.70 
2016/09/10 6.61 6.70 6.61 6.63 
2016/09/12 6.70 6.76 6.63 6.76 
2016/09/13 6.90 6.90 6.61 6.74 
2016/09/14 6.70 6.86 6.62 6.62 
2016/09/19 6.62 6.70 6.62 6.66 
2016/09/20 6.65 6.66 6.60 6.66 
2016/09/21 6.66 6.66 6.62 6.66 
2016/09/22 6.68 6.68 6.56 6.57 
2016/09/23 6.58 6.58 6.49 6.49 
2016/09/26 6.47 6.62 6.47 6.47 
2016/09/29 6.57 6.57 6.48 6.50 
2016/09/30 6.70 7.15 6.52 7.15 
2016/10/03 7.86 7.86 7.86 7.86 
2016/10/04 7.86 7.86 7.55 7.65 
2016/10/05 7.85 7.85 7.65 7.79 
2016/10/06 7.79 7.79 7.63 7.70 
2016/10/07 7.77 7.77 7.70 7.75 
2016/10/11 7.70 7.70 7.21 7.40 
2016/10/12 7.25 7.29 7.10 7.25 
2016/10/13 7.24 7.48 7.24 7.41 
2016/10/14 7.43 7.43 7.32 7.32 
2016/10/17 7.31 7.49 7.21 7.48 
2016/10/18 7.28 7.49 7.28 7.49 
2016/10/19 7.35 7.48 7.35 7.35 
2016/10/20 7.45 7.97 7.45 7.78 
2016/10/21 7.50 7.55 7.35 7.35 
2016/10/24 7.36 7.38 7.25 7.32 
2016/10/25 7.33 7.34 7.22 7.31 
2016/10/26 7.30 7.30 7.15 7.26 
2016/10/27 7.25 7.30 7.17 7.28 
2016/10/28 7.44 7.46 7.26 7.35 
2016/10/31 7.16 7.35 7.16 7.30 
2016/11/01 7.11 7.27 7.11 7.22 
2016/11/02 7.16 7.20 7.01 7.04 
2016/11/03 7.04 7.04 6.87 6.87 
2016/11/04 6.78 7.42 6.76 7.28 
2016/11/07 7.28 7.46 7.28 7.31 
2016/11/08 7.50 7.50 7.30 7.32 
2016/11/09 7.26 7.32 6.68 6.70 
2016/11/24 11.70 11.70 11.40 11.70 
2016/11/25 11.60 11.80 10.55 10.60 
2016/11/28 10.65 10.65 9.55 9.73 
2016/11/29 9.73 10.00 9.70 10.00 
2016/11/30 9.85 11.00 9.85 11.00 
2016/12/01 12.10 12.10 12.00 12.10 
2016/12/02 12.25 12.45 11.45 12.15 
2016/12/05 12.95 13.35 12.55 13.35 
2016/12/06 13.50 14.65 13.50 14.65 
2016/12/07 16.10 16.10 14.70 15.00 
2016/12/08 14.60 14.60 13.70 14.20 
2016/12/09 14.20 15.50 13.55 15.50 
2016/12/12 15.70 17.05 15.70 17.05 
2016/12/13 17.60 18.75 17.50 18.50 
2016/12/14 18.80 18.95 17.30 17.90 
2016/12/15 17.50 18.05 17.40 18.00 
2016/12/16 18.25 18.45 17.95 18.00 
2016/12/19 18.00 18.10 17.50 17.50 
2016/12/20 17.40 17.45 16.70 16.80 
2016/12/21 16.75 17.50 16.75 17.10 
2016/12/22 17.60 18.80 17.15 18.80 
2016/12/23 19.00 20.00 18.60 18.70 
2016/12/26 18.70 18.70 18.00 18.20 
2016/12/27 18.45 18.65 18.10 18.25 
2016/12/28 18.00 18.95 18.00 18.85 
2016/12/29 18.90 19.00 18.60 19.00 
2016/12/30 19.80 19.80 19.20 19.40 
2017/01/03 19.30 19.30 18.60 18.80 
2017/01/04 18.75 19.00 18.35 18.70 
2017/01/05 18.70 18.80 18.50 18.60 
2017/01/06 19.00 19.20 18.50 18.65 
2017/01/09 18.65 18.65 18.00 18.00 
2017/01/10 18.00 18.40 17.60 17.80 
2017/01/11 17.65 18.25 17.65 17.80 
2017/01/12 17.90 17.90 16.80 17.50 
2017/01/13 17.45 17.45 16.80 16.85 
2017/01/16 18.30 18.30 17.10 17.50 
2017/01/17 17.90 17.90 17.15 17.15 
2017/01/18 17.15 17.95 17.00 17.40 
2017/01/19 17.50 17.50 16.80 16.80 
2017/01/20 16.30 17.15 16.30 16.50 
2017/01/23 16.90 17.10 16.55 17.05 
2017/01/24 17.20 17.20 16.50 17.00 
2017/02/02 16.90 17.10 16.45 16.45 
2017/02/03 16.50 16.55 15.80 16.15 
2017/02/06 16.65 16.65 16.00 16.25 
2017/02/07 16.45 17.00 16.25 16.80 
2017/02/08 16.60 18.00 16.60 17.90 
