2016/07/01 10.15 10.20 10.00 10.15 
2016/07/04 10.25 10.25 10.00 10.15 
2016/07/05 10.30 10.30 10.15 10.20 
2016/07/06 10.20 10.20 10.05 10.20 
2016/07/07 10.10 10.20 10.05 10.10 
2016/07/11 10.25 10.30 10.10 10.30 
2016/07/12 10.40 10.70 10.40 10.50 
2016/07/13 10.50 10.50 10.35 10.40 
2016/07/14 10.40 10.45 10.30 10.40 
2016/07/15 10.40 10.60 10.40 10.50 
2016/07/18 10.50 10.65 10.50 10.60 
2016/07/19 10.65 10.80 10.55 10.75 
2016/07/20 10.70 10.80 10.55 10.55 
2016/07/21 10.60 11.20 10.60 10.90 
2016/07/22 10.90 11.00 10.75 10.75 
2016/07/25 10.80 10.95 10.80 10.85 
2016/07/26 11.00 11.00 10.85 11.00 
2016/07/27 10.85 10.95 10.70 10.85 
2016/07/28 10.70 10.90 10.70 10.90 
2016/07/29 10.70 10.90 10.65 10.85 
2016/08/01 10.90 11.00 10.80 10.90 
2016/08/02 10.95 11.00 10.75 10.90 
2016/08/03 10.75 11.15 10.75 11.15 
2016/08/04 11.25 11.25 11.00 11.15 
2016/08/05 11.20 11.20 10.95 11.05 
2016/08/08 11.00 11.20 11.00 11.10 
2016/08/09 11.15 11.25 11.05 11.10 
2016/08/10 11.10 11.10 10.95 11.10 
2016/08/11 11.10 11.20 10.90 11.10 
2016/08/12 10.90 11.10 10.70 11.10 
2016/08/15 11.10 11.10 10.95 11.00 
2016/08/16 11.15 11.15 10.90 11.10 
2016/08/17 11.00 11.10 10.90 11.00 
2016/08/18 11.00 11.00 10.95 10.95 
2016/08/19 10.95 10.95 10.80 10.95 
2016/08/22 11.10 11.10 10.95 11.05 
2016/08/23 11.00 11.15 11.00 11.15 
2016/08/24 10.65 11.10 10.65 10.90 
2016/08/25 10.90 11.10 10.85 11.10 
2016/08/26 11.10 11.20 11.05 11.20 
2016/08/29 11.20 12.30 11.20 12.30 
2016/08/30 13.40 13.50 13.00 13.50 
2016/08/31 13.15 13.40 12.90 13.25 
2016/09/01 13.45 13.45 12.95 13.15 
2016/09/02 13.25 13.25 12.45 12.70 
2016/09/05 13.00 13.10 12.40 13.10 
2016/09/06 13.20 13.20 12.85 12.90 
2016/09/07 12.90 13.05 12.75 13.00 
2016/09/08 13.15 13.50 12.90 13.20 
2016/09/09 13.05 13.20 12.95 13.05 
2016/09/10 12.80 12.95 12.65 12.75 
2016/09/12 12.90 12.95 12.70 12.75 
2016/09/13 13.00 13.35 12.60 12.90 
2016/09/14 12.90 12.90 12.60 12.65 
2016/09/19 12.65 12.75 12.60 12.70 
2016/09/20 12.70 13.20 12.70 13.20 
2016/09/21 13.25 13.30 12.95 13.25 
2016/09/22 13.30 14.40 13.15 13.15 
2016/09/23 13.30 13.35 13.00 13.15 
2016/09/26 13.00 13.15 13.00 13.05 
2016/09/29 13.25 13.25 12.90 12.90 
2016/09/30 12.90 13.05 12.60 12.75 
2016/10/03 12.65 12.75 12.40 12.70 
2016/10/04 12.70 12.70 12.45 12.55 
2016/10/05 12.45 12.50 12.35 12.40 
2016/10/06 12.70 12.70 12.40 12.60 
2016/10/07 12.50 12.60 12.30 12.50 
2016/10/11 12.30 12.30 11.35 11.80 
2016/10/12 11.55 12.00 11.50 11.85 
2016/10/13 11.95 12.00 11.70 11.80 
2016/10/14 11.55 11.55 11.10 11.10 
2016/10/17 10.90 11.25 10.70 10.95 
2016/10/18 10.80 11.15 10.80 10.95 
2016/10/19 11.05 11.05 10.85 10.85 
2016/10/20 11.15 11.15 10.90 11.15 
2016/10/21 11.05 11.45 11.05 11.25 
2016/10/24 11.10 11.20 11.10 11.20 
2016/10/25 11.20 11.30 11.10 11.30 
2016/10/26 11.20 11.30 11.15 11.30 
2016/10/27 11.25 11.25 11.15 11.20 
2016/10/28 11.10 11.65 11.10 11.45 
2016/10/31 11.50 11.50 11.25 11.30 
2016/11/01 11.25 11.25 11.20 11.20 
2016/11/02 11.10 11.20 10.90 11.00 
2016/11/03 11.00 11.00 10.70 10.70 
2016/11/04 10.70 10.70 10.55 10.65 
2016/11/07 10.65 10.75 10.50 10.60 
2016/11/08 10.50 10.60 10.25 10.55 
2016/11/09 10.45 10.55 10.00 10.30 
2016/11/10 10.30 10.50 10.30 10.50 
2016/11/11 10.45 10.45 10.00 10.10 
2016/11/14 10.05 10.10 10.00 10.05 
2016/11/15 10.10 10.20 10.10 10.15 
2016/11/16 10.15 10.15 10.00 10.10 
2016/11/17 10.00 10.10 9.97 10.10 
2016/11/18 10.05 10.10 10.05 10.10 
2016/11/21 10.20 10.50 10.10 10.40 
2016/11/22 10.60 10.70 10.25 10.25 
2016/11/23 10.30 10.30 10.20 10.20 
2016/11/24 10.25 11.20 10.05 10.65 
2016/11/25 10.70 11.70 10.55 11.55 
2016/11/28 11.55 12.70 11.30 12.60 
2016/11/29 12.80 13.25 11.35 11.35 
2016/11/30 11.20 11.55 11.10 11.35 
2016/12/01 11.45 11.50 11.25 11.35 
2016/12/02 11.30 11.60 11.30 11.40 
2016/12/05 11.45 11.45 11.30 11.35 
2016/12/06 11.35 11.45 11.20 11.35 
2016/12/07 11.40 11.40 11.20 11.30 
2016/12/08 11.40 11.40 11.15 11.30 
2016/12/09 11.40 11.50 11.30 11.40 
2016/12/12 11.50 11.90 11.35 11.75 
2016/12/13 11.85 11.85 11.55 11.70 
2016/12/14 11.60 11.65 11.40 11.60 
2016/12/15 11.50 11.70 11.25 11.70 
2016/12/16 11.75 12.30 11.75 11.95 
2016/12/19 11.85 12.10 11.70 11.80 
2016/12/20 11.75 11.75 11.60 11.70 
2016/12/21 11.80 11.90 11.70 11.80 
2016/12/22 11.75 11.80 11.55 11.75 
2016/12/23 11.75 11.80 11.50 11.60 
2016/12/26 11.80 11.80 11.50 11.60 
2016/12/27 11.50 11.55 11.35 11.55 
2016/12/28 11.50 11.55 11.40 11.50 
2016/12/29 11.45 11.45 11.15 11.35 
2016/12/30 11.30 11.35 11.25 11.30 
2017/01/03 11.30 11.45 11.30 11.40 
2017/01/04 11.35 11.40 11.30 11.40 
2017/01/05 11.45 11.45 11.30 11.40 
2017/01/06 11.40 12.20 11.40 11.85 
2017/01/09 11.95 12.05 11.60 11.60 
2017/01/10 11.60 11.75 11.45 11.55 
2017/01/11 11.75 12.00 11.75 12.00 
2017/01/12 12.10 12.15 11.90 12.00 
2017/01/13 12.25 12.30 12.00 12.05 
2017/01/16 12.30 12.30 12.05 12.10 
2017/01/17 12.10 12.30 12.10 12.25 
2017/01/18 12.20 12.20 11.95 12.05 
2017/01/19 12.05 12.10 12.00 12.05 
2017/01/20 12.05 12.10 12.00 12.05 
2017/01/23 12.05 12.10 12.00 12.10 
2017/01/24 12.10 12.55 12.05 12.20 
2017/02/02 12.20 12.55 12.20 12.45 
2017/02/03 12.75 13.65 12.50 13.65 
2017/02/06 14.00 14.30 13.50 13.65 
2017/02/07 13.50 15.00 13.50 15.00 
2017/02/08 15.45 16.50 14.80 15.20 
