2016/07/01 16.55 16.75 16.55 16.75 
2016/07/04 16.75 16.75 16.60 16.75 
2016/07/05 16.65 16.70 16.35 16.65 
2016/07/06 16.40 16.85 16.40 16.75 
2016/07/07 16.55 16.80 16.55 16.75 
2016/07/11 16.70 16.70 16.50 16.70 
2016/07/12 16.50 16.70 16.50 16.70 
2016/07/13 16.70 16.70 16.60 16.60 
2016/07/14 16.60 16.65 16.60 16.65 
2016/07/15 16.75 16.75 16.60 16.65 
2016/07/18 16.70 16.70 16.55 16.65 
2016/07/19 16.65 16.70 16.60 16.70 
2016/07/20 16.75 17.20 16.65 16.90 
2016/07/21 15.95 16.70 15.95 16.15 
2016/07/22 16.00 16.15 15.90 16.05 
2016/07/25 16.30 16.30 16.00 16.00 
2016/07/26 16.00 16.05 16.00 16.00 
2016/07/27 16.05 16.05 15.95 15.95 
2016/07/28 15.95 16.25 15.80 16.25 
2016/07/29 16.00 16.00 15.90 15.90 
2016/08/01 15.90 15.90 15.75 15.90 
2016/08/02 15.90 15.90 15.70 15.80 
2016/08/03 15.80 15.80 15.70 15.70 
2016/08/04 16.00 16.00 15.80 15.90 
2016/08/05 16.00 16.00 15.90 15.95 
2016/08/08 16.05 16.05 15.80 15.85 
2016/08/09 16.00 16.00 15.80 15.80 
2016/08/10 15.90 15.90 15.70 15.80 
2016/08/11 15.80 15.85 15.70 15.70 
2016/08/12 15.50 15.70 15.50 15.70 
2016/08/15 15.70 15.70 15.30 15.55 
2016/08/16 15.45 15.45 15.30 15.30 
2016/08/17 15.25 15.25 15.00 15.00 
2016/08/18 15.00 15.05 14.85 15.00 
2016/08/19 15.00 15.20 15.00 15.20 
2016/08/22 15.20 15.20 14.50 15.00 
2016/08/23 15.10 15.10 14.80 14.80 
2016/08/24 14.80 15.00 14.80 15.00 
2016/08/25 14.80 15.10 14.80 15.10 
2016/08/26 14.90 15.20 14.90 15.20 
2016/08/29 15.45 15.45 15.15 15.30 
2016/08/30 15.30 15.40 15.30 15.40 
2016/08/31 15.35 15.35 15.35 15.35 
2016/09/01 15.20 15.20 15.20 15.20 
2016/09/02 15.00 15.25 15.00 15.25 
2016/09/05 15.10 15.25 15.05 15.25 
2016/09/06 15.10 15.10 14.90 15.10 
2016/09/07 15.15 15.20 15.10 15.20 
2016/09/08 15.25 15.25 15.00 15.20 
2016/09/09 15.15 15.15 15.15 15.15 
2016/09/10 15.35 15.60 15.35 15.50 
2016/09/12 15.40 15.40 15.40 15.40 
2016/09/13 15.50 15.50 15.00 15.00 
2016/09/14 15.15 15.30 14.90 14.90 
2016/09/19 15.30 15.30 15.05 15.20 
2016/09/20 15.10 15.30 15.10 15.30 
2016/09/21 15.20 15.45 15.20 15.45 
2016/09/22 15.40 15.40 15.40 15.40 
2016/09/23 15.60 15.65 15.50 15.55 
2016/09/26 15.35 15.40 15.35 15.40 
2016/09/29 15.40 15.45 15.40 15.45 
2016/09/30 15.25 15.40 15.25 15.40 
2016/10/03 15.40 15.40 15.30 15.40 
2016/10/04 15.30 15.35 15.25 15.35 
2016/10/05 15.70 15.70 15.10 15.30 
2016/10/06 15.25 15.35 15.25 15.35 
2016/10/07 15.35 15.40 15.25 15.40 
2016/10/11 15.20 15.25 15.15 15.25 
2016/10/12 15.25 15.25 15.10 15.25 
2016/10/13 15.10 15.20 15.05 15.10 
2016/10/14 15.25 15.25 15.10 15.15 
2016/10/17 15.30 15.30 15.30 15.30 
2016/10/18 15.10 15.15 15.00 15.00 
2016/10/19 15.00 15.15 15.00 15.15 
2016/10/20 15.05 15.20 15.05 15.20 
2016/10/21 15.15 15.15 15.05 15.05 
2016/10/24 15.15 15.15 15.15 15.15 
2016/10/25 15.15 15.15 15.05 15.15 
2016/10/26 15.20 15.20 15.10 15.15 
2016/10/27 15.15 15.20 15.10 15.20 
2016/10/28 15.20 15.20 15.20 15.20 
2016/10/31 15.10 15.20 15.10 15.20 
2016/11/01 15.20 15.20 15.05 15.05 
2016/11/02 15.05 15.05 14.90 14.90 
2016/11/03 14.70 15.05 14.70 15.05 
2016/11/04 14.90 15.00 14.90 15.00 
2016/11/07 14.85 14.90 14.75 14.90 
2016/11/08 14.95 15.00 14.90 15.00 
2016/11/09 15.00 15.20 14.70 15.20 
2016/11/10 15.00 15.20 15.00 15.20 
2016/11/11 15.30 15.30 15.10 15.30 
2016/11/14 15.25 15.25 15.00 15.15 
2016/11/15 15.25 15.25 14.95 15.20 
2016/11/16 15.20 15.20 14.95 14.95 
2016/11/17 14.95 15.05 14.85 14.95 
2016/11/18 14.70 15.05 14.70 15.00 
2016/11/21 14.95 15.00 14.80 14.90 
2016/11/22 14.70 14.90 14.70 14.90 
2016/11/23 14.90 14.90 14.70 14.80 
2016/11/24 14.85 14.85 14.50 14.75 
2016/11/25 14.70 14.75 14.70 14.70 
2016/11/28 14.60 14.80 14.60 14.80 
2016/11/29 14.85 14.90 14.65 14.65 
2016/11/30 14.85 14.90 14.65 14.70 
2016/12/01 14.70 14.75 14.50 14.70 
2016/12/02 14.65 14.70 14.55 14.70 
2016/12/05 14.65 14.65 14.60 14.65 
2016/12/06 14.65 14.65 14.50 14.65 
2016/12/07 14.55 14.60 14.45 14.50 
2016/12/08 14.50 14.60 14.45 14.55 
2016/12/09 14.50 14.60 14.50 14.55 
2016/12/12 15.00 15.20 14.80 15.00 
2016/12/13 15.25 15.50 15.15 15.15 
2016/12/14 15.25 15.25 15.05 15.05 
2016/12/15 15.00 15.00 14.85 14.95 
2016/12/16 14.60 14.80 14.55 14.80 
2016/12/19 14.70 14.90 14.70 14.80 
2016/12/20 14.80 15.00 14.80 14.90 
2016/12/21 14.85 14.95 14.85 14.90 
2016/12/22 14.95 14.95 14.80 14.90 
2016/12/23 14.80 15.00 14.80 14.95 
2016/12/26 14.95 15.05 14.85 15.00 
2016/12/27 15.00 15.05 14.75 14.95 
2016/12/28 14.95 15.00 14.80 14.90 
2016/12/29 14.80 14.85 14.80 14.85 
2016/12/30 14.85 14.90 14.80 14.85 
2017/01/03 14.85 14.95 14.85 14.90 
2017/01/04 15.00 15.00 14.85 15.00 
2017/01/05 15.00 15.05 15.00 15.05 
2017/01/06 15.05 15.05 14.95 15.00 
2017/01/09 15.05 15.05 14.90 15.05 
2017/01/10 15.05 15.15 15.05 15.10 
2017/01/11 15.05 15.10 15.00 15.00 
2017/01/12 15.00 15.05 14.95 14.95 
2017/01/13 14.95 15.00 14.90 15.00 
2017/01/16 15.00 15.00 14.85 14.85 
2017/01/17 14.95 14.95 14.75 14.90 
2017/01/18 14.95 15.00 14.85 14.95 
2017/01/19 14.95 15.00 14.85 15.00 
2017/01/20 14.95 15.00 14.90 14.90 
2017/01/23 14.95 14.95 14.85 14.90 
2017/01/24 14.90 14.95 14.85 14.90 
2017/02/02 14.95 15.00 14.90 14.95 
2017/02/03 15.00 15.00 14.80 14.95 
2017/02/06 14.80 15.00 14.80 15.00 
2017/02/07 15.00 15.00 14.80 14.80 
2017/02/08 14.85 15.20 14.85 15.00 
