2016/07/01 39.95 40.25 39.15 39.15 
2016/07/04 39.50 39.80 38.80 39.80 
2016/07/05 40.00 40.10 39.35 39.40 
2016/07/06 38.95 39.30 38.40 38.55 
2016/07/07 38.80 39.00 37.80 38.00 
2016/07/11 38.35 38.50 37.15 37.40 
2016/07/12 37.45 38.20 37.45 37.45 
2016/07/13 37.50 37.75 37.00 37.50 
2016/07/14 37.50 38.20 37.40 37.55 
2016/07/15 37.60 38.50 37.60 37.85 
2016/07/18 38.30 38.30 37.25 37.25 
2016/07/19 37.30 37.40 36.35 36.40 
2016/07/20 36.15 37.60 36.15 36.75 
2016/07/21 37.05 37.70 37.00 37.30 
2016/07/22 37.25 37.25 36.80 36.95 
2016/07/25 37.55 37.55 36.50 36.55 
2016/07/26 36.80 37.30 36.55 37.15 
2016/07/27 37.35 37.40 36.75 36.75 
2016/07/28 36.75 37.10 36.55 36.60 
2016/07/29 37.00 37.50 36.80 37.25 
2016/08/01 37.80 38.45 37.60 38.20 
2016/08/02 38.10 38.15 37.80 37.90 
2016/08/03 37.75 37.75 37.30 37.45 
2016/08/04 37.75 38.40 37.35 38.20 
2016/08/05 38.55 38.55 37.75 37.75 
2016/08/08 38.35 38.40 37.50 37.50 
2016/08/09 37.50 38.10 35.80 36.15 
2016/08/10 36.50 36.55 36.00 36.10 
2016/08/11 35.70 36.00 34.80 35.20 
2016/08/12 35.25 35.60 34.15 34.50 
2016/08/15 35.00 35.10 34.35 35.05 
2016/08/16 35.05 35.15 34.75 34.80 
2016/08/17 34.80 35.05 34.20 34.45 
2016/08/18 34.25 35.35 34.25 35.20 
2016/08/19 35.20 35.55 34.80 34.80 
2016/08/22 34.80 35.20 34.55 34.55 
2016/08/23 34.60 35.50 34.55 35.25 
2016/08/24 35.80 36.70 35.80 36.00 
2016/08/25 36.20 36.25 35.70 35.95 
2016/08/26 36.40 36.40 35.80 35.80 
2016/08/29 35.80 36.10 35.30 35.50 
2016/08/30 35.80 36.00 35.70 35.70 
2016/08/31 35.80 35.95 35.60 35.60 
2016/09/01 35.50 35.50 34.80 34.90 
2016/09/02 35.20 35.20 33.90 34.35 
2016/09/05 34.60 34.90 34.60 34.85 
2016/09/06 33.50 34.00 33.50 33.85 
2016/09/07 33.85 34.90 33.85 34.55 
2016/09/08 34.60 35.70 34.40 35.15 
2016/09/09 35.15 35.15 34.75 35.00 
2016/09/10 34.50 34.85 34.50 34.75 
2016/09/12 34.80 35.00 34.55 34.60 
2016/09/13 34.80 34.90 33.70 34.90 
2016/09/14 35.20 36.35 34.25 34.25 
2016/09/19 34.25 34.70 34.25 34.35 
2016/09/20 34.25 34.55 33.50 33.85 
2016/09/21 34.00 34.35 33.85 33.90 
2016/09/22 34.25 34.25 33.60 33.70 
2016/09/23 33.70 33.95 33.70 33.80 
2016/09/26 33.85 34.00 33.20 33.25 
2016/09/29 33.25 33.50 32.60 32.80 
2016/09/30 32.70 32.80 32.60 32.60 
2016/10/03 32.95 33.25 32.75 32.80 
2016/10/04 33.70 34.00 33.30 33.55 
2016/10/05 33.55 33.55 33.20 33.25 
2016/10/06 33.25 33.55 33.20 33.20 
2016/10/07 33.35 33.35 32.90 33.00 
2016/10/11 33.05 33.30 31.15 31.70 
2016/10/12 31.50 31.55 31.00 31.05 
2016/10/13 31.00 31.05 29.70 29.95 
2016/10/14 29.90 30.40 29.30 29.35 
2016/10/17 29.35 29.35 28.65 28.95 
2016/10/18 28.95 29.30 28.70 29.05 
2016/10/19 29.10 29.45 29.00 29.15 
2016/10/20 29.20 29.75 29.20 29.30 
2016/10/21 29.90 30.20 29.50 29.70 
2016/10/24 30.00 30.00 29.55 29.65 
2016/10/25 29.65 29.70 29.40 29.45 
2016/10/26 29.85 29.85 29.35 29.45 
2016/10/27 30.00 32.35 30.00 32.35 
2016/10/28 32.20 32.60 31.05 31.05 
2016/10/31 30.55 31.50 30.55 31.25 
2016/11/01 31.05 31.40 30.95 31.20 
2016/11/02 31.50 32.50 30.55 30.55 
2016/11/03 30.80 30.80 29.20 29.55 
2016/11/04 29.60 29.85 29.50 29.70 
2016/11/07 29.70 30.20 29.60 29.95 
2016/11/08 30.30 30.30 29.55 29.70 
2016/11/09 29.60 30.00 28.00 28.00 
2016/11/10 29.30 29.40 28.80 28.85 
2016/11/11 28.90 28.95 28.10 28.55 
2016/11/14 30.90 30.90 28.95 28.95 
2016/11/15 28.60 28.85 28.40 28.50 
2016/11/16 28.80 28.95 28.70 28.85 
2016/11/17 28.60 29.15 28.60 28.85 
2016/11/18 29.45 30.00 29.15 29.60 
2016/11/21 29.60 31.20 29.45 30.40 
2016/11/22 30.90 31.00 30.20 30.20 
2016/11/23 30.80 30.95 30.30 30.30 
2016/11/24 30.30 30.60 30.15 30.15 
2016/11/25 30.50 30.50 30.15 30.20 
2016/11/28 30.60 30.60 30.00 30.00 
2016/11/29 30.30 30.30 30.05 30.10 
2016/11/30 30.30 30.45 29.90 29.90 
2016/12/01 30.00 30.40 29.80 30.00 
2016/12/02 29.90 29.90 29.60 29.65 
2016/12/05 29.85 30.00 29.55 29.60 
2016/12/06 30.00 30.00 29.65 29.90 
2016/12/07 29.90 30.10 29.80 30.05 
2016/12/08 30.15 30.60 30.15 30.25 
2016/12/09 30.65 30.65 30.25 30.50 
2016/12/12 30.85 33.55 30.85 31.95 
2016/12/13 32.00 32.95 31.70 32.00 
2016/12/14 32.30 32.35 31.80 32.00 
2016/12/15 31.85 33.20 31.80 32.45 
2016/12/16 32.80 32.80 32.20 32.20 
2016/12/19 32.20 32.75 31.90 31.90 
2016/12/20 32.00 32.10 31.70 31.80 
2016/12/21 32.40 32.60 31.70 32.00 
2016/12/22 31.90 32.00 31.40 31.40 
2016/12/23 31.40 31.90 31.35 31.40 
2016/12/26 31.80 31.80 31.00 31.00 
2016/12/27 31.10 31.15 30.75 30.80 
2016/12/28 30.75 31.15 30.70 30.85 
2016/12/29 30.80 30.85 30.55 30.65 
2016/12/30 31.10 31.20 30.80 30.80 
2017/01/03 31.00 31.40 31.00 31.25 
2017/01/04 31.70 33.25 31.60 32.40 
2017/01/05 32.15 32.55 32.15 32.35 
2017/01/06 32.30 32.60 31.85 32.20 
2017/01/09 32.20 32.25 31.65 31.70 
2017/01/10 34.40 34.50 32.90 33.15 
2017/01/11 33.10 33.10 32.70 32.70 
2017/01/12 33.00 33.75 32.75 33.15 
2017/01/13 33.55 33.60 33.00 33.05 
2017/01/16 33.05 33.10 32.20 32.20 
2017/01/17 32.20 32.50 32.10 32.10 
2017/01/18 31.95 32.25 31.85 31.90 
2017/01/19 32.40 32.40 32.00 32.00 
2017/01/20 32.30 32.80 32.20 32.20 
2017/01/23 32.30 32.75 32.25 32.30 
2017/01/24 32.60 33.20 32.50 32.70 
2017/02/02 32.90 33.60 32.80 32.95 
2017/02/03 33.00 33.30 32.75 32.90 
2017/02/06 33.20 33.25 32.80 33.00 
2017/02/07 33.15 33.15 32.70 32.85 
2017/02/08 32.95 33.15 32.80 33.10 
