2016/07/01 52.60 53.00 50.20 50.40 
2016/07/04 50.00 50.40 49.05 49.15 
2016/07/05 49.05 50.20 49.05 49.30 
2016/07/06 49.90 49.90 48.60 48.70 
2016/07/07 48.80 49.20 48.55 48.55 
2016/07/11 48.90 49.00 47.70 47.75 
2016/07/12 47.75 48.90 47.75 47.80 
2016/07/13 48.45 48.45 47.80 47.85 
2016/07/14 47.85 48.15 47.85 47.85 
2016/07/15 47.85 48.60 47.20 48.40 
2016/07/18 48.60 49.30 48.60 48.90 
2016/07/19 49.25 49.25 48.50 48.70 
2016/07/20 49.15 49.15 48.20 48.20 
2016/07/21 49.00 49.00 48.00 48.00 
2016/07/22 48.20 48.20 47.20 47.30 
2016/07/25 47.50 47.50 44.95 45.20 
2016/07/26 45.95 46.30 45.00 45.60 
2016/07/27 46.40 46.40 44.60 44.65 
2016/07/28 44.65 46.00 44.65 45.30 
2016/07/29 45.75 45.75 44.65 44.65 
2016/08/01 45.00 45.10 44.30 44.30 
2016/08/02 44.40 44.50 44.00 44.10 
2016/08/03 44.20 44.80 44.10 44.70 
2016/08/04 44.70 45.10 44.45 44.90 
2016/08/05 44.90 44.90 44.00 44.10 
2016/08/08 44.70 44.80 41.00 42.20 
2016/08/09 45.50 45.50 43.00 43.90 
2016/08/10 44.85 44.85 43.00 43.45 
2016/08/11 43.45 43.55 43.00 43.10 
2016/08/12 43.80 43.80 42.65 42.90 
2016/08/15 42.70 43.00 42.20 42.40 
2016/08/16 42.90 42.90 42.20 42.25 
2016/08/17 43.00 43.00 42.05 42.15 
2016/08/18 42.55 42.65 42.00 42.10 
2016/08/19 42.90 43.00 42.20 42.40 
2016/08/22 42.00 42.00 41.50 41.50 
2016/08/23 41.70 41.90 41.50 41.60 
2016/08/24 41.80 41.90 41.20 41.25 
2016/08/25 42.35 42.35 41.20 41.30 
2016/08/26 41.15 41.30 41.15 41.20 
2016/08/29 41.20 41.40 40.30 40.65 
2016/08/30 40.65 42.40 40.00 41.70 
2016/08/31 41.50 42.10 41.10 41.65 
2016/09/01 41.65 42.20 41.50 41.50 
2016/09/02 41.60 41.90 40.75 40.75 
2016/09/05 41.50 41.50 40.80 40.90 
2016/09/06 41.40 41.45 41.10 41.25 
2016/09/07 41.80 42.00 41.60 41.80 
2016/09/08 42.80 42.80 42.00 42.00 
2016/09/09 42.40 42.50 41.85 41.90 
2016/09/10 42.30 42.30 41.65 41.70 
2016/09/12 42.35 42.35 41.70 42.00 
2016/09/13 42.00 42.10 41.60 41.70 
2016/09/14 41.70 42.15 41.70 41.75 
2016/09/19 41.85 42.15 41.75 41.75 
2016/09/20 42.10 42.10 41.80 41.80 
2016/09/21 41.50 42.10 41.50 41.90 
2016/09/22 41.90 42.10 41.70 41.90 
2016/09/23 42.20 43.80 42.00 43.00 
2016/09/26 42.90 43.00 42.50 42.90 
2016/09/29 43.40 43.40 42.70 42.90 
2016/09/30 42.80 42.80 41.80 41.80 
2016/10/03 41.80 42.70 41.80 41.95 
2016/10/04 41.90 42.40 41.40 42.20 
2016/10/05 42.70 42.70 40.30 41.35 
2016/10/06 41.35 41.50 41.10 41.10 
2016/10/07 41.10 41.45 41.00 41.05 
2016/10/11 40.95 41.40 39.50 39.75 
2016/10/12 39.70 40.10 39.20 40.00 
2016/10/13 39.20 39.95 38.60 39.00 
2016/10/14 39.50 39.50 38.10 38.65 
2016/10/17 38.70 39.30 38.65 38.65 
2016/10/18 39.05 39.25 38.70 38.70 
2016/10/19 40.20 40.20 38.80 39.00 
2016/10/20 39.10 39.85 38.95 39.10 
2016/10/21 39.00 39.40 38.80 38.85 
2016/10/24 38.90 39.45 38.90 39.00 
2016/10/25 39.00 39.30 39.00 39.15 
2016/10/26 39.00 39.00 38.70 38.70 
2016/10/27 38.70 39.10 38.60 38.70 
2016/10/28 38.50 38.75 38.10 38.60 
2016/10/31 38.00 38.65 37.10 37.10 
2016/11/01 37.10 37.55 35.50 36.00 
2016/11/02 35.90 36.00 34.30 34.95 
2016/11/03 35.50 35.50 34.55 34.90 
2016/11/04 34.90 34.95 34.50 34.50 
2016/11/07 34.80 34.80 34.00 34.00 
2016/11/08 34.45 34.45 33.30 33.90 
2016/11/09 33.50 33.50 32.25 32.30 
2016/11/10 32.70 34.20 32.60 34.10 
2016/11/11 34.10 34.10 33.60 33.65 
2016/11/14 33.65 33.65 32.40 32.40 
2016/11/15 32.75 32.80 32.40 32.40 
2016/11/16 32.55 33.45 32.55 33.10 
2016/11/17 33.00 33.05 32.70 32.80 
2016/11/18 33.50 34.10 33.20 33.80 
2016/11/21 33.80 35.50 33.80 35.00 
2016/11/22 35.40 35.40 34.60 34.60 
2016/11/23 34.60 34.95 34.50 34.60 
2016/11/24 34.80 34.80 34.50 34.80 
2016/11/25 33.40 34.80 33.40 34.60 
2016/11/28 34.10 34.45 33.50 33.80 
2016/11/29 33.50 33.75 33.45 33.55 
2016/11/30 33.50 33.60 33.40 33.40 
2016/12/01 33.40 34.00 33.40 33.80 
2016/12/02 33.80 33.80 33.40 33.75 
2016/12/05 33.40 33.50 32.70 32.80 
2016/12/06 33.00 33.15 32.50 32.75 
2016/12/07 33.10 33.10 32.50 32.50 
2016/12/08 33.00 33.00 32.50 32.70 
2016/12/09 32.50 33.45 32.40 33.30 
2016/12/12 33.30 33.30 32.40 32.50 
2016/12/13 32.50 32.75 32.30 32.40 
2016/12/14 32.45 32.45 31.30 32.30 
2016/12/15 33.00 33.00 31.60 32.00 
2016/12/16 32.00 32.00 31.90 31.90 
2016/12/19 31.90 31.90 31.30 31.35 
2016/12/20 31.35 31.35 30.20 30.50 
2016/12/21 30.30 30.70 29.90 29.90 
2016/12/22 30.15 32.85 30.15 32.85 
2016/12/23 32.05 33.20 32.05 32.30 
2016/12/26 32.50 32.50 31.85 31.85 
2016/12/27 31.85 34.90 31.40 33.65 
2016/12/28 33.80 33.80 32.55 32.75 
2016/12/29 32.75 34.40 32.75 34.00 
2016/12/30 33.70 34.55 33.70 34.00 
2017/01/03 34.20 34.70 34.10 34.20 
2017/01/04 34.60 34.80 34.20 34.55 
2017/01/05 34.55 38.00 34.55 37.90 
2017/01/06 37.75 39.60 37.75 38.50 
2017/01/09 39.00 39.40 37.50 37.85 
2017/01/10 38.00 38.00 36.80 36.90 
2017/01/11 37.50 38.00 36.70 36.70 
2017/01/12 36.50 37.00 36.50 36.50 
2017/01/13 36.50 36.50 35.10 35.80 
2017/01/16 36.20 36.70 35.55 36.00 
2017/01/17 35.80 36.00 35.50 35.50 
2017/01/18 36.00 36.50 35.60 35.65 
2017/01/19 35.60 35.80 35.50 35.50 
2017/01/20 36.05 38.00 36.05 37.50 
2017/01/23 37.90 38.50 37.50 37.65 
2017/01/24 38.00 38.00 37.00 37.10 
2017/02/02 38.80 38.80 37.40 38.00 
2017/02/03 38.20 38.20 37.50 37.55 
2017/02/06 38.00 39.00 37.10 38.20 
2017/02/07 38.20 38.50 37.50 38.30 
2017/02/08 38.00 38.70 38.00 38.30 
