2016/07/01 32.50 32.95 32.10 32.95 
2016/07/04 32.20 34.30 31.75 33.50 
2016/07/05 34.20 34.40 33.50 33.70 
2016/07/06 33.75 35.70 33.75 34.65 
2016/07/07 34.65 35.10 34.35 34.70 
2016/07/11 35.05 35.15 33.55 33.70 
2016/07/12 34.05 34.55 33.50 34.55 
2016/07/13 34.90 35.45 33.60 33.60 
2016/07/14 33.65 34.20 33.60 33.85 
2016/07/15 34.10 35.15 33.85 34.75 
2016/07/18 35.10 36.25 35.00 35.90 
2016/07/19 36.25 36.25 34.85 35.50 
2016/07/20 35.45 35.50 34.65 34.75 
2016/07/21 34.80 35.25 33.95 34.20 
2016/07/22 34.00 34.55 33.75 34.55 
2016/07/25 34.30 34.80 33.90 33.90 
2016/07/26 34.35 35.10 33.80 35.00 
2016/07/27 35.30 35.45 34.25 34.30 
2016/07/28 34.60 35.30 34.50 34.60 
2016/07/29 34.80 34.85 34.25 34.35 
2016/08/01 34.35 34.40 33.90 34.10 
2016/08/02 34.40 35.00 34.35 34.80 
2016/08/03 34.60 34.70 34.40 34.55 
2016/08/04 35.00 35.00 34.55 34.85 
2016/08/05 34.95 34.95 34.05 34.20 
2016/08/08 34.25 35.20 34.20 34.95 
2016/08/09 35.05 35.10 33.45 33.85 
2016/08/10 34.00 34.20 33.40 33.50 
2016/08/11 33.70 33.70 32.70 33.00 
2016/08/12 33.25 33.30 32.50 32.80 
2016/08/15 32.70 32.80 32.20 32.50 
2016/08/16 32.50 33.55 32.50 33.50 
2016/08/17 33.70 33.95 33.25 33.30 
2016/08/18 34.80 34.80 34.10 34.40 
2016/08/19 34.55 34.75 34.05 34.60 
2016/08/22 34.60 34.75 34.05 34.05 
2016/08/23 34.30 34.45 34.10 34.25 
2016/08/24 34.60 34.75 34.40 34.40 
2016/08/25 34.50 34.65 34.15 34.30 
2016/08/26 34.30 34.60 34.30 34.30 
2016/08/29 34.25 34.55 34.20 34.40 
2016/08/30 34.40 34.40 34.20 34.30 
2016/08/31 34.20 34.40 34.15 34.15 
2016/09/01 34.15 34.90 34.15 34.50 
2016/09/02 34.50 34.80 34.05 34.55 
2016/09/05 34.85 36.30 34.70 35.90 
2016/09/06 35.70 35.90 34.85 35.10 
2016/09/07 35.35 35.40 34.70 35.10 
2016/09/08 35.10 35.10 34.85 34.85 
2016/09/09 34.80 34.85 34.25 34.45 
2016/09/10 33.70 34.00 33.70 33.90 
2016/09/12 34.10 34.20 33.75 33.75 
2016/09/13 34.00 34.20 31.80 32.95 
2016/09/14 32.95 33.10 32.60 32.65 
2016/09/19 32.80 33.00 32.70 32.85 
2016/09/20 32.95 33.10 32.80 33.00 
2016/09/21 33.00 33.20 32.50 32.95 
2016/09/22 33.00 33.00 32.70 32.90 
2016/09/23 33.15 33.30 32.75 33.00 
2016/09/26 33.30 33.30 32.70 32.85 
2016/09/29 33.20 33.20 32.80 32.80 
2016/09/30 32.75 32.85 32.65 32.85 
2016/10/03 32.85 32.85 32.50 32.50 
2016/10/04 32.90 32.95 32.50 32.85 
2016/10/05 32.85 33.10 32.85 32.95 
2016/10/06 32.90 33.50 32.90 33.05 
2016/10/07 33.15 34.00 32.90 33.55 
2016/10/11 33.55 33.95 32.00 33.40 
2016/10/12 32.70 33.90 32.70 33.05 
2016/10/13 33.50 33.50 33.05 33.05 
2016/10/14 33.05 33.10 32.50 32.70 
2016/10/17 32.70 33.45 32.70 33.20 
2016/10/18 33.50 33.50 33.15 33.40 
2016/10/19 33.40 33.80 33.40 33.80 
2016/10/20 34.00 34.80 34.00 34.45 
2016/10/21 34.70 34.75 34.25 34.40 
2016/10/24 34.80 35.45 34.65 35.30 
2016/10/25 35.30 35.70 34.80 35.25 
2016/10/26 35.50 35.50 35.00 35.25 
2016/10/27 35.20 35.40 34.90 34.95 
2016/10/28 35.15 35.70 35.05 35.55 
2016/10/31 36.00 36.90 35.65 35.80 
2016/11/01 35.70 36.40 35.40 35.40 
2016/11/02 35.40 36.00 35.05 35.50 
2016/11/03 35.50 35.70 34.45 34.65 
2016/11/04 35.50 36.05 34.00 34.00 
2016/11/07 34.80 34.85 33.85 34.40 
2016/11/08 34.70 34.70 33.65 34.70 
2016/11/09 35.00 35.10 33.80 34.00 
2016/11/10 35.10 36.50 34.70 36.40 
2016/11/11 36.85 37.25 36.00 36.65 
2016/11/14 36.85 37.10 35.50 36.60 
2016/11/15 36.85 37.00 36.20 36.20 
2016/11/16 36.35 36.60 35.95 35.95 
2016/11/17 35.80 36.40 35.75 36.25 
2016/11/18 36.25 39.50 36.00 37.60 
2016/11/21 38.00 39.10 37.20 39.00 
2016/11/22 39.50 39.50 38.50 38.85 
2016/11/23 38.95 39.05 38.10 38.35 
2016/11/24 38.60 39.55 38.35 38.35 
2016/11/25 38.45 38.50 36.30 36.30 
2016/11/28 36.40 36.75 36.25 36.70 
2016/11/29 36.70 36.95 36.50 36.60 
2016/11/30 36.90 36.90 36.35 36.45 
2016/12/01 36.75 36.75 35.40 36.10 
2016/12/02 36.10 36.45 35.60 36.30 
2016/12/05 36.05 36.70 36.00 36.20 
2016/12/06 36.20 37.30 36.15 36.40 
2016/12/07 36.50 36.75 36.30 36.35 
2016/12/08 36.45 36.60 36.15 36.40 
2016/12/09 36.50 37.30 36.35 36.60 
2016/12/12 36.90 36.90 36.30 36.40 
2016/12/13 36.55 36.55 36.30 36.35 
2016/12/14 37.00 37.10 36.40 37.00 
2016/12/15 36.75 36.90 36.60 36.60 
2016/12/16 36.60 36.90 36.35 36.35 
2016/12/19 36.55 36.55 35.70 35.70 
2016/12/20 36.00 36.05 35.65 35.95 
2016/12/21 36.00 36.10 35.65 36.00 
2016/12/22 36.00 36.30 35.60 35.95 
2016/12/23 35.90 36.10 35.80 35.80 
2016/12/26 35.80 36.10 35.80 36.00 
2016/12/27 35.95 36.00 35.90 36.00 
2016/12/28 36.20 36.20 35.70 35.70 
2016/12/29 35.70 35.70 35.20 35.50 
2016/12/30 35.20 35.60 35.20 35.60 
2017/01/03 35.80 35.85 35.45 35.85 
2017/01/04 35.85 36.15 35.80 36.10 
2017/01/05 36.30 37.35 36.30 37.10 
2017/01/06 36.05 36.55 36.00 36.45 
2017/01/09 36.70 36.70 36.10 36.15 
2017/01/10 34.00 36.40 34.00 36.25 
2017/01/11 36.40 36.40 35.70 36.30 
2017/01/12 36.55 36.55 35.85 35.85 
2017/01/13 35.60 35.95 35.60 35.65 
2017/01/16 35.80 35.95 35.70 35.70 
2017/01/17 35.80 35.85 35.60 35.65 
2017/01/18 35.80 35.80 35.60 35.60 
2017/01/19 35.60 35.80 35.45 35.50 
2017/01/20 35.50 36.00 35.45 35.85 
2017/01/23 36.00 36.05 35.75 35.90 
2017/01/24 36.00 36.40 35.95 36.25 
2017/02/02 36.75 36.80 36.30 36.50 
2017/02/03 36.50 36.75 36.35 36.75 
2017/02/06 37.10 37.95 37.10 37.90 
2017/02/07 38.20 38.25 37.55 37.65 
2017/02/08 37.95 38.15 37.65 37.65 
