2016/07/01 30.00 30.25 29.85 30.00 
2016/07/04 30.00 30.20 29.65 29.85 
2016/07/05 29.85 31.65 29.85 31.30 
2016/07/06 31.25 31.25 30.50 30.80 
2016/07/07 30.90 31.25 30.60 30.70 
2016/07/11 30.60 31.20 30.40 30.60 
2016/07/12 30.60 31.20 30.50 30.95 
2016/07/13 30.95 31.90 30.95 31.85 
2016/07/14 32.00 35.00 32.00 34.60 
2016/07/15 34.00 35.10 34.00 34.85 
2016/07/19 38.30 38.30 38.30 38.30 
2016/07/20 42.10 42.10 40.20 42.10 
2016/07/21 42.10 42.45 41.10 42.10 
2016/07/22 42.00 42.10 40.80 40.90 
2016/07/25 40.80 42.80 40.50 42.00 
2016/07/26 42.00 42.10 40.70 41.35 
2016/07/27 41.50 41.90 40.25 40.35 
2016/07/28 40.60 41.25 40.40 40.90 
2016/07/29 40.65 41.20 40.40 41.20 
2016/08/01 41.20 41.65 40.70 40.80 
2016/08/02 40.60 40.95 40.00 40.40 
2016/08/03 40.40 41.20 40.40 40.80 
2016/08/04 41.05 41.10 40.30 40.50 
2016/08/05 40.30 40.50 40.00 40.10 
2016/08/08 40.10 40.50 38.50 38.60 
2016/08/09 38.55 38.60 35.65 36.60 
2016/08/10 37.20 38.25 37.20 38.05 
2016/08/11 38.05 38.20 37.25 37.60 
2016/08/12 37.50 38.20 37.40 37.70 
2016/08/15 37.70 37.70 36.60 37.00 
2016/08/16 37.00 37.40 36.70 37.25 
2016/08/17 37.15 37.15 36.50 36.50 
2016/08/18 36.40 37.10 36.35 36.50 
2016/08/19 36.70 37.35 36.50 36.80 
2016/08/22 36.60 36.60 35.40 35.55 
2016/08/23 35.80 36.15 35.60 35.95 
2016/08/24 36.25 36.70 36.00 36.05 
2016/08/25 35.95 36.30 35.60 35.95 
2016/08/26 35.60 36.25 35.60 35.80 
2016/08/29 36.00 36.00 35.50 35.50 
2016/08/30 35.50 36.20 35.40 35.90 
2016/08/31 36.20 36.30 35.55 35.90 
2016/09/01 35.90 37.45 35.90 37.40 
2016/09/02 36.95 37.20 36.75 36.80 
2016/09/05 36.80 37.80 36.80 37.60 
2016/09/06 37.70 38.10 37.10 37.90 
2016/09/07 38.20 40.00 38.00 39.35 
2016/09/08 39.25 39.25 38.90 38.90 
2016/09/09 38.60 39.40 38.60 38.95 
2016/09/10 38.35 38.40 37.85 38.00 
2016/09/12 37.80 38.45 37.75 38.10 
2016/09/13 38.25 38.70 37.45 37.70 
2016/09/14 37.35 37.80 37.35 37.60 
2016/09/19 38.00 38.20 37.75 38.00 
2016/09/20 37.65 38.00 37.55 37.60 
2016/09/21 37.60 38.10 37.60 37.80 
2016/09/22 37.85 38.10 37.20 37.50 
2016/09/23 37.50 39.75 37.50 38.95 
2016/09/26 38.65 39.45 38.40 38.40 
2016/09/29 38.80 38.80 38.20 38.50 
2016/09/30 38.25 38.50 38.00 38.00 
2016/10/03 38.10 38.55 37.80 37.80 
2016/10/04 37.80 37.90 37.60 37.60 
2016/10/05 37.30 37.50 37.00 37.30 
2016/10/06 37.15 37.55 37.15 37.20 
2016/10/07 37.10 37.50 36.60 36.70 
2016/10/11 36.70 37.00 34.95 35.90 
2016/10/12 35.50 36.10 35.50 35.60 
2016/10/13 35.60 35.90 35.00 35.05 
2016/10/14 35.05 35.20 33.00 33.40 
2016/10/17 33.45 34.25 33.45 33.70 
2016/10/18 34.00 34.00 33.60 33.65 
2016/10/19 34.00 34.10 33.65 33.65 
2016/10/20 33.65 33.70 33.10 33.30 
2016/10/21 33.50 33.50 33.10 33.10 
2016/10/24 33.10 33.10 32.65 32.85 
2016/10/25 32.90 34.80 32.90 34.50 
2016/10/26 34.30 34.50 33.85 33.90 
2016/10/27 33.90 34.30 33.70 33.80 
2016/10/28 33.80 34.00 33.75 33.80 
2016/10/31 33.80 33.80 33.30 33.30 
2016/11/01 33.20 33.50 33.05 33.20 
2016/11/02 33.00 33.00 31.70 31.70 
2016/11/03 30.70 31.60 30.65 30.70 
2016/11/04 30.55 31.90 30.50 31.15 
2016/11/07 31.70 31.70 30.70 30.80 
2016/11/08 31.40 31.40 30.55 31.15 
2016/11/09 31.45 31.55 30.60 30.80 
2016/11/10 32.30 33.85 31.75 33.85 
2016/11/11 33.60 34.80 32.85 34.10 
2016/11/14 33.25 33.80 32.95 33.15 
2016/11/15 33.00 33.45 33.00 33.15 
2016/11/16 33.30 33.80 33.05 33.20 
2016/11/17 33.50 33.70 33.20 33.35 
2016/11/18 33.50 35.40 33.50 35.00 
2016/11/21 35.50 36.20 35.30 35.65 
2016/11/22 35.65 35.70 35.20 35.20 
2016/11/23 35.25 35.70 35.25 35.40 
2016/11/24 35.75 36.40 35.60 35.75 
2016/11/25 35.75 35.75 35.00 35.00 
2016/11/28 35.05 35.40 34.50 34.55 
2016/11/29 34.70 34.75 34.50 34.50 
2016/11/30 34.90 34.90 34.35 34.60 
2016/12/01 34.85 36.65 34.85 36.05 
2016/12/02 35.75 35.75 35.20 35.40 
2016/12/05 35.40 35.40 34.60 34.60 
2016/12/06 35.00 35.20 34.50 34.50 
2016/12/07 34.75 34.80 34.20 34.25 
2016/12/08 34.50 34.95 34.20 34.20 
2016/12/09 34.35 35.00 34.35 34.65 
2016/12/12 34.65 35.15 34.40 34.40 
2016/12/13 34.40 34.65 34.25 34.25 
2016/12/14 34.40 34.50 34.15 34.15 
2016/12/15 34.05 34.30 33.60 33.60 
2016/12/16 33.60 34.50 33.60 34.20 
2016/12/19 34.20 34.50 33.70 33.70 
2016/12/20 33.85 34.15 33.60 33.70 
2016/12/21 33.85 34.00 33.75 33.80 
2016/12/22 33.80 34.80 33.80 34.20 
2016/12/23 34.20 34.65 33.80 33.80 
2016/12/26 33.70 33.90 33.35 33.35 
2016/12/27 33.35 33.65 33.25 33.45 
2016/12/28 33.50 33.75 33.45 33.45 
2016/12/29 33.35 34.60 33.25 34.30 
2016/12/30 34.45 34.85 34.25 34.30 
2017/01/03 34.30 34.65 33.70 33.80 
2017/01/04 33.85 34.25 33.80 33.80 
2017/01/05 33.80 34.60 33.80 34.00 
2017/01/06 34.10 34.55 33.90 33.90 
2017/01/09 34.40 34.40 33.60 33.60 
2017/01/10 33.65 34.00 33.20 33.20 
2017/01/11 34.00 34.30 33.60 33.60 
2017/01/12 33.60 33.60 33.20 33.30 
2017/01/13 33.40 33.55 33.15 33.15 
2017/01/16 33.20 33.25 32.50 32.50 
2017/01/17 32.50 32.50 31.40 31.65 
2017/01/18 31.15 33.00 31.15 32.70 
2017/01/19 32.70 32.70 32.10 32.15 
2017/01/20 32.20 32.40 32.00 32.00 
2017/01/23 32.60 32.60 32.05 32.15 
2017/01/24 32.15 32.45 32.00 32.25 
2017/02/02 32.50 32.50 31.65 31.95 
2017/02/03 32.20 32.35 31.80 32.20 
2017/02/06 32.25 32.50 31.85 32.20 
2017/02/07 32.30 32.30 31.75 31.90 
2017/02/08 31.80 33.20 31.80 33.10 
