2016/07/01 72.30 72.30 70.60 71.60 
2016/07/04 72.30 74.50 71.60 74.20 
2016/07/05 74.20 75.70 73.20 73.90 
2016/07/06 74.20 74.40 71.80 72.40 
2016/07/07 72.60 76.90 72.20 76.90 
2016/07/11 76.60 76.60 72.00 72.40 
2016/07/12 72.80 72.80 69.50 69.70 
2016/07/13 72.00 74.00 71.60 73.10 
2016/07/14 74.20 75.40 72.50 73.40 
2016/07/15 74.00 74.00 72.70 73.40 
2016/07/18 74.10 74.40 73.00 73.60 
2016/07/19 75.00 76.60 74.30 74.50 
2016/07/20 74.50 75.40 73.50 74.90 
2016/07/21 75.40 76.80 74.50 74.90 
2016/07/22 75.30 75.30 73.80 73.80 
2016/07/25 74.10 74.30 72.40 72.70 
2016/07/26 72.70 73.20 70.70 71.20 
2016/07/27 72.40 72.70 71.50 71.70 
2016/07/28 71.80 73.00 71.70 72.50 
2016/07/29 72.80 72.90 71.00 71.10 
2016/08/01 71.90 71.90 70.80 71.30 
2016/08/02 71.60 71.70 71.10 71.30 
2016/08/03 70.80 71.70 70.20 71.40 
2016/08/04 71.40 71.60 70.80 71.10 
2016/08/05 71.60 73.80 71.60 73.30 
2016/08/08 73.80 73.90 71.90 72.30 
2016/08/09 72.30 72.30 70.50 70.70 
2016/08/10 69.10 69.60 65.20 66.70 
2016/08/11 64.40 66.00 63.70 63.80 
2016/08/12 65.00 65.00 63.80 63.80 
2016/08/15 63.90 64.00 61.50 61.90 
2016/08/16 62.50 62.50 59.10 60.30 
2016/08/17 60.90 61.00 58.70 58.80 
2016/08/18 58.80 59.70 58.40 59.40 
2016/08/19 59.90 62.40 59.70 61.00 
2016/08/22 61.80 61.80 59.40 60.00 
2016/08/23 61.20 61.20 60.00 60.60 
2016/08/24 61.70 61.70 60.60 60.60 
2016/08/25 60.50 60.50 60.20 60.20 
2016/08/26 60.20 61.10 60.20 60.40 
2016/08/29 60.90 60.90 59.30 59.50 
2016/08/30 59.60 60.40 59.00 59.20 
2016/08/31 59.10 59.50 58.70 59.00 
2016/09/01 59.40 59.40 58.60 59.10 
2016/09/02 59.00 59.10 57.00 57.20 
2016/09/05 58.20 58.20 57.10 57.90 
2016/09/06 58.00 58.90 58.00 58.50 
2016/09/07 58.90 59.20 58.10 58.40 
2016/09/08 59.00 59.70 58.90 59.10 
2016/09/09 59.30 60.00 59.30 59.70 
2016/09/10 59.10 59.90 59.00 59.00 
2016/09/12 59.10 59.80 58.40 58.40 
2016/09/13 59.30 59.30 57.60 57.70 
2016/09/14 57.70 58.00 55.00 56.50 
2016/09/19 56.70 56.90 56.30 56.40 
2016/09/20 56.70 57.00 56.70 56.70 
2016/09/21 57.00 57.00 55.80 56.20 
2016/09/22 56.50 56.90 56.00 56.10 
2016/09/23 56.20 56.80 55.70 56.50 
2016/09/26 56.30 56.90 56.00 56.00 
2016/09/29 56.10 56.60 56.10 56.50 
2016/09/30 56.30 56.60 55.60 56.00 
2016/10/03 56.50 56.60 56.00 56.00 
2016/10/04 56.80 56.80 56.20 56.40 
2016/10/05 56.50 56.90 56.00 56.80 
2016/10/06 57.10 60.90 56.90 60.80 
2016/10/07 60.80 60.80 59.50 59.80 
2016/10/11 59.80 59.80 56.60 56.60 
2016/10/12 56.90 57.50 56.60 56.60 
2016/10/13 57.40 57.40 56.30 56.60 
2016/10/14 56.60 56.60 51.60 52.30 
2016/10/17 52.30 53.90 52.30 53.30 
2016/10/18 53.30 53.30 52.70 52.80 
2016/10/19 53.00 53.30 52.70 52.90 
2016/10/20 53.10 53.80 52.90 52.90 
2016/10/21 53.50 53.50 52.30 52.90 
2016/10/24 52.70 52.80 52.00 52.30 
2016/10/25 52.30 52.30 51.50 51.50 
2016/10/26 51.80 51.80 51.20 51.50 
2016/10/27 51.30 52.00 51.30 52.00 
2016/10/28 52.30 52.30 51.20 51.80 
2016/10/31 52.00 52.00 50.00 50.60 
2016/11/01 50.30 50.30 49.00 49.10 
2016/11/02 49.35 49.35 46.75 46.75 
2016/11/03 46.60 47.10 45.50 45.60 
2016/11/04 46.20 47.10 45.80 46.25 
2016/11/07 46.60 47.00 46.30 46.40 
2016/11/08 47.00 47.00 46.00 46.45 
2016/11/09 46.00 46.55 44.10 44.30 
2016/11/10 45.60 48.60 45.60 48.40 
2016/11/11 48.00 48.00 46.70 46.70 
2016/11/14 47.30 47.30 45.25 46.50 
2016/11/15 47.75 47.80 46.90 47.00 
2016/11/16 47.80 47.90 47.10 47.10 
2016/11/17 47.10 47.10 45.05 46.95 
2016/11/18 47.40 48.60 47.40 48.00 
2016/11/21 48.00 48.00 47.45 47.45 
2016/11/22 48.00 48.10 47.60 47.90 
2016/11/23 47.80 49.00 47.80 48.00 
2016/11/24 48.50 48.50 47.85 47.85 
2016/11/25 47.85 47.85 47.50 47.50 
2016/11/28 47.70 47.70 46.15 47.40 
2016/11/29 47.50 49.35 47.50 48.35 
2016/11/30 48.20 48.50 47.50 47.60 
2016/12/01 47.70 48.50 47.70 48.40 
2016/12/02 48.55 49.15 48.35 48.40 
2016/12/05 48.40 48.40 47.20 47.30 
2016/12/06 47.50 47.70 47.30 47.30 
2016/12/07 47.40 47.55 47.30 47.30 
2016/12/08 47.55 47.55 47.30 47.55 
2016/12/09 47.55 48.10 47.55 48.00 
2016/12/12 48.35 48.55 47.65 47.65 
2016/12/13 47.80 48.30 47.65 47.70 
2016/12/14 47.70 48.05 47.65 47.70 
2016/12/15 47.50 47.60 47.05 47.60 
2016/12/16 47.60 47.60 47.25 47.25 
2016/12/19 47.50 48.75 47.00 47.00 
2016/12/20 47.00 47.00 46.70 46.80 
2016/12/21 46.40 46.75 46.30 46.35 
2016/12/22 46.35 46.90 46.00 46.50 
2016/12/23 46.50 47.20 46.50 46.90 
2016/12/26 46.40 46.75 46.30 46.70 
2016/12/27 46.70 46.70 46.40 46.60 
2016/12/28 46.65 46.70 46.20 46.40 
2016/12/29 46.80 46.85 46.20 46.85 
2016/12/30 47.85 50.90 47.85 49.75 
2017/01/03 49.65 50.20 49.15 49.25 
2017/01/04 50.20 50.20 49.10 49.15 
2017/01/05 49.20 50.20 49.20 49.80 
2017/01/06 50.00 51.00 49.90 50.50 
2017/01/09 51.40 51.40 49.55 49.95 
2017/01/10 50.00 50.00 49.25 49.80 
2017/01/11 49.50 49.50 48.00 48.00 
2017/01/12 47.50 48.15 47.45 47.80 
2017/01/13 47.55 47.95 47.50 47.75 
2017/01/16 48.00 48.70 47.75 47.80 
2017/01/17 48.00 48.25 47.80 47.90 
2017/01/18 48.40 48.40 47.85 47.90 
2017/01/19 47.85 47.90 47.55 47.85 
2017/01/20 48.25 48.25 47.25 47.50 
2017/01/23 47.50 47.50 47.15 47.50 
2017/01/24 47.00 47.90 47.00 47.40 
2017/02/02 46.50 47.25 46.50 46.50 
2017/02/03 46.50 47.55 46.50 47.05 
2017/02/06 47.20 48.75 47.20 48.55 
2017/02/07 48.40 48.85 48.30 48.80 
2017/02/08 48.70 48.90 48.50 48.65 
