2016/07/01 38.70 38.95 38.55 38.95 
2016/07/04 38.60 38.60 38.40 38.40 
2016/07/05 38.40 39.10 38.40 38.70 
2016/07/06 38.85 39.00 38.50 39.00 
2016/07/07 39.00 39.00 38.60 38.80 
2016/07/11 39.00 39.00 38.60 38.60 
2016/07/12 38.70 38.80 38.70 38.70 
2016/07/13 38.60 38.60 38.25 38.50 
2016/07/14 38.50 38.70 38.40 38.50 
2016/07/15 38.55 38.85 38.55 38.80 
2016/07/18 39.20 40.50 39.20 39.30 
2016/07/19 39.75 40.00 39.30 39.35 
2016/07/20 39.35 39.50 39.00 39.10 
2016/07/21 39.20 39.30 39.10 39.30 
2016/07/22 39.10 39.10 38.80 38.80 
2016/07/25 38.80 39.50 38.50 39.50 
2016/07/26 39.00 39.35 38.60 39.35 
2016/07/27 40.00 40.00 39.35 39.50 
2016/07/28 39.20 39.20 38.75 39.00 
2016/07/29 39.00 39.00 38.80 38.80 
2016/08/01 38.50 38.70 38.50 38.50 
2016/08/02 38.80 39.00 38.60 38.90 
2016/08/03 38.70 38.90 38.70 38.90 
2016/08/04 38.90 38.90 38.90 38.90 
2016/08/05 39.00 39.20 39.00 39.20 
2016/08/08 39.40 39.50 38.90 38.90 
2016/08/09 38.70 38.80 38.65 38.65 
2016/08/10 38.55 38.80 38.55 38.70 
2016/08/11 38.55 38.60 38.50 38.55 
2016/08/12 38.55 39.00 38.55 38.60 
2016/08/15 38.85 38.85 38.40 38.75 
2016/08/16 38.70 38.70 38.65 38.65 
2016/08/17 38.90 38.90 38.55 38.85 
2016/08/18 38.50 38.50 38.50 38.50 
2016/08/19 38.40 38.60 38.40 38.55 
2016/08/22 38.55 38.80 38.45 38.60 
2016/08/23 38.80 41.40 38.75 39.40 
2016/08/24 40.60 40.60 39.60 39.95 
2016/08/25 39.35 39.80 39.35 39.35 
2016/08/26 39.25 39.25 39.25 39.25 
2016/08/29 39.10 39.10 38.80 38.90 
2016/08/30 38.90 38.90 38.30 38.30 
2016/08/31 38.75 38.75 38.45 38.50 
2016/09/01 38.50 38.50 38.20 38.50 
2016/09/02 38.35 38.85 38.35 38.80 
2016/09/05 38.80 38.80 38.60 38.60 
2016/09/06 38.90 38.90 38.90 38.90 
2016/09/07 38.50 38.75 38.40 38.75 
2016/09/08 38.40 38.40 38.30 38.35 
2016/09/09 38.35 38.50 38.15 38.50 
2016/09/10 38.45 38.45 38.40 38.40 
2016/09/12 38.20 38.40 38.15 38.30 
2016/09/13 38.30 38.70 38.20 38.20 
2016/09/14 38.20 38.50 38.10 38.50 
2016/09/19 38.50 38.70 38.40 38.60 
2016/09/20 38.40 38.90 38.25 38.90 
2016/09/21 38.70 39.10 38.70 39.00 
2016/09/22 38.80 38.80 38.80 38.80 
2016/09/23 38.80 40.40 38.80 39.00 
2016/09/26 39.00 39.30 38.85 39.10 
2016/09/29 38.70 39.00 38.70 39.00 
2016/09/30 38.70 39.15 38.65 38.65 
2016/10/03 38.65 38.90 38.50 38.70 
2016/10/04 38.70 38.80 38.70 38.80 
2016/10/05 39.00 39.20 38.70 38.70 
2016/10/06 38.70 39.40 38.60 39.40 
2016/10/07 39.30 39.30 38.90 39.00 
2016/10/11 38.80 38.80 38.50 38.60 
2016/10/12 38.60 38.80 38.30 38.80 
2016/10/13 38.50 38.50 38.50 38.50 
2016/10/14 38.20 38.20 38.00 38.00 
2016/10/17 37.90 37.90 37.90 37.90 
2016/10/18 38.00 38.20 37.80 38.05 
2016/10/19 38.20 38.40 38.05 38.20 
2016/10/20 38.00 38.00 38.00 38.00 
2016/10/21 38.00 38.70 38.00 38.70 
2016/10/24 38.10 38.10 38.10 38.10 
2016/10/25 38.10 38.10 38.00 38.10 
2016/10/26 38.00 38.00 37.85 38.00 
2016/10/27 37.85 38.00 37.80 37.95 
2016/10/28 38.00 38.00 38.00 38.00 
2016/10/31 38.00 38.00 38.00 38.00 
2016/11/01 37.90 37.90 37.70 37.80 
2016/11/02 37.55 37.55 37.00 37.40 
2016/11/03 37.10 37.10 36.10 36.60 
2016/11/04 37.50 37.50 37.30 37.35 
2016/11/07 37.35 37.35 37.00 37.00 
2016/11/08 37.00 37.00 36.80 36.80 
2016/11/09 36.65 36.65 36.20 36.50 
2016/11/10 37.60 37.60 36.65 37.30 
2016/11/11 37.30 37.30 36.55 36.55 
2016/11/14 36.70 36.80 36.70 36.80 
2016/11/15 36.80 36.80 36.70 36.70 
2016/11/16 36.70 36.80 36.70 36.75 
2016/11/17 36.70 36.70 36.70 36.70 
2016/11/18 37.05 37.05 36.50 36.60 
2016/11/21 36.85 37.05 36.85 36.90 
2016/11/22 36.95 36.95 36.60 36.90 
2016/11/23 36.80 36.85 36.60 36.65 
2016/11/24 36.60 36.60 36.55 36.55 
2016/11/25 36.70 37.00 36.60 37.00 
2016/11/28 37.00 37.00 36.85 36.85 
2016/11/29 37.00 37.00 36.60 37.00 
2016/11/30 37.30 37.30 36.65 36.75 
2016/12/01 36.75 37.10 36.70 37.05 
2016/12/02 36.70 36.70 36.65 36.70 
2016/12/05 36.70 36.70 36.50 36.50 
2016/12/06 36.60 36.60 36.50 36.50 
2016/12/07 36.70 37.70 36.70 37.10 
2016/12/08 37.20 37.20 36.60 36.65 
2016/12/09 36.95 37.00 36.65 36.85 
2016/12/12 36.85 37.10 36.25 36.50 
2016/12/13 36.50 36.80 36.50 36.80 
2016/12/14 37.00 37.00 37.00 37.00 
2016/12/15 37.00 37.00 36.55 36.65 
2016/12/16 36.65 36.90 36.60 36.90 
2016/12/19 36.70 36.80 36.50 36.55 
2016/12/20 36.55 36.95 36.50 36.95 
2016/12/21 36.70 36.80 36.60 36.80 
2016/12/22 36.90 37.10 36.90 37.00 
2016/12/23 36.65 36.65 36.65 36.65 
2016/12/27 36.65 36.80 36.65 36.80 
2016/12/28 37.00 37.00 36.60 36.60 
2016/12/29 36.60 36.60 36.25 36.55 
2016/12/30 36.20 36.45 36.15 36.25 
2017/01/03 36.50 36.50 36.40 36.40 
2017/01/04 36.40 36.40 36.25 36.40 
2017/01/05 36.45 36.80 36.45 36.80 
2017/01/06 36.45 36.60 36.45 36.60 
2017/01/09 36.50 36.50 36.45 36.45 
2017/01/10 36.80 36.80 36.50 36.60 
2017/01/11 36.40 36.65 36.40 36.65 
2017/01/12 36.65 36.65 36.50 36.50 
2017/01/13 36.40 36.50 36.40 36.50 
2017/01/16 36.40 36.75 36.35 36.75 
2017/01/17 36.75 36.75 36.45 36.75 
2017/01/18 36.50 36.80 36.50 36.80 
2017/01/19 36.70 38.70 36.70 37.65 
2017/01/20 37.10 37.10 36.75 36.85 
2017/01/23 36.90 36.95 36.90 36.95 
2017/01/24 36.70 36.85 36.70 36.80 
2017/02/02 36.50 36.60 36.50 36.60 
2017/02/03 36.65 37.30 36.65 37.30 
2017/02/06 36.80 37.25 36.80 36.90 
2017/02/07 37.00 37.20 37.00 37.10 
2017/02/08 36.95 37.00 36.90 37.00 
