2016/07/01 109.50 111.00 107.50 107.50 
2016/07/04 107.00 108.00 106.50 107.50 
2016/07/05 108.50 118.00 108.00 115.00 
2016/07/06 115.50 117.00 112.00 114.00 
2016/07/07 114.00 114.50 112.50 114.50 
2016/07/11 113.50 115.50 113.00 113.50 
2016/07/12 113.50 115.00 112.00 113.00 
2016/07/13 113.50 121.50 113.50 116.50 
2016/07/14 117.00 118.50 116.00 117.00 
2016/07/15 117.50 118.50 117.00 117.00 
2016/07/18 117.50 117.50 114.00 116.00 
2016/07/19 116.00 116.00 113.50 113.50 
2016/07/20 114.50 116.00 114.00 114.00 
2016/07/21 116.00 119.50 116.00 119.50 
2016/07/22 113.50 115.00 112.50 113.00 
2016/07/25 114.00 114.00 110.50 111.50 
2016/07/26 110.50 111.50 108.50 110.00 
2016/07/27 110.00 111.00 108.50 110.00 
2016/07/28 110.00 110.00 107.00 110.00 
2016/07/29 110.00 110.00 108.00 109.00 
2016/08/01 109.00 109.00 107.50 108.00 
2016/08/02 108.00 109.00 107.00 109.00 
2016/08/03 107.50 108.50 107.50 108.50 
2016/08/04 108.50 112.00 108.00 110.00 
2016/08/05 110.00 111.50 109.00 111.00 
2016/08/08 111.00 112.00 109.50 110.00 
2016/08/09 110.00 110.00 106.00 106.00 
2016/08/10 105.00 107.50 105.00 107.00 
2016/08/11 108.00 108.50 107.00 108.00 
2016/08/12 108.00 108.00 106.50 108.00 
2016/08/15 108.00 109.00 107.00 109.00 
2016/08/16 108.00 109.00 105.50 108.00 
2016/08/17 106.50 107.00 105.50 107.00 
2016/08/18 106.00 107.00 106.00 107.00 
2016/08/19 107.00 108.00 107.00 107.00 
2016/08/22 107.50 107.50 104.50 105.50 
2016/08/23 104.00 107.00 104.00 107.00 
2016/08/24 107.00 108.50 106.00 108.50 
2016/08/25 108.50 108.50 106.50 108.00 
2016/08/26 107.50 108.50 107.00 108.00 
2016/08/29 107.50 108.00 106.50 107.50 
2016/08/30 108.00 108.00 105.00 105.50 
2016/08/31 105.00 105.50 104.50 105.50 
2016/09/01 105.50 106.50 105.00 105.50 
2016/09/02 106.00 106.00 103.50 105.00 
2016/09/05 104.00 105.00 104.00 105.00 
2016/09/06 105.00 109.50 104.50 107.50 
2016/09/07 107.50 108.50 106.50 108.50 
2016/09/08 108.50 108.50 106.00 107.00 
2016/09/09 106.50 107.00 105.50 105.50 
2016/09/10 105.00 106.50 105.00 106.50 
2016/09/12 106.50 107.50 105.50 106.00 
2016/09/13 106.00 108.00 106.00 107.00 
2016/09/14 107.00 107.50 106.00 106.50 
2016/09/19 107.50 107.50 106.50 107.00 
2016/09/20 106.00 107.00 104.50 107.00 
2016/09/21 107.00 113.50 106.50 112.50 
2016/09/22 113.00 117.50 113.00 116.50 
2016/09/23 116.50 117.00 115.00 116.50 
2016/09/26 115.00 116.50 114.00 114.00 
2016/09/29 114.50 117.00 110.50 113.00 
2016/09/30 113.00 114.00 111.50 114.00 
2016/10/03 114.50 121.50 114.50 121.50 
2016/10/04 121.00 128.00 120.50 121.50 
2016/10/05 121.50 123.50 120.00 122.00 
2016/10/06 123.00 123.50 121.00 123.50 
2016/10/07 124.00 128.00 121.50 121.50 
2016/10/11 121.50 121.50 111.00 115.00 
2016/10/12 115.50 116.50 113.50 115.50 
2016/10/13 116.00 116.00 114.00 115.50 
2016/10/14 115.00 115.00 110.00 111.50 
2016/10/17 111.50 112.50 109.00 111.50 
2016/10/18 111.50 112.50 110.50 111.50 
2016/10/19 111.50 114.50 111.50 114.00 
2016/10/20 114.50 116.00 114.00 114.50 
2016/10/21 114.00 115.50 113.50 114.50 
2016/10/24 114.50 115.50 114.00 115.50 
2016/10/25 115.50 116.50 114.00 115.50 
2016/10/26 115.50 117.00 114.50 115.50 
2016/10/27 116.00 116.00 114.00 114.00 
2016/10/28 114.50 114.50 111.50 113.00 
2016/10/31 113.00 114.00 113.00 113.50 
2016/11/01 113.50 114.50 113.50 114.00 
2016/11/02 114.00 114.50 111.50 113.00 
2016/11/03 112.50 113.50 109.00 112.00 
2016/11/04 112.50 112.50 110.00 111.50 
2016/11/07 111.50 112.00 110.00 111.00 
2016/11/08 110.00 110.00 109.00 110.00 
2016/11/09 110.00 111.50 107.00 107.00 
2016/11/10 108.00 110.00 108.00 110.00 
2016/11/11 109.00 109.00 107.00 108.50 
2016/11/14 108.00 109.00 107.00 109.00 
2016/11/15 108.50 109.50 108.00 109.50 
2016/11/16 110.50 111.50 109.50 109.50 
2016/11/17 110.00 110.50 109.50 110.00 
2016/11/18 111.00 111.00 108.50 110.00 
2016/11/21 110.50 114.00 109.50 114.00 
2016/11/22 115.00 121.00 115.00 116.50 
2016/11/23 117.50 118.00 116.00 116.50 
2016/11/24 117.00 117.00 115.00 116.50 
2016/11/25 117.00 120.00 117.00 118.00 
2016/11/28 119.00 120.00 118.00 118.00 
2016/11/29 117.50 117.50 116.00 117.50 
2016/11/30 117.00 118.00 115.50 118.00 
2016/12/01 118.00 118.00 117.00 117.50 
2016/12/02 117.00 118.00 117.00 117.50 
2016/12/05 118.00 119.50 118.00 119.00 
2016/12/06 119.50 122.00 118.00 119.00 
2016/12/07 119.00 119.00 118.00 119.00 
2016/12/08 120.00 120.50 118.50 119.50 
2016/12/09 120.50 120.50 119.00 119.50 
2016/12/12 120.00 120.00 118.00 118.50 
2016/12/13 118.00 118.50 117.00 117.50 
2016/12/14 117.50 118.00 117.00 117.50 
2016/12/15 117.50 117.50 116.00 117.00 
2016/12/16 117.50 118.00 117.00 117.50 
2016/12/19 118.00 118.00 116.50 118.00 
2016/12/20 118.00 118.00 116.50 117.50 
2016/12/21 117.00 117.50 117.00 117.50 
2016/12/22 117.50 118.00 117.00 117.00 
2016/12/23 117.00 119.00 117.00 119.00 
2016/12/26 119.50 119.50 118.00 119.00 
2016/12/27 118.50 119.00 118.50 119.00 
2016/12/28 119.00 119.50 118.00 119.00 
2016/12/29 119.00 119.00 117.00 118.00 
2016/12/30 118.00 118.50 118.00 118.00 
2017/01/03 118.00 119.00 117.00 119.00 
2017/01/04 119.00 120.00 118.50 119.50 
2017/01/05 120.00 126.00 120.00 123.50 
2017/01/06 124.50 124.50 122.50 122.50 
2017/01/09 122.50 124.50 121.50 124.50 
2017/01/10 124.00 136.00 124.00 130.00 
2017/01/11 129.00 132.00 127.50 131.50 
2017/01/12 131.50 137.00 130.50 134.50 
2017/01/13 136.00 139.50 132.50 136.00 
2017/01/16 133.00 134.00 131.00 132.50 
2017/01/17 132.50 134.50 130.50 134.00 
2017/01/18 134.00 136.00 132.50 134.00 
2017/01/19 134.00 134.50 130.00 130.50 
2017/01/20 129.50 131.00 128.50 128.50 
2017/01/23 129.00 131.00 128.50 130.50 
2017/01/24 130.00 132.00 127.00 132.00 
2017/02/02 132.00 133.50 129.50 130.00 
2017/02/03 130.00 131.50 129.00 131.00 
2017/02/06 131.00 138.50 131.00 138.50 
2017/02/07 140.00 146.50 140.00 143.00 
2017/02/08 143.00 143.50 140.50 142.00 
