2016/07/01 160.00 160.00 156.00 156.00 
2016/07/04 156.00 158.50 156.00 156.50 
2016/07/05 157.00 158.00 155.00 157.00 
2016/07/06 157.50 158.00 149.50 153.00 
2016/07/07 153.00 155.00 151.00 152.50 
2016/07/11 154.50 156.00 153.00 155.00 
2016/07/12 155.00 159.50 153.50 158.00 
2016/07/13 159.00 159.50 156.50 157.00 
2016/07/14 157.00 164.50 156.50 163.00 
2016/07/15 164.00 164.50 161.50 162.00 
2016/07/18 160.00 161.50 156.50 157.00 
2016/07/19 157.50 158.00 156.50 157.00 
2016/07/20 157.00 157.00 155.00 155.00 
2016/07/21 157.00 159.00 155.00 156.00 
2016/07/22 158.00 159.00 154.00 156.00 
2016/07/25 147.50 149.00 143.00 143.50 
2016/07/26 143.50 145.00 141.00 142.00 
2016/07/27 142.50 147.00 142.50 145.50 
2016/07/28 146.00 146.00 141.50 142.00 
2016/07/29 143.00 143.00 134.00 137.00 
2016/08/01 139.50 139.50 133.00 134.50 
2016/08/02 134.00 134.00 127.50 130.50 
2016/08/03 134.00 141.00 132.00 136.50 
2016/08/04 138.00 149.00 138.00 144.00 
2016/08/05 146.00 147.50 139.00 142.00 
2016/08/08 143.50 143.50 134.50 135.00 
2016/08/09 136.50 139.00 136.00 137.50 
2016/08/10 136.50 144.50 132.50 142.50 
2016/08/11 147.00 152.00 144.00 146.00 
2016/08/12 149.50 151.50 142.50 143.00 
2016/08/15 144.50 144.50 141.50 142.00 
2016/08/16 143.50 143.50 138.50 141.00 
2016/08/17 141.00 142.00 139.50 141.00 
2016/08/18 142.00 146.00 142.00 145.00 
2016/08/19 147.50 149.50 145.50 146.00 
2016/08/22 146.00 146.00 141.50 144.50 
2016/08/23 144.00 147.50 144.00 146.50 
2016/08/24 146.50 161.00 145.00 161.00 
2016/08/25 165.00 168.00 158.00 160.00 
2016/08/26 160.50 169.00 160.50 164.00 
2016/08/29 164.00 165.00 160.00 165.00 
2016/08/30 165.00 176.50 163.00 171.50 
2016/08/31 171.00 172.50 167.00 167.50 
2016/09/01 167.50 167.50 162.00 164.00 
2016/09/02 164.00 166.50 161.50 162.00 
2016/09/05 162.00 167.00 162.00 165.00 
2016/09/06 167.00 168.00 163.00 167.50 
2016/09/07 165.50 167.50 164.50 165.00 
2016/09/08 167.00 167.00 162.00 162.50 
2016/09/09 162.50 166.00 162.50 163.50 
2016/09/10 163.50 168.50 160.00 168.50 
2016/09/12 168.00 173.50 164.00 168.00 
2016/09/13 170.00 183.50 169.00 177.00 
2016/09/14 178.00 180.50 174.00 179.00 
2016/09/19 181.00 181.50 178.00 180.50 
2016/09/20 181.00 185.50 180.50 181.00 
2016/09/21 182.00 183.50 180.00 180.50 
2016/09/22 183.50 186.50 181.00 182.00 
2016/09/23 184.00 186.00 182.00 185.00 
2016/09/26 185.00 186.00 182.50 183.50 
2016/09/29 185.00 185.00 178.00 183.50 
2016/09/30 184.50 192.00 184.50 188.50 
2016/10/03 191.00 207.00 190.50 203.00 
2016/10/04 203.50 208.00 201.00 203.50 
2016/10/05 205.50 205.50 197.50 204.00 
2016/10/06 206.00 219.00 202.50 216.00 
2016/10/07 217.00 217.00 209.00 211.00 
2016/10/11 214.00 214.50 192.00 196.00 
2016/10/12 195.50 198.50 188.00 195.00 
2016/10/13 195.00 195.00 185.50 189.50 
2016/10/14 185.50 188.50 180.00 185.00 
2016/10/17 187.00 191.00 182.50 189.50 
2016/10/18 191.00 191.00 187.00 187.50 
2016/10/19 189.50 201.50 187.50 197.50 
2016/10/20 202.00 206.00 195.00 195.50 
2016/10/21 195.50 200.00 193.50 196.00 
2016/10/24 196.50 201.00 194.00 195.00 
2016/10/25 197.00 203.00 195.50 199.00 
2016/10/26 196.50 198.50 195.50 197.00 
2016/10/27 198.00 202.00 196.00 196.00 
2016/10/28 197.00 203.50 195.00 202.50 
2016/10/31 202.00 203.50 195.00 198.50 
2016/11/01 194.50 200.50 188.00 188.50 
2016/11/02 186.50 186.50 178.50 179.00 
2016/11/03 179.00 183.50 176.00 180.00 
2016/11/04 178.50 187.50 177.50 182.00 
2016/11/07 184.00 189.00 184.00 186.00 
2016/11/08 186.50 188.00 174.50 181.50 
2016/11/09 182.00 182.00 165.00 167.00 
2016/11/10 177.00 183.50 177.00 180.50 
2016/11/11 179.00 183.00 171.00 183.00 
2016/11/14 180.00 182.00 176.00 179.50 
2016/11/15 183.00 183.50 173.00 173.00 
2016/11/16 175.00 177.00 170.50 177.00 
2016/11/17 176.50 178.00 175.50 177.50 
2016/11/18 180.00 180.00 175.50 177.50 
2016/11/21 177.50 187.50 176.50 186.00 
2016/11/22 189.00 201.00 188.00 196.50 
2016/11/23 198.00 205.50 196.50 200.00 
2016/11/24 197.00 203.00 197.00 198.00 
2016/11/25 199.00 202.50 195.50 196.50 
2016/11/28 199.00 202.00 196.00 200.00 
2016/11/29 199.50 199.50 190.00 190.00 
2016/11/30 191.00 192.00 179.50 184.00 
2016/12/01 185.50 188.50 181.50 186.00 
2016/12/02 186.00 186.00 178.00 179.50 
2016/12/05 180.00 185.00 180.00 183.50 
2016/12/06 183.00 186.00 182.00 182.50 
2016/12/07 183.00 184.50 181.50 183.00 
2016/12/08 184.00 186.00 181.00 182.00 
2016/12/09 182.00 183.50 177.50 183.50 
2016/12/12 184.50 189.50 179.00 179.50 
2016/12/13 181.50 181.50 176.00 177.50 
2016/12/14 180.50 180.50 178.00 179.00 
2016/12/15 177.50 178.50 176.50 177.00 
2016/12/16 180.00 180.00 176.00 178.00 
2016/12/19 177.50 179.00 173.00 173.50 
2016/12/20 175.50 175.50 172.00 172.50 
2016/12/21 174.00 174.50 172.00 172.00 
2016/12/22 172.00 172.00 167.00 170.00 
2016/12/23 168.00 169.00 166.50 167.50 
2016/12/26 167.50 167.50 158.00 160.00 
2016/12/27 158.50 168.00 152.50 162.00 
2016/12/28 162.50 163.00 159.00 161.50 
2016/12/29 162.00 171.50 162.00 171.50 
2016/12/30 171.50 179.00 170.00 178.00 
2017/01/03 178.00 182.00 171.50 180.00 
2017/01/04 181.00 181.00 175.00 177.00 
2017/01/05 183.00 183.50 177.50 177.50 
2017/01/06 177.50 177.50 170.00 171.00 
2017/01/09 171.00 171.00 164.50 167.50 
2017/01/10 167.50 171.00 164.50 169.50 
2017/01/11 169.50 171.00 167.50 168.00 
2017/01/12 169.50 171.00 167.00 170.50 
2017/01/13 173.50 175.00 170.00 170.00 
2017/01/16 171.00 171.00 166.50 166.50 
2017/01/17 168.00 169.50 167.50 168.00 
2017/01/18 168.00 168.50 163.50 164.50 
2017/01/19 165.00 165.00 162.50 163.00 
2017/01/20 165.00 166.00 162.00 163.00 
2017/01/23 163.00 165.00 162.50 164.00 
2017/01/24 163.00 164.50 160.00 161.50 
2017/02/02 162.00 171.00 162.00 169.00 
2017/02/03 169.50 174.00 167.50 169.00 
2017/02/06 169.00 169.00 163.00 164.50 
2017/02/07 165.50 166.00 161.50 164.00 
2017/02/08 166.00 166.50 157.00 157.00 
