2016/07/01 79.00 79.00 78.10 78.20 
2016/07/04 78.20 79.50 78.20 78.50 
2016/07/05 78.10 78.30 77.50 77.50 
2016/07/06 77.50 77.50 73.30 74.80 
2016/07/07 76.00 81.70 76.00 77.00 
2016/07/11 77.20 78.00 76.50 76.90 
2016/07/12 76.90 79.30 76.90 78.10 
2016/07/13 78.80 78.80 77.60 77.60 
2016/07/14 78.00 78.00 76.00 76.20 
2016/07/15 76.30 80.00 76.30 80.00 
2016/07/18 83.50 84.50 82.10 84.20 
2016/07/19 83.90 84.00 82.80 83.50 
2016/07/20 83.50 84.00 82.00 82.00 
2016/07/21 82.30 83.00 81.00 81.50 
2016/07/22 81.60 81.60 79.00 79.00 
2016/07/25 79.00 79.30 77.20 78.50 
2016/07/26 78.60 78.80 77.00 78.00 
2016/07/27 78.80 78.80 78.00 78.40 
2016/07/28 78.00 78.80 77.80 78.50 
2016/07/29 78.50 79.60 77.80 79.00 
2016/08/01 79.00 79.50 78.10 78.10 
2016/08/02 78.00 80.00 78.00 78.70 
2016/08/03 78.20 79.00 78.00 78.60 
2016/08/04 79.30 79.60 78.00 78.60 
2016/08/05 78.80 80.20 78.30 79.00 
2016/08/08 79.00 79.00 74.20 75.10 
2016/08/09 76.00 77.80 74.50 77.80 
2016/08/10 78.50 78.50 76.60 77.60 
2016/08/11 77.30 78.30 75.20 77.70 
2016/08/12 76.50 77.70 76.50 77.00 
2016/08/15 72.50 77.00 71.50 77.00 
2016/08/16 75.20 76.40 73.50 76.40 
2016/08/17 76.00 77.20 75.40 76.80 
2016/08/18 76.10 76.30 75.50 75.70 
2016/08/19 76.30 76.30 75.00 76.20 
2016/08/22 76.00 76.00 75.50 76.00 
2016/08/23 74.80 75.80 74.60 75.80 
2016/08/24 74.80 75.00 74.30 74.80 
2016/08/25 75.00 75.10 74.50 74.60 
2016/08/26 74.60 77.00 74.60 76.60 
2016/08/29 76.50 78.30 76.50 77.50 
2016/08/30 77.80 77.80 76.30 77.00 
2016/08/31 77.00 77.40 75.20 75.80 
2016/09/01 75.70 75.70 74.20 75.00 
2016/09/02 74.00 75.90 73.70 75.30 
2016/09/05 75.30 75.50 75.00 75.50 
2016/09/06 75.00 75.50 74.10 75.00 
2016/09/07 75.00 75.00 74.00 74.00 
2016/09/08 74.00 75.60 72.80 75.00 
2016/09/09 75.00 75.50 75.00 75.50 
2016/09/10 75.90 75.90 73.80 75.40 
2016/09/12 73.70 75.00 73.70 75.00 
2016/09/13 75.10 75.10 73.10 75.00 
2016/09/14 73.60 75.00 73.60 75.00 
2016/09/19 75.00 75.00 73.90 75.00 
2016/09/20 75.00 75.00 75.00 75.00 
2016/09/21 75.00 75.00 74.10 74.70 
2016/09/22 74.80 74.90 74.00 74.80 
2016/09/23 75.00 78.00 74.70 77.90 
2016/09/26 78.00 78.00 76.80 77.60 
2016/09/29 77.80 78.00 77.00 77.90 
2016/09/30 77.80 78.90 77.80 78.50 
2016/10/03 78.50 78.60 77.60 77.60 
2016/10/04 77.70 77.80 77.00 77.60 
2016/10/05 77.60 77.60 76.70 76.70 
2016/10/06 76.70 77.00 76.20 77.00 
2016/10/07 77.00 78.90 76.00 78.90 
2016/10/11 78.90 78.90 77.90 77.90 
2016/10/12 77.90 78.10 76.60 78.00 
2016/10/13 78.00 78.00 77.30 77.90 
2016/10/14 77.40 77.70 76.50 76.90 
2016/10/17 77.00 77.10 75.80 76.00 
2016/10/18 76.40 76.40 74.80 75.80 
2016/10/19 75.30 75.50 74.20 74.20 
2016/10/20 75.40 75.40 74.00 75.00 
2016/10/21 75.00 75.00 74.90 75.00 
2016/10/24 74.00 75.30 73.10 75.30 
2016/10/25 74.40 75.20 74.40 75.20 
2016/10/26 74.00 75.00 73.90 75.00 
2016/10/27 74.00 74.00 72.00 73.00 
2016/10/28 72.50 73.00 71.00 71.00 
2016/10/31 71.00 71.00 68.00 68.10 
2016/11/01 67.30 70.00 61.30 70.00 
2016/11/02 66.50 69.50 65.00 69.50 
2016/11/03 68.50 69.50 67.50 69.10 
2016/11/04 69.00 69.00 68.00 68.00 
2016/11/07 67.50 67.90 66.80 67.00 
2016/11/08 66.10 66.10 62.70 62.70 
2016/11/09 62.50 62.50 56.50 56.50 
2016/11/10 55.00 56.50 51.90 55.00 
2016/11/11 53.50 55.00 53.00 54.90 
2016/11/14 55.00 58.50 54.00 57.50 
2016/11/15 57.50 59.50 57.00 58.60 
2016/11/16 58.50 58.50 55.60 57.90 
2016/11/17 57.80 58.00 57.50 57.90 
2016/11/18 57.90 59.00 57.80 58.80 
2016/11/21 58.80 59.00 58.40 58.50 
2016/11/22 58.50 58.80 58.00 58.40 
2016/11/23 56.10 57.40 55.00 56.80 
2016/11/24 56.80 57.00 54.50 56.60 
2016/11/25 54.80 55.80 53.50 55.60 
2016/11/28 55.60 55.60 54.50 55.00 
2016/11/30 55.30 58.30 55.30 56.80 
2016/12/01 56.80 56.90 56.00 56.50 
2016/12/02 56.00 57.90 56.00 57.90 
2016/12/05 57.90 59.00 57.90 58.30 
2016/12/06 58.30 59.00 55.10 58.90 
2016/12/07 56.20 58.40 56.20 58.40 
2016/12/08 58.40 59.90 58.40 59.30 
2016/12/09 59.30 61.00 58.20 60.30 
2016/12/12 60.30 60.70 58.00 59.50 
2016/12/13 59.50 60.60 59.50 60.60 
2016/12/14 59.00 61.10 59.00 61.10 
2016/12/15 61.10 64.50 60.00 62.80 
2016/12/16 62.80 64.80 62.80 63.90 
2016/12/19 63.70 63.70 63.70 63.70 
2016/12/20 63.70 64.30 63.00 63.70 
2016/12/21 63.70 65.00 63.70 64.00 
2016/12/22 63.90 64.50 63.90 64.50 
2016/12/23 64.00 64.30 64.00 64.30 
2016/12/26 62.00 64.10 62.00 64.10 
2016/12/27 62.00 64.20 62.00 64.00 
2016/12/28 64.00 64.20 62.60 64.20 
2017/01/03 67.00 67.00 63.50 66.90 
2017/01/04 64.00 66.60 64.00 66.60 
2017/01/05 66.60 67.00 64.00 65.30 
2017/01/06 65.20 65.60 64.00 64.70 
2017/01/09 63.00 64.40 63.00 64.30 
2017/01/10 62.50 63.90 62.00 63.90 
2017/01/11 63.00 64.10 62.50 64.10 
2017/01/12 63.90 64.10 63.50 64.10 
2017/01/13 62.50 65.00 62.50 65.00 
2017/01/16 65.00 66.00 62.60 64.80 
2017/01/17 65.40 65.40 62.00 64.90 
2017/01/18 64.80 65.60 62.80 64.50 
2017/01/19 63.00 63.80 62.80 63.70 
2017/01/20 63.90 67.00 63.50 64.40 
2017/01/23 64.80 64.80 62.60 64.00 
2017/01/24 63.00 65.80 63.00 65.80 
2017/02/02 65.80 66.80 63.80 64.80 
2017/02/03 63.80 64.00 63.80 64.00 
2017/02/06 65.00 65.00 62.80 64.90 
2017/02/08 62.80 63.50 62.50 63.50 
