2016/07/01 78.30 80.20 78.00 80.20 
2016/07/04 80.00 80.50 79.70 80.20 
2016/07/05 80.00 80.20 79.20 80.00 
2016/07/06 79.50 79.80 79.10 79.70 
2016/07/07 79.70 80.00 79.40 80.00 
2016/07/11 80.00 81.90 79.90 81.70 
2016/07/12 78.60 79.70 76.20 77.00 
2016/07/13 77.80 77.80 74.80 76.40 
2016/07/14 76.30 76.50 75.00 75.90 
2016/07/15 75.80 76.30 75.30 76.30 
2016/07/18 77.00 77.40 75.70 76.30 
2016/07/19 76.60 76.60 75.20 75.50 
2016/07/20 75.70 75.70 74.70 74.90 
2016/07/21 75.20 76.40 75.10 75.50 
2016/07/22 76.00 76.20 75.00 75.40 
2016/07/25 75.30 75.70 73.90 74.90 
2016/07/26 75.20 75.20 74.10 74.50 
2016/07/27 74.70 74.70 74.00 74.50 
2016/07/28 74.90 75.10 73.50 73.50 
2016/07/29 73.40 74.20 73.30 73.30 
2016/08/01 73.60 74.80 73.20 74.20 
2016/08/02 73.60 74.80 73.60 74.50 
2016/08/03 73.80 74.50 73.60 73.90 
2016/08/04 74.20 74.20 73.30 73.30 
2016/08/05 73.60 74.00 73.60 73.90 
2016/08/08 74.40 75.10 74.00 75.10 
2016/08/09 75.40 75.50 74.30 74.80 
2016/08/10 74.80 75.80 74.60 75.80 
2016/08/11 76.40 76.40 74.50 75.20 
2016/08/12 75.80 75.80 74.90 75.80 
2016/08/15 75.60 75.60 73.60 73.90 
2016/08/16 74.00 74.20 73.80 74.10 
2016/08/17 74.10 75.30 73.80 75.20 
2016/08/18 75.00 75.00 74.40 74.80 
2016/08/19 74.80 75.10 73.90 74.80 
2016/08/22 74.60 74.60 73.60 74.20 
2016/08/23 74.20 74.90 74.00 74.80 
2016/08/24 75.40 75.40 75.00 75.30 
2016/08/25 74.50 75.30 74.40 75.30 
2016/08/26 75.50 75.60 74.60 74.70 
2016/08/29 75.00 75.10 74.50 75.00 
2016/08/30 75.00 75.00 74.40 74.80 
2016/08/31 75.00 75.00 73.90 73.90 
2016/09/01 73.80 74.20 73.20 73.20 
2016/09/02 73.20 74.00 73.20 74.00 
2016/09/05 74.50 75.10 74.20 75.00 
2016/09/06 75.00 75.10 74.40 74.60 
2016/09/07 74.70 75.30 74.60 75.10 
2016/09/08 75.00 75.10 74.40 74.50 
2016/09/09 74.50 74.50 73.80 74.00 
2016/09/10 73.50 74.00 73.50 73.60 
2016/09/12 73.80 74.60 73.60 73.80 
2016/09/13 73.70 73.80 73.30 73.50 
2016/09/14 73.20 73.40 73.00 73.10 
2016/09/19 73.00 74.50 72.90 74.50 
2016/09/20 74.00 74.20 73.20 73.20 
2016/09/21 73.10 73.50 72.40 72.80 
2016/09/22 73.10 73.40 72.70 73.00 
2016/09/23 73.30 73.40 73.00 73.00 
2016/09/26 73.20 74.10 73.20 74.10 
2016/09/29 74.50 74.70 74.00 74.50 
2016/09/30 74.20 74.20 73.50 74.00 
2016/10/03 74.00 74.00 73.60 73.70 
2016/10/04 74.00 74.00 73.50 73.80 
2016/10/05 73.40 74.50 73.40 74.50 
2016/10/06 74.00 74.40 73.80 74.40 
2016/10/07 74.40 74.50 73.90 74.00 
2016/10/11 75.00 75.20 74.70 75.20 
2016/10/12 75.10 75.60 74.70 75.00 
2016/10/13 75.50 75.50 74.50 75.00 
2016/10/14 75.20 75.20 74.50 74.90 
2016/10/17 74.60 75.10 73.60 75.10 
2016/10/18 75.00 75.10 74.40 75.10 
2016/10/19 75.10 75.40 74.90 75.10 
2016/10/20 75.00 75.10 74.60 74.60 
2016/10/21 75.10 75.10 74.60 74.90 
2016/10/24 74.90 75.20 74.60 74.60 
2016/10/25 74.80 75.10 74.60 74.90 
2016/10/26 75.00 75.20 74.80 75.10 
2016/10/27 74.70 75.10 74.70 74.80 
2016/10/28 74.70 75.10 74.40 75.10 
2016/10/31 74.40 75.30 74.20 74.60 
2016/11/01 74.60 74.90 74.30 74.80 
2016/11/02 74.50 74.70 74.10 74.40 
2016/11/03 74.10 75.20 74.10 74.20 
2016/11/04 74.10 75.10 74.10 74.50 
2016/11/07 75.20 75.20 74.50 75.20 
2016/11/08 75.30 75.60 74.80 75.00 
2016/11/09 75.80 76.00 74.90 75.00 
2016/11/10 75.60 75.80 73.90 73.90 
2016/11/11 73.60 73.70 71.80 71.80 
2016/11/14 71.80 73.20 70.80 72.60 
2016/11/15 71.80 72.30 71.60 71.60 
2016/11/16 71.80 73.00 71.80 72.70 
2016/11/17 73.10 73.80 72.70 73.60 
2016/11/18 73.00 73.90 72.80 73.00 
2016/11/21 72.70 74.10 72.30 73.80 
2016/11/22 73.50 74.20 73.00 73.30 
2016/11/23 73.50 74.10 73.40 73.90 
2016/11/24 73.80 74.20 73.80 74.00 
2016/11/25 73.70 74.20 73.50 73.60 
2016/11/28 73.60 74.20 73.20 73.70 
2016/11/29 74.00 74.20 73.70 73.70 
2016/11/30 74.20 74.30 73.80 73.80 
2016/12/01 74.00 74.30 73.60 73.60 
2016/12/02 73.50 74.00 73.30 73.30 
2016/12/05 73.10 73.50 73.10 73.20 
2016/12/06 73.30 73.90 73.20 73.20 
2016/12/07 73.40 73.90 73.10 73.90 
2016/12/08 73.80 74.00 73.40 73.60 
2016/12/09 73.50 73.60 73.30 73.50 
2016/12/12 73.50 73.50 72.30 72.50 
2016/12/13 72.60 73.30 72.30 72.30 
2016/12/14 72.30 72.80 71.90 72.00 
2016/12/15 71.90 72.40 71.60 71.90 
2016/12/16 72.20 72.30 71.60 71.60 
2016/12/19 71.50 71.60 71.30 71.40 
2016/12/20 71.20 71.30 70.90 71.10 
2016/12/21 71.00 71.50 70.90 71.20 
2016/12/22 71.20 71.60 71.10 71.20 
2016/12/23 70.90 71.00 70.40 70.50 
2016/12/26 70.50 71.10 70.50 70.80 
2016/12/27 70.80 71.20 70.70 70.90 
2016/12/28 71.00 71.30 70.90 71.10 
2016/12/29 71.40 71.70 71.30 71.30 
2016/12/30 71.90 72.60 71.50 72.50 
2017/01/03 72.40 72.40 71.40 71.70 
2017/01/04 72.10 72.90 71.90 72.80 
2017/01/05 72.80 73.30 72.40 73.30 
2017/01/06 73.00 73.30 72.50 73.30 
2017/01/09 73.30 73.50 72.80 73.20 
2017/01/10 73.30 73.30 72.70 73.10 
2017/01/11 73.10 73.40 72.40 73.20 
2017/01/12 73.20 73.50 73.00 73.20 
2017/01/13 73.40 73.80 72.80 73.70 
2017/01/16 73.70 74.30 73.50 74.20 
2017/01/17 74.20 74.20 73.40 73.90 
2017/01/18 73.90 74.40 73.70 74.10 
2017/01/19 74.00 74.20 73.20 74.10 
2017/01/20 74.00 74.00 73.60 73.80 
2017/01/23 74.30 74.50 74.00 74.40 
2017/01/24 74.60 74.60 73.90 74.40 
2017/02/02 73.60 74.30 71.80 71.80 
2017/02/03 71.90 72.40 71.70 72.00 
2017/02/06 72.00 72.70 72.00 72.40 
2017/02/07 72.20 72.40 72.10 72.20 
2017/02/08 72.50 72.50 71.90 72.40 
