2016/07/01 24.10 24.45 24.10 24.30 
2016/07/04 24.50 24.75 24.25 24.30 
2016/07/05 24.30 24.50 24.25 24.35 
2016/07/06 24.20 24.20 24.05 24.15 
2016/07/07 24.15 25.15 24.10 24.60 
2016/07/11 25.10 25.40 24.60 25.40 
2016/07/12 24.80 24.95 24.65 24.95 
2016/07/13 24.70 24.90 24.50 24.90 
2016/07/14 24.65 24.95 24.65 24.80 
2016/07/15 24.85 24.95 24.70 24.80 
2016/07/18 24.80 24.95 24.65 24.85 
2016/07/19 24.95 25.05 24.80 24.90 
2016/07/20 24.90 25.10 24.80 24.90 
2016/07/21 24.90 25.50 24.90 25.50 
2016/07/22 24.00 24.00 23.60 23.75 
2016/07/25 23.75 23.85 23.45 23.60 
2016/07/26 23.50 23.70 23.45 23.70 
2016/07/27 23.90 23.90 23.50 23.50 
2016/07/28 23.55 23.55 23.45 23.45 
2016/07/29 23.40 23.60 23.15 23.60 
2016/08/01 23.70 23.75 23.55 23.70 
2016/08/02 23.75 24.00 23.60 23.95 
2016/08/03 23.90 24.20 23.60 24.00 
2016/08/04 24.30 24.30 24.10 24.20 
2016/08/05 24.20 24.30 24.05 24.15 
2016/08/08 24.35 24.35 24.05 24.10 
2016/08/09 24.15 24.15 23.55 23.60 
2016/08/10 23.65 23.75 23.45 23.50 
2016/08/11 23.95 23.95 23.30 23.30 
2016/08/12 23.40 23.45 23.20 23.30 
2016/08/15 23.65 23.65 23.40 23.40 
2016/08/16 23.40 23.60 23.40 23.40 
2016/08/17 23.60 23.85 23.25 23.70 
2016/08/18 23.75 24.00 23.55 23.95 
2016/08/19 23.95 24.05 23.70 23.85 
2016/08/22 24.00 24.00 23.65 23.65 
2016/08/23 23.65 23.80 23.65 23.75 
2016/08/24 23.75 23.90 23.75 23.80 
2016/08/25 23.90 24.25 23.80 24.00 
2016/08/26 24.10 24.15 23.95 24.15 
2016/08/29 24.15 24.25 23.90 23.95 
2016/08/30 24.00 24.20 24.00 24.00 
2016/08/31 24.05 24.25 23.90 24.05 
2016/09/01 24.00 24.15 24.00 24.00 
2016/09/02 23.95 24.10 23.95 23.95 
2016/09/05 24.10 24.10 23.95 24.00 
2016/09/06 24.00 24.00 23.90 23.95 
2016/09/07 23.95 24.40 23.95 24.25 
2016/09/08 24.20 24.30 24.05 24.30 
2016/09/09 24.20 24.40 24.15 24.25 
2016/09/10 24.15 24.20 24.00 24.05 
2016/09/12 24.05 24.10 24.00 24.05 
2016/09/13 24.10 24.30 24.00 24.15 
2016/09/14 23.85 24.10 23.85 24.00 
2016/09/19 24.30 24.45 24.10 24.10 
2016/09/20 24.20 24.20 23.95 23.95 
2016/09/21 23.90 24.70 23.90 24.40 
2016/09/22 24.35 24.40 23.95 24.10 
2016/09/23 24.10 24.20 23.95 24.00 
2016/09/26 24.00 24.10 23.90 24.00 
2016/09/29 24.00 24.10 23.90 24.10 
2016/09/30 24.10 24.10 23.80 23.80 
2016/10/03 24.05 24.05 23.80 23.85 
2016/10/04 23.85 23.95 23.85 23.90 
2016/10/05 23.95 24.10 23.80 24.10 
2016/10/06 24.10 24.20 24.00 24.10 
2016/10/07 23.85 24.20 23.85 24.05 
2016/10/11 24.10 24.10 23.10 23.20 
2016/10/12 23.00 23.10 22.80 23.05 
2016/10/13 23.05 23.05 22.70 22.80 
2016/10/14 22.70 22.70 22.20 22.20 
2016/10/17 22.20 22.30 22.05 22.20 
2016/10/18 22.20 22.20 22.10 22.20 
2016/10/19 22.05 22.25 21.90 21.95 
2016/10/20 22.10 22.10 21.95 21.95 
2016/10/21 22.00 22.30 21.95 22.20 
2016/10/24 22.10 22.20 22.05 22.20 
2016/10/25 22.15 22.30 22.10 22.20 
2016/10/26 22.20 22.30 22.20 22.25 
2016/10/27 22.25 22.30 22.20 22.20 
2016/10/28 22.20 22.40 22.10 22.20 
2016/10/31 22.15 22.30 22.10 22.20 
2016/11/01 22.10 22.30 22.10 22.30 
2016/11/02 22.30 22.30 21.90 21.90 
2016/11/03 21.70 21.90 21.30 21.40 
2016/11/04 21.50 21.65 21.40 21.65 
2016/11/07 21.70 21.80 21.70 21.75 
2016/11/08 21.70 21.80 21.60 21.80 
2016/11/09 21.60 21.60 21.20 21.40 
2016/11/10 21.70 21.80 21.40 21.80 
2016/11/11 21.45 21.60 21.30 21.30 
2016/11/14 21.45 21.50 21.00 21.45 
2016/11/15 21.40 21.50 21.30 21.45 
2016/11/16 21.50 21.90 21.50 21.85 
2016/11/17 21.95 22.00 21.60 22.00 
2016/11/18 21.90 22.00 21.80 21.85 
2016/11/21 21.90 21.90 21.70 21.90 
2016/11/22 21.80 21.95 21.70 21.90 
2016/11/23 21.90 22.05 21.70 21.85 
2016/11/24 21.85 21.90 21.60 21.70 
2016/11/25 21.70 21.90 21.60 21.85 
2016/11/28 21.70 21.80 21.70 21.80 
2016/11/29 21.80 22.00 21.75 21.75 
2016/11/30 21.75 21.75 21.55 21.60 
2016/12/01 21.70 21.95 21.60 21.70 
2016/12/02 21.65 21.70 21.60 21.60 
2016/12/05 21.85 21.85 21.50 21.55 
2016/12/06 21.55 22.25 21.55 22.10 
2016/12/07 22.10 22.10 21.80 21.80 
2016/12/08 22.00 22.15 21.80 21.85 
2016/12/09 22.30 22.30 21.90 22.05 
2016/12/12 22.10 22.10 21.85 22.05 
2016/12/13 21.90 22.00 21.85 22.00 
2016/12/14 21.90 21.95 21.80 21.85 
2016/12/15 21.80 21.95 21.70 21.95 
2016/12/16 21.95 22.00 21.80 21.85 
2016/12/19 21.85 22.00 21.70 21.70 
2016/12/20 21.70 21.70 21.65 21.70 
2016/12/21 21.60 21.85 21.55 21.70 
2016/12/22 21.65 21.70 21.60 21.60 
2016/12/23 21.60 21.75 21.55 21.60 
2016/12/26 21.60 21.75 21.60 21.75 
2016/12/27 21.70 21.75 21.60 21.60 
2016/12/28 21.65 21.65 21.55 21.65 
2016/12/29 21.65 21.65 21.40 21.50 
2016/12/30 21.55 21.55 21.45 21.50 
2017/01/03 21.55 21.65 21.45 21.50 
2017/01/04 21.50 21.70 21.50 21.60 
2017/01/05 21.75 21.90 21.65 21.90 
2017/01/06 21.85 21.90 21.70 21.80 
2017/01/09 21.85 22.50 21.85 22.30 
2017/01/10 22.00 22.00 21.65 22.00 
2017/01/11 21.80 22.00 21.75 21.90 
2017/01/12 21.75 21.90 21.70 21.75 
2017/01/13 21.80 21.85 21.80 21.80 
2017/01/16 21.80 22.10 21.80 21.85 
2017/01/17 21.85 21.90 21.80 21.85 
2017/01/18 21.75 21.90 21.75 21.90 
2017/01/19 21.80 22.00 21.75 22.00 
2017/01/20 22.00 22.05 21.80 21.90 
2017/01/23 21.90 22.10 21.90 22.00 
2017/01/24 22.10 22.10 21.75 21.95 
2017/02/02 22.25 22.25 21.70 21.85 
2017/02/03 21.85 22.45 21.85 22.30 
2017/02/06 22.35 22.35 22.15 22.15 
2017/02/07 22.25 22.25 22.00 22.25 
2017/02/08 22.10 22.90 22.10 22.65 
