2016/07/01 84.70 84.70 83.80 84.70 
2016/07/04 85.50 85.50 84.40 84.70 
2016/07/05 84.30 84.90 84.00 84.20 
2016/07/06 84.50 84.80 83.70 84.20 
2016/07/07 84.50 84.70 84.20 84.20 
2016/07/11 85.80 85.80 84.50 84.50 
2016/07/12 85.00 85.00 84.00 84.20 
2016/07/13 85.00 85.00 83.90 84.30 
2016/07/14 83.80 86.00 83.80 85.90 
2016/07/15 86.20 86.20 84.40 86.00 
2016/07/18 85.90 86.00 85.20 86.00 
2016/07/19 85.50 86.00 85.00 85.60 
2016/07/20 85.60 86.00 85.20 85.90 
2016/07/21 85.90 87.50 85.40 86.50 
2016/07/22 80.60 80.70 78.90 80.10 
2016/07/25 80.10 80.10 79.30 79.40 
2016/07/26 79.40 79.50 78.00 78.50 
2016/07/27 78.50 78.50 77.00 77.10 
2016/07/28 77.00 77.00 76.00 76.00 
2016/07/29 75.90 79.00 75.90 78.10 
2016/08/01 76.80 79.00 76.80 77.80 
2016/08/02 77.80 77.80 77.20 77.20 
2016/08/03 76.50 78.10 76.20 77.90 
2016/08/04 77.90 78.40 76.50 78.40 
2016/08/05 77.70 78.40 77.50 78.10 
2016/08/08 79.00 79.00 77.00 77.00 
2016/08/09 76.60 78.10 76.60 76.60 
2016/08/10 76.90 77.20 76.00 77.20 
2016/08/11 77.20 77.20 75.00 75.80 
2016/08/12 76.20 76.50 75.00 76.00 
2016/08/15 76.00 76.50 75.50 76.20 
2016/08/16 76.00 76.00 74.80 75.50 
2016/08/17 75.00 75.30 74.50 75.20 
2016/08/18 75.00 75.40 74.30 75.30 
2016/08/19 75.00 75.80 74.40 75.80 
2016/08/22 75.80 76.00 75.00 75.90 
2016/08/23 75.90 75.90 74.50 75.30 
2016/08/24 74.80 75.80 74.80 75.00 
2016/08/25 75.00 75.70 75.00 75.60 
2016/08/26 75.00 75.70 75.00 75.60 
2016/08/29 75.60 75.70 74.70 75.70 
2016/08/30 75.90 75.90 74.50 74.60 
2016/08/31 75.00 75.50 74.50 74.60 
2016/09/01 74.30 75.00 74.10 74.80 
2016/09/02 73.60 74.80 73.60 74.80 
2016/09/05 74.50 77.00 74.20 77.00 
2016/09/06 77.40 77.40 74.90 77.00 
2016/09/07 75.50 76.90 75.50 76.90 
2016/09/08 76.90 76.90 76.20 76.80 
2016/09/09 76.70 79.50 76.10 79.10 
2016/09/10 78.90 79.20 77.50 79.20 
2016/09/12 78.10 79.40 78.10 79.00 
2016/09/13 77.40 79.20 77.40 78.60 
2016/09/14 76.50 78.60 76.50 78.20 
2016/09/19 78.20 78.30 78.00 78.30 
2016/09/20 78.30 78.50 77.70 77.90 
2016/09/21 77.90 79.00 77.00 79.00 
2016/09/22 79.00 79.10 77.50 77.50 
2016/09/23 78.00 78.00 77.00 77.80 
2016/09/26 77.10 78.80 76.20 78.80 
2016/09/29 77.60 78.80 77.60 78.80 
2016/09/30 78.80 78.80 76.80 76.80 
2016/10/03 76.80 77.90 76.50 77.20 
2016/10/04 76.90 77.50 76.70 77.50 
2016/10/05 77.00 77.00 76.30 76.40 
2016/10/06 77.50 77.50 76.20 77.40 
2016/10/07 77.40 78.40 77.40 77.80 
2016/10/11 77.90 78.00 76.20 76.50 
2016/10/12 76.40 77.90 76.00 77.00 
2016/10/13 76.20 76.40 75.80 76.00 
2016/10/14 75.40 75.40 73.70 74.00 
2016/10/17 74.00 75.40 74.00 74.60 
2016/10/18 74.60 75.50 74.50 75.50 
2016/10/19 75.00 75.00 74.50 75.00 
2016/10/20 75.00 75.40 75.00 75.40 
2016/10/21 75.30 76.00 75.00 75.90 
2016/10/24 75.80 76.50 75.80 76.50 
2016/10/25 76.80 77.60 76.40 77.60 
2016/10/26 77.50 78.00 76.70 78.00 
2016/10/27 78.00 78.00 77.00 77.00 
2016/10/28 76.80 77.80 76.70 77.80 
2016/10/31 77.00 77.70 76.50 76.50 
2016/11/01 76.50 77.00 76.00 77.00 
2016/11/02 75.50 76.50 75.30 75.90 
2016/11/03 77.40 77.40 75.10 75.40 
2016/11/04 75.50 76.60 75.00 76.00 
2016/11/07 76.00 76.20 75.10 75.90 
2016/11/08 76.50 76.90 75.80 76.40 
2016/11/09 75.50 75.50 72.00 73.40 
2016/11/10 74.20 75.90 74.10 75.50 
2016/11/11 75.00 76.40 73.50 73.50 
2016/11/14 73.50 75.70 73.50 75.50 
2016/11/15 75.50 75.70 73.20 75.50 
2016/11/16 74.80 75.50 74.60 75.50 
2016/11/17 75.50 75.50 74.50 75.00 
2016/11/18 75.00 76.50 74.90 76.30 
2016/11/21 76.00 78.20 75.50 77.60 
2016/11/22 77.60 78.60 77.60 77.70 
2016/11/23 78.00 78.00 77.00 77.20 
2016/11/24 77.10 78.30 77.00 77.50 
2016/11/25 76.90 78.00 75.90 78.00 
2016/11/28 76.50 78.10 76.50 78.00 
2016/11/29 78.00 78.00 77.00 77.90 
2016/11/30 78.00 78.00 76.90 77.50 
2016/12/01 77.50 77.80 77.00 77.80 
2016/12/02 77.70 77.70 77.00 77.30 
2016/12/05 77.80 77.80 76.90 77.60 
2016/12/06 77.10 77.60 76.60 77.60 
2016/12/07 76.50 77.50 76.50 77.50 
2016/12/08 77.50 77.70 75.50 77.70 
2016/12/09 77.00 78.10 77.00 78.00 
2016/12/12 78.00 78.10 77.60 77.60 
2016/12/13 77.60 78.00 77.60 78.00 
2016/12/14 78.00 78.50 77.70 77.70 
2016/12/15 78.70 78.70 78.30 78.30 
2016/12/16 78.30 78.50 77.30 78.40 
2016/12/19 78.40 78.40 77.60 77.60 
2016/12/20 78.10 78.50 78.10 78.30 
2016/12/21 77.40 78.20 77.20 78.10 
2016/12/22 77.40 78.20 77.40 77.70 
2016/12/23 77.70 77.70 77.40 77.40 
2016/12/26 77.80 78.00 77.60 78.00 
2016/12/27 78.20 78.30 77.80 78.10 
2016/12/28 78.10 78.20 78.10 78.20 
2016/12/29 78.00 78.00 77.50 77.50 
2016/12/30 78.10 79.20 78.10 78.80 
2017/01/03 78.80 78.90 77.80 77.80 
2017/01/04 78.90 78.90 77.70 78.00 
2017/01/05 77.60 81.70 77.60 81.70 
2017/01/06 82.40 84.90 82.00 82.50 
2017/01/09 83.50 83.90 82.00 83.80 
2017/01/10 84.60 85.00 83.90 84.30 
2017/01/11 84.80 85.00 82.90 84.80 
2017/01/12 84.00 86.00 84.00 85.90 
2017/01/13 85.90 87.10 85.20 86.60 
2017/01/16 87.00 88.10 87.00 87.60 
2017/01/17 87.70 87.80 86.00 86.00 
2017/01/18 86.00 86.70 85.50 86.00 
2017/01/19 86.20 86.50 86.00 86.20 
2017/01/20 87.00 87.10 86.00 86.20 
2017/01/23 87.50 94.80 87.50 94.80 
2017/01/24 95.70 104.00 95.10 103.00 
2017/02/02 102.00 113.00 102.00 113.00 
2017/02/03 118.00 124.00 118.00 124.00 
2017/02/06 123.00 127.50 116.50 124.00 
2017/02/07 124.00 124.00 116.50 119.50 
2017/02/08 118.50 120.00 115.00 117.00 
