2016/07/01 42.30 43.40 42.25 43.20 
2016/07/04 43.45 43.50 42.55 43.00 
2016/07/05 42.70 42.95 42.20 42.35 
2016/07/06 42.55 42.55 42.00 42.05 
2016/07/07 42.10 42.15 41.20 41.70 
2016/07/11 42.15 43.55 41.95 42.85 
2016/07/12 42.60 42.95 42.25 42.50 
2016/07/13 42.80 43.20 42.60 43.10 
2016/07/14 43.00 43.35 42.10 43.00 
2016/07/15 43.30 43.50 42.85 43.30 
2016/07/18 44.00 44.95 43.90 44.75 
2016/07/19 43.20 43.30 42.70 43.00 
2016/07/20 43.10 43.50 42.60 42.85 
2016/07/21 43.40 43.40 42.75 42.75 
2016/07/22 42.75 42.85 42.05 42.50 
2016/07/25 42.70 42.75 41.50 41.70 
2016/07/26 41.70 43.00 41.65 42.75 
2016/07/27 42.55 43.30 42.55 42.85 
2016/07/28 43.20 43.20 42.70 42.70 
2016/07/29 43.25 44.10 43.00 43.75 
2016/08/01 43.75 43.95 43.25 43.60 
2016/08/02 43.80 43.90 42.80 43.10 
2016/08/03 42.50 43.10 42.50 42.70 
2016/08/04 43.00 43.50 42.30 42.30 
2016/08/05 42.70 43.10 42.60 42.90 
2016/08/08 43.30 43.85 43.20 43.65 
2016/08/09 43.45 44.90 43.25 44.05 
2016/08/10 44.40 45.35 44.20 45.00 
2016/08/11 45.00 45.15 43.25 43.25 
2016/08/12 43.65 43.75 42.20 42.50 
2016/08/15 42.90 43.05 42.20 42.75 
2016/08/16 42.95 43.20 42.60 42.75 
2016/08/17 42.75 42.95 42.15 42.35 
2016/08/18 42.75 42.90 42.45 42.55 
2016/08/19 42.35 42.85 42.20 42.50 
2016/08/22 42.50 43.45 42.50 43.00 
2016/08/23 42.95 44.20 42.70 44.15 
2016/08/24 44.70 45.20 43.55 43.60 
2016/08/25 43.70 44.30 43.70 44.00 
2016/08/26 44.70 44.70 43.80 43.90 
2016/08/29 44.35 44.95 43.90 44.80 
2016/08/30 45.05 45.40 44.60 45.40 
2016/08/31 45.40 45.80 45.15 45.15 
2016/09/01 45.45 45.45 44.30 44.55 
2016/09/02 44.55 44.95 43.80 43.95 
2016/09/05 44.40 44.80 43.95 44.70 
2016/09/06 45.10 46.20 45.10 46.20 
2016/09/07 46.80 47.40 45.60 45.80 
2016/09/08 46.20 46.85 45.65 45.80 
2016/09/09 46.10 46.65 45.85 46.20 
2016/09/10 45.30 45.40 44.80 44.95 
2016/09/12 45.15 45.20 44.10 44.20 
2016/09/13 45.20 45.20 43.60 43.85 
2016/09/14 44.10 44.20 43.35 43.45 
2016/09/19 44.30 45.30 44.00 45.25 
2016/09/20 45.10 45.50 44.70 44.75 
2016/09/21 45.10 45.10 44.25 44.55 
2016/09/22 44.90 44.95 44.25 44.25 
2016/09/23 44.75 46.10 44.60 45.90 
2016/09/26 45.65 45.65 44.85 44.90 
2016/09/29 45.40 45.60 45.00 45.40 
2016/09/30 45.20 46.20 45.00 45.95 
2016/10/03 47.00 47.15 45.45 45.45 
2016/10/04 45.70 46.20 45.40 45.60 
2016/10/05 45.25 46.30 45.20 46.20 
2016/10/06 46.30 46.30 45.60 45.60 
2016/10/07 45.80 45.80 44.85 45.10 
2016/10/11 45.50 45.50 44.10 44.85 
2016/10/12 44.85 45.35 44.65 45.00 
2016/10/13 45.30 45.90 44.85 45.50 
2016/10/14 45.30 45.30 44.60 44.70 
2016/10/17 45.00 45.40 44.60 45.15 
2016/10/18 45.50 45.95 45.35 45.45 
2016/10/19 45.80 45.90 45.60 45.75 
2016/10/20 45.80 45.85 45.50 45.55 
2016/10/21 45.85 47.20 45.80 47.20 
2016/10/24 48.30 51.20 48.15 50.60 
2016/10/25 51.10 51.50 49.85 51.20 
2016/10/26 50.60 50.90 49.70 49.85 
2016/10/27 49.85 50.20 49.10 49.20 
2016/10/28 49.90 51.10 49.75 50.50 
2016/10/31 49.95 51.20 49.75 50.00 
2016/11/01 50.20 51.40 49.80 51.00 
2016/11/02 50.50 50.70 48.95 48.95 
2016/11/03 48.95 49.15 47.80 48.60 
2016/11/04 48.90 48.90 47.50 47.90 
2016/11/07 48.60 50.00 48.40 49.70 
2016/11/08 48.20 48.20 45.55 46.40 
2016/11/09 46.80 46.90 43.85 44.15 
2016/11/10 45.80 46.00 45.15 45.50 
2016/11/11 45.00 46.10 44.55 45.25 
2016/11/14 45.30 46.15 45.30 45.70 
2016/11/15 45.90 45.90 44.85 45.00 
2016/11/16 45.30 45.45 44.60 45.00 
2016/11/17 44.70 45.05 44.25 44.50 
2016/11/18 44.35 45.20 44.30 45.20 
2016/11/21 45.20 45.20 44.30 44.45 
2016/11/22 44.00 45.20 44.00 44.55 
2016/11/23 44.85 45.60 44.70 44.95 
2016/11/24 45.40 45.40 44.95 45.05 
2016/11/25 45.05 45.20 44.80 44.85 
2016/11/28 45.30 46.50 45.10 45.55 
2016/11/29 45.80 45.90 45.40 45.50 
2016/11/30 45.55 46.50 45.40 45.80 
2016/12/01 45.95 45.95 45.05 45.05 
2016/12/02 44.60 44.60 43.85 44.20 
2016/12/05 44.45 44.95 44.30 44.75 
2016/12/06 45.00 46.25 45.00 46.20 
2016/12/07 46.30 46.35 45.75 45.95 
2016/12/08 46.35 46.60 45.95 46.00 
2016/12/09 46.25 46.50 45.55 45.75 
2016/12/12 45.65 46.00 44.90 44.90 
2016/12/13 44.90 45.20 44.75 44.90 
2016/12/14 45.00 45.10 44.60 44.60 
2016/12/15 44.35 45.10 44.35 44.85 
2016/12/16 44.70 45.50 44.70 45.00 
2016/12/19 45.00 45.30 44.70 44.85 
2016/12/20 44.80 44.90 44.15 44.15 
2016/12/21 43.60 43.60 42.20 42.55 
2016/12/22 42.30 42.95 42.25 42.90 
2016/12/23 43.10 43.15 42.55 42.55 
2016/12/26 42.80 42.90 42.50 42.55 
2016/12/27 42.60 43.10 42.60 42.75 
2016/12/28 42.90 43.40 42.80 43.25 
2016/12/29 43.15 43.65 43.05 43.40 
2016/12/30 43.40 44.15 43.30 44.10 
2017/01/03 43.90 44.05 43.50 43.60 
2017/01/04 43.75 43.75 42.90 42.90 
2017/01/05 42.55 43.20 41.90 42.80 
2017/01/06 42.50 43.60 42.50 43.40 
2017/01/09 43.30 44.25 43.30 44.00 
2017/01/10 44.10 44.15 43.55 43.60 
2017/01/11 43.80 43.80 43.35 43.55 
2017/01/12 43.60 44.15 43.60 44.00 
2017/01/13 44.00 44.60 43.75 44.35 
2017/01/16 44.10 44.10 43.60 43.60 
2017/01/17 43.60 43.85 43.50 43.60 
2017/01/18 43.60 45.10 43.25 44.85 
2017/01/19 44.80 44.85 44.05 44.05 
2017/01/20 44.00 44.25 43.85 44.00 
2017/01/23 44.00 44.55 43.80 44.20 
2017/01/24 44.20 44.50 44.10 44.45 
2017/02/02 44.50 44.80 42.95 43.00 
2017/02/03 43.25 43.55 42.95 43.40 
2017/02/06 43.65 44.50 43.55 44.30 
2017/02/07 44.50 45.00 44.30 44.45 
2017/02/08 44.60 44.75 44.20 44.50 
