2016/07/01 48.85 49.40 48.30 48.30 
2016/07/04 48.30 48.80 48.00 48.60 
2016/07/05 48.60 49.20 48.25 48.60 
2016/07/06 48.60 49.80 46.60 47.20 
2016/07/07 47.50 48.25 47.50 47.90 
2016/07/11 49.80 50.30 49.05 49.05 
2016/07/12 49.70 50.20 49.25 49.85 
2016/07/13 50.00 50.00 49.10 49.20 
2016/07/14 49.50 53.40 49.30 52.50 
2016/07/15 52.50 53.20 51.80 53.00 
2016/07/18 53.40 54.70 52.50 52.50 
2016/07/19 52.70 54.10 52.20 53.20 
2016/07/20 54.10 55.20 53.00 53.00 
2016/07/21 52.90 53.50 51.60 52.50 
2016/07/22 52.60 53.90 52.20 52.20 
2016/07/25 52.20 52.50 49.80 50.00 
2016/07/26 49.80 51.00 49.80 50.50 
2016/07/27 50.90 51.20 49.00 49.00 
2016/07/28 49.05 49.70 48.35 48.85 
2016/07/29 49.35 49.45 48.55 49.05 
2016/08/01 49.00 49.60 48.90 49.05 
2016/08/02 49.05 49.20 48.70 48.90 
2016/08/03 48.75 50.60 48.30 49.55 
2016/08/04 49.95 50.30 49.30 49.40 
2016/08/05 49.40 49.50 48.40 48.70 
2016/08/08 49.30 49.70 48.80 48.90 
2016/08/09 49.00 49.70 48.30 48.30 
2016/08/10 48.40 48.90 43.50 43.50 
2016/08/11 43.20 44.15 42.30 43.30 
2016/08/12 43.95 44.10 41.80 41.95 
2016/08/15 42.00 45.15 42.00 44.65 
2016/08/16 44.00 44.40 42.50 42.85 
2016/08/17 42.80 44.00 42.40 42.85 
2016/08/18 43.25 43.25 42.60 42.65 
2016/08/19 43.00 43.65 42.55 42.55 
2016/08/22 42.40 42.80 39.60 40.00 
2016/08/23 40.00 40.80 40.00 40.15 
2016/08/24 40.30 42.30 40.30 42.00 
2016/08/25 41.95 42.00 41.30 41.65 
2016/08/26 41.95 42.70 41.40 41.80 
2016/08/29 41.90 42.00 41.00 41.35 
2016/08/30 41.70 42.50 41.50 41.80 
2016/08/31 41.95 42.30 41.00 41.60 
2016/09/01 41.60 42.10 41.20 41.80 
2016/09/02 41.95 41.95 38.50 38.50 
2016/09/05 39.50 40.30 39.05 40.00 
2016/09/06 40.25 41.35 39.70 40.95 
2016/09/07 41.00 41.20 40.55 40.55 
2016/09/08 40.90 41.00 40.65 40.65 
2016/09/09 40.65 40.65 40.00 40.45 
2016/09/10 39.20 39.90 39.10 39.60 
2016/09/12 39.60 40.00 38.85 38.90 
2016/09/13 39.30 39.50 37.20 38.00 
2016/09/14 38.10 38.45 37.85 38.00 
2016/09/19 38.50 39.80 38.50 39.20 
2016/09/20 39.20 39.80 39.20 39.40 
2016/09/21 39.50 39.50 38.75 39.00 
2016/09/22 39.55 42.90 39.40 41.80 
2016/09/23 42.75 42.75 41.70 41.80 
2016/09/26 41.80 41.80 40.90 40.90 
2016/09/29 41.15 41.50 40.55 40.55 
2016/09/30 40.80 41.20 40.55 40.75 
2016/10/03 40.90 41.00 39.60 39.90 
2016/10/04 39.65 40.75 39.65 40.40 
2016/10/05 40.50 41.55 40.50 41.25 
2016/10/06 41.50 42.40 41.15 41.15 
2016/10/07 41.15 41.25 40.45 40.80 
2016/10/11 41.55 41.55 38.90 39.70 
2016/10/12 39.50 40.90 39.50 39.95 
2016/10/13 40.00 41.35 40.00 40.40 
2016/10/14 40.70 41.20 40.00 40.00 
2016/10/17 39.50 39.60 38.30 38.85 
2016/10/18 38.50 39.55 38.20 38.40 
2016/10/19 38.25 38.95 37.90 38.25 
2016/10/20 38.15 38.45 37.60 38.00 
2016/10/21 38.00 38.70 38.00 38.25 
2016/10/24 38.65 39.40 38.40 38.80 
2016/10/25 39.05 39.10 38.55 38.55 
2016/10/26 39.00 39.30 38.55 38.70 
2016/10/27 39.05 39.05 38.20 38.25 
2016/10/28 38.30 38.35 36.15 36.55 
2016/10/31 37.00 38.30 37.00 37.80 
2016/11/01 37.85 38.45 37.55 37.55 
2016/11/02 37.10 37.30 35.35 35.35 
2016/11/03 35.00 35.70 33.20 33.60 
2016/11/04 33.60 34.20 33.20 33.70 
2016/11/07 34.30 34.30 33.65 33.65 
2016/11/08 34.15 34.20 31.00 31.80 
2016/11/09 32.60 32.60 29.40 29.85 
2016/11/10 31.20 32.80 31.15 32.80 
2016/11/11 33.50 34.50 33.30 34.40 
2016/11/14 35.00 35.50 34.20 34.50 
2016/11/15 34.45 34.70 33.70 34.10 
2016/11/16 34.20 35.85 34.20 35.05 
2016/11/17 35.30 35.60 34.90 35.10 
2016/11/18 35.30 35.60 34.75 34.85 
2016/11/21 35.00 35.25 34.65 34.85 
2016/11/22 35.40 35.70 34.90 35.15 
2016/11/23 35.25 36.20 35.25 35.50 
2016/11/24 35.70 35.90 35.10 35.10 
2016/11/25 35.10 35.40 34.90 34.95 
2016/11/28 35.35 36.00 35.10 35.25 
2016/11/29 35.25 35.50 35.15 35.35 
2016/11/30 35.40 37.40 35.40 36.90 
2016/12/01 37.35 37.35 36.60 36.80 
2016/12/02 36.50 36.65 36.20 36.60 
2016/12/05 39.00 40.25 38.20 40.25 
2016/12/06 41.00 41.55 39.90 40.00 
2016/12/07 40.00 41.40 39.85 40.00 
2016/12/08 40.30 40.95 39.10 39.50 
2016/12/09 38.55 39.00 38.00 38.15 
2016/12/12 38.60 38.70 37.20 37.35 
2016/12/13 37.10 37.95 37.05 37.55 
2016/12/14 37.80 37.85 37.30 37.35 
2016/12/15 37.30 37.55 37.10 37.45 
2016/12/16 37.70 38.20 37.40 37.40 
2016/12/19 34.35 34.65 33.70 33.70 
2016/12/20 33.70 33.95 33.15 33.95 
2016/12/21 33.80 33.90 33.00 33.05 
2016/12/22 33.05 33.50 32.80 33.30 
2016/12/23 33.10 33.45 32.90 32.90 
2016/12/26 33.00 33.35 33.00 33.20 
2016/12/27 33.05 33.30 32.30 32.50 
2016/12/28 32.50 32.80 32.50 32.50 
2016/12/29 32.50 32.75 32.50 32.75 
2016/12/30 32.75 33.40 32.75 33.05 
2017/01/03 33.50 33.50 32.80 32.80 
2017/01/04 33.10 33.25 32.80 32.80 
2017/01/05 32.85 33.20 32.85 33.00 
2017/01/06 33.00 33.10 32.75 32.80 
2017/01/09 33.25 33.80 33.05 33.70 
2017/01/10 33.65 33.70 33.05 33.15 
2017/01/11 33.25 33.40 33.10 33.10 
2017/01/12 33.10 33.30 32.50 32.65 
2017/01/13 32.65 32.65 31.85 32.00 
2017/01/16 32.00 32.70 31.80 32.50 
2017/01/17 32.50 32.65 32.35 32.35 
2017/01/18 32.90 32.95 32.60 32.85 
2017/01/19 32.75 33.45 32.70 33.20 
2017/01/20 33.30 33.50 33.10 33.10 
2017/01/23 33.15 33.40 32.80 32.90 
2017/01/24 32.90 33.10 32.70 33.10 
2017/02/02 33.20 33.60 33.05 33.25 
2017/02/03 33.25 33.95 33.20 33.55 
2017/02/06 33.60 33.60 33.25 33.30 
2017/02/07 33.40 34.05 33.40 34.00 
2017/02/08 34.60 37.40 34.60 36.80 
