2016/07/01 32.00 32.10 31.65 31.95 
2016/07/04 32.40 32.45 31.80 32.00 
2016/07/05 32.00 32.05 31.75 32.00 
2016/07/06 32.00 32.00 31.50 31.70 
2016/07/07 32.10 32.70 32.10 32.20 
2016/07/11 32.60 33.60 32.40 33.60 
2016/07/12 34.00 34.00 33.00 33.30 
2016/07/13 33.40 33.80 33.40 33.70 
2016/07/14 33.70 33.90 33.55 33.65 
2016/07/15 33.90 34.40 33.50 33.50 
2016/07/18 33.75 33.80 33.30 33.50 
2016/07/19 33.60 34.20 33.40 34.00 
2016/07/20 34.00 34.80 33.65 34.50 
2016/07/21 34.50 34.80 33.90 34.15 
2016/07/22 34.20 34.55 34.05 34.10 
2016/07/25 34.50 35.20 33.75 35.00 
2016/07/26 35.20 35.30 34.35 34.95 
2016/07/27 35.25 35.50 35.00 35.30 
2016/07/28 37.35 37.65 35.80 36.25 
2016/07/29 36.55 36.70 36.15 36.70 
2016/08/01 37.20 37.20 36.70 36.80 
2016/08/02 37.00 38.70 36.85 38.10 
2016/08/03 37.70 38.70 37.55 37.85 
2016/08/04 38.20 39.35 37.90 39.00 
2016/08/05 39.15 39.35 38.40 38.60 
2016/08/08 39.00 39.20 38.50 38.80 
2016/08/09 38.80 38.85 37.60 37.95 
2016/08/10 38.35 39.20 38.05 39.15 
2016/08/11 39.25 39.45 38.65 38.85 
2016/08/12 37.60 38.45 37.25 37.85 
2016/08/15 38.15 38.50 37.90 38.10 
2016/08/16 38.40 39.25 38.20 39.25 
2016/08/17 38.80 38.80 37.55 37.60 
2016/08/18 37.65 37.95 37.05 37.85 
2016/08/19 38.00 38.40 37.65 37.70 
2016/08/22 37.80 37.80 37.20 37.75 
2016/08/23 37.80 38.30 37.55 38.30 
2016/08/24 38.25 38.30 37.85 37.90 
2016/08/25 37.90 38.60 37.65 38.40 
2016/08/26 38.50 38.55 38.15 38.30 
2016/08/29 38.20 38.40 37.10 37.60 
2016/08/30 37.80 39.30 37.65 39.10 
2016/08/31 40.10 42.00 39.00 39.00 
2016/09/01 38.55 39.60 38.55 39.05 
2016/09/02 39.50 40.35 39.20 39.40 
2016/09/05 39.70 40.15 39.45 39.90 
2016/09/06 40.40 40.85 40.00 40.00 
2016/09/07 40.05 40.35 39.30 39.45 
2016/09/08 39.30 39.40 38.15 38.85 
2016/09/09 39.00 40.00 38.45 39.55 
2016/09/10 38.60 39.00 38.55 38.85 
2016/09/12 39.00 39.40 38.60 39.40 
2016/09/13 39.80 40.35 39.10 40.35 
2016/09/14 40.35 40.70 36.95 36.95 
2016/09/19 37.40 37.90 37.25 37.90 
2016/09/20 38.05 38.40 37.60 37.75 
2016/09/21 37.60 37.90 37.30 37.35 
2016/09/22 37.50 37.70 37.20 37.20 
2016/09/23 37.40 37.65 37.25 37.25 
2016/09/26 37.30 37.60 37.30 37.45 
2016/09/29 37.70 37.70 37.25 37.25 
2016/09/30 37.25 37.50 36.50 36.75 
2016/10/03 37.10 37.40 37.00 37.25 
2016/10/04 37.50 37.50 37.25 37.40 
2016/10/05 37.30 37.30 36.75 36.90 
2016/10/06 37.10 37.10 36.85 36.90 
2016/10/07 37.00 37.15 36.80 36.85 
2016/10/11 37.30 37.30 35.10 35.85 
2016/10/12 35.90 36.50 35.90 36.35 
2016/10/13 36.50 36.90 36.25 36.50 
2016/10/14 36.50 36.85 35.80 36.00 
2016/10/17 36.15 36.45 35.50 35.90 
2016/10/18 35.70 36.55 35.70 36.55 
2016/10/19 36.75 37.80 36.75 37.80 
2016/10/20 38.75 38.75 38.00 38.10 
2016/10/21 38.30 38.65 37.90 38.45 
2016/10/24 38.45 38.50 37.65 37.65 
2016/10/25 37.90 37.90 37.20 37.25 
2016/10/26 37.25 37.55 37.20 37.20 
2016/10/27 37.50 37.50 36.80 36.85 
2016/10/28 36.85 37.40 36.80 36.90 
2016/10/31 36.95 36.95 36.50 36.55 
2016/11/01 36.50 37.80 36.50 37.75 
2016/11/02 37.90 37.90 36.95 37.00 
2016/11/03 36.80 37.05 35.55 35.70 
2016/11/04 35.30 36.10 35.30 35.60 
2016/11/07 36.35 36.85 36.05 36.55 
2016/11/08 36.60 37.10 36.35 36.65 
2016/11/09 36.40 36.85 34.50 34.95 
2016/11/10 35.75 36.25 35.70 35.80 
2016/11/11 35.70 35.80 35.15 35.35 
2016/11/14 35.20 35.30 34.50 35.10 
2016/11/15 34.85 35.30 34.85 35.00 
2016/11/16 35.15 35.35 35.00 35.00 
2016/11/17 35.00 35.10 34.80 34.85 
2016/11/18 35.00 35.35 34.90 35.20 
2016/11/21 35.25 36.20 35.25 36.10 
2016/11/22 36.45 36.50 36.00 36.00 
2016/11/23 36.10 36.35 35.55 35.70 
2016/11/24 35.70 36.60 35.70 36.55 
2016/11/25 36.55 36.75 35.90 36.30 
2016/11/28 36.20 36.70 36.00 36.15 
2016/11/29 36.30 37.70 36.30 37.55 
2016/11/30 37.70 38.25 37.30 37.80 
2016/12/01 37.85 37.85 37.05 37.35 
2016/12/02 36.95 37.30 36.85 37.00 
2016/12/05 36.80 37.20 36.70 36.90 
2016/12/06 37.00 37.35 36.80 36.90 
2016/12/07 37.50 37.50 37.05 37.05 
2016/12/08 37.25 37.45 36.90 36.90 
2016/12/09 37.15 37.45 36.95 37.35 
2016/12/12 37.40 37.60 37.00 37.20 
2016/12/13 37.30 37.35 37.00 37.15 
2016/12/14 37.45 38.10 37.30 37.80 
2016/12/15 38.00 38.40 37.70 38.40 
2016/12/16 38.60 39.30 38.35 38.35 
2016/12/19 39.00 39.00 38.15 38.20 
2016/12/20 38.40 38.70 38.05 38.65 
2016/12/21 38.65 39.20 38.20 38.20 
2016/12/22 38.30 38.45 37.60 37.65 
2016/12/23 38.00 38.40 37.80 37.80 
2016/12/26 38.15 38.35 37.65 37.80 
2016/12/27 37.80 38.20 37.65 37.75 
2016/12/28 38.10 38.20 37.75 38.20 
2016/12/29 38.05 38.15 37.80 37.85 
2016/12/30 38.00 38.80 37.85 38.70 
2017/01/03 38.95 39.10 38.70 38.70 
2017/01/04 39.00 39.80 38.90 39.20 
2017/01/05 39.50 39.65 39.20 39.35 
2017/01/06 39.35 40.15 39.15 39.70 
2017/01/09 39.90 40.40 39.20 39.20 
2017/01/10 39.45 39.45 38.65 39.00 
2017/01/11 39.30 39.50 38.75 39.20 
2017/01/12 39.40 39.60 39.00 39.15 
2017/01/13 39.25 39.30 38.70 38.70 
2017/01/16 38.70 38.70 37.70 37.80 
2017/01/17 38.00 39.70 38.00 39.55 
2017/01/18 39.55 40.25 38.95 39.80 
2017/01/19 39.80 40.20 39.35 39.95 
2017/01/20 40.10 42.30 40.10 41.30 
2017/01/23 42.00 43.15 41.10 41.30 
2017/01/24 41.15 42.10 41.00 41.40 
2017/02/02 41.80 41.90 40.80 41.45 
2017/02/03 41.00 42.40 40.70 41.50 
2017/02/06 42.90 44.50 42.00 42.20 
2017/02/07 43.00 44.30 42.40 43.95 
2017/02/08 45.60 48.30 45.25 47.15 
