2016/07/01 12.30 12.55 12.30 12.30 
2016/07/04 12.50 13.25 12.35 12.95 
2016/07/05 13.00 13.00 12.80 12.90 
2016/07/06 12.95 12.95 12.70 12.75 
2016/07/07 12.85 12.95 12.55 12.55 
2016/07/11 12.65 12.65 12.55 12.55 
2016/07/12 12.70 12.70 12.55 12.65 
2016/07/13 12.65 12.70 12.65 12.70 
2016/07/14 12.80 12.95 12.70 12.70 
2016/07/15 12.85 12.90 12.70 12.70 
2016/07/18 12.80 13.10 12.65 13.00 
2016/07/19 13.00 13.05 12.80 13.00 
2016/07/20 13.05 13.10 12.95 12.95 
2016/07/21 13.00 13.15 13.00 13.05 
2016/07/22 13.10 13.25 13.05 13.10 
2016/07/25 13.15 13.35 13.05 13.05 
2016/07/26 13.05 13.10 13.05 13.10 
2016/07/27 13.10 13.25 13.10 13.15 
2016/07/28 13.10 13.15 12.80 12.85 
2016/07/29 13.00 13.00 12.75 12.75 
2016/08/01 12.80 12.90 12.75 12.80 
2016/08/02 12.85 13.45 12.85 13.20 
2016/08/03 13.20 13.20 13.05 13.10 
2016/08/04 13.10 13.20 13.05 13.05 
2016/08/05 13.15 13.20 13.05 13.05 
2016/08/08 13.10 13.15 12.90 12.90 
2016/08/09 13.05 13.15 12.85 12.95 
2016/08/10 12.95 13.00 12.90 12.90 
2016/08/11 12.90 12.95 12.70 12.95 
2016/08/12 13.00 13.10 12.80 12.80 
2016/08/15 12.95 13.00 12.55 12.60 
2016/08/16 12.65 12.95 12.65 12.95 
2016/08/17 12.95 12.95 12.85 12.85 
2016/08/18 12.80 13.00 12.70 12.90 
2016/08/19 12.90 13.15 12.80 12.85 
2016/08/22 12.85 12.90 12.65 12.70 
2016/08/23 12.80 12.85 12.75 12.80 
2016/08/24 12.80 12.80 12.65 12.70 
2016/08/25 12.75 12.90 12.65 12.85 
2016/08/26 13.00 13.30 12.85 13.10 
2016/08/29 13.00 13.20 13.00 13.05 
2016/08/30 13.00 13.05 12.90 12.95 
2016/08/31 12.95 13.05 12.95 12.95 
2016/09/01 12.90 12.90 12.80 12.85 
2016/09/02 12.90 12.95 12.75 12.75 
2016/09/05 12.80 12.90 12.80 12.90 
2016/09/06 13.05 13.05 12.90 12.90 
2016/09/07 12.90 13.15 12.90 13.15 
2016/09/08 13.10 13.20 13.05 13.15 
2016/09/09 13.10 13.20 13.00 13.10 
2016/09/10 12.75 12.95 12.75 12.95 
2016/09/12 13.10 13.20 12.95 13.00 
2016/09/13 13.15 13.15 12.80 12.90 
2016/09/14 12.85 12.90 12.80 12.90 
2016/09/19 12.90 13.10 12.90 13.00 
2016/09/20 12.95 13.10 12.90 13.00 
2016/09/21 13.00 13.25 12.95 13.20 
2016/09/22 13.20 13.30 13.05 13.20 
2016/09/23 13.20 13.65 13.20 13.35 
2016/09/26 13.55 13.55 13.35 13.45 
2016/09/29 13.50 13.60 13.40 13.45 
2016/09/30 13.40 13.45 13.35 13.40 
2016/10/03 13.40 13.55 13.40 13.55 
2016/10/04 13.55 13.55 13.45 13.50 
2016/10/05 13.55 13.55 13.45 13.55 
2016/10/06 13.55 14.00 13.55 13.85 
2016/10/07 13.85 14.05 13.85 13.90 
2016/10/11 14.05 14.05 13.20 13.65 
2016/10/12 13.40 13.65 13.30 13.65 
2016/10/13 13.65 13.65 13.30 13.30 
2016/10/14 13.30 13.40 13.05 13.20 
2016/10/17 13.05 13.15 12.95 13.15 
2016/10/18 13.10 13.30 13.00 13.20 
2016/10/19 13.25 13.40 13.15 13.25 
2016/10/20 13.25 13.45 13.25 13.30 
2016/10/21 13.35 13.50 13.30 13.45 
2016/10/24 13.55 13.60 13.45 13.55 
2016/10/25 13.50 13.65 13.50 13.65 
2016/10/26 13.50 13.60 13.40 13.55 
2016/10/27 13.50 13.60 13.30 13.40 
2016/10/28 13.30 13.35 13.15 13.20 
2016/10/31 13.20 13.40 13.20 13.40 
2016/11/01 13.30 13.30 13.20 13.20 
2016/11/02 13.10 13.20 13.00 13.05 
2016/11/03 13.00 13.15 12.85 13.05 
2016/11/04 13.00 13.05 12.90 13.05 
2016/11/07 13.05 13.20 13.05 13.10 
2016/11/08 13.10 13.15 13.00 13.10 
2016/11/09 12.95 12.95 12.60 12.65 
2016/11/10 12.65 12.95 12.65 12.95 
2016/11/11 12.65 12.90 12.60 12.60 
2016/11/14 12.85 13.10 12.80 12.90 
2016/11/15 12.70 12.90 12.65 12.75 
2016/11/16 12.95 12.95 12.75 12.80 
2016/11/17 12.80 12.90 12.80 12.85 
2016/11/18 12.85 13.00 12.70 12.75 
2016/11/21 12.75 13.00 12.75 12.95 
2016/11/22 12.90 13.00 12.80 12.90 
2016/11/23 12.85 12.85 12.65 12.75 
2016/11/24 12.65 12.80 12.65 12.80 
2016/11/25 12.80 13.00 12.80 12.85 
2016/11/28 12.85 13.05 12.85 12.95 
2016/11/29 12.85 13.10 12.85 13.10 
2016/11/30 13.10 13.15 12.95 12.95 
2016/12/01 13.10 13.25 13.00 13.15 
2016/12/02 13.10 13.25 13.10 13.15 
2016/12/05 13.15 13.15 13.05 13.05 
2016/12/06 13.10 13.15 12.95 13.15 
2016/12/07 13.20 13.20 13.05 13.05 
2016/12/08 13.15 13.15 13.00 13.00 
2016/12/09 13.10 13.10 12.95 12.95 
2016/12/12 13.00 13.05 12.85 12.85 
2016/12/13 12.80 13.05 12.80 13.05 
2016/12/14 13.05 13.05 12.85 12.90 
2016/12/15 12.90 12.95 12.80 12.90 
2016/12/16 13.10 13.10 12.90 12.90 
2016/12/19 12.90 13.15 12.75 13.05 
2016/12/20 12.95 13.10 12.95 13.00 
2016/12/21 13.00 13.20 13.00 13.05 
2016/12/22 13.10 13.10 12.95 13.00 
2016/12/23 13.00 13.00 12.90 12.90 
2016/12/26 12.90 13.05 12.85 12.95 
2016/12/27 12.95 13.05 12.85 13.00 
2016/12/28 13.00 13.00 12.90 12.90 
2016/12/29 12.90 13.05 12.90 13.00 
2016/12/30 13.00 13.10 12.95 13.00 
2017/01/03 13.00 13.10 13.00 13.10 
2017/01/04 13.15 13.20 13.10 13.15 
2017/01/05 13.10 13.65 13.10 13.40 
2017/01/06 13.40 13.50 13.35 13.40 
2017/01/09 13.45 13.50 13.30 13.40 
2017/01/10 13.40 13.40 13.20 13.25 
2017/01/11 13.50 13.50 13.20 13.30 
2017/01/12 13.30 13.45 13.30 13.40 
2017/01/13 13.45 13.45 13.35 13.40 
2017/01/16 13.35 13.35 13.20 13.30 
2017/01/17 13.35 13.35 13.25 13.25 
2017/01/18 13.25 13.55 13.25 13.45 
2017/01/19 13.45 13.45 13.35 13.35 
2017/01/20 13.40 13.50 13.35 13.40 
2017/01/23 13.40 13.55 13.40 13.50 
2017/01/24 13.55 13.65 13.50 13.60 
2017/02/02 13.65 14.95 13.65 14.95 
2017/02/03 15.00 16.25 15.00 15.35 
2017/02/06 15.50 15.50 15.05 15.10 
2017/02/07 15.20 15.40 15.00 15.20 
2017/02/08 15.20 15.95 15.20 15.70 
