2016/07/01 22.10 24.30 22.05 22.70 
2016/07/04 23.00 23.10 22.30 22.60 
2016/07/05 22.60 22.90 22.35 22.45 
2016/07/06 22.40 22.40 22.05 22.05 
2016/07/07 22.05 23.55 22.05 23.15 
2016/07/11 23.35 23.80 22.90 23.00 
2016/07/12 23.00 23.70 22.70 22.85 
2016/07/13 23.00 23.20 22.90 22.90 
2016/07/14 22.90 23.10 22.70 22.80 
2016/07/15 23.00 24.85 23.00 23.20 
2016/07/18 23.50 23.50 22.50 22.75 
2016/07/19 22.75 22.95 22.55 22.75 
2016/07/20 22.80 22.90 22.50 22.75 
2016/07/21 23.15 23.65 23.15 23.40 
2016/07/22 23.30 23.40 23.00 23.00 
2016/07/25 23.15 23.15 22.80 22.85 
2016/07/26 22.85 23.25 22.85 23.25 
2016/07/27 23.80 23.80 23.15 23.20 
2016/07/28 23.45 23.65 23.05 23.20 
2016/07/29 23.20 23.40 22.95 22.95 
2016/08/01 23.00 23.15 22.90 22.95 
2016/08/02 23.00 23.00 22.85 23.00 
2016/08/03 22.70 22.90 22.70 22.90 
2016/08/04 22.90 23.00 22.60 22.65 
2016/08/05 22.65 22.90 22.65 22.75 
2016/08/08 22.80 23.05 22.80 22.90 
2016/08/09 22.90 23.15 22.80 22.80 
2016/08/10 22.70 22.80 22.60 22.65 
2016/08/11 23.30 23.90 23.00 23.10 
2016/08/12 23.20 24.10 23.15 23.70 
2016/08/15 24.10 24.50 23.85 24.20 
2016/08/16 24.20 24.80 24.05 24.05 
2016/08/17 24.10 24.15 23.40 23.40 
2016/08/18 23.80 23.80 23.30 23.60 
2016/08/19 23.80 23.80 23.50 23.60 
2016/08/22 23.60 23.60 23.25 23.40 
2016/08/23 23.40 23.40 23.10 23.30 
2016/08/24 23.40 23.80 23.40 23.55 
2016/08/25 22.45 23.10 22.35 22.40 
2016/08/26 22.50 22.70 22.45 22.50 
2016/08/29 22.75 22.75 22.20 22.45 
2016/08/30 22.45 22.60 22.45 22.50 
2016/08/31 22.50 22.55 22.40 22.40 
2016/09/01 22.40 22.70 22.30 22.45 
2016/09/02 22.50 22.55 22.20 22.20 
2016/09/05 22.20 22.45 22.20 22.40 
2016/09/06 22.50 22.50 22.35 22.50 
2016/09/07 22.70 22.70 22.40 22.50 
2016/09/08 22.50 22.80 22.50 22.60 
2016/09/09 22.50 22.80 22.45 22.60 
2016/09/10 22.30 22.50 22.20 22.40 
2016/09/12 22.40 22.65 22.20 22.40 
2016/09/13 22.50 22.50 22.15 22.30 
2016/09/14 22.30 22.30 22.15 22.15 
2016/09/19 22.20 22.25 22.15 22.20 
2016/09/20 22.10 22.20 22.00 22.15 
2016/09/21 22.05 22.35 22.05 22.35 
2016/09/22 22.40 22.60 22.30 22.45 
2016/09/23 22.50 22.55 22.40 22.55 
2016/09/26 22.50 22.50 22.40 22.45 
2016/09/29 22.50 22.90 22.50 22.65 
2016/09/30 22.80 22.80 22.40 22.65 
2016/10/03 23.50 24.80 23.20 23.90 
2016/10/04 24.25 25.00 24.05 24.60 
2016/10/05 24.70 24.85 24.30 24.50 
2016/10/06 24.55 24.55 23.90 24.35 
2016/10/07 24.40 24.40 23.75 23.80 
2016/10/11 24.20 24.20 23.05 23.40 
2016/10/12 23.50 23.55 23.15 23.25 
2016/10/13 23.40 23.55 23.30 23.45 
2016/10/14 23.45 23.60 22.70 23.00 
2016/10/17 22.90 23.20 22.80 23.05 
2016/10/18 23.05 23.30 23.00 23.00 
2016/10/19 23.10 23.15 22.95 23.00 
2016/10/20 23.00 23.20 22.95 23.00 
2016/10/21 23.00 23.85 23.00 23.60 
2016/10/24 23.55 24.45 23.55 24.20 
2016/10/25 24.30 24.35 23.90 23.90 
2016/10/26 23.90 24.50 23.85 24.05 
2016/10/27 24.10 24.10 23.40 23.45 
2016/10/28 23.50 23.55 23.35 23.35 
2016/10/31 23.35 23.40 23.00 23.40 
2016/11/01 23.25 23.40 23.15 23.35 
2016/11/02 23.20 23.20 22.70 22.70 
2016/11/03 22.60 22.60 22.30 22.40 
2016/11/04 22.20 22.70 22.20 22.50 
2016/11/07 22.60 23.00 22.60 22.85 
2016/11/08 23.05 23.25 22.80 22.85 
2016/11/09 22.85 23.10 21.50 22.00 
2016/11/10 22.35 22.85 22.15 22.40 
2016/11/11 22.50 22.50 21.60 21.60 
2016/11/14 21.40 21.95 21.35 21.70 
2016/11/15 21.75 21.80 21.65 21.70 
2016/11/16 22.45 22.45 21.65 21.75 
2016/11/17 21.75 21.75 21.60 21.60 
2016/11/18 21.50 21.70 21.45 21.70 
2016/11/21 21.70 22.15 21.70 22.00 
2016/11/22 22.00 22.30 22.00 22.10 
2016/11/23 22.10 22.20 22.05 22.05 
2016/11/24 22.15 22.15 21.95 21.95 
2016/11/25 21.85 22.20 21.85 22.10 
2016/11/28 22.35 22.35 22.05 22.05 
2016/11/29 22.05 22.30 22.05 22.05 
2016/11/30 22.15 22.30 21.95 21.95 
2016/12/01 22.00 22.05 21.90 22.05 
2016/12/02 22.00 22.00 21.75 21.80 
2016/12/05 21.80 21.80 21.50 21.60 
2016/12/06 21.80 22.00 21.70 21.75 
2016/12/07 21.75 21.80 21.70 21.70 
2016/12/08 22.10 22.20 21.95 22.00 
2016/12/09 21.90 21.90 21.75 21.75 
2016/12/12 21.75 21.80 21.65 21.65 
2016/12/13 21.65 21.85 21.65 21.70 
2016/12/14 21.70 21.80 21.70 21.80 
2016/12/15 21.85 22.30 21.85 22.00 
2016/12/16 22.00 22.15 21.90 22.00 
2016/12/19 22.05 22.05 21.85 21.85 
2016/12/20 21.90 22.05 21.90 22.05 
2016/12/21 22.15 22.45 22.00 22.25 
2016/12/22 22.30 22.30 22.00 22.10 
2016/12/23 21.95 22.10 21.95 21.95 
2016/12/26 22.00 22.00 21.85 21.85 
2016/12/27 21.95 22.30 21.85 21.85 
2016/12/28 22.20 22.25 21.90 22.25 
2016/12/29 22.25 22.25 21.95 22.00 
2016/12/30 21.95 22.20 21.95 22.10 
2017/01/03 22.10 22.70 22.10 22.65 
2017/01/04 22.80 22.80 22.45 22.60 
2017/01/05 22.75 23.70 22.65 23.60 
2017/01/06 23.60 23.90 23.30 23.50 
2017/01/09 23.50 23.50 22.90 22.95 
2017/01/10 22.95 23.00 22.80 22.90 
2017/01/11 22.95 23.00 22.65 22.85 
2017/01/12 22.85 23.05 22.85 23.00 
2017/01/13 23.00 23.00 22.65 22.75 
2017/01/16 22.75 22.90 22.65 22.80 
2017/01/17 23.00 23.10 22.90 23.00 
2017/01/18 23.00 23.00 22.80 22.85 
2017/01/19 22.95 23.00 22.90 23.00 
2017/01/20 23.00 23.25 23.00 23.15 
2017/01/23 23.65 25.45 23.45 25.45 
2017/01/24 26.80 27.70 26.15 27.00 
2017/02/02 28.00 28.10 26.60 27.60 
2017/02/03 27.95 28.50 27.05 28.40 
2017/02/06 29.60 30.35 28.90 29.60 
2017/02/07 29.60 30.30 29.05 29.60 
2017/02/08 29.60 32.55 29.40 32.55 
