2016/07/01 68.10 71.80 68.10 70.20 
2016/07/04 70.20 72.00 70.20 71.70 
2016/07/05 71.10 71.20 69.60 69.90 
2016/07/06 68.10 68.80 67.30 67.50 
2016/07/07 68.30 68.50 67.60 68.30 
2016/07/11 69.20 69.60 68.80 68.80 
2016/07/12 70.80 72.10 70.30 71.30 
2016/07/13 72.40 73.50 71.50 73.10 
2016/07/14 72.80 73.20 72.10 72.50 
2016/07/15 72.90 74.90 72.70 74.40 
2016/07/18 75.40 76.40 74.60 75.40 
2016/07/19 76.00 76.00 74.70 75.00 
2016/07/20 75.00 76.40 74.90 76.30 
2016/07/21 76.80 78.20 76.40 77.90 
2016/07/22 77.60 77.70 76.50 77.10 
2016/07/25 77.10 78.00 75.80 77.30 
2016/07/26 77.70 77.70 76.80 77.50 
2016/07/27 77.90 78.30 77.50 77.60 
2016/07/28 78.00 78.40 77.50 78.40 
2016/07/29 78.50 78.50 78.00 78.30 
2016/08/01 78.40 79.40 78.30 79.40 
2016/08/02 75.00 76.00 75.00 75.00 
2016/08/03 74.50 74.70 74.00 74.10 
2016/08/04 74.50 74.90 73.50 73.60 
2016/08/05 74.10 74.30 72.10 72.30 
2016/08/08 72.80 73.80 72.30 73.60 
2016/08/09 74.00 74.40 73.70 74.10 
2016/08/10 74.30 74.50 73.60 73.60 
2016/08/11 73.50 73.80 71.70 71.70 
2016/08/12 73.80 77.30 73.60 77.30 
2016/08/15 79.00 79.40 77.80 78.50 
2016/08/16 78.90 79.60 78.20 78.80 
2016/08/17 79.50 80.00 78.90 80.00 
2016/08/18 81.20 84.20 79.80 79.80 
2016/08/19 81.40 81.40 78.90 79.00 
2016/08/22 78.80 78.80 77.20 78.20 
2016/08/23 77.60 79.90 77.60 79.80 
2016/08/24 78.90 79.20 78.30 78.40 
2016/08/25 79.00 79.40 78.10 78.40 
2016/08/26 78.90 79.10 78.10 78.30 
2016/08/29 78.30 78.30 76.10 77.20 
2016/08/30 77.90 78.30 76.80 76.90 
2016/08/31 77.10 77.60 76.50 76.70 
2016/09/01 77.00 77.10 76.10 76.40 
2016/09/02 76.40 76.50 75.10 75.10 
2016/09/05 75.60 76.30 75.60 75.80 
2016/09/06 75.90 77.50 75.90 77.30 
2016/09/07 77.90 78.50 77.20 77.20 
2016/09/08 77.90 77.90 76.40 77.20 
2016/09/09 76.10 76.50 75.80 76.40 
2016/09/10 74.90 75.80 74.90 75.00 
2016/09/12 74.70 75.40 74.50 75.00 
2016/09/13 76.10 76.10 74.50 76.00 
2016/09/14 76.70 78.00 76.30 77.70 
2016/09/19 81.50 83.30 80.30 83.30 
2016/09/20 83.60 84.00 82.60 82.80 
2016/09/21 83.10 84.00 82.70 82.70 
2016/09/22 83.90 84.00 81.90 82.70 
2016/09/23 83.20 83.40 81.50 82.30 
2016/09/26 80.00 80.90 79.20 79.50 
2016/09/29 80.10 81.80 79.00 81.80 
2016/09/30 81.30 81.30 79.80 80.60 
2016/10/03 81.50 81.90 81.00 81.70 
2016/10/04 81.60 82.00 81.10 81.80 
2016/10/05 82.60 83.40 81.90 81.90 
2016/10/06 82.20 82.40 81.00 81.20 
2016/10/07 81.70 81.90 80.70 80.80 
2016/10/11 81.90 81.90 80.10 80.70 
2016/10/12 82.00 82.70 81.70 82.20 
2016/10/13 82.90 83.30 82.00 83.00 
2016/10/14 82.80 82.90 81.60 81.60 
2016/10/17 81.70 83.00 80.90 83.00 
2016/10/18 83.00 83.10 82.20 82.90 
2016/10/19 83.00 83.20 82.70 83.20 
2016/10/20 83.40 83.40 82.70 82.80 
2016/10/21 83.00 84.00 82.90 83.50 
2016/10/24 83.80 84.60 83.30 83.30 
2016/10/25 83.60 85.00 83.60 84.90 
2016/10/26 84.30 85.70 83.80 85.70 
2016/10/27 85.40 86.80 84.80 85.60 
2016/10/28 84.50 85.60 84.00 84.40 
2016/10/31 84.80 85.30 83.80 85.00 
2016/11/01 84.20 85.00 84.00 84.10 
2016/11/02 83.00 83.60 82.30 82.30 
2016/11/03 82.70 83.40 80.90 81.00 
2016/11/04 81.00 81.90 81.00 81.70 
2016/11/07 82.20 83.80 82.00 83.20 
2016/11/08 83.80 83.80 82.80 83.80 
2016/11/09 84.90 85.50 80.70 81.70 
2016/11/10 83.80 84.00 82.80 83.00 
2016/11/11 76.60 77.50 74.70 74.70 
2016/11/14 74.30 74.40 71.10 71.80 
2016/11/15 70.90 72.00 70.00 70.00 
2016/11/16 71.90 72.80 71.30 71.90 
2016/11/17 73.50 73.50 71.70 72.30 
2016/11/18 72.30 73.90 71.60 73.80 
2016/11/21 73.80 73.80 73.00 73.40 
2016/11/22 73.60 75.40 73.60 74.30 
2016/11/23 74.50 76.80 74.50 76.50 
2016/11/24 76.50 77.30 74.30 74.30 
2016/11/25 74.10 74.90 73.60 74.90 
2016/11/28 74.90 76.10 74.60 75.90 
2016/11/29 76.50 77.80 75.90 76.20 
2016/11/30 76.90 77.50 75.20 75.90 
2016/12/01 76.40 77.30 76.20 76.50 
2016/12/02 75.80 75.80 74.80 75.20 
2016/12/05 75.20 75.20 73.50 74.50 
2016/12/06 75.30 76.30 75.20 76.00 
2016/12/07 76.60 76.60 75.50 75.50 
2016/12/08 76.00 76.70 75.80 76.40 
2016/12/09 76.60 76.90 76.20 76.80 
2016/12/12 75.80 76.40 75.30 75.50 
2016/12/13 75.30 76.00 75.20 75.60 
2016/12/14 76.20 76.40 75.70 76.40 
2016/12/15 75.60 76.10 75.30 75.40 
2016/12/16 75.40 76.70 75.20 76.30 
2016/12/19 76.30 76.50 75.10 75.10 
2016/12/20 75.30 76.50 75.30 76.50 
2016/12/21 76.50 77.80 75.60 77.00 
2016/12/22 77.20 77.40 76.30 76.30 
2016/12/23 76.20 76.80 76.10 76.10 
2016/12/26 75.80 76.40 75.80 76.00 
2016/12/27 76.30 76.40 75.90 76.40 
2016/12/28 76.40 77.30 76.40 77.20 
2016/12/29 76.80 77.70 76.50 76.60 
2016/12/30 77.20 77.50 76.50 77.00 
2017/01/03 77.40 78.80 77.10 78.40 
2017/01/04 78.40 79.70 78.00 79.20 
2017/01/05 78.40 78.80 77.90 78.00 
2017/01/06 78.10 78.50 78.00 78.00 
2017/01/09 78.50 78.80 77.80 77.90 
2017/01/10 78.40 79.20 78.30 78.80 
2017/01/11 73.30 74.80 73.30 74.00 
2017/01/12 72.00 73.70 72.00 72.70 
2017/01/13 72.90 73.80 72.80 73.40 
2017/01/16 74.00 74.00 72.50 73.80 
2017/01/17 73.10 74.00 73.10 73.50 
2017/01/18 73.60 74.00 73.30 73.50 
2017/01/19 73.60 74.60 73.60 74.50 
2017/01/20 74.10 74.60 73.60 74.00 
2017/01/23 74.20 75.00 74.20 74.70 
2017/01/24 75.00 75.50 74.90 75.10 
2017/02/02 77.40 77.40 75.10 76.00 
2017/02/03 76.00 76.50 75.70 76.10 
2017/02/06 76.80 78.20 76.60 76.80 
2017/02/07 76.80 78.90 76.80 78.00 
2017/02/08 77.70 78.40 76.70 78.20 
