2016/07/01 6.30 6.31 6.13 6.15 
2016/07/04 6.01 6.76 6.01 6.58 
2016/07/05 6.54 6.75 6.43 6.73 
2016/07/06 6.66 6.74 6.55 6.70 
2016/07/07 6.61 6.80 6.60 6.60 
2016/07/11 6.55 6.84 6.55 6.76 
2016/07/12 6.73 6.82 6.61 6.61 
2016/07/13 6.61 6.72 6.34 6.56 
2016/07/14 6.55 6.62 6.36 6.36 
2016/07/15 6.38 6.54 6.38 6.54 
2016/07/18 6.56 6.56 6.22 6.25 
2016/07/19 6.25 6.47 6.10 6.25 
2016/07/20 6.34 6.42 6.20 6.29 
2016/07/21 6.29 6.77 6.23 6.40 
2016/07/22 6.40 6.49 6.34 6.40 
2016/07/25 6.32 6.48 6.30 6.37 
2016/07/26 6.29 6.38 6.29 6.29 
2016/07/27 6.36 6.37 6.34 6.34 
2016/07/28 6.27 6.38 6.27 6.38 
2016/07/29 6.35 6.39 6.17 6.17 
2016/08/01 6.26 6.26 6.10 6.10 
2016/08/02 6.21 6.36 6.14 6.33 
2016/08/03 6.33 6.50 6.30 6.34 
2016/08/04 6.40 6.49 6.37 6.40 
2016/08/05 6.40 6.51 6.25 6.34 
2016/08/08 6.57 6.57 6.32 6.32 
2016/08/09 6.44 6.44 6.26 6.28 
2016/08/10 6.30 6.39 6.29 6.30 
2016/08/11 6.21 6.44 6.21 6.38 
2016/08/12 6.32 6.39 6.27 6.30 
2016/08/15 6.24 6.35 6.11 6.11 
2016/08/16 6.15 6.29 6.15 6.29 
2016/08/17 6.29 6.29 6.15 6.20 
2016/08/18 6.15 6.28 6.15 6.25 
2016/08/19 6.23 6.35 6.22 6.22 
2016/08/22 6.30 6.30 6.17 6.18 
2016/08/23 6.16 6.31 6.16 6.23 
2016/08/24 6.22 6.35 6.22 6.26 
2016/08/25 6.25 6.29 6.24 6.25 
2016/08/26 6.27 6.32 6.25 6.28 
2016/08/29 6.35 6.43 6.25 6.37 
2016/08/30 6.40 6.40 6.33 6.37 
2016/08/31 6.40 6.88 6.37 6.79 
2016/09/01 6.77 7.46 6.77 7.46 
2016/09/02 7.50 8.15 7.50 7.76 
2016/09/05 7.76 7.76 7.58 7.75 
2016/09/06 7.75 7.75 7.51 7.51 
2016/09/07 7.59 7.59 7.00 7.00 
2016/09/08 7.11 7.38 7.11 7.30 
2016/09/09 7.21 7.21 7.12 7.17 
2016/09/10 7.10 7.10 7.07 7.10 
2016/09/12 7.05 7.09 7.00 7.03 
2016/09/13 7.03 7.18 7.03 7.10 
2016/09/14 7.04 7.10 7.04 7.04 
2016/09/19 7.18 7.48 7.04 7.48 
2016/09/20 7.30 8.22 7.30 8.22 
2016/09/21 8.80 9.00 8.72 8.75 
2016/09/22 8.98 8.98 8.30 8.30 
2016/09/23 8.30 8.42 8.20 8.28 
2016/09/26 8.25 8.35 8.13 8.15 
2016/09/29 8.10 8.34 8.10 8.13 
2016/09/30 8.10 8.23 8.10 8.23 
2016/10/03 8.22 8.63 8.22 8.56 
2016/10/04 8.60 8.99 8.60 8.80 
2016/10/05 8.85 8.85 8.52 8.58 
2016/10/06 8.70 8.85 8.59 8.80 
2016/10/07 8.68 8.70 8.55 8.61 
2016/10/11 8.31 8.76 8.31 8.51 
2016/10/12 8.40 8.62 8.40 8.62 
2016/10/13 8.65 8.70 8.48 8.52 
2016/10/14 8.41 8.42 8.21 8.24 
2016/10/17 8.24 8.35 8.20 8.22 
2016/10/18 8.20 8.25 8.10 8.15 
2016/10/19 8.10 8.80 8.10 8.36 
2016/10/20 8.36 8.36 8.31 8.33 
2016/10/21 8.33 8.33 8.30 8.31 
2016/10/24 8.31 8.36 8.27 8.36 
2016/10/25 8.33 8.33 8.20 8.20 
2016/10/26 8.29 8.29 8.20 8.28 
2016/10/27 8.27 8.77 8.09 8.20 
2016/10/28 8.24 8.30 8.20 8.20 
2016/10/31 8.28 8.67 8.28 8.60 
2016/11/01 8.69 8.71 8.45 8.46 
2016/11/02 8.45 8.45 8.25 8.38 
2016/11/03 8.20 8.30 8.20 8.23 
2016/11/04 8.26 8.31 8.21 8.31 
2016/11/07 8.50 8.85 8.43 8.58 
2016/11/08 8.45 8.68 8.40 8.47 
2016/11/09 8.41 8.53 8.15 8.15 
2016/11/10 8.27 8.46 8.27 8.40 
2016/11/11 8.26 8.45 8.26 8.45 
2016/11/14 8.45 8.50 8.42 8.48 
2016/11/15 8.43 8.49 8.38 8.49 
2016/11/16 8.50 8.75 8.50 8.50 
2016/11/17 8.45 8.59 8.45 8.52 
2016/11/18 8.47 9.37 8.47 9.35 
2016/11/21 9.40 9.51 9.20 9.45 
2016/11/22 9.35 9.79 9.35 9.43 
2016/11/23 9.50 9.50 9.23 9.30 
2016/11/24 9.30 9.35 8.91 8.91 
2016/11/25 9.00 9.05 8.81 8.91 
2016/11/28 8.86 8.91 8.68 8.69 
2016/11/29 8.64 8.73 8.50 8.60 
2016/11/30 8.55 8.62 8.40 8.40 
2016/12/01 8.35 8.63 8.35 8.56 
2016/12/02 8.56 8.65 8.53 8.65 
2016/12/05 8.70 8.70 8.60 8.60 
2016/12/06 8.68 8.69 8.55 8.56 
2016/12/07 8.60 8.87 8.53 8.65 
2016/12/08 8.72 8.99 8.72 8.92 
2016/12/09 8.92 8.92 8.75 8.75 
2016/12/12 8.96 8.96 8.75 8.80 
2016/12/13 8.89 8.89 8.75 8.76 
2016/12/14 8.83 8.86 8.78 8.84 
2016/12/15 8.80 8.93 8.67 8.70 
2016/12/16 8.70 8.79 8.58 8.72 
2016/12/19 8.64 8.76 8.60 8.60 
2016/12/20 8.63 8.64 8.50 8.60 
2016/12/21 8.52 8.60 8.50 8.50 
2016/12/22 8.35 8.49 8.35 8.40 
2016/12/23 8.44 8.50 8.41 8.49 
2016/12/26 8.44 8.49 8.35 8.35 
2016/12/27 8.35 8.69 8.35 8.51 
2016/12/28 8.51 8.52 8.40 8.42 
2016/12/29 8.43 8.67 8.43 8.59 
2016/12/30 8.60 8.65 8.55 8.64 
2017/01/03 8.66 8.68 8.60 8.68 
2017/01/04 8.70 8.80 8.65 8.66 
2017/01/05 8.78 9.15 8.68 9.00 
2017/01/06 9.01 9.13 9.01 9.08 
2017/01/09 9.18 9.60 9.15 9.40 
2017/01/10 9.56 9.56 9.21 9.30 
2017/01/11 9.40 10.20 9.40 9.99 
2017/01/12 10.10 10.10 9.90 10.10 
2017/01/13 10.10 10.40 9.90 10.25 
2017/01/16 10.25 10.25 9.93 9.95 
2017/01/17 9.95 9.95 9.55 9.57 
2017/01/18 9.63 9.95 9.63 9.85 
2017/01/19 10.05 10.05 9.74 9.75 
2017/01/20 9.80 9.84 9.60 9.60 
2017/01/23 9.51 9.75 9.51 9.52 
2017/01/24 9.71 9.71 8.87 9.15 
2017/02/02 9.17 9.57 9.17 9.42 
2017/02/03 9.60 9.60 9.47 9.56 
2017/02/06 9.60 9.70 9.60 9.70 
2017/02/07 9.78 9.82 9.70 9.80 
2017/02/08 9.95 10.20 9.82 10.00 
