2016/07/01 21.70 21.80 21.40 21.70 
2016/07/04 22.00 22.00 21.65 21.75 
2016/07/05 21.50 21.75 21.40 21.55 
2016/07/06 21.50 21.60 21.30 21.35 
2016/07/07 21.70 21.70 21.50 21.50 
2016/07/11 21.40 21.50 21.35 21.45 
2016/07/12 21.55 22.20 21.45 21.70 
2016/07/13 21.70 21.70 21.45 21.45 
2016/07/14 21.65 22.10 21.50 21.65 
2016/07/15 21.80 22.00 21.65 22.00 
2016/07/18 22.20 22.75 22.00 22.40 
2016/07/19 22.45 22.55 22.20 22.45 
2016/07/20 22.55 22.60 22.25 22.50 
2016/07/21 22.80 23.65 22.70 23.25 
2016/07/22 23.30 23.80 22.75 22.85 
2016/07/25 23.10 23.10 22.50 22.60 
2016/07/26 23.10 23.10 22.50 22.75 
2016/07/27 22.75 22.85 22.50 22.85 
2016/07/28 22.60 22.70 22.45 22.60 
2016/07/29 22.35 22.60 22.35 22.60 
2016/08/01 22.75 22.75 22.50 22.60 
2016/08/02 22.80 22.85 22.70 22.75 
2016/08/03 22.55 22.80 22.50 22.65 
2016/08/04 22.60 23.50 22.60 23.05 
2016/08/05 23.15 23.60 22.95 23.40 
2016/08/08 23.70 24.35 23.55 23.70 
2016/08/09 24.00 24.00 23.10 23.20 
2016/08/10 23.30 23.50 23.00 23.00 
2016/08/11 22.75 22.75 22.15 22.35 
2016/08/12 22.35 22.95 22.35 22.95 
2016/08/15 22.70 23.00 22.60 23.00 
2016/08/16 25.30 25.30 24.00 24.45 
2016/08/17 24.10 24.40 23.75 23.85 
2016/08/18 23.90 24.30 23.90 24.25 
2016/08/19 24.20 24.25 24.00 24.25 
2016/08/22 24.25 24.25 23.60 23.75 
2016/08/23 23.80 24.05 23.50 24.00 
2016/08/24 24.00 24.40 23.85 24.15 
2016/08/25 23.00 23.40 23.00 23.30 
2016/08/26 23.40 23.40 23.15 23.30 
2016/08/29 23.05 23.30 23.05 23.15 
2016/08/30 23.20 23.40 23.20 23.35 
2016/08/31 23.30 23.45 23.25 23.25 
2016/09/01 23.30 23.95 23.30 23.70 
2016/09/02 23.90 23.90 23.45 23.50 
2016/09/05 23.65 24.10 23.65 23.75 
2016/09/06 23.75 24.15 23.65 24.10 
2016/09/07 24.30 24.40 24.10 24.25 
2016/09/08 24.30 25.20 24.30 25.10 
2016/09/09 25.00 27.55 25.00 26.80 
2016/09/10 26.25 26.70 25.80 26.00 
2016/09/12 26.45 26.85 25.90 26.65 
2016/09/13 27.20 27.80 26.25 26.40 
2016/09/14 26.40 26.75 25.65 25.95 
2016/09/19 25.95 26.40 25.95 26.10 
2016/09/20 26.40 27.35 26.35 27.25 
2016/09/21 27.35 27.45 27.00 27.10 
2016/09/22 27.60 27.90 27.05 27.70 
2016/09/23 28.00 28.10 27.30 27.30 
2016/09/26 27.25 27.25 26.65 26.65 
2016/09/29 26.70 26.70 26.00 26.20 
2016/09/30 26.20 26.30 25.80 25.85 
2016/10/03 25.85 26.30 25.85 26.25 
2016/10/04 26.35 26.35 25.90 26.00 
2016/10/05 26.05 26.75 26.05 26.30 
2016/10/06 26.35 26.45 26.20 26.40 
2016/10/07 26.50 26.50 26.25 26.35 
2016/10/11 26.05 26.30 24.00 24.60 
2016/10/12 24.55 24.85 24.50 24.65 
2016/10/13 24.65 24.85 23.85 24.00 
2016/10/14 24.10 24.25 23.95 24.20 
2016/10/17 24.55 24.55 24.00 24.15 
2016/10/18 24.40 24.75 24.20 24.30 
2016/10/19 24.30 24.70 24.30 24.65 
2016/10/20 24.80 25.00 24.30 24.85 
2016/10/21 24.80 24.80 24.40 24.45 
2016/10/24 24.65 24.85 24.40 24.80 
2016/10/25 24.85 24.85 24.55 24.60 
2016/10/26 24.45 25.05 24.45 24.80 
2016/10/27 24.85 24.85 24.60 24.60 
2016/10/28 24.65 24.65 24.15 24.15 
2016/10/31 24.00 24.30 24.00 24.20 
2016/11/01 24.45 24.45 24.05 24.15 
2016/11/02 24.25 24.25 23.70 23.80 
2016/11/03 23.80 24.10 23.80 23.80 
2016/11/04 23.80 24.05 23.70 23.85 
2016/11/07 23.90 24.00 23.65 23.95 
2016/11/08 23.95 23.95 23.60 23.65 
2016/11/09 23.90 23.90 22.85 22.95 
2016/11/10 23.45 23.60 23.25 23.45 
2016/11/11 23.20 23.75 23.05 23.30 
2016/11/14 23.50 25.20 23.50 25.20 
2016/11/15 25.10 25.30 24.85 25.00 
2016/11/16 25.05 25.15 24.70 24.70 
2016/11/17 25.00 25.00 24.60 24.60 
2016/11/18 24.65 25.10 24.60 25.00 
2016/11/21 24.70 25.00 24.70 24.90 
2016/11/22 25.00 25.00 24.80 24.80 
2016/11/23 24.90 25.10 24.65 24.70 
2016/11/24 24.70 24.70 24.50 24.60 
2016/11/25 24.50 24.55 24.40 24.55 
2016/11/28 24.65 24.80 24.60 24.65 
2016/11/29 24.65 24.80 24.65 24.75 
2016/11/30 24.85 25.10 24.85 24.95 
2016/12/01 24.95 25.00 24.80 24.85 
2016/12/02 25.30 25.45 24.90 25.30 
2016/12/05 25.20 25.30 24.90 24.95 
2016/12/06 25.10 25.10 24.90 24.90 
2016/12/07 24.90 25.00 24.85 24.90 
2016/12/08 25.00 25.05 24.80 25.00 
2016/12/09 25.10 25.10 24.85 24.90 
2016/12/12 24.90 25.05 24.60 24.65 
2016/12/13 24.55 24.90 24.55 24.70 
2016/12/14 24.80 24.85 24.75 24.80 
2016/12/15 24.70 25.15 24.55 25.05 
2016/12/16 25.10 26.00 24.95 25.70 
2016/12/19 25.70 25.70 25.35 25.40 
2016/12/20 25.40 25.65 25.40 25.55 
2016/12/21 25.70 26.35 25.60 26.00 
2016/12/22 25.80 26.00 25.50 25.50 
2016/12/23 25.70 25.75 25.50 25.70 
2016/12/26 25.70 25.90 25.45 25.70 
2016/12/27 25.70 25.70 25.45 25.45 
2016/12/28 25.70 26.70 25.50 26.25 
2016/12/29 26.15 26.50 26.00 26.20 
2016/12/30 26.25 26.70 26.10 26.55 
2017/01/03 26.70 26.70 26.25 26.25 
2017/01/04 26.55 26.55 26.25 26.30 
2017/01/05 26.35 26.35 26.10 26.20 
2017/01/06 26.10 26.15 25.85 25.85 
2017/01/09 25.85 26.00 25.80 26.00 
2017/01/10 26.15 26.20 25.90 26.20 
2017/01/11 26.70 26.70 26.25 26.45 
2017/01/12 26.50 26.70 26.35 26.35 
2017/01/13 26.00 26.35 26.00 26.05 
2017/01/16 25.90 26.15 25.90 26.00 
2017/01/17 26.00 26.10 25.85 25.85 
2017/01/18 25.95 26.20 25.95 26.10 
2017/01/19 26.00 26.20 25.95 26.10 
2017/01/20 26.35 26.40 26.10 26.15 
2017/01/23 26.15 26.25 26.05 26.25 
2017/01/24 26.40 26.40 25.95 26.10 
2017/02/02 26.20 26.50 25.70 26.30 
2017/02/03 26.20 26.40 26.10 26.40 
2017/02/06 26.55 26.65 26.05 26.60 
2017/02/07 26.70 27.05 26.45 27.05 
2017/02/08 27.15 28.60 27.15 28.55 
