2016/07/01 214.50 217.50 214.00 216.00 
2016/07/04 217.50 225.00 217.50 221.50 
2016/07/05 222.00 225.00 219.00 225.00 
2016/07/06 224.00 228.50 222.00 226.50 
2016/07/07 229.00 234.00 225.50 225.50 
2016/07/11 230.00 231.00 227.00 231.00 
2016/07/12 230.00 237.00 229.00 234.50 
2016/07/13 236.00 243.00 233.50 239.50 
2016/07/14 239.50 246.50 239.50 244.50 
2016/07/15 244.50 265.00 244.50 248.00 
2016/07/18 253.00 254.00 244.00 250.00 
2016/07/19 250.00 264.00 250.00 263.50 
2016/07/20 261.00 261.50 253.00 255.00 
2016/07/21 255.00 262.50 254.00 255.00 
2016/07/22 256.00 256.00 246.50 246.50 
2016/07/25 248.00 249.00 236.50 245.50 
2016/07/26 247.00 253.00 242.50 253.00 
2016/07/27 253.00 253.00 247.50 248.00 
2016/07/28 249.00 252.50 247.00 248.00 
2016/07/29 248.00 251.50 248.00 249.50 
2016/08/01 250.00 260.00 250.00 260.00 
2016/08/02 260.00 262.00 257.00 262.00 
2016/08/03 261.00 266.50 258.50 265.50 
2016/08/04 270.00 274.00 251.50 251.50 
2016/08/05 250.00 253.50 238.50 242.00 
2016/08/08 245.00 251.00 244.00 251.00 
2016/08/09 252.50 254.50 241.00 244.00 
2016/08/10 249.00 249.00 243.00 246.00 
2016/08/11 247.00 249.50 241.50 247.50 
2016/08/12 249.00 250.00 244.00 244.50 
2016/08/15 247.50 255.50 245.00 253.50 
2016/08/16 255.50 257.00 251.00 252.00 
2016/08/17 255.50 258.00 253.50 258.00 
2016/08/18 258.00 263.50 257.50 262.00 
2016/08/19 214.50 215.00 203.00 203.00 
2016/08/22 205.00 208.50 200.00 208.00 
2016/08/23 210.00 218.50 210.00 216.00 
2016/08/24 218.00 220.50 213.50 213.50 
2016/08/25 214.50 215.50 211.00 214.00 
2016/08/26 214.00 215.50 210.00 212.00 
2016/08/29 214.00 215.00 212.00 214.00 
2016/08/30 214.00 222.00 213.00 219.00 
2016/08/31 221.50 228.00 221.00 223.00 
2016/09/01 223.00 227.00 222.00 227.00 
2016/09/02 228.50 238.00 226.00 233.00 
2016/09/05 235.50 249.50 235.00 246.50 
2016/09/06 246.00 250.50 241.50 244.00 
2016/09/07 245.00 248.50 242.00 243.50 
2016/09/08 244.00 246.00 238.00 240.00 
2016/09/09 243.00 247.50 236.50 237.50 
2016/09/10 232.00 234.50 222.50 233.00 
2016/09/12 232.00 235.50 228.00 229.00 
2016/09/13 233.00 237.50 231.50 233.50 
2016/09/14 233.00 237.50 226.00 226.00 
2016/09/19 230.50 240.00 228.50 240.00 
2016/09/20 239.50 247.00 236.50 239.00 
2016/09/21 240.00 241.00 232.00 234.50 
2016/09/22 235.50 236.50 230.50 235.00 
2016/09/23 235.50 237.50 231.50 232.00 
2016/09/26 233.00 233.00 224.50 225.50 
2016/09/29 228.50 229.00 223.00 228.00 
2016/09/30 228.00 229.00 223.50 225.00 
2016/10/03 227.50 227.50 218.50 218.50 
2016/10/04 221.00 225.00 220.50 222.00 
2016/10/05 223.50 224.00 218.00 218.00 
2016/10/06 221.50 224.00 218.50 224.00 
2016/10/07 224.00 224.00 218.50 219.00 
2016/10/11 222.00 222.50 211.00 215.00 
2016/10/12 215.00 219.00 213.50 219.00 
2016/10/13 219.00 219.00 215.00 217.00 
2016/10/14 219.00 221.50 208.00 208.00 
2016/10/17 209.50 211.50 204.00 208.00 
2016/10/18 208.50 214.00 208.00 214.00 
2016/10/19 214.50 214.50 209.50 209.50 
2016/10/20 209.00 212.00 208.50 210.00 
2016/10/21 208.00 211.50 205.50 205.50 
2016/10/24 206.50 207.00 201.00 204.50 
2016/10/25 207.50 212.50 206.00 209.00 
2016/10/26 209.00 213.00 205.50 205.50 
2016/10/27 205.50 208.00 205.50 206.00 
2016/10/28 207.00 209.50 205.50 205.50 
2016/10/31 205.00 205.50 202.50 205.50 
2016/11/01 206.50 209.00 205.50 206.50 
2016/11/02 206.00 206.00 197.00 197.50 
2016/11/03 195.00 199.00 187.00 188.50 
2016/11/04 187.00 194.50 187.00 190.50 
2016/11/07 194.50 196.00 192.50 193.50 
2016/11/08 195.00 196.50 189.50 192.50 
2016/11/09 192.50 193.00 178.00 179.00 
2016/11/10 187.00 196.50 184.50 196.50 
2016/11/11 189.50 193.50 189.00 191.00 
2016/11/14 191.00 193.00 186.00 189.00 
2016/11/15 189.00 193.00 188.00 188.00 
2016/11/16 191.00 194.00 190.50 191.00 
2016/11/17 191.00 193.00 189.50 193.00 
2016/11/18 197.00 204.50 197.00 200.00 
2016/11/21 199.00 200.50 197.50 199.50 
2016/11/22 201.00 208.00 201.00 202.50 
2016/11/23 204.00 207.00 202.50 202.50 
2016/11/24 203.00 206.00 203.00 203.00 
2016/11/25 205.00 209.00 204.00 205.00 
2016/11/28 206.50 207.00 204.00 204.00 
2016/11/29 205.00 214.50 205.00 208.00 
2016/11/30 207.00 209.00 205.50 206.00 
2016/12/01 207.00 212.50 206.50 211.50 
2016/12/02 210.00 212.00 208.00 208.50 
2016/12/05 210.50 214.50 207.00 214.00 
2016/12/06 217.00 224.50 216.00 221.00 
2016/12/07 223.00 227.00 221.00 222.00 
2016/12/08 225.50 225.50 219.00 220.00 
2016/12/09 223.00 227.50 220.50 221.00 
2016/12/12 222.00 223.50 216.00 217.50 
2016/12/13 217.50 221.00 213.50 221.00 
2016/12/14 221.00 225.50 221.00 221.50 
2016/12/15 220.00 222.50 218.50 221.00 
2016/12/16 222.50 229.00 221.50 227.00 
2016/12/19 226.00 227.00 222.00 222.00 
2016/12/20 223.50 225.00 219.00 219.00 
2016/12/21 218.00 219.50 214.00 216.50 
2016/12/22 218.00 220.50 216.50 216.50 
2016/12/23 215.50 218.00 214.00 214.00 
2016/12/26 215.50 216.00 213.50 215.50 
2016/12/27 216.00 220.50 216.00 217.50 
2016/12/28 219.50 223.00 219.50 221.00 
2016/12/29 220.00 222.00 219.00 219.00 
2016/12/30 221.00 222.50 219.00 221.00 
2017/01/03 221.00 223.00 219.50 220.00 
2017/01/04 222.00 222.00 215.00 215.50 
2017/01/05 218.00 219.00 214.00 219.00 
2017/01/06 219.50 219.50 215.50 215.50 
2017/01/09 214.50 214.50 201.50 203.50 
2017/01/10 204.50 206.00 201.50 204.00 
2017/01/11 204.00 210.00 202.50 206.00 
2017/01/12 207.50 209.00 206.00 206.00 
2017/01/13 205.00 211.50 203.00 209.50 
2017/01/16 211.00 217.00 211.00 214.00 
2017/01/17 215.50 216.50 212.50 214.00 
2017/01/18 215.00 217.00 214.50 216.50 
2017/01/19 217.50 223.50 217.50 217.50 
2017/01/20 219.50 221.00 217.00 217.00 
2017/01/23 219.00 219.50 218.00 219.00 
2017/01/24 221.00 221.00 217.50 217.50 
2017/02/02 218.50 219.50 214.00 217.50 
2017/02/03 217.50 228.50 217.50 226.00 
2017/02/06 226.50 226.50 222.00 222.00 
2017/02/07 220.50 221.50 218.00 219.00 
2017/02/08 218.50 222.00 218.00 219.00 
