2016/07/01 15.50 15.50 15.50 15.50 
2016/07/04 15.55 15.60 15.55 15.60 
2016/07/05 15.00 15.00 15.00 15.00 
2016/07/06 15.00 15.00 15.00 15.00 
2016/07/07 15.00 15.00 15.00 15.00 
2016/07/11 13.60 15.80 13.60 15.00 
2016/07/12 15.00 15.80 15.00 15.80 
2016/07/13 15.15 15.15 15.15 15.15 
2016/07/14 15.25 15.25 15.00 15.25 
2016/07/15 15.05 15.50 15.05 15.20 
2016/07/18 15.25 15.25 15.25 15.25 
2016/07/19 15.30 15.30 15.30 15.30 
2016/07/29 14.05 15.00 14.05 14.60 
2016/08/01 15.05 15.20 15.00 15.20 
2016/08/03 14.30 14.30 14.30 14.30 
2016/08/04 14.50 14.50 14.50 14.50 
2016/08/05 15.00 15.50 14.95 15.10 
2016/08/08 15.40 16.60 15.40 16.60 
2016/08/09 18.25 18.25 17.60 18.25 
2016/08/10 18.45 18.65 17.80 18.20 
2016/08/11 16.90 17.95 16.90 17.05 
2016/08/12 17.30 18.75 17.30 18.75 
2016/08/15 19.05 19.05 17.40 17.75 
2016/08/16 17.80 18.15 17.50 17.80 
2016/08/17 17.60 17.80 17.45 17.45 
2016/08/18 17.50 17.85 17.40 17.60 
2016/08/19 17.95 17.95 17.35 17.35 
2016/08/22 17.90 17.90 17.10 17.10 
2016/08/23 17.15 17.15 16.50 16.75 
2016/08/24 17.10 17.10 16.40 16.40 
2016/08/25 16.40 16.80 16.40 16.80 
2016/08/26 16.40 16.70 16.30 16.40 
2016/08/29 16.10 16.65 15.85 15.85 
2016/08/30 16.00 16.50 15.85 16.50 
2016/08/31 16.55 16.90 16.35 16.85 
2016/09/01 16.50 17.35 16.45 17.25 
2016/09/02 16.55 17.00 16.55 16.90 
2016/09/05 16.90 16.90 16.55 16.75 
2016/09/06 17.70 17.70 16.75 17.10 
2016/09/07 16.65 17.65 16.55 16.55 
2016/09/08 17.15 17.15 16.60 17.10 
2016/09/09 17.10 17.80 17.05 17.50 
2016/09/10 16.80 17.50 16.75 17.50 
2016/09/12 16.55 17.55 16.55 17.50 
2016/09/13 17.65 17.65 17.05 17.45 
2016/09/19 17.00 17.40 17.00 17.40 
2016/09/20 17.60 17.60 16.70 17.35 
2016/09/21 17.10 17.60 17.00 17.10 
2016/09/22 17.10 17.50 16.95 17.35 
2016/09/23 17.15 17.45 17.15 17.45 
2016/09/26 17.05 17.30 17.00 17.30 
2016/09/29 17.30 17.40 17.15 17.35 
2016/09/30 17.30 17.40 17.05 17.30 
2016/10/03 17.45 17.45 17.00 17.20 
2016/10/04 17.35 17.35 16.95 17.25 
2016/10/05 16.95 17.40 16.95 17.40 
2016/10/06 17.35 17.45 17.10 17.30 
2016/10/07 17.20 17.35 17.10 17.10 
2016/10/11 16.60 17.20 16.50 17.20 
2016/10/12 16.55 16.85 16.50 16.85 
2016/10/13 17.00 17.00 16.50 16.95 
2016/10/14 16.30 16.85 16.30 16.80 
2016/10/17 16.50 16.80 16.50 16.80 
2016/10/18 16.45 16.80 16.40 16.80 
2016/10/19 16.55 18.20 16.55 17.55 
2016/10/20 17.80 17.80 16.80 17.60 
2016/10/21 17.45 17.60 17.10 17.50 
2016/10/24 17.45 17.45 17.45 17.45 
2016/10/25 18.05 18.05 17.20 17.45 
2016/10/26 17.35 17.60 17.35 17.60 
2016/10/27 17.25 17.55 17.20 17.55 
2016/10/28 17.10 17.50 17.00 17.50 
2016/10/31 17.05 17.35 16.95 17.30 
2016/11/01 16.85 17.35 16.85 17.30 
2016/11/02 17.35 17.35 17.10 17.25 
2016/11/03 16.95 17.20 16.85 17.15 
2016/11/07 16.80 16.80 16.65 16.65 
2016/11/08 16.65 16.90 16.65 16.75 
2016/11/09 16.55 16.95 16.50 16.95 
2016/11/10 16.95 16.95 16.95 16.95 
2016/11/11 17.00 17.00 16.40 17.00 
2016/11/14 17.00 17.40 16.60 17.15 
2016/11/15 17.35 17.45 17.00 17.40 
2016/11/16 17.40 17.45 17.40 17.40 
2016/11/17 17.40 17.70 17.10 17.70 
2016/11/18 17.15 17.80 17.05 17.75 
2016/11/21 17.65 17.70 17.50 17.70 
2016/11/22 17.65 17.70 17.50 17.60 
2016/11/23 17.40 17.75 17.40 17.70 
2016/11/24 17.25 17.70 17.25 17.70 
2016/11/25 17.40 17.70 17.10 17.15 
2016/11/28 17.20 18.65 17.20 18.40 
2016/11/29 18.50 18.50 17.75 18.15 
2016/11/30 18.00 18.30 17.55 18.30 
2016/12/01 18.25 18.25 17.85 18.15 
2016/12/02 18.15 19.95 18.15 19.50 
2016/12/05 19.40 19.40 18.20 18.60 
2016/12/06 18.65 18.75 18.35 18.70 
2016/12/07 18.65 18.70 18.35 18.50 
2016/12/08 18.60 18.70 18.35 18.70 
2016/12/09 18.50 19.90 18.50 19.25 
2016/12/12 19.65 19.95 19.30 19.45 
2016/12/13 19.30 19.75 19.00 19.40 
2016/12/14 19.40 19.40 18.75 18.75 
2016/12/15 18.65 18.80 18.60 18.80 
2016/12/16 18.90 19.15 18.55 18.70 
2016/12/19 18.50 18.55 18.20 18.35 
2016/12/20 18.35 18.60 18.20 18.45 
2016/12/21 18.65 18.85 18.35 18.85 
2016/12/22 18.85 19.35 18.80 19.10 
2016/12/23 18.95 19.20 18.65 19.00 
2016/12/26 18.70 19.25 18.70 19.15 
2016/12/27 19.00 19.15 18.90 19.05 
2016/12/28 19.05 19.35 18.70 19.15 
2016/12/29 19.05 19.15 18.75 19.05 
2016/12/30 19.10 19.10 18.80 18.80 
2017/01/03 19.10 19.10 18.50 18.95 
2017/01/04 18.95 19.00 18.70 18.95 
2017/01/05 18.70 19.20 18.70 19.20 
2017/01/06 19.20 19.30 18.90 18.95 
2017/01/09 18.95 19.25 18.80 19.15 
2017/01/10 19.15 19.25 18.70 19.10 
2017/01/11 18.55 18.55 17.35 18.25 
2017/01/12 18.20 18.35 17.75 18.20 
2017/01/13 18.25 18.40 17.90 18.30 
2017/01/16 18.15 18.15 18.15 18.15 
2017/01/17 18.05 18.15 17.85 18.15 
2017/01/18 18.20 18.40 17.80 18.30 
2017/01/19 18.10 18.30 18.10 18.30 
2017/01/20 18.00 18.25 18.00 18.20 
2017/01/23 17.90 18.50 17.90 18.50 
2017/01/24 18.45 18.60 18.25 18.50 
2017/02/02 18.50 18.75 18.45 18.70 
2017/02/03 18.70 19.10 18.45 19.10 
2017/02/06 19.10 19.35 18.95 18.95 
2017/02/07 18.80 19.30 18.70 18.95 
2017/02/08 19.00 19.10 18.55 19.00 
