2016/07/01 43.35 43.85 43.35 43.50 
2016/07/04 41.00 41.50 40.65 41.10 
2016/07/05 41.30 41.50 41.00 41.20 
2016/07/06 41.10 41.10 40.55 41.00 
2016/07/07 42.00 42.10 41.50 41.65 
2016/07/11 41.90 41.95 41.45 41.55 
2016/07/12 41.95 42.25 41.75 41.80 
2016/07/13 42.40 42.45 41.85 42.25 
2016/07/14 42.40 42.40 42.10 42.20 
2016/07/15 42.50 42.75 42.25 42.70 
2016/07/18 44.00 44.00 42.65 42.80 
2016/07/19 42.80 42.85 41.85 42.40 
2016/07/20 42.35 42.50 42.10 42.10 
2016/07/21 42.20 42.60 42.20 42.30 
2016/07/22 42.25 42.50 42.00 42.25 
2016/07/25 42.40 42.50 42.00 42.05 
2016/07/26 42.20 43.00 42.10 43.00 
2016/07/27 43.50 43.50 42.75 42.85 
2016/07/28 42.85 42.90 42.40 42.75 
2016/07/29 42.85 43.00 42.75 42.85 
2016/08/01 42.90 43.70 42.90 43.50 
2016/08/02 43.95 44.25 43.65 44.05 
2016/08/03 45.10 45.65 44.25 44.25 
2016/08/04 44.70 44.75 43.90 44.10 
2016/08/05 44.50 45.20 44.30 45.10 
2016/08/08 45.50 45.60 44.75 44.85 
2016/08/09 43.70 43.70 41.30 42.00 
2016/08/10 42.45 42.55 41.00 41.10 
2016/08/11 41.10 41.45 40.80 41.45 
2016/08/12 41.60 41.65 41.00 41.10 
2016/08/15 41.65 42.30 41.60 42.25 
2016/08/16 42.45 42.50 42.00 42.35 
2016/08/17 42.30 42.40 41.60 41.85 
2016/08/18 41.85 42.35 41.85 42.10 
2016/08/19 42.10 42.20 41.70 41.70 
2016/08/22 41.70 41.80 41.00 41.00 
2016/08/23 41.20 41.20 40.45 40.70 
2016/08/24 40.80 41.10 40.55 41.00 
2016/08/25 41.00 41.30 41.00 41.30 
2016/08/26 41.30 41.45 40.85 40.95 
2016/08/29 40.85 41.00 40.50 41.00 
2016/08/30 41.00 41.10 40.70 40.80 
2016/08/31 40.75 40.95 40.60 40.75 
2016/09/01 40.75 40.90 40.60 40.80 
2016/09/02 40.80 40.90 40.00 40.30 
2016/09/05 40.40 40.55 40.15 40.20 
2016/09/06 40.30 40.40 39.40 39.50 
2016/09/07 39.55 40.20 39.55 40.00 
2016/09/08 40.10 40.25 39.75 39.85 
2016/09/09 39.35 39.35 38.45 38.70 
2016/09/10 38.15 38.50 38.15 38.40 
2016/09/12 38.40 38.75 38.20 38.25 
2016/09/13 38.45 38.45 37.40 37.55 
2016/09/14 37.30 37.50 37.10 37.50 
2016/09/19 38.00 38.20 37.70 38.15 
2016/09/20 38.30 39.30 38.30 38.95 
2016/09/21 39.20 39.20 38.50 38.95 
2016/09/22 38.90 39.05 38.60 38.80 
2016/09/23 38.95 39.20 38.80 38.95 
2016/09/26 38.80 38.90 38.65 38.65 
2016/09/29 38.65 38.80 38.30 38.30 
2016/09/30 38.30 38.50 38.00 38.10 
2016/10/03 37.85 38.55 37.85 38.30 
2016/10/04 38.30 39.70 38.30 39.40 
2016/10/05 39.30 39.60 39.10 39.25 
2016/10/06 39.20 39.20 38.85 38.95 
2016/10/07 39.00 39.10 38.60 38.95 
2016/10/11 38.60 38.60 37.30 37.90 
2016/10/12 37.90 38.50 37.50 38.20 
2016/10/13 38.20 38.40 37.80 38.30 
2016/10/14 38.20 38.20 37.65 37.80 
2016/10/17 37.95 37.95 37.70 37.80 
2016/10/18 37.80 37.95 37.60 37.85 
2016/10/19 37.95 38.10 37.85 37.90 
2016/10/20 37.80 38.20 37.70 37.90 
2016/10/21 38.05 38.20 37.80 37.85 
2016/10/24 37.90 38.35 37.90 38.35 
2016/10/25 38.50 38.80 38.35 38.45 
2016/10/26 38.40 38.70 38.15 38.45 
2016/10/27 38.45 38.45 37.95 37.95 
2016/10/28 37.85 37.85 37.40 37.60 
2016/10/31 37.45 37.70 37.45 37.65 
2016/11/01 37.75 37.85 37.50 37.75 
2016/11/02 37.55 38.15 37.50 37.60 
2016/11/03 38.05 38.10 37.00 37.35 
2016/11/04 37.40 37.60 37.15 37.15 
2016/11/07 37.25 37.80 37.15 37.70 
2016/11/08 37.85 37.85 37.00 37.40 
2016/11/09 37.35 37.35 35.55 35.60 
2016/11/10 36.35 36.75 36.10 36.65 
2016/11/11 36.00 36.20 35.35 36.15 
2016/11/14 35.90 36.00 35.05 35.75 
2016/11/15 35.70 35.90 35.40 35.80 
2016/11/16 36.05 36.15 35.80 35.90 
2016/11/17 36.00 36.00 35.40 35.70 
2016/11/18 36.00 36.25 35.60 35.95 
2016/11/21 36.00 36.25 35.40 36.25 
2016/11/22 36.30 36.55 36.25 36.25 
2016/11/23 36.50 37.05 36.45 36.65 
2016/11/24 36.75 36.80 36.35 36.65 
2016/11/25 36.70 37.00 36.70 36.80 
2016/11/28 36.80 36.90 36.40 36.80 
2016/11/29 37.10 38.30 37.10 37.80 
2016/11/30 37.75 37.90 37.40 37.50 
2016/12/01 37.40 37.60 37.25 37.55 
2016/12/02 37.65 37.65 37.25 37.45 
2016/12/05 37.30 37.30 36.60 36.75 
2016/12/06 36.80 37.15 36.80 36.80 
2016/12/07 36.85 37.20 36.85 37.00 
2016/12/08 37.40 37.40 37.05 37.15 
2016/12/09 37.05 37.10 36.70 36.90 
2016/12/12 36.95 37.15 36.90 37.00 
2016/12/13 37.10 37.35 37.00 37.10 
2016/12/14 37.20 37.25 37.05 37.20 
2016/12/15 37.20 37.25 37.05 37.15 
2016/12/16 37.25 38.25 37.25 38.05 
2016/12/19 37.90 37.90 37.50 37.55 
2016/12/20 37.60 37.65 37.10 37.30 
2016/12/21 37.35 37.65 37.15 37.30 
2016/12/22 37.30 37.30 37.00 37.15 
2016/12/23 37.15 37.15 36.70 36.75 
2016/12/26 36.75 36.75 36.10 36.45 
2016/12/27 36.75 37.20 36.55 37.10 
2016/12/28 37.40 37.80 37.20 37.20 
2016/12/29 37.15 37.60 36.95 37.25 
2016/12/30 37.35 37.50 37.30 37.35 
2017/01/03 37.50 37.75 37.35 37.65 
2017/01/04 37.65 38.35 37.65 38.15 
2017/01/05 38.20 38.90 38.20 38.70 
2017/01/06 39.10 39.50 39.10 39.20 
2017/01/09 39.20 39.20 38.50 38.50 
2017/01/10 38.50 38.60 38.25 38.35 
2017/01/11 38.35 38.80 38.35 38.70 
2017/01/12 38.80 38.80 38.35 38.40 
2017/01/13 38.20 38.75 38.20 38.40 
2017/01/16 38.35 38.50 38.30 38.35 
2017/01/17 38.20 38.75 38.20 38.70 
2017/01/18 38.55 39.10 38.50 38.90 
2017/01/19 38.90 39.10 38.80 38.90 
2017/01/20 38.90 39.20 38.85 38.85 
2017/01/23 38.80 38.95 38.70 38.70 
2017/01/24 38.65 38.95 38.65 38.85 
2017/02/02 38.95 39.10 38.45 39.05 
2017/02/03 39.05 39.65 39.05 39.55 
2017/02/06 39.65 40.35 39.55 39.95 
2017/02/07 39.95 40.90 39.90 40.75 
2017/02/08 41.00 41.55 40.40 40.65 
