2016/07/01 58.30 59.40 58.10 58.90 
2016/07/04 59.50 59.60 58.60 58.60 
2016/07/05 58.60 59.70 58.30 59.20 
2016/07/06 58.40 58.70 57.00 57.30 
2016/07/07 57.90 58.30 57.60 57.80 
2016/07/11 59.20 60.80 58.80 60.70 
2016/07/12 60.90 61.30 60.40 60.90 
2016/07/13 61.60 61.60 60.30 60.80 
2016/07/14 61.30 64.40 61.00 64.40 
2016/07/15 65.10 66.00 64.50 64.60 
2016/07/18 64.60 65.90 64.60 65.10 
2016/07/19 65.80 65.80 64.60 65.80 
2016/07/20 65.80 66.20 65.30 65.80 
2016/07/21 66.50 68.20 66.50 67.40 
2016/07/22 67.50 67.90 65.90 66.00 
2016/07/25 66.80 67.20 64.60 65.80 
2016/07/26 66.20 67.00 65.40 67.00 
2016/07/27 68.20 68.20 67.00 67.10 
2016/07/28 67.30 67.30 65.70 65.80 
2016/07/29 65.10 65.70 64.60 65.50 
2016/08/01 65.50 66.20 65.20 65.50 
2016/08/02 65.80 67.50 65.70 66.60 
2016/08/03 66.20 66.80 65.60 66.50 
2016/08/04 66.70 67.10 65.80 65.90 
2016/08/05 66.30 66.80 66.00 66.20 
2016/08/08 67.00 68.80 66.70 68.60 
2016/08/09 68.90 69.40 66.70 67.20 
2016/08/10 67.30 67.60 65.80 66.10 
2016/08/11 66.10 66.10 64.40 65.60 
2016/08/12 65.50 65.50 63.60 63.80 
2016/08/15 63.20 65.40 62.70 65.10 
2016/08/16 65.40 65.90 64.70 65.30 
2016/08/17 65.30 66.50 65.00 65.20 
2016/08/18 65.60 65.80 65.20 65.80 
2016/08/19 66.00 66.60 65.10 65.10 
2016/08/22 65.60 65.60 64.10 64.50 
2016/08/23 64.70 65.40 64.40 65.20 
2016/08/24 65.70 67.30 65.20 66.90 
2016/08/25 67.20 69.20 67.20 69.00 
2016/08/26 69.00 69.00 67.60 68.10 
2016/08/29 69.00 69.60 68.30 68.80 
2016/08/30 69.20 69.30 68.30 68.30 
2016/08/31 64.20 64.70 63.60 63.60 
2016/09/01 63.60 64.20 63.10 63.20 
2016/09/02 64.10 64.10 62.80 63.10 
2016/09/05 63.80 64.10 63.10 63.80 
2016/09/06 64.10 65.70 64.00 65.20 
2016/09/07 65.90 66.40 65.20 66.00 
2016/09/08 65.80 66.40 65.20 65.40 
2016/09/09 65.40 65.60 64.20 65.60 
2016/09/10 63.70 65.20 63.70 64.60 
2016/09/12 64.40 65.00 63.50 63.50 
2016/09/13 64.50 64.90 63.00 63.10 
2016/09/14 63.10 64.20 63.00 64.00 
2016/09/19 66.50 68.20 65.90 67.60 
2016/09/20 67.30 68.00 67.10 67.70 
2016/09/21 68.20 68.80 68.00 68.60 
2016/09/22 69.80 70.80 68.80 69.10 
2016/09/23 70.00 70.50 69.00 69.40 
2016/09/26 69.00 69.20 67.20 67.50 
2016/09/29 68.60 69.00 68.10 68.20 
2016/09/30 67.80 69.20 67.70 68.70 
2016/10/03 70.40 70.40 69.30 69.80 
2016/10/04 70.00 70.00 69.20 69.30 
2016/10/05 69.50 69.80 68.90 69.00 
2016/10/06 69.40 70.50 69.00 69.90 
2016/10/07 69.90 70.00 69.00 69.90 
2016/10/11 70.40 70.40 67.20 68.60 
2016/10/12 68.00 69.20 67.80 68.60 
2016/10/13 69.00 69.20 67.50 67.60 
2016/10/14 67.60 68.20 66.30 67.00 
2016/10/17 67.20 68.30 66.50 68.30 
2016/10/18 68.90 69.20 68.60 68.90 
2016/10/19 69.10 69.10 68.50 68.50 
2016/10/20 68.60 69.20 68.50 69.10 
2016/10/21 69.60 70.50 69.40 70.10 
2016/10/24 70.20 70.50 69.80 70.20 
2016/10/25 70.50 74.60 70.40 74.30 
2016/10/26 74.00 74.80 72.90 73.80 
2016/10/27 73.70 74.50 72.80 73.20 
2016/10/28 73.20 73.50 71.20 71.60 
2016/10/31 71.10 72.70 70.50 71.90 
2016/11/01 72.00 72.20 70.90 71.00 
2016/11/02 70.50 70.60 69.00 69.00 
2016/11/03 69.00 69.70 67.70 69.10 
2016/11/04 69.10 69.50 68.00 68.00 
2016/11/07 68.20 69.90 68.20 69.10 
2016/11/08 70.70 71.00 69.10 69.60 
2016/11/09 70.20 70.30 65.00 65.50 
2016/11/10 67.90 68.40 67.30 67.60 
2016/11/11 65.20 66.00 63.60 64.60 
2016/11/14 64.00 64.30 61.00 62.60 
2016/11/15 62.40 63.20 61.80 61.80 
2016/11/16 63.50 64.00 62.50 62.70 
2016/11/17 62.70 63.10 61.10 62.20 
2016/11/18 62.20 63.10 61.10 62.60 
2016/11/21 63.30 63.50 61.90 62.10 
2016/11/22 62.10 62.90 61.90 62.10 
2016/11/23 62.50 65.60 62.30 64.20 
2016/11/24 64.20 64.40 63.50 63.70 
2016/11/25 64.00 64.30 63.70 64.10 
2016/11/28 64.70 65.50 64.10 64.30 
2016/11/29 64.50 64.80 63.90 64.40 
2016/11/30 64.70 65.40 64.10 64.10 
2016/12/01 64.80 65.20 64.20 64.90 
2016/12/02 64.00 64.10 62.70 62.90 
2016/12/05 62.60 63.00 62.20 62.70 
2016/12/06 63.50 63.70 63.10 63.30 
2016/12/07 63.70 64.10 63.60 64.00 
2016/12/08 64.30 64.70 64.10 64.50 
2016/12/09 64.90 64.90 64.20 64.40 
2016/12/12 65.00 65.00 63.50 63.60 
2016/12/13 63.50 64.30 63.20 63.80 
2016/12/14 64.50 64.50 63.80 64.00 
2016/12/15 63.70 64.40 63.70 64.30 
2016/12/16 64.70 65.50 64.50 64.90 
2016/12/19 65.30 65.40 64.10 64.10 
2016/12/20 65.00 65.10 64.40 64.70 
2016/12/21 65.00 65.00 64.30 64.30 
2016/12/22 64.30 64.50 63.50 63.50 
2016/12/23 64.40 64.40 63.20 63.20 
2016/12/26 63.20 63.70 62.90 62.90 
2016/12/27 63.10 63.60 62.70 63.10 
2016/12/28 63.10 64.30 63.10 64.00 
2016/12/29 63.90 64.00 63.30 63.50 
2016/12/30 63.60 64.00 63.40 63.80 
2017/01/03 64.10 64.20 63.60 63.80 
2017/01/04 64.20 64.20 63.60 63.80 
2017/01/05 63.80 64.40 63.80 64.10 
2017/01/06 64.10 64.80 64.10 64.50 
2017/01/09 64.70 64.80 63.70 64.10 
2017/01/10 64.60 64.70 64.10 64.50 
2017/01/11 64.70 65.30 64.30 65.30 
2017/01/12 65.60 68.40 65.50 66.70 
2017/01/13 66.70 66.70 65.70 66.10 
2017/01/16 65.90 66.00 64.70 64.80 
2017/01/17 65.00 66.00 64.70 66.00 
2017/01/18 65.80 66.00 65.60 65.70 
2017/01/19 65.80 66.00 65.20 65.90 
2017/01/20 65.90 66.30 65.20 65.20 
2017/01/23 65.70 66.00 65.70 65.80 
2017/01/24 65.80 65.90 65.30 65.40 
2017/02/02 66.00 68.40 65.40 68.20 
2017/02/03 68.20 68.80 67.60 67.90 
2017/02/06 68.20 69.90 67.80 69.80 
2017/02/07 70.00 70.40 69.10 69.80 
2017/02/08 69.70 72.30 69.40 71.90 
