2016/07/01 14.90 15.50 14.90 15.15 
2016/07/04 15.25 15.40 15.10 15.15 
2016/07/05 15.20 15.30 15.05 15.15 
2016/07/06 15.10 15.15 14.85 14.85 
2016/07/07 15.00 15.15 14.95 14.95 
2016/07/11 15.10 15.35 15.00 15.00 
2016/07/12 14.95 15.10 14.80 14.80 
2016/07/13 14.80 15.00 14.80 14.90 
2016/07/14 14.40 14.75 14.35 14.65 
2016/07/15 14.70 14.75 14.55 14.60 
2016/07/18 14.60 14.75 14.40 14.65 
2016/07/19 14.75 16.10 14.70 16.10 
2016/07/20 16.15 16.25 15.60 15.60 
2016/07/21 15.70 16.80 15.70 16.25 
2016/07/22 16.15 16.40 15.95 16.35 
2016/07/25 16.40 16.70 15.70 15.80 
2016/07/26 15.80 16.00 15.75 15.85 
2016/07/27 15.95 16.15 15.80 15.80 
2016/07/28 16.05 16.20 15.85 15.85 
2016/07/29 15.85 15.95 15.35 15.45 
2016/08/01 15.60 15.70 15.45 15.45 
2016/08/02 15.60 15.60 15.45 15.50 
2016/08/03 15.50 15.50 15.25 15.30 
2016/08/04 15.40 15.55 15.20 15.25 
2016/08/05 15.40 15.50 15.30 15.40 
2016/08/08 15.60 15.85 15.50 15.75 
2016/08/09 15.80 15.80 15.50 15.55 
2016/08/10 15.65 15.70 15.10 15.25 
2016/08/11 14.80 14.80 14.50 14.55 
2016/08/12 14.55 14.60 14.10 14.15 
2016/08/15 14.10 14.15 13.75 13.90 
2016/08/16 13.90 14.25 13.85 14.10 
2016/08/17 14.10 14.15 13.80 13.85 
2016/08/18 13.85 14.00 13.80 13.90 
2016/08/19 13.90 14.10 13.85 13.90 
2016/08/22 14.00 14.75 14.00 14.40 
2016/08/23 14.10 14.15 14.00 14.05 
2016/08/24 14.15 14.20 13.60 14.10 
2016/08/25 14.55 15.50 14.55 15.50 
2016/08/26 15.60 16.00 15.10 15.20 
2016/08/29 15.20 15.40 14.75 14.75 
2016/08/30 14.75 14.90 14.65 14.85 
2016/08/31 14.95 14.95 14.65 14.80 
2016/09/01 14.70 15.05 14.65 14.65 
2016/09/02 14.60 14.75 14.20 14.20 
2016/09/05 14.25 14.40 14.05 14.10 
2016/09/06 14.15 14.50 14.10 14.20 
2016/09/07 14.15 14.35 14.10 14.15 
2016/09/08 14.20 14.20 14.00 14.10 
2016/09/09 14.10 14.20 14.05 14.05 
2016/09/10 14.00 14.05 13.90 14.00 
2016/09/12 14.00 14.05 13.75 13.75 
2016/09/13 13.90 13.95 13.70 13.75 
2016/09/14 13.75 13.85 13.60 13.75 
2016/09/19 13.85 14.05 13.75 13.80 
2016/09/20 13.85 13.90 13.75 13.75 
2016/09/21 13.85 13.95 13.80 13.90 
2016/09/22 14.00 14.05 13.80 13.80 
2016/09/23 13.85 13.95 13.75 13.80 
2016/09/26 13.80 13.85 13.70 13.70 
2016/09/29 13.75 13.80 13.65 13.65 
2016/09/30 13.65 13.75 13.65 13.65 
2016/10/03 13.80 13.85 13.65 13.80 
2016/10/04 13.85 13.90 13.70 13.75 
2016/10/05 13.80 13.90 13.75 13.75 
2016/10/06 13.80 13.90 13.75 13.85 
2016/10/07 13.90 13.90 13.70 13.70 
2016/10/11 13.70 13.80 13.15 13.35 
2016/10/12 13.20 13.30 13.15 13.20 
2016/10/13 13.15 13.25 12.85 12.90 
2016/10/14 12.80 12.80 12.45 12.50 
2016/10/17 12.50 12.50 12.30 12.35 
2016/10/18 12.20 12.75 12.20 12.65 
2016/10/19 12.60 12.95 12.60 12.80 
2016/10/20 12.80 12.95 12.70 12.75 
2016/10/21 12.80 13.35 12.80 13.00 
2016/10/24 13.15 13.20 12.75 12.80 
2016/10/25 12.90 12.90 12.70 12.70 
2016/10/26 12.70 12.75 12.50 12.60 
2016/10/27 12.60 12.70 12.55 12.60 
2016/10/28 12.70 12.70 12.50 12.50 
2016/10/31 12.50 12.50 12.35 12.40 
2016/11/01 12.35 12.55 12.35 12.40 
2016/11/02 12.35 12.40 11.90 11.95 
2016/11/03 11.75 11.90 11.75 11.75 
2016/11/04 11.75 12.05 11.75 11.85 
2016/11/07 11.95 11.95 11.60 11.65 
2016/11/08 11.75 11.85 11.60 11.65 
2016/11/09 11.75 11.75 11.00 11.00 
2016/11/10 11.00 11.40 11.00 11.35 
2016/11/11 11.30 11.30 10.70 10.80 
2016/11/14 10.75 10.75 10.40 10.50 
2016/11/15 10.60 10.75 10.55 10.70 
2016/11/16 10.80 10.85 10.75 10.75 
2016/11/17 10.80 10.85 10.60 10.60 
2016/11/18 10.60 10.95 10.60 10.95 
2016/11/21 11.00 11.30 10.95 11.25 
2016/11/22 11.25 11.25 11.00 11.10 
2016/11/23 11.15 11.20 10.95 11.00 
2016/11/24 11.05 11.55 11.05 11.45 
2016/11/25 11.55 11.55 11.15 11.25 
2016/11/28 11.35 11.35 11.05 11.20 
2016/11/29 11.30 11.45 11.25 11.30 
2016/11/30 11.40 11.40 11.15 11.25 
2016/12/01 11.25 11.25 11.15 11.20 
2016/12/02 11.15 11.20 11.15 11.20 
2016/12/05 11.25 11.25 11.15 11.20 
2016/12/06 11.25 11.45 11.20 11.30 
2016/12/07 11.40 11.95 11.35 11.85 
2016/12/08 11.95 12.10 11.80 11.85 
2016/12/09 12.00 12.00 11.70 11.75 
2016/12/12 11.75 11.90 11.55 11.60 
2016/12/13 11.60 11.75 11.60 11.60 
2016/12/14 11.65 12.00 11.60 11.70 
2016/12/15 11.80 12.20 11.75 12.15 
2016/12/16 12.25 12.35 12.15 12.15 
2016/12/19 12.25 12.25 11.90 11.95 
2016/12/20 11.90 12.00 11.70 11.80 
2016/12/21 12.00 12.20 12.00 12.10 
2016/12/22 12.15 12.15 11.80 11.85 
2016/12/23 11.85 12.25 11.80 12.05 
2016/12/26 12.15 12.15 11.80 11.90 
2016/12/27 12.60 13.05 12.60 13.05 
2016/12/28 13.10 13.15 12.70 13.10 
2016/12/29 13.55 14.35 13.40 13.90 
2016/12/30 13.70 13.90 13.45 13.65 
2017/01/03 13.80 14.10 13.75 13.75 
2017/01/04 14.15 14.25 14.00 14.10 
2017/01/05 14.50 15.10 14.40 14.85 
2017/01/06 14.90 15.25 14.65 14.80 
2017/01/09 14.95 15.00 14.00 14.25 
2017/01/10 14.20 14.30 13.85 14.00 
2017/01/11 14.05 14.30 14.00 14.20 
2017/01/12 14.20 14.25 14.00 14.00 
2017/01/13 14.00 14.10 13.80 13.85 
2017/01/16 13.75 13.75 13.20 13.25 
2017/01/17 13.10 13.35 13.10 13.10 
2017/01/18 13.45 14.40 13.45 14.40 
2017/01/19 14.10 14.25 13.95 13.95 
2017/01/20 13.95 14.10 13.85 14.05 
2017/01/23 14.20 14.20 13.80 13.85 
2017/01/24 14.10 14.10 13.70 13.70 
2017/02/02 13.80 13.95 13.50 13.85 
2017/02/03 14.00 14.10 13.80 13.90 
2017/02/06 13.95 14.25 13.80 14.10 
2017/02/07 14.10 14.15 13.80 13.85 
2017/02/08 13.90 13.90 13.50 13.60 
