2016/07/01 92.00 92.00 92.00 92.00 
2016/07/04 92.80 92.90 92.50 92.50 
2016/07/05 92.60 93.00 92.50 92.50 
2016/07/06 95.00 95.00 91.20 91.50 
2016/07/07 90.00 91.00 90.00 91.00 
2016/07/12 91.00 92.00 90.10 92.00 
2016/07/13 92.00 92.50 91.50 91.50 
2016/07/14 92.50 92.50 92.00 92.50 
2016/07/15 91.50 91.50 91.00 91.10 
2016/07/18 91.30 92.00 91.30 92.00 
2016/07/19 91.50 92.50 91.50 91.60 
2016/07/20 91.80 91.80 91.20 91.20 
2016/07/21 91.40 91.40 91.40 91.40 
2016/07/22 91.40 91.40 91.40 91.40 
2016/07/25 91.20 91.20 91.00 91.00 
2016/07/26 91.10 92.50 91.10 92.00 
2016/07/27 91.50 91.50 91.50 91.50 
2016/07/28 91.50 91.50 90.00 91.50 
2016/07/29 91.50 91.50 90.60 90.60 
2016/08/01 90.60 90.70 90.20 90.20 
2016/08/02 90.30 90.30 85.00 90.00 
2016/08/03 90.00 90.50 89.00 89.00 
2016/08/04 87.30 87.90 87.20 87.90 
2016/08/05 88.90 90.60 88.90 90.00 
2016/08/08 90.00 91.40 90.00 90.20 
2016/08/09 90.00 90.00 89.60 89.60 
2016/08/10 89.60 89.60 88.80 88.80 
2016/08/11 89.00 89.00 88.30 88.40 
2016/08/12 89.00 90.60 88.80 89.50 
2016/08/15 89.10 89.10 88.10 88.80 
2016/08/16 88.20 88.20 88.10 88.10 
2016/08/17 87.90 87.90 87.30 87.30 
2016/08/18 86.60 87.30 86.30 86.30 
2016/08/19 86.10 86.10 85.60 86.00 
2016/08/22 85.50 85.50 85.50 85.50 
2016/08/23 85.80 85.80 85.80 85.80 
2016/08/24 85.80 86.00 85.50 86.00 
2016/08/25 86.00 86.00 84.50 84.50 
2016/08/26 86.00 86.00 86.00 86.00 
2016/08/29 86.00 86.00 85.00 85.60 
2016/08/30 84.20 85.00 83.00 85.00 
2016/08/31 86.00 86.00 84.00 85.00 
2016/09/01 84.40 84.40 83.00 83.00 
2016/09/02 81.60 81.60 80.30 80.30 
2016/09/05 80.00 80.00 80.00 80.00 
2016/09/06 80.00 80.00 79.90 79.90 
2016/09/07 82.80 87.80 82.50 87.80 
2016/09/08 89.00 96.50 89.00 96.50 
2016/09/09 100.50 105.50 100.00 104.50 
2016/09/10 104.00 111.00 99.50 109.00 
2016/09/12 109.00 109.00 101.00 104.00 
2016/09/13 104.00 104.00 100.00 100.50 
2016/09/14 100.00 100.50 97.00 99.00 
2016/09/19 98.20 101.00 97.50 97.60 
2016/09/20 97.60 97.60 93.50 94.30 
2016/09/21 92.30 94.50 92.30 94.00 
2016/09/22 94.00 94.30 93.00 93.90 
2016/09/23 93.90 93.90 92.50 93.20 
2016/09/26 92.50 92.50 92.10 92.20 
2016/09/29 94.00 101.00 94.00 101.00 
2016/09/30 107.00 110.50 104.00 108.50 
2016/10/03 107.00 113.00 106.50 107.50 
2016/10/04 107.50 107.50 103.50 104.00 
2016/10/05 104.00 109.00 104.00 107.50 
2016/10/06 109.00 109.00 105.00 105.00 
2016/10/07 105.00 106.00 104.00 104.50 
2016/10/11 104.00 104.00 95.20 99.00 
2016/10/12 96.00 97.90 95.50 97.10 
2016/10/13 98.00 98.00 96.30 97.00 
2016/10/14 96.00 98.00 94.90 96.00 
2016/10/17 97.00 97.00 97.00 97.00 
2016/10/18 95.30 97.00 95.30 97.00 
2016/10/19 95.40 97.70 95.40 97.00 
2016/10/20 96.50 97.00 95.60 95.80 
2016/10/21 95.80 96.90 95.60 95.60 
2016/10/24 96.50 96.50 95.80 95.80 
2016/10/25 95.80 101.00 95.80 97.60 
2016/10/26 98.00 99.00 97.10 99.00 
2016/10/27 97.10 97.30 97.00 97.00 
2016/10/28 101.00 101.00 98.10 99.00 
2016/10/31 99.50 100.00 98.10 99.00 
2016/11/02 98.70 98.70 94.20 94.20 
2016/11/03 94.00 94.00 91.50 92.80 
2016/11/04 88.60 93.30 88.60 92.00 
2016/11/07 91.90 92.10 91.90 92.00 
2016/11/08 90.00 90.00 88.00 90.00 
2016/11/09 90.10 90.20 88.00 88.00 
2016/11/10 88.00 95.00 88.00 92.50 
2016/11/11 89.50 89.50 88.30 89.50 
2016/11/14 89.50 89.50 81.50 87.00 
2016/11/15 84.00 85.00 83.00 83.00 
2016/11/16 83.50 84.00 83.50 83.60 
2016/11/17 84.20 85.30 83.00 83.10 
2016/11/18 83.50 83.50 80.60 83.00 
2016/11/21 83.50 83.50 81.50 83.00 
2016/11/22 81.60 83.00 81.60 82.00 
2016/11/23 82.00 83.00 81.20 83.00 
2016/11/24 82.00 82.00 81.80 82.00 
2016/11/25 82.50 87.00 82.50 87.00 
2016/11/28 87.00 87.00 84.00 84.50 
2016/11/29 84.00 84.00 82.50 82.50 
2016/11/30 84.00 84.00 82.90 83.50 
2016/12/01 83.50 83.50 82.00 82.00 
2016/12/02 82.00 82.00 80.10 81.00 
2016/12/05 82.00 82.00 81.70 81.70 
2016/12/06 81.80 83.00 81.80 83.00 
2016/12/07 81.60 83.00 81.50 83.00 
2016/12/08 81.80 82.00 81.80 81.80 
2016/12/09 82.00 82.00 80.00 80.00 
2016/12/12 81.60 81.60 80.80 80.90 
2016/12/13 82.80 82.90 82.00 82.00 
2016/12/14 82.00 82.80 82.00 82.80 
2016/12/15 82.80 83.80 82.80 83.10 
2016/12/16 83.10 83.80 83.00 83.00 
2016/12/19 82.80 82.80 82.00 82.00 
2016/12/20 82.00 82.00 81.50 82.00 
2016/12/21 83.00 84.00 82.50 84.00 
2016/12/22 84.00 84.00 82.20 82.20 
2016/12/23 81.00 83.00 81.00 83.00 
2016/12/26 83.00 83.00 81.50 81.50 
2016/12/27 81.10 81.10 80.80 80.90 
2016/12/28 81.50 82.50 81.50 81.50 
2016/12/29 80.20 81.90 80.20 81.90 
2016/12/30 81.80 81.90 80.60 81.90 
2017/01/03 81.90 81.90 81.90 81.90 
2017/01/04 80.50 81.80 80.50 81.50 
2017/01/05 80.70 81.00 80.70 80.80 
2017/01/06 80.80 81.50 80.80 81.40 
2017/01/09 81.30 81.30 80.90 81.00 
2017/01/10 80.00 80.50 80.00 80.50 
2017/01/11 81.50 81.50 79.50 79.50 
2017/01/12 79.50 79.80 79.00 79.00 
2017/01/13 78.50 79.40 78.10 79.40 
2017/01/16 82.50 85.50 82.50 84.60 
2017/01/17 84.60 84.60 82.00 82.00 
2017/01/18 81.10 81.50 80.70 80.70 
2017/01/19 80.80 80.80 80.00 80.60 
2017/01/20 80.30 80.30 79.20 79.20 
2017/01/23 78.60 79.90 78.40 78.40 
2017/01/24 78.40 79.20 78.40 79.20 
2017/02/02 78.60 78.60 75.10 77.00 
2017/02/03 78.20 78.20 77.10 78.10 
2017/02/06 77.60 78.00 77.30 77.50 
2017/02/07 77.20 77.20 76.70 76.70 
2017/02/08 76.80 76.80 76.50 76.50 
