2016/07/01 42.15 42.30 41.90 42.20 
2016/07/04 42.20 42.20 41.80 42.05 
2016/07/05 41.70 41.80 40.90 40.95 
2016/07/06 40.60 40.60 40.10 40.30 
2016/07/07 40.25 40.60 40.20 40.60 
2016/07/11 40.55 40.55 39.90 40.00 
2016/07/12 40.00 40.50 40.00 40.45 
2016/07/13 40.45 40.60 40.40 40.60 
2016/07/14 40.70 41.35 40.70 41.05 
2016/07/15 41.20 41.60 41.20 41.40 
2016/07/18 41.55 41.90 41.55 41.80 
2016/07/19 41.90 41.90 41.70 41.75 
2016/07/20 41.75 41.75 41.25 41.45 
2016/07/21 41.50 42.45 41.50 42.20 
2016/07/22 43.10 43.40 42.30 42.35 
2016/07/25 42.95 43.00 42.35 42.55 
