2016/07/01 30.85 31.00 30.75 30.90 
2016/07/04 31.20 31.40 30.80 30.90 
2016/07/05 31.90 32.70 31.60 31.70 
2016/07/06 31.70 33.00 31.50 32.25 
2016/07/07 32.30 32.90 32.30 32.60 
2016/07/11 32.95 33.00 32.60 32.60 
2016/07/12 32.60 32.90 32.45 32.45 
2016/07/13 32.40 32.50 32.00 32.05 
2016/07/14 32.10 32.70 32.10 32.50 
2016/07/15 32.80 32.85 32.00 32.05 
2016/07/18 32.70 32.90 32.30 32.75 
2016/07/19 30.40 30.80 30.25 30.55 
2016/07/20 30.80 30.80 30.40 30.55 
2016/07/21 30.70 31.40 30.45 30.70 
2016/07/22 30.60 30.75 30.50 30.55 
2016/07/25 30.60 31.00 30.45 30.65 
2016/07/26 30.60 31.00 30.55 30.70 
2016/07/27 30.70 31.00 30.50 30.75 
2016/07/28 31.00 31.35 30.80 31.35 
2016/07/29 33.75 33.75 32.40 32.70 
2016/08/01 32.75 32.80 32.15 32.35 
2016/08/02 32.60 33.15 32.60 32.80 
2016/08/03 33.55 33.90 33.30 33.90 
2016/08/04 34.25 34.25 33.10 33.70 
2016/08/05 33.70 33.85 33.35 33.55 
2016/08/08 33.40 33.80 33.35 33.50 
2016/08/09 33.75 33.80 33.35 33.45 
2016/08/10 33.50 33.50 33.10 33.15 
2016/08/11 33.15 33.45 33.00 33.15 
2016/08/12 33.50 33.75 33.00 33.20 
2016/08/15 33.55 33.55 33.05 33.25 
2016/08/16 33.30 33.80 33.30 33.50 
2016/08/17 33.50 33.60 33.15 33.20 
2016/08/18 33.20 33.75 33.20 33.55 
2016/08/19 33.60 34.00 33.45 33.60 
2016/08/22 33.30 33.45 33.15 33.45 
2016/08/23 33.60 33.60 33.20 33.45 
2016/08/24 33.25 33.65 33.25 33.25 
2016/08/25 33.40 33.60 33.35 33.55 
2016/08/26 33.55 35.25 33.55 34.60 
2016/08/29 35.00 35.15 34.40 34.55 
2016/08/30 34.60 34.65 34.25 34.30 
2016/08/31 34.55 34.95 34.55 34.70 
2016/09/01 35.20 35.20 34.50 34.60 
2016/09/02 34.60 34.70 34.05 34.10 
2016/09/05 34.40 34.50 34.15 34.30 
2016/09/06 34.25 34.25 33.80 33.85 
2016/09/07 34.60 34.60 33.85 33.85 
2016/09/08 33.85 34.30 33.85 33.90 
2016/09/09 34.05 34.20 33.90 33.95 
2016/09/10 33.95 33.95 33.50 33.85 
2016/09/12 33.85 33.85 33.05 33.50 
2016/09/13 33.70 33.70 32.80 32.80 
2016/09/14 33.00 33.00 32.35 32.35 
2016/09/19 32.60 32.70 32.45 32.50 
2016/09/20 32.50 32.90 32.50 32.65 
2016/09/21 32.70 33.35 32.70 33.00 
2016/09/22 33.15 33.70 33.15 33.35 
2016/09/23 33.55 33.55 32.90 33.00 
2016/09/26 33.10 33.10 32.90 33.00 
2016/09/29 32.90 33.15 32.90 32.90 
2016/09/30 33.35 33.35 32.90 33.00 
2016/10/03 33.10 33.60 33.00 33.20 
2016/10/04 33.25 33.25 33.15 33.20 
2016/10/05 33.00 33.55 33.00 33.15 
2016/10/06 33.25 33.25 33.00 33.10 
2016/10/07 33.15 33.15 32.85 32.85 
2016/10/11 32.85 32.85 32.20 32.20 
2016/10/12 32.20 32.50 32.10 32.20 
2016/10/13 32.20 32.20 31.65 31.65 
2016/10/14 31.80 31.80 31.20 31.20 
2016/10/17 31.05 31.15 30.60 30.60 
2016/10/18 30.95 31.65 30.80 31.45 
2016/10/19 31.45 32.20 31.45 31.90 
2016/10/20 32.00 32.70 31.95 32.60 
2016/10/21 32.60 32.70 32.50 32.60 
2016/10/24 32.50 32.80 32.50 32.80 
2016/10/25 32.80 32.80 32.60 32.60 
2016/10/26 32.80 33.30 32.65 33.30 
2016/10/27 36.60 36.60 36.60 36.60 
2016/10/28 36.75 37.80 35.80 35.80 
2016/10/31 36.00 36.15 35.40 35.80 
2016/11/01 35.80 36.00 35.60 35.60 
2016/11/02 35.70 35.70 34.65 34.65 
2016/11/03 34.45 34.70 34.25 34.65 
2016/11/04 34.50 34.95 34.50 34.50 
2016/11/07 34.95 35.40 34.70 34.70 
2016/11/08 34.10 34.10 33.05 33.50 
2016/11/09 33.80 33.85 32.05 32.20 
2016/11/10 33.00 33.10 32.70 32.95 
2016/11/11 33.00 33.10 32.50 32.95 
2016/11/14 33.05 33.05 32.60 32.80 
2016/11/15 32.80 32.95 32.70 32.80 
2016/11/16 33.00 33.00 32.85 32.85 
2016/11/17 33.00 33.00 32.70 32.75 
2016/11/18 33.00 33.35 32.85 33.30 
2016/11/21 33.50 33.50 33.00 33.30 
2016/11/22 33.30 34.35 33.25 34.15 
2016/11/23 34.15 34.30 33.65 33.65 
2016/11/24 33.65 33.90 33.65 33.75 
2016/11/25 33.95 34.45 33.80 34.10 
2016/11/28 34.75 34.80 34.35 34.35 
2016/11/29 34.45 34.60 34.00 34.00 
2016/11/30 34.10 34.40 33.80 33.80 
2016/12/01 34.00 34.15 33.85 33.95 
2016/12/02 34.05 34.05 33.55 33.90 
2016/12/05 33.90 33.90 33.60 33.80 
2016/12/06 33.85 33.95 33.70 33.90 
2016/12/07 34.20 34.65 34.05 34.15 
2016/12/08 34.50 34.50 34.10 34.15 
2016/12/09 34.25 34.30 34.10 34.10 
2016/12/12 34.10 34.10 33.70 33.75 
2016/12/13 33.90 33.90 33.65 33.80 
2016/12/14 33.80 34.00 33.70 33.80 
2016/12/15 33.80 33.95 33.80 33.85 
2016/12/16 34.00 34.45 33.85 34.20 
2016/12/19 34.25 34.45 34.15 34.45 
2016/12/20 34.85 35.40 34.55 34.60 
2016/12/21 34.60 34.75 34.60 34.60 
2016/12/22 34.60 34.60 33.90 33.90 
2016/12/23 33.90 34.00 33.80 33.95 
2016/12/26 33.95 33.95 33.85 33.85 
2016/12/27 33.85 34.00 33.80 33.90 
2016/12/28 33.90 34.00 33.90 33.95 
2016/12/29 33.85 33.95 33.80 33.90 
2016/12/30 33.85 34.15 33.80 33.90 
2017/01/03 34.30 34.30 33.80 34.20 
2017/01/04 34.05 34.25 34.05 34.10 
2017/01/05 34.30 34.80 34.10 34.80 
2017/01/06 34.80 34.80 34.30 34.40 
2017/01/09 34.50 34.75 34.10 34.15 
2017/01/10 34.05 34.30 34.00 34.10 
2017/01/11 34.15 34.35 34.15 34.15 
2017/01/12 34.30 34.60 34.25 34.35 
2017/01/13 34.50 35.25 34.40 34.80 
2017/01/16 36.90 38.25 36.90 38.25 
2017/01/17 39.00 41.50 38.50 41.50 
2017/01/18 41.50 42.20 40.60 41.00 
2017/01/19 41.25 42.35 40.25 40.45 
2017/01/20 41.00 41.20 40.15 40.35 
2017/01/23 40.60 42.40 40.50 40.50 
2017/01/24 40.80 41.00 40.10 40.10 
2017/02/02 39.95 41.10 39.65 40.60 
2017/02/03 41.10 41.20 40.30 40.40 
2017/02/06 40.50 41.40 40.50 40.80 
2017/02/07 41.10 42.40 41.10 41.80 
2017/02/08 42.10 42.30 41.30 42.10 
