2016/07/01 49.80 50.00 49.15 49.20 
2016/07/04 49.00 50.00 48.25 50.00 
2016/07/05 49.80 49.80 49.00 49.20 
2016/07/06 48.40 48.50 47.10 47.40 
2016/07/07 47.70 48.20 47.10 47.25 
2016/07/11 47.60 47.85 46.00 46.60 
2016/07/12 46.60 47.35 46.40 46.70 
2016/07/13 47.10 47.25 46.50 46.80 
2016/07/14 46.85 47.05 46.55 47.05 
2016/07/15 47.25 48.95 47.25 48.90 
2016/07/18 49.50 49.50 48.10 48.20 
2016/07/19 48.50 48.70 47.60 47.60 
2016/07/20 47.20 47.90 46.75 46.85 
2016/07/21 46.95 47.40 46.60 47.40 
2016/07/22 47.30 48.40 47.15 47.55 
2016/07/25 47.80 48.15 47.00 47.05 
2016/07/26 46.80 47.35 46.80 47.30 
2016/07/27 47.60 48.20 47.30 47.70 
2016/07/28 47.55 47.70 46.65 46.75 
2016/07/29 46.65 46.80 45.60 45.95 
2016/08/01 46.60 49.85 46.60 49.50 
2016/08/02 50.20 50.50 49.60 49.90 
2016/08/03 49.50 49.70 48.90 49.30 
2016/08/04 49.85 50.90 49.70 49.70 
2016/08/05 49.70 50.00 48.65 48.80 
2016/08/08 49.05 49.40 47.95 48.10 
2016/08/09 47.10 47.30 45.80 45.95 
2016/08/10 45.60 46.20 45.00 45.00 
2016/08/11 44.50 45.30 43.95 44.50 
2016/08/12 43.90 43.90 41.20 41.20 
2016/08/15 40.40 40.80 39.75 39.85 
2016/08/16 40.60 41.45 40.40 40.65 
2016/08/17 40.70 40.80 38.00 38.00 
2016/08/18 37.75 39.45 37.50 38.60 
2016/08/19 38.90 39.60 38.75 39.00 
2016/08/22 38.70 38.90 37.80 38.25 
2016/08/23 38.55 39.00 38.10 39.00 
2016/08/24 39.10 39.30 38.50 38.60 
2016/08/25 38.35 39.80 38.35 39.70 
2016/08/26 39.20 39.35 38.75 38.85 
2016/08/29 39.40 39.80 38.80 39.70 
2016/08/30 40.30 41.30 39.80 40.35 
2016/08/31 40.50 40.55 39.60 39.75 
2016/09/01 39.95 39.95 38.05 38.30 
2016/09/02 38.30 38.30 36.90 37.50 
2016/09/05 37.80 38.35 37.70 37.75 
2016/09/06 38.00 38.30 37.75 37.80 
2016/09/07 38.20 38.40 37.50 38.40 
2016/09/08 38.50 39.65 38.40 39.15 
2016/09/09 39.20 39.20 38.60 39.00 
2016/09/10 37.90 37.90 36.90 37.40 
2016/09/12 37.30 37.65 37.00 37.00 
2016/09/13 37.40 37.55 36.60 36.65 
2016/09/14 36.40 37.00 36.00 36.90 
2016/09/19 37.10 38.00 37.00 37.20 
2016/09/20 37.30 38.55 37.20 38.00 
2016/09/21 38.00 38.10 37.50 37.60 
2016/09/22 38.10 38.20 37.25 37.65 
2016/09/23 37.85 38.30 37.40 37.50 
2016/09/26 37.40 37.45 37.15 37.15 
2016/09/29 37.30 37.40 36.10 36.10 
2016/09/30 35.60 35.90 33.60 34.20 
2016/10/03 34.20 34.90 34.20 34.65 
2016/10/04 34.65 34.70 33.95 34.20 
2016/10/05 34.15 34.75 34.05 34.45 
2016/10/06 34.45 34.45 33.20 33.50 
2016/10/07 33.45 34.40 33.40 33.95 
2016/10/11 33.50 33.80 30.60 30.80 
2016/10/12 30.80 31.20 30.10 30.35 
2016/10/13 30.80 32.70 30.80 32.15 
2016/10/14 32.10 32.35 31.10 31.10 
2016/10/17 31.20 31.50 30.30 31.20 
2016/10/18 31.20 31.65 30.70 31.30 
2016/10/19 31.60 32.20 31.50 31.75 
2016/10/20 31.75 31.95 31.55 31.60 
2016/10/21 31.95 32.70 31.95 32.20 
2016/10/24 32.90 32.90 32.20 32.50 
2016/10/25 32.70 33.50 32.60 33.00 
2016/10/26 32.80 33.00 32.40 32.50 
2016/10/27 32.30 32.50 32.00 32.15 
2016/10/28 32.30 32.50 30.50 30.90 
2016/10/31 30.10 30.65 29.70 30.65 
2016/11/01 30.30 31.55 30.20 30.80 
2016/11/02 30.30 30.60 30.00 30.00 
2016/11/03 29.80 30.25 29.15 29.20 
2016/11/04 29.20 29.55 28.65 28.75 
2016/11/07 28.75 29.30 27.35 27.65 
2016/11/08 28.00 28.15 26.05 26.25 
2016/11/09 25.10 26.25 23.65 23.65 
2016/11/10 25.00 25.40 24.15 24.70 
2016/11/11 23.80 27.10 23.60 26.65 
2016/11/14 26.45 27.35 25.90 27.00 
2016/11/15 26.50 26.65 25.85 26.10 
2016/11/16 26.30 26.65 25.85 26.20 
2016/11/17 26.20 26.55 25.90 26.35 
2016/11/18 26.30 26.30 25.20 26.05 
2016/11/21 26.05 28.65 25.60 28.65 
2016/11/22 29.00 29.55 28.30 28.30 
2016/11/23 28.10 28.50 27.75 27.75 
2016/11/24 28.15 29.40 28.05 29.00 
2016/11/25 28.60 31.90 28.55 31.90 
2016/11/28 32.10 33.30 32.10 32.75 
2016/11/29 32.40 32.65 31.75 32.55 
2016/11/30 32.95 33.60 32.65 32.70 
2016/12/01 32.60 32.60 31.50 32.25 
2016/12/02 31.85 33.00 31.70 32.40 
2016/12/05 32.80 35.35 32.80 34.80 
2016/12/06 35.00 35.10 33.30 34.00 
2016/12/07 33.80 35.25 33.80 34.30 
2016/12/08 34.50 35.00 33.85 33.90 
2016/12/09 34.35 35.50 34.35 34.70 
2016/12/12 35.40 35.50 34.30 34.60 
2016/12/13 34.60 36.60 34.40 36.35 
2016/12/14 36.50 36.60 35.60 36.00 
2016/12/15 36.50 37.10 36.10 36.25 
2016/12/16 36.35 37.15 36.25 36.25 
2016/12/19 36.50 37.00 35.35 35.55 
2016/12/20 35.60 36.10 34.70 34.70 
2016/12/21 34.60 34.90 33.85 33.90 
2016/12/22 33.60 33.80 32.50 32.50 
2016/12/23 32.70 34.25 32.70 34.15 
2016/12/26 34.80 36.45 34.65 36.25 
2016/12/27 36.10 36.15 35.35 35.60 
2016/12/28 35.30 37.00 35.30 35.90 
2016/12/29 35.70 36.50 35.50 35.55 
2016/12/30 36.10 36.10 34.85 35.10 
2017/01/03 35.10 35.35 34.85 35.00 
2017/01/04 34.60 34.90 33.60 34.40 
2017/01/05 34.80 35.60 34.60 35.45 
2017/01/06 35.80 35.80 35.00 35.00 
2017/01/09 35.40 35.45 33.50 33.90 
2017/01/10 33.80 34.20 33.00 34.20 
2017/01/11 34.20 34.30 33.60 33.65 
2017/01/12 33.55 33.90 33.30 33.90 
2017/01/13 33.50 33.75 33.30 33.40 
2017/01/16 33.40 33.65 33.05 33.35 
2017/01/17 33.50 34.20 33.10 33.95 
2017/01/18 33.90 34.10 33.65 33.85 
2017/01/19 34.00 35.40 33.90 34.80 
2017/01/20 35.00 35.40 34.50 34.50 
2017/01/23 34.75 36.00 34.75 35.10 
2017/01/24 35.00 35.00 34.30 34.55 
2017/02/02 34.55 34.65 34.15 34.40 
2017/02/03 34.60 37.80 34.50 37.80 
2017/02/06 38.80 39.30 37.80 37.90 
2017/02/07 37.90 39.50 37.50 38.90 
2017/02/08 39.05 39.40 38.40 38.50 
