2016/07/01 59.50 59.50 57.60 57.60 
2016/07/04 57.60 57.90 57.30 57.30 
2016/07/05 58.00 59.00 57.80 57.80 
2016/07/06 57.60 57.60 57.00 57.20 
2016/07/07 57.50 57.70 57.50 57.70 
2016/07/11 57.70 58.50 57.70 58.30 
2016/07/12 58.50 58.80 58.40 58.60 
2016/07/13 59.50 59.50 59.00 59.10 
2016/07/14 59.50 60.10 59.00 59.00 
2016/07/15 59.20 59.70 59.00 59.00 
2016/07/18 59.20 59.20 58.90 59.00 
2016/07/19 59.00 59.20 58.80 58.90 
2016/07/20 59.00 59.20 58.50 58.50 
2016/07/21 59.50 59.50 58.00 58.50 
2016/07/22 58.50 58.50 57.60 57.90 
2016/07/25 58.10 58.10 57.30 57.90 
2016/07/26 57.90 58.30 57.90 58.30 
2016/07/27 58.10 58.50 57.70 58.50 
2016/07/28 58.50 58.50 58.20 58.20 
2016/07/29 58.00 58.00 58.00 58.00 
2016/08/01 57.80 58.10 57.80 58.00 
2016/08/02 58.10 59.00 58.10 58.60 
2016/08/03 58.60 60.10 58.60 58.90 
2016/08/04 58.90 59.50 58.80 59.00 
2016/08/05 59.60 59.60 59.00 59.20 
2016/08/08 59.00 59.10 58.10 58.70 
2016/08/09 58.30 58.40 58.10 58.10 
2016/08/10 58.20 58.50 58.00 58.00 
2016/08/11 58.00 58.40 57.50 57.70 
2016/08/12 58.00 58.20 57.70 57.70 
2016/08/15 57.70 58.20 57.60 58.00 
2016/08/16 58.50 59.30 58.00 58.70 
2016/08/17 58.70 59.20 58.60 58.80 
2016/08/18 59.10 59.20 58.70 59.10 
2016/08/19 59.20 59.30 58.70 58.90 
2016/08/22 54.20 54.20 51.70 52.40 
2016/08/23 52.10 52.40 51.70 52.20 
2016/08/24 52.00 52.00 51.10 51.10 
2016/08/25 51.00 51.50 50.90 51.50 
2016/08/26 51.50 51.50 50.90 51.50 
2016/08/29 51.10 51.20 50.90 50.90 
2016/08/30 50.90 51.50 50.90 51.00 
2016/08/31 51.00 51.50 51.00 51.00 
2016/09/01 51.00 51.40 50.30 50.30 
2016/09/02 50.70 50.70 50.00 50.30 
2016/09/05 50.30 50.60 49.90 50.00 
2016/09/06 50.00 50.50 50.00 50.50 
2016/09/07 50.10 50.10 50.00 50.00 
2016/09/08 50.00 50.10 49.85 50.00 
2016/09/09 50.00 50.00 49.80 49.80 
2016/09/10 49.50 49.50 49.10 49.10 
2016/09/12 49.10 49.10 48.60 48.60 
2016/09/13 48.70 49.00 48.35 48.80 
2016/09/14 48.10 48.75 47.55 48.75 
2016/09/19 49.20 49.50 48.75 48.80 
2016/09/20 48.80 48.80 48.00 48.00 
2016/09/21 48.00 48.00 47.60 47.65 
2016/09/22 47.65 49.75 47.65 48.00 
2016/09/23 48.10 48.30 48.00 48.05 
2016/09/26 48.00 48.35 48.00 48.00 
2016/09/29 48.30 48.40 48.30 48.40 
2016/09/30 48.05 48.55 47.85 48.55 
2016/10/03 48.25 48.30 48.00 48.00 
2016/10/04 47.85 48.15 47.85 47.90 
2016/10/05 48.00 48.00 48.00 48.00 
2016/10/06 48.15 48.15 48.15 48.15 
2016/10/07 48.15 48.15 47.70 47.75 
2016/10/11 48.00 48.30 47.70 48.00 
2016/10/13 48.00 48.00 47.55 47.65 
2016/10/14 47.65 47.65 46.25 46.25 
2016/10/17 46.25 46.25 45.70 45.70 
2016/10/18 45.50 45.50 44.90 45.35 
2016/10/19 45.40 45.60 45.30 45.30 
2016/10/20 45.30 45.30 45.00 45.05 
2016/10/21 45.90 46.00 45.40 45.60 
2016/10/24 45.50 45.50 45.20 45.35 
2016/10/25 45.35 45.40 45.35 45.35 
2016/10/26 45.35 45.70 45.35 45.60 
2016/10/27 45.50 46.00 45.50 45.80 
2016/10/28 45.85 45.90 45.35 45.50 
2016/10/31 45.50 45.50 45.50 45.50 
2016/11/01 45.40 45.40 45.40 45.40 
2016/11/02 45.40 45.40 44.10 44.10 
2016/11/03 44.00 44.10 43.50 43.60 
2016/11/04 44.00 44.00 43.00 43.50 
2016/11/07 43.50 45.00 43.50 43.50 
2016/11/08 44.50 45.00 44.50 44.90 
2016/11/09 45.20 45.20 43.80 43.80 
2016/11/10 45.10 47.90 45.10 46.85 
2016/11/11 46.85 46.85 45.25 45.65 
2016/11/14 45.30 45.65 45.30 45.50 
2016/11/15 45.35 45.90 45.35 45.90 
2016/11/16 45.90 46.00 45.90 46.00 
2016/11/17 46.00 46.00 45.05 45.20 
2016/11/18 45.15 45.30 44.70 44.85 
2016/11/21 44.75 45.25 44.60 44.80 
2016/11/22 45.00 45.50 44.55 44.60 
2016/11/23 44.65 45.25 44.65 44.80 
2016/11/24 44.80 44.80 44.30 44.80 
2016/11/25 44.65 45.65 44.35 45.65 
2016/11/28 46.45 46.45 45.65 45.70 
2016/11/29 45.85 46.00 45.15 45.15 
2016/11/30 45.50 45.85 45.10 45.10 
2016/12/01 45.10 45.35 45.00 45.00 
2016/12/02 45.15 45.35 45.05 45.15 
2016/12/05 45.25 45.90 45.20 45.90 
2016/12/06 46.15 48.85 45.80 47.50 
2016/12/07 47.25 47.50 46.65 47.50 
2016/12/08 47.70 48.95 47.60 48.40 
2016/12/09 48.50 48.50 47.80 48.35 
2016/12/12 46.55 46.55 45.30 45.60 
2016/12/13 46.00 46.10 45.70 46.10 
2016/12/14 46.10 46.10 45.65 45.80 
2016/12/15 45.80 46.00 45.80 46.00 
2016/12/16 46.10 46.10 45.75 45.75 
2016/12/19 46.00 46.50 45.40 46.50 
2016/12/20 45.80 45.85 45.80 45.85 
2016/12/21 45.80 46.70 45.55 46.15 
2016/12/22 46.50 46.50 46.15 46.40 
2016/12/23 46.25 46.30 46.00 46.30 
2016/12/26 46.15 46.30 46.15 46.20 
2016/12/27 46.30 46.50 46.15 46.45 
2016/12/28 46.20 46.65 46.20 46.65 
2016/12/29 46.25 46.50 46.20 46.50 
2016/12/30 46.20 46.70 46.00 46.70 
2017/01/03 46.50 46.55 46.40 46.45 
2017/01/04 46.25 46.25 46.05 46.10 
2017/01/05 45.85 46.30 45.85 46.30 
2017/01/06 46.45 46.45 46.20 46.20 
2017/01/09 46.05 46.10 45.65 46.10 
2017/01/10 46.30 46.30 45.70 45.70 
2017/01/11 46.45 48.00 46.45 47.30 
2017/01/12 47.30 47.30 46.85 46.90 
2017/01/13 46.80 46.90 46.65 46.70 
2017/01/16 46.75 46.75 46.00 46.05 
2017/01/17 46.20 46.50 46.00 46.50 
2017/01/18 46.65 46.70 46.10 46.35 
2017/01/19 46.80 46.80 46.40 46.65 
2017/01/20 46.70 47.00 46.65 46.75 
2017/01/23 49.60 51.40 48.25 51.40 
2017/01/24 51.00 51.00 49.60 50.30 
2017/02/02 50.50 50.70 48.75 49.80 
2017/02/03 49.80 49.90 49.20 49.25 
2017/02/06 49.25 50.30 49.25 50.30 
2017/02/07 50.50 50.60 50.00 50.50 
2017/02/08 50.50 50.50 49.80 49.90 
