2016/07/01 57.50 58.60 57.50 58.50 
2016/07/04 58.60 58.60 57.90 58.50 
2016/07/05 58.90 58.90 57.80 58.30 
2016/07/06 57.10 57.70 56.50 57.70 
2016/07/07 58.40 58.40 57.20 58.00 
2016/07/11 58.10 58.70 57.30 57.30 
2016/07/12 57.20 57.80 56.80 56.90 
2016/07/13 56.90 56.90 55.70 56.70 
2016/07/14 56.70 56.80 55.90 56.00 
2016/07/15 56.70 57.90 55.50 55.90 
2016/07/18 57.40 61.20 56.80 59.60 
2016/07/19 60.80 60.80 58.90 59.10 
2016/07/20 59.10 61.80 58.90 58.90 
2016/07/21 59.90 60.90 59.10 59.60 
2016/07/22 59.90 59.90 58.70 58.70 
2016/07/25 58.70 59.50 58.20 58.40 
2016/07/26 58.50 58.50 57.50 57.90 
2016/07/27 58.00 58.50 57.60 57.60 
2016/07/28 57.30 57.50 56.40 57.30 
2016/07/29 57.80 57.80 56.20 56.30 
2016/08/01 56.40 56.40 50.70 52.60 
2016/08/02 52.90 54.40 52.90 54.00 
2016/08/03 53.20 55.50 53.20 54.60 
2016/08/04 56.60 57.20 55.50 56.50 
2016/08/05 56.20 61.60 56.00 59.60 
2016/08/08 61.50 62.00 59.00 59.00 
2016/08/09 58.20 58.80 55.40 55.90 
2016/08/10 55.70 56.50 54.70 55.80 
2016/08/11 55.00 58.50 54.30 54.30 
2016/08/12 53.90 55.20 53.90 54.60 
2016/08/15 54.50 55.10 54.10 54.70 
2016/08/16 54.80 54.90 53.00 53.60 
2016/08/17 53.30 53.30 51.40 52.70 
2016/08/18 52.60 53.10 52.20 52.80 
2016/08/19 53.30 53.40 52.40 52.40 
2016/08/22 52.30 52.70 51.10 51.50 
2016/08/23 51.50 51.80 50.20 50.30 
2016/08/24 50.30 50.60 49.60 50.20 
2016/08/25 50.20 50.60 49.90 49.90 
2016/08/26 49.90 51.00 49.90 50.50 
2016/08/29 50.50 50.70 50.00 50.50 
2016/08/30 50.10 50.20 48.80 48.90 
2016/08/31 48.90 49.50 48.35 48.70 
2016/09/01 49.40 50.30 49.40 49.40 
2016/09/02 49.00 49.65 47.00 47.60 
2016/09/05 47.60 48.30 47.30 47.80 
2016/09/06 47.80 48.20 47.00 47.80 
2016/09/07 47.30 48.50 47.30 47.55 
2016/09/08 48.20 51.20 47.85 50.50 
2016/09/09 49.70 49.75 49.00 49.05 
2016/09/10 48.00 49.00 48.00 49.00 
2016/09/12 49.00 49.00 48.30 48.35 
2016/09/13 48.50 48.55 47.80 47.80 
2016/09/14 47.75 48.00 47.20 47.60 
2016/09/19 48.55 49.00 47.75 48.30 
2016/09/20 48.25 48.75 47.95 48.00 
2016/09/21 48.00 50.00 48.00 49.70 
2016/09/22 50.00 50.00 48.80 48.80 
2016/09/23 49.05 50.50 48.90 49.50 
2016/09/26 49.30 49.30 48.20 48.20 
2016/09/29 48.40 48.55 47.80 48.20 
2016/09/30 48.50 49.95 48.50 49.60 
2016/10/03 50.00 50.20 49.00 49.60 
2016/10/04 49.05 49.15 48.60 49.15 
2016/10/05 49.40 49.60 49.05 49.20 
2016/10/06 49.60 50.20 49.10 50.00 
2016/10/07 50.40 50.40 49.10 49.40 
2016/10/11 49.40 49.40 47.80 48.15 
2016/10/12 47.60 48.55 47.30 48.55 
2016/10/13 48.60 48.85 48.05 48.50 
2016/10/14 47.70 48.50 47.30 48.00 
2016/10/17 48.00 48.30 47.60 48.30 
2016/10/18 48.60 48.75 48.25 48.40 
2016/10/19 48.85 50.00 48.60 50.00 
2016/10/20 50.10 51.50 50.10 50.60 
2016/10/21 50.90 52.50 50.20 51.90 
2016/10/24 52.60 56.80 52.00 56.00 
2016/10/25 56.50 59.80 56.50 57.70 
2016/10/26 57.70 57.80 55.80 56.50 
2016/10/27 57.00 57.00 55.80 56.30 
2016/10/28 57.00 58.40 56.40 57.00 
2016/10/31 57.50 58.90 57.50 58.00 
2016/11/01 58.10 58.70 57.00 57.40 
2016/11/02 57.40 57.40 56.60 57.00 
2016/11/03 57.50 57.50 53.40 55.80 
2016/11/04 55.00 60.00 55.00 58.30 
2016/11/07 59.30 60.80 58.70 59.80 
2016/11/08 61.00 65.70 60.40 65.70 
2016/11/09 67.00 71.00 65.90 69.00 
2016/11/10 70.00 75.90 69.60 75.90 
2016/11/11 77.90 80.10 72.80 75.90 
2016/11/14 75.00 79.00 73.10 76.30 
2016/11/15 75.80 78.50 75.60 76.40 
2016/11/16 77.10 78.70 76.20 76.40 
2016/11/17 77.30 84.00 76.70 84.00 
2016/11/18 85.00 88.90 80.50 80.50 
2016/11/21 80.10 83.30 78.00 81.50 
2016/11/22 81.80 84.80 79.10 79.10 
2016/11/23 80.30 81.00 78.20 79.50 
2016/11/24 81.00 81.00 75.30 75.30 
2016/11/25 75.30 77.40 75.30 75.80 
2016/11/28 75.80 76.10 72.10 72.30 
2016/11/29 72.00 72.00 68.40 69.30 
2016/11/30 70.10 72.50 70.00 70.90 
2016/12/01 71.00 72.20 68.80 70.20 
2016/12/02 69.70 71.50 69.20 71.50 
2016/12/05 71.90 75.40 71.90 73.00 
2016/12/06 74.60 74.60 70.50 70.70 
2016/12/07 71.50 73.00 70.50 71.00 
2016/12/08 71.60 71.80 70.20 70.50 
2016/12/09 70.50 72.00 69.80 70.20 
2016/12/12 70.70 70.80 66.00 66.60 
2016/12/13 66.60 67.80 65.50 65.70 
2016/12/14 66.00 67.40 65.80 66.80 
2016/12/15 66.90 68.60 66.60 68.50 
2016/12/16 68.10 72.70 67.60 70.60 
2016/12/19 71.30 72.00 70.10 70.40 
2016/12/20 70.40 70.70 69.30 70.40 
2016/12/21 70.00 71.90 69.90 70.50 
2016/12/22 71.60 71.80 70.00 70.10 
2016/12/23 70.50 71.60 69.50 69.80 
2016/12/26 70.00 70.10 69.00 69.00 
2016/12/27 69.30 69.40 66.70 67.10 
2016/12/28 67.70 68.20 66.80 67.50 
2016/12/29 68.00 68.60 67.10 67.30 
2016/12/30 67.30 68.00 66.80 67.90 
2017/01/03 68.20 70.00 68.10 69.20 
2017/01/04 69.90 70.00 68.50 68.90 
2017/01/05 69.00 69.70 68.60 68.70 
2017/01/06 67.70 67.80 66.80 67.50 
2017/01/09 67.50 68.10 66.90 67.70 
2017/01/10 67.70 67.70 65.90 66.40 
2017/01/11 66.10 67.10 65.60 65.60 
2017/01/12 65.60 67.30 65.60 67.30 
2017/01/13 67.50 67.60 66.70 67.00 
2017/01/16 67.30 67.30 66.50 66.80 
2017/01/17 67.20 67.30 66.10 67.30 
2017/01/18 67.30 74.00 67.10 74.00 
2017/01/19 76.00 77.90 73.50 73.60 
2017/01/20 73.00 73.50 70.80 71.40 
2017/01/23 72.60 77.40 72.00 73.10 
2017/01/24 73.10 73.70 71.20 72.00 
2017/02/02 72.00 72.00 69.50 70.30 
2017/02/03 69.70 71.20 69.70 70.00 
2017/02/06 69.10 72.50 69.10 70.00 
2017/02/07 71.00 71.00 68.20 68.60 
2017/02/08 68.50 68.90 67.50 67.80 
