2016/07/01 35.20 35.20 35.00 35.20 
2016/07/04 35.05 35.70 35.05 35.40 
2016/07/05 32.95 34.80 32.95 33.45 
2016/07/06 33.50 33.50 32.95 32.95 
2016/07/07 32.95 33.50 32.80 33.45 
2016/07/11 33.90 33.90 33.00 33.00 
2016/07/12 33.00 33.00 32.00 32.50 
2016/07/13 32.50 33.00 32.40 32.75 
2016/07/14 33.85 34.00 32.25 32.25 
2016/07/15 32.60 33.00 32.50 33.00 
2016/07/18 32.50 33.45 32.50 33.45 
2016/07/19 33.40 33.40 32.55 32.65 
2016/07/20 32.95 32.95 32.10 32.75 
2016/07/21 32.95 33.00 32.90 32.95 
2016/07/22 32.80 32.80 32.80 32.80 
2016/07/25 32.65 33.10 31.80 32.30 
2016/07/26 32.15 32.20 32.15 32.20 
2016/07/27 32.20 32.20 31.75 31.80 
2016/07/28 31.95 31.95 31.95 31.95 
2016/07/29 31.95 32.30 31.50 32.30 
2016/08/01 32.30 33.05 32.30 33.05 
2016/08/02 32.70 32.90 32.40 32.90 
2016/08/04 32.90 33.40 32.30 33.00 
2016/08/05 33.00 33.00 32.30 32.90 
2016/08/08 32.90 32.90 32.90 32.90 
2016/08/09 32.90 33.20 32.90 32.90 
2016/08/10 32.25 32.25 31.00 31.90 
2016/08/11 31.20 31.80 31.15 31.80 
2016/08/12 32.15 32.15 31.10 31.70 
2016/08/15 31.90 32.00 31.40 31.40 
2016/08/16 31.45 31.50 31.40 31.50 
2016/08/17 31.90 32.90 31.40 31.40 
2016/08/18 31.40 31.65 31.30 31.65 
2016/08/19 31.60 31.65 31.40 31.50 
2016/08/22 31.30 31.30 31.00 31.00 
2016/08/23 31.25 31.35 30.80 30.80 
2016/08/24 30.80 30.90 30.30 30.75 
2016/08/25 30.55 30.85 30.40 30.85 
2016/08/26 30.45 30.85 30.45 30.85 
2016/08/30 30.40 30.65 30.30 30.65 
2016/08/31 30.70 30.70 30.70 30.70 
2016/09/01 30.50 31.30 30.50 30.60 
2016/09/02 31.00 31.00 31.00 31.00 
2016/09/05 30.50 30.50 30.50 30.50 
2016/09/06 30.50 30.60 30.50 30.60 
2016/09/07 30.60 30.85 30.50 30.85 
2016/09/08 30.70 31.00 30.65 31.00 
2016/09/09 30.60 30.60 30.60 30.60 
2016/09/10 30.50 31.65 30.50 31.65 
2016/09/12 32.50 33.00 31.50 33.00 
2016/09/13 33.60 33.60 31.70 31.70 
2016/09/14 31.55 32.50 31.55 32.40 
2016/09/19 32.80 32.80 31.50 31.85 
2016/09/20 32.00 32.00 30.80 31.50 
2016/09/21 31.00 32.30 31.00 32.30 
2016/09/22 31.35 31.60 31.00 31.30 
2016/09/23 31.05 31.20 31.00 31.20 
2016/09/26 30.85 31.35 30.85 31.35 
2016/09/29 31.50 31.50 30.90 31.35 
2016/09/30 31.05 31.05 31.05 31.05 
2016/10/03 31.70 31.70 31.20 31.50 
2016/10/04 31.20 31.60 31.20 31.50 
2016/10/05 31.40 31.40 31.00 31.30 
2016/10/06 30.95 31.15 30.95 31.15 
2016/10/07 30.95 31.05 30.95 31.00 
2016/10/11 31.25 31.30 30.70 31.00 
2016/10/12 31.00 31.50 31.00 31.35 
2016/10/13 31.40 32.00 31.00 31.05 
2016/10/14 31.15 31.15 30.60 30.90 
2016/10/17 30.50 30.85 30.40 30.85 
2016/10/18 30.55 30.95 30.40 30.80 
2016/10/19 30.80 30.80 30.60 30.60 
2016/10/20 30.60 30.90 30.60 30.60 
2016/10/21 30.60 30.60 30.60 30.60 
2016/10/24 30.30 30.30 30.10 30.10 
2016/10/25 30.00 30.00 29.00 29.10 
2016/10/26 29.10 29.40 28.40 28.50 
2016/10/27 28.20 29.60 28.20 29.00 
2016/10/28 29.25 29.85 29.05 29.05 
2016/10/31 29.50 29.50 29.20 29.20 
2016/11/01 29.30 29.50 29.20 29.50 
2016/11/02 29.50 29.50 28.45 29.00 
2016/11/03 28.50 28.50 27.20 27.95 
2016/11/04 27.95 27.95 27.95 27.95 
2016/11/07 27.95 27.95 27.85 27.85 
2016/11/08 28.00 28.00 27.60 28.00 
2016/11/09 28.00 30.60 27.20 30.60 
2016/11/10 29.95 29.95 28.30 29.40 
2016/11/11 29.40 29.40 28.40 28.70 
2016/11/14 28.60 29.75 28.00 29.75 
2016/11/15 29.55 29.55 29.00 29.40 
2016/11/16 29.70 29.95 29.00 29.95 
2016/11/17 29.50 30.00 29.25 30.00 
2016/11/18 29.40 29.80 29.40 29.70 
2016/11/21 29.70 30.40 29.40 30.40 
2016/11/22 30.50 30.50 29.70 30.05 
2016/11/23 30.15 30.15 29.85 30.00 
2016/11/24 29.45 29.90 29.45 29.90 
2016/11/25 30.30 30.30 29.75 30.00 
2016/11/28 30.30 30.30 30.00 30.15 
2016/11/29 30.00 31.00 30.00 31.00 
2016/11/30 31.00 31.10 30.30 30.65 
2016/12/01 30.60 30.60 30.00 30.40 
2016/12/02 30.40 30.45 30.40 30.45 
2016/12/05 30.70 30.70 30.20 30.40 
2016/12/06 30.50 30.70 30.50 30.70 
2016/12/07 30.60 30.65 30.50 30.50 
2016/12/08 31.00 31.00 30.40 30.40 
2016/12/09 30.90 30.90 30.30 30.90 
2016/12/12 30.60 30.85 30.60 30.85 
2016/12/13 30.85 30.85 30.80 30.80 
2016/12/14 30.10 30.40 30.00 30.40 
2016/12/15 29.40 30.00 29.40 29.95 
2016/12/16 29.80 30.00 29.80 30.00 
2016/12/19 30.20 30.70 30.00 30.70 
2016/12/20 30.15 30.45 30.00 30.45 
2016/12/21 30.15 30.15 30.10 30.10 
2016/12/22 30.40 30.70 30.25 30.70 
2016/12/23 30.90 30.95 30.80 30.80 
2016/12/26 30.95 30.95 30.80 30.80 
2016/12/27 30.50 30.80 30.50 30.80 
2016/12/28 30.60 30.65 30.40 30.65 
2016/12/29 30.60 30.65 30.40 30.65 
2016/12/30 30.65 30.80 30.40 30.75 
2017/01/03 30.50 30.85 30.25 30.85 
2017/01/04 30.60 30.70 30.30 30.70 
2017/01/05 30.60 30.70 30.35 30.60 
2017/01/06 30.60 31.35 30.45 30.60 
2017/01/09 30.60 30.60 30.60 30.60 
2017/01/10 31.25 31.25 30.95 31.00 
2017/01/11 31.00 31.05 30.75 31.05 
2017/01/12 31.75 31.75 31.05 31.40 
2017/01/13 31.15 31.50 30.70 31.10 
2017/01/16 30.90 30.90 30.05 30.45 
2017/01/17 30.35 31.10 30.35 30.90 
2017/01/18 31.00 31.10 30.90 30.90 
2017/01/19 30.90 30.95 30.90 30.90 
2017/01/20 31.25 31.35 31.00 31.00 
2017/01/23 31.45 31.50 31.05 31.05 
2017/01/24 30.70 31.50 30.70 30.70 
2017/02/02 31.15 31.80 31.10 31.60 
2017/02/03 32.00 32.30 31.85 32.10 
2017/02/06 32.50 32.50 32.20 32.20 
2017/02/07 32.20 32.25 32.20 32.20 
2017/02/08 32.30 32.30 31.85 31.85 
