2016/07/01 44.95 45.00 44.70 44.95 
2016/07/04 42.10 43.60 42.05 43.30 
2016/07/05 43.30 43.30 42.70 43.05 
2016/07/06 43.00 43.00 42.20 42.30 
2016/07/07 42.40 42.65 42.35 42.55 
2016/07/11 43.00 44.70 42.85 44.25 
2016/07/12 45.20 46.80 44.90 45.10 
2016/07/13 46.30 46.30 45.20 45.75 
2016/07/14 46.35 47.40 46.10 46.15 
2016/07/15 46.55 46.90 45.85 46.55 
2016/07/18 47.30 49.20 47.25 48.70 
2016/07/19 49.70 51.00 49.05 49.50 
2016/07/20 49.50 50.30 48.80 50.10 
2016/07/21 50.70 52.50 49.50 49.75 
2016/07/22 49.90 50.80 49.75 50.00 
2016/07/25 50.10 51.30 50.10 50.90 
2016/07/26 50.90 52.30 50.00 50.50 
2016/07/27 50.80 52.00 50.80 51.80 
2016/07/28 52.50 54.50 52.40 54.00 
2016/07/29 54.30 56.10 54.00 54.20 
2016/08/01 54.00 55.00 53.50 54.70 
2016/08/02 55.80 56.60 55.00 55.10 
2016/08/03 55.00 55.00 53.00 54.00 
2016/08/04 54.10 56.90 54.10 56.90 
2016/08/05 56.40 56.50 55.10 56.50 
2016/08/08 57.00 57.50 56.50 56.60 
2016/08/09 55.50 56.50 54.90 56.50 
2016/08/10 56.40 56.40 54.90 55.00 
2016/08/11 54.80 55.20 53.70 55.20 
2016/08/12 55.30 56.20 54.70 55.40 
2016/08/15 55.80 55.80 53.80 55.80 
2016/08/16 55.80 55.80 54.50 54.90 
2016/08/17 54.90 56.50 54.10 56.50 
2016/08/18 57.40 61.50 57.40 60.90 
2016/08/19 61.10 61.50 56.00 57.90 
2016/08/22 57.70 57.70 55.30 57.50 
2016/08/23 57.20 57.30 56.30 56.90 
2016/08/24 56.60 57.30 56.20 56.20 
2016/08/25 56.90 57.30 56.20 57.20 
2016/08/26 57.60 57.90 56.80 57.30 
2016/08/29 57.80 57.80 56.70 56.70 
2016/08/30 56.80 58.10 56.70 57.90 
2016/08/31 58.00 58.00 57.00 57.70 
2016/09/01 57.60 57.60 55.10 56.70 
2016/09/02 56.50 56.80 54.80 56.20 
2016/09/05 56.50 57.40 56.40 56.70 
2016/09/06 57.00 57.30 55.90 57.20 
2016/09/07 57.60 59.40 57.00 59.00 
2016/09/08 59.40 59.40 58.30 58.40 
2016/09/09 59.00 62.30 58.70 61.10 
2016/09/10 59.40 61.10 59.40 60.30 
2016/09/12 60.30 60.80 59.10 59.50 
2016/09/13 59.80 60.00 57.50 57.90 
2016/09/14 57.40 58.40 56.30 57.70 
2016/09/19 58.80 58.80 58.10 58.10 
2016/09/20 58.20 58.60 57.30 57.30 
2016/09/21 57.40 58.00 57.40 57.70 
2016/09/22 58.10 58.40 57.60 57.80 
2016/09/23 57.90 58.00 57.20 57.40 
2016/09/26 57.00 57.50 56.20 57.00 
2016/09/29 57.40 57.50 56.50 56.50 
2016/09/30 56.20 56.80 55.30 55.70 
2016/10/03 56.00 56.80 55.70 55.80 
2016/10/04 56.50 58.50 56.50 57.70 
2016/10/05 57.90 58.70 57.70 58.00 
2016/10/06 58.00 58.60 57.40 57.60 
2016/10/07 59.00 60.30 58.90 59.80 
2016/10/11 61.50 61.50 58.20 58.50 
2016/10/12 58.60 59.10 58.20 58.20 
2016/10/13 58.70 59.10 57.90 58.50 
2016/10/14 58.50 58.60 56.60 57.50 
2016/10/17 58.00 58.30 57.30 57.90 
2016/10/18 58.50 59.90 58.40 59.40 
2016/10/19 59.70 59.90 58.80 58.90 
2016/10/20 59.50 60.90 58.70 59.30 
2016/10/21 60.50 60.80 59.10 59.50 
2016/10/24 60.30 62.90 60.20 61.80 
2016/10/25 61.70 61.80 60.70 61.70 
2016/10/26 61.30 62.30 61.10 61.30 
2016/10/27 61.50 63.30 60.60 60.60 
2016/10/28 60.60 61.20 57.60 58.00 
2016/10/31 58.00 58.60 55.60 57.10 
2016/11/01 57.10 57.30 55.50 56.00 
2016/11/02 55.50 56.00 55.00 55.30 
2016/11/03 55.30 55.60 53.30 54.10 
2016/11/04 54.10 54.60 53.70 54.20 
2016/11/07 54.90 55.80 54.90 55.60 
2016/11/08 56.00 56.00 54.10 54.90 
2016/11/09 54.60 54.90 50.20 52.20 
2016/11/10 53.20 54.00 52.20 54.00 
2016/11/11 52.80 53.30 52.20 52.70 
2016/11/14 53.00 53.00 50.70 52.70 
2016/11/15 52.50 52.60 51.90 52.60 
2016/11/16 52.60 52.80 50.80 51.40 
2016/11/17 51.00 51.10 49.50 50.90 
2016/11/18 50.50 51.80 50.20 51.50 
2016/11/21 51.00 52.60 50.90 51.90 
2016/11/22 52.60 53.40 52.50 52.50 
2016/11/23 53.40 53.60 52.50 52.50 
2016/11/24 52.50 52.60 51.60 52.30 
2016/11/25 52.80 52.80 51.40 51.40 
2016/11/28 51.40 51.80 50.90 51.80 
2016/11/29 51.90 52.00 51.50 52.00 
2016/11/30 52.00 52.30 51.60 51.60 
2016/12/01 51.60 52.00 51.60 51.80 
2016/12/02 50.60 51.60 50.60 51.60 
2016/12/05 51.50 51.50 51.10 51.30 
2016/12/06 51.70 52.40 51.60 52.30 
2016/12/07 52.50 53.80 52.50 53.30 
2016/12/08 54.00 54.50 53.30 53.40 
2016/12/09 54.10 54.40 53.70 53.80 
2016/12/12 53.80 54.20 52.80 52.80 
2016/12/13 52.90 53.50 52.80 53.20 
2016/12/14 52.90 53.20 52.80 52.80 
2016/12/15 52.50 53.00 52.40 52.80 
2016/12/16 52.80 53.50 52.80 53.20 
2016/12/19 53.30 53.30 52.70 52.80 
2016/12/20 52.80 53.00 52.20 52.60 
2016/12/21 53.00 53.10 52.60 53.00 
2016/12/22 52.50 52.60 52.20 52.30 
2016/12/23 52.00 52.40 52.00 52.30 
2016/12/26 52.20 53.00 52.00 52.90 
2016/12/27 53.50 53.50 52.80 53.00 
2016/12/28 53.00 53.30 52.80 53.30 
2016/12/29 52.80 53.00 52.60 53.00 
2016/12/30 53.00 53.00 52.70 52.70 
2017/01/03 53.00 53.00 52.60 52.80 
2017/01/04 52.80 53.20 52.60 53.10 
2017/01/05 53.00 53.40 52.90 53.10 
2017/01/06 53.20 53.80 53.20 53.70 
2017/01/09 54.20 54.20 53.10 53.60 
2017/01/10 54.30 54.50 53.60 53.60 
2017/01/11 53.80 54.00 53.30 53.80 
2017/01/12 54.10 54.10 53.70 54.00 
2017/01/13 54.00 54.00 53.60 54.00 
2017/01/16 53.70 53.90 53.30 53.90 
2017/01/17 53.50 53.90 53.40 53.90 
2017/01/18 53.90 54.00 53.70 53.80 
2017/01/19 53.50 55.10 53.50 54.20 
2017/01/20 54.00 54.40 53.60 53.70 
2017/01/23 53.90 54.20 53.60 53.70 
2017/01/24 53.90 53.90 53.40 53.70 
2017/02/02 54.00 54.40 53.60 54.00 
2017/02/03 54.00 54.90 53.60 54.70 
2017/02/06 55.10 55.10 54.50 54.80 
2017/02/07 54.70 55.00 54.60 55.00 
2017/02/08 55.00 56.80 55.00 56.40 
