2016/07/01 3.38 3.41 3.31 3.41 
2016/07/04 3.47 3.47 3.45 3.45 
2016/07/05 3.41 3.47 3.41 3.46 
2016/07/06 3.42 3.46 3.38 3.46 
2016/07/07 3.48 3.48 3.47 3.47 
2016/07/11 3.44 3.47 3.40 3.46 
2016/07/12 3.46 3.48 3.44 3.48 
2016/07/13 3.46 3.50 3.41 3.45 
2016/07/14 3.45 3.45 3.45 3.45 
2016/07/15 3.47 3.49 3.46 3.49 
2016/07/18 3.48 3.52 3.48 3.52 
2016/07/19 3.47 3.51 3.47 3.51 
2016/07/20 3.46 3.53 3.46 3.53 
2016/07/21 3.54 3.60 3.53 3.60 
2016/07/22 3.54 3.55 3.50 3.55 
2016/07/25 3.53 3.55 3.53 3.55 
2016/07/26 3.52 3.63 3.52 3.62 
2016/07/27 3.55 3.61 3.54 3.58 
2016/07/28 3.54 3.58 3.54 3.58 
2016/07/29 3.58 3.58 3.55 3.55 
2016/08/01 3.57 3.57 3.57 3.57 
2016/08/02 3.54 3.57 3.53 3.57 
2016/08/03 3.57 3.57 3.50 3.56 
2016/08/04 3.56 3.57 3.54 3.57 
2016/08/05 3.57 3.57 3.56 3.57 
2016/08/08 3.55 3.59 3.55 3.59 
2016/08/09 3.55 3.58 3.55 3.58 
2016/08/10 3.58 3.58 3.58 3.58 
2016/08/11 3.55 3.59 3.52 3.52 
2016/08/12 3.52 3.57 3.52 3.53 
2016/08/15 3.57 3.57 3.57 3.57 
2016/08/17 3.54 3.56 3.53 3.56 
2016/08/19 3.51 3.54 3.50 3.54 
2016/08/22 3.59 3.60 3.55 3.55 
2016/08/25 3.50 3.55 3.50 3.55 
2016/08/26 3.57 3.57 3.53 3.57 
2016/08/29 3.53 3.57 3.53 3.57 
2016/08/30 3.53 3.57 3.51 3.57 
2016/08/31 3.50 3.59 3.50 3.59 
2016/09/01 3.51 3.56 3.50 3.56 
2016/09/02 3.51 3.51 3.51 3.51 
2016/09/05 3.50 3.61 3.50 3.60 
2016/09/07 3.61 3.62 3.61 3.62 
2016/09/08 3.61 3.63 3.61 3.63 
2016/09/09 3.66 3.66 3.63 3.65 
2016/09/10 3.68 3.68 3.58 3.67 
2016/09/12 3.70 3.70 3.59 3.67 
2016/09/13 3.64 3.64 3.64 3.64 
2016/09/14 3.65 3.65 3.60 3.64 
2016/09/19 3.65 3.65 3.59 3.64 
2016/09/20 3.58 3.64 3.58 3.64 
2016/09/21 3.70 3.70 3.64 3.69 
2016/09/22 3.70 3.70 3.70 3.70 
2016/09/23 3.69 3.69 3.61 3.68 
2016/09/26 3.72 3.72 3.70 3.70 
2016/09/29 3.72 3.72 3.60 3.67 
2016/09/30 3.67 3.67 3.66 3.66 
2016/10/03 3.65 3.65 3.60 3.65 
2016/10/04 3.61 3.70 3.60 3.70 
2016/10/05 3.68 3.68 3.65 3.67 
2016/10/06 3.70 3.70 3.70 3.70 
2016/10/07 3.71 3.71 3.69 3.69 
2016/10/11 3.70 3.70 3.63 3.67 
2016/10/12 3.70 3.70 3.60 3.60 
2016/10/13 3.58 3.70 3.58 3.70 
2016/10/14 3.69 3.69 3.69 3.69 
2016/10/17 3.69 3.69 3.68 3.68 
2016/10/18 3.69 3.69 3.61 3.65 
2016/10/19 3.67 3.67 3.65 3.67 
2016/10/20 3.53 3.55 3.50 3.54 
2016/10/21 3.57 3.58 3.56 3.56 
2016/10/24 3.60 3.65 3.60 3.64 
2016/10/25 3.63 3.69 3.63 3.67 
2016/10/26 3.69 3.69 3.67 3.67 
2016/10/27 3.69 3.69 3.69 3.69 
2016/10/28 3.70 3.70 3.64 3.64 
2016/10/31 3.70 3.74 3.65 3.74 
2016/11/01 3.74 3.75 3.70 3.75 
2016/11/02 3.86 4.09 3.86 4.02 
2016/11/03 3.82 3.94 3.82 3.90 
2016/11/07 3.76 3.86 3.75 3.86 
2016/11/08 3.80 3.87 3.73 3.87 
2016/11/09 3.72 3.72 3.68 3.71 
2016/11/10 3.80 3.80 3.72 3.72 
2016/11/11 3.82 3.84 3.72 3.84 
2016/11/14 4.00 4.04 3.92 3.95 
2016/11/15 4.05 4.05 3.92 3.92 
2016/11/16 4.00 4.03 3.98 4.03 
2016/11/17 4.03 4.08 3.99 4.08 
2016/11/18 4.15 4.15 4.08 4.09 
2016/11/21 4.16 4.16 4.04 4.08 
2016/11/22 4.14 4.14 4.05 4.05 
2016/11/23 4.04 4.04 4.01 4.02 
2016/11/24 4.05 4.09 3.94 4.09 
2016/11/25 4.10 4.10 4.10 4.10 
2016/11/28 4.10 4.10 4.01 4.10 
2016/11/29 4.09 4.09 4.02 4.08 
2016/11/30 3.91 4.05 3.91 4.05 
2016/12/01 4.05 4.05 3.96 4.03 
2016/12/02 4.07 4.07 3.98 4.03 
2016/12/05 4.08 4.08 4.00 4.04 
2016/12/06 4.07 4.07 4.07 4.07 
2016/12/07 4.13 4.13 3.96 3.98 
2016/12/08 4.07 4.07 3.92 3.92 
2016/12/09 3.99 3.99 3.92 3.92 
2016/12/12 3.78 3.98 3.78 3.98 
2016/12/13 3.84 3.94 3.84 3.94 
2016/12/14 3.95 3.95 3.95 3.95 
2016/12/15 3.95 3.95 3.82 3.89 
2016/12/16 3.96 3.96 3.95 3.95 
2016/12/19 3.99 3.99 3.79 3.79 
2016/12/20 3.92 3.92 3.79 3.79 
2016/12/21 3.79 3.79 3.77 3.79 
2016/12/22 3.75 3.87 3.75 3.86 
2016/12/23 3.91 3.91 3.70 3.73 
2016/12/26 3.77 3.77 3.77 3.77 
2016/12/27 3.78 3.78 3.78 3.78 
2016/12/28 3.79 3.79 3.66 3.78 
2016/12/29 3.80 3.80 3.80 3.80 
2017/01/03 3.80 3.85 3.65 3.85 
2017/01/04 3.87 3.90 3.87 3.90 
2017/01/05 3.93 3.93 3.92 3.92 
2017/01/06 3.92 3.92 3.85 3.88 
2017/01/09 3.98 3.98 3.90 3.92 
2017/01/10 3.90 3.99 3.90 3.99 
2017/01/11 3.99 3.99 3.82 3.96 
2017/01/12 3.95 3.95 3.94 3.94 
2017/01/13 3.93 3.93 3.80 3.87 
2017/01/16 3.86 3.86 3.80 3.85 
2017/01/17 3.89 3.89 3.89 3.89 
2017/01/18 3.76 3.87 3.76 3.87 
2017/01/19 3.86 3.86 3.80 3.86 
2017/01/20 3.87 3.97 3.81 3.97 
2017/01/23 3.99 3.99 3.99 3.99 
2017/01/24 4.00 4.00 3.99 3.99 
2017/02/02 4.02 4.05 3.98 4.01 
2017/02/03 4.05 4.05 3.99 4.04 
2017/02/06 4.07 4.07 3.99 4.04 
2017/02/07 4.04 4.04 3.96 4.03 
2017/02/08 4.03 4.03 3.95 4.03 
