2016/07/01 4.28 4.30 4.25 4.25 
2016/07/04 4.24 4.24 4.13 4.24 
2016/07/05 4.21 4.30 4.21 4.30 
2016/07/06 4.28 4.33 4.28 4.30 
2016/07/07 4.28 4.37 4.28 4.37 
2016/07/11 4.32 4.37 4.30 4.37 
2016/07/12 4.33 4.38 4.33 4.38 
2016/07/13 4.33 4.38 4.33 4.38 
2016/07/14 4.34 4.38 4.33 4.35 
2016/07/15 4.33 4.39 4.33 4.36 
2016/07/18 4.34 4.34 4.33 4.34 
2016/07/19 4.33 4.40 4.33 4.40 
2016/07/20 4.37 4.42 4.35 4.42 
2016/07/21 4.40 4.45 4.40 4.45 
2016/07/22 4.45 4.45 4.42 4.44 
2016/07/25 4.45 4.50 4.45 4.50 
2016/07/26 4.48 4.55 4.47 4.55 
2016/07/27 4.55 4.56 4.50 4.56 
2016/07/28 4.52 4.57 4.50 4.57 
2016/07/29 4.55 4.58 4.55 4.58 
2016/08/01 4.55 4.60 4.55 4.56 
2016/08/02 4.57 4.59 4.53 4.59 
2016/08/03 4.27 4.27 4.15 4.17 
2016/08/04 4.16 4.16 4.14 4.15 
2016/08/05 4.15 4.19 4.14 4.15 
2016/08/08 4.13 4.19 4.13 4.18 
2016/08/09 4.17 4.19 4.14 4.19 
2016/08/11 4.17 4.25 4.14 4.24 
2016/08/12 4.22 4.26 4.22 4.25 
2016/08/15 4.22 4.25 4.22 4.22 
2016/08/16 4.21 4.22 4.18 4.18 
2016/08/17 4.20 4.23 4.20 4.22 
2016/08/18 4.22 4.28 4.22 4.27 
2016/08/22 4.26 4.26 4.26 4.26 
2016/08/24 4.22 4.24 4.22 4.24 
2016/08/25 4.21 4.25 4.20 4.25 
2016/08/26 4.22 4.24 4.22 4.24 
2016/08/29 4.24 4.27 4.22 4.27 
2016/08/30 4.18 4.18 4.12 4.12 
2016/08/31 4.18 4.18 4.11 4.12 
2016/09/01 4.08 4.08 3.86 3.91 
2016/09/02 3.91 3.94 3.88 3.89 
2016/09/05 3.87 3.92 3.87 3.92 
2016/09/06 3.92 3.96 3.90 3.93 
2016/09/07 3.93 3.95 3.93 3.93 
2016/09/08 3.91 3.92 3.89 3.92 
2016/09/09 3.93 3.94 3.89 3.94 
2016/09/12 3.94 3.96 3.94 3.96 
2016/09/13 3.96 3.96 3.96 3.96 
2016/09/14 3.97 4.00 3.97 3.98 
2016/09/19 3.96 3.96 3.96 3.96 
2016/09/20 3.98 3.98 3.98 3.98 
2016/09/21 3.95 3.98 3.95 3.98 
2016/09/22 3.95 3.98 3.95 3.98 
2016/09/23 3.98 3.98 3.97 3.98 
2016/09/29 3.97 3.98 3.97 3.98 
2016/09/30 3.99 3.99 3.99 3.99 
2016/10/03 3.93 3.99 3.93 3.98 
2016/10/04 3.98 4.00 3.95 3.95 
2016/10/05 3.98 3.98 3.98 3.98 
2016/10/06 3.97 3.97 3.97 3.97 
2016/10/07 3.94 3.94 3.93 3.94 
2016/10/11 3.90 3.90 3.84 3.86 
2016/10/12 3.88 3.88 3.87 3.88 
2016/10/13 3.83 3.88 3.83 3.88 
2016/10/14 3.89 3.92 3.89 3.89 
2016/10/17 3.89 3.95 3.89 3.95 
2016/10/18 3.95 3.98 3.90 3.97 
2016/10/19 3.95 3.98 3.95 3.98 
2016/10/20 3.95 3.95 3.91 3.91 
2016/10/21 3.97 3.97 3.97 3.97 
2016/10/24 3.95 3.97 3.95 3.97 
2016/10/25 3.91 3.96 3.91 3.96 
2016/10/26 3.93 3.97 3.93 3.95 
2016/10/27 3.95 3.97 3.91 3.97 
2016/10/28 3.92 3.96 3.92 3.96 
2016/10/31 3.97 3.97 3.97 3.97 
2016/11/01 3.97 3.99 3.97 3.99 
2016/11/02 3.93 3.98 3.91 3.91 
2016/11/03 3.91 3.96 3.91 3.96 
2016/11/04 3.94 3.96 3.93 3.95 
2016/11/07 3.97 3.97 3.97 3.97 
2016/11/08 3.96 3.96 3.91 3.91 
2016/11/09 3.94 3.94 3.88 3.88 
2016/11/10 3.88 4.01 3.88 4.01 
2016/11/11 3.96 3.96 3.93 3.93 
2016/11/14 3.94 4.00 3.94 4.00 
2016/11/15 3.95 3.95 3.95 3.95 
2016/11/16 3.95 3.95 3.94 3.94 
2016/11/17 3.93 4.00 3.90 3.91 
2016/11/18 3.92 3.98 3.92 3.98 
2016/11/21 3.94 3.94 3.94 3.94 
2016/11/22 3.95 3.95 3.95 3.95 
2016/11/23 3.93 4.00 3.90 4.00 
2016/11/24 3.91 4.00 3.91 4.00 
2016/11/25 3.93 4.00 3.91 4.00 
2016/11/28 3.94 4.00 3.94 4.00 
2016/11/29 3.95 4.00 3.94 3.94 
2016/11/30 4.00 4.00 3.94 4.00 
2016/12/01 3.90 3.99 3.85 3.99 
2016/12/02 3.99 4.02 3.99 4.01 
2016/12/05 4.01 4.01 3.96 4.01 
2016/12/06 4.00 4.03 4.00 4.03 
2016/12/07 3.97 3.97 3.97 3.97 
2016/12/08 4.03 4.07 3.97 4.07 
2016/12/12 4.05 4.05 4.05 4.05 
2016/12/13 4.06 4.06 4.00 4.01 
2016/12/14 4.00 4.00 4.00 4.00 
2016/12/15 4.05 4.05 3.96 4.05 
2016/12/16 4.04 4.04 3.99 3.99 
2016/12/20 4.04 4.04 3.99 3.99 
2016/12/21 3.99 4.00 3.99 4.00 
2016/12/23 4.00 4.00 3.94 4.00 
2016/12/26 3.99 3.99 3.99 3.99 
2016/12/27 3.98 3.98 3.98 3.98 
2016/12/28 3.98 3.98 3.94 3.94 
2016/12/29 3.94 3.94 3.94 3.94 
2016/12/30 3.94 3.95 3.94 3.95 
2017/01/03 3.95 3.98 3.95 3.97 
2017/01/04 3.97 3.98 3.97 3.98 
2017/01/05 3.99 3.99 3.99 3.99 
2017/01/06 4.04 4.04 4.04 4.04 
2017/01/09 4.00 4.05 3.99 4.05 
2017/01/10 4.00 4.07 4.00 4.05 
2017/01/11 4.02 4.03 4.02 4.03 
2017/01/13 4.05 4.05 4.02 4.05 
2017/01/16 4.01 4.05 4.01 4.05 
2017/01/17 4.00 4.00 4.00 4.00 
2017/01/18 4.01 4.01 4.01 4.01 
2017/01/19 4.01 4.10 4.01 4.10 
2017/01/20 4.16 4.51 4.16 4.51 
2017/01/23 4.26 4.50 4.26 4.50 
2017/01/24 4.52 4.52 4.40 4.41 
2017/02/02 4.45 4.45 4.32 4.32 
2017/02/03 4.37 4.41 4.32 4.35 
2017/02/06 4.32 4.33 4.30 4.30 
2017/02/07 4.29 4.29 4.26 4.26 
2017/02/08 4.26 4.33 4.26 4.33 
