2016/07/01 9.43 9.52 9.43 9.47 
2016/07/04 9.47 9.47 9.43 9.45 
2016/07/05 9.47 9.60 9.40 9.46 
2016/07/06 9.46 9.46 9.35 9.40 
2016/07/07 9.30 9.40 9.28 9.35 
2016/07/11 9.34 9.42 9.30 9.34 
2016/07/12 9.26 9.27 9.20 9.25 
2016/07/13 9.25 9.28 9.25 9.28 
2016/07/14 9.20 9.35 9.20 9.30 
2016/07/15 9.30 9.47 9.30 9.38 
2016/07/18 9.38 9.39 9.30 9.36 
2016/07/19 9.32 9.77 9.32 9.50 
2016/07/20 9.35 9.49 9.35 9.42 
2016/07/21 9.42 9.70 9.42 9.55 
2016/07/22 9.42 9.52 9.42 9.50 
2016/07/25 9.50 9.50 9.43 9.43 
2016/07/26 9.43 9.56 9.43 9.55 
2016/07/27 9.50 9.50 9.46 9.50 
2016/07/28 9.50 9.65 9.44 9.52 
2016/07/29 9.46 9.55 9.41 9.43 
2016/08/01 9.45 9.45 9.44 9.44 
2016/08/02 9.45 9.58 9.43 9.53 
2016/08/03 9.42 9.49 9.42 9.48 
2016/08/04 9.48 9.48 9.44 9.45 
2016/08/05 9.40 9.40 9.36 9.40 
2016/08/08 9.35 9.48 9.35 9.40 
2016/08/09 9.40 9.40 9.40 9.40 
2016/08/10 9.45 9.46 9.40 9.46 
2016/08/11 9.48 9.48 9.40 9.47 
2016/08/12 9.50 9.76 9.50 9.76 
2016/08/15 9.77 10.15 9.77 10.15 
2016/08/16 10.25 10.25 10.00 10.00 
2016/08/17 10.05 10.05 9.83 9.90 
2016/08/18 9.90 9.90 9.81 9.88 
2016/08/19 9.86 9.86 9.76 9.78 
2016/08/22 9.77 9.78 9.60 9.62 
2016/08/23 9.53 9.68 9.53 9.68 
2016/08/24 9.63 9.63 9.44 9.61 
2016/08/25 9.61 9.61 9.52 9.58 
2016/08/26 9.59 9.64 9.57 9.63 
2016/08/29 9.63 9.68 9.62 9.64 
2016/08/30 9.58 9.68 9.57 9.61 
2016/08/31 9.65 9.65 9.57 9.60 
2016/09/01 9.60 9.70 9.55 9.55 
2016/09/02 9.67 9.67 9.60 9.60 
2016/09/05 9.65 9.68 9.60 9.61 
2016/09/06 9.60 9.69 9.59 9.60 
2016/09/07 9.60 9.89 9.60 9.70 
2016/09/08 9.66 9.77 9.65 9.75 
2016/09/09 9.66 9.66 9.56 9.59 
2016/09/10 9.58 9.60 9.54 9.55 
2016/09/12 9.60 9.60 9.50 9.60 
2016/09/13 9.54 9.60 9.45 9.59 
2016/09/14 9.57 9.57 9.26 9.39 
2016/09/19 9.38 9.44 9.34 9.41 
2016/09/20 9.28 9.42 9.28 9.40 
2016/09/21 9.40 9.48 9.40 9.47 
2016/09/22 9.49 9.49 9.32 9.40 
2016/09/23 9.37 9.48 9.34 9.48 
2016/09/26 9.47 9.47 9.40 9.40 
2016/09/29 9.41 9.48 9.36 9.40 
2016/09/30 9.35 9.40 9.30 9.39 
2016/10/03 9.32 9.40 9.32 9.38 
2016/10/04 9.38 9.38 9.25 9.37 
2016/10/05 9.30 9.32 9.30 9.32 
2016/10/06 9.27 9.33 9.25 9.33 
2016/10/07 9.33 9.35 9.32 9.32 
2016/10/11 9.32 9.32 9.13 9.15 
2016/10/12 9.20 9.20 9.10 9.12 
2016/10/13 9.18 9.30 9.13 9.13 
2016/10/14 9.25 9.25 9.00 9.06 
2016/10/17 9.06 9.15 9.00 9.15 
2016/10/18 9.06 9.12 9.03 9.10 
2016/10/19 9.03 9.09 9.03 9.09 
2016/10/20 9.03 9.04 9.03 9.04 
2016/10/21 9.03 9.10 9.00 9.10 
2016/10/24 9.01 9.02 9.01 9.02 
2016/10/25 9.02 9.02 9.00 9.01 
2016/10/26 9.02 9.30 9.02 9.12 
2016/10/27 9.05 9.15 9.00 9.01 
2016/10/28 9.09 9.13 9.02 9.05 
2016/10/31 9.06 9.08 9.01 9.08 
2016/11/01 9.03 9.18 9.03 9.15 
2016/11/02 9.03 9.03 8.70 9.00 
2016/11/03 8.98 8.99 8.74 8.98 
2016/11/04 8.98 8.99 8.90 8.90 
2016/11/07 8.90 9.00 8.90 8.90 
2016/11/08 8.90 8.90 8.60 8.79 
2016/11/09 8.79 8.79 8.52 8.70 
2016/11/10 8.71 8.88 8.70 8.87 
2016/11/11 8.85 8.85 8.65 8.82 
2016/11/14 8.68 8.77 8.56 8.73 
2016/11/15 8.73 9.19 8.73 8.90 
2016/11/16 8.90 9.00 8.90 8.91 
2016/11/17 8.88 8.88 8.70 8.85 
2016/11/18 8.70 8.88 8.70 8.87 
2016/11/21 8.86 8.90 8.85 8.86 
2016/11/22 8.89 8.91 8.81 8.86 
2016/11/23 8.80 8.85 8.76 8.77 
2016/11/24 8.80 9.00 8.77 8.85 
2016/11/25 8.85 8.94 8.85 8.90 
2016/11/28 8.90 8.92 8.90 8.90 
2016/11/29 8.90 8.90 8.88 8.89 
2016/11/30 8.90 9.09 8.89 9.02 
2016/12/01 9.06 9.26 8.95 9.14 
2016/12/02 9.12 9.23 9.12 9.17 
2016/12/05 9.06 9.13 9.06 9.06 
2016/12/06 9.14 9.34 9.14 9.23 
2016/12/07 9.23 9.35 9.23 9.28 
2016/12/08 9.40 10.20 9.40 10.20 
2016/12/09 10.20 10.20 9.70 9.93 
2016/12/12 9.93 10.10 9.81 9.81 
2016/12/13 9.82 9.94 9.80 9.92 
2016/12/14 9.92 9.93 9.80 9.82 
2016/12/15 9.80 9.80 9.60 9.63 
2016/12/16 9.63 9.72 9.60 9.66 
2016/12/19 9.60 9.70 9.50 9.50 
2016/12/20 9.53 9.60 9.50 9.50 
2016/12/21 9.60 9.60 9.50 9.60 
2016/12/22 9.60 9.60 9.50 9.51 
2016/12/23 9.54 9.60 9.45 9.50 
2016/12/26 9.58 9.58 9.50 9.51 
2016/12/27 9.52 9.52 9.50 9.50 
2016/12/28 9.50 9.55 9.50 9.50 
2016/12/29 9.58 9.59 9.48 9.48 
2016/12/30 9.53 9.66 9.52 9.60 
2017/01/03 9.50 9.60 9.50 9.52 
2017/01/04 9.50 9.59 9.50 9.51 
2017/01/05 9.52 9.71 9.52 9.71 
2017/01/06 9.74 9.95 9.74 9.85 
2017/01/09 9.72 9.94 9.70 9.86 
2017/01/10 9.83 9.83 9.70 9.82 
2017/01/11 9.61 9.71 9.61 9.61 
2017/01/12 9.70 9.70 9.60 9.63 
2017/01/13 9.63 9.84 9.63 9.70 
2017/01/16 9.82 9.85 9.70 9.70 
2017/01/17 9.71 9.86 9.71 9.80 
2017/01/18 9.75 9.80 9.75 9.80 
2017/01/19 9.80 9.83 9.70 9.72 
2017/01/20 9.69 9.78 9.69 9.77 
2017/01/23 9.77 9.90 9.75 9.78 
2017/01/24 9.91 9.91 9.76 9.85 
2017/02/02 9.85 9.96 9.85 9.91 
2017/02/03 9.92 10.90 9.91 10.90 
2017/02/06 11.10 11.95 11.10 11.95 
2017/02/07 12.20 13.00 12.15 12.80 
2017/02/08 12.75 12.80 12.05 12.20 
