2016/07/01 23.45 23.70 21.85 21.85 
2016/07/04 21.95 22.60 21.05 21.45 
2016/07/05 21.65 22.15 21.65 22.00 
2016/07/06 22.00 22.00 21.25 21.50 
2016/07/07 21.70 22.20 21.35 21.50 
2016/07/11 22.00 22.00 21.20 21.20 
2016/07/12 21.30 21.45 20.75 20.75 
2016/07/13 20.75 20.75 20.00 20.50 
2016/07/14 20.50 22.55 20.50 22.55 
2016/07/15 22.70 23.20 21.65 21.80 
2016/07/18 21.85 22.40 21.50 21.80 
2016/07/19 22.20 22.25 21.40 21.60 
2016/07/20 21.30 22.25 21.30 21.65 
2016/07/21 21.70 21.95 21.60 21.75 
2016/07/22 21.75 21.90 21.40 21.50 
2016/07/25 21.25 21.50 20.50 21.10 
2016/07/26 21.20 21.20 20.80 20.90 
2016/07/27 21.15 22.80 21.15 21.35 
2016/07/28 21.35 22.15 21.35 21.55 
2016/07/29 21.65 22.20 21.50 21.60 
2016/08/01 21.60 21.75 21.00 21.20 
2016/08/02 21.50 21.80 21.25 21.55 
2016/08/03 21.40 21.90 21.25 21.25 
2016/08/04 21.35 21.70 21.25 21.25 
2016/08/05 21.30 21.40 20.90 21.05 
2016/08/08 21.20 21.25 20.60 20.60 
2016/08/09 20.55 20.65 20.35 20.50 
2016/08/10 20.55 20.85 20.15 20.40 
2016/08/11 20.60 20.60 20.00 20.10 
2016/08/12 20.20 20.50 20.05 20.10 
2016/08/15 20.05 20.20 18.55 19.00 
2016/08/16 19.50 20.45 19.40 20.05 
2016/08/17 20.10 20.15 19.55 19.95 
2016/08/18 19.90 20.20 19.85 20.05 
2016/08/19 20.15 20.20 19.75 19.75 
2016/08/22 19.75 19.75 18.80 19.05 
2016/08/23 19.05 19.15 18.85 19.00 
2016/08/24 19.05 19.05 18.50 18.60 
2016/08/25 18.60 20.10 18.60 19.60 
2016/08/26 19.60 19.60 19.15 19.15 
2016/08/29 19.00 19.30 19.00 19.00 
2016/08/30 19.15 19.15 18.85 18.95 
2016/08/31 19.10 19.20 18.55 18.55 
2016/09/01 18.80 18.95 18.50 18.75 
2016/09/02 18.70 18.70 18.00 18.30 
2016/09/05 18.20 18.30 18.00 18.15 
2016/09/06 18.15 18.30 18.00 18.30 
2016/09/07 18.30 18.30 18.00 18.00 
2016/09/08 18.10 18.20 17.80 17.95 
2016/09/09 17.90 17.90 17.25 17.70 
2016/09/10 17.70 19.00 17.70 18.10 
2016/09/12 18.35 18.60 18.05 18.05 
2016/09/13 18.15 18.30 18.00 18.10 
2016/09/14 17.70 18.10 16.45 16.85 
2016/09/19 16.95 17.50 16.90 17.10 
2016/09/20 17.10 17.30 16.75 16.95 
2016/09/21 16.70 17.20 16.70 17.00 
2016/09/22 17.15 17.15 16.80 16.95 
2016/09/23 16.95 17.35 16.95 17.35 
2016/09/26 17.40 17.70 17.05 17.55 
2016/09/29 17.65 17.70 17.35 17.35 
2016/09/30 17.20 17.30 17.05 17.30 
2016/10/03 17.50 17.50 17.15 17.20 
2016/10/04 17.40 17.40 17.20 17.35 
2016/10/05 17.40 17.40 17.20 17.20 
2016/10/06 17.40 17.40 17.10 17.25 
2016/10/07 17.25 17.25 16.90 17.05 
2016/10/11 17.25 17.25 16.70 16.75 
2016/10/12 16.90 16.90 16.70 16.70 
2016/10/13 16.70 16.95 16.55 16.60 
2016/10/14 16.60 16.60 15.15 15.60 
2016/10/17 15.85 15.85 15.00 15.40 
2016/10/18 15.15 15.65 15.15 15.45 
2016/10/19 15.85 16.95 15.85 16.95 
2016/10/20 17.95 18.60 17.60 18.60 
2016/10/21 19.15 19.30 18.05 18.05 
2016/10/24 18.15 18.50 18.05 18.20 
2016/10/25 18.35 18.90 18.05 18.05 
2016/10/26 17.65 18.20 17.65 17.70 
2016/10/27 17.90 18.00 17.55 17.55 
2016/10/28 17.65 17.65 16.95 17.20 
2016/10/31 17.30 17.30 16.50 16.80 
2016/11/01 16.70 17.15 16.70 16.95 
2016/11/02 17.00 17.15 16.70 16.70 
2016/11/03 16.70 16.85 16.00 16.05 
2016/11/04 16.20 16.20 16.00 16.15 
2016/11/07 16.15 16.40 16.15 16.40 
2016/11/08 16.40 16.40 16.20 16.40 
2016/11/09 16.40 16.40 14.80 15.70 
2016/11/10 15.90 16.35 15.90 16.35 
2016/11/11 16.30 16.30 15.90 16.05 
2016/11/14 15.80 16.15 15.50 16.10 
2016/11/15 16.20 17.70 16.10 17.70 
2016/11/16 18.20 18.50 17.65 17.80 
2016/11/17 17.80 17.80 17.30 17.50 
2016/11/18 17.75 18.45 17.55 17.60 
2016/11/21 17.60 18.30 17.60 17.85 
2016/11/22 18.00 18.50 17.75 18.50 
2016/11/23 19.00 20.35 18.95 20.05 
2016/11/24 20.05 20.20 19.60 19.90 
2016/11/25 20.00 21.75 19.80 20.50 
2016/11/28 20.45 20.90 20.10 20.10 
2016/11/29 20.00 20.90 20.00 20.35 
2016/11/30 20.70 22.00 20.70 21.10 
2016/12/01 21.60 21.75 20.65 20.65 
2016/12/02 20.65 21.20 19.80 20.00 
2016/12/05 20.25 20.25 19.70 19.75 
2016/12/06 19.90 20.45 19.85 20.00 
2016/12/07 20.45 20.45 20.00 20.05 
2016/12/08 20.15 20.85 20.15 20.20 
2016/12/09 20.40 20.65 20.00 20.10 
2016/12/12 20.40 20.60 20.10 20.30 
2016/12/13 20.30 20.45 20.15 20.30 
2016/12/14 20.30 20.55 20.25 20.25 
2016/12/15 20.25 22.25 20.25 21.85 
2016/12/16 22.00 22.00 21.00 21.20 
2016/12/19 21.40 21.90 21.15 21.25 
2016/12/20 21.20 21.80 20.80 20.80 
2016/12/21 20.80 20.95 20.60 20.60 
2016/12/22 20.80 21.00 19.60 20.30 
2016/12/23 20.25 20.45 19.65 19.75 
2016/12/26 19.75 20.15 19.20 19.45 
2016/12/27 19.60 19.85 19.45 19.55 
2016/12/28 19.70 19.80 19.50 19.55 
2016/12/29 19.20 19.70 19.20 19.60 
2016/12/30 19.80 21.45 19.65 20.75 
2017/01/03 20.75 21.30 20.60 20.75 
2017/01/04 20.95 20.95 20.60 20.60 
2017/01/05 20.80 21.20 20.60 20.60 
2017/01/06 20.60 20.60 20.20 20.50 
2017/01/09 20.30 20.55 20.15 20.15 
2017/01/10 20.20 20.20 19.65 20.15 
2017/01/11 20.30 20.50 19.85 19.85 
2017/01/12 20.00 20.05 19.80 19.85 
2017/01/13 19.95 19.95 19.50 19.50 
2017/01/16 19.50 19.50 19.30 19.30 
2017/01/17 19.45 19.90 19.40 19.75 
2017/01/18 19.55 19.75 19.50 19.70 
2017/01/19 19.85 20.15 19.70 19.70 
2017/01/20 20.00 20.00 19.70 19.80 
2017/01/23 19.95 19.95 19.50 19.50 
2017/01/24 19.50 19.75 19.30 19.45 
2017/02/02 19.45 19.45 19.10 19.25 
2017/02/03 19.20 19.65 19.20 19.45 
2017/02/06 19.65 21.10 19.65 20.25 
2017/02/07 20.50 20.65 20.10 20.15 
2017/02/08 20.05 20.30 19.90 20.15 
