2016/07/01 23.95 23.95 23.55 23.90 
2016/07/04 23.75 23.85 23.60 23.80 
2016/07/05 23.75 23.85 23.65 23.80 
2016/07/06 23.80 23.80 23.65 23.75 
2016/07/07 23.80 23.80 23.50 23.70 
2016/07/11 23.75 23.80 23.70 23.75 
2016/07/12 23.70 23.90 23.70 23.80 
2016/07/13 23.80 23.90 23.70 23.90 
2016/07/14 23.80 23.95 23.80 23.95 
2016/07/15 23.95 24.00 23.90 24.00 
2016/07/18 24.00 24.00 23.90 24.00 
2016/07/19 24.00 24.00 23.90 23.95 
2016/07/20 23.95 24.00 23.90 23.95 
2016/07/21 23.95 24.00 23.80 23.80 
2016/07/22 23.80 23.90 23.80 23.90 
2016/07/25 23.90 24.00 23.90 24.00 
2016/07/26 24.00 24.00 23.90 24.00 
2016/07/27 23.05 23.20 23.05 23.15 
2016/07/28 23.15 23.25 23.10 23.25 
2016/07/29 23.25 23.35 23.20 23.35 
2016/08/01 23.30 23.40 23.25 23.35 
2016/08/02 23.40 23.40 23.25 23.35 
2016/08/03 23.30 23.30 23.15 23.25 
2016/08/04 23.20 23.25 23.10 23.20 
2016/08/05 23.20 23.30 23.20 23.30 
2016/08/08 23.20 23.30 23.20 23.25 
2016/08/09 23.20 23.30 23.15 23.20 
2016/08/10 23.25 23.25 23.20 23.25 
2016/08/11 23.25 23.25 23.15 23.25 
2016/08/12 23.25 23.35 23.25 23.35 
2016/08/15 23.35 23.35 23.25 23.35 
2016/08/16 23.30 23.40 23.30 23.40 
2016/08/17 23.40 23.80 23.40 23.70 
2016/08/18 23.75 23.75 23.50 23.70 
2016/08/19 23.65 23.65 23.50 23.65 
2016/08/22 23.45 23.50 23.30 23.50 
2016/08/23 23.50 23.55 23.35 23.55 
2016/08/24 23.50 23.55 23.45 23.55 
2016/08/25 23.55 23.55 23.50 23.50 
2016/08/26 23.50 23.60 23.50 23.60 
2016/08/29 23.60 23.70 23.45 23.70 
2016/08/30 23.70 23.70 23.55 23.70 
2016/08/31 23.70 23.75 23.70 23.75 
2016/09/01 23.75 23.75 23.65 23.70 
2016/09/02 23.75 23.75 23.55 23.65 
2016/09/05 23.65 23.75 23.65 23.75 
2016/09/06 23.70 23.80 23.70 23.75 
2016/09/07 23.75 23.80 23.70 23.80 
2016/09/08 23.75 23.80 23.75 23.75 
2016/09/09 23.75 23.90 23.75 23.85 
2016/09/10 23.85 23.85 23.80 23.85 
2016/09/12 23.80 23.85 23.50 23.80 
2016/09/13 23.80 23.80 23.70 23.80 
2016/09/14 23.80 23.80 23.75 23.80 
2016/09/19 23.80 23.85 23.80 23.85 
2016/09/20 23.75 23.90 23.75 23.85 
2016/09/21 23.85 24.20 23.85 24.10 
2016/09/22 24.00 24.05 23.90 24.00 
2016/09/23 23.95 24.00 23.90 24.00 
2016/09/26 24.00 24.00 23.90 23.95 
2016/09/29 23.95 23.95 23.85 23.90 
2016/09/30 23.85 23.90 23.80 23.90 
2016/10/03 23.90 23.95 23.80 23.80 
2016/10/04 23.85 23.85 23.80 23.80 
2016/10/05 23.80 23.85 23.45 23.65 
2016/10/06 23.65 23.75 23.60 23.75 
2016/10/07 23.70 23.80 23.70 23.75 
2016/10/11 23.80 23.80 23.70 23.75 
2016/10/12 23.70 23.75 23.70 23.75 
2016/10/13 23.80 23.80 23.75 23.80 
2016/10/14 23.80 23.80 23.70 23.70 
2016/10/17 23.70 23.80 23.60 23.80 
2016/10/18 23.80 23.80 23.75 23.80 
2016/10/19 23.75 23.80 23.70 23.70 
2016/10/20 23.70 23.70 23.65 23.70 
2016/10/21 23.75 23.75 23.65 23.70 
2016/10/24 23.70 23.70 23.65 23.70 
2016/10/25 23.65 23.80 23.65 23.80 
2016/10/26 23.75 23.80 23.75 23.80 
2016/10/27 23.80 23.80 23.75 23.80 
2016/10/28 23.75 23.75 23.70 23.75 
2016/10/31 23.75 23.75 23.50 23.75 
2016/11/01 23.70 23.70 23.65 23.70 
2016/11/02 23.70 23.70 23.65 23.70 
2016/11/03 23.70 23.80 23.65 23.80 
2016/11/04 23.75 23.75 23.65 23.75 
2016/11/07 23.70 23.75 23.65 23.75 
2016/11/08 23.75 23.75 23.70 23.70 
2016/11/09 23.85 23.85 23.65 23.70 
2016/11/10 23.85 23.85 23.85 23.85 
2016/11/11 23.70 23.90 23.65 23.90 
2016/11/14 23.75 24.00 23.75 23.95 
2016/11/15 23.95 24.00 23.90 24.00 
2016/11/16 24.00 24.05 23.95 24.00 
2016/11/17 24.00 24.00 23.90 24.00 
2016/11/18 24.05 24.05 23.90 24.05 
2016/11/21 23.90 24.05 23.90 24.05 
2016/11/22 23.95 24.05 23.95 24.05 
2016/11/23 24.00 24.05 24.00 24.00 
2016/11/24 24.00 24.05 24.00 24.05 
2016/11/25 24.00 24.00 23.90 24.00 
2016/11/28 24.00 24.00 23.90 24.00 
2016/11/29 24.00 24.00 23.95 24.00 
2016/11/30 23.95 24.25 23.85 24.10 
2016/12/01 24.10 24.15 24.00 24.15 
2016/12/02 24.20 24.20 24.00 24.20 
2016/12/05 24.00 24.15 24.00 24.15 
2016/12/06 24.15 24.15 24.00 24.15 
2016/12/07 24.10 24.20 24.05 24.20 
2016/12/08 24.15 24.30 24.15 24.30 
2016/12/09 24.40 24.40 24.20 24.30 
2016/12/12 24.30 24.40 24.30 24.40 
2016/12/13 24.40 24.40 24.30 24.40 
2016/12/14 24.20 24.30 24.20 24.30 
2016/12/15 24.30 24.30 24.25 24.25 
2016/12/16 24.25 24.50 24.25 24.50 
2016/12/19 24.45 24.50 24.35 24.35 
2016/12/20 24.30 24.50 24.10 24.35 
2016/12/21 24.35 24.35 24.15 24.25 
2016/12/22 24.10 24.20 24.10 24.20 
2016/12/23 24.20 24.25 24.00 24.20 
2016/12/26 24.20 24.20 24.00 24.10 
2016/12/27 24.05 24.10 24.05 24.10 
2016/12/28 24.05 24.25 24.05 24.25 
2016/12/29 24.25 24.30 24.25 24.30 
2016/12/30 24.30 24.30 24.20 24.30 
2017/01/03 24.30 24.40 24.30 24.40 
2017/01/04 24.45 24.50 24.25 24.35 
2017/01/05 24.40 24.40 24.20 24.40 
2017/01/06 24.50 24.50 24.35 24.50 
2017/01/09 24.50 24.50 24.15 24.50 
2017/01/10 24.45 24.45 24.00 24.40 
2017/01/11 24.40 24.40 24.25 24.25 
2017/01/12 24.20 24.25 24.00 24.25 
2017/01/13 24.20 24.25 24.00 24.25 
2017/01/16 24.25 24.30 24.00 24.20 
2017/01/17 24.30 24.30 24.20 24.20 
2017/01/18 24.20 24.35 24.00 24.30 
2017/01/19 24.30 24.30 24.15 24.20 
2017/01/20 24.20 24.30 24.00 24.05 
2017/01/23 24.20 24.20 24.00 24.20 
2017/01/24 24.20 24.20 24.10 24.20 
2017/02/02 24.20 24.20 24.05 24.20 
2017/02/03 24.15 24.25 24.00 24.25 
2017/02/06 24.25 24.25 24.15 24.20 
2017/02/07 24.20 24.25 24.10 24.25 
2017/02/08 24.30 24.30 24.20 24.25 
