2016/07/01 7.93 7.94 7.72 7.91 
2016/07/04 7.85 7.92 7.84 7.91 
2016/07/05 7.91 8.05 7.83 7.87 
2016/07/06 7.80 7.88 7.70 7.88 
2016/07/07 7.85 7.89 7.82 7.82 
2016/07/11 7.90 8.26 7.90 7.92 
2016/07/12 8.06 8.06 7.94 7.95 
2016/07/13 7.95 8.00 7.92 7.98 
2016/07/14 7.98 8.05 7.91 8.00 
2016/07/15 8.00 8.19 8.00 8.09 
2016/07/18 8.13 8.15 8.02 8.09 
2016/07/19 8.10 8.10 7.90 7.97 
2016/07/20 7.98 7.98 7.93 7.97 
2016/07/21 7.99 8.13 7.99 8.03 
2016/07/22 8.02 8.10 7.95 8.09 
2016/07/25 8.09 8.14 8.00 8.00 
2016/07/26 8.00 8.07 8.00 8.06 
2016/07/27 8.15 8.15 8.00 8.00 
2016/07/28 8.00 8.00 7.93 8.00 
2016/07/29 8.00 8.00 7.93 7.95 
2016/08/01 7.98 8.07 7.97 8.00 
2016/08/02 8.00 8.04 7.96 7.98 
2016/08/03 7.98 8.04 7.98 8.02 
2016/08/04 8.03 8.04 8.01 8.04 
2016/08/05 8.04 8.11 8.04 8.06 
2016/08/08 8.14 8.24 8.10 8.17 
2016/08/09 8.20 8.20 8.05 8.15 
2016/08/10 8.15 8.44 8.15 8.30 
2016/08/11 8.33 8.37 8.28 8.28 
2016/08/12 8.35 8.48 8.25 8.28 
2016/08/15 8.28 8.45 8.20 8.33 
2016/08/16 8.35 8.35 8.15 8.20 
2016/08/17 8.20 8.34 8.19 8.34 
2016/08/18 8.30 8.54 8.25 8.45 
2016/08/19 8.45 8.55 8.35 8.51 
2016/08/22 8.42 8.55 8.38 8.50 
2016/08/23 8.52 8.93 8.44 8.45 
2016/08/24 8.45 8.57 8.36 8.44 
2016/08/25 8.43 8.48 8.37 8.37 
2016/08/26 8.37 8.48 8.27 8.28 
2016/08/29 8.38 8.38 8.13 8.15 
2016/08/30 8.15 8.18 8.09 8.10 
2016/08/31 8.16 8.41 8.15 8.34 
2016/09/01 8.38 8.40 8.25 8.25 
2016/09/02 8.21 8.30 8.00 8.11 
2016/09/05 8.09 8.18 8.05 8.15 
2016/09/06 8.14 8.15 8.06 8.14 
2016/09/07 8.17 8.17 8.08 8.15 
2016/09/08 8.15 8.15 8.10 8.15 
2016/09/09 8.10 8.14 8.10 8.14 
2016/09/10 8.00 8.26 7.96 8.20 
2016/09/12 8.18 8.18 8.06 8.06 
2016/09/13 8.06 8.11 8.05 8.11 
2016/09/14 8.08 8.15 8.05 8.15 
2016/09/19 8.00 8.15 7.97 8.15 
2016/09/20 8.15 8.17 8.05 8.17 
2016/09/21 8.06 8.12 8.05 8.11 
2016/09/22 8.25 8.25 8.11 8.11 
2016/09/23 8.11 8.17 8.11 8.14 
2016/09/26 8.02 8.10 8.02 8.03 
2016/09/29 8.05 8.09 7.98 8.01 
2016/09/30 7.92 8.04 7.87 7.91 
2016/10/03 7.99 7.99 7.91 7.98 
2016/10/04 7.99 8.05 7.91 7.92 
2016/10/05 7.95 7.95 7.88 7.92 
2016/10/06 7.90 7.93 7.82 7.93 
2016/10/07 7.90 7.95 7.89 7.94 
2016/10/11 7.88 7.94 7.76 7.81 
2016/10/12 7.83 7.85 7.72 7.83 
2016/10/13 7.83 7.83 7.77 7.77 
2016/10/14 7.78 7.78 7.60 7.69 
2016/10/17 7.53 7.63 7.50 7.59 
2016/10/18 7.58 7.62 7.50 7.55 
2016/10/19 7.77 7.77 7.60 7.60 
2016/10/20 7.77 7.77 7.58 7.68 
2016/10/21 7.57 7.71 7.56 7.67 
2016/10/24 7.67 7.77 7.56 7.70 
2016/10/25 7.65 7.99 7.57 7.69 
2016/10/26 7.57 7.65 7.57 7.65 
2016/10/27 7.60 7.60 7.57 7.57 
2016/10/28 7.67 7.67 7.57 7.62 
2016/10/31 7.60 7.62 7.52 7.52 
2016/11/01 7.53 7.53 7.51 7.51 
2016/11/02 7.31 7.59 7.31 7.56 
2016/11/03 7.56 7.85 7.56 7.56 
2016/11/04 7.53 7.69 7.48 7.48 
2016/11/07 7.43 7.53 7.40 7.48 
2016/11/08 7.53 7.65 7.50 7.50 
2016/11/09 7.51 7.59 7.32 7.32 
2016/11/10 7.48 7.48 7.32 7.32 
2016/11/11 7.32 7.32 7.22 7.30 
2016/11/14 7.42 7.42 7.38 7.38 
2016/11/15 7.38 7.41 7.16 7.16 
2016/11/16 7.15 7.21 7.12 7.15 
2016/11/17 7.15 7.15 7.10 7.11 
2016/11/18 7.11 7.15 7.05 7.11 
2016/11/21 7.11 7.40 7.11 7.21 
2016/11/22 7.21 7.23 7.10 7.10 
2016/11/23 7.17 7.17 7.10 7.13 
2016/11/24 7.15 7.17 7.13 7.14 
2016/11/25 7.06 7.24 7.05 7.24 
2016/11/28 7.24 7.24 7.14 7.24 
2016/11/29 7.05 7.22 7.03 7.20 
2016/11/30 7.07 7.20 7.07 7.20 
2016/12/01 7.13 7.23 7.12 7.23 
2016/12/02 7.10 7.23 7.06 7.21 
2016/12/05 7.23 7.23 7.23 7.23 
2016/12/06 7.22 7.22 7.12 7.12 
2016/12/07 7.12 7.19 7.12 7.19 
2016/12/08 7.19 7.20 7.13 7.15 
2016/12/09 7.15 7.22 7.13 7.21 
2016/12/12 7.22 7.28 7.21 7.21 
2016/12/13 7.20 7.20 7.11 7.11 
2016/12/14 7.11 7.20 7.10 7.10 
2016/12/15 7.18 7.21 7.09 7.21 
2016/12/16 7.21 7.60 7.18 7.30 
2016/12/19 7.42 7.50 7.23 7.34 
2016/12/20 7.30 7.70 7.30 7.69 
2016/12/21 7.78 8.28 7.73 8.18 
2016/12/22 8.18 8.34 7.95 8.16 
2016/12/23 8.15 8.15 7.40 7.75 
2016/12/26 7.75 7.88 7.71 7.75 
2016/12/27 7.70 7.78 7.61 7.70 
2016/12/28 7.79 7.93 7.79 7.80 
2016/12/29 7.72 7.85 7.72 7.82 
2016/12/30 7.82 7.82 7.68 7.82 
2017/01/03 7.80 7.90 7.71 7.73 
2017/01/04 7.73 7.91 7.73 7.76 
2017/01/05 7.77 7.88 7.77 7.79 
2017/01/06 7.80 7.92 7.80 7.81 
2017/01/09 7.83 7.90 7.81 7.83 
2017/01/10 7.88 7.92 7.85 7.85 
2017/01/11 7.90 7.97 7.78 7.88 
2017/01/12 7.88 7.88 7.75 7.75 
2017/01/13 7.75 7.79 7.62 7.66 
2017/01/16 7.66 7.71 7.62 7.62 
2017/01/17 7.62 7.70 7.62 7.65 
2017/01/18 7.65 7.90 7.58 7.81 
2017/01/19 7.71 7.80 7.69 7.79 
2017/01/20 7.81 7.88 7.79 7.79 
2017/01/23 7.79 7.79 7.62 7.66 
2017/01/24 7.66 7.76 7.60 7.68 
2017/02/02 7.80 7.80 7.58 7.68 
2017/02/03 7.71 7.83 7.68 7.80 
2017/02/06 7.80 7.98 7.70 7.90 
2017/02/07 7.85 8.04 7.85 7.98 
2017/02/08 7.98 8.15 7.98 8.11 
