2016/07/01 51.80 51.80 50.80 51.20 
2016/07/04 51.60 53.80 50.80 53.80 
2016/07/05 54.00 55.30 52.10 52.30 
2016/07/06 52.50 53.50 52.10 52.70 
2016/07/07 53.40 53.60 52.60 52.60 
2016/07/11 53.00 54.10 51.90 53.60 
2016/07/12 53.10 53.30 52.40 52.80 
2016/07/13 52.80 53.50 51.50 53.00 
2016/07/14 50.90 51.30 50.40 50.70 
2016/07/15 51.00 51.30 50.20 50.40 
2016/07/18 50.50 50.70 48.65 49.15 
2016/07/19 49.50 49.75 49.10 49.70 
2016/07/20 49.70 50.90 49.30 50.70 
2016/07/21 50.80 52.20 50.60 51.80 
2016/07/22 51.70 52.20 50.90 51.20 
2016/07/25 51.60 51.70 49.75 50.10 
2016/07/26 50.00 50.40 49.60 49.70 
2016/07/27 49.75 50.30 49.75 50.10 
2016/07/28 50.00 50.00 49.10 49.50 
2016/07/29 49.50 49.50 46.20 46.40 
2016/08/01 46.00 48.10 45.00 47.00 
2016/08/02 46.90 46.90 45.90 46.25 
2016/08/03 46.00 48.25 45.90 47.45 
2016/08/04 47.60 47.75 46.80 47.75 
2016/08/05 47.75 48.00 46.90 47.20 
2016/08/08 47.80 48.00 47.20 47.90 
2016/08/09 47.85 49.15 47.50 48.05 
2016/08/10 48.05 48.30 47.30 47.40 
2016/08/11 47.70 48.45 46.60 47.30 
2016/08/12 47.70 47.95 47.15 47.15 
2016/08/15 47.50 47.50 46.40 46.75 
2016/08/16 46.80 47.25 46.40 46.55 
2016/08/17 44.60 44.60 41.90 42.05 
2016/08/18 42.30 42.90 41.60 41.80 
2016/08/19 42.30 43.20 42.25 42.65 
2016/08/22 42.95 43.10 42.65 42.85 
2016/08/23 43.40 44.35 43.40 44.00 
2016/08/24 44.65 44.65 43.70 43.95 
2016/08/25 44.00 44.20 43.55 43.90 
2016/08/26 43.90 44.35 43.80 43.85 
2016/08/29 43.80 43.80 42.65 43.30 
2016/08/30 43.30 43.75 43.10 43.45 
2016/08/31 43.60 43.65 43.10 43.15 
2016/09/01 43.25 43.35 42.60 42.65 
2016/09/02 42.70 43.10 42.00 42.35 
2016/09/05 42.70 43.65 42.70 43.60 
2016/09/06 43.60 43.65 43.10 43.50 
2016/09/07 43.45 43.45 43.05 43.25 
2016/09/08 43.40 43.45 43.25 43.25 
2016/09/09 43.25 43.70 43.05 43.50 
2016/09/10 43.30 43.30 42.70 43.15 
2016/09/12 43.85 44.35 43.55 43.55 
2016/09/13 43.60 44.00 42.90 43.10 
2016/09/14 43.10 43.30 42.50 42.55 
2016/09/19 42.70 43.30 42.70 42.85 
2016/09/20 43.00 43.00 42.75 42.85 
2016/09/21 42.90 43.10 42.70 42.80 
2016/09/22 42.90 42.95 42.55 42.60 
2016/09/23 42.80 42.80 42.60 42.65 
2016/09/26 42.60 42.60 42.20 42.20 
2016/09/29 42.35 42.60 42.00 42.25 
2016/09/30 42.15 42.35 42.00 42.05 
2016/10/03 42.10 42.55 42.00 42.45 
2016/10/04 42.45 42.45 42.10 42.25 
2016/10/05 42.30 42.50 42.05 42.30 
2016/10/06 42.30 42.40 42.00 42.10 
2016/10/07 42.05 42.35 42.00 42.10 
2016/10/11 42.25 42.40 41.55 41.60 
2016/10/12 41.00 41.00 39.65 40.00 
2016/10/13 39.95 40.20 39.40 40.00 
2016/10/14 40.00 40.35 39.65 39.75 
2016/10/17 39.90 40.25 39.60 40.00 
2016/10/18 40.00 40.20 39.80 40.10 
2016/10/19 40.20 40.25 39.80 40.25 
2016/10/20 40.25 40.35 39.90 40.00 
2016/10/21 40.30 40.65 40.10 40.55 
2016/10/24 40.55 41.20 40.55 41.10 
2016/10/25 41.30 41.30 40.80 41.00 
2016/10/26 40.85 40.95 40.20 40.45 
2016/10/27 40.40 40.45 40.05 40.10 
2016/10/28 40.10 40.25 39.90 40.20 
2016/10/31 40.10 40.10 39.80 39.85 
2016/11/01 39.80 40.05 39.80 40.00 
2016/11/02 39.90 40.00 39.65 39.70 
2016/11/03 39.60 39.80 39.00 39.20 
2016/11/04 39.10 39.40 38.45 38.55 
2016/11/07 38.70 39.10 38.65 39.05 
2016/11/08 39.40 39.40 39.00 39.05 
2016/11/09 39.50 40.25 38.75 39.00 
2016/11/10 39.70 40.80 39.65 40.70 
2016/11/11 40.80 41.60 40.10 41.20 
2016/11/14 41.20 42.10 41.05 41.45 
2016/11/15 41.40 41.75 40.80 40.85 
2016/11/16 40.90 41.50 40.55 41.30 
2016/11/17 41.50 41.50 40.90 40.90 
2016/11/18 41.35 41.35 40.90 41.30 
2016/11/21 41.50 42.70 41.50 42.30 
2016/11/22 42.50 42.55 41.80 42.00 
2016/11/23 42.25 42.25 41.75 41.75 
2016/11/24 41.75 41.75 41.05 41.25 
2016/11/25 41.25 41.25 40.85 40.95 
2016/11/28 40.95 41.75 40.95 41.55 
2016/11/29 41.60 41.60 41.00 41.15 
2016/11/30 41.15 41.30 40.80 40.85 
2016/12/01 40.85 41.20 40.85 40.95 
2016/12/02 41.00 41.10 40.90 40.95 
2016/12/05 41.00 41.25 40.65 40.95 
2016/12/06 41.20 41.25 40.75 40.90 
2016/12/07 41.00 42.30 40.90 42.25 
2016/12/08 42.30 42.80 42.10 42.35 
2016/12/09 42.50 42.80 42.00 42.10 
2016/12/12 42.80 42.80 42.00 42.15 
2016/12/13 42.20 42.20 41.80 42.10 
2016/12/14 42.20 42.35 41.85 42.10 
2016/12/15 42.05 42.15 41.90 42.00 
2016/12/16 42.00 42.30 41.90 42.20 
2016/12/19 42.30 42.40 42.00 42.00 
2016/12/20 42.00 42.15 41.90 42.00 
2016/12/21 42.00 42.00 41.70 41.70 
2016/12/22 41.70 41.85 41.65 41.70 
2016/12/23 41.85 41.85 41.50 41.50 
2016/12/26 41.55 41.65 41.40 41.45 
2016/12/27 41.30 41.45 41.20 41.45 
2016/12/28 41.50 41.90 41.45 41.70 
2016/12/29 41.75 41.85 41.60 41.70 
2016/12/30 41.80 41.95 41.60 41.80 
2017/01/03 41.80 42.45 41.70 42.35 
2017/01/04 42.35 42.35 42.15 42.25 
2017/01/05 42.25 42.25 41.90 42.00 
2017/01/06 42.05 42.45 42.00 42.25 
2017/01/09 42.40 42.40 41.80 41.85 
2017/01/10 41.80 42.20 41.50 41.85 
2017/01/11 41.85 42.15 41.85 42.05 
2017/01/12 42.05 42.05 41.80 41.90 
2017/01/13 41.90 41.95 41.85 41.85 
2017/01/16 41.85 42.00 41.55 41.70 
2017/01/17 42.00 42.35 41.80 42.20 
2017/01/18 42.25 44.30 42.15 43.80 
2017/01/19 44.15 44.15 43.15 43.25 
2017/01/20 43.10 43.20 42.75 43.10 
2017/01/23 43.20 43.40 42.90 42.95 
2017/01/24 42.95 43.10 42.80 42.85 
2017/02/02 42.85 43.20 42.85 42.95 
2017/02/03 42.95 43.65 42.95 43.60 
2017/02/06 43.90 44.10 43.60 43.70 
2017/02/07 43.70 43.70 43.35 43.50 
2017/02/08 43.50 43.55 43.25 43.50 
