2016/07/01 40.50 40.65 40.50 40.65 
2016/07/04 40.65 40.70 40.45 40.70 
2016/07/05 40.80 41.25 40.60 41.15 
2016/07/06 41.15 41.15 40.90 40.95 
2016/07/07 40.95 41.15 40.80 41.00 
2016/07/11 41.05 41.75 41.00 41.50 
2016/07/12 41.70 41.80 41.50 41.70 
2016/07/13 41.75 41.95 41.60 41.85 
2016/07/14 41.85 41.90 41.50 41.90 
2016/07/15 42.00 42.00 41.75 42.00 
2016/07/18 42.00 42.15 41.90 42.00 
2016/07/19 42.00 42.00 41.80 41.95 
2016/07/20 41.95 42.10 41.75 42.05 
2016/07/21 41.85 42.15 41.85 42.10 
2016/07/22 42.10 42.15 42.00 42.05 
2016/07/25 42.05 42.05 41.80 41.95 
2016/07/26 40.05 40.40 40.00 40.20 
2016/07/27 40.20 40.80 40.20 40.80 
2016/07/28 40.80 41.25 40.60 41.15 
2016/07/29 41.00 41.75 41.00 41.70 
2016/08/01 41.50 41.70 41.35 41.70 
2016/08/02 41.70 41.70 41.40 41.40 
2016/08/03 41.05 41.05 40.80 40.80 
2016/08/04 40.80 40.80 40.50 40.70 
2016/08/05 40.60 40.80 40.55 40.75 
2016/08/08 40.75 40.80 40.55 40.70 
2016/08/09 40.70 40.70 40.45 40.50 
2016/08/10 40.45 40.45 40.20 40.30 
2016/08/11 40.30 40.40 40.20 40.30 
2016/08/12 40.30 40.35 40.25 40.30 
2016/08/15 40.30 40.35 40.20 40.30 
2016/08/16 40.30 40.30 40.20 40.30 
2016/08/17 40.30 40.40 40.20 40.30 
2016/08/18 41.00 41.00 40.25 40.35 
2016/08/19 40.35 40.35 40.20 40.20 
2016/08/22 40.20 40.20 40.00 40.10 
2016/08/23 40.10 40.45 40.10 40.35 
2016/08/24 40.35 40.50 40.20 40.35 
2016/08/25 40.35 40.40 40.25 40.40 
2016/08/26 40.40 40.45 40.35 40.45 
2016/08/29 40.45 40.45 40.25 40.30 
2016/08/30 40.30 40.40 40.20 40.30 
2016/08/31 40.30 40.30 39.90 39.90 
2016/09/01 39.95 40.10 39.90 40.00 
2016/09/02 40.00 40.10 39.95 40.00 
2016/09/05 40.00 40.30 40.00 40.10 
2016/09/06 40.10 40.30 40.05 40.30 
2016/09/07 40.30 40.30 40.10 40.25 
2016/09/08 40.25 40.30 40.20 40.30 
2016/09/09 40.30 40.30 40.10 40.20 
2016/09/10 40.10 40.20 40.10 40.20 
2016/09/12 40.10 40.15 40.00 40.05 
2016/09/13 40.05 40.10 39.95 40.00 
2016/09/14 40.00 40.60 39.90 40.60 
2016/09/19 40.35 40.35 40.15 40.20 
2016/09/20 40.20 40.20 40.15 40.15 
2016/09/21 40.15 40.50 40.15 40.50 
2016/09/22 40.25 40.45 40.15 40.20 
2016/09/23 40.40 40.40 40.10 40.30 
2016/09/26 40.30 40.30 40.20 40.20 
2016/09/29 40.15 40.30 40.15 40.25 
2016/09/30 40.20 40.20 40.15 40.15 
2016/10/03 40.15 40.30 40.10 40.10 
2016/10/04 40.10 40.30 40.10 40.30 
2016/10/05 40.10 40.40 40.10 40.40 
2016/10/06 40.40 40.40 40.20 40.40 
2016/10/07 40.30 40.30 39.95 40.30 
2016/10/11 40.30 40.40 40.15 40.25 
2016/10/12 40.15 40.25 40.10 40.25 
2016/10/13 40.25 40.30 40.10 40.10 
2016/10/14 40.30 40.30 40.00 40.05 
2016/10/17 40.05 40.20 40.05 40.15 
2016/10/18 40.05 40.20 40.00 40.20 
2016/10/19 40.20 40.30 40.10 40.25 
2016/10/20 40.25 40.30 40.05 40.15 
2016/10/21 40.15 40.15 39.90 40.10 
2016/10/24 40.20 40.25 40.00 40.00 
2016/10/25 40.00 40.05 39.70 39.70 
2016/10/26 39.85 40.00 39.85 39.90 
2016/10/27 39.90 39.95 39.80 39.80 
2016/10/28 39.80 39.90 39.75 39.75 
2016/10/31 39.95 39.95 39.75 39.85 
2016/11/01 39.75 40.00 39.75 39.90 
2016/11/02 39.80 40.00 39.75 39.75 
2016/11/03 39.75 39.95 39.70 39.80 
2016/11/04 39.80 39.95 39.80 39.90 
2016/11/07 39.90 40.00 39.85 39.85 
2016/11/08 39.90 40.00 39.85 39.90 
2016/11/09 40.00 40.00 39.70 39.80 
2016/11/10 39.80 40.10 39.80 39.95 
2016/11/11 39.95 40.00 39.85 39.85 
2016/11/14 40.10 40.10 39.85 39.90 
2016/11/15 39.90 40.00 39.90 39.95 
2016/11/16 40.00 40.20 39.90 40.20 
2016/11/17 40.20 40.20 39.95 39.95 
2016/11/18 39.95 40.10 39.85 40.10 
2016/11/21 39.95 40.10 39.95 40.10 
2016/11/22 40.00 40.15 39.80 39.95 
2016/11/23 39.80 40.00 39.80 40.00 
2016/11/24 39.95 40.00 39.85 40.00 
2016/11/25 39.95 40.00 39.90 39.95 
2016/11/28 39.95 39.95 39.85 39.90 
2016/11/29 39.90 39.90 39.70 39.70 
2016/11/30 39.70 39.70 39.25 39.50 
2016/12/01 39.80 39.85 39.50 39.50 
2016/12/02 39.50 39.80 39.50 39.75 
2016/12/05 39.80 39.80 39.70 39.70 
2016/12/06 39.75 39.75 39.70 39.70 
2016/12/07 39.75 40.00 39.75 40.00 
2016/12/08 40.00 40.05 39.85 40.05 
2016/12/09 40.05 40.05 39.85 40.00 
2016/12/12 40.00 40.00 39.80 39.90 
2016/12/13 39.90 40.10 39.90 40.10 
2016/12/14 40.00 40.00 39.90 39.90 
2016/12/15 40.00 40.10 39.90 40.10 
2016/12/16 40.05 40.20 39.90 40.20 
2016/12/19 40.20 40.20 39.85 39.85 
2016/12/20 39.85 40.00 39.80 39.80 
2016/12/21 39.95 39.95 39.65 39.80 
2016/12/22 39.70 39.90 39.65 39.65 
2016/12/23 39.65 39.80 39.65 39.75 
2016/12/26 39.70 39.80 39.70 39.80 
2016/12/27 39.80 39.80 39.60 39.75 
2016/12/28 39.65 39.90 39.60 39.90 
2016/12/29 39.90 39.90 39.60 39.60 
2016/12/30 39.90 39.90 39.65 39.90 
2017/01/03 39.90 39.90 39.85 39.85 
2017/01/04 39.90 39.90 39.70 39.80 
2017/01/05 39.80 39.95 39.75 39.80 
2017/01/06 39.80 39.80 39.65 39.70 
2017/01/09 39.70 39.85 39.70 39.75 
2017/01/10 39.75 39.75 39.40 39.55 
2017/01/11 39.65 39.75 39.45 39.60 
2017/01/12 39.75 39.75 39.55 39.60 
2017/01/13 39.60 39.70 39.50 39.70 
2017/01/16 39.70 39.70 39.40 39.45 
2017/01/17 39.45 39.60 39.40 39.60 
2017/01/18 39.70 39.70 39.50 39.55 
2017/01/19 39.50 39.60 39.45 39.50 
2017/01/20 39.50 39.55 39.45 39.50 
2017/01/23 39.55 39.60 39.45 39.50 
2017/01/24 39.50 39.75 39.50 39.75 
2017/02/02 39.75 39.75 39.40 39.65 
2017/02/03 39.65 39.70 39.55 39.70 
2017/02/06 39.70 39.80 39.60 39.75 
2017/02/07 39.75 39.85 39.70 39.85 
2017/02/08 39.90 40.05 39.85 39.90 
