2016/07/01 41.85 42.50 41.85 42.50 
2016/07/04 42.30 42.30 41.45 41.90 
2016/07/05 41.75 42.70 41.75 41.90 
2016/07/06 41.85 42.00 41.85 42.00 
2016/07/07 41.95 41.95 41.95 41.95 
2016/07/11 41.85 42.15 41.85 41.95 
2016/07/12 41.80 43.20 41.80 43.20 
2016/07/13 43.00 43.00 41.80 41.85 
2016/07/14 42.30 42.30 42.05 42.05 
2016/07/15 42.05 42.05 41.80 41.80 
2016/07/18 41.80 41.80 41.65 41.70 
2016/07/19 41.70 41.70 41.60 41.60 
2016/07/20 42.00 42.10 41.50 41.60 
2016/07/22 43.00 43.00 41.00 41.00 
2016/07/25 41.20 41.20 40.90 41.15 
2016/07/26 41.50 41.50 41.15 41.20 
2016/07/27 41.10 41.30 41.10 41.30 
2016/07/28 41.40 41.75 41.25 41.45 
2016/07/29 41.45 41.60 41.45 41.60 
2016/08/01 41.65 41.65 41.25 41.50 
2016/08/02 41.60 41.80 41.60 41.80 
2016/08/03 41.90 41.90 41.25 41.40 
2016/08/05 41.65 41.65 41.45 41.45 
2016/08/09 41.70 41.80 41.55 41.70 
2016/08/11 42.00 42.00 41.55 41.60 
2016/08/12 42.05 42.30 42.05 42.30 
2016/08/15 42.00 42.00 41.95 41.95 
2016/08/16 41.80 42.00 41.80 42.00 
2016/08/17 41.85 43.70 41.85 43.00 
2016/08/18 43.00 43.00 42.65 42.65 
2016/08/19 42.65 43.00 42.65 43.00 
2016/08/22 42.00 42.25 41.95 42.25 
2016/08/23 42.60 42.60 42.60 42.60 
2016/08/24 42.60 42.80 42.35 42.75 
2016/08/25 43.90 43.90 42.70 42.70 
2016/08/26 43.40 43.40 42.70 42.85 
2016/08/29 42.90 43.20 42.25 42.55 
2016/08/30 40.10 40.55 40.10 40.45 
2016/08/31 40.20 40.25 40.00 40.25 
2016/09/01 40.40 41.05 40.25 41.05 
2016/09/02 41.00 41.00 40.70 40.70 
2016/09/05 40.60 40.95 40.45 40.50 
2016/09/06 40.50 41.60 40.45 40.45 
2016/09/07 40.45 41.00 40.45 41.00 
2016/09/08 40.80 40.85 40.80 40.80 
2016/09/09 40.85 41.45 40.85 41.45 
2016/09/10 40.60 41.00 40.60 41.00 
2016/09/12 41.00 41.00 40.60 40.65 
2016/09/13 40.65 40.65 40.65 40.65 
2016/09/14 40.65 40.65 40.65 40.65 
2016/09/19 40.75 40.75 40.70 40.75 
2016/09/21 41.35 42.35 41.20 41.60 
2016/09/22 41.00 41.50 41.00 41.50 
2016/09/23 41.50 41.50 41.50 41.50 
2016/09/26 41.00 41.45 41.00 41.45 
2016/09/29 41.45 41.45 41.45 41.45 
2016/09/30 41.90 41.90 40.90 41.50 
2016/10/03 41.50 41.50 40.95 41.15 
2016/10/04 41.30 41.30 41.00 41.00 
2016/10/05 41.00 41.30 41.00 41.00 
2016/10/06 41.00 41.50 41.00 41.50 
2016/10/07 41.50 41.50 41.50 41.50 
2016/10/11 42.00 42.00 41.85 41.85 
2016/10/12 41.80 41.95 41.80 41.80 
2016/10/13 41.45 41.45 41.40 41.40 
2016/10/14 41.30 41.30 41.30 41.30 
2016/10/17 41.40 41.95 41.00 41.95 
2016/10/18 41.85 41.85 41.80 41.80 
2016/10/19 41.05 41.05 41.05 41.05 
2016/10/20 41.40 41.80 41.30 41.30 
2016/10/21 41.30 41.35 41.30 41.35 
2016/10/24 41.40 41.40 41.40 41.40 
2016/10/25 41.40 41.40 41.35 41.35 
2016/10/26 41.40 41.40 41.40 41.40 
2016/10/27 41.45 41.45 41.45 41.45 
2016/10/28 41.40 41.40 41.40 41.40 
2016/10/31 41.40 41.40 41.40 41.40 
2016/11/01 41.45 41.45 41.45 41.45 
2016/11/02 41.55 41.55 41.45 41.45 
2016/11/03 41.50 41.50 41.45 41.45 
2016/11/04 41.45 41.45 41.45 41.45 
2016/11/07 41.45 41.45 41.45 41.45 
2016/11/08 41.45 41.45 41.45 41.45 
2016/11/09 41.45 41.45 41.45 41.45 
2016/11/11 41.45 41.80 41.45 41.80 
2016/11/14 41.80 42.30 41.50 42.30 
2016/11/15 41.50 42.20 41.45 42.20 
2016/11/16 42.00 42.10 41.75 41.75 
2016/11/17 41.75 41.75 41.70 41.70 
2016/11/18 41.80 41.80 41.75 41.75 
2016/11/21 41.75 41.80 41.75 41.80 
2016/11/23 41.80 41.80 41.80 41.80 
2016/11/25 45.95 45.95 41.80 41.80 
2016/11/28 41.90 41.90 41.80 41.80 
2016/11/30 41.80 41.85 41.80 41.80 
2016/12/01 41.90 41.90 41.90 41.90 
2016/12/05 41.80 41.80 41.80 41.80 
2016/12/07 41.80 41.90 41.80 41.90 
2016/12/08 41.80 41.90 41.80 41.90 
2016/12/09 39.05 40.95 39.05 40.75 
2016/12/12 40.60 41.00 40.60 41.00 
2016/12/13 41.00 41.20 40.80 41.20 
2016/12/14 41.00 41.00 41.00 41.00 
2016/12/16 41.05 41.05 41.00 41.00 
2016/12/19 41.00 41.40 41.00 41.40 
2016/12/20 41.40 42.00 41.40 41.50 
2016/12/21 41.70 41.70 41.20 41.20 
2016/12/22 41.20 41.25 41.20 41.25 
2016/12/23 41.25 42.85 41.10 41.30 
2016/12/26 41.15 41.15 41.15 41.15 
2016/12/27 41.15 41.15 41.15 41.15 
2016/12/28 41.20 41.20 41.20 41.20 
2016/12/29 41.75 41.75 41.75 41.75 
2016/12/30 41.50 41.50 41.50 41.50 
2017/01/03 41.35 41.35 41.35 41.35 
2017/01/04 41.55 41.55 41.35 41.35 
2017/01/06 41.50 41.50 41.50 41.50 
2017/01/10 41.70 41.70 41.35 41.35 
2017/01/11 41.35 41.35 41.35 41.35 
2017/01/12 43.70 43.70 41.30 41.30 
2017/01/16 42.00 42.00 41.50 41.50 
2017/01/17 41.50 41.50 41.50 41.50 
2017/01/18 41.85 41.90 41.70 41.90 
2017/01/19 41.80 41.80 41.80 41.80 
2017/01/20 41.45 41.45 41.45 41.45 
2017/01/23 41.45 41.45 41.45 41.45 
2017/02/02 41.50 41.50 41.50 41.50 
2017/02/03 41.50 41.75 41.50 41.75 
2017/02/06 41.75 41.75 41.75 41.75 
2017/02/07 41.70 41.80 41.60 41.80 
