2016/07/01 57.90 57.90 57.50 57.80 
2016/07/04 57.80 58.70 57.70 58.30 
2016/07/05 58.30 58.80 58.30 58.70 
2016/07/06 58.80 58.80 58.40 58.80 
2016/07/07 58.70 58.80 58.40 58.70 
2016/07/11 58.70 58.80 58.50 58.80 
2016/07/12 58.70 58.70 58.50 58.60 
2016/07/13 58.50 58.60 58.20 58.30 
2016/07/14 58.40 58.90 58.30 58.80 
2016/07/15 58.80 59.80 58.80 59.70 
2016/07/18 59.70 59.90 59.70 59.90 
2016/07/19 59.90 60.50 59.90 60.30 
2016/07/20 60.30 60.40 59.80 60.10 
2016/07/21 60.00 60.50 60.00 60.30 
2016/07/22 60.30 60.40 60.10 60.10 
2016/07/25 57.10 57.80 57.00 57.10 
2016/07/26 57.20 57.20 56.50 56.60 
2016/07/27 56.60 56.90 56.20 56.80 
2016/07/28 56.80 57.20 56.80 57.00 
2016/07/29 57.00 57.00 56.30 56.50 
2016/08/01 56.50 56.70 56.50 56.70 
2016/08/02 56.70 56.70 56.60 56.60 
2016/08/03 56.60 56.60 56.30 56.50 
2016/08/04 56.30 56.40 56.10 56.10 
2016/08/05 56.00 56.20 56.00 56.10 
2016/08/08 55.80 56.80 55.80 56.80 
2016/08/09 56.80 56.80 56.50 56.70 
2016/08/10 56.60 56.60 55.40 55.60 
2016/08/11 55.60 55.90 55.00 55.30 
2016/08/12 55.30 55.30 54.60 54.60 
2016/08/15 54.60 54.60 52.90 53.20 
2016/08/16 53.00 53.80 52.80 53.50 
2016/08/17 53.50 53.60 53.00 53.30 
2016/08/18 52.90 53.60 52.90 53.60 
2016/08/19 53.90 54.50 53.90 54.00 
2016/08/22 54.00 54.00 53.30 53.30 
2016/08/23 53.30 53.70 53.10 53.60 
2016/08/24 53.60 53.60 53.20 53.20 
2016/08/25 53.10 53.60 53.10 53.20 
2016/08/26 53.20 54.40 53.20 54.00 
2016/08/29 54.00 54.50 53.30 54.00 
2016/08/30 54.00 54.00 53.60 53.90 
2016/08/31 54.20 54.40 53.40 53.40 
2016/09/01 54.10 54.10 53.00 53.30 
2016/09/02 53.80 53.80 53.30 53.40 
2016/09/05 53.70 53.80 53.50 53.50 
2016/09/06 53.50 53.70 53.30 53.70 
2016/09/07 53.80 54.00 53.80 53.80 
2016/09/08 53.80 53.90 53.70 53.80 
2016/09/09 53.80 53.80 53.60 53.60 
2016/09/10 53.30 53.90 53.20 53.80 
2016/09/12 53.80 53.80 53.30 53.50 
2016/09/13 53.50 53.70 53.20 53.70 
2016/09/14 53.30 54.00 53.30 53.60 
2016/09/19 53.60 53.80 53.30 53.80 
2016/09/20 53.60 53.90 53.40 53.90 
2016/09/21 53.90 56.10 53.90 55.20 
2016/09/22 55.30 55.30 54.70 54.90 
2016/09/23 54.50 55.20 54.50 55.20 
2016/09/26 55.00 55.10 54.90 55.10 
2016/09/29 55.30 55.70 55.00 55.70 
2016/09/30 55.50 55.50 55.10 55.50 
2016/10/03 55.50 55.50 54.90 54.90 
2016/10/04 55.00 55.00 54.60 54.70 
2016/10/05 55.00 55.00 54.60 54.70 
2016/10/06 54.70 54.90 54.60 54.90 
2016/10/07 54.90 55.00 54.70 54.80 
2016/10/11 54.80 54.80 54.60 54.60 
2016/10/12 54.50 55.40 53.00 54.60 
2016/10/13 54.10 54.60 54.00 54.30 
2016/10/14 54.00 54.30 53.80 53.80 
2016/10/17 54.90 54.90 53.40 53.50 
2016/10/18 53.30 53.60 53.30 53.60 
2016/10/19 53.70 54.10 53.50 53.50 
2016/10/20 53.50 53.70 53.50 53.60 
2016/10/21 53.60 54.00 53.60 53.70 
2016/10/24 53.90 54.10 53.80 53.80 
2016/10/25 53.80 54.10 53.60 53.90 
2016/10/26 53.90 54.20 53.60 54.10 
2016/10/27 53.70 54.00 53.60 53.90 
2016/10/28 53.90 53.90 53.50 53.60 
2016/10/31 53.60 53.70 53.50 53.70 
2016/11/01 53.50 53.80 53.50 53.80 
2016/11/02 53.60 53.60 53.40 53.60 
2016/11/03 53.60 53.60 53.30 53.30 
2016/11/04 53.30 53.60 53.20 53.40 
2016/11/07 53.20 53.40 53.20 53.30 
2016/11/08 53.20 53.50 53.10 53.50 
2016/11/09 53.50 53.50 53.00 53.00 
2016/11/10 53.10 53.50 53.10 53.30 
2016/11/11 53.50 53.50 53.00 53.10 
2016/11/14 53.10 53.10 51.90 52.10 
2016/11/15 52.10 52.80 52.00 52.20 
2016/11/16 52.60 52.60 51.90 52.20 
2016/11/17 52.20 52.20 51.50 51.70 
2016/11/18 51.70 52.00 51.60 51.80 
2016/11/21 51.80 51.80 51.40 51.50 
2016/11/22 51.60 52.00 51.30 51.50 
2016/11/23 51.50 51.50 51.20 51.40 
2016/11/24 51.40 51.50 51.30 51.50 
2016/11/25 51.30 51.40 51.10 51.10 
2016/11/28 51.10 51.80 51.00 51.70 
2016/11/29 51.70 52.10 51.70 51.90 
2016/11/30 51.90 52.50 51.70 51.70 
2016/12/01 51.70 52.00 51.70 51.80 
2016/12/02 52.00 52.20 52.00 52.10 
2016/12/05 52.50 52.50 51.60 51.60 
2016/12/06 51.80 51.90 51.60 51.90 
2016/12/07 51.90 52.50 51.90 52.50 
2016/12/08 52.50 52.60 52.40 52.60 
2016/12/09 52.60 52.70 52.40 52.70 
2016/12/12 52.70 53.40 52.60 52.70 
2016/12/13 53.30 53.30 52.50 52.80 
2016/12/14 52.80 52.80 52.50 52.50 
2016/12/15 52.50 53.00 52.50 52.60 
2016/12/16 53.00 53.00 52.60 52.80 
2016/12/19 52.70 53.00 52.70 52.80 
2016/12/20 52.80 52.80 52.50 52.60 
2016/12/21 52.60 53.00 52.60 52.60 
2016/12/22 52.60 52.60 52.40 52.50 
2016/12/23 52.50 52.50 52.20 52.20 
2016/12/26 53.00 53.00 52.10 52.40 
2016/12/27 52.50 52.50 52.10 52.10 
2016/12/28 52.10 52.40 52.00 52.00 
2016/12/29 51.90 52.80 51.50 52.20 
2016/12/30 52.20 52.90 51.50 52.90 
2017/01/03 52.90 53.00 52.90 53.00 
2017/01/04 53.00 53.00 52.90 53.00 
2017/01/05 53.00 53.40 53.00 53.40 
2017/01/06 53.50 53.60 53.20 53.20 
2017/01/09 53.20 53.50 53.00 53.00 
2017/01/10 53.30 53.30 53.10 53.10 
2017/01/11 53.10 53.10 52.60 52.70 
2017/01/12 52.70 52.90 52.60 52.80 
2017/01/13 53.00 53.00 52.60 52.70 
2017/01/16 52.60 53.00 52.50 52.70 
2017/01/17 52.70 52.80 52.70 52.70 
2017/01/18 52.70 53.30 52.60 53.30 
2017/01/19 53.30 53.30 53.00 53.00 
2017/01/20 53.00 53.30 53.00 53.30 
2017/01/23 53.10 53.10 53.00 53.00 
2017/01/24 53.00 53.30 53.00 53.10 
2017/02/02 53.00 53.00 52.40 52.50 
2017/02/03 52.50 52.80 52.50 52.80 
2017/02/06 52.80 52.90 52.70 52.70 
2017/02/07 53.00 53.40 53.00 53.30 
2017/02/08 53.20 54.00 53.20 53.90 
