2016/07/01 32.40 32.40 31.95 32.20 
2016/07/04 31.60 31.80 31.15 31.75 
2016/07/05 31.65 31.65 31.00 31.15 
2016/07/06 30.90 31.45 30.80 31.00 
2016/07/11 30.80 31.30 30.80 31.30 
2016/07/12 30.85 30.95 30.70 30.70 
2016/07/13 31.10 31.15 31.05 31.05 
2016/07/14 31.15 31.15 30.70 30.70 
2016/07/15 30.75 30.90 30.70 30.75 
2016/07/18 30.75 31.00 30.65 30.65 
2016/07/19 31.25 31.25 30.70 30.70 
2016/07/20 30.70 30.85 30.40 30.80 
2016/07/21 30.50 30.80 30.50 30.60 
2016/07/22 30.60 30.60 30.60 30.60 
2016/07/25 30.60 30.70 30.30 30.70 
2016/07/26 30.80 31.00 30.75 31.00 
2016/07/27 31.00 31.00 30.80 30.80 
2016/07/28 30.95 31.00 30.95 31.00 
2016/07/29 31.35 31.40 31.15 31.20 
2016/08/01 31.10 31.10 30.80 30.80 
2016/08/09 31.05 31.05 30.65 30.90 
2016/08/10 30.90 31.00 30.70 31.00 
2016/08/11 31.45 31.45 30.95 30.95 
2016/08/12 30.95 31.00 30.90 31.00 
2016/08/15 31.00 31.25 30.80 30.90 
2016/08/16 31.00 31.75 30.90 31.75 
2016/08/17 31.00 31.80 31.00 31.80 
2016/08/18 31.75 31.75 31.50 31.50 
2016/08/19 31.50 31.50 31.10 31.10 
2016/08/22 31.10 31.45 30.90 30.95 
2016/08/24 31.35 31.35 31.05 31.05 
2016/08/26 31.10 31.10 30.80 31.00 
2016/08/29 30.80 31.00 30.80 31.00 
2016/08/30 31.00 31.00 31.00 31.00 
2016/08/31 30.90 30.95 30.90 30.90 
2016/09/01 31.00 31.10 31.00 31.10 
2016/09/02 31.00 32.65 30.90 31.85 
2016/09/06 31.95 31.95 31.95 31.95 
2016/09/09 31.30 31.50 31.15 31.50 
2016/09/10 30.60 31.00 30.60 31.00 
2016/09/12 31.10 31.10 30.65 30.75 
2016/09/13 30.85 30.85 30.85 30.85 
2016/09/20 30.80 31.30 30.80 31.25 
2016/09/21 31.15 31.90 31.15 31.60 
2016/09/22 31.60 31.60 31.05 31.05 
2016/09/26 31.05 31.05 31.00 31.00 
2016/09/30 31.70 31.70 31.70 31.70 
2016/10/03 31.15 31.25 31.10 31.10 
2016/10/04 31.10 31.10 31.10 31.10 
2016/10/05 31.10 31.10 30.95 30.95 
2016/10/06 31.05 31.05 31.05 31.05 
2016/10/07 31.85 31.85 31.85 31.85 
2016/10/12 31.80 31.95 31.80 31.95 
2016/10/13 31.90 31.90 31.90 31.90 
2016/10/14 31.85 31.85 31.85 31.85 
2016/10/18 31.30 31.30 31.30 31.30 
2016/10/19 31.15 31.35 31.15 31.35 
2016/10/20 31.30 31.30 31.30 31.30 
2016/10/21 31.10 31.75 31.10 31.75 
2016/10/26 31.25 31.25 31.25 31.25 
2016/10/28 31.85 31.85 31.50 31.70 
2016/11/01 31.70 31.70 31.60 31.60 
2016/11/03 31.30 31.30 31.30 31.30 
2016/11/04 31.10 31.10 31.10 31.10 
2016/11/08 31.50 31.50 31.50 31.50 
2016/11/09 31.50 31.50 31.30 31.30 
2016/11/11 31.10 31.10 31.10 31.10 
2016/11/15 31.15 31.50 31.05 31.50 
2016/11/16 31.30 31.55 31.30 31.30 
2016/11/17 31.30 31.30 31.30 31.30 
2016/11/18 31.10 31.15 31.10 31.15 
2016/11/21 31.95 31.95 31.95 31.95 
2016/11/22 31.50 31.50 31.50 31.50 
2016/11/30 31.60 31.70 31.60 31.70 
2016/12/01 31.70 31.80 31.50 31.50 
2016/12/02 31.50 31.50 31.50 31.50 
2016/12/06 31.60 31.60 31.60 31.60 
2016/12/07 31.60 31.60 31.25 31.30 
2016/12/08 31.30 31.30 31.30 31.30 
2016/12/09 31.50 31.50 31.50 31.50 
2016/12/12 31.50 31.50 31.50 31.50 
2016/12/13 31.30 31.30 31.30 31.30 
2016/12/14 31.20 31.50 31.20 31.50 
2016/12/15 31.50 31.50 31.50 31.50 
2016/12/16 31.50 31.50 31.50 31.50 
2016/12/20 31.75 31.75 31.50 31.50 
2016/12/21 31.50 31.50 31.50 31.50 
2016/12/22 31.50 31.50 31.50 31.50 
2016/12/27 31.50 31.50 31.50 31.50 
2017/01/05 31.50 31.55 31.50 31.55 
2017/01/06 31.20 31.20 31.20 31.20 
2017/01/12 31.10 31.10 31.10 31.10 
2017/01/13 31.35 31.35 31.35 31.35 
2017/01/18 31.55 31.55 31.50 31.50 
2017/01/20 31.20 31.25 30.10 31.20 
2017/01/23 31.20 31.60 31.20 31.60 
2017/01/24 30.80 31.40 30.55 31.35 
2017/02/02 30.90 30.90 30.90 30.90 
2017/02/03 31.85 31.85 31.85 31.85 
2017/02/06 31.85 31.85 31.85 31.85 
2017/02/07 30.50 31.40 30.50 31.10 
2017/02/08 31.10 31.25 31.10 31.25 
