2016/07/01 14.40 14.45 14.35 14.40 
2016/07/04 14.40 14.55 14.35 14.40 
2016/07/05 14.40 14.55 14.40 14.45 
2016/07/06 14.45 14.45 14.15 14.25 
2016/07/07 14.40 14.45 14.25 14.40 
2016/07/11 14.50 14.50 14.35 14.45 
2016/07/12 14.50 14.65 14.50 14.65 
2016/07/13 14.70 14.85 14.65 14.75 
2016/07/14 14.75 15.10 14.75 15.00 
2016/07/15 15.05 15.20 15.00 15.00 
2016/07/18 15.05 15.20 15.00 15.15 
2016/07/19 15.20 15.25 15.00 15.10 
2016/07/20 15.10 15.20 15.05 15.05 
2016/07/21 14.05 14.20 14.00 14.10 
2016/07/22 14.10 14.10 13.90 14.00 
2016/07/25 14.00 14.00 13.85 13.85 
2016/07/26 13.90 14.05 13.85 13.95 
2016/07/27 13.95 14.05 13.90 13.95 
2016/07/28 13.95 14.10 13.90 14.00 
2016/07/29 13.90 14.00 13.90 13.95 
2016/08/01 13.95 13.95 13.85 13.90 
2016/08/02 13.90 14.00 13.80 13.85 
2016/08/03 13.85 13.95 13.80 13.90 
2016/08/04 13.95 14.00 13.90 13.95 
2016/08/05 13.90 14.00 13.85 13.85 
2016/08/08 14.30 14.50 14.20 14.35 
2016/08/09 14.45 14.55 14.25 14.30 
2016/08/10 14.50 14.50 14.30 14.35 
2016/08/11 14.20 14.20 13.85 14.10 
2016/08/12 14.20 14.20 14.10 14.10 
2016/08/15 14.20 14.30 14.10 14.20 
2016/08/16 14.35 14.70 14.20 14.40 
2016/08/17 14.90 15.40 14.70 14.80 
2016/08/18 14.40 15.00 14.40 14.85 
2016/08/19 14.70 15.05 14.70 14.75 
2016/08/22 14.75 15.20 14.75 15.05 
2016/08/23 15.15 15.15 14.95 15.10 
2016/08/24 15.15 15.20 15.00 15.10 
2016/08/25 15.15 15.60 15.10 15.45 
2016/08/26 15.45 15.90 15.45 15.60 
2016/08/29 15.65 16.15 15.65 16.10 
2016/08/30 16.30 16.35 15.95 15.95 
2016/08/31 15.95 16.15 15.80 15.95 
2016/09/01 16.00 16.00 15.65 15.70 
2016/09/02 15.50 15.75 15.30 15.55 
2016/09/05 15.50 15.95 15.50 15.70 
2016/09/06 15.70 16.00 15.70 15.85 
2016/09/07 16.05 16.05 15.85 15.95 
2016/09/08 16.00 16.30 16.00 16.25 
2016/09/09 16.25 16.45 16.00 16.35 
2016/09/10 16.25 16.25 16.00 16.10 
2016/09/12 16.10 16.15 16.00 16.00 
2016/09/13 16.05 16.15 15.80 15.90 
2016/09/14 15.80 16.05 15.75 16.05 
2016/09/19 16.05 16.30 16.05 16.20 
2016/09/20 16.30 16.60 16.20 16.50 
2016/09/21 16.50 17.25 16.50 17.10 
2016/09/22 17.35 17.35 16.90 17.10 
2016/09/23 17.20 17.25 16.95 17.05 
2016/09/26 17.10 17.20 17.00 17.05 
2016/09/29 17.15 17.20 17.00 17.05 
2016/09/30 17.05 17.05 16.30 16.30 
2016/10/03 16.30 16.40 15.85 15.90 
2016/10/04 15.90 16.35 15.90 16.35 
2016/10/05 16.35 16.45 16.15 16.40 
2016/10/06 16.40 16.45 16.20 16.20 
2016/10/07 16.20 16.30 15.55 15.60 
2016/10/11 15.45 15.50 14.70 15.05 
2016/10/12 15.00 15.45 15.00 15.40 
2016/10/13 15.45 15.45 15.05 15.15 
2016/10/14 15.10 15.20 14.80 14.90 
2016/10/17 14.90 15.20 14.90 15.15 
2016/10/18 15.20 15.30 15.05 15.30 
2016/10/19 15.40 15.60 15.25 15.50 
2016/10/20 15.55 15.75 15.45 15.60 
2016/10/21 15.60 15.80 15.45 15.45 
2016/10/24 15.60 15.70 15.50 15.50 
2016/10/25 15.70 15.70 15.50 15.60 
2016/10/26 15.40 15.65 15.40 15.50 
2016/10/27 15.50 15.55 15.40 15.50 
2016/10/28 15.45 15.75 15.45 15.65 
2016/10/31 15.65 15.65 15.40 15.55 
2016/11/01 15.45 15.65 15.45 15.50 
2016/11/02 15.50 15.65 15.20 15.25 
2016/11/03 15.15 15.40 14.90 15.05 
2016/11/04 15.05 15.25 14.95 15.10 
2016/11/07 13.60 14.50 13.60 14.00 
2016/11/08 14.00 14.80 13.80 14.60 
2016/11/09 14.40 14.65 13.70 13.90 
2016/11/10 14.20 14.40 14.15 14.20 
2016/11/11 14.30 14.40 14.15 14.25 
2016/11/14 14.15 14.20 13.90 13.90 
2016/11/15 14.50 14.50 13.90 14.00 
2016/11/16 14.00 14.15 14.00 14.00 
2016/11/17 14.00 14.15 14.00 14.10 
2016/11/18 14.05 14.15 13.95 14.15 
2016/11/21 14.25 14.25 14.00 14.15 
2016/11/22 14.15 14.25 14.10 14.20 
2016/11/23 14.30 14.40 14.15 14.25 
2016/11/24 14.10 14.30 14.10 14.15 
2016/11/25 14.15 14.15 14.00 14.10 
2016/11/28 14.10 14.25 14.10 14.20 
2016/11/29 14.20 14.65 14.20 14.55 
2016/11/30 14.55 14.65 14.45 14.55 
2016/12/01 14.60 15.25 14.55 15.00 
2016/12/02 14.90 15.45 14.85 15.10 
2016/12/05 15.15 15.30 15.10 15.20 
2016/12/06 15.20 15.60 15.15 15.50 
2016/12/07 15.45 15.80 15.45 15.45 
2016/12/08 15.45 15.90 15.45 15.70 
2016/12/09 15.70 15.95 15.70 15.75 
2016/12/12 15.95 16.35 15.90 16.00 
2016/12/13 16.15 16.20 15.95 16.00 
2016/12/14 16.00 16.15 15.70 15.75 
2016/12/15 15.70 15.95 15.50 15.85 
2016/12/16 15.90 16.05 15.80 16.05 
2016/12/19 16.20 16.20 15.90 16.00 
2016/12/20 16.00 16.15 15.70 16.15 
2016/12/21 16.10 16.15 15.90 15.95 
2016/12/22 15.70 15.90 15.60 15.75 
2016/12/23 15.65 15.80 15.65 15.80 
2016/12/26 16.00 16.05 15.70 15.70 
2016/12/27 15.70 16.15 15.70 16.05 
2016/12/28 16.05 16.35 16.05 16.15 
2016/12/29 16.15 16.70 16.05 16.55 
2016/12/30 16.60 16.80 16.25 16.25 
2017/01/03 16.25 16.70 16.20 16.60 
2017/01/04 16.65 17.15 16.65 16.75 
2017/01/05 16.75 16.85 16.55 16.75 
2017/01/06 16.75 17.00 16.55 16.55 
2017/01/09 16.60 16.80 16.25 16.75 
2017/01/10 16.75 16.75 16.20 16.25 
2017/01/11 16.35 16.35 15.95 16.10 
2017/01/12 16.10 16.40 16.10 16.15 
2017/01/13 16.15 16.25 15.95 16.25 
2017/01/16 16.10 16.20 15.95 15.95 
2017/01/17 15.95 16.05 15.95 16.05 
2017/01/18 15.95 16.35 15.95 16.25 
2017/01/19 16.25 16.35 16.15 16.20 
2017/01/20 16.15 16.30 16.05 16.15 
2017/01/23 16.15 16.40 16.15 16.25 
2017/01/24 16.25 16.25 16.10 16.10 
2017/02/02 16.15 16.20 16.00 16.10 
2017/02/03 16.10 16.10 15.95 16.00 
2017/02/06 16.00 16.65 16.00 16.45 
2017/02/07 16.45 16.45 16.30 16.30 
2017/02/08 16.30 16.30 16.00 16.15 
