2016/07/01 36.85 37.10 36.85 36.85 
2016/07/04 36.85 37.35 36.65 36.70 
2016/07/05 36.75 36.95 36.75 36.95 
2016/07/06 36.65 37.00 36.65 37.00 
2016/07/07 36.80 37.05 36.65 37.05 
2016/07/11 37.00 37.05 36.90 37.05 
2016/07/12 37.00 37.05 36.95 37.05 
2016/07/13 36.75 37.05 36.75 37.00 
2016/07/14 36.90 37.10 36.90 37.05 
2016/07/15 37.05 37.10 36.90 37.10 
2016/07/18 36.90 37.10 36.90 37.05 
2016/07/19 37.05 37.10 37.00 37.00 
2016/07/20 36.90 37.10 36.90 37.00 
2016/07/21 37.00 37.05 37.00 37.00 
2016/07/22 37.00 37.00 36.95 37.00 
2016/07/25 37.00 37.05 36.90 37.05 
2016/07/26 37.05 37.05 36.90 37.00 
2016/07/27 37.00 37.10 36.95 37.00 
2016/07/28 36.60 36.75 36.05 36.05 
2016/07/29 36.05 36.70 36.05 36.15 
2016/08/01 36.15 36.35 36.15 36.35 
2016/08/02 36.10 36.60 36.10 36.25 
2016/08/03 36.20 36.30 36.15 36.15 
2016/08/04 36.00 36.45 36.00 36.40 
2016/08/05 36.05 36.25 36.05 36.15 
2016/08/08 36.45 36.45 36.45 36.45 
2016/08/09 36.45 36.60 36.10 36.15 
2016/08/10 36.15 36.35 36.00 36.20 
2016/08/11 36.20 36.20 36.10 36.10 
2016/08/12 36.10 36.40 36.10 36.40 
2016/08/15 36.20 36.55 36.15 36.40 
2016/08/16 36.20 36.25 36.20 36.20 
2016/08/17 36.50 37.00 36.15 37.00 
2016/08/18 36.40 37.00 36.30 37.00 
2016/08/19 36.40 36.40 36.20 36.20 
2016/08/22 36.20 36.25 36.15 36.20 
2016/08/23 36.20 36.40 36.20 36.20 
2016/08/24 36.20 36.25 36.20 36.20 
2016/08/25 36.10 36.35 36.10 36.35 
2016/08/26 36.20 36.70 36.20 36.35 
2016/08/29 36.20 36.40 36.20 36.20 
2016/08/30 36.25 36.45 36.25 36.35 
2016/08/31 36.20 36.60 36.20 36.30 
2016/09/01 36.30 36.45 36.30 36.30 
2016/09/02 36.45 36.60 36.35 36.45 
2016/09/05 36.75 36.75 36.45 36.45 
2016/09/06 36.60 36.65 36.35 36.35 
2016/09/07 36.75 36.75 36.45 36.45 
2016/09/08 36.50 36.60 36.45 36.45 
2016/09/09 36.40 36.70 36.30 36.60 
2016/09/10 36.60 36.60 36.60 36.60 
2016/09/12 36.60 36.60 36.35 36.50 
2016/09/13 36.40 36.70 36.40 36.50 
2016/09/14 36.70 37.00 36.40 37.00 
2016/09/19 36.45 36.75 36.45 36.60 
2016/09/20 36.50 36.70 36.50 36.60 
2016/09/21 36.55 37.00 36.55 36.90 
2016/09/22 36.65 36.80 36.60 36.65 
2016/09/23 36.60 36.60 36.50 36.60 
2016/09/26 36.65 36.65 36.45 36.60 
2016/09/29 36.65 36.75 36.45 36.60 
2016/09/30 36.80 36.80 36.55 36.55 
2016/10/03 36.60 36.70 36.55 36.55 
2016/10/04 36.55 36.60 36.50 36.60 
2016/10/05 36.60 36.60 36.60 36.60 
2016/10/06 36.60 36.75 36.60 36.70 
2016/10/07 36.60 36.65 36.60 36.60 
2016/10/11 36.60 36.65 36.55 36.65 
2016/10/12 36.60 36.60 36.60 36.60 
2016/10/13 36.60 36.60 36.55 36.55 
2016/10/14 36.60 36.65 36.60 36.65 
2016/10/17 36.50 36.70 36.30 36.55 
2016/10/18 36.50 36.65 36.50 36.65 
2016/10/19 36.35 36.60 36.35 36.60 
2016/10/20 36.60 36.60 36.35 36.60 
2016/10/21 36.60 36.60 36.45 36.45 
2016/10/24 36.45 36.60 36.45 36.60 
2016/10/25 36.60 36.60 36.60 36.60 
2016/10/26 36.70 36.80 36.70 36.80 
2016/10/27 36.80 36.80 36.80 36.80 
2016/10/28 36.50 36.60 36.50 36.60 
2016/10/31 36.40 36.55 36.40 36.55 
2016/11/01 36.45 36.70 36.45 36.70 
2016/11/02 36.70 36.75 36.45 36.65 
2016/11/03 36.50 36.70 36.50 36.70 
2016/11/04 36.50 36.60 36.50 36.60 
2016/11/07 36.70 36.80 36.65 36.80 
2016/11/08 36.80 36.85 36.70 36.80 
2016/11/09 36.70 37.10 36.55 36.95 
2016/11/10 36.95 37.00 36.85 37.00 
2016/11/11 37.00 37.00 36.65 36.85 
2016/11/14 36.90 37.25 36.90 36.90 
2016/11/15 36.50 36.95 36.50 36.95 
2016/11/16 36.95 37.00 36.75 37.00 
2016/11/17 36.70 37.00 36.65 37.00 
2016/11/18 37.00 37.15 36.85 36.95 
2016/11/21 36.95 37.00 36.90 37.00 
2016/11/22 36.95 37.00 36.95 36.95 
2016/11/23 37.00 37.05 37.00 37.05 
2016/11/24 37.00 37.05 37.00 37.05 
2016/11/25 37.05 37.10 37.05 37.05 
2016/11/28 37.05 37.80 37.05 37.70 
2016/11/29 37.85 37.85 37.60 37.85 
2016/11/30 38.00 38.00 37.20 37.65 
2016/12/01 37.60 37.95 37.30 37.95 
2016/12/02 37.95 38.00 37.90 37.95 
2016/12/05 37.90 38.05 37.70 37.85 
2016/12/06 37.85 37.90 37.80 37.90 
2016/12/07 38.05 38.05 37.95 38.05 
2016/12/08 38.05 38.10 37.95 38.10 
2016/12/09 38.05 38.20 38.05 38.20 
2016/12/12 38.20 38.65 38.00 38.65 
2016/12/13 38.50 38.60 38.50 38.55 
2016/12/14 38.60 38.60 38.60 38.60 
2016/12/15 38.50 38.60 38.50 38.60 
2016/12/16 38.80 39.00 38.75 39.00 
2016/12/19 39.00 40.00 39.00 39.50 
2016/12/20 39.70 39.80 39.40 39.80 
2016/12/21 39.90 40.00 39.70 39.80 
2016/12/22 39.80 39.85 39.70 39.80 
2016/12/23 39.80 39.85 39.80 39.85 
2016/12/26 39.90 39.90 39.80 39.80 
2016/12/27 39.90 39.95 39.85 39.85 
2016/12/28 39.90 39.90 39.85 39.85 
2016/12/29 39.90 39.90 39.80 39.80 
2016/12/30 39.80 39.90 39.80 39.80 
2017/01/03 39.80 39.80 39.75 39.80 
2017/01/04 39.60 39.80 39.60 39.70 
2017/01/05 39.70 40.00 39.70 40.00 
2017/01/06 39.95 40.00 39.70 39.95 
2017/01/09 39.95 40.00 39.80 39.95 
2017/01/10 39.85 39.85 39.60 39.70 
2017/01/11 39.80 39.80 39.40 39.45 
2017/01/12 39.45 39.85 39.45 39.85 
2017/01/13 39.45 39.45 39.45 39.45 
2017/01/16 39.45 39.45 39.00 39.00 
2017/01/17 38.80 38.85 38.80 38.85 
2017/01/18 38.90 39.55 38.80 39.55 
2017/01/19 38.80 38.85 38.80 38.85 
2017/01/20 38.95 38.95 38.65 38.65 
2017/01/23 38.65 39.15 38.30 38.45 
2017/01/24 38.40 38.65 38.40 38.40 
2017/02/02 38.50 39.20 38.50 39.20 
2017/02/03 39.20 40.00 39.20 39.50 
2017/02/06 39.40 39.90 39.40 39.90 
2017/02/07 39.90 39.95 39.80 39.80 
2017/02/08 39.90 39.90 39.60 39.90 
