2016/07/01 86.40 86.70 85.10 85.10 
2016/07/04 85.90 86.80 85.00 85.60 
2016/07/05 85.60 85.80 84.60 85.30 
2016/07/06 85.30 85.30 84.30 85.00 
2016/07/07 85.30 85.80 84.30 85.50 
2016/07/11 85.80 86.50 85.00 86.00 
2016/07/12 86.50 90.50 85.70 90.40 
2016/07/13 90.40 92.20 89.50 91.20 
2016/07/14 93.00 96.50 93.00 94.50 
2016/07/15 95.00 96.60 94.80 95.90 
2016/07/18 96.40 99.00 95.90 97.00 
2016/07/19 97.50 97.50 95.70 96.80 
2016/07/20 96.10 96.90 94.70 96.70 
2016/07/21 96.70 97.20 95.70 95.90 
2016/07/22 95.90 97.60 95.90 96.70 
2016/07/25 96.70 97.30 95.40 95.40 
2016/07/26 95.00 97.50 95.00 96.50 
2016/07/27 96.50 96.90 95.60 96.10 
2016/07/28 96.00 97.00 96.00 97.00 
2016/07/29 96.40 99.40 96.40 98.00 
2016/08/01 98.00 98.00 95.70 96.60 
2016/08/02 96.30 96.30 92.70 94.00 
2016/08/03 94.00 94.00 92.70 92.90 
2016/08/04 93.00 93.00 91.30 92.60 
2016/08/05 92.80 93.00 92.30 92.60 
2016/08/08 93.20 93.50 92.00 92.50 
2016/08/09 92.50 92.60 88.20 89.10 
2016/08/10 89.00 91.00 89.00 90.70 
2016/08/11 90.70 92.50 90.10 91.10 
2016/08/12 93.90 96.30 93.60 95.00 
2016/08/15 94.80 95.00 93.10 93.30 
2016/08/16 93.50 94.30 92.80 93.90 
2016/08/17 93.50 93.50 91.50 92.10 
2016/08/18 92.50 93.20 92.10 92.20 
2016/08/19 92.40 92.60 91.30 91.90 
2016/08/22 91.50 91.60 90.60 91.50 
2016/08/23 92.00 92.40 91.00 91.10 
2016/08/24 91.50 92.60 91.30 91.50 
2016/08/25 91.50 92.50 91.50 92.00 
2016/08/26 92.00 92.00 91.50 92.00 
2016/08/29 92.10 94.50 91.80 93.50 
2016/08/30 93.50 94.00 93.20 93.80 
2016/08/31 93.70 93.70 91.30 91.30 
2016/09/01 92.00 92.20 91.20 91.60 
2016/09/02 91.60 92.50 91.00 91.70 
2016/09/05 91.70 94.60 91.60 93.50 
2016/09/06 93.20 96.00 92.70 95.40 
2016/09/07 97.60 101.00 97.40 99.50 
2016/09/08 100.50 100.50 98.60 99.00 
2016/09/09 98.30 100.50 97.00 99.30 
2016/09/10 98.00 98.00 96.30 96.50 
2016/09/12 96.70 97.30 95.40 96.40 
2016/09/13 97.00 97.60 96.00 96.60 
2016/09/14 97.20 105.00 97.20 103.50 
2016/09/19 106.00 113.00 106.00 113.00 
2016/09/20 111.50 112.50 110.00 112.50 
2016/09/21 112.50 116.00 107.50 109.00 
2016/09/22 110.00 111.50 107.50 110.00 
2016/09/23 112.00 113.00 110.00 111.00 
2016/09/26 111.00 111.00 107.00 110.00 
2016/09/29 110.50 112.50 110.00 111.00 
2016/09/30 109.50 112.00 109.00 112.00 
2016/10/03 114.50 116.50 109.00 110.00 
2016/10/04 111.00 112.00 110.00 111.50 
2016/10/05 114.50 122.50 113.00 122.50 
2016/10/06 123.50 125.50 118.50 118.50 
2016/10/07 119.00 119.00 114.00 115.00 
2016/10/11 117.50 119.00 105.50 111.00 
2016/10/12 112.00 115.00 108.00 109.50 
2016/10/13 110.50 113.50 108.50 109.50 
2016/10/14 111.00 112.50 107.00 109.00 
2016/10/17 110.00 112.00 108.50 112.00 
2016/10/18 115.50 116.00 111.50 113.00 
2016/10/19 113.50 114.00 112.50 113.00 
2016/10/20 114.00 115.00 113.00 113.50 
2016/10/21 113.50 113.50 110.00 111.50 
2016/10/24 112.00 116.00 112.00 114.50 
2016/10/25 114.00 115.50 114.00 114.00 
2016/10/26 112.50 112.50 109.00 110.50 
2016/10/27 111.50 111.50 109.00 110.50 
2016/10/28 110.50 111.50 108.00 111.50 
2016/10/31 110.50 110.50 107.00 107.50 
2016/11/01 106.00 109.00 105.00 109.00 
2016/11/02 107.00 107.50 99.60 100.50 
2016/11/03 101.50 101.50 97.70 99.80 
2016/11/04 99.50 103.00 99.10 102.00 
2016/11/07 103.50 103.50 102.00 103.50 
2016/11/08 103.00 103.00 94.10 99.60 
2016/11/09 99.00 99.00 92.70 94.00 
2016/11/10 98.10 98.10 95.50 96.80 
2016/11/11 95.70 95.70 92.50 93.80 
2016/11/14 93.00 94.00 90.00 93.10 
2016/11/15 92.70 95.70 91.60 94.20 
2016/11/16 96.50 96.70 93.60 94.60 
2016/11/17 94.00 95.60 93.50 95.40 
2016/11/18 96.00 96.00 94.20 94.50 
2016/11/21 94.50 96.40 94.10 95.80 
2016/11/22 96.60 102.50 96.30 100.50 
2016/11/23 101.00 102.50 100.50 101.00 
2016/11/24 101.00 101.00 96.00 96.80 
2016/11/25 95.70 98.00 94.20 98.00 
2016/11/28 98.00 98.00 96.50 96.50 
2016/11/29 97.10 97.50 96.10 96.50 
2016/11/30 96.90 98.40 96.50 96.90 
2016/12/01 97.20 97.80 96.60 97.40 
2016/12/02 97.40 97.40 96.00 96.00 
2016/12/05 96.10 97.10 95.50 97.00 
2016/12/06 97.40 98.80 97.00 97.20 
2016/12/07 97.40 98.00 95.60 95.80 
2016/12/08 97.00 100.50 96.60 99.00 
2016/12/09 98.60 99.00 97.00 98.50 
2016/12/12 98.50 98.60 95.80 96.00 
2016/12/13 96.50 97.30 96.10 96.60 
2016/12/14 97.20 97.90 95.60 96.40 
2016/12/15 95.60 96.90 95.10 96.70 
2016/12/16 96.70 97.00 96.00 96.80 
2016/12/19 96.50 97.10 96.00 96.00 
2016/12/20 96.00 97.20 95.70 96.30 
2016/12/21 96.40 97.20 93.50 94.50 
2016/12/22 94.00 94.50 92.90 92.90 
2016/12/23 91.80 93.00 90.50 90.50 
2016/12/26 89.50 92.00 89.50 91.40 
2016/12/27 91.50 91.90 90.80 91.90 
2016/12/28 91.50 94.70 91.50 94.50 
2016/12/29 94.50 96.20 94.00 95.10 
2016/12/30 95.90 96.20 94.80 95.40 
2017/01/03 95.40 95.60 94.60 95.50 
2017/01/04 95.70 97.50 95.70 97.00 
2017/01/05 97.20 97.40 96.10 96.30 
2017/01/06 96.30 97.00 95.80 96.70 
2017/01/09 96.00 96.10 94.60 94.60 
2017/01/10 94.50 95.00 94.10 94.50 
2017/01/11 94.80 94.90 93.50 93.90 
2017/01/12 93.90 95.40 93.80 94.30 
2017/01/13 94.50 95.50 92.70 92.70 
2017/01/16 92.70 95.40 92.50 94.60 
2017/01/17 94.00 96.50 94.00 96.50 
2017/01/18 95.90 97.00 95.40 96.20 
2017/01/19 96.00 96.40 95.20 95.50 
2017/01/20 95.10 95.80 94.60 95.00 
2017/01/23 95.00 95.60 94.60 95.00 
2017/01/24 94.10 96.40 94.00 95.30 
2017/02/02 95.40 95.40 94.00 94.10 
2017/02/03 94.10 94.50 92.00 92.50 
2017/02/06 92.00 93.10 90.60 92.80 
2017/02/07 92.10 93.50 91.60 91.90 
2017/02/08 91.90 92.30 91.30 92.10 
