2016/07/01 48.00 48.20 47.95 48.00 
2016/07/04 48.00 48.85 48.00 48.80 
2016/07/05 48.80 48.85 48.50 48.80 
2016/07/06 48.75 48.75 48.30 48.35 
2016/07/07 48.30 48.60 48.20 48.20 
2016/07/11 48.40 48.40 47.65 47.80 
2016/07/12 47.85 48.30 47.85 48.00 
2016/07/13 48.15 48.30 47.90 48.30 
2016/07/14 48.30 49.60 48.25 49.35 
2016/07/15 49.55 49.80 49.40 49.50 
2016/07/18 49.60 49.60 49.10 49.20 
2016/07/19 49.30 49.50 48.85 49.00 
2016/07/20 49.00 49.20 48.55 48.80 
2016/07/21 48.85 49.80 48.80 49.50 
2016/07/22 47.80 47.80 46.85 46.85 
2016/07/25 46.85 47.15 46.50 46.65 
2016/07/26 46.65 46.85 46.40 46.50 
2016/07/27 46.70 46.80 46.50 46.65 
2016/07/28 46.90 46.90 46.20 46.20 
2016/07/29 46.20 46.45 46.20 46.35 
2016/08/01 46.50 47.15 46.40 46.80 
2016/08/02 46.95 47.45 46.95 47.35 
2016/08/03 47.35 47.50 47.00 47.50 
2016/08/04 47.50 47.60 47.15 47.45 
2016/08/05 47.45 47.50 47.25 47.50 
2016/08/08 47.50 47.70 47.10 47.25 
2016/08/09 47.35 47.35 46.85 47.20 
2016/08/10 47.20 47.45 46.75 47.35 
2016/08/11 47.35 47.35 46.85 47.20 
2016/08/12 47.30 47.40 47.00 47.15 
2016/08/15 47.35 47.35 46.90 47.00 
2016/08/16 47.00 47.75 46.95 47.70 
2016/08/17 47.95 47.95 47.50 47.65 
2016/08/18 47.70 48.45 47.65 48.35 
2016/08/19 48.80 48.80 48.00 48.30 
2016/08/22 48.40 48.40 47.70 47.90 
2016/08/23 47.90 48.30 47.70 47.90 
2016/08/24 47.90 48.00 47.80 47.90 
2016/08/25 47.90 48.20 47.85 47.90 
2016/08/26 47.90 48.00 47.75 47.80 
2016/08/29 47.80 47.95 47.50 47.65 
2016/08/30 47.60 47.65 47.00 47.10 
2016/08/31 47.05 47.10 46.70 46.90 
2016/09/01 46.80 46.80 46.40 46.50 
2016/09/02 46.50 46.85 45.90 46.20 
2016/09/05 46.15 46.75 46.15 46.55 
2016/09/06 46.60 47.10 46.60 47.00 
2016/09/07 47.10 47.20 46.80 46.85 
2016/09/08 47.00 47.10 46.85 46.85 
2016/09/09 46.95 47.40 46.65 47.15 
2016/09/10 47.00 47.25 46.75 47.05 
2016/09/12 47.10 47.30 46.80 46.80 
2016/09/13 46.90 46.95 46.55 46.55 
2016/09/14 46.55 46.80 46.35 46.80 
2016/09/19 46.85 47.20 46.60 47.20 
2016/09/20 47.55 47.85 47.55 47.65 
2016/09/21 47.65 47.80 47.55 47.55 
2016/09/22 47.75 48.20 47.65 48.05 
2016/09/23 48.20 48.25 48.00 48.10 
2016/09/26 48.10 48.30 47.95 48.30 
2016/09/29 48.55 49.20 48.55 48.85 
2016/09/30 48.80 49.30 48.70 48.85 
2016/10/03 48.85 49.10 48.65 48.75 
2016/10/04 48.75 49.20 48.70 49.20 
2016/10/05 49.30 49.80 49.30 49.40 
2016/10/06 49.55 50.30 49.40 50.00 
2016/10/07 50.20 50.30 49.50 49.70 
2016/10/11 49.70 49.70 48.55 48.95 
2016/10/12 49.70 51.30 49.35 50.90 
2016/10/13 51.00 52.00 50.70 51.10 
2016/10/14 50.80 51.90 50.80 51.00 
2016/10/17 51.40 51.50 50.60 51.50 
2016/10/18 51.40 51.70 51.00 51.40 
2016/10/19 51.50 51.60 50.80 51.00 
2016/10/20 51.00 52.30 50.90 51.70 
2016/10/21 51.70 52.20 51.30 51.60 
2016/10/24 51.60 51.90 51.50 51.80 
2016/10/25 51.90 51.90 51.20 51.50 
2016/10/26 51.50 51.60 50.90 51.50 
2016/10/27 51.50 51.50 50.80 50.80 
2016/10/28 50.80 51.50 50.80 51.20 
2016/10/31 51.50 51.80 51.10 51.70 
2016/11/01 51.50 52.60 51.40 52.10 
2016/11/02 52.00 52.10 50.90 50.90 
2016/11/03 51.00 51.10 50.50 50.50 
2016/11/04 50.50 51.00 50.30 50.30 
2016/11/07 50.60 51.50 50.60 51.20 
2016/11/08 51.50 51.60 50.00 50.60 
2016/11/09 50.70 50.80 48.50 49.00 
2016/11/10 50.00 51.10 50.00 51.10 
2016/11/11 50.30 50.60 49.45 50.10 
2016/11/14 50.80 51.00 50.10 50.30 
2016/11/15 50.50 51.00 50.10 50.70 
2016/11/16 50.90 51.00 50.20 50.50 
2016/11/17 50.50 52.10 50.20 51.70 
2016/11/18 52.00 54.10 51.60 53.40 
2016/11/21 53.60 54.20 53.40 54.10 
2016/11/22 54.00 54.00 53.40 53.70 
2016/11/23 53.70 55.50 53.10 54.80 
2016/11/24 55.30 55.50 54.00 54.00 
2016/11/25 54.00 54.00 53.40 53.40 
2016/11/28 54.00 54.30 53.50 53.60 
2016/11/29 53.80 54.40 53.60 54.00 
2016/11/30 54.20 55.00 53.80 54.40 
2016/12/01 54.50 54.50 54.00 54.30 
2016/12/02 54.20 54.30 53.70 54.00 
2016/12/05 53.70 54.50 53.70 54.20 
2016/12/06 54.50 55.60 52.90 53.30 
2016/12/07 53.60 53.90 52.70 53.50 
2016/12/08 53.70 54.10 53.50 53.80 
2016/12/09 53.90 54.70 53.70 54.30 
2016/12/12 54.50 54.50 53.70 53.80 
2016/12/13 53.80 54.30 53.50 54.20 
2016/12/14 54.10 54.20 53.70 53.90 
2016/12/15 53.70 53.80 52.60 53.40 
2016/12/16 53.40 53.50 52.60 52.80 
2016/12/19 52.50 53.50 52.50 53.10 
2016/12/20 53.10 53.20 52.80 53.00 
2016/12/21 53.40 53.40 52.50 52.60 
2016/12/22 52.50 53.10 52.00 52.60 
2016/12/23 52.50 52.70 52.00 52.00 
2016/12/26 52.10 52.40 51.60 51.70 
2016/12/27 51.80 52.00 51.50 51.50 
2016/12/28 52.00 52.50 51.80 52.30 
2016/12/29 52.30 52.40 52.10 52.30 
2016/12/30 52.50 52.90 52.40 52.70 
2017/01/03 52.70 53.30 52.70 53.20 
2017/01/04 53.20 53.90 53.00 53.60 
2017/01/05 53.60 54.10 53.40 54.00 
2017/01/06 54.10 54.40 53.80 54.40 
2017/01/09 54.40 54.40 53.60 53.80 
2017/01/10 53.70 54.40 53.70 54.30 
2017/01/11 54.00 55.00 53.40 54.90 
2017/01/12 54.80 55.00 54.40 54.60 
2017/01/13 54.60 54.80 54.10 54.10 
2017/01/16 54.10 54.30 53.00 53.10 
2017/01/17 53.10 53.50 52.70 53.20 
2017/01/18 53.20 53.50 52.70 53.50 
2017/01/19 53.50 53.50 53.00 53.30 
2017/01/20 53.10 53.40 53.00 53.00 
2017/01/23 53.00 53.40 53.00 53.00 
2017/01/24 53.00 53.50 53.00 53.50 
2017/02/02 53.90 54.20 53.80 54.00 
2017/02/03 53.90 54.30 53.30 53.50 
2017/02/06 53.50 54.00 53.20 53.50 
2017/02/07 53.50 54.30 53.50 54.00 
2017/02/08 54.20 55.00 54.00 54.70 
