2016/07/01 74.00 74.90 73.90 74.90 
2016/07/04 74.90 75.20 74.60 74.90 
2016/07/05 74.80 75.00 74.70 75.00 
2016/07/06 75.00 75.00 74.50 74.80 
2016/07/07 74.80 75.00 74.60 74.90 
2016/07/11 75.00 75.00 74.80 74.90 
2016/07/12 75.20 75.70 75.10 75.30 
2016/07/13 75.40 75.80 75.30 75.80 
2016/07/14 76.10 76.20 75.80 76.00 
2016/07/15 76.20 76.40 75.90 76.20 
2016/07/18 76.50 76.80 76.40 76.50 
2016/07/19 76.50 76.70 76.20 76.40 
2016/07/20 76.40 76.50 76.00 76.40 
2016/07/21 76.40 76.50 75.80 75.90 
2016/07/22 76.30 76.30 75.90 76.00 
2016/07/25 76.20 76.30 75.20 75.60 
2016/07/26 75.70 76.60 75.60 76.60 
2016/07/27 72.00 72.10 71.20 71.50 
2016/07/28 71.80 71.90 71.40 71.40 
2016/07/29 71.40 71.40 70.70 71.00 
2016/08/01 71.00 71.20 70.80 70.80 
2016/08/02 71.00 71.00 70.70 70.70 
2016/08/03 70.70 71.20 70.70 71.00 
2016/08/04 71.00 71.00 70.70 70.80 
2016/08/05 70.80 70.90 70.60 70.80 
2016/08/08 70.90 71.40 70.80 71.40 
2016/08/09 71.50 71.60 71.10 71.30 
2016/08/10 71.30 71.50 71.20 71.40 
2016/08/11 71.50 71.60 71.00 71.10 
2016/08/12 71.10 72.00 71.10 71.70 
2016/08/15 71.90 72.30 71.80 72.20 
2016/08/16 72.40 72.50 71.80 72.00 
2016/08/17 72.10 72.10 71.50 72.00 
2016/08/18 72.00 72.00 71.60 71.60 
2016/08/19 71.60 71.90 71.20 71.30 
2016/08/22 71.30 71.30 70.80 71.20 
2016/08/23 71.10 71.20 70.70 71.20 
2016/08/24 71.20 71.40 70.90 71.20 
2016/08/25 71.00 71.50 71.00 71.40 
2016/08/26 71.40 71.50 71.00 71.10 
2016/08/29 71.30 71.50 70.90 71.30 
2016/08/30 71.30 71.50 71.30 71.50 
2016/08/31 71.40 71.60 71.30 71.60 
2016/09/01 71.60 71.80 71.10 71.60 
2016/09/02 71.30 71.40 71.20 71.40 
2016/09/05 71.50 71.50 70.90 71.30 
2016/09/06 71.50 71.50 71.00 71.10 
2016/09/07 71.10 71.20 71.00 71.10 
2016/09/08 71.10 71.40 71.00 71.00 
2016/09/09 71.00 71.10 70.90 71.00 
2016/09/10 70.80 71.00 70.70 70.90 
2016/09/12 70.70 71.00 70.70 70.80 
2016/09/13 70.90 70.90 70.40 70.50 
2016/09/14 70.30 70.70 70.30 70.50 
2016/09/19 70.60 71.00 70.50 71.00 
2016/09/20 70.90 71.40 70.90 71.40 
2016/09/21 71.50 71.50 71.00 71.20 
2016/09/22 71.30 71.40 71.00 71.30 
2016/09/23 71.00 71.40 70.90 70.90 
2016/09/26 71.00 71.20 70.80 71.10 
2016/09/29 71.20 71.20 71.00 71.10 
2016/09/30 71.00 71.30 70.90 71.30 
2016/10/03 71.30 71.40 71.20 71.30 
2016/10/04 71.30 71.40 71.20 71.40 
2016/10/05 71.40 72.70 71.40 72.50 
2016/10/06 72.70 74.00 72.60 73.50 
2016/10/07 73.50 73.60 72.90 73.40 
2016/10/11 73.80 74.60 73.00 73.80 
2016/10/12 73.40 73.60 73.00 73.10 
2016/10/13 73.00 73.10 72.50 72.60 
2016/10/14 72.20 72.90 72.20 72.20 
2016/10/17 72.10 72.60 72.10 72.50 
2016/10/18 72.20 72.60 72.10 72.50 
2016/10/19 72.90 72.90 72.30 72.40 
2016/10/20 72.50 72.80 72.50 72.60 
2016/10/21 72.70 72.70 71.80 72.10 
2016/10/24 72.10 72.40 72.00 72.40 
2016/10/25 72.40 72.40 72.10 72.20 
2016/10/26 72.20 72.30 72.00 72.10 
2016/10/27 72.10 72.70 72.10 72.10 
2016/10/28 72.40 72.40 72.00 72.20 
2016/10/31 72.20 72.60 72.10 72.60 
2016/11/01 72.60 72.90 72.20 72.90 
2016/11/02 72.90 72.90 72.20 72.40 
2016/11/03 72.20 72.40 71.90 72.00 
2016/11/04 72.00 72.10 71.70 71.80 
2016/11/07 71.90 72.30 71.80 71.90 
2016/11/08 72.60 73.00 72.30 72.60 
2016/11/09 72.60 73.00 71.40 71.60 
2016/11/10 72.60 72.90 72.60 72.70 
2016/11/11 72.70 73.30 72.50 72.90 
2016/11/14 72.90 74.40 72.70 74.40 
2016/11/15 74.00 74.50 73.40 73.50 
2016/11/16 73.70 74.30 73.50 74.20 
2016/11/17 74.20 74.20 73.80 74.20 
2016/11/18 74.20 74.50 73.90 74.40 
2016/11/21 74.50 74.50 74.00 74.20 
2016/11/22 74.40 74.50 74.10 74.30 
2016/11/23 74.50 74.50 74.00 74.00 
2016/11/24 74.40 76.20 74.40 75.50 
2016/11/25 75.70 76.40 75.70 75.70 
2016/11/28 75.90 76.50 75.90 76.10 
2016/11/29 76.10 76.50 76.00 76.30 
2016/11/30 76.50 77.50 76.50 76.70 
2016/12/01 76.70 76.70 75.50 76.40 
2016/12/02 76.30 76.40 75.80 75.90 
2016/12/05 75.90 76.30 75.60 76.20 
2016/12/06 76.20 76.30 75.80 76.00 
2016/12/07 75.90 76.00 75.40 75.80 
2016/12/08 76.10 76.30 76.00 76.30 
2016/12/09 76.50 76.60 76.20 76.50 
2016/12/12 76.70 77.90 76.70 77.60 
2016/12/13 77.60 79.70 77.60 78.40 
2016/12/14 78.90 79.00 78.20 78.20 
2016/12/15 77.70 78.60 77.70 78.30 
2016/12/16 78.30 78.30 77.70 78.10 
2016/12/19 78.10 78.10 77.30 77.80 
2016/12/20 77.80 78.00 77.60 78.00 
2016/12/21 77.70 78.50 77.70 77.80 
2016/12/22 77.70 77.80 77.20 77.20 
2016/12/23 77.00 78.30 76.70 77.60 
2016/12/26 77.60 78.00 77.10 77.60 
2016/12/27 77.60 77.80 77.40 77.70 
2016/12/28 77.70 77.70 77.20 77.50 
2016/12/29 77.10 77.50 77.00 77.00 
2016/12/30 77.00 77.50 77.00 77.20 
2017/01/03 77.30 77.30 76.80 77.10 
2017/01/04 77.30 77.80 77.30 77.40 
2017/01/05 77.60 78.30 77.60 78.30 
2017/01/06 78.30 78.60 77.80 77.80 
2017/01/09 78.40 78.40 77.80 77.90 
2017/01/10 78.50 79.20 78.40 79.00 
2017/01/11 79.30 79.60 78.70 79.20 
2017/01/12 79.30 79.50 79.20 79.30 
2017/01/13 79.30 79.30 78.80 79.00 
2017/01/16 78.80 79.00 78.10 78.20 
2017/01/17 79.10 80.00 79.00 79.20 
2017/01/18 79.20 79.60 79.20 79.60 
2017/01/19 79.60 82.30 79.60 81.40 
2017/01/20 81.40 82.20 81.00 81.20 
2017/01/23 81.20 81.40 80.30 81.00 
2017/01/24 81.30 82.00 80.80 82.00 
2017/02/02 82.80 84.80 82.30 84.00 
2017/02/03 84.00 84.40 82.50 83.00 
2017/02/06 83.00 83.20 82.20 82.90 
2017/02/07 82.90 83.80 82.30 83.50 
2017/02/08 83.50 83.60 82.90 83.40 
