2016/07/01 80.30 81.40 80.30 81.00 
2016/07/04 81.00 83.70 81.00 83.00 
2016/07/05 82.90 83.30 82.20 83.00 
2016/07/06 82.50 82.80 82.20 82.50 
2016/07/07 82.80 83.60 82.50 83.40 
2016/07/11 83.50 86.00 83.50 85.20 
2016/07/12 85.50 85.70 85.00 85.60 
2016/07/13 86.00 88.80 85.70 88.00 
2016/07/14 88.00 88.00 86.50 87.40 
2016/07/15 87.40 87.50 85.30 86.90 
2016/07/18 86.80 86.80 85.60 85.70 
2016/07/19 86.00 88.40 85.80 87.00 
2016/07/20 87.60 88.60 85.60 86.70 
2016/07/21 87.50 88.40 87.10 88.10 
2016/07/22 88.00 88.40 87.20 88.40 
2016/07/25 88.80 89.40 87.50 88.30 
2016/07/26 88.40 88.40 87.40 87.80 
2016/07/27 87.50 88.00 86.80 86.80 
2016/07/28 83.10 86.60 83.10 85.30 
2016/07/29 85.50 85.50 84.10 85.00 
2016/08/01 85.00 86.40 83.00 86.10 
2016/08/02 85.00 85.40 85.00 85.30 
2016/08/03 85.30 85.30 83.70 84.60 
2016/08/04 84.60 84.60 83.60 83.90 
2016/08/05 83.90 84.70 83.90 84.10 
2016/08/08 84.50 85.30 84.30 84.30 
2016/08/09 84.30 84.80 83.50 83.80 
2016/08/10 83.00 85.20 83.00 85.20 
2016/08/11 85.20 85.20 83.60 83.70 
2016/08/12 85.90 85.90 84.00 84.00 
2016/08/15 84.80 85.00 84.20 84.90 
2016/08/16 84.90 84.90 84.20 84.30 
2016/08/17 85.20 85.20 83.40 84.70 
2016/08/18 85.10 85.30 84.20 84.50 
2016/08/19 85.00 85.00 83.80 84.60 
2016/08/22 84.60 84.60 83.70 84.60 
2016/08/23 84.00 84.40 84.00 84.30 
2016/08/24 84.10 84.10 83.80 84.00 
2016/08/25 84.10 84.50 83.90 84.50 
2016/08/26 84.60 85.00 84.60 84.90 
2016/08/29 84.90 84.90 84.10 84.80 
2016/08/30 84.80 85.00 84.50 84.70 
2016/08/31 85.00 85.00 84.00 84.10 
2016/09/01 83.50 84.80 83.50 84.80 
2016/09/02 83.90 84.00 83.60 83.60 
2016/09/05 83.90 84.70 83.90 84.60 
2016/09/06 84.60 85.90 84.50 85.50 
2016/09/07 86.70 86.70 85.40 86.20 
2016/09/08 86.50 89.00 86.30 88.10 
2016/09/09 88.30 88.30 87.60 88.00 
2016/09/10 88.00 88.00 86.40 87.90 
2016/09/12 87.20 88.30 87.10 87.70 
2016/09/13 87.70 87.70 86.60 86.80 
2016/09/14 86.10 86.90 86.10 86.60 
2016/09/19 86.60 87.30 86.60 87.10 
2016/09/20 87.10 87.10 86.50 86.60 
2016/09/21 86.10 86.70 85.10 86.40 
2016/09/22 86.40 86.90 86.40 86.60 
2016/09/23 86.80 87.00 86.40 86.60 
2016/09/26 86.00 86.60 86.00 86.60 
2016/09/29 85.60 86.30 85.60 86.10 
2016/09/30 86.30 86.30 85.10 85.30 
2016/10/03 85.90 85.90 84.60 85.30 
2016/10/04 85.80 86.90 85.20 86.90 
2016/10/05 86.80 86.80 85.90 85.90 
2016/10/06 86.50 86.50 86.00 86.00 
2016/10/07 86.50 86.60 85.30 85.30 
2016/10/11 86.00 86.00 83.90 84.50 
2016/10/12 85.20 85.20 84.10 85.00 
2016/10/13 85.50 85.50 84.20 84.20 
2016/10/14 84.20 84.40 83.50 83.50 
2016/10/17 84.00 84.00 82.60 83.10 
2016/10/18 83.50 84.00 82.60 84.00 
2016/10/19 84.50 84.50 83.50 84.00 
2016/10/20 84.50 85.40 83.60 85.30 
2016/10/21 85.30 85.30 84.00 84.00 
2016/10/24 84.00 84.00 82.70 83.30 
2016/10/25 83.80 83.80 82.80 83.30 
2016/10/26 83.30 83.40 82.50 83.40 
2016/10/27 83.40 83.40 83.00 83.10 
2016/10/28 82.90 83.10 82.60 82.80 
2016/10/31 82.60 82.60 82.50 82.50 
2016/11/01 82.50 83.00 82.20 82.20 
2016/11/02 82.20 82.90 81.50 81.50 
2016/11/03 83.00 83.00 81.00 81.10 
2016/11/04 81.00 81.20 81.00 81.10 
2016/11/07 82.50 82.50 82.30 82.30 
2016/11/08 82.30 82.50 81.60 81.70 
2016/11/09 81.70 81.90 79.60 80.40 
2016/11/10 80.40 82.00 80.40 81.90 
2016/11/11 81.90 82.80 81.50 82.70 
2016/11/14 82.40 82.50 82.40 82.50 
2016/11/15 82.20 82.20 81.10 81.60 
2016/11/16 81.70 82.00 81.00 81.10 
2016/11/17 80.60 81.20 80.60 81.20 
2016/11/18 81.10 81.70 81.10 81.50 
2016/11/21 81.50 82.50 81.50 81.50 
2016/11/22 81.50 81.80 81.00 81.00 
2016/11/23 81.50 81.80 81.20 81.60 
2016/11/24 81.80 81.80 81.30 81.30 
2016/11/25 81.30 81.30 81.00 81.10 
2016/11/28 81.10 82.40 81.00 81.70 
2016/11/29 82.00 82.20 81.80 82.20 
2016/11/30 82.40 82.50 81.60 82.00 
2016/12/01 82.10 82.30 82.00 82.30 
2016/12/02 84.50 85.00 82.40 82.60 
2016/12/05 82.60 83.90 82.50 83.00 
2016/12/06 83.00 83.10 82.60 83.00 
2016/12/07 83.00 83.50 82.90 83.20 
2016/12/08 84.00 84.00 83.50 83.70 
2016/12/09 84.50 84.50 83.70 83.80 
2016/12/12 84.00 84.20 83.90 84.00 
2016/12/13 84.50 84.60 84.10 84.50 
2016/12/14 84.60 84.60 84.40 84.60 
2016/12/15 84.00 84.50 84.00 84.50 
2016/12/16 84.70 84.70 84.00 84.70 
2016/12/19 84.50 84.60 81.00 83.50 
2016/12/20 83.50 83.50 82.20 82.60 
2016/12/21 83.00 83.00 82.50 82.50 
2016/12/22 82.60 83.40 82.60 83.00 
2016/12/23 83.50 83.50 83.50 83.50 
2016/12/26 83.50 83.50 83.00 83.30 
2016/12/27 83.30 83.30 82.60 82.60 
2016/12/28 83.60 83.80 83.60 83.80 
2016/12/29 83.60 83.60 82.90 83.00 
2016/12/30 83.00 84.50 82.80 84.30 
2017/01/03 84.10 84.10 82.90 83.00 
2017/01/04 83.00 83.00 82.50 82.50 
2017/01/05 82.50 82.50 81.90 81.90 
2017/01/06 82.50 83.40 82.00 83.40 
2017/01/09 83.40 84.00 83.00 83.80 
2017/01/10 84.00 84.50 83.40 83.50 
2017/01/11 83.50 84.50 83.10 83.20 
2017/01/12 83.00 83.20 82.80 83.20 
2017/01/13 83.20 83.50 83.00 83.10 
2017/01/16 83.10 83.10 82.40 82.40 
2017/01/17 82.40 82.50 82.40 82.50 
2017/01/18 82.40 82.50 82.30 82.30 
2017/01/19 82.30 82.40 81.50 81.60 
2017/01/20 81.60 81.90 81.10 81.90 
2017/01/23 81.90 82.10 81.50 81.70 
2017/01/24 81.70 82.00 81.50 82.00 
2017/02/02 82.00 82.40 81.50 81.50 
2017/02/03 81.50 82.30 81.40 82.00 
2017/02/06 82.00 82.30 81.70 82.30 
2017/02/07 82.20 82.20 82.00 82.00 
2017/02/08 82.00 82.10 82.00 82.00 
