2016/07/01 54.40 55.10 54.30 54.50 
2016/07/04 50.30 50.50 49.90 50.00 
2016/07/05 50.00 50.10 49.70 49.75 
2016/07/06 49.70 49.70 49.00 49.20 
2016/07/07 49.50 49.50 49.00 49.05 
2016/07/11 49.70 49.70 49.05 49.15 
2016/07/12 49.25 49.40 49.20 49.30 
2016/07/13 49.50 49.55 49.25 49.35 
2016/07/14 49.35 49.60 49.35 49.45 
2016/07/15 49.45 50.40 49.45 50.20 
2016/07/18 50.30 50.70 50.20 50.20 
2016/07/19 50.20 50.70 50.10 50.30 
2016/07/20 50.60 51.00 50.40 50.80 
2016/07/21 50.90 51.20 50.80 50.80 
2016/07/22 50.90 51.00 50.60 50.60 
2016/07/25 50.50 50.80 49.90 49.95 
2016/07/26 50.10 50.30 50.00 50.20 
2016/07/27 50.10 50.40 50.10 50.20 
2016/07/28 50.20 50.50 50.00 50.10 
2016/07/29 50.10 50.30 50.00 50.10 
2016/08/01 50.10 50.30 50.10 50.10 
2016/08/02 50.10 50.30 50.10 50.30 
2016/08/03 50.30 50.30 50.00 50.00 
2016/08/04 50.00 50.20 49.95 50.00 
2016/08/05 50.00 50.00 49.70 49.70 
2016/08/08 50.00 50.00 49.25 49.40 
2016/08/09 49.10 49.30 49.05 49.10 
2016/08/10 49.50 50.20 49.50 50.20 
2016/08/11 50.20 50.20 49.50 49.80 
2016/08/12 49.80 50.40 49.80 50.00 
2016/08/15 50.00 50.50 49.95 50.50 
2016/08/16 50.50 50.60 50.20 50.20 
2016/08/17 50.20 50.50 50.10 50.10 
2016/08/18 50.30 50.30 49.95 50.00 
2016/08/19 50.10 50.20 49.70 49.75 
2016/08/22 49.75 49.75 49.40 49.45 
2016/08/23 49.45 49.75 49.25 49.40 
2016/08/24 49.40 49.70 49.30 49.55 
2016/08/25 49.55 49.80 49.35 49.75 
2016/08/26 49.75 50.30 49.75 49.90 
2016/08/29 50.00 50.10 49.85 50.00 
2016/08/30 49.90 50.40 49.90 49.95 
2016/08/31 49.95 50.00 49.55 49.65 
2016/09/01 49.55 49.70 49.50 49.70 
2016/09/02 49.60 49.80 49.40 49.80 
2016/09/05 49.60 49.90 49.40 49.45 
2016/09/06 49.70 49.90 49.45 49.50 
2016/09/07 49.50 49.75 49.50 49.55 
2016/09/08 49.40 49.50 49.15 49.40 
2016/09/09 49.30 49.50 49.10 49.40 
2016/09/10 49.20 49.95 49.10 49.95 
2016/09/12 49.50 49.50 49.30 49.35 
2016/09/13 49.70 49.70 49.15 49.15 
2016/09/14 49.15 49.30 49.05 49.15 
2016/09/19 49.15 49.55 49.15 49.20 
2016/09/20 49.20 49.20 49.10 49.10 
2016/09/21 49.40 49.40 49.10 49.35 
2016/09/22 49.30 49.30 49.10 49.15 
2016/09/23 49.30 49.30 49.10 49.15 
2016/09/26 49.30 49.30 49.10 49.25 
2016/09/29 49.30 49.30 49.00 49.05 
2016/09/30 49.00 49.25 49.00 49.10 
2016/10/03 49.30 49.30 49.00 49.30 
2016/10/04 49.45 49.45 49.05 49.20 
2016/10/05 49.30 49.35 48.95 49.05 
2016/10/06 49.00 49.00 48.85 48.85 
2016/10/07 48.85 49.00 47.95 48.20 
2016/10/11 48.20 48.50 48.10 48.20 
2016/10/12 48.30 48.40 48.05 48.40 
2016/10/13 48.45 48.50 48.20 48.25 
2016/10/14 48.10 49.00 48.10 49.00 
2016/10/17 49.00 49.60 48.75 49.50 
2016/10/18 49.50 49.50 49.00 49.05 
2016/10/19 49.40 49.40 49.05 49.05 
2016/10/20 49.05 49.10 49.00 49.05 
2016/10/21 49.40 49.40 48.70 48.70 
2016/10/24 49.00 49.05 48.70 49.00 
2016/10/25 49.35 49.35 49.00 49.25 
2016/10/26 49.25 49.25 49.00 49.10 
2016/10/27 49.10 49.25 49.00 49.05 
2016/10/28 49.30 49.30 49.00 49.20 
2016/10/31 49.10 49.30 49.00 49.30 
2016/11/01 49.25 49.25 48.90 49.25 
2016/11/02 49.00 49.15 48.85 49.00 
2016/11/03 48.85 49.00 48.80 49.00 
2016/11/04 48.90 49.30 48.85 49.00 
2016/11/07 49.00 49.35 48.85 49.35 
2016/11/08 49.10 49.15 48.95 49.00 
2016/11/09 48.90 49.00 48.45 49.00 
2016/11/10 49.00 49.45 48.80 49.45 
2016/11/11 49.30 49.30 48.10 49.00 
2016/11/14 49.00 49.40 48.75 49.40 
2016/11/15 49.30 49.50 48.95 49.45 
2016/11/16 49.45 49.45 49.20 49.20 
2016/11/17 49.05 49.45 49.00 49.15 
2016/11/18 49.05 50.00 49.05 49.45 
2016/11/21 49.40 49.80 49.25 49.80 
2016/11/22 49.80 49.90 49.50 49.90 
2016/11/23 50.00 50.30 49.55 49.90 
2016/11/24 49.90 50.00 49.65 49.75 
2016/11/25 49.95 49.95 49.40 49.60 
2016/11/28 49.60 49.60 49.50 49.55 
2016/11/29 49.90 49.90 49.50 49.50 
2016/11/30 49.50 49.85 49.40 49.70 
2016/12/01 49.70 49.95 49.55 49.95 
2016/12/02 49.95 50.00 49.60 49.70 
2016/12/05 49.95 50.00 49.70 50.00 
2016/12/06 50.00 50.20 49.90 50.20 
2016/12/07 50.00 51.20 50.00 51.00 
2016/12/08 51.10 52.10 51.10 51.60 
2016/12/09 51.50 51.90 50.70 51.90 
2016/12/12 51.80 51.90 51.20 51.70 
2016/12/13 51.50 51.50 51.20 51.30 
2016/12/14 51.30 51.40 51.00 51.20 
2016/12/15 51.00 51.20 51.00 51.20 
2016/12/16 51.20 51.70 51.20 51.60 
2016/12/19 51.60 51.70 51.10 51.50 
2016/12/20 51.50 51.50 51.00 51.40 
2016/12/21 51.10 51.40 51.10 51.40 
2016/12/22 50.90 51.10 50.90 50.90 
2016/12/23 50.80 51.00 50.60 51.00 
2016/12/26 51.00 51.00 50.80 50.90 
2016/12/27 50.90 50.90 50.50 50.80 
2016/12/28 52.30 52.30 50.70 50.70 
2016/12/29 50.80 51.10 50.80 50.90 
2016/12/30 51.00 51.20 50.70 51.20 
2017/01/03 51.20 51.40 50.90 51.00 
2017/01/04 51.50 51.50 50.60 51.10 
2017/01/05 51.30 51.30 50.80 51.00 
2017/01/06 51.00 51.00 50.70 50.80 
2017/01/09 50.80 51.00 50.50 51.00 
2017/01/10 51.00 51.00 50.50 50.80 
2017/01/11 50.80 51.00 50.60 51.00 
2017/01/12 51.00 51.10 50.70 50.80 
2017/01/13 50.70 50.80 50.60 50.60 
2017/01/16 50.60 50.90 50.40 50.90 
2017/01/17 50.90 50.90 50.60 50.60 
2017/01/18 50.60 50.70 50.40 50.70 
2017/01/19 50.70 50.80 50.50 50.60 
2017/01/20 50.70 50.70 50.40 50.40 
2017/01/23 50.40 51.30 50.40 51.00 
2017/01/24 51.10 51.10 50.70 50.90 
2017/02/02 51.00 51.20 50.50 50.70 
2017/02/03 50.70 51.10 50.60 51.10 
2017/02/06 51.10 51.30 50.90 51.30 
2017/02/07 51.30 51.30 51.00 51.30 
2017/02/08 51.30 51.50 51.10 51.20 
