2016/07/01 37.65 38.20 37.40 38.00 
2016/07/04 38.00 38.30 37.70 37.70 
2016/07/05 37.70 37.80 37.45 37.45 
2016/07/06 37.30 37.30 36.55 36.55 
2016/07/07 36.80 36.90 36.50 36.55 
2016/07/11 37.00 37.15 36.85 37.10 
2016/07/12 37.45 37.50 37.10 37.40 
2016/07/13 37.65 37.65 37.10 37.45 
2016/07/14 37.50 37.55 37.30 37.45 
2016/07/15 37.60 38.60 37.60 38.60 
2016/07/18 38.65 38.95 38.40 38.65 
2016/07/19 38.75 38.75 38.15 38.65 
2016/07/20 38.40 38.65 38.05 38.10 
2016/07/21 38.10 38.60 38.10 38.35 
2016/07/22 38.45 38.85 38.30 38.60 
2016/07/25 38.70 38.85 38.05 38.35 
2016/07/26 38.40 38.65 38.25 38.40 
2016/07/27 38.45 39.40 38.45 39.00 
2016/07/28 39.00 39.00 38.60 38.70 
2016/07/29 38.65 38.70 38.20 38.20 
2016/08/01 38.25 38.65 38.25 38.50 
2016/08/02 38.50 40.40 38.40 40.20 
2016/08/03 39.75 40.15 39.50 40.00 
2016/08/04 40.15 40.25 39.60 39.70 
2016/08/05 39.90 40.90 39.65 40.60 
2016/08/08 40.60 40.85 40.40 40.65 
2016/08/09 40.60 40.60 40.25 40.40 
2016/08/10 40.60 41.15 40.50 40.80 
2016/08/11 40.80 40.90 40.10 40.65 
2016/08/12 40.70 40.90 40.35 40.45 
2016/08/15 39.50 39.50 38.35 38.75 
2016/08/16 38.80 38.95 38.40 38.60 
2016/08/17 38.50 38.75 38.35 38.75 
2016/08/18 39.00 39.45 38.55 39.45 
2016/08/19 39.40 39.40 38.60 38.60 
2016/08/22 38.45 38.45 37.70 37.85 
2016/08/23 37.80 38.00 37.70 37.75 
2016/08/24 37.75 37.90 37.35 37.45 
2016/08/25 37.40 37.85 37.35 37.85 
2016/08/26 37.80 38.05 37.70 37.80 
2016/08/29 37.80 37.80 37.40 37.55 
2016/08/30 37.55 37.95 37.55 37.80 
2016/08/31 37.70 37.70 36.95 37.15 
2016/09/01 37.20 37.20 36.70 36.70 
2016/09/02 36.70 36.90 36.50 36.70 
2016/09/05 36.80 37.65 36.80 37.50 
2016/09/06 37.85 38.20 37.80 38.15 
2016/09/07 38.20 38.30 38.00 38.00 
2016/09/08 38.00 38.20 37.65 38.20 
2016/09/09 37.75 37.95 37.55 37.95 
2016/09/10 37.40 37.50 37.30 37.40 
2016/09/12 37.15 37.20 37.00 37.00 
2016/09/13 37.10 37.55 36.80 37.55 
2016/09/14 37.35 37.45 37.05 37.40 
2016/09/19 37.70 37.80 37.40 37.55 
2016/09/20 37.55 37.80 37.45 37.70 
2016/09/21 37.60 38.80 37.60 38.70 
2016/09/22 39.00 39.00 38.30 38.55 
2016/09/23 38.55 39.10 38.35 38.70 
2016/09/26 38.80 38.85 38.30 38.45 
2016/09/29 38.75 38.75 38.20 38.40 
2016/09/30 38.25 38.60 38.15 38.15 
2016/10/03 38.25 39.00 38.20 38.80 
2016/10/04 38.60 38.60 37.60 37.70 
2016/10/05 36.80 37.30 36.70 37.25 
2016/10/06 37.35 37.50 37.00 37.05 
2016/10/07 37.05 37.45 37.00 37.40 
2016/10/11 37.65 37.70 36.85 37.15 
2016/10/12 37.00 37.35 36.75 37.25 
2016/10/13 37.25 37.50 36.80 36.95 
2016/10/14 36.85 37.10 36.40 36.65 
2016/10/17 36.50 36.50 35.80 36.25 
2016/10/18 35.85 36.85 35.85 36.85 
2016/10/19 36.90 37.05 36.60 36.80 
2016/10/20 36.90 37.05 36.60 36.65 
2016/10/21 36.65 36.70 36.35 36.45 
2016/10/24 36.40 36.90 36.30 36.60 
2016/10/25 36.60 36.95 36.50 36.80 
2016/10/26 36.70 36.90 36.35 36.45 
2016/10/27 36.40 36.50 36.25 36.35 
2016/10/28 36.35 36.55 36.05 36.45 
2016/10/31 36.10 36.55 35.90 36.40 
2016/11/01 36.25 36.25 35.85 35.85 
2016/11/02 35.75 35.75 34.95 35.00 
2016/11/03 35.00 35.00 34.60 34.65 
2016/11/04 34.65 34.95 34.65 34.90 
2016/11/07 35.10 35.30 35.00 35.15 
2016/11/08 35.15 35.50 35.05 35.50 
2016/11/09 35.70 35.70 34.20 34.35 
2016/11/10 35.10 35.25 34.75 35.20 
2016/11/11 34.80 36.05 34.60 35.60 
2016/11/14 35.60 35.95 35.30 35.95 
2016/11/15 36.00 36.30 35.45 35.70 
2016/11/16 36.00 36.30 35.90 36.10 
2016/11/17 36.15 36.15 35.60 35.65 
2016/11/18 35.55 36.60 35.55 36.60 
2016/11/21 36.45 36.70 36.35 36.65 
2016/11/22 36.70 37.60 36.60 37.50 
2016/11/23 37.50 37.55 37.00 37.15 
2016/11/24 37.25 38.25 36.65 37.90 
2016/11/25 38.00 38.60 37.95 38.05 
2016/11/28 38.20 38.60 37.90 38.00 
2016/11/29 38.00 38.10 37.50 37.70 
2016/11/30 37.95 38.55 37.60 38.10 
2016/12/01 38.20 38.50 38.05 38.05 
2016/12/02 38.20 38.40 37.80 38.00 
2016/12/05 38.10 38.20 37.50 37.50 
2016/12/06 37.90 38.05 37.60 37.65 
2016/12/07 38.00 38.40 37.80 37.80 
2016/12/08 37.90 38.10 37.65 37.80 
2016/12/09 37.90 38.20 37.85 37.95 
2016/12/12 38.10 38.10 37.00 37.05 
2016/12/13 37.20 37.40 37.05 37.40 
2016/12/14 37.45 37.60 37.00 37.10 
2016/12/15 37.05 37.40 37.00 37.35 
2016/12/16 37.35 37.45 37.00 37.45 
2016/12/19 37.15 37.35 37.05 37.05 
2016/12/20 37.10 37.15 36.65 36.65 
2016/12/21 36.70 36.85 36.65 36.70 
2016/12/22 36.70 36.80 36.30 36.30 
2016/12/23 36.30 36.50 36.15 36.15 
2016/12/26 36.15 36.35 36.15 36.20 
2016/12/27 36.20 36.55 36.20 36.45 
2016/12/28 36.55 36.70 36.45 36.55 
2016/12/29 36.50 36.80 36.45 36.55 
2016/12/30 36.80 37.00 36.70 36.80 
2017/01/03 36.80 36.90 36.75 36.75 
2017/01/04 36.90 37.00 36.80 36.85 
2017/01/05 36.85 36.95 36.75 36.90 
2017/01/06 37.00 37.25 37.00 37.10 
2017/01/09 37.20 37.60 37.10 37.50 
2017/01/10 37.50 37.70 37.20 37.60 
2017/01/11 37.95 38.30 37.80 37.80 
2017/01/12 37.95 38.05 37.90 38.00 
2017/01/13 38.05 38.15 37.80 37.90 
2017/01/16 37.80 37.80 37.30 37.30 
2017/01/17 37.45 37.55 37.35 37.40 
2017/01/18 37.40 37.45 37.20 37.25 
2017/01/19 37.25 37.55 37.15 37.30 
2017/01/20 37.20 37.65 37.20 37.60 
2017/01/23 37.80 38.20 37.60 38.05 
2017/01/24 38.05 38.15 37.90 38.05 
2017/02/02 38.10 38.15 37.80 37.80 
2017/02/03 37.85 38.30 37.85 37.95 
2017/02/06 38.00 39.00 37.95 38.80 
2017/02/07 38.90 39.30 38.70 39.00 
2017/02/08 39.05 39.10 38.65 38.75 
