2016/07/01 18.00 18.15 18.00 18.15 
2016/07/04 18.00 18.00 17.65 17.95 
2016/07/05 17.90 17.90 17.90 17.90 
2016/07/07 17.85 18.20 17.85 18.20 
2016/07/11 17.85 19.20 17.85 18.80 
2016/07/12 18.80 18.80 18.20 18.20 
2016/07/13 18.35 18.35 18.35 18.35 
2016/07/14 18.40 18.40 18.35 18.35 
2016/07/15 18.45 18.75 18.15 18.30 
2016/07/18 18.40 18.70 18.30 18.70 
2016/07/19 18.75 19.70 18.75 19.30 
2016/07/20 19.00 20.00 18.70 20.00 
2016/07/21 19.00 21.10 19.00 20.00 
2016/07/22 19.35 19.45 19.00 19.00 
2016/07/25 19.00 19.10 19.00 19.00 
2016/07/26 19.00 19.00 19.00 19.00 
2016/07/27 19.00 19.00 18.75 18.90 
2016/07/28 18.90 19.45 18.80 19.45 
2016/07/29 19.45 19.45 19.00 19.35 
2016/08/01 17.70 18.25 17.55 18.00 
2016/08/02 17.65 18.30 17.65 18.30 
2016/08/03 18.30 18.30 17.95 17.95 
2016/08/04 17.85 19.00 17.85 17.90 
2016/08/05 17.95 18.00 17.90 17.90 
2016/08/08 18.00 18.60 17.95 18.00 
2016/08/09 17.95 18.40 17.95 18.40 
2016/08/11 17.85 18.35 17.85 18.35 
2016/08/12 18.00 18.25 18.00 18.25 
2016/08/17 18.10 18.10 17.95 18.10 
2016/08/18 17.95 18.60 17.90 18.00 
2016/08/19 18.00 18.20 17.60 17.95 
2016/08/22 18.00 18.15 18.00 18.10 
2016/08/23 18.00 18.25 17.90 18.25 
2016/08/24 17.90 18.15 17.80 18.15 
2016/08/25 17.85 18.10 17.80 18.00 
2016/08/30 18.00 18.00 17.70 17.90 
2016/08/31 17.90 17.90 17.90 17.90 
2016/09/01 18.00 18.00 18.00 18.00 
2016/09/02 17.70 17.70 17.60 17.60 
2016/09/05 17.75 18.00 17.60 17.95 
2016/09/06 17.80 17.80 17.60 17.60 
2016/09/07 17.70 18.00 17.45 17.75 
2016/09/08 17.85 18.65 17.80 18.15 
2016/09/09 17.80 17.95 17.60 17.70 
2016/09/10 17.70 17.95 17.70 17.95 
2016/09/12 18.00 18.10 18.00 18.10 
2016/09/13 18.00 18.20 17.80 17.90 
2016/09/14 18.00 18.00 17.80 17.80 
2016/09/19 17.70 17.95 17.70 17.95 
2016/09/21 17.95 17.95 17.60 17.80 
2016/09/22 17.55 17.60 17.40 17.60 
2016/09/23 17.60 17.60 17.60 17.60 
2016/09/26 17.60 17.95 17.45 17.75 
2016/09/29 17.70 17.70 17.50 17.70 
2016/09/30 18.10 18.10 17.50 17.60 
2016/10/03 17.60 17.60 17.40 17.60 
2016/10/04 17.50 17.55 17.45 17.55 
2016/10/05 17.35 17.70 17.35 17.70 
2016/10/06 17.50 17.65 17.50 17.65 
2016/10/07 17.65 17.65 17.45 17.45 
2016/10/11 17.45 17.45 17.45 17.45 
2016/10/12 17.30 17.70 17.20 17.20 
2016/10/13 17.10 17.15 16.95 16.95 
2016/10/14 17.85 17.85 16.90 17.00 
2016/10/17 17.00 17.00 16.65 16.65 
2016/10/19 16.65 16.90 16.65 16.90 
2016/10/20 16.90 16.90 16.75 16.90 
2016/10/21 17.15 17.15 17.15 17.15 
2016/10/24 16.80 17.00 16.70 16.70 
2016/10/25 16.80 16.80 16.80 16.80 
2016/10/26 16.65 16.65 16.65 16.65 
2016/10/27 16.35 17.00 16.35 17.00 
2016/10/28 17.00 17.00 17.00 17.00 
2016/10/31 17.00 17.00 17.00 17.00 
2016/11/02 17.00 17.00 16.70 16.95 
2016/11/03 16.65 16.80 16.65 16.80 
2016/11/04 16.80 16.80 16.80 16.80 
2016/11/08 16.80 16.95 16.60 16.95 
2016/11/09 16.50 16.80 16.50 16.80 
2016/11/10 16.85 17.80 16.70 16.90 
2016/11/11 16.90 16.90 16.90 16.90 
2016/11/14 16.60 16.65 16.50 16.65 
2016/11/15 16.65 16.65 16.60 16.65 
2016/11/16 16.65 16.85 16.65 16.80 
2016/11/17 16.80 17.20 16.80 17.20 
2016/11/18 16.70 16.80 16.70 16.75 
2016/11/21 16.60 16.85 16.60 16.85 
2016/11/22 16.95 17.05 16.95 17.05 
2016/11/23 16.80 16.80 16.60 16.75 
2016/11/24 16.85 16.85 16.85 16.85 
2016/11/25 16.85 16.85 16.65 16.75 
2016/11/28 16.60 16.80 16.55 16.55 
2016/11/29 16.55 16.65 16.55 16.65 
2016/11/30 16.60 16.60 16.60 16.60 
2016/12/01 16.50 16.70 16.50 16.70 
2016/12/02 16.50 16.70 16.50 16.70 
2016/12/05 16.55 16.75 16.50 16.75 
2016/12/06 16.50 16.70 16.50 16.70 
2016/12/07 16.70 16.70 16.50 16.70 
2016/12/08 16.70 16.70 16.70 16.70 
2016/12/09 16.50 16.65 16.50 16.65 
2016/12/12 16.70 16.70 16.00 16.00 
2016/12/13 16.00 16.00 15.90 15.90 
2016/12/14 15.90 15.90 15.90 15.90 
2016/12/15 15.70 15.70 15.35 15.45 
2016/12/16 15.20 15.40 14.80 15.00 
2016/12/19 15.10 15.25 15.00 15.00 
2016/12/20 15.00 15.00 14.95 14.95 
2016/12/21 15.05 15.05 15.00 15.00 
2016/12/22 15.00 15.40 14.75 15.10 
2016/12/23 15.05 15.10 14.90 15.00 
2016/12/26 15.00 15.00 14.90 14.90 
2016/12/27 14.90 15.00 14.85 14.90 
2016/12/28 14.95 14.95 14.90 14.95 
2016/12/29 14.85 14.85 14.85 14.85 
2016/12/30 14.85 14.90 14.80 14.85 
2017/01/03 14.80 14.90 14.75 14.90 
2017/01/04 14.80 14.80 14.50 14.55 
2017/01/05 14.65 14.75 14.60 14.65 
2017/01/06 14.90 14.90 14.75 14.75 
2017/01/09 14.85 14.85 14.85 14.85 
2017/01/11 14.70 14.75 14.50 14.65 
2017/01/12 14.60 14.70 14.55 14.55 
2017/01/13 14.60 14.60 14.50 14.50 
2017/01/16 14.60 14.80 14.60 14.80 
2017/01/17 14.80 15.25 14.80 15.15 
2017/01/18 15.15 15.30 15.10 15.15 
2017/01/20 15.10 15.10 15.10 15.10 
2017/01/23 14.85 15.80 14.85 15.50 
2017/01/24 15.50 15.50 15.50 15.50 
2017/02/02 15.50 15.50 15.30 15.30 
2017/02/03 15.10 15.15 15.00 15.00 
2017/02/06 15.10 15.10 15.00 15.00 
2017/02/07 15.00 15.00 14.90 14.95 
2017/02/08 14.95 14.95 14.70 14.75 
