2016/07/01 21.90 22.45 21.85 22.45 
2016/07/04 21.90 22.40 21.90 22.40 
2016/07/05 22.30 22.30 22.05 22.20 
2016/07/06 22.20 22.20 21.90 22.05 
2016/07/07 22.05 22.20 22.05 22.20 
2016/07/11 22.20 22.20 22.20 22.20 
2016/07/12 21.60 22.10 21.40 21.70 
2016/07/13 21.65 21.70 21.65 21.70 
2016/07/14 21.60 21.60 21.40 21.40 
2016/07/15 21.50 21.50 21.40 21.40 
2016/07/18 21.40 21.75 21.40 21.40 
2016/07/19 21.40 21.40 21.35 21.40 
2016/07/20 21.40 21.40 21.40 21.40 
2016/07/21 21.15 21.80 21.15 21.80 
2016/07/22 21.35 21.60 21.30 21.60 
2016/07/25 21.55 21.55 21.40 21.40 
2016/07/26 21.30 21.85 21.30 21.85 
2016/07/27 21.90 21.90 21.70 21.70 
2016/07/28 21.85 21.90 21.70 21.90 
2016/08/01 21.60 21.60 21.45 21.45 
2016/08/02 21.55 21.60 21.50 21.60 
2016/08/03 21.70 21.70 21.45 21.45 
2016/08/04 21.45 22.20 21.45 22.20 
2016/08/05 21.70 21.80 21.50 21.50 
2016/08/08 21.75 21.80 21.50 21.50 
2016/08/09 21.55 21.55 21.40 21.55 
2016/08/10 21.55 21.95 21.55 21.95 
2016/08/11 21.65 21.70 21.55 21.70 
2016/08/12 21.70 21.85 21.70 21.70 
2016/08/15 21.70 22.05 21.70 22.00 
2016/08/16 22.00 22.65 22.00 22.60 
2016/08/17 22.45 22.50 22.45 22.45 
2016/08/18 22.60 23.00 22.60 22.60 
2016/08/19 22.05 22.50 22.05 22.50 
2016/08/22 22.50 22.55 22.50 22.50 
2016/08/23 22.60 23.25 22.60 22.80 
2016/08/24 23.00 24.05 23.00 24.00 
2016/08/25 24.00 25.85 24.00 24.90 
2016/08/26 25.00 27.35 25.00 27.00 
2016/08/29 27.90 29.30 27.00 27.80 
2016/08/30 28.80 29.95 28.60 28.90 
2016/08/31 30.10 31.75 30.10 31.75 
2016/09/01 32.50 32.55 28.60 29.50 
2016/09/02 29.30 30.00 28.00 29.05 
2016/09/05 28.50 29.45 28.50 29.30 
2016/09/06 30.30 30.30 29.50 29.50 
2016/09/07 29.65 31.75 29.50 30.40 
2016/09/08 30.95 31.90 29.05 29.15 
2016/09/09 29.20 29.50 28.90 28.90 
2016/09/10 28.00 28.40 28.00 28.40 
2016/09/12 27.95 28.50 27.95 28.00 
2016/09/13 27.80 28.10 27.80 27.95 
2016/09/14 27.50 27.80 27.50 27.60 
2016/09/19 27.60 30.35 27.60 28.55 
2016/09/20 28.55 29.85 28.55 28.75 
2016/09/21 28.90 29.30 28.90 28.90 
2016/09/22 29.00 29.80 29.00 29.35 
2016/09/23 29.15 29.55 29.15 29.55 
2016/09/26 28.95 29.25 28.85 28.85 
2016/09/29 29.05 29.05 28.85 28.85 
2016/09/30 28.60 31.50 28.60 29.50 
2016/10/03 31.25 32.05 29.85 30.00 
2016/10/04 30.00 30.95 30.00 30.05 
2016/10/05 30.85 30.90 29.60 29.90 
2016/10/06 30.00 30.00 29.90 29.90 
2016/10/07 29.60 29.90 29.60 29.70 
2016/10/11 29.70 29.75 29.55 29.55 
2016/10/12 29.55 29.85 29.55 29.75 
2016/10/13 29.80 30.05 29.80 29.80 
2016/10/14 29.90 29.90 29.80 29.85 
2016/10/17 30.00 32.15 29.95 32.15 
2016/10/18 33.00 34.60 32.40 34.00 
2016/10/19 35.20 35.25 33.90 34.05 
2016/10/20 34.20 34.45 34.10 34.35 
2016/10/21 34.35 34.35 32.60 33.70 
2016/10/24 33.70 35.10 33.60 35.10 
2016/10/25 35.10 38.60 35.00 35.80 
2016/10/26 35.80 37.60 35.80 36.25 
2016/10/27 37.00 37.00 35.20 35.20 
2016/10/28 35.20 36.25 35.20 35.95 
2016/10/31 36.00 36.20 35.80 35.95 
2016/11/01 36.00 36.50 36.00 36.20 
2016/11/02 36.30 37.45 36.30 36.60 
2016/11/03 36.60 37.60 36.60 37.50 
2016/11/04 37.80 38.20 37.10 37.50 
2016/11/07 37.50 40.10 37.30 39.45 
2016/11/08 39.75 40.80 39.30 39.60 
2016/11/09 39.65 40.35 37.00 37.50 
2016/11/10 38.00 40.05 38.00 40.00 
2016/11/11 40.00 40.00 39.55 39.60 
2016/11/14 39.60 40.75 39.60 40.20 
2016/11/15 40.10 40.10 39.30 39.60 
2016/11/16 39.50 39.90 39.40 39.70 
2016/11/17 39.70 40.00 38.50 38.50 
2016/11/18 38.80 38.85 37.80 38.00 
2016/11/21 37.90 38.10 37.50 37.80 
2016/11/22 37.80 38.10 37.45 37.90 
2016/11/23 37.90 38.15 37.55 37.80 
2016/11/24 37.50 39.00 37.50 39.00 
2016/11/25 39.50 42.90 39.50 42.90 
2016/11/28 42.90 46.50 42.90 46.35 
2016/11/29 49.40 50.90 48.10 50.90 
2016/11/30 53.70 54.30 51.70 51.70 
2016/12/01 50.10 50.50 47.15 47.15 
2016/12/02 46.00 48.35 45.45 48.00 
2016/12/05 48.25 52.10 48.25 51.20 
2016/12/06 50.50 52.50 50.10 51.00 
2016/12/07 50.30 53.80 50.30 50.50 
2016/12/08 51.00 51.20 49.00 49.00 
2016/12/09 48.45 51.30 48.45 50.50 
2016/12/12 50.00 50.40 48.00 50.00 
2016/12/13 48.30 49.40 46.00 46.00 
2016/12/14 45.50 47.70 45.40 47.15 
2016/12/15 45.80 47.90 45.80 47.25 
2016/12/16 47.90 49.40 47.90 48.95 
2016/12/19 50.30 50.70 48.05 48.05 
2016/12/20 47.95 48.00 46.10 46.55 
2016/12/21 46.90 46.90 45.00 45.00 
2016/12/22 44.70 44.90 40.70 42.10 
2016/12/23 42.55 43.15 42.05 42.10 
2016/12/26 42.40 45.50 42.30 44.00 
2016/12/27 45.20 45.20 44.00 44.35 
2016/12/28 45.05 46.00 44.60 44.60 
2016/12/29 44.60 45.10 41.55 41.55 
2016/12/30 42.00 42.00 40.00 41.55 
2017/01/03 41.00 41.00 38.80 38.80 
2017/01/04 38.45 40.00 38.45 38.70 
2017/01/05 39.00 39.20 36.50 37.50 
2017/01/06 38.15 39.00 37.95 38.55 
2017/01/09 38.65 38.70 38.00 38.50 
2017/01/10 38.80 39.30 38.50 38.90 
2017/01/11 39.15 39.75 38.80 38.95 
2017/01/12 38.95 40.30 38.90 40.00 
2017/01/13 40.10 40.90 39.90 40.10 
2017/01/16 40.15 40.90 39.75 40.45 
2017/01/17 40.45 40.45 39.80 40.25 
2017/01/18 40.35 40.50 40.00 40.10 
2017/01/19 40.15 40.15 39.50 39.50 
2017/01/20 39.95 39.95 37.70 37.70 
2017/01/23 38.30 38.30 35.25 35.85 
2017/01/24 35.65 35.65 32.80 33.25 
2017/02/02 33.80 36.55 33.70 36.55 
2017/02/03 37.00 38.95 35.00 35.10 
2017/02/06 34.60 35.50 34.60 35.05 
2017/02/07 35.10 35.30 34.85 34.85 
2017/02/08 34.40 34.90 34.40 34.80 
