2016/07/01 8.52 8.66 8.50 8.62 
2016/07/04 8.68 9.09 8.68 8.84 
2016/07/05 8.84 8.95 8.81 8.84 
2016/07/06 8.80 8.81 8.60 8.80 
2016/07/07 9.58 9.58 8.90 9.03 
2016/07/11 9.25 9.25 9.04 9.07 
2016/07/12 9.07 9.19 8.98 9.11 
2016/07/13 9.15 9.38 9.02 9.14 
2016/07/14 9.15 9.48 9.15 9.43 
2016/07/15 9.45 9.55 9.31 9.32 
2016/07/18 9.34 9.38 9.26 9.26 
2016/07/19 9.33 9.48 9.15 9.35 
2016/07/20 9.39 9.44 9.30 9.38 
2016/07/21 9.35 9.46 9.34 9.38 
2016/07/22 9.38 9.45 9.27 9.39 
2016/07/25 9.30 9.30 9.10 9.18 
2016/07/26 9.18 9.36 9.18 9.36 
2016/07/27 9.25 9.38 9.25 9.33 
2016/07/28 9.30 9.35 9.25 9.35 
2016/07/29 9.35 9.60 9.27 9.35 
2016/08/01 9.35 9.42 9.32 9.38 
2016/08/02 9.30 9.60 9.30 9.50 
2016/08/03 9.50 9.55 9.36 9.46 
2016/08/04 9.46 9.46 9.30 9.40 
2016/08/05 9.42 9.44 9.35 9.41 
2016/08/08 9.36 9.42 9.32 9.41 
2016/08/09 9.41 9.48 9.34 9.38 
2016/08/10 9.40 9.43 9.37 9.38 
2016/08/11 9.39 9.42 9.11 9.31 
2016/08/12 9.41 9.41 9.22 9.25 
2016/08/15 9.23 9.26 9.10 9.12 
2016/08/16 9.10 9.28 9.10 9.25 
2016/08/17 9.25 9.28 9.20 9.26 
2016/08/18 9.21 9.44 9.21 9.43 
2016/08/19 9.43 9.45 9.32 9.44 
2016/08/22 9.31 9.40 9.31 9.40 
2016/08/23 9.32 9.39 9.32 9.39 
2016/08/24 9.39 9.39 9.30 9.39 
2016/08/25 9.23 9.28 9.20 9.28 
2016/08/26 9.28 9.30 9.22 9.29 
2016/08/29 9.27 9.31 9.16 9.31 
2016/08/30 9.18 9.28 9.18 9.28 
2016/08/31 9.22 9.27 9.20 9.27 
2016/09/01 9.17 9.17 9.10 9.16 
2016/09/02 9.10 9.31 9.10 9.27 
2016/09/05 9.27 9.27 9.20 9.26 
2016/09/06 9.26 9.29 9.25 9.26 
2016/09/07 9.29 9.37 9.29 9.37 
2016/09/08 9.30 9.30 9.30 9.30 
2016/09/09 9.30 9.44 9.30 9.39 
2016/09/10 9.49 9.49 9.40 9.47 
2016/09/12 9.46 9.46 9.39 9.45 
2016/09/13 9.45 9.47 9.30 9.45 
2016/09/14 9.31 9.42 9.31 9.42 
2016/09/19 9.42 9.44 9.42 9.44 
2016/09/20 9.55 9.55 9.44 9.44 
2016/09/21 9.38 9.43 9.38 9.38 
2016/09/22 9.38 9.44 9.38 9.39 
2016/09/23 9.42 9.45 9.40 9.40 
2016/09/26 9.36 9.36 9.22 9.23 
2016/09/29 9.22 9.38 9.22 9.36 
2016/09/30 9.30 9.42 9.30 9.40 
2016/10/03 9.40 9.40 9.32 9.32 
2016/10/04 9.38 9.42 9.38 9.42 
2016/10/05 9.37 9.41 9.37 9.41 
2016/10/06 9.23 9.40 9.23 9.38 
2016/10/07 9.38 9.40 9.38 9.38 
2016/10/11 9.40 9.42 9.38 9.41 
2016/10/12 9.30 9.42 9.30 9.41 
2016/10/13 9.33 9.44 9.33 9.41 
2016/10/14 9.40 9.40 9.36 9.39 
2016/10/17 9.38 9.39 9.38 9.39 
2016/10/18 9.45 9.45 9.12 9.33 
2016/10/19 9.34 9.39 9.30 9.37 
2016/10/20 9.38 9.98 9.36 9.68 
2016/10/21 9.70 9.78 9.65 9.69 
2016/10/24 9.72 9.72 9.45 9.68 
2016/10/25 9.70 9.70 9.52 9.69 
2016/10/26 9.58 9.89 9.58 9.85 
2016/10/27 9.89 9.93 9.76 9.79 
2016/10/28 9.85 9.87 9.71 9.74 
2016/10/31 9.84 9.85 9.70 9.82 
2016/11/01 9.88 9.88 9.75 9.75 
2016/11/02 9.77 9.77 9.61 9.61 
2016/11/03 9.65 9.95 9.55 9.61 
2016/11/04 9.62 9.70 9.62 9.64 
2016/11/07 9.64 9.88 9.60 9.70 
2016/11/08 10.00 10.05 9.80 9.97 
2016/11/09 9.99 10.00 9.70 9.80 
2016/11/10 9.95 10.30 9.95 10.10 
2016/11/11 10.00 10.10 9.75 10.10 
2016/11/14 10.00 10.10 9.88 10.00 
2016/11/15 10.00 10.50 10.00 10.20 
2016/11/16 10.10 10.20 9.93 9.97 
2016/11/17 9.92 9.95 9.75 9.89 
2016/11/18 9.89 9.94 9.80 9.90 
2016/11/21 9.83 9.89 9.72 9.87 
2016/11/22 9.90 9.98 9.85 9.94 
2016/11/23 10.05 10.20 9.86 9.87 
2016/11/24 9.90 10.15 9.88 10.00 
2016/11/25 9.93 10.05 9.91 10.00 
2016/11/28 9.94 10.15 9.94 10.05 
2016/11/29 9.85 10.05 9.85 10.00 
2016/11/30 10.10 10.10 9.89 10.00 
2016/12/01 9.93 9.99 9.90 9.90 
2016/12/02 9.90 9.94 9.80 9.80 
2016/12/05 9.82 9.95 9.76 9.76 
2016/12/06 9.92 9.93 9.82 9.82 
2016/12/07 9.97 10.05 9.89 10.05 
2016/12/08 10.15 10.20 9.96 9.97 
2016/12/09 10.10 10.10 9.95 10.05 
2016/12/12 10.00 10.05 9.96 10.05 
2016/12/13 10.05 10.10 9.97 9.97 
2016/12/14 9.97 10.05 9.95 9.98 
2016/12/15 10.05 10.05 9.94 10.00 
2016/12/16 10.05 10.15 10.00 10.05 
2016/12/19 10.05 10.05 9.90 10.05 
2016/12/20 9.93 10.00 9.91 9.96 
2016/12/21 9.92 10.05 9.86 10.00 
2016/12/22 10.05 10.05 9.90 9.91 
2016/12/23 9.94 9.97 9.84 9.88 
2016/12/26 9.67 9.95 9.67 9.85 
2016/12/27 9.88 9.96 9.75 9.94 
2016/12/28 9.98 9.98 9.88 9.95 
2016/12/29 9.82 9.95 9.80 9.92 
2016/12/30 9.94 10.00 9.88 9.99 
2017/01/03 9.99 9.99 9.99 9.99 
2017/01/04 9.82 9.97 9.82 9.97 
2017/01/05 9.89 9.94 9.85 9.93 
2017/01/06 9.88 10.00 9.88 10.00 
2017/01/09 10.00 10.00 9.90 9.92 
2017/01/10 9.93 9.95 9.91 9.95 
2017/01/11 10.00 10.00 9.95 9.99 
2017/01/12 10.05 10.05 9.95 9.99 
2017/01/13 9.97 9.99 9.96 9.96 
2017/01/16 9.89 9.96 9.89 9.96 
2017/01/17 9.95 9.96 9.91 9.96 
2017/01/18 9.93 9.99 9.93 9.99 
2017/01/19 10.00 10.20 9.92 9.98 
2017/01/20 9.99 10.00 9.95 9.95 
2017/01/23 9.90 9.98 9.86 9.98 
2017/01/24 9.92 9.94 9.89 9.94 
2017/02/02 9.87 10.00 9.87 10.00 
2017/02/03 10.00 10.05 9.94 10.00 
2017/02/06 10.00 10.00 9.91 9.97 
2017/02/07 10.05 10.05 9.98 9.98 
2017/02/08 9.97 9.98 9.90 9.95 
