2016/07/01 78.40 79.20 78.00 79.00 
2016/07/04 79.00 79.00 78.00 78.30 
2016/07/05 80.00 80.00 78.00 78.30 
2016/07/06 78.50 78.50 75.90 76.50 
2016/07/07 76.50 76.50 76.40 76.40 
2016/07/11 76.60 76.60 75.10 76.50 
2016/07/12 76.50 77.00 76.50 76.70 
2016/07/13 76.20 76.20 75.50 75.90 
2016/07/14 74.00 75.80 73.80 75.50 
2016/07/15 75.50 75.50 74.60 74.80 
2016/07/18 75.10 76.00 74.80 76.00 
2016/07/19 76.00 76.90 76.00 76.00 
2016/07/20 78.00 78.90 76.00 76.00 
2016/07/21 74.60 76.30 74.60 76.30 
2016/07/22 76.00 76.00 75.30 75.30 
2016/07/25 75.40 76.00 74.80 76.00 
2016/07/26 77.50 77.90 76.60 77.00 
2016/07/27 76.40 76.40 76.20 76.20 
2016/07/28 75.00 75.80 75.00 75.80 
2016/07/29 75.50 77.00 75.30 77.00 
2016/08/01 74.00 76.80 74.00 76.80 
2016/08/03 76.80 76.80 75.00 75.90 
2016/08/04 75.00 75.90 74.70 74.80 
2016/08/05 74.80 76.00 74.70 76.00 
2016/08/08 76.10 76.10 75.50 75.50 
2016/08/09 75.50 75.50 73.50 74.40 
2016/08/10 75.00 75.00 73.50 73.50 
2016/08/11 71.80 71.80 69.00 69.40 
2016/08/12 69.50 69.50 69.30 69.50 
2016/08/15 69.00 69.00 66.20 67.40 
2016/08/16 63.00 67.50 60.70 67.50 
2016/08/17 67.50 67.90 63.20 65.00 
2016/08/18 62.10 64.90 62.10 64.80 
2016/08/19 64.80 65.00 63.20 63.20 
2016/08/22 63.50 63.50 63.00 63.20 
2016/08/23 63.20 63.20 61.00 63.10 
2016/08/24 61.00 61.20 60.90 61.00 
2016/08/25 61.60 62.60 61.00 61.90 
2016/08/26 60.90 62.40 60.90 62.40 
2016/08/29 62.40 62.50 62.40 62.40 
2016/08/30 61.90 63.30 61.90 63.30 
2016/08/31 62.10 62.10 62.10 62.10 
2016/09/01 62.10 64.20 62.10 64.10 
2016/09/02 64.50 64.50 63.50 63.50 
2016/09/05 63.90 64.00 63.50 63.50 
2016/09/06 63.10 63.20 61.10 61.10 
2016/09/07 61.10 61.70 60.80 61.20 
2016/09/08 61.30 61.90 61.00 61.00 
2016/09/09 61.30 62.90 61.30 62.90 
2016/09/10 61.00 61.30 61.00 61.30 
2016/09/12 61.00 61.30 61.00 61.30 
2016/09/13 62.40 62.40 61.70 61.70 
2016/09/14 58.60 60.10 58.50 60.10 
2016/09/19 57.40 59.70 57.40 59.40 
2016/09/20 57.40 59.00 57.40 58.80 
2016/09/21 58.50 59.50 58.40 59.50 
2016/09/22 61.00 61.50 61.00 61.50 
2016/09/23 60.20 62.00 60.20 61.90 
2016/09/26 60.90 60.90 60.50 60.50 
2016/09/29 60.50 60.50 60.20 60.30 
2016/09/30 60.30 62.80 60.30 62.80 
2016/10/03 62.00 62.50 62.00 62.40 
2016/10/04 62.70 67.00 62.70 67.00 
2016/10/05 67.00 69.30 66.30 69.00 
2016/10/06 72.80 72.90 69.00 70.00 
2016/10/07 69.00 69.20 68.30 68.60 
2016/10/11 71.40 71.40 69.50 69.50 
2016/10/12 67.30 69.00 67.30 69.00 
2016/10/13 69.00 70.00 69.00 69.00 
2016/10/14 67.60 67.60 67.00 67.10 
2016/10/17 68.80 68.80 67.50 67.50 
2016/10/18 67.50 68.00 67.50 67.50 
2016/10/19 67.50 68.20 67.50 68.20 
2016/10/21 65.10 67.00 65.10 65.30 
2016/10/24 65.30 67.50 65.30 67.50 
2016/10/25 67.50 68.20 67.50 68.20 
2016/10/26 68.00 68.00 67.90 67.90 
2016/10/27 67.50 68.50 67.50 68.50 
2016/10/31 65.70 65.70 65.70 65.70 
2016/11/01 65.70 68.00 65.70 68.00 
2016/11/02 63.30 66.00 63.30 66.00 
2016/11/03 64.60 65.60 64.50 64.50 
2016/11/04 66.00 66.00 66.00 66.00 
2016/11/07 66.00 66.00 66.00 66.00 
2016/11/08 66.00 66.00 62.00 64.00 
2016/11/09 62.00 62.00 58.20 60.00 
2016/11/10 60.00 60.50 59.00 59.00 
2016/11/11 58.00 58.00 57.80 58.00 
2016/11/14 58.00 58.00 58.00 58.00 
2016/11/15 58.00 58.00 58.00 58.00 
2016/11/16 58.10 60.00 58.00 58.00 
2016/11/17 58.00 58.00 58.00 58.00 
2016/11/18 59.90 63.80 59.90 62.00 
2016/11/21 61.20 63.20 60.00 60.00 
2016/11/22 59.50 59.50 59.00 59.00 
2016/11/23 59.00 59.00 58.60 58.60 
2016/11/24 58.60 58.60 58.60 58.60 
2016/11/25 57.50 59.10 57.50 58.70 
2016/11/28 63.10 63.80 61.50 62.40 
2016/11/29 62.00 62.00 60.00 60.00 
2016/11/30 61.90 61.90 60.00 60.00 
2016/12/02 59.30 59.30 59.30 59.30 
2016/12/05 60.00 60.70 59.40 60.00 
2016/12/06 60.00 60.00 59.50 59.90 
2016/12/07 59.00 60.10 59.00 60.10 
2016/12/08 58.50 59.40 58.50 59.20 
2016/12/09 59.20 59.20 58.80 58.80 
2016/12/12 58.60 58.60 58.30 58.30 
2016/12/13 58.40 58.90 57.00 58.90 
2016/12/14 58.60 59.00 58.00 58.50 
2016/12/15 58.00 58.50 57.20 58.00 
2016/12/16 58.00 58.80 58.00 58.00 
2016/12/19 58.00 59.00 57.50 58.90 
2016/12/20 58.90 59.60 58.90 59.00 
2016/12/21 59.50 60.50 59.00 59.50 
2016/12/22 59.50 59.60 59.00 59.00 
2016/12/23 61.00 64.90 61.00 64.90 
2016/12/26 67.00 70.10 65.00 68.20 
2016/12/27 67.90 69.90 63.10 69.50 
2016/12/28 70.60 71.90 68.00 71.30 
2016/12/29 68.20 70.00 68.20 70.00 
2016/12/30 70.00 70.60 68.20 70.00 
2017/01/03 67.00 67.00 67.00 67.00 
2017/01/04 67.20 67.50 67.20 67.20 
2017/01/05 67.30 68.00 67.30 68.00 
2017/01/06 65.30 67.50 65.30 67.50 
2017/01/09 67.00 69.00 66.20 69.00 
2017/01/11 67.00 67.00 66.60 66.60 
2017/01/12 67.20 68.50 66.80 67.80 
2017/01/13 67.80 67.80 66.50 66.70 
2017/01/16 66.70 66.80 66.70 66.70 
2017/01/17 67.00 67.00 66.50 67.00 
2017/01/18 65.10 66.50 64.20 66.50 
2017/01/19 66.60 66.90 64.70 66.90 
2017/01/20 66.90 67.00 65.60 67.00 
2017/01/23 67.40 69.00 66.80 67.50 
2017/01/24 69.00 70.00 68.50 69.00 
2017/02/02 70.00 70.00 69.00 69.00 
2017/02/03 69.00 70.20 69.00 70.00 
2017/02/06 70.00 70.00 69.00 70.00 
2017/02/07 72.80 72.80 69.80 72.20 
2017/02/08 72.20 72.80 70.50 72.80 
