2016/07/01 36.50 37.00 36.05 37.00 
2016/07/04 37.40 37.90 37.30 37.70 
2016/07/05 37.80 37.85 37.35 37.60 
2016/07/06 37.45 37.45 36.75 37.00 
2016/07/07 37.25 37.25 36.65 36.90 
2016/07/11 37.20 37.30 36.70 36.85 
2016/07/12 36.85 37.10 36.85 37.05 
2016/07/13 37.05 37.05 36.35 36.50 
2016/07/14 36.25 37.00 36.25 36.60 
2016/07/15 37.60 38.10 37.40 37.45 
2016/07/18 37.70 38.25 37.40 37.85 
2016/07/19 38.00 38.10 37.55 38.00 
2016/07/20 37.70 37.95 37.35 37.60 
2016/07/21 37.75 38.15 37.60 37.75 
2016/07/22 38.00 38.20 37.85 37.90 
2016/07/25 37.95 40.80 37.90 40.80 
2016/07/26 40.75 41.10 40.15 40.35 
2016/07/27 40.50 40.80 39.30 39.55 
2016/07/28 39.70 40.20 39.40 39.50 
2016/07/29 40.00 40.00 38.00 38.30 
2016/08/01 38.60 39.25 38.50 38.85 
2016/08/02 38.95 39.25 38.40 38.75 
2016/08/03 38.70 39.65 38.20 39.10 
2016/08/04 39.40 39.60 38.90 39.30 
2016/08/05 39.30 39.50 38.95 39.00 
2016/08/08 39.30 39.30 38.85 39.00 
2016/08/09 39.05 39.15 38.25 38.30 
2016/08/10 38.30 38.65 37.35 37.40 
2016/08/11 37.30 37.60 36.60 37.40 
2016/08/12 37.80 37.80 37.10 37.10 
2016/08/15 37.10 37.40 37.00 37.30 
2016/08/16 37.50 37.90 37.50 37.65 
2016/08/17 38.05 38.05 37.70 38.00 
2016/08/18 37.95 39.60 37.95 39.50 
2016/08/19 39.50 39.50 38.35 38.35 
2016/08/22 38.50 38.95 38.30 38.45 
2016/08/23 38.90 38.90 38.30 38.35 
2016/08/24 38.40 38.85 38.40 38.40 
2016/08/25 38.45 38.80 38.15 38.25 
2016/08/26 38.30 38.30 37.80 37.80 
2016/08/29 37.80 38.05 37.45 37.75 
2016/08/30 37.95 38.10 37.75 37.95 
2016/08/31 37.85 38.00 37.50 37.60 
2016/09/01 37.70 37.75 37.50 37.60 
2016/09/02 37.50 37.60 36.80 36.95 
2016/09/05 36.95 37.05 36.50 36.75 
2016/09/06 36.75 37.45 36.75 37.40 
2016/09/07 37.65 37.65 37.15 37.50 
2016/09/08 37.50 38.15 37.50 38.00 
2016/09/09 37.70 38.15 37.60 38.10 
2016/09/10 37.70 37.90 37.50 37.65 
2016/09/12 37.75 37.95 37.50 37.55 
2016/09/13 37.55 37.65 36.85 36.90 
2016/09/14 36.65 37.00 36.55 36.80 
2016/09/19 37.00 37.90 37.00 37.70 
2016/09/20 37.50 38.00 37.50 38.00 
2016/09/21 38.45 39.80 38.45 39.45 
2016/09/22 39.75 39.75 38.55 38.85 
2016/09/23 39.15 39.35 38.75 39.20 
2016/09/26 39.20 39.25 38.85 38.90 
2016/09/29 39.00 39.00 38.30 38.45 
2016/09/30 38.20 38.40 38.20 38.30 
2016/10/03 38.10 38.60 38.10 38.20 
2016/10/04 38.30 38.70 38.10 38.10 
2016/10/05 38.20 39.25 38.20 39.00 
2016/10/06 38.80 38.90 38.45 38.65 
2016/10/07 38.60 38.65 37.75 37.75 
2016/10/11 38.00 38.05 35.50 36.10 
2016/10/12 36.10 36.30 35.85 36.15 
2016/10/13 36.05 36.40 35.60 35.75 
2016/10/14 35.75 36.35 34.95 35.00 
2016/10/17 35.30 35.50 35.00 35.45 
2016/10/18 35.50 35.75 35.00 35.10 
2016/10/19 35.20 35.60 35.20 35.30 
2016/10/20 35.35 35.80 35.35 35.60 
2016/10/21 35.60 35.90 35.30 35.60 
2016/10/24 35.65 35.95 35.60 35.80 
2016/10/25 35.80 35.85 35.70 35.70 
2016/10/26 35.55 35.85 35.40 35.65 
2016/10/27 36.00 36.20 35.90 36.05 
2016/10/28 36.00 36.10 35.80 35.95 
2016/10/31 35.80 35.95 35.55 35.60 
2016/11/01 35.40 35.70 35.40 35.50 
2016/11/02 35.45 35.45 34.60 34.60 
2016/11/03 34.30 34.40 33.65 33.90 
2016/11/04 33.55 34.35 33.55 33.90 
2016/11/07 34.20 34.50 34.00 34.05 
2016/11/08 34.20 34.40 33.75 33.95 
2016/11/09 33.95 34.00 31.90 32.15 
2016/11/10 32.75 33.75 32.75 33.50 
2016/11/11 34.00 34.00 33.10 33.50 
2016/11/14 33.00 33.85 33.00 33.65 
2016/11/15 33.85 33.85 33.55 33.70 
2016/11/16 33.70 34.40 33.70 34.10 
2016/11/17 34.10 34.15 33.75 34.15 
2016/11/18 34.30 34.55 34.00 34.45 
2016/11/21 34.45 34.45 34.10 34.40 
2016/11/22 34.50 34.60 34.20 34.30 
2016/11/23 34.30 34.60 34.30 34.40 
2016/11/24 34.60 34.60 34.15 34.20 
2016/11/25 34.75 35.00 34.50 34.50 
2016/11/28 34.40 34.60 34.30 34.35 
2016/11/29 34.35 34.70 33.80 33.90 
2016/11/30 34.30 34.30 33.65 33.65 
2016/12/01 34.00 34.05 33.65 33.90 
2016/12/02 33.95 33.95 33.55 33.65 
2016/12/05 33.95 34.45 33.50 34.35 
2016/12/06 34.40 34.65 34.25 34.65 
2016/12/07 34.70 34.70 34.45 34.50 
2016/12/08 34.60 35.15 34.60 34.95 
2016/12/09 35.10 35.45 35.10 35.40 
2016/12/12 35.45 36.20 35.45 36.05 
2016/12/13 36.20 36.50 36.00 36.10 
2016/12/14 36.10 36.75 36.10 36.55 
2016/12/15 36.80 37.30 36.60 37.20 
2016/12/16 37.70 38.00 37.50 37.55 
2016/12/19 37.80 37.80 36.55 36.65 
2016/12/20 36.65 37.00 36.20 36.80 
2016/12/21 36.60 37.15 36.60 36.95 
2016/12/22 37.25 37.25 36.85 36.85 
2016/12/23 36.85 37.15 36.75 36.80 
2016/12/26 36.80 37.05 36.70 36.80 
2016/12/27 36.80 36.85 36.65 36.70 
2016/12/28 36.70 37.45 36.70 37.35 
2016/12/29 37.25 37.75 37.15 37.55 
2016/12/30 37.70 37.80 37.55 37.70 
2017/01/03 38.75 38.95 38.00 38.35 
2017/01/04 38.50 39.20 38.50 38.65 
2017/01/05 39.40 39.45 38.65 39.10 
2017/01/06 39.20 39.50 39.10 39.15 
2017/01/09 39.15 39.60 38.95 39.05 
2017/01/10 39.15 39.50 38.90 38.90 
2017/01/11 38.90 39.20 38.80 39.00 
2017/01/12 39.60 40.95 39.50 40.60 
2017/01/13 41.35 41.65 40.50 40.60 
2017/01/16 41.00 41.30 40.20 40.25 
2017/01/17 40.45 41.00 40.40 40.45 
2017/01/18 40.40 41.95 40.40 41.65 
2017/01/19 41.50 41.80 40.55 40.60 
2017/01/20 40.20 40.75 40.15 40.40 
2017/01/23 40.70 41.35 40.60 40.95 
2017/01/24 40.65 41.25 40.50 40.95 
2017/02/02 41.20 41.70 40.95 41.40 
2017/02/03 41.70 41.80 41.10 41.45 
2017/02/06 41.45 41.60 41.15 41.25 
2017/02/07 41.30 41.50 41.00 41.10 
2017/02/08 41.10 41.30 40.45 40.45 
