2016/07/01 29.60 29.60 29.20 29.30 
2016/07/04 29.40 30.15 29.40 29.70 
2016/07/05 28.70 28.80 28.40 28.40 
2016/07/06 28.40 28.40 27.85 27.90 
2016/07/07 28.20 28.35 28.05 28.10 
2016/07/11 28.50 28.95 28.45 28.45 
2016/07/12 28.30 28.30 27.80 27.85 
2016/07/13 28.00 29.45 27.90 29.45 
2016/07/14 29.45 29.60 29.15 29.45 
2016/07/15 29.45 29.55 29.15 29.45 
2016/07/18 29.70 30.15 29.40 29.40 
2016/07/19 29.45 29.75 29.20 29.50 
2016/07/20 29.35 30.00 29.35 29.70 
2016/07/21 29.85 30.85 29.80 30.55 
2016/07/22 30.60 30.60 29.80 29.85 
2016/07/25 29.80 30.00 28.60 28.80 
2016/07/26 28.85 29.25 28.85 29.20 
2016/07/27 29.40 29.80 29.20 29.20 
2016/07/28 29.30 29.45 29.10 29.10 
2016/07/29 29.10 29.45 29.10 29.40 
2016/08/01 29.50 30.10 29.40 30.10 
2016/08/02 30.15 30.45 29.80 30.30 
2016/08/03 30.00 30.00 29.75 29.85 
2016/08/04 29.85 30.10 29.55 29.80 
2016/08/05 30.00 30.15 29.75 29.85 
2016/08/08 30.10 30.20 29.70 29.70 
2016/08/09 29.70 30.15 29.25 30.10 
2016/08/10 30.00 30.25 29.60 29.60 
2016/08/11 29.95 30.50 29.70 30.25 
2016/08/12 30.50 31.55 30.20 30.20 
2016/08/15 30.00 30.15 29.50 29.65 
2016/08/16 29.70 29.95 29.65 29.65 
2016/08/17 29.80 29.90 29.50 29.65 
2016/08/18 29.65 29.90 29.65 29.80 
2016/08/19 29.90 30.60 29.90 29.95 
2016/08/22 29.90 29.95 29.35 29.40 
2016/08/23 29.40 29.60 29.40 29.45 
2016/08/24 29.50 29.60 29.25 29.25 
2016/08/25 29.30 29.65 29.20 29.30 
2016/08/26 29.30 29.80 29.30 29.65 
2016/08/29 29.65 29.80 29.30 29.50 
2016/08/30 29.70 29.85 29.55 29.75 
2016/08/31 29.65 30.25 29.65 29.85 
2016/09/01 29.75 30.15 29.75 29.85 
2016/09/02 29.95 30.15 29.55 29.65 
2016/09/05 29.85 30.70 29.75 30.60 
2016/09/06 30.75 31.35 30.40 30.75 
2016/09/07 31.00 31.30 30.70 30.95 
2016/09/08 31.10 33.50 31.00 33.35 
2016/09/09 33.00 33.95 32.60 33.65 
2016/09/10 32.55 32.75 31.90 32.05 
2016/09/12 32.45 32.85 32.00 32.15 
2016/09/13 32.70 32.70 31.10 31.40 
2016/09/14 31.30 31.70 31.05 31.45 
2016/09/19 32.00 33.35 32.00 33.15 
2016/09/20 33.10 33.10 32.45 33.00 
2016/09/21 32.95 33.30 32.55 32.90 
2016/09/22 33.30 33.60 32.55 32.55 
2016/09/23 32.80 33.00 32.35 32.70 
2016/09/26 32.85 34.00 32.80 33.60 
2016/09/29 35.00 36.00 34.05 34.05 
2016/09/30 34.55 35.50 34.55 35.50 
2016/10/03 36.30 37.00 36.05 36.20 
2016/10/04 36.20 36.95 35.30 36.90 
2016/10/05 37.00 37.40 36.45 36.50 
2016/10/06 36.90 36.90 35.90 36.20 
2016/10/07 36.40 36.45 35.85 35.95 
2016/10/11 35.90 35.90 32.40 33.60 
2016/10/12 33.85 34.45 33.35 33.90 
2016/10/13 33.90 33.90 32.80 33.15 
2016/10/14 32.90 33.40 31.80 32.30 
2016/10/17 33.00 33.70 32.60 33.50 
2016/10/18 33.10 33.40 32.95 33.15 
2016/10/19 33.50 33.85 33.30 33.55 
2016/10/20 33.80 34.40 33.70 33.75 
2016/10/21 33.80 33.95 33.20 33.20 
2016/10/24 33.55 33.65 33.15 33.50 
2016/10/25 33.85 34.70 33.60 34.65 
2016/10/26 34.30 34.60 34.05 34.05 
2016/10/27 34.05 34.25 33.45 33.45 
2016/10/28 33.45 33.55 32.70 33.00 
2016/10/31 33.10 33.70 32.80 33.65 
2016/11/01 33.40 33.75 33.30 33.30 
2016/11/02 33.10 33.10 32.15 32.15 
2016/11/03 32.15 32.50 31.40 32.25 
2016/11/04 32.30 32.55 32.10 32.10 
2016/11/07 32.30 32.55 32.00 32.30 
2016/11/08 32.55 32.60 31.85 32.20 
2016/11/09 32.45 32.45 29.30 29.45 
2016/11/10 30.80 31.30 30.60 31.30 
2016/11/11 29.90 30.85 29.90 30.35 
2016/11/14 30.35 31.00 29.75 30.50 
2016/11/15 30.50 31.05 30.45 30.45 
2016/11/16 30.60 30.90 30.30 30.30 
2016/11/17 30.35 30.60 29.90 30.00 
2016/11/18 30.30 31.50 30.30 31.40 
2016/11/21 32.05 32.30 31.60 31.80 
2016/11/22 31.80 32.20 31.60 31.90 
2016/11/23 32.40 32.60 31.85 31.85 
2016/11/24 31.95 33.05 31.90 32.80 
2016/11/25 32.65 32.80 32.15 32.15 
2016/11/28 32.50 32.55 31.80 31.80 
2016/11/29 31.85 31.90 31.45 31.50 
2016/11/30 31.60 31.85 31.50 31.60 
2016/12/01 31.80 31.85 31.50 31.50 
2016/12/02 31.50 31.50 30.85 30.90 
2016/12/05 31.00 31.65 30.80 31.45 
2016/12/06 31.45 31.85 31.45 31.55 
2016/12/07 32.00 32.15 31.80 32.10 
2016/12/08 32.60 32.60 32.10 32.20 
2016/12/09 32.25 32.35 31.95 32.05 
2016/12/12 32.60 33.90 32.55 33.70 
2016/12/13 33.20 33.60 33.05 33.50 
2016/12/14 33.75 33.75 33.20 33.30 
2016/12/15 33.30 34.15 33.15 34.15 
2016/12/16 34.30 34.30 33.65 33.65 
2016/12/19 33.90 33.90 32.75 32.75 
2016/12/20 32.95 33.80 32.60 33.75 
2016/12/21 33.30 33.65 32.80 33.15 
2016/12/22 34.20 35.35 33.95 34.15 
2016/12/23 34.80 35.05 34.00 34.00 
2016/12/26 34.05 34.40 33.60 33.70 
2016/12/27 33.80 34.20 33.60 33.60 
2016/12/28 33.70 33.85 33.30 33.35 
2016/12/29 33.25 33.65 33.25 33.30 
2016/12/30 33.40 33.55 33.15 33.25 
2017/01/03 33.35 33.65 33.25 33.35 
2017/01/04 33.55 33.60 33.20 33.20 
2017/01/05 33.40 34.25 33.40 34.10 
2017/01/06 33.95 34.35 33.70 34.00 
2017/01/09 34.20 34.20 33.20 33.20 
2017/01/10 33.30 33.40 32.55 32.85 
2017/01/11 33.00 33.15 32.70 32.70 
2017/01/12 32.90 33.05 32.65 32.70 
2017/01/13 32.75 32.80 32.45 32.45 
2017/01/16 32.60 32.80 32.50 32.55 
2017/01/17 32.85 33.00 32.65 32.65 
2017/01/18 32.65 33.40 32.50 33.20 
2017/01/19 33.35 33.40 33.00 33.00 
2017/01/20 33.00 33.20 32.55 32.60 
2017/01/23 32.95 34.05 32.75 33.55 
2017/01/24 33.55 33.60 33.25 33.35 
2017/02/02 33.65 33.70 33.20 33.35 
2017/02/03 33.60 33.90 33.40 33.75 
2017/02/06 33.95 34.25 33.65 33.65 
2017/02/07 33.90 34.05 33.50 33.55 
2017/02/08 33.80 34.15 33.50 33.55 
