2016/07/01 46.95 47.40 46.70 47.20 
2016/07/04 47.30 47.45 47.10 47.40 
2016/07/05 47.40 47.50 47.20 47.50 
2016/07/06 47.55 47.65 47.20 47.35 
2016/07/07 47.35 47.75 47.30 47.55 
2016/07/11 47.80 48.05 47.70 48.00 
2016/07/12 48.00 49.35 48.00 49.20 
2016/07/13 49.20 49.70 49.20 49.70 
2016/07/14 49.50 50.50 49.30 50.00 
2016/07/15 50.20 50.40 49.80 49.95 
2016/07/18 50.00 50.10 49.95 49.95 
2016/07/19 50.00 50.30 49.95 50.10 
2016/07/20 50.00 50.10 49.80 50.00 
2016/07/21 50.10 50.50 50.00 50.00 
2016/07/22 50.10 50.30 49.80 49.80 
2016/07/25 47.25 47.50 46.80 47.05 
2016/07/26 47.05 47.15 46.75 47.05 
2016/07/27 47.05 47.35 47.05 47.30 
2016/07/28 47.35 47.85 47.30 47.70 
2016/07/29 47.90 47.90 47.55 47.85 
2016/08/01 47.85 49.45 47.50 49.15 
2016/08/02 49.20 49.80 48.80 49.60 
2016/08/03 49.00 49.25 48.80 48.90 
2016/08/04 49.20 49.30 48.80 48.90 
2016/08/05 48.90 49.30 48.75 49.05 
2016/08/08 49.30 49.50 48.90 49.05 
2016/08/09 49.05 49.20 48.00 48.00 
2016/08/10 48.20 48.55 48.10 48.40 
2016/08/11 48.55 48.70 48.05 48.60 
2016/08/12 48.20 49.70 48.20 49.10 
2016/08/15 47.50 47.65 46.95 47.00 
2016/08/16 47.00 47.10 46.65 47.10 
2016/08/17 46.70 47.10 46.65 47.10 
2016/08/18 47.10 47.25 47.00 47.20 
2016/08/19 47.30 47.30 46.95 46.95 
2016/08/22 46.95 47.00 46.35 47.00 
2016/08/23 47.00 47.05 46.85 47.00 
2016/08/24 47.45 47.45 46.65 46.85 
2016/08/25 46.60 47.15 46.60 46.90 
2016/08/26 47.30 47.30 46.75 46.90 
2016/08/29 46.90 46.90 46.50 46.85 
2016/08/30 46.90 46.90 46.65 46.90 
2016/08/31 46.30 46.90 46.30 46.90 
2016/09/01 46.85 46.85 46.50 46.70 
2016/09/02 46.70 46.70 46.45 46.70 
2016/09/05 46.70 46.70 46.35 46.50 
2016/09/06 46.40 47.05 46.40 46.90 
2016/09/07 46.90 47.05 46.85 47.00 
2016/09/08 47.10 47.10 46.75 46.85 
2016/09/09 46.80 46.80 46.65 46.65 
2016/09/10 46.00 46.20 46.00 46.15 
2016/09/12 46.00 47.30 45.90 46.90 
2016/09/13 46.90 46.90 45.75 45.95 
2016/09/14 45.80 45.95 45.10 45.10 
2016/09/19 45.20 45.70 45.20 45.70 
2016/09/20 45.90 46.10 45.70 45.95 
2016/09/21 45.50 46.50 45.50 46.50 
2016/09/22 46.50 46.55 46.00 46.20 
2016/09/23 46.20 46.25 46.05 46.25 
2016/09/26 46.20 46.20 45.50 45.60 
2016/09/29 45.80 45.80 45.60 45.60 
2016/09/30 45.60 45.60 45.20 45.45 
2016/10/03 45.65 45.65 45.45 45.55 
2016/10/04 45.90 46.05 45.65 46.00 
2016/10/05 46.00 46.10 45.70 46.00 
2016/10/06 46.00 46.25 45.80 46.15 
2016/10/07 45.80 46.15 45.80 46.10 
2016/10/11 45.90 46.30 45.80 46.05 
2016/10/12 45.25 46.30 45.20 45.75 
2016/10/13 45.45 45.80 45.45 45.70 
2016/10/14 45.50 45.65 45.30 45.40 
2016/10/17 45.30 45.45 45.30 45.30 
2016/10/18 45.35 45.65 45.00 45.35 
2016/10/19 45.35 45.45 45.00 45.10 
2016/10/20 45.10 45.60 45.10 45.25 
2016/10/21 45.60 45.60 45.05 45.40 
2016/10/24 45.30 45.55 45.25 45.55 
2016/10/25 45.55 45.60 45.25 45.35 
2016/10/26 45.50 45.50 45.15 45.40 
2016/10/27 45.40 45.80 45.05 45.75 
2016/10/28 45.70 45.75 45.20 45.25 
2016/10/31 45.25 45.50 45.05 45.05 
2016/11/01 45.35 45.35 45.00 45.10 
2016/11/02 45.00 45.35 44.50 44.65 
2016/11/03 44.65 44.65 44.30 44.45 
2016/11/04 44.20 44.45 44.20 44.45 
2016/11/07 44.20 44.95 44.20 44.60 
2016/11/08 44.60 44.60 44.15 44.35 
2016/11/09 44.50 44.50 43.60 43.60 
2016/11/10 43.65 44.10 43.65 43.90 
2016/11/11 43.90 44.00 43.55 43.65 
2016/11/14 43.65 43.65 43.20 43.40 
2016/11/15 43.50 43.75 43.30 43.60 
2016/11/16 43.70 44.00 43.60 44.00 
2016/11/17 44.00 44.05 43.70 43.85 
2016/11/18 44.00 44.15 43.85 44.10 
2016/11/21 44.10 44.20 43.90 44.20 
2016/11/22 44.20 44.50 44.00 44.50 
2016/11/23 44.50 45.10 44.15 45.10 
2016/11/24 45.10 45.10 44.65 44.90 
2016/11/25 44.90 44.90 44.50 44.70 
2016/11/28 44.70 44.70 44.50 44.60 
2016/11/29 44.70 44.70 44.45 44.50 
2016/11/30 44.40 46.00 44.40 46.00 
2016/12/01 45.70 45.70 44.95 45.25 
2016/12/02 45.20 48.80 44.70 46.80 
2016/12/05 46.80 47.30 46.50 46.60 
2016/12/06 46.85 47.65 46.55 47.20 
2016/12/07 47.20 47.20 46.80 47.10 
2016/12/08 47.30 47.30 46.70 46.85 
2016/12/09 46.90 47.05 46.90 46.90 
2016/12/12 46.80 47.15 46.65 46.85 
2016/12/13 46.85 46.85 46.45 46.60 
2016/12/14 46.55 46.70 46.30 46.50 
2016/12/15 46.40 46.75 46.30 46.75 
2016/12/16 46.75 46.75 46.50 46.70 
2016/12/19 46.70 46.70 46.30 46.45 
2016/12/20 46.40 46.45 46.20 46.20 
2016/12/21 46.30 46.65 46.10 46.30 
2016/12/22 46.20 46.20 46.00 46.00 
2016/12/23 45.80 46.00 45.60 45.60 
2016/12/26 46.20 46.20 45.60 45.65 
2016/12/27 45.65 45.80 45.65 45.80 
2016/12/28 45.80 45.95 45.80 45.95 
2016/12/29 45.80 45.90 45.70 45.70 
2016/12/30 45.70 46.10 45.70 45.90 
2017/01/03 45.90 46.00 45.80 45.85 
2017/01/04 46.00 46.00 45.80 45.85 
2017/01/05 46.10 46.10 45.60 45.70 
2017/01/06 45.65 45.90 45.65 45.80 
2017/01/09 45.90 45.90 45.70 45.80 
2017/01/10 45.90 46.10 45.80 46.10 
2017/01/11 46.20 46.60 46.15 46.50 
2017/01/12 46.60 46.75 46.50 46.70 
2017/01/13 46.80 46.95 46.55 46.65 
2017/01/16 46.50 46.50 46.05 46.10 
2017/01/17 46.10 46.40 46.00 46.40 
2017/01/18 46.50 46.50 46.10 46.30 
2017/01/19 46.20 46.45 46.10 46.45 
2017/01/20 46.30 46.45 46.15 46.35 
2017/01/23 46.45 46.45 46.20 46.20 
2017/01/24 46.35 46.40 46.20 46.40 
2017/02/02 46.75 47.20 46.60 47.05 
2017/02/03 47.30 47.40 46.60 47.20 
2017/02/06 47.25 47.45 47.20 47.30 
2017/02/07 47.45 47.55 47.30 47.55 
2017/02/08 47.60 47.70 47.55 47.70 
