2016/07/01 7.43 7.46 7.30 7.43 
2016/07/04 7.32 7.43 7.32 7.40 
2016/07/05 7.40 7.44 7.30 7.38 
2016/07/06 7.38 7.49 7.30 7.37 
2016/07/07 7.30 7.38 7.28 7.35 
2016/07/11 7.31 7.60 7.30 7.35 
2016/07/12 7.36 7.36 7.26 7.30 
2016/07/13 7.33 7.35 7.26 7.30 
2016/07/14 7.31 7.32 7.22 7.30 
2016/07/15 7.30 7.34 7.25 7.27 
2016/07/18 7.30 7.40 7.27 7.38 
2016/07/19 7.40 7.42 7.36 7.40 
2016/07/20 7.39 7.57 7.36 7.55 
2016/07/21 7.56 7.65 7.47 7.51 
2016/07/22 7.60 7.62 7.50 7.56 
2016/07/25 7.58 7.59 7.43 7.49 
2016/07/26 7.49 7.53 7.42 7.50 
2016/07/27 7.50 7.53 7.35 7.43 
2016/07/28 7.43 7.52 7.32 7.39 
2016/07/29 7.40 7.48 7.35 7.42 
2016/08/01 7.40 7.60 7.38 7.57 
2016/08/02 7.68 7.68 7.46 7.56 
2016/08/03 7.56 7.62 7.50 7.62 
2016/08/04 7.66 7.76 7.56 7.62 
2016/08/05 7.62 7.76 7.60 7.69 
2016/08/08 7.73 7.73 7.58 7.64 
2016/08/09 7.64 7.69 7.40 7.58 
2016/08/10 7.49 7.50 7.28 7.35 
2016/08/11 7.35 7.37 7.30 7.32 
2016/08/12 7.36 7.39 7.15 7.22 
2016/08/15 7.28 7.29 7.00 7.07 
2016/08/16 7.10 7.15 7.07 7.13 
2016/08/17 7.13 7.17 7.08 7.15 
2016/08/18 7.15 7.22 7.11 7.18 
2016/08/19 7.15 7.20 7.09 7.20 
2016/08/22 7.18 7.28 7.07 7.28 
2016/08/23 7.28 7.62 7.25 7.44 
2016/08/24 7.41 7.62 7.40 7.57 
2016/08/25 7.62 7.99 7.58 7.92 
2016/08/26 7.98 8.03 7.75 7.78 
2016/08/29 7.78 7.89 7.67 7.80 
2016/08/30 7.78 7.87 7.63 7.72 
2016/08/31 7.84 7.84 7.69 7.75 
2016/09/01 7.72 7.77 7.57 7.70 
2016/09/02 7.72 7.72 7.53 7.59 
2016/09/05 7.62 7.68 7.58 7.63 
2016/09/06 7.63 7.77 7.51 7.60 
2016/09/07 7.67 7.73 7.59 7.60 
2016/09/08 7.69 7.76 7.65 7.70 
2016/09/09 7.70 7.76 7.49 7.51 
2016/09/10 7.40 7.64 7.40 7.63 
2016/09/12 7.64 7.71 7.60 7.67 
2016/09/13 7.67 7.77 7.58 7.65 
2016/09/14 7.65 7.68 7.48 7.53 
2016/09/19 7.56 7.69 7.40 7.50 
2016/09/20 7.53 7.66 7.35 7.35 
2016/09/21 7.44 7.44 7.35 7.41 
2016/09/22 7.47 7.47 7.40 7.42 
2016/09/23 7.42 7.46 7.35 7.42 
2016/09/26 7.35 7.42 7.31 7.40 
2016/09/29 7.40 7.45 7.24 7.38 
2016/09/30 7.25 7.38 7.24 7.32 
2016/10/03 7.35 7.37 7.25 7.32 
2016/10/04 7.34 7.34 7.23 7.32 
2016/10/05 7.31 7.32 7.22 7.30 
2016/10/06 7.30 7.38 7.28 7.34 
2016/10/07 7.28 7.35 7.26 7.30 
2016/10/11 7.30 7.35 7.16 7.24 
2016/10/12 7.25 7.26 7.16 7.24 
2016/10/13 7.24 7.44 7.21 7.21 
2016/10/14 7.21 7.31 7.12 7.21 
2016/10/17 7.23 7.23 7.13 7.21 
2016/10/18 7.21 7.30 7.13 7.21 
2016/10/19 7.22 7.25 7.12 7.21 
2016/10/20 7.21 7.24 7.05 7.21 
2016/10/21 7.21 7.21 7.14 7.20 
2016/10/24 7.15 7.19 7.05 7.07 
2016/10/25 7.10 7.10 7.01 7.07 
2016/10/26 7.07 7.20 7.02 7.07 
2016/10/27 7.07 7.11 6.97 7.08 
2016/10/28 7.38 7.50 7.14 7.24 
2016/10/31 7.35 7.37 7.15 7.24 
2016/11/01 7.29 7.80 7.18 7.66 
2016/11/02 7.70 7.70 7.15 7.36 
2016/11/03 7.27 7.34 7.19 7.26 
2016/11/04 7.23 7.29 7.02 7.12 
2016/11/07 7.14 7.14 7.06 7.12 
2016/11/08 7.13 7.18 7.06 7.09 
2016/11/09 7.22 7.22 6.39 6.49 
2016/11/10 6.59 6.97 6.59 6.82 
2016/11/11 6.43 6.90 6.43 6.80 
2016/11/14 6.80 6.88 6.69 6.80 
2016/11/15 6.75 6.76 6.69 6.74 
2016/11/16 6.78 6.78 6.71 6.74 
2016/11/17 6.70 6.77 6.69 6.75 
2016/11/18 6.76 6.76 6.71 6.76 
2016/11/21 6.78 6.78 6.67 6.76 
2016/11/22 6.72 6.75 6.55 6.72 
2016/11/23 6.68 6.72 6.66 6.72 
2016/11/24 6.66 6.73 6.60 6.65 
2016/11/25 6.64 6.68 6.58 6.65 
2016/11/28 6.67 6.70 6.63 6.70 
2016/11/29 6.70 6.82 6.67 6.70 
2016/11/30 6.71 6.77 6.66 6.70 
2016/12/01 6.70 6.71 6.65 6.70 
2016/12/02 6.70 6.80 6.66 6.75 
2016/12/05 6.79 6.99 6.75 6.93 
2016/12/06 6.90 7.05 6.90 6.99 
2016/12/07 7.04 7.04 6.97 7.00 
2016/12/08 7.05 7.07 7.00 7.04 
2016/12/09 7.00 7.01 6.87 7.00 
2016/12/12 7.00 7.01 6.90 7.00 
2016/12/13 6.99 7.01 6.92 6.99 
2016/12/14 6.95 7.06 6.93 7.00 
2016/12/15 6.99 7.00 6.95 7.00 
2016/12/16 6.96 7.01 6.94 7.00 
2016/12/19 6.96 7.00 6.91 6.99 
2016/12/20 6.98 7.16 6.97 7.09 
2016/12/21 7.09 7.33 7.02 7.27 
2016/12/22 7.28 7.36 7.15 7.20 
2016/12/23 7.28 7.28 7.08 7.14 
2016/12/26 7.17 7.73 7.17 7.60 
2016/12/27 7.58 7.63 7.35 7.50 
2016/12/28 7.46 7.57 7.44 7.44 
2016/12/29 7.43 7.49 7.35 7.39 
2016/12/30 7.42 7.42 7.30 7.39 
2017/01/03 7.40 7.57 7.24 7.46 
2017/01/04 7.49 7.49 7.33 7.36 
2017/01/05 7.29 7.45 7.28 7.30 
2017/01/06 7.30 7.34 7.20 7.30 
2017/01/09 7.29 7.32 7.18 7.18 
2017/01/10 7.18 7.22 7.15 7.16 
2017/01/11 7.06 7.19 7.06 7.19 
2017/01/12 7.18 7.23 7.11 7.16 
2017/01/13 7.19 7.19 7.10 7.16 
2017/01/16 7.18 7.18 7.10 7.17 
2017/01/17 7.17 7.19 7.10 7.14 
2017/01/18 7.14 7.23 7.14 7.19 
2017/01/19 7.23 7.25 7.15 7.17 
2017/01/20 7.20 7.41 7.20 7.20 
2017/01/23 7.15 7.26 7.15 7.18 
2017/01/24 7.23 7.23 7.15 7.17 
2017/02/02 7.18 7.31 7.16 7.30 
2017/02/03 7.34 7.46 7.34 7.39 
2017/02/06 7.46 7.53 7.39 7.49 
2017/02/07 7.50 7.67 7.50 7.60 
2017/02/08 7.68 8.13 7.68 7.80 
