2016/07/01 29.05 29.30 29.00 29.05 
2016/07/04 29.30 29.35 29.15 29.25 
2016/07/05 29.45 29.45 29.15 29.15 
2016/07/06 29.10 29.20 28.75 28.95 
2016/07/07 28.95 29.45 28.95 29.20 
2016/07/11 28.20 28.65 28.05 28.30 
2016/07/12 28.50 28.55 28.05 28.10 
2016/07/13 28.25 29.20 28.20 29.00 
2016/07/14 28.95 29.60 28.85 29.35 
2016/07/15 29.50 29.50 29.15 29.20 
2016/07/18 29.05 29.35 29.05 29.20 
2016/07/19 29.10 29.30 28.90 29.20 
2016/07/20 29.40 29.45 29.00 29.00 
2016/07/21 29.10 29.30 29.10 29.15 
2016/07/22 29.10 29.25 29.10 29.10 
2016/07/25 29.25 29.40 28.95 29.25 
2016/07/26 29.35 29.35 29.05 29.05 
2016/07/27 29.15 30.35 29.15 29.70 
2016/07/28 29.70 30.10 29.60 29.70 
2016/07/29 29.80 29.85 29.50 29.70 
2016/08/01 29.80 30.35 29.70 30.10 
2016/08/02 30.30 30.60 30.10 30.15 
2016/08/03 29.95 30.55 29.85 30.30 
2016/08/04 30.50 30.50 30.00 30.25 
2016/08/05 30.25 31.30 29.90 31.30 
2016/08/08 32.05 34.40 31.80 34.10 
2016/08/09 33.65 33.70 31.80 32.00 
2016/08/10 32.00 32.00 30.75 30.90 
2016/08/11 31.00 31.55 31.00 31.10 
2016/08/12 31.65 31.65 30.60 30.70 
2016/08/15 30.30 30.65 29.60 29.85 
2016/08/16 29.95 30.00 29.40 29.70 
2016/08/17 29.70 29.95 29.40 29.80 
2016/08/18 29.80 30.95 29.60 30.65 
2016/08/19 30.70 30.80 29.85 30.00 
2016/08/22 30.00 30.00 29.40 29.45 
2016/08/23 29.55 30.10 29.55 30.05 
2016/08/24 30.00 30.10 29.80 29.80 
2016/08/25 29.55 29.95 29.55 29.85 
2016/08/26 29.85 30.10 29.65 29.80 
2016/08/29 29.80 29.95 29.40 29.50 
2016/08/30 29.60 29.95 29.55 29.70 
2016/08/31 29.65 29.80 29.60 29.80 
2016/09/01 29.65 29.80 29.55 29.55 
2016/09/02 29.55 29.55 28.75 28.90 
2016/09/05 29.25 29.45 29.05 29.35 
2016/09/06 29.35 29.60 29.30 29.40 
2016/09/07 29.35 29.60 29.35 29.50 
2016/09/08 29.45 30.20 29.45 30.10 
2016/09/09 30.20 30.75 30.10 30.75 
2016/09/10 30.20 30.35 29.85 29.95 
2016/09/12 30.20 30.20 29.55 29.70 
2016/09/13 29.95 30.15 29.10 29.25 
2016/09/14 29.00 29.45 29.00 29.05 
2016/09/19 29.30 29.80 29.30 29.65 
2016/09/20 29.65 30.20 29.60 30.15 
2016/09/21 30.10 30.35 30.00 30.20 
2016/09/22 30.30 30.40 30.05 30.05 
2016/09/23 30.00 30.20 29.85 29.90 
2016/09/26 30.00 30.95 29.80 30.70 
2016/09/29 31.20 31.50 30.85 31.40 
2016/09/30 31.20 31.20 30.90 31.00 
2016/10/03 31.00 31.50 30.80 30.80 
2016/10/04 30.70 30.95 30.65 30.75 
2016/10/05 30.75 31.30 30.75 31.00 
2016/10/06 31.30 31.30 30.70 30.70 
2016/10/07 30.85 30.85 30.30 30.30 
2016/10/11 30.55 30.75 29.30 29.85 
2016/10/12 29.85 30.00 29.75 29.75 
2016/10/13 29.75 30.25 29.75 29.95 
2016/10/14 29.85 29.90 28.70 29.25 
2016/10/17 29.25 29.70 29.20 29.65 
2016/10/18 29.40 29.60 29.30 29.40 
2016/10/19 29.45 29.55 29.45 29.45 
2016/10/20 29.45 29.60 29.30 29.45 
2016/10/21 29.70 29.70 29.40 29.40 
2016/10/24 29.40 29.65 29.40 29.45 
2016/10/25 29.45 29.65 29.45 29.50 
2016/10/26 29.30 29.60 29.30 29.40 
2016/10/27 29.40 29.60 29.35 29.40 
2016/10/28 29.40 29.60 29.40 29.45 
2016/10/31 29.45 29.50 29.20 29.30 
2016/11/01 29.25 29.25 29.05 29.05 
2016/11/02 28.85 29.00 28.30 28.30 
2016/11/03 28.20 28.55 28.05 28.15 
2016/11/04 28.15 28.50 28.00 28.30 
2016/11/07 28.30 28.70 28.30 28.30 
2016/11/08 28.30 28.70 28.30 28.45 
2016/11/09 28.10 28.20 27.05 27.10 
2016/11/10 27.60 27.90 27.35 27.60 
2016/11/11 27.95 28.25 27.50 27.90 
2016/11/14 28.10 28.30 27.95 28.05 
2016/11/15 28.00 28.15 27.95 28.15 
2016/11/16 28.20 28.45 28.00 28.25 
2016/11/17 28.30 28.40 27.90 28.00 
2016/11/18 28.10 28.45 27.90 28.35 
2016/11/21 28.40 28.60 28.35 28.60 
2016/11/22 29.30 29.60 29.10 29.15 
2016/11/23 29.30 29.35 29.00 29.00 
2016/11/24 29.00 29.20 28.85 28.90 
2016/11/25 28.85 29.10 28.80 28.90 
2016/11/28 29.00 29.45 29.00 29.45 
2016/11/29 29.45 29.50 29.25 29.25 
2016/11/30 29.25 30.50 29.25 30.40 
2016/12/01 30.35 30.35 29.60 29.70 
2016/12/02 29.60 30.00 29.50 29.65 
2016/12/05 30.10 30.25 29.65 29.75 
2016/12/06 29.85 30.05 29.85 30.05 
2016/12/07 30.10 30.20 29.70 30.00 
2016/12/08 30.10 30.10 29.75 29.75 
2016/12/09 29.75 30.00 29.75 29.80 
2016/12/12 30.00 30.15 29.85 30.05 
2016/12/13 30.10 30.30 30.05 30.05 
2016/12/14 30.20 30.45 30.15 30.20 
2016/12/15 30.20 30.45 30.05 30.25 
2016/12/16 30.40 30.75 30.25 30.60 
2016/12/19 30.75 30.95 30.15 30.20 
2016/12/20 30.25 30.45 30.10 30.40 
2016/12/21 30.60 30.65 30.15 30.20 
2016/12/22 30.20 30.40 30.00 30.20 
2016/12/23 30.10 30.20 30.00 30.00 
2016/12/26 30.15 30.15 29.90 29.90 
2016/12/27 29.90 30.00 29.75 29.95 
2016/12/28 30.05 30.10 29.90 30.00 
2016/12/29 29.95 30.30 29.85 30.10 
2016/12/30 30.25 30.35 30.15 30.15 
2017/01/03 30.00 30.10 29.95 30.10 
2017/01/04 30.10 30.40 30.10 30.30 
2017/01/05 30.40 30.55 30.25 30.50 
2017/01/06 30.50 30.60 30.25 30.45 
2017/01/09 30.35 30.50 30.20 30.20 
2017/01/10 29.85 30.00 29.40 29.50 
2017/01/11 29.60 29.70 29.50 29.50 
2017/01/12 29.60 29.60 29.30 29.40 
2017/01/13 29.30 29.40 29.00 29.05 
2017/01/16 29.05 29.15 29.05 29.05 
2017/01/17 29.05 29.35 29.05 29.10 
2017/01/18 29.35 29.35 29.00 29.30 
2017/01/19 29.00 29.65 28.85 29.65 
2017/01/20 29.70 30.35 29.70 29.70 
2017/01/23 29.65 29.80 29.60 29.65 
2017/01/24 29.60 29.70 29.55 29.60 
2017/02/02 29.75 29.90 29.35 29.45 
2017/02/03 29.50 29.75 29.45 29.65 
2017/02/06 29.70 30.30 29.70 30.00 
2017/02/07 30.10 30.10 29.80 29.90 
2017/02/08 29.95 30.15 29.95 30.10 
