2016/07/01 22.95 23.05 22.95 23.00 
2016/07/04 23.10 23.35 23.10 23.30 
2016/07/05 23.35 23.35 23.05 23.30 
2016/07/06 23.30 23.30 23.00 23.10 
2016/07/07 23.10 23.40 23.00 23.40 
2016/07/11 23.50 23.65 23.40 23.50 
2016/07/12 23.60 23.70 23.50 23.55 
2016/07/13 23.25 23.70 23.25 23.60 
2016/07/14 23.50 23.60 23.45 23.60 
2016/07/15 23.45 23.65 23.45 23.65 
2016/07/18 23.80 24.80 23.60 24.25 
2016/07/19 23.85 24.20 23.85 23.85 
2016/07/20 23.65 24.85 23.65 24.85 
2016/07/21 24.90 25.15 24.65 24.65 
2016/07/22 24.70 24.75 24.50 24.60 
2016/07/25 24.60 24.75 24.30 24.45 
2016/07/26 24.45 24.60 24.40 24.40 
2016/07/27 24.60 24.80 24.30 24.30 
2016/07/28 24.40 24.40 24.20 24.35 
2016/07/29 24.35 24.60 24.30 24.60 
2016/08/01 24.60 25.05 24.55 24.75 
2016/08/02 24.75 24.95 24.70 24.95 
2016/08/03 24.50 24.95 24.50 24.85 
2016/08/04 24.75 24.90 24.60 24.90 
2016/08/05 24.90 25.30 24.75 25.20 
2016/08/08 25.70 27.70 25.70 27.70 
2016/08/09 28.20 28.55 26.60 26.60 
2016/08/10 27.20 27.55 26.80 26.80 
2016/08/11 26.80 27.35 26.50 27.05 
2016/08/12 27.30 27.40 26.35 26.45 
2016/08/15 26.50 26.80 26.45 26.50 
2016/08/16 26.50 26.80 26.40 26.45 
2016/08/17 26.75 26.75 26.50 26.65 
2016/08/18 26.80 27.35 26.80 27.00 
2016/08/19 27.45 27.45 26.50 26.55 
2016/08/22 24.75 24.85 24.40 24.60 
2016/08/23 24.40 24.80 24.40 24.70 
2016/08/24 24.70 24.70 24.20 24.20 
2016/08/25 24.10 25.30 24.10 25.10 
2016/08/26 25.10 25.25 24.80 24.80 
2016/08/29 24.85 25.10 24.60 24.65 
2016/08/30 24.90 24.95 24.50 24.80 
2016/08/31 24.60 24.85 24.60 24.80 
2016/09/01 24.65 25.15 24.65 24.90 
2016/09/02 25.10 25.15 24.80 24.90 
2016/09/05 25.00 25.10 24.85 24.90 
2016/09/06 25.00 25.00 24.80 24.90 
2016/09/07 24.90 25.00 24.70 24.80 
2016/09/08 24.75 25.15 24.65 24.80 
2016/09/09 24.80 25.00 24.80 24.85 
2016/09/10 24.50 24.70 24.45 24.55 
2016/09/12 24.60 24.75 24.35 24.55 
2016/09/13 24.55 24.60 24.25 24.40 
2016/09/14 24.20 24.45 24.00 24.10 
2016/09/19 24.35 24.35 24.00 24.15 
2016/09/20 24.25 24.40 24.10 24.20 
2016/09/21 24.40 24.75 24.30 24.70 
2016/09/22 24.70 24.80 24.40 24.60 
2016/09/23 24.70 24.70 24.40 24.55 
2016/09/26 24.50 24.50 24.20 24.35 
2016/09/29 24.35 24.40 24.20 24.30 
2016/09/30 24.15 24.45 24.15 24.45 
2016/10/03 24.45 24.50 24.25 24.45 
2016/10/04 24.50 24.50 24.35 24.40 
2016/10/05 24.40 24.60 24.40 24.45 
2016/10/06 24.45 24.55 24.40 24.50 
2016/10/07 24.60 24.60 24.45 24.45 
2016/10/11 24.70 24.70 24.45 24.50 
2016/10/12 24.50 24.50 24.45 24.45 
2016/10/13 24.45 24.60 24.45 24.55 
2016/10/14 24.45 24.55 24.15 24.20 
2016/10/17 24.20 24.45 24.20 24.20 
2016/10/18 24.20 24.25 24.05 24.05 
2016/10/19 24.05 24.40 24.00 24.15 
2016/10/20 24.10 24.20 24.05 24.20 
2016/10/21 24.15 24.35 24.10 24.20 
2016/10/24 24.10 24.40 24.10 24.40 
2016/10/25 24.30 24.35 24.20 24.30 
2016/10/26 24.40 24.40 24.25 24.25 
2016/10/27 24.20 24.25 24.10 24.10 
2016/10/28 24.05 24.15 24.05 24.15 
2016/10/31 24.15 24.30 24.00 24.10 
2016/11/01 24.10 24.20 24.05 24.15 
2016/11/02 24.05 24.20 24.00 24.10 
2016/11/03 23.95 23.95 23.80 23.85 
2016/11/04 23.50 23.70 23.20 23.35 
2016/11/07 23.35 23.50 23.35 23.40 
2016/11/08 23.55 23.55 22.65 22.90 
2016/11/09 23.25 23.25 22.05 22.15 
2016/11/10 22.20 22.55 22.15 22.50 
2016/11/11 22.10 22.40 22.05 22.05 
2016/11/14 22.15 22.30 22.15 22.25 
2016/11/15 22.10 22.30 22.10 22.30 
2016/11/16 22.30 22.45 22.30 22.30 
2016/11/17 22.35 22.45 22.30 22.45 
2016/11/18 22.25 22.55 22.25 22.55 
2016/11/21 22.55 22.70 22.50 22.60 
2016/11/22 22.60 22.70 22.55 22.70 
2016/11/23 22.65 22.70 22.50 22.50 
2016/11/24 22.40 22.80 22.40 22.60 
2016/11/25 22.60 22.70 22.60 22.70 
2016/11/28 22.70 22.80 22.70 22.80 
2016/11/29 22.80 22.90 22.80 22.80 
2016/11/30 22.60 22.80 22.60 22.70 
2016/12/01 22.80 22.90 22.70 22.85 
2016/12/02 22.75 22.85 22.70 22.85 
2016/12/05 22.85 22.85 22.70 22.80 
2016/12/06 23.05 23.05 22.85 22.85 
2016/12/07 23.05 23.05 22.80 22.80 
2016/12/08 23.05 23.10 22.90 23.10 
2016/12/09 23.10 23.10 22.90 23.00 
2016/12/12 23.10 23.10 23.00 23.00 
2016/12/13 23.00 23.05 22.95 23.00 
2016/12/14 23.20 23.20 23.00 23.00 
2016/12/15 23.00 23.00 22.95 23.00 
2016/12/16 22.95 23.10 22.95 23.00 
2016/12/19 23.00 23.15 22.95 23.00 
2016/12/20 22.95 23.10 22.95 23.05 
2016/12/21 23.00 23.35 23.00 23.10 
2016/12/22 23.15 23.20 23.10 23.15 
2016/12/23 23.15 23.30 23.15 23.15 
2016/12/26 23.05 23.20 23.05 23.15 
2016/12/27 23.55 23.55 23.25 23.40 
2016/12/28 23.40 23.70 23.40 23.65 
2016/12/29 23.65 23.70 23.60 23.65 
2016/12/30 23.65 23.85 23.65 23.75 
2017/01/03 23.75 23.85 23.75 23.85 
2017/01/04 23.90 24.20 23.90 24.00 
2017/01/05 24.00 24.20 24.00 24.20 
2017/01/06 24.25 24.35 24.25 24.35 
2017/01/09 24.30 24.30 24.00 24.05 
2017/01/10 23.90 24.00 23.80 23.80 
2017/01/11 23.90 24.00 23.80 23.85 
2017/01/12 23.80 23.95 23.80 23.95 
2017/01/13 23.80 23.95 23.80 23.85 
2017/01/16 23.80 23.80 23.65 23.80 
2017/01/17 23.80 24.00 23.80 24.00 
2017/01/18 24.00 24.10 23.80 24.10 
2017/01/19 24.10 24.10 23.90 23.95 
2017/01/20 23.90 24.20 23.85 24.00 
2017/01/23 24.00 24.00 23.85 23.95 
2017/01/24 23.80 23.95 23.75 23.85 
2017/02/02 24.00 24.00 23.65 23.90 
2017/02/03 23.90 24.00 23.70 23.85 
2017/02/06 23.80 23.90 23.65 23.90 
2017/02/07 23.90 23.90 23.75 23.85 
2017/02/08 23.85 23.85 23.75 23.85 
