2016/07/01 22.15 22.30 21.75 21.80 
2016/07/04 21.80 21.85 21.50 21.50 
2016/07/05 21.65 21.90 21.50 21.50 
2016/07/06 21.45 21.80 21.00 21.05 
2016/07/07 21.25 21.50 21.20 21.25 
2016/07/11 21.30 21.65 21.15 21.15 
2016/07/12 21.40 21.45 21.00 21.00 
2016/07/13 21.20 21.25 20.90 21.10 
2016/07/14 21.05 21.25 21.05 21.15 
2016/07/15 21.30 22.30 21.20 21.80 
2016/07/18 22.20 22.35 21.75 21.80 
2016/07/19 21.80 21.95 21.45 21.60 
2016/07/20 21.45 21.65 21.25 21.25 
2016/07/21 21.45 21.55 21.20 21.40 
2016/07/22 21.45 22.25 21.45 21.70 
2016/07/25 21.75 22.00 20.95 21.10 
2016/07/26 21.20 21.20 20.90 21.00 
2016/07/27 21.15 21.35 20.80 20.80 
2016/07/28 21.00 21.05 20.40 20.40 
2016/07/29 20.50 21.00 20.30 20.50 
2016/08/01 20.80 21.20 20.80 20.80 
2016/08/02 20.85 20.90 20.50 20.50 
2016/08/03 20.40 20.60 20.30 20.30 
2016/08/04 20.35 20.50 20.15 20.15 
2016/08/05 20.15 20.20 20.00 20.00 
2016/08/08 20.25 20.30 20.00 20.20 
2016/08/09 20.25 20.30 19.85 19.85 
2016/08/10 20.00 20.10 19.05 19.20 
2016/08/11 19.30 19.60 18.60 18.85 
2016/08/12 19.05 19.15 18.55 18.55 
2016/08/15 18.60 18.60 18.10 18.10 
2016/08/16 18.40 19.90 18.25 19.90 
2016/08/17 20.05 20.05 19.25 19.35 
2016/08/18 19.45 19.75 19.40 19.55 
2016/08/19 19.70 19.75 19.15 19.40 
2016/08/22 19.30 19.55 19.20 19.45 
2016/08/23 19.55 19.55 19.15 19.25 
2016/08/24 19.35 19.75 19.30 19.45 
2016/08/25 19.45 19.85 19.40 19.70 
2016/08/26 19.80 19.80 19.35 19.40 
2016/08/29 19.45 19.55 19.20 19.30 
2016/08/30 19.45 19.70 19.35 19.35 
2016/08/31 19.30 19.50 19.25 19.45 
2016/09/01 19.45 19.65 19.40 19.55 
2016/09/02 19.50 19.55 18.80 19.00 
2016/09/05 19.00 19.20 18.80 18.90 
2016/09/06 18.90 19.15 18.90 18.90 
2016/09/07 18.95 19.65 18.90 19.35 
2016/09/08 19.35 19.65 19.35 19.35 
2016/09/09 19.55 19.65 19.35 19.35 
2016/09/10 19.25 19.50 19.20 19.30 
2016/09/12 19.50 21.10 19.50 20.00 
2016/09/13 20.00 20.20 19.60 19.60 
2016/09/14 19.55 20.00 19.55 19.65 
2016/09/19 20.00 20.00 19.55 19.55 
2016/09/20 19.55 19.70 18.90 19.25 
2016/09/21 19.30 19.60 19.25 19.55 
2016/09/22 19.70 19.80 19.45 19.45 
2016/09/23 19.65 19.70 19.35 19.35 
2016/09/26 19.50 19.50 19.20 19.25 
2016/09/29 19.40 19.60 19.35 19.40 
2016/09/30 19.55 19.55 19.30 19.50 
2016/10/03 19.60 19.85 19.50 19.55 
2016/10/04 19.75 20.15 19.65 19.85 
2016/10/05 19.85 20.05 19.65 19.70 
2016/10/06 19.90 20.45 19.90 20.10 
2016/10/07 20.20 20.30 19.80 19.90 
2016/10/11 20.40 20.40 19.35 19.35 
2016/10/12 19.35 19.50 19.00 19.10 
2016/10/13 19.25 19.55 19.25 19.25 
2016/10/14 19.25 19.40 18.65 18.70 
2016/10/17 18.70 18.80 18.45 18.55 
2016/10/18 18.70 18.70 18.10 18.25 
2016/10/19 18.45 18.50 18.30 18.30 
2016/10/20 18.45 18.50 18.20 18.25 
2016/10/21 18.40 18.50 18.30 18.35 
2016/10/24 18.35 18.40 18.25 18.30 
2016/10/25 18.45 18.45 18.30 18.30 
2016/10/26 18.45 18.60 18.35 18.35 
2016/10/27 18.55 18.55 18.30 18.30 
2016/10/28 18.50 18.50 18.25 18.35 
2016/10/31 18.30 18.80 18.30 18.60 
2016/11/01 18.60 18.65 18.40 18.60 
2016/11/02 18.60 18.95 18.45 18.50 
2016/11/03 18.50 18.60 17.70 17.70 
2016/11/04 17.60 17.90 17.50 17.80 
2016/11/07 18.00 18.05 17.65 17.70 
2016/11/08 17.90 17.90 17.30 17.45 
2016/11/09 17.65 17.70 15.75 15.80 
2016/11/10 16.30 16.35 16.15 16.20 
2016/11/11 16.20 16.20 15.35 15.35 
2016/11/14 15.40 15.40 14.65 14.95 
2016/11/15 15.00 15.30 15.00 15.10 
2016/11/16 15.30 15.50 15.25 15.30 
2016/11/17 15.30 15.40 14.80 15.30 
2016/11/18 15.30 15.50 15.25 15.40 
2016/11/21 15.45 15.45 15.30 15.35 
2016/11/22 15.45 16.65 15.45 16.25 
2016/11/23 16.50 16.80 16.25 16.30 
2016/11/24 16.30 16.45 16.10 16.10 
2016/11/25 16.10 16.25 16.00 16.10 
2016/11/28 16.10 16.35 16.00 16.05 
2016/11/29 16.10 16.30 16.10 16.10 
2016/11/30 16.15 16.25 16.00 16.05 
2016/12/01 16.50 16.60 16.20 16.20 
2016/12/02 16.35 16.35 16.05 16.05 
2016/12/05 16.15 16.20 16.00 16.00 
2016/12/06 16.30 16.60 16.20 16.20 
2016/12/07 16.30 16.35 16.15 16.20 
2016/12/08 16.60 17.80 16.50 17.80 
2016/12/09 18.10 18.25 17.70 17.95 
2016/12/12 18.30 18.90 18.00 18.50 
2016/12/13 18.70 19.35 18.55 18.90 
2016/12/14 18.80 19.15 18.60 18.65 
2016/12/15 18.65 20.20 18.45 20.10 
2016/12/16 20.05 20.95 19.95 20.00 
2016/12/19 20.25 20.50 19.45 19.45 
2016/12/20 19.70 20.75 19.30 19.90 
2016/12/21 20.15 20.25 19.50 19.55 
2016/12/22 19.60 19.75 19.40 19.40 
2016/12/23 19.40 19.65 18.95 18.95 
2016/12/26 18.95 19.70 18.75 18.85 
2016/12/27 19.00 19.15 18.55 18.70 
2016/12/28 18.90 19.10 18.75 18.90 
2016/12/29 18.90 19.40 18.80 19.15 
2016/12/30 19.40 19.80 19.25 19.50 
2017/01/03 19.55 19.60 19.20 19.20 
2017/01/04 19.40 21.10 19.40 21.10 
2017/01/05 22.90 23.15 22.15 22.40 
2017/01/06 22.45 23.15 22.35 22.50 
2017/01/09 22.80 22.90 21.65 21.85 
2017/01/10 21.85 22.60 21.60 22.60 
2017/01/11 22.80 22.80 21.85 21.85 
2017/01/12 22.10 22.60 20.80 21.10 
2017/01/13 21.70 21.70 21.20 21.20 
2017/01/16 21.50 21.50 21.00 21.05 
2017/01/17 21.25 21.25 20.90 20.90 
2017/01/18 20.75 21.55 20.75 21.10 
2017/01/19 21.25 22.50 21.25 21.60 
2017/01/20 21.75 22.10 21.10 21.10 
2017/01/23 21.45 21.50 21.10 21.20 
2017/01/24 21.30 21.30 20.85 20.90 
2017/02/02 21.20 22.25 21.00 21.65 
2017/02/03 21.80 22.20 21.40 21.60 
2017/02/06 21.75 21.90 21.60 21.60 
2017/02/07 21.75 23.75 21.65 23.75 
2017/02/08 24.30 24.45 23.35 24.05 
