2016/07/01 24.25 24.40 24.15 24.40 
2016/07/04 24.50 24.65 24.25 24.50 
2016/07/05 24.55 24.65 24.20 24.25 
2016/07/06 24.20 24.20 23.80 23.85 
2016/07/07 23.95 24.05 23.65 23.85 
2016/07/11 24.35 24.65 24.20 24.35 
2016/07/12 24.40 25.55 24.40 25.15 
2016/07/13 25.15 25.55 24.95 25.40 
2016/07/14 25.50 25.50 25.05 25.20 
2016/07/15 25.40 25.55 25.05 25.05 
2016/07/18 25.15 26.05 25.15 25.80 
2016/07/19 26.30 26.80 25.90 25.90 
2016/07/20 25.90 25.90 25.30 25.35 
2016/07/21 25.55 25.80 25.50 25.70 
2016/07/22 25.70 25.90 25.60 25.70 
2016/07/25 25.80 25.95 25.50 25.60 
2016/07/26 25.65 25.85 25.50 25.75 
2016/07/27 25.90 26.10 25.75 25.80 
2016/07/28 25.90 25.90 25.45 25.50 
2016/07/29 25.65 25.85 25.50 25.65 
2016/08/01 25.80 27.60 25.75 27.40 
2016/08/02 27.40 27.70 26.90 27.25 
2016/08/03 26.70 26.75 25.95 26.10 
2016/08/04 26.10 26.25 25.60 25.75 
2016/08/05 26.10 26.35 25.85 25.85 
2016/08/08 26.15 26.80 26.05 26.35 
2016/08/09 26.10 26.10 25.15 25.25 
2016/08/10 25.30 25.85 25.00 25.70 
2016/08/11 25.80 25.85 25.15 25.40 
2016/08/12 25.60 25.80 25.15 25.20 
2016/08/15 25.30 25.40 25.05 25.25 
2016/08/16 25.40 25.40 25.10 25.15 
2016/08/17 25.05 25.10 24.60 24.65 
2016/08/18 24.65 24.70 24.25 24.60 
2016/08/19 24.75 24.75 24.50 24.65 
2016/08/22 24.65 24.65 24.30 24.35 
2016/08/23 24.50 24.65 24.35 24.55 
2016/08/24 24.60 24.70 24.40 24.50 
2016/08/25 24.50 24.60 24.25 24.55 
2016/08/26 24.90 25.80 24.90 25.15 
2016/08/29 25.15 25.35 24.90 25.30 
2016/08/30 25.00 25.10 24.40 24.55 
2016/08/31 24.55 24.95 24.40 24.95 
2016/09/01 25.00 25.00 24.60 24.60 
2016/09/02 24.55 24.90 24.45 24.70 
2016/09/05 24.95 25.15 24.60 25.05 
2016/09/06 25.00 25.10 24.85 25.00 
2016/09/07 25.05 25.35 25.05 25.15 
2016/09/08 25.35 25.60 25.30 25.55 
2016/09/09 25.55 25.55 25.35 25.40 
2016/09/10 24.90 25.05 24.85 25.00 
2016/09/12 25.05 25.10 24.70 24.75 
2016/09/13 24.85 25.10 24.45 24.55 
2016/09/14 24.40 24.50 24.30 24.35 
2016/09/19 24.65 25.15 24.60 25.10 
2016/09/20 25.20 25.45 25.05 25.20 
2016/09/21 25.30 25.35 25.10 25.30 
2016/09/22 25.40 25.40 25.00 25.10 
2016/09/23 25.40 25.60 25.25 25.45 
2016/09/26 24.60 24.80 24.55 24.60 
2016/09/29 24.70 24.70 24.40 24.45 
2016/09/30 24.40 24.50 24.35 24.40 
2016/10/03 24.45 24.65 24.40 24.45 
2016/10/04 24.45 25.35 24.40 25.05 
2016/10/05 25.05 25.25 25.00 25.05 
2016/10/06 25.15 25.50 25.10 25.15 
2016/10/07 25.25 25.40 25.00 25.05 
2016/10/11 25.00 25.00 23.80 24.10 
2016/10/12 24.05 24.15 23.70 23.95 
2016/10/13 23.95 24.45 23.90 24.00 
2016/10/14 23.90 24.05 23.45 23.45 
2016/10/17 23.50 23.80 23.20 23.55 
2016/10/18 23.40 23.65 23.35 23.55 
2016/10/19 23.60 24.15 23.60 24.15 
2016/10/20 24.15 24.30 23.95 24.00 
2016/10/21 24.00 24.10 23.80 23.85 
2016/10/24 24.10 24.30 23.90 24.00 
2016/10/25 24.25 24.25 24.00 24.05 
2016/10/26 24.05 24.30 24.00 24.25 
2016/10/27 24.25 24.35 24.05 24.10 
2016/10/28 24.20 24.25 23.85 23.95 
2016/10/31 23.85 23.85 23.50 23.65 
2016/11/01 23.70 24.05 23.65 23.75 
2016/11/02 23.75 23.75 23.20 23.20 
2016/11/03 23.20 23.45 23.10 23.10 
2016/11/04 23.15 23.40 23.15 23.15 
2016/11/07 23.20 23.45 23.20 23.40 
2016/11/08 23.50 23.50 23.15 23.35 
2016/11/09 23.45 23.55 22.25 22.35 
2016/11/10 23.00 23.35 22.85 23.05 
2016/11/11 23.20 23.20 22.65 23.05 
2016/11/14 23.05 23.05 22.70 22.80 
2016/11/15 22.75 23.00 22.75 22.90 
2016/11/16 23.00 23.25 22.65 22.90 
2016/11/17 22.95 23.00 22.65 22.70 
2016/11/18 22.90 23.10 22.75 23.05 
2016/11/21 23.10 23.45 23.10 23.45 
2016/11/22 23.50 23.70 23.45 23.55 
2016/11/23 23.65 23.90 23.65 23.85 
2016/11/24 23.80 23.90 23.50 23.55 
2016/11/25 23.65 23.75 23.50 23.60 
2016/11/28 23.70 24.20 23.70 24.10 
2016/11/29 24.15 24.45 24.05 24.35 
2016/11/30 24.35 24.55 24.05 24.15 
2016/12/01 24.45 24.45 24.00 24.25 
2016/12/02 24.40 24.70 24.30 24.40 
2016/12/05 24.45 24.70 24.40 24.50 
2016/12/06 24.80 24.95 24.70 24.80 
2016/12/07 25.05 25.20 24.90 25.15 
2016/12/08 25.30 25.35 24.90 24.90 
2016/12/09 25.30 26.20 25.20 25.20 
2016/12/12 25.50 25.70 25.10 25.15 
2016/12/13 25.15 25.75 25.15 25.60 
2016/12/14 25.70 25.75 25.40 25.50 
2016/12/15 25.40 25.70 25.30 25.40 
2016/12/16 25.60 25.60 25.35 25.50 
2016/12/19 25.50 25.60 24.80 24.90 
2016/12/20 24.90 25.00 24.70 24.90 
2016/12/21 25.05 25.35 25.05 25.30 
2016/12/22 25.40 25.40 25.05 25.20 
2016/12/23 25.10 25.20 24.80 24.85 
2016/12/26 24.85 25.00 24.70 25.00 
2016/12/27 25.15 25.15 24.85 24.85 
2016/12/28 24.85 25.05 24.85 24.90 
2016/12/29 24.90 25.30 24.85 25.05 
2016/12/30 25.25 25.35 25.00 25.10 
2017/01/03 25.10 25.50 25.10 25.35 
2017/01/04 25.35 25.35 25.10 25.15 
2017/01/05 25.20 25.30 25.05 25.25 
2017/01/06 25.30 25.40 25.15 25.25 
2017/01/09 25.30 25.75 25.30 25.45 
2017/01/10 25.45 25.55 24.95 25.05 
2017/01/11 25.05 25.15 24.60 24.60 
2017/01/12 24.60 24.85 24.50 24.60 
2017/01/13 24.60 24.80 24.40 24.80 
2017/01/16 25.05 25.05 24.50 24.70 
2017/01/17 24.90 24.95 24.75 24.90 
2017/01/18 24.90 24.90 24.55 24.70 
2017/01/19 24.65 24.80 24.55 24.60 
2017/01/20 24.75 24.75 24.60 24.70 
2017/01/23 24.70 24.80 24.65 24.70 
2017/01/24 24.70 24.75 24.60 24.70 
2017/02/02 24.70 24.90 24.55 24.60 
2017/02/03 24.70 25.15 24.60 25.10 
2017/02/06 25.20 25.30 25.05 25.10 
2017/02/07 25.20 25.30 25.00 25.30 
2017/02/08 25.40 25.45 25.20 25.25 
