2016/07/01 15.75 16.80 15.70 16.30 
2016/07/04 16.55 16.75 16.20 16.25 
2016/07/05 16.50 16.80 16.25 16.60 
2016/07/06 17.00 18.20 16.90 18.00 
2016/07/07 18.00 18.65 17.70 18.30 
2016/07/11 18.60 18.90 18.00 18.05 
2016/07/12 18.10 18.30 17.65 18.00 
2016/07/13 17.85 17.95 17.10 17.70 
2016/07/14 17.70 18.05 17.60 17.80 
2016/07/15 17.90 17.90 17.50 17.70 
2016/07/18 18.00 18.20 17.75 18.00 
2016/07/19 18.35 18.80 18.30 18.40 
2016/07/20 18.35 18.45 18.05 18.15 
2016/07/21 18.15 18.55 18.15 18.25 
2016/07/22 18.25 18.60 18.20 18.40 
2016/07/25 18.50 18.50 17.90 18.40 
2016/07/26 18.15 18.45 18.05 18.10 
2016/07/27 18.25 18.25 17.85 18.15 
2016/07/28 18.25 18.25 17.65 18.10 
2016/07/29 18.10 18.25 17.95 18.10 
2016/08/01 18.00 18.20 17.65 18.15 
2016/08/02 18.40 18.45 17.80 18.30 
2016/08/03 18.30 18.40 18.10 18.30 
2016/08/04 18.35 19.80 17.60 19.25 
2016/08/05 19.20 20.10 19.20 19.75 
2016/08/08 19.75 19.85 19.40 19.65 
2016/08/09 19.65 19.75 18.85 19.05 
2016/08/10 19.05 19.65 18.75 19.50 
2016/08/11 19.60 19.65 19.00 19.20 
2016/08/12 19.20 19.30 18.95 19.10 
2016/08/15 19.05 19.25 19.00 19.25 
2016/08/16 19.25 19.40 19.00 19.15 
2016/08/17 19.10 19.60 19.10 19.20 
2016/08/18 19.20 19.65 19.20 19.60 
2016/08/19 19.60 20.10 19.60 19.85 
2016/08/22 19.85 19.85 19.50 19.60 
2016/08/23 19.40 19.60 19.35 19.35 
2016/08/24 19.65 19.65 19.05 19.10 
2016/08/25 19.00 19.30 19.00 19.10 
2016/08/26 19.20 19.25 18.20 18.30 
2016/08/29 18.00 18.00 17.10 18.00 
2016/08/30 18.00 18.25 17.30 17.95 
2016/08/31 17.55 18.80 17.50 18.05 
2016/09/01 18.60 18.60 17.65 18.00 
2016/09/02 18.00 18.20 17.20 17.70 
2016/09/05 17.70 17.85 17.05 17.10 
2016/09/06 17.10 17.10 15.75 16.75 
2016/09/07 16.40 16.75 16.15 16.75 
2016/09/08 16.45 16.65 16.30 16.50 
2016/09/09 16.35 16.40 16.05 16.40 
2016/09/10 16.30 16.35 16.00 16.35 
2016/09/12 16.95 17.25 16.50 16.90 
2016/09/13 17.15 17.15 16.70 17.00 
2016/09/14 16.80 17.15 16.60 16.90 
2016/09/19 16.90 16.90 16.50 16.50 
2016/09/20 16.50 16.65 16.35 16.65 
2016/09/21 16.75 17.30 16.70 16.95 
2016/09/22 17.00 17.25 16.85 17.00 
2016/09/23 17.00 17.20 16.85 17.20 
2016/09/26 17.20 17.30 16.80 17.05 
2016/09/29 17.05 17.20 16.65 17.20 
2016/09/30 17.20 17.25 16.95 17.15 
2016/10/03 17.15 17.15 16.90 16.90 
2016/10/04 16.95 16.95 16.70 16.95 
2016/10/05 16.95 16.95 16.80 16.95 
2016/10/06 16.95 17.00 16.85 17.00 
2016/10/07 17.00 17.40 16.95 17.35 
2016/10/11 17.55 17.95 17.45 17.75 
2016/10/12 18.10 18.40 17.65 18.10 
2016/10/13 18.20 18.35 18.05 18.15 
2016/10/14 18.20 18.20 17.90 18.10 
2016/10/17 18.30 18.35 18.00 18.05 
2016/10/18 18.15 18.15 17.70 18.05 
2016/10/19 17.80 17.90 17.70 17.80 
2016/10/20 17.70 17.85 17.70 17.85 
2016/10/21 17.95 18.00 17.50 17.75 
2016/10/24 17.85 17.90 17.65 17.80 
2016/10/25 17.60 17.80 17.60 17.75 
2016/10/26 17.60 17.70 17.55 17.70 
2016/10/27 17.55 17.60 17.35 17.60 
2016/10/28 17.60 17.65 17.35 17.50 
2016/10/31 17.30 17.55 17.10 17.55 
2016/11/01 17.40 17.50 17.30 17.50 
2016/11/02 17.30 17.35 17.10 17.35 
2016/11/03 17.15 17.15 16.90 17.10 
2016/11/04 17.10 17.20 16.95 17.20 
2016/11/07 17.10 17.15 17.05 17.15 
2016/11/08 17.15 17.20 17.10 17.20 
2016/11/09 17.25 17.25 16.70 17.10 
2016/11/10 17.35 17.35 17.05 17.25 
2016/11/11 17.10 17.10 16.80 17.10 
2016/11/14 17.05 17.05 16.75 16.95 
2016/11/15 16.95 16.95 16.70 16.95 
2016/11/16 17.00 17.00 16.90 17.00 
2016/11/17 17.00 17.00 16.85 17.00 
2016/11/18 17.00 17.00 16.60 16.90 
2016/11/21 16.90 16.90 16.80 16.90 
2016/11/22 16.90 17.10 16.85 17.10 
2016/11/23 17.10 17.10 16.85 17.00 
2016/11/24 17.05 17.05 16.75 16.90 
2016/11/25 16.90 16.95 16.80 16.95 
2016/11/28 16.80 17.25 16.80 17.25 
2016/11/29 17.30 17.30 17.00 17.15 
2016/11/30 17.15 17.15 16.95 17.10 
2016/12/01 17.05 17.25 16.95 17.25 
2016/12/02 17.25 17.50 17.00 17.50 
2016/12/05 17.50 17.50 17.20 17.45 
2016/12/06 17.40 17.45 17.20 17.45 
2016/12/07 17.45 17.50 17.30 17.50 
2016/12/08 17.60 17.60 17.35 17.55 
2016/12/09 17.70 17.70 17.50 17.60 
2016/12/12 17.55 17.60 17.35 17.50 
2016/12/13 17.70 19.25 17.70 18.40 
2016/12/14 18.30 18.95 18.25 18.45 
2016/12/15 18.60 18.65 18.15 18.20 
2016/12/16 18.20 18.40 18.20 18.40 
2016/12/19 18.45 18.70 18.45 18.60 
2016/12/20 18.60 18.60 18.40 18.50 
2016/12/21 18.55 18.75 18.50 18.65 
2016/12/22 18.75 18.80 18.45 18.80 
2016/12/23 18.80 18.80 18.50 18.70 
2016/12/26 18.55 18.55 18.05 18.10 
2016/12/27 18.00 18.05 17.65 17.75 
2016/12/28 17.75 18.25 17.70 18.25 
2016/12/29 17.95 18.20 17.90 18.20 
2016/12/30 18.50 18.50 18.00 18.05 
2017/01/03 17.95 18.00 17.80 18.00 
2017/01/04 17.90 18.20 17.85 18.15 
2017/01/05 18.00 18.20 18.00 18.20 
2017/01/06 18.20 18.20 17.90 18.10 
2017/01/09 18.20 18.20 17.80 17.95 
2017/01/10 17.85 17.90 17.70 17.85 
2017/01/11 18.15 18.45 17.90 18.10 
2017/01/12 18.00 18.30 18.00 18.15 
2017/01/13 18.00 18.30 18.00 18.05 
2017/01/16 18.30 18.30 17.95 18.15 
2017/01/17 18.00 18.15 18.00 18.15 
2017/01/18 18.00 18.10 17.95 18.05 
2017/01/19 18.05 18.05 17.85 17.90 
2017/01/20 17.80 18.00 17.80 18.00 
2017/01/23 17.85 18.25 17.85 18.25 
2017/01/24 18.25 18.25 18.10 18.25 
2017/02/02 18.45 18.45 18.05 18.15 
2017/02/03 18.25 18.35 18.20 18.30 
2017/02/06 18.30 18.30 18.00 18.20 
2017/02/07 18.10 18.25 18.00 18.15 
2017/02/08 18.05 18.15 18.00 18.15 
