2016/07/01 26.70 26.70 26.40 26.40 
2016/07/04 26.65 26.90 26.45 26.45 
2016/07/05 26.65 27.30 26.65 27.05 
2016/07/06 27.00 27.00 26.20 26.20 
2016/07/07 26.40 26.55 26.10 26.25 
2016/07/11 27.00 27.00 26.50 26.70 
2016/07/12 26.90 27.15 26.75 26.75 
2016/07/13 26.75 26.90 26.40 26.75 
2016/07/14 26.75 26.95 26.60 26.90 
2016/07/15 27.10 27.35 26.90 26.90 
2016/07/18 27.20 27.25 26.95 27.15 
2016/07/19 27.40 27.40 26.95 27.10 
2016/07/20 26.95 28.15 26.95 27.45 
2016/07/21 27.60 28.30 27.45 28.20 
2016/07/22 28.30 28.70 28.15 28.40 
2016/07/25 28.40 28.45 27.15 27.20 
2016/07/26 27.40 27.60 27.30 27.35 
2016/07/27 27.55 27.60 27.05 27.25 
2016/07/28 27.25 27.40 27.05 27.10 
2016/07/29 27.05 27.50 27.05 27.50 
2016/08/01 27.50 27.85 27.25 27.80 
2016/08/02 28.00 28.30 27.80 27.85 
2016/08/03 27.50 27.70 27.30 27.40 
2016/08/04 28.30 28.30 27.60 27.60 
2016/08/05 27.90 27.95 27.70 27.70 
2016/08/08 27.85 28.00 27.75 27.75 
2016/08/09 28.00 28.05 27.75 27.80 
2016/08/10 27.75 27.95 27.55 27.75 
2016/08/11 27.85 28.60 27.80 28.25 
2016/08/12 28.85 29.65 28.40 28.40 
2016/08/15 28.50 29.20 28.40 28.95 
2016/08/16 29.40 29.60 28.80 29.00 
2016/08/17 29.20 29.55 28.80 29.40 
2016/08/18 29.55 29.75 29.25 29.30 
2016/08/19 29.40 29.40 28.85 28.85 
2016/08/22 28.90 29.30 28.90 29.15 
2016/08/23 29.30 29.45 29.15 29.30 
2016/08/24 29.15 29.30 28.80 28.85 
2016/08/25 28.85 29.80 28.85 29.75 
2016/08/26 30.00 31.85 29.95 31.10 
2016/08/29 31.15 31.50 30.55 30.85 
2016/08/30 31.00 31.35 30.65 30.95 
2016/08/31 32.50 32.70 31.75 32.10 
2016/09/01 32.00 32.00 31.30 31.80 
2016/09/02 32.10 32.35 30.20 30.50 
2016/09/05 31.15 31.20 30.60 30.85 
2016/09/06 31.40 31.75 31.05 31.40 
2016/09/07 31.85 32.25 31.40 31.45 
2016/09/08 31.50 32.75 31.50 32.35 
2016/09/09 32.30 32.30 31.75 31.75 
2016/09/10 30.80 31.40 30.70 31.05 
2016/09/12 31.35 31.45 30.40 30.40 
2016/09/13 30.85 30.90 29.80 30.10 
2016/09/14 30.10 30.15 29.50 29.80 
2016/09/19 30.15 31.55 30.15 30.85 
2016/09/20 30.70 31.25 30.55 30.60 
2016/09/21 30.60 30.85 30.55 30.85 
2016/09/22 31.10 31.20 30.65 30.70 
2016/09/23 31.00 31.15 30.70 30.80 
2016/09/26 30.80 30.80 30.00 30.00 
2016/09/29 30.20 30.30 29.85 30.00 
2016/09/30 29.85 30.60 29.85 30.40 
2016/10/03 30.80 30.80 30.20 30.20 
2016/10/04 30.45 30.50 30.15 30.30 
2016/10/05 30.35 31.70 30.35 30.90 
2016/10/06 30.80 30.95 30.45 30.80 
2016/10/07 31.20 31.50 30.35 30.35 
2016/10/11 30.35 30.45 28.70 29.00 
2016/10/12 29.15 29.40 28.75 29.35 
2016/10/13 29.45 29.50 28.95 28.95 
2016/10/14 29.10 29.25 28.35 28.45 
2016/10/17 28.50 29.20 28.35 29.10 
2016/10/18 29.20 29.25 28.85 28.95 
2016/10/19 29.20 29.20 28.95 29.15 
2016/10/20 29.15 29.45 29.05 29.15 
2016/10/21 29.30 29.60 29.25 29.45 
2016/10/24 29.60 30.05 29.50 29.80 
2016/10/25 29.70 30.10 29.60 29.70 
2016/10/26 29.85 30.05 29.70 29.80 
2016/10/27 30.00 30.25 29.75 29.75 
2016/10/28 29.75 29.80 28.90 29.10 
2016/10/31 29.10 29.35 28.95 29.10 
2016/11/01 29.20 29.20 28.80 28.80 
2016/11/02 28.80 29.15 28.65 28.90 
2016/11/03 28.90 29.10 27.90 28.20 
2016/11/04 28.20 28.65 28.15 28.15 
2016/11/07 28.60 28.85 28.30 28.80 
2016/11/08 28.80 28.95 28.30 28.80 
2016/11/09 29.00 29.00 26.00 26.25 
2016/11/10 27.70 27.70 27.25 27.65 
2016/11/11 27.40 27.65 27.10 27.30 
2016/11/14 27.30 27.45 27.05 27.25 
2016/11/15 27.25 27.50 27.10 27.40 
2016/11/16 27.50 27.60 27.10 27.45 
2016/11/17 27.45 27.45 26.95 27.30 
2016/11/18 27.30 28.00 27.20 27.90 
2016/11/21 27.95 28.15 27.70 27.95 
2016/11/22 28.15 30.35 28.00 30.20 
2016/11/23 30.20 30.35 29.20 29.65 
2016/11/24 29.55 29.80 29.10 29.20 
2016/11/25 29.30 30.85 29.30 29.75 
2016/11/28 31.10 31.70 30.55 30.75 
2016/11/29 30.80 30.90 30.35 30.50 
2016/11/30 30.85 30.95 30.20 30.50 
2016/12/01 30.30 30.70 30.20 30.20 
2016/12/02 30.00 30.30 29.70 30.00 
2016/12/05 30.05 30.50 29.85 29.90 
2016/12/06 30.45 30.45 30.15 30.20 
2016/12/07 30.40 30.75 30.20 30.25 
2016/12/08 30.60 30.85 30.25 30.30 
2016/12/09 30.60 31.60 30.40 31.10 
2016/12/12 31.55 31.65 30.75 31.10 
2016/12/13 31.30 31.30 30.70 30.75 
2016/12/14 30.80 31.25 30.45 30.45 
2016/12/15 30.45 30.85 30.40 30.65 
2016/12/16 30.70 31.60 30.70 31.30 
2016/12/19 31.10 31.80 30.70 30.70 
2016/12/20 30.90 31.10 30.30 30.55 
2016/12/21 31.00 31.15 30.50 30.60 
2016/12/22 30.80 30.90 29.90 30.00 
2016/12/23 30.10 30.20 29.85 29.90 
2016/12/26 30.10 30.10 29.30 29.60 
2016/12/27 29.60 29.60 29.40 29.45 
2016/12/28 29.80 30.80 29.60 30.20 
2016/12/29 30.30 30.35 29.80 30.10 
2016/12/30 30.20 30.55 29.95 30.50 
2017/01/03 30.65 31.00 30.45 30.90 
2017/01/04 31.00 31.70 31.00 31.00 
2017/01/05 31.10 31.40 31.10 31.10 
2017/01/06 31.50 33.40 31.25 32.60 
2017/01/09 32.70 32.85 31.50 31.90 
2017/01/10 31.95 32.00 31.40 31.85 
2017/01/11 32.10 32.10 31.70 31.70 
2017/01/12 31.80 32.75 31.80 32.25 
2017/01/13 32.30 32.70 31.90 32.60 
2017/01/16 32.65 34.45 32.60 33.70 
2017/01/17 33.70 37.05 33.65 37.05 
2017/01/18 38.00 40.75 37.80 40.15 
2017/01/19 40.35 41.15 38.05 38.50 
2017/01/20 38.45 40.20 37.75 39.40 
2017/01/23 40.95 42.00 40.60 41.20 
2017/01/24 40.90 40.90 39.85 39.95 
2017/02/02 40.85 42.50 40.10 41.70 
2017/02/03 41.90 42.90 40.35 40.75 
2017/02/06 41.10 41.10 40.05 40.30 
2017/02/07 40.45 41.30 40.40 40.65 
2017/02/08 40.85 41.10 40.00 40.30 
