2016/07/01 12.20 12.30 12.15 12.30 
2016/07/04 12.40 12.40 12.25 12.40 
2016/07/05 12.30 12.40 12.15 12.35 
2016/07/06 12.30 12.30 12.20 12.30 
2016/07/07 12.25 12.35 12.20 12.30 
2016/07/11 12.30 12.35 12.20 12.30 
2016/07/12 12.50 12.75 12.35 12.45 
2016/07/13 12.45 12.55 12.30 12.35 
2016/07/14 12.45 12.55 12.45 12.55 
2016/07/15 12.55 12.65 12.45 12.55 
2016/07/18 12.50 12.50 12.35 12.50 
2016/07/19 12.40 12.40 12.25 12.25 
2016/07/20 12.20 12.35 12.10 12.35 
2016/07/21 12.10 12.25 12.10 12.15 
2016/07/22 12.10 12.30 12.10 12.30 
2016/07/25 12.30 12.30 12.20 12.20 
2016/07/26 12.20 12.30 12.20 12.20 
2016/07/27 12.25 12.25 12.15 12.15 
2016/07/28 12.10 12.25 12.10 12.15 
2016/07/29 12.20 12.20 12.15 12.15 
2016/08/01 12.20 12.25 12.10 12.15 
2016/08/02 12.20 12.35 12.20 12.20 
2016/08/03 12.20 12.45 12.15 12.35 
2016/08/04 12.45 13.55 12.45 13.55 
2016/08/05 13.80 14.00 13.35 13.40 
2016/08/08 13.40 14.10 13.30 13.70 
2016/08/09 14.00 14.00 12.75 13.50 
2016/08/10 13.45 13.45 13.15 13.20 
2016/08/11 13.10 13.25 12.60 13.05 
2016/08/12 13.10 13.20 12.80 13.00 
2016/08/15 13.10 13.15 12.90 13.05 
2016/08/16 13.05 13.05 12.80 12.95 
2016/08/17 12.95 13.20 12.95 13.20 
2016/08/18 13.20 13.35 13.05 13.20 
2016/08/19 13.20 13.35 13.00 13.00 
2016/08/22 12.90 13.10 12.80 13.00 
2016/08/23 12.90 13.00 12.85 13.00 
2016/08/24 13.00 13.50 13.00 13.30 
2016/08/25 13.25 13.35 13.15 13.15 
2016/08/26 13.15 13.35 13.10 13.35 
2016/08/29 13.35 13.90 13.25 13.60 
2016/08/30 13.65 14.00 13.45 13.50 
2016/08/31 13.60 13.60 13.30 13.35 
2016/09/01 13.60 13.60 13.20 13.20 
2016/09/02 13.15 13.20 12.75 12.80 
2016/09/05 12.80 12.80 12.70 12.70 
2016/09/06 12.70 12.90 12.70 12.75 
2016/09/07 12.95 12.95 12.70 12.75 
2016/09/08 12.80 12.90 12.70 12.75 
2016/09/09 12.75 12.80 12.70 12.75 
2016/09/10 12.75 13.20 12.65 13.10 
2016/09/12 13.20 13.25 13.00 13.00 
2016/09/13 13.25 13.25 12.85 12.95 
2016/09/14 12.90 13.20 12.90 13.00 
2016/09/19 13.50 13.50 13.15 13.15 
2016/09/20 13.10 13.15 12.90 13.05 
2016/09/21 13.05 13.05 12.90 12.95 
2016/09/22 13.10 13.20 12.95 12.95 
2016/10/07 13.05 14.05 13.05 13.80 
2016/10/11 13.80 13.90 13.15 13.65 
2016/10/12 13.55 14.95 13.40 13.95 
2016/10/13 14.10 14.50 14.00 14.35 
2016/10/14 14.40 14.40 14.05 14.05 
2016/10/17 14.10 14.15 13.90 14.10 
2016/10/18 14.10 14.65 14.00 14.10 
2016/10/19 14.35 14.70 14.20 14.20 
2016/10/20 14.30 14.30 13.70 13.95 
2016/10/21 14.00 14.00 13.80 14.00 
2016/10/24 13.95 13.95 13.70 13.75 
2016/10/25 13.70 13.70 13.45 13.55 
2016/10/26 13.50 13.60 13.40 13.50 
2016/10/27 13.50 13.65 13.30 13.40 
2016/10/28 13.40 13.60 13.35 13.45 
2016/10/31 13.30 13.60 13.30 13.45 
2016/11/01 13.45 13.60 13.35 13.40 
2016/11/02 13.30 13.30 12.80 12.80 
2016/11/03 12.80 12.90 12.40 12.80 
2016/11/04 13.05 13.05 12.60 12.90 
2016/11/07 12.95 13.10 12.70 13.10 
2016/11/08 13.15 13.15 12.55 12.80 
2016/11/09 13.10 13.15 12.20 12.20 
2016/11/10 12.50 12.60 12.30 12.30 
2016/11/11 12.15 12.30 12.05 12.30 
2016/11/14 12.10 12.25 12.10 12.25 
2016/11/15 12.10 12.25 12.10 12.20 
2016/11/16 12.30 12.70 12.20 12.70 
2016/11/17 12.60 12.65 12.40 12.50 
2016/11/18 12.50 12.55 12.35 12.55 
2016/11/21 12.55 12.90 12.40 12.90 
2016/11/22 12.85 13.00 12.80 13.00 
2016/11/23 12.85 12.95 12.65 12.65 
2016/11/24 12.75 12.85 12.50 12.70 
2016/11/25 12.75 12.75 12.45 12.65 
2016/11/28 12.65 12.65 12.45 12.45 
2016/11/29 12.40 12.90 12.40 12.70 
2016/11/30 12.80 12.80 12.65 12.70 
2016/12/01 12.60 12.70 12.60 12.60 
2016/12/02 12.45 12.55 12.40 12.50 
2016/12/05 12.50 12.50 12.40 12.40 
2016/12/06 12.50 12.65 12.50 12.55 
2016/12/07 12.60 12.70 12.50 12.70 
2016/12/08 12.75 12.80 12.75 12.75 
2016/12/09 12.90 12.90 12.60 12.60 
2016/12/12 12.80 12.85 12.60 12.60 
2016/12/13 12.70 12.80 12.60 12.70 
2016/12/14 12.70 12.75 12.60 12.75 
2016/12/15 12.80 12.80 12.60 12.70 
2016/12/16 12.65 12.80 12.60 12.60 
2016/12/19 12.60 12.75 12.60 12.65 
2016/12/20 12.60 13.05 12.60 12.65 
2016/12/21 12.65 12.65 12.60 12.60 
2016/12/22 12.60 12.80 12.45 12.45 
2016/12/23 12.65 12.65 12.45 12.45 
2016/12/26 12.60 12.60 12.50 12.50 
2016/12/27 12.70 12.70 12.50 12.50 
2016/12/28 12.50 12.75 12.45 12.65 
2016/12/29 12.70 12.70 12.55 12.60 
2016/12/30 12.60 12.60 12.55 12.55 
2017/01/03 12.50 12.50 12.40 12.40 
2017/01/04 12.40 12.50 12.40 12.45 
2017/01/05 12.50 12.50 12.40 12.45 
2017/01/06 12.60 12.60 12.40 12.45 
2017/01/09 12.45 12.45 12.40 12.40 
2017/01/10 12.35 12.45 12.30 12.40 
2017/01/11 12.45 12.70 12.30 12.50 
2017/01/12 12.55 12.60 12.45 12.55 
2017/01/13 12.50 12.50 12.45 12.50 
2017/01/16 12.50 12.60 12.40 12.50 
2017/01/17 12.50 12.55 12.40 12.50 
2017/01/18 12.50 12.50 12.45 12.50 
2017/01/19 12.50 12.70 12.50 12.70 
2017/01/20 12.70 12.70 12.45 12.70 
2017/01/23 12.55 12.70 12.40 12.70 
2017/01/24 12.50 13.00 12.50 13.00 
2017/02/02 12.80 13.00 12.75 12.75 
2017/02/03 12.75 12.85 12.65 12.85 
2017/02/06 12.85 13.20 12.80 13.00 
2017/02/07 13.10 13.10 12.85 12.85 
2017/02/08 13.00 13.25 12.90 12.95 
