2016/07/01 3.13 3.19 3.11 3.13 
2016/07/04 3.14 3.20 3.11 3.16 
2016/07/05 3.15 3.20 3.13 3.14 
2016/07/06 3.20 3.20 3.11 3.16 
2016/07/07 3.18 3.21 3.17 3.17 
2016/07/11 3.17 3.26 3.17 3.24 
2016/07/12 3.26 3.26 3.19 3.25 
2016/07/13 3.21 3.22 3.18 3.18 
2016/07/14 3.21 3.21 3.17 3.17 
2016/07/15 3.17 3.21 3.17 3.18 
2016/07/18 3.18 3.19 3.17 3.17 
2016/07/19 3.18 3.20 3.17 3.19 
2016/07/20 3.20 3.23 3.20 3.23 
2016/07/21 3.26 3.55 3.25 3.55 
2016/07/22 3.69 3.81 3.55 3.76 
2016/07/25 3.76 3.82 3.65 3.70 
2016/07/26 3.70 3.76 3.64 3.72 
2016/07/27 3.71 3.84 3.69 3.76 
2016/07/28 3.79 3.79 3.55 3.55 
2016/07/29 3.60 3.70 3.60 3.61 
2016/08/01 3.61 3.61 3.53 3.56 
2016/08/02 3.62 3.65 3.59 3.59 
2016/08/03 3.60 3.81 3.55 3.81 
2016/08/04 3.81 3.90 3.80 3.83 
2016/08/05 3.81 3.83 3.74 3.78 
2016/08/08 3.84 3.84 3.70 3.70 
2016/08/09 3.89 3.89 3.71 3.72 
2016/08/10 3.73 3.82 3.73 3.79 
2016/08/11 3.79 3.79 3.60 3.73 
2016/08/12 3.67 3.76 3.60 3.60 
2016/08/15 3.60 3.63 3.60 3.61 
2016/08/16 3.61 3.61 3.53 3.58 
2016/08/17 3.58 3.62 3.53 3.61 
2016/08/18 3.61 3.62 3.53 3.54 
2016/08/19 3.54 3.64 3.54 3.60 
2016/08/22 3.60 3.62 3.59 3.60 
2016/08/23 3.62 3.73 3.62 3.70 
2016/08/24 3.70 3.80 3.69 3.77 
2016/08/25 3.80 3.82 3.77 3.80 
2016/08/26 3.80 4.18 3.80 4.18 
2016/08/29 4.50 4.59 4.28 4.59 
2016/08/30 4.62 5.04 4.53 5.04 
2016/08/31 5.04 5.41 5.00 5.19 
2016/09/01 5.27 5.27 5.01 5.13 
2016/09/02 5.13 5.24 5.00 5.03 
2016/09/05 5.05 5.06 5.00 5.00 
2016/09/06 5.01 5.01 4.61 4.85 
2016/09/07 4.80 4.90 4.80 4.85 
2016/09/08 4.90 5.04 4.90 4.95 
2016/09/09 5.04 5.04 4.93 4.95 
2016/09/10 4.91 5.01 4.81 5.00 
2016/09/12 5.08 5.12 5.00 5.05 
2016/09/13 5.10 5.11 5.00 5.01 
2016/09/14 4.71 5.10 4.71 5.05 
2016/09/19 5.06 5.55 5.06 5.55 
2016/09/20 5.77 5.98 5.70 5.93 
2016/09/21 5.95 6.20 5.81 5.99 
2016/09/22 5.99 6.20 5.95 6.11 
2016/09/23 6.25 6.50 6.14 6.35 
2016/09/26 6.59 6.90 6.38 6.59 
2016/09/29 6.61 7.03 6.61 6.90 
2016/09/30 6.80 6.80 6.36 6.36 
2016/10/03 6.50 6.64 6.40 6.40 
2016/10/04 6.35 6.41 6.16 6.16 
2016/10/05 6.22 6.77 6.19 6.75 
2016/10/06 6.73 6.77 6.51 6.63 
2016/10/07 6.64 6.75 6.63 6.63 
2016/10/11 6.63 6.75 6.30 6.65 
2016/10/12 6.21 6.50 6.21 6.45 
2016/10/13 6.35 6.37 6.25 6.37 
2016/10/14 6.37 6.37 6.17 6.25 
2016/10/17 6.13 6.39 6.13 6.37 
2016/10/18 6.50 6.50 6.34 6.49 
2016/10/19 6.49 6.70 6.45 6.66 
2016/10/20 6.66 6.90 6.62 6.85 
2016/10/21 6.82 6.98 6.70 6.85 
2016/10/24 6.83 6.84 6.61 6.64 
2016/10/25 6.60 6.60 6.37 6.47 
2016/10/26 6.36 6.60 6.36 6.54 
2016/10/27 6.66 6.74 6.64 6.69 
2016/10/28 6.75 7.35 6.74 7.35 
2016/10/31 7.32 7.32 6.99 7.24 
2016/11/01 7.28 7.95 7.10 7.84 
2016/11/02 7.84 8.45 7.70 8.09 
2016/11/03 8.20 8.20 7.88 7.96 
2016/11/04 7.88 8.40 7.88 8.08 
2016/11/07 8.17 8.22 7.95 7.98 
2016/11/08 8.10 8.10 7.55 7.68 
2016/11/09 7.95 7.97 7.50 7.80 
2016/11/10 7.99 8.58 7.84 8.58 
2016/11/11 8.20 8.20 7.90 7.94 
2016/11/14 8.10 8.10 7.16 7.23 
2016/11/15 7.01 7.57 7.00 7.41 
2016/11/16 7.31 7.51 6.95 7.02 
2016/11/17 7.05 7.18 6.87 6.88 
2016/11/18 6.88 7.29 6.87 6.98 
2016/11/21 6.91 7.11 6.91 6.99 
2016/11/22 7.00 7.09 6.90 6.96 
2016/11/23 7.02 7.04 6.96 6.98 
2016/11/24 7.00 7.05 6.83 6.86 
2016/11/25 6.83 6.92 6.55 6.68 
2016/11/28 6.68 7.08 6.68 6.92 
2016/11/29 6.90 6.93 6.83 6.90 
2016/11/30 6.99 6.99 6.89 6.89 
2016/12/01 6.90 6.91 6.82 6.83 
2016/12/02 6.79 6.87 6.79 6.80 
2016/12/05 6.92 7.48 6.83 7.48 
2016/12/06 7.35 7.56 7.26 7.39 
2016/12/07 7.45 7.55 7.35 7.39 
2016/12/08 7.50 7.60 7.41 7.41 
2016/12/09 7.50 7.52 7.02 7.50 
2016/12/12 7.40 7.47 7.22 7.24 
2016/12/13 7.24 7.37 7.15 7.24 
2016/12/14 7.20 7.28 7.11 7.11 
2016/12/15 7.06 7.20 6.96 7.04 
2016/12/16 7.11 7.17 7.00 7.04 
2016/12/19 7.12 7.12 6.90 6.97 
2016/12/20 6.93 7.30 6.93 7.28 
2016/12/21 7.35 7.35 7.04 7.11 
2016/12/22 7.10 7.35 7.06 7.14 
2016/12/23 7.08 7.22 7.07 7.10 
2016/12/26 7.10 7.15 7.07 7.07 
2016/12/27 7.14 7.15 7.05 7.05 
2016/12/28 7.05 7.14 7.02 7.04 
2016/12/29 7.07 7.07 6.95 7.00 
2016/12/30 7.00 7.25 7.00 7.12 
2017/01/03 7.05 7.15 7.04 7.05 
2017/01/04 7.05 7.06 7.00 7.03 
2017/01/05 7.03 7.05 6.98 7.00 
2017/01/06 7.03 7.11 6.95 7.00 
2017/01/09 7.03 7.03 6.96 7.00 
2017/01/10 6.94 7.17 6.94 6.99 
2017/01/11 7.00 7.08 6.98 6.98 
2017/01/12 6.98 7.16 6.93 7.16 
2017/01/13 7.18 7.86 7.07 7.78 
2017/01/16 7.65 7.65 7.30 7.30 
2017/01/17 7.21 7.44 7.20 7.20 
2017/01/18 7.15 7.48 7.15 7.41 
2017/01/19 7.42 7.58 7.42 7.44 
2017/01/20 7.44 7.50 7.22 7.24 
2017/01/23 7.25 7.37 7.20 7.23 
2017/01/24 7.21 7.27 7.17 7.22 
2017/02/02 7.24 7.35 7.11 7.23 
2017/02/03 7.23 7.25 7.15 7.18 
2017/02/06 7.18 7.27 7.18 7.21 
2017/02/07 7.21 7.21 7.15 7.16 
2017/02/08 7.17 7.24 7.15 7.24 
