2016/07/01 10.25 10.30 10.10 10.15 
2016/07/04 10.15 10.25 10.10 10.10 
2016/07/05 10.05 10.10 10.05 10.10 
2016/07/06 10.10 10.20 10.05 10.15 
2016/07/07 10.20 10.30 10.05 10.10 
2016/07/11 10.15 10.30 10.10 10.15 
2016/07/12 10.15 10.15 10.10 10.15 
2016/07/13 10.10 10.15 10.10 10.15 
2016/07/14 10.15 10.20 10.10 10.10 
2016/07/15 10.10 10.25 10.00 10.10 
2016/07/18 10.10 10.10 10.05 10.10 
2016/07/19 10.10 10.40 10.10 10.30 
2016/07/20 10.30 10.30 10.15 10.30 
2016/07/21 10.40 11.30 10.40 11.30 
2016/07/22 11.05 11.20 10.90 10.90 
2016/07/25 10.90 11.00 10.75 10.75 
2016/07/26 11.15 11.15 10.65 10.85 
2016/07/27 10.85 10.85 10.55 10.55 
2016/07/28 10.65 10.90 10.65 10.75 
2016/07/29 10.80 10.90 10.65 10.65 
2016/08/01 10.65 10.70 10.55 10.65 
2016/08/02 10.75 10.75 10.50 10.60 
2016/08/03 10.65 10.75 10.60 10.65 
2016/08/04 10.65 10.75 10.65 10.70 
2016/08/05 10.70 10.90 10.65 10.80 
2016/08/08 10.90 11.10 10.80 11.00 
2016/08/09 11.05 11.05 10.65 10.65 
2016/08/10 10.65 10.75 10.65 10.70 
2016/08/11 10.65 10.65 10.20 10.35 
2016/08/12 10.35 10.60 10.20 10.25 
2016/08/15 10.25 10.25 10.00 10.10 
2016/08/16 10.10 10.15 10.05 10.15 
2016/08/17 10.20 10.30 10.05 10.10 
2016/08/18 10.10 10.35 10.10 10.25 
2016/08/19 10.30 10.40 10.30 10.30 
2016/08/22 10.30 10.55 10.25 10.35 
2016/08/23 10.40 10.55 10.20 10.30 
2016/08/24 10.20 10.35 10.20 10.30 
2016/08/25 10.35 10.35 10.05 10.25 
2016/08/26 10.20 10.40 10.15 10.25 
2016/08/29 10.35 10.60 10.25 10.60 
2016/08/30 10.60 11.45 10.60 11.00 
2016/08/31 11.30 11.45 10.85 10.85 
2016/09/01 10.85 11.00 10.85 11.00 
2016/09/02 11.00 11.15 10.80 10.95 
2016/09/05 10.90 11.35 10.90 11.30 
2016/09/06 11.30 12.40 11.30 12.40 
2016/09/07 12.40 13.10 12.20 12.40 
2016/09/08 12.55 13.35 12.25 12.75 
2016/09/09 12.95 13.40 12.85 13.40 
2016/09/10 13.60 13.70 13.00 13.00 
2016/09/12 13.15 13.40 12.75 12.75 
2016/09/13 12.80 12.95 12.25 12.30 
2016/09/14 12.35 12.55 11.85 11.85 
2016/09/19 12.25 12.25 11.90 11.90 
2016/09/20 11.90 12.60 11.90 12.30 
2016/09/21 12.40 12.40 12.10 12.10 
2016/09/22 12.25 12.55 12.10 12.45 
2016/09/23 12.65 12.75 12.40 12.40 
2016/09/26 12.50 12.50 12.15 12.25 
2016/09/29 12.30 12.55 12.25 12.55 
2016/09/30 12.50 13.20 12.50 12.95 
2016/10/03 13.25 14.20 13.20 14.20 
2016/10/04 14.40 15.30 14.35 14.70 
2016/10/05 14.95 14.95 14.25 14.35 
2016/10/06 14.45 14.45 13.80 14.00 
2016/10/07 14.15 14.15 13.15 13.20 
2016/10/11 13.30 13.45 11.95 12.05 
2016/10/12 12.05 12.30 12.00 12.00 
2016/10/13 12.05 12.05 11.20 11.50 
2016/10/14 11.60 11.85 11.25 11.30 
2016/10/17 11.30 11.40 10.90 11.15 
2016/10/18 11.10 11.65 11.10 11.35 
2016/10/19 11.45 11.50 11.25 11.25 
2016/10/20 11.25 11.35 11.15 11.25 
2016/10/21 11.30 11.45 11.25 11.25 
2016/10/24 11.30 11.35 11.00 11.05 
2016/10/25 11.10 11.50 11.05 11.35 
2016/10/26 11.30 11.40 11.20 11.20 
2016/10/27 11.20 11.25 11.00 11.05 
2016/10/28 11.10 11.10 10.95 10.95 
2016/10/31 10.95 11.00 10.60 10.65 
2016/11/01 10.65 10.65 10.45 10.55 
2016/11/02 10.50 10.55 10.30 10.35 
2016/11/03 10.40 10.45 10.10 10.15 
2016/11/04 10.15 10.55 10.05 10.25 
2016/11/07 10.30 10.60 10.20 10.25 
2016/11/08 10.40 10.40 10.15 10.15 
2016/11/09 10.40 10.40 9.77 9.77 
2016/11/10 10.00 10.30 10.00 10.10 
2016/11/11 10.05 10.10 9.94 9.97 
2016/11/14 10.00 10.10 9.76 10.00 
2016/11/15 10.05 10.15 10.00 10.15 
2016/11/16 10.20 10.50 10.20 10.25 
2016/11/17 10.25 10.25 10.05 10.10 
2016/11/18 10.10 10.30 10.10 10.30 
2016/11/21 10.20 10.40 10.05 10.10 
2016/11/22 10.20 10.35 10.15 10.20 
2016/11/23 10.30 10.35 10.15 10.25 
2016/11/24 10.35 11.25 10.30 11.10 
2016/11/25 11.20 11.25 10.80 10.85 
2016/11/28 11.15 11.15 10.60 10.65 
2016/11/29 10.70 10.80 10.50 10.60 
2016/11/30 10.75 10.90 10.70 10.80 
2016/12/01 10.80 11.40 10.80 11.00 
2016/12/02 11.00 11.10 10.85 11.00 
2016/12/05 11.00 11.40 10.90 11.20 
2016/12/06 11.35 11.35 11.10 11.25 
2016/12/07 11.35 11.55 11.20 11.35 
2016/12/08 11.35 11.50 11.20 11.25 
2016/12/09 11.30 11.45 11.30 11.35 
2016/12/12 11.45 11.70 11.35 11.40 
2016/12/13 11.40 11.45 11.35 11.35 
2016/12/14 11.45 11.50 11.30 11.40 
2016/12/15 11.45 11.55 11.30 11.35 
2016/12/16 11.40 11.65 11.40 11.55 
2016/12/19 11.60 11.60 11.30 11.30 
2016/12/20 11.40 11.40 11.20 11.30 
2016/12/21 11.30 11.35 11.20 11.25 
2016/12/22 11.25 11.25 11.15 11.20 
2016/12/23 11.30 11.30 11.05 11.05 
2016/12/26 11.15 11.15 11.05 11.15 
2016/12/27 11.15 12.25 11.10 12.25 
2016/12/28 12.25 12.25 11.75 11.75 
2016/12/29 11.75 12.05 11.70 11.75 
2016/12/30 11.80 11.90 11.65 11.65 
2017/01/03 11.60 11.65 11.50 11.65 
2017/01/04 11.65 11.90 11.65 11.70 
2017/01/05 11.70 11.95 11.65 11.75 
2017/01/06 11.90 11.90 11.70 11.75 
2017/01/09 11.75 11.75 11.50 11.50 
2017/01/10 11.50 11.50 11.30 11.45 
2017/01/11 11.35 11.35 11.25 11.30 
2017/01/12 11.30 11.60 11.25 11.35 
2017/01/13 11.40 11.50 11.30 11.35 
2017/01/16 11.35 11.60 11.20 11.40 
2017/01/17 11.40 11.40 11.30 11.30 
2017/01/18 11.30 11.40 11.25 11.35 
2017/01/19 11.30 11.45 11.30 11.35 
2017/01/20 11.30 11.35 11.30 11.30 
2017/01/23 11.40 11.40 11.25 11.25 
2017/01/24 11.25 11.85 11.25 11.60 
2017/02/02 11.65 11.65 11.35 11.40 
2017/02/03 11.40 11.50 11.30 11.50 
2017/02/06 11.65 11.65 11.50 11.50 
2017/02/07 11.50 11.75 11.35 11.70 
2017/02/08 11.80 11.90 11.50 11.50 
