2016/07/01 33.50 33.80 33.45 33.55 
2016/07/04 33.60 34.00 33.60 34.00 
2016/07/05 34.20 34.20 33.80 33.85 
2016/07/06 33.75 33.75 33.50 33.50 
2016/07/07 33.60 33.70 33.40 33.55 
2016/07/11 33.60 33.95 33.60 33.90 
2016/07/12 33.80 33.90 33.75 33.80 
2016/07/13 34.25 35.85 34.25 34.80 
2016/07/14 35.00 35.00 34.50 34.70 
2016/07/15 34.70 34.80 34.60 34.65 
2016/07/18 34.65 35.00 34.65 34.90 
2016/07/19 35.10 35.10 34.80 34.95 
2016/07/20 34.95 35.10 34.75 34.80 
2016/07/21 35.15 35.15 34.80 34.95 
2016/07/22 35.00 35.10 34.80 35.00 
2016/07/25 35.00 35.20 34.80 35.05 
2016/07/26 34.90 35.00 34.85 34.95 
2016/07/27 35.00 35.10 34.95 35.05 
2016/07/28 35.05 35.10 34.95 35.10 
2016/07/29 35.10 35.20 34.95 35.15 
2016/08/01 35.20 35.40 35.20 35.30 
2016/08/02 35.60 35.80 35.45 35.65 
2016/08/03 35.65 36.55 35.45 36.40 
2016/08/04 36.00 36.25 36.00 36.15 
2016/08/05 36.00 36.35 36.00 36.30 
2016/08/08 36.30 36.40 36.00 36.20 
2016/08/09 36.20 36.30 35.90 36.00 
2016/08/10 36.10 36.10 35.60 35.70 
2016/08/11 35.40 35.45 35.10 35.25 
2016/08/12 32.75 32.75 32.30 32.30 
2016/08/15 32.30 32.50 32.00 32.05 
2016/08/16 32.15 32.35 32.10 32.25 
2016/08/17 32.45 32.45 32.05 32.25 
2016/08/18 32.25 32.30 32.05 32.05 
2016/08/19 32.05 32.10 31.90 31.90 
2016/08/22 31.80 31.90 31.15 31.55 
2016/08/23 31.55 31.60 31.30 31.60 
2016/08/24 31.50 31.55 31.25 31.35 
2016/08/25 31.35 32.15 31.25 32.15 
2016/08/26 32.05 32.05 31.75 31.90 
2016/08/29 31.80 32.05 31.65 31.80 
2016/08/30 31.80 32.00 31.70 31.75 
2016/08/31 31.75 31.80 31.50 31.80 
2016/09/01 31.80 31.80 31.50 31.60 
2016/09/02 31.60 31.60 31.45 31.45 
2016/09/05 31.45 31.80 31.45 31.65 
2016/09/06 31.65 31.70 31.55 31.65 
2016/09/07 31.65 31.85 31.65 31.80 
2016/09/08 32.00 32.35 32.00 32.20 
2016/09/09 32.20 32.30 32.00 32.25 
2016/09/10 32.00 32.15 31.80 32.10 
2016/09/12 32.10 32.25 32.00 32.05 
2016/09/13 32.00 32.00 31.75 31.80 
2016/09/14 31.55 32.20 31.55 32.20 
2016/09/19 32.00 32.35 32.00 32.10 
2016/09/20 32.05 32.20 31.95 32.00 
2016/09/21 31.90 32.40 31.85 32.35 
2016/09/22 32.35 32.35 32.20 32.35 
2016/09/23 32.45 32.50 32.20 32.25 
2016/09/26 32.25 32.25 32.00 32.25 
2016/09/29 32.30 32.30 31.10 32.05 
2016/09/30 31.80 32.00 31.80 31.85 
2016/10/03 32.00 32.00 31.85 32.00 
2016/10/04 32.10 32.10 31.80 32.00 
2016/10/05 32.00 32.10 31.90 32.10 
2016/10/06 32.10 32.15 31.85 32.10 
2016/10/07 32.00 32.10 31.85 31.90 
2016/10/11 32.00 32.00 31.65 31.65 
2016/10/12 31.50 31.65 31.40 31.50 
2016/10/13 31.55 31.65 31.45 31.50 
2016/10/14 31.50 31.65 31.30 31.40 
2016/10/17 31.00 31.50 31.00 31.40 
2016/10/18 31.40 32.15 31.40 32.15 
2016/10/19 32.25 32.30 32.05 32.15 
2016/10/20 32.15 32.20 32.00 32.05 
2016/10/21 32.05 32.05 31.50 31.90 
2016/10/24 31.90 32.00 31.60 31.80 
2016/10/25 31.80 32.00 31.75 32.00 
2016/10/26 32.00 32.30 31.80 32.30 
2016/10/27 32.00 32.15 32.00 32.05 
2016/10/28 32.25 32.25 31.95 32.00 
2016/10/31 32.00 32.00 31.70 31.85 
2016/11/01 31.65 32.00 31.65 31.95 
2016/11/02 31.95 32.00 31.70 31.75 
2016/11/03 31.60 31.90 31.50 31.60 
2016/11/04 31.65 31.85 31.60 31.85 
2016/11/07 31.80 32.10 31.65 32.00 
2016/11/08 31.70 31.80 31.50 31.60 
2016/11/09 31.60 31.75 31.15 31.15 
2016/11/10 31.20 31.60 31.20 31.40 
2016/11/11 31.40 31.75 31.10 31.30 
2016/11/14 31.20 31.30 31.10 31.30 
2016/11/15 31.85 31.85 31.15 31.20 
2016/11/16 31.20 31.50 31.20 31.50 
2016/11/17 31.50 31.50 31.20 31.40 
2016/11/18 31.40 31.60 31.00 31.50 
2016/11/21 31.50 31.60 31.30 31.60 
2016/11/22 31.30 31.60 31.30 31.50 
2016/11/23 31.50 31.65 31.25 31.50 
2016/11/24 31.45 31.50 31.35 31.40 
2016/11/25 31.25 31.40 31.15 31.20 
2016/11/28 31.40 31.40 31.00 31.20 
2016/11/29 31.25 31.25 31.15 31.20 
2016/11/30 31.20 31.75 31.15 31.75 
2016/12/01 31.60 31.70 31.45 31.50 
2016/12/02 31.50 31.50 31.40 31.45 
2016/12/05 31.25 31.50 31.25 31.30 
2016/12/06 31.40 31.55 31.40 31.45 
2016/12/07 31.60 31.75 31.50 31.70 
2016/12/08 31.80 31.90 31.75 31.85 
2016/12/09 31.90 31.95 31.80 31.85 
2016/12/12 31.75 31.85 31.40 31.70 
2016/12/13 31.70 31.70 31.45 31.55 
2016/12/14 31.50 31.70 31.50 31.60 
2016/12/15 31.50 31.90 31.50 31.80 
2016/12/16 31.80 32.65 31.70 32.65 
2016/12/19 32.60 32.60 32.10 32.15 
2016/12/20 32.45 32.45 32.10 32.20 
2016/12/21 32.45 32.45 32.05 32.25 
2016/12/22 32.25 32.25 31.90 32.15 
2016/12/23 32.00 32.20 31.90 32.20 
2016/12/26 32.25 32.25 32.10 32.10 
2016/12/27 32.10 32.10 32.00 32.00 
2016/12/28 32.00 32.10 32.00 32.05 
2016/12/29 31.95 32.20 31.95 32.15 
2016/12/30 32.10 32.20 32.10 32.15 
2017/01/03 32.30 32.40 32.20 32.30 
2017/01/04 32.25 32.25 32.00 32.00 
2017/01/05 32.05 32.25 32.05 32.10 
2017/01/06 32.20 32.25 32.05 32.20 
2017/01/09 32.10 32.20 31.95 32.10 
2017/01/10 32.00 32.15 32.00 32.05 
2017/01/11 32.05 32.25 32.00 32.20 
2017/01/12 32.25 32.30 32.20 32.30 
2017/01/13 32.30 32.35 32.20 32.30 
2017/01/16 32.30 32.30 32.05 32.15 
2017/01/17 32.10 32.35 32.10 32.30 
2017/01/18 32.30 32.35 32.15 32.35 
2017/01/19 32.30 32.35 32.20 32.35 
2017/01/20 32.35 32.35 32.20 32.25 
2017/01/23 32.25 32.40 32.20 32.35 
2017/01/24 32.35 32.55 32.20 32.35 
2017/02/02 33.05 33.05 32.65 32.75 
2017/02/03 32.85 33.00 32.75 32.90 
2017/02/06 32.90 33.10 32.85 33.00 
2017/02/07 33.05 33.15 32.95 33.15 
2017/02/08 33.10 33.10 32.95 33.10 
