2016/07/01 8.90 8.97 8.80 8.85 
2016/07/04 8.85 8.85 8.75 8.75 
2016/07/05 8.80 8.80 8.69 8.78 
2016/07/06 8.73 8.73 8.60 8.69 
2016/07/07 8.75 8.84 8.71 8.84 
2016/07/11 8.90 9.09 8.78 9.00 
2016/07/12 9.25 9.65 9.20 9.45 
2016/07/13 9.36 9.84 9.22 9.64 
2016/07/14 9.63 9.75 9.59 9.60 
2016/07/15 9.70 9.78 9.66 9.75 
2016/07/18 9.78 9.88 9.75 9.84 
2016/07/19 9.98 10.45 9.89 10.05 
2016/07/20 10.00 10.30 9.99 10.10 
2016/07/21 10.20 11.05 10.20 10.90 
2016/07/22 10.80 11.70 10.75 11.35 
2016/07/25 11.40 11.40 10.65 10.95 
2016/07/26 10.95 11.30 10.75 11.15 
2016/07/27 11.30 11.30 10.65 10.65 
2016/07/28 10.70 10.80 10.30 10.40 
2016/07/29 10.45 10.45 10.15 10.20 
2016/08/01 10.40 10.45 10.20 10.40 
2016/08/02 10.45 10.45 10.30 10.35 
2016/08/03 10.30 10.60 10.30 10.45 
2016/08/04 10.50 11.25 10.50 11.00 
2016/08/05 10.95 10.95 10.70 10.70 
2016/08/08 10.85 11.10 10.75 10.80 
2016/08/09 10.75 11.00 10.35 10.45 
2016/08/10 10.50 10.55 9.88 9.92 
2016/08/11 9.87 10.10 9.86 9.94 
2016/08/12 9.96 9.99 9.62 9.64 
2016/08/15 10.10 10.35 9.95 10.05 
2016/08/16 10.05 10.10 9.93 9.94 
2016/08/17 9.94 10.00 9.81 9.95 
2016/08/18 9.98 10.30 9.98 10.15 
2016/08/19 10.10 10.25 9.96 9.97 
2016/08/22 10.05 10.30 9.99 10.05 
2016/08/23 10.15 10.30 9.99 10.20 
2016/08/24 10.25 10.30 10.10 10.30 
2016/08/25 10.35 10.40 10.10 10.15 
2016/08/26 10.20 10.25 10.10 10.20 
2016/08/29 10.25 11.20 10.25 11.20 
2016/08/30 11.55 11.75 11.25 11.25 
2016/08/31 11.35 11.65 11.05 11.15 
2016/09/01 11.35 11.35 10.95 11.05 
2016/09/02 11.05 11.05 10.45 10.45 
2016/09/05 10.50 10.70 10.30 10.50 
2016/09/06 10.50 10.60 10.35 10.40 
2016/09/07 10.50 10.65 10.40 10.65 
2016/09/08 10.75 10.85 10.65 10.70 
2016/09/09 10.70 10.75 10.55 10.65 
2016/09/10 10.25 10.50 10.25 10.40 
2016/09/12 10.50 10.70 10.35 10.35 
2016/09/13 10.60 10.85 10.50 10.60 
2016/09/14 10.60 10.65 10.35 10.45 
2016/09/19 10.65 10.65 10.45 10.50 
2016/09/20 10.50 10.75 10.50 10.50 
2016/09/21 10.60 10.70 10.50 10.60 
2016/09/22 10.65 10.65 10.40 10.40 
2016/09/23 10.45 10.70 10.45 10.55 
2016/09/26 10.55 10.55 10.40 10.40 
2016/09/29 10.50 10.50 10.25 10.30 
2016/09/30 10.40 10.40 10.20 10.25 
2016/10/03 10.30 10.50 10.25 10.50 
2016/10/04 10.65 10.65 10.45 10.60 
2016/10/05 10.70 10.70 10.40 10.50 
2016/10/06 10.50 10.50 10.35 10.50 
2016/10/07 10.50 10.60 10.35 10.35 
2016/10/11 10.45 10.45 9.92 10.00 
2016/10/12 9.93 10.05 9.91 10.00 
2016/10/13 10.10 10.10 9.80 9.80 
2016/10/14 9.82 9.86 9.54 9.54 
2016/10/17 9.65 9.65 9.47 9.61 
2016/10/18 9.63 9.74 9.53 9.74 
2016/10/19 9.77 9.86 9.67 9.86 
2016/10/20 9.94 10.15 9.85 9.89 
2016/10/21 9.88 9.98 9.81 9.90 
2016/10/24 9.95 10.05 9.88 9.95 
2016/10/25 9.91 10.10 9.88 10.05 
2016/10/26 10.05 10.10 9.92 10.00 
2016/10/27 10.05 10.05 9.92 9.98 
2016/10/28 9.98 9.98 9.83 9.85 
2016/10/31 9.80 9.81 9.73 9.80 
2016/11/01 9.79 10.05 9.67 9.94 
2016/11/02 9.94 9.94 9.78 9.85 
2016/11/03 9.98 10.30 9.97 10.20 
2016/11/04 10.40 10.45 10.20 10.20 
2016/11/07 10.20 10.25 10.05 10.15 
2016/11/08 10.25 10.25 9.85 9.95 
2016/11/09 10.00 10.05 9.52 9.55 
2016/11/10 9.70 9.85 9.70 9.79 
2016/11/11 10.05 10.15 9.96 10.00 
2016/11/14 10.05 10.10 9.94 9.98 
2016/11/15 10.10 10.50 10.10 10.40 
2016/11/16 10.55 11.10 10.40 10.85 
2016/11/17 10.95 11.05 10.80 10.80 
2016/11/18 10.80 10.85 10.65 10.75 
2016/11/21 10.80 11.15 10.75 11.15 
2016/11/22 11.25 11.30 10.95 11.20 
2016/11/23 11.20 11.55 11.10 11.20 
2016/11/24 11.20 11.30 10.85 10.95 
2016/11/25 10.90 11.20 10.85 11.05 
2016/11/28 11.20 11.20 10.95 10.95 
2016/11/29 10.85 11.20 10.85 11.00 
2016/11/30 11.00 11.30 11.00 11.05 
2016/12/01 11.20 11.20 11.10 11.20 
2016/12/02 11.15 11.35 11.10 11.35 
2016/12/05 11.60 12.45 11.55 12.45 
2016/12/06 12.60 12.60 12.10 12.35 
2016/12/07 12.45 13.30 12.40 13.10 
2016/12/08 13.45 13.65 13.10 13.35 
2016/12/09 13.35 13.35 13.00 13.25 
2016/12/12 13.30 13.40 12.55 12.55 
2016/12/13 12.55 13.15 12.55 13.05 
2016/12/14 13.30 13.30 12.80 12.85 
2016/12/15 12.75 13.15 12.75 13.15 
2016/12/16 13.20 13.35 12.85 12.90 
2016/12/19 12.75 12.85 12.30 12.45 
2016/12/20 12.45 12.50 12.00 12.30 
2016/12/21 12.55 12.65 12.30 12.35 
2016/12/22 12.30 12.35 11.80 11.80 
2016/12/23 11.75 12.15 11.65 12.00 
2016/12/26 12.00 12.10 11.85 11.90 
2016/12/27 12.00 12.30 11.85 12.20 
2016/12/28 12.15 12.30 12.00 12.30 
2016/12/29 12.30 12.30 12.15 12.30 
2016/12/30 12.50 12.70 12.25 12.60 
2017/01/03 12.80 12.85 12.60 12.65 
2017/01/04 12.70 12.75 12.60 12.65 
2017/01/05 12.85 13.10 12.65 12.90 
2017/01/06 12.95 12.95 12.55 12.55 
2017/01/09 12.70 12.75 12.60 12.70 
2017/01/10 12.90 13.00 12.65 12.75 
2017/01/11 12.90 12.90 12.25 12.25 
2017/01/12 12.35 12.35 12.15 12.15 
2017/01/13 12.10 12.30 12.10 12.20 
2017/01/16 12.20 12.20 11.75 11.75 
2017/01/17 11.70 11.95 11.70 11.85 
2017/01/18 11.85 12.00 11.85 12.00 
2017/01/19 12.05 12.25 11.90 12.25 
2017/01/20 12.30 12.60 12.25 12.55 
2017/01/23 12.60 12.60 12.20 12.30 
2017/01/24 12.30 12.30 11.95 12.00 
2017/02/02 12.00 12.10 11.95 12.10 
2017/02/03 12.10 12.20 11.95 12.05 
2017/02/06 12.10 12.80 12.10 12.65 
2017/02/07 12.65 12.90 12.45 12.65 
2017/02/08 12.50 12.50 12.25 12.35 
