2016/07/01 36.80 36.80 36.10 36.60 
2016/07/04 36.60 38.50 36.60 38.10 
2016/07/05 38.20 38.90 37.70 38.00 
2016/07/06 38.00 38.00 37.05 37.30 
2016/07/07 37.40 37.75 37.20 37.50 
2016/07/11 37.70 38.00 37.60 37.75 
2016/07/12 38.80 39.50 38.15 38.15 
2016/07/13 38.50 38.60 38.00 38.45 
2016/07/14 38.45 39.40 38.15 38.60 
2016/07/15 38.90 39.05 38.60 38.80 
2016/07/18 39.50 39.60 38.90 39.25 
2016/07/19 37.50 37.95 37.30 37.50 
2016/07/20 37.50 37.80 37.20 37.50 
2016/07/21 37.70 37.80 36.95 36.95 
2016/07/22 37.00 37.65 36.95 37.30 
2016/07/25 37.40 37.45 36.00 36.25 
2016/07/26 36.45 37.40 36.25 37.30 
2016/07/27 37.75 38.40 37.40 37.90 
2016/07/28 38.45 39.30 38.30 39.00 
2016/07/29 40.50 41.75 40.10 41.00 
2016/08/01 41.00 42.75 40.40 42.20 
2016/08/02 42.15 42.15 41.20 41.50 
2016/08/03 41.00 42.20 40.70 40.80 
2016/08/04 41.40 41.40 40.10 41.10 
2016/08/05 39.80 40.40 37.90 39.70 
2016/08/08 39.70 40.35 38.85 39.60 
2016/08/09 39.60 40.10 38.90 40.00 
2016/08/10 40.00 40.00 39.25 39.35 
2016/08/11 40.35 40.60 38.10 38.10 
2016/08/12 38.50 38.95 37.30 37.90 
2016/08/15 38.00 38.50 37.55 38.50 
2016/08/16 38.50 38.65 37.80 38.30 
2016/08/17 38.00 38.15 37.35 37.55 
2016/08/18 37.65 38.20 37.65 37.85 
2016/08/19 37.85 38.00 37.50 37.55 
2016/08/22 37.60 38.20 37.45 37.65 
2016/08/23 37.65 37.95 37.65 37.75 
2016/08/24 38.00 38.30 37.75 37.90 
2016/08/25 38.00 41.00 37.95 40.80 
2016/08/26 41.00 41.50 40.00 40.00 
2016/08/29 40.20 41.90 40.00 41.15 
2016/08/30 41.15 41.50 40.75 41.40 
2016/08/31 41.70 42.40 40.80 40.85 
2016/09/01 40.85 41.40 40.55 40.60 
2016/09/02 41.00 41.10 39.50 39.55 
2016/09/05 39.60 39.85 38.80 39.30 
2016/09/06 39.70 40.80 39.70 40.30 
2016/09/07 40.15 40.35 39.80 40.15 
2016/09/08 40.20 40.30 39.50 39.90 
2016/09/09 40.25 40.45 39.85 39.95 
2016/09/10 40.50 40.90 40.00 40.00 
2016/09/12 40.50 40.50 38.85 38.85 
2016/09/13 39.50 39.55 38.20 38.60 
2016/09/14 38.60 39.15 38.60 38.80 
2016/09/19 39.45 39.45 38.95 39.05 
2016/09/20 39.20 40.25 39.20 39.60 
2016/09/21 39.65 40.15 39.30 39.75 
2016/09/22 40.00 40.10 39.70 39.85 
2016/09/23 40.10 41.70 39.90 41.15 
2016/09/26 41.70 42.70 41.35 42.50 
2016/09/29 43.10 43.70 41.60 41.70 
2016/09/30 41.75 43.60 41.70 43.40 
2016/10/03 44.40 47.70 44.40 47.70 
2016/10/04 48.25 49.15 46.40 48.40 
2016/10/05 48.40 52.20 48.05 52.20 
2016/10/06 52.00 53.20 49.35 49.35 
2016/10/07 49.20 49.80 48.20 48.45 
2016/10/11 48.25 48.40 43.65 44.20 
2016/10/12 45.00 46.20 44.35 44.35 
2016/10/13 44.60 44.65 42.70 43.40 
2016/10/14 43.90 44.20 41.50 42.50 
2016/10/17 42.60 43.90 42.05 43.55 
2016/10/18 43.10 43.90 42.80 43.40 
2016/10/19 43.80 44.45 43.60 43.65 
2016/10/20 43.65 43.95 43.40 43.65 
2016/10/21 44.50 46.20 44.45 44.85 
2016/10/24 45.00 45.50 44.70 45.00 
2016/10/25 45.25 45.40 43.60 43.85 
2016/10/26 43.50 43.80 43.00 43.75 
2016/10/27 43.75 43.90 43.20 43.60 
2016/10/28 43.60 44.15 43.40 43.80 
2016/10/31 43.80 43.80 43.20 43.50 
2016/11/01 43.50 45.30 43.50 44.10 
2016/11/02 44.05 44.50 42.40 42.45 
2016/11/03 42.40 42.80 39.35 40.80 
2016/11/04 41.20 42.20 40.80 40.90 
2016/11/07 40.50 41.50 40.50 41.05 
2016/11/08 41.05 41.60 39.70 40.30 
2016/11/09 40.50 40.70 37.70 37.70 
2016/11/10 39.40 40.90 39.30 40.70 
2016/11/11 40.70 40.70 38.90 39.15 
2016/11/14 39.00 39.15 38.25 38.45 
2016/11/15 38.35 39.70 38.35 39.05 
2016/11/16 39.20 39.60 38.45 38.60 
2016/11/17 38.60 39.25 38.50 39.15 
2016/11/18 39.20 40.70 39.20 40.25 
2016/11/21 40.95 41.10 39.65 39.80 
2016/11/22 40.00 40.30 39.80 40.10 
2016/11/23 40.10 40.55 40.00 40.15 
2016/11/24 40.05 40.45 39.25 39.70 
2016/11/25 39.70 39.95 39.30 39.85 
2016/11/28 39.70 40.10 39.65 39.65 
2016/11/29 39.65 39.65 39.20 39.40 
2016/11/30 39.40 39.75 39.00 39.60 
2016/12/01 39.50 39.60 39.05 39.20 
2016/12/02 39.20 39.20 38.60 38.65 
2016/12/05 38.70 39.10 38.70 39.05 
2016/12/06 39.20 39.20 38.70 39.00 
2016/12/07 39.35 39.35 38.90 39.30 
2016/12/08 39.20 39.90 39.20 39.70 
2016/12/09 40.00 40.60 39.70 39.85 
2016/12/12 40.20 40.20 39.10 39.10 
2016/12/13 39.10 39.30 38.75 39.20 
2016/12/14 39.25 39.45 39.05 39.25 
2016/12/15 39.00 39.55 38.85 39.55 
2016/12/16 39.55 39.95 39.50 39.75 
2016/12/19 39.65 39.75 39.10 39.40 
2016/12/20 39.30 39.40 39.10 39.35 
2016/12/21 39.30 39.40 38.55 38.80 
2016/12/22 38.80 38.90 38.50 38.70 
2016/12/23 38.70 39.00 38.50 38.60 
2016/12/26 38.70 38.95 38.40 38.40 
2016/12/27 38.50 38.50 38.15 38.30 
2016/12/28 38.20 38.45 38.20 38.30 
2016/12/29 38.20 38.20 37.85 37.95 
2016/12/30 38.00 38.65 37.85 38.65 
2017/01/03 38.65 38.65 37.90 37.90 
2017/01/04 38.15 38.35 37.90 37.95 
2017/01/05 38.10 38.45 37.90 38.25 
2017/01/06 38.50 39.75 38.35 39.50 
2017/01/09 39.55 39.90 38.50 38.50 
2017/01/10 38.50 38.85 38.15 38.60 
2017/01/11 39.70 42.45 39.20 42.45 
2017/01/12 43.60 44.70 43.05 44.05 
2017/01/13 44.00 44.00 42.60 43.95 
2017/01/16 44.45 45.20 43.30 43.30 
2017/01/17 43.40 43.80 43.00 43.40 
2017/01/18 43.70 44.40 43.35 43.70 
2017/01/19 44.10 45.45 44.05 44.20 
2017/01/20 44.65 44.65 43.50 43.85 
2017/01/23 43.80 44.20 43.15 43.25 
2017/01/24 43.25 43.25 42.10 42.45 
2017/02/02 42.60 43.45 42.00 42.90 
2017/02/03 43.00 43.60 42.90 43.50 
2017/02/06 43.85 45.25 43.30 44.75 
2017/02/07 45.20 45.60 43.80 43.80 
2017/02/08 43.80 44.25 43.40 43.80 
