2016/07/01 34.15 34.20 33.60 33.95 
2016/07/04 33.95 34.20 33.75 34.05 
2016/07/05 34.00 34.15 33.80 33.85 
2016/07/06 33.35 34.10 33.35 34.10 
2016/07/07 34.60 34.75 34.15 34.15 
2016/07/11 35.20 36.60 35.10 36.00 
2016/07/12 36.00 37.00 35.85 36.90 
2016/07/13 37.15 37.30 36.50 36.95 
2016/07/14 36.95 37.70 36.70 37.15 
2016/07/15 37.25 37.40 36.70 36.75 
2016/07/18 36.85 36.85 35.90 36.50 
2016/07/19 37.00 37.75 36.90 37.00 
2016/07/20 37.00 37.25 36.55 36.80 
2016/07/21 37.15 37.50 37.00 37.30 
2016/07/22 37.00 37.45 36.90 36.90 
2016/07/25 37.00 37.35 36.25 36.30 
2016/07/26 36.30 36.50 36.05 36.45 
2016/07/27 37.30 38.45 37.05 37.55 
2016/07/28 37.55 37.70 37.15 37.45 
2016/07/29 37.50 37.70 36.90 37.40 
2016/08/01 37.55 37.75 37.20 37.35 
2016/08/02 37.35 38.15 37.25 38.05 
2016/08/03 37.80 38.10 37.45 37.90 
2016/08/04 38.30 38.40 37.90 38.20 
2016/08/05 34.40 34.90 34.40 34.50 
2016/08/08 34.50 34.65 33.70 33.90 
2016/08/09 34.00 34.65 34.00 34.40 
2016/08/10 32.50 32.80 32.35 32.45 
2016/08/11 32.50 32.60 31.75 32.30 
2016/08/12 32.35 32.40 31.85 32.00 
2016/08/15 32.20 32.30 31.40 32.15 
2016/08/16 32.25 32.40 32.00 32.20 
2016/08/17 32.20 32.20 31.80 31.80 
2016/08/18 31.85 32.65 31.80 32.50 
2016/08/19 32.70 32.70 32.05 32.05 
2016/08/22 31.85 32.05 30.80 31.10 
2016/08/23 31.10 31.25 30.90 30.90 
2016/08/24 30.95 31.10 30.85 30.90 
2016/08/25 31.00 31.45 31.00 31.15 
2016/08/26 31.40 31.70 31.20 31.45 
2016/08/29 31.55 31.75 31.10 31.55 
2016/08/30 31.50 31.70 31.35 31.50 
2016/08/31 31.50 31.75 31.20 31.60 
2016/09/01 31.65 31.85 31.65 31.70 
2016/09/02 31.85 32.60 31.80 31.90 
2016/09/05 32.10 32.50 32.10 32.25 
2016/09/06 32.35 32.45 32.00 32.10 
2016/09/07 32.25 32.65 32.10 32.30 
2016/09/08 32.60 33.45 32.40 33.25 
2016/09/09 33.30 33.30 32.65 33.10 
2016/09/10 32.50 32.55 32.10 32.30 
2016/09/12 32.30 32.45 31.90 31.95 
2016/09/13 32.05 32.20 31.60 31.60 
2016/09/14 31.40 31.90 31.35 31.65 
2016/09/19 31.65 32.30 31.65 31.90 
2016/09/20 31.95 32.35 31.85 32.00 
2016/09/21 32.00 32.60 31.90 32.35 
2016/09/22 32.60 32.60 32.20 32.25 
2016/09/23 32.45 32.50 32.15 32.15 
2016/09/26 32.15 32.50 32.15 32.50 
2016/09/29 32.55 33.40 32.50 32.50 
2016/09/30 32.30 32.50 32.05 32.15 
2016/10/03 32.20 32.80 31.85 31.85 
2016/10/04 32.10 32.20 31.80 32.20 
2016/10/05 32.15 32.35 32.05 32.25 
2016/10/06 32.40 32.50 32.25 32.30 
2016/10/07 32.35 32.45 32.10 32.15 
2016/10/11 32.00 32.00 31.30 31.45 
2016/10/12 31.45 31.60 31.30 31.40 
2016/10/13 31.55 31.85 31.50 31.50 
2016/10/14 31.50 31.75 31.00 31.05 
2016/10/17 31.30 31.50 31.05 31.20 
2016/10/18 31.30 31.30 31.05 31.15 
2016/10/19 31.30 31.40 31.20 31.25 
2016/10/20 31.70 31.95 31.50 31.60 
2016/10/21 31.60 31.75 31.45 31.70 
2016/10/24 31.95 31.95 31.40 31.55 
2016/10/25 31.60 31.70 31.45 31.55 
2016/10/26 31.50 31.65 31.40 31.50 
2016/10/27 31.50 31.65 31.40 31.65 
2016/10/28 31.50 31.75 31.40 31.50 
2016/10/31 31.50 31.65 31.45 31.45 
2016/11/01 31.45 31.45 31.10 31.20 
2016/11/02 31.20 31.30 30.30 30.30 
2016/11/03 30.50 30.60 29.90 29.90 
2016/11/04 29.15 29.70 28.90 29.35 
2016/11/07 29.60 29.85 29.50 29.65 
2016/11/08 29.65 29.65 28.90 29.20 
2016/11/09 29.20 29.50 27.35 27.35 
2016/11/10 25.65 28.25 25.65 28.00 
2016/11/11 28.00 28.00 26.80 27.05 
2016/11/14 26.80 27.00 26.55 26.85 
2016/11/15 26.75 26.95 26.55 26.80 
2016/11/16 26.85 27.15 26.85 27.10 
2016/11/17 27.10 27.25 26.35 26.50 
2016/11/18 26.45 26.90 26.45 26.80 
2016/11/21 26.85 27.15 26.80 27.05 
2016/11/22 27.20 28.85 27.15 28.70 
2016/11/23 28.80 28.85 28.20 28.50 
2016/11/24 28.30 28.75 28.30 28.60 
2016/11/25 28.65 28.85 28.50 28.55 
2016/11/28 28.80 28.80 28.50 28.60 
2016/11/29 28.70 30.10 28.70 29.40 
2016/11/30 29.40 29.80 29.05 29.50 
2016/12/01 29.65 29.70 29.15 29.20 
2016/12/02 29.20 29.20 28.85 29.15 
2016/12/05 29.15 29.25 28.75 28.75 
2016/12/06 29.00 29.15 28.80 28.90 
2016/12/07 29.25 29.25 28.80 29.00 
2016/12/08 29.25 29.25 28.80 29.05 
2016/12/09 29.05 29.10 28.75 28.90 
2016/12/12 28.90 29.15 28.80 28.80 
2016/12/13 28.80 29.00 28.75 28.85 
2016/12/14 29.00 29.35 28.75 28.95 
2016/12/15 29.05 29.05 28.60 28.85 
2016/12/16 29.05 29.60 29.05 29.30 
2016/12/19 29.60 30.00 29.50 29.65 
2016/12/20 29.85 29.95 29.55 29.65 
2016/12/21 29.75 29.90 29.65 29.65 
2016/12/22 29.90 31.25 29.90 30.10 
2016/12/23 30.00 30.35 29.95 29.95 
2016/12/26 30.15 30.25 29.50 29.60 
2016/12/27 29.65 30.25 29.65 29.90 
2016/12/28 30.00 30.85 29.95 30.75 
2016/12/29 30.30 30.55 30.00 30.10 
2016/12/30 30.25 30.65 30.10 30.35 
2017/01/03 30.35 30.80 30.10 30.75 
2017/01/04 32.40 32.60 31.55 31.55 
2017/01/05 31.65 31.70 31.35 31.45 
2017/01/06 31.55 31.80 31.45 31.60 
2017/01/09 31.75 31.95 31.55 31.85 
2017/01/10 31.80 32.10 31.60 31.65 
2017/01/11 31.70 32.00 31.65 32.00 
2017/01/12 32.15 32.15 31.65 31.70 
2017/01/13 31.70 31.75 31.30 31.30 
2017/01/16 31.40 31.60 31.10 31.35 
2017/01/17 31.20 31.60 31.20 31.55 
2017/01/18 31.50 31.60 31.30 31.35 
2017/01/19 31.40 31.75 31.40 31.40 
2017/01/20 31.55 31.90 31.45 31.85 
2017/01/23 32.10 32.25 31.85 32.00 
2017/01/24 32.00 32.55 32.00 32.15 
2017/02/02 32.20 32.30 31.75 32.10 
2017/02/03 32.20 32.70 32.20 32.65 
2017/02/06 32.80 32.90 32.60 32.80 
2017/02/07 32.75 32.80 32.50 32.60 
2017/02/08 32.75 32.80 32.50 32.55 
