2016/07/01 40.80 41.70 40.75 41.70 
2016/07/04 42.00 42.40 41.80 42.40 
2016/07/05 42.40 42.45 41.85 41.90 
2016/07/06 41.85 41.85 41.30 41.40 
2016/07/07 41.40 41.80 41.40 41.55 
2016/07/11 42.00 42.15 41.80 42.05 
2016/07/12 42.20 42.40 42.20 42.35 
2016/07/13 42.35 43.20 42.15 43.20 
2016/07/14 43.35 44.60 43.25 44.30 
2016/07/15 44.90 45.60 43.75 43.90 
2016/07/18 44.20 44.40 43.35 43.60 
2016/07/19 43.85 44.10 43.60 43.80 
2016/07/20 43.80 43.80 43.25 43.40 
2016/07/21 43.65 44.30 43.65 44.20 
2016/07/22 44.20 44.30 43.80 44.00 
2016/07/25 44.00 44.30 43.60 43.90 
2016/07/26 44.20 44.30 43.70 44.25 
2016/07/27 44.70 44.70 43.85 43.90 
2016/07/28 44.00 44.10 43.60 43.65 
2016/07/29 43.65 43.80 43.50 43.55 
2016/08/01 43.65 44.20 43.60 44.10 
2016/08/02 44.10 44.55 43.90 44.30 
2016/08/03 44.10 44.40 43.75 44.30 
2016/08/04 39.60 39.80 39.10 39.20 
2016/08/05 39.40 39.55 38.70 38.70 
2016/08/08 38.90 39.00 38.70 38.85 
2016/08/09 39.00 39.20 38.65 39.20 
2016/08/10 39.40 40.00 39.35 39.90 
2016/08/11 41.00 41.45 40.70 41.10 
2016/08/12 41.50 42.55 41.45 42.40 
2016/08/15 42.60 43.20 42.60 42.60 
2016/08/16 42.95 42.95 42.35 42.70 
2016/08/17 42.50 42.95 42.50 42.95 
2016/08/18 43.00 44.25 43.00 44.00 
2016/08/19 44.25 44.30 43.40 44.10 
2016/08/22 44.10 44.35 43.65 44.25 
2016/08/23 44.35 44.90 44.35 44.40 
2016/08/24 44.40 44.50 43.80 44.00 
2016/08/25 44.00 44.00 43.55 43.85 
2016/08/26 43.85 44.20 43.80 43.80 
2016/08/29 43.80 44.00 43.45 44.00 
2016/08/30 44.00 44.00 43.40 43.50 
2016/08/31 43.45 43.50 42.85 43.50 
2016/09/01 43.50 44.00 42.95 43.95 
2016/09/02 43.95 43.95 43.00 43.50 
2016/09/05 43.70 43.85 43.00 43.50 
2016/09/06 43.75 44.50 43.55 44.50 
2016/09/07 44.35 45.00 44.35 44.60 
2016/09/08 44.30 44.30 43.70 44.10 
2016/09/09 43.70 43.75 43.35 43.50 
2016/09/10 43.70 44.25 43.35 43.80 
2016/09/12 44.00 44.10 43.40 43.40 
2016/09/13 43.60 43.75 42.15 42.15 
2016/09/14 42.00 42.10 41.30 41.70 
2016/09/19 42.60 42.65 41.90 42.40 
2016/09/20 42.40 42.75 42.05 42.45 
2016/09/21 42.45 43.85 42.40 43.75 
2016/09/22 43.75 43.95 43.10 43.20 
2016/09/23 43.25 43.55 43.20 43.25 
2016/09/26 43.25 43.45 42.70 42.70 
2016/09/29 42.70 43.15 42.70 42.80 
2016/09/30 42.70 43.10 42.65 43.05 
2016/10/03 43.30 43.45 42.85 42.85 
2016/10/04 42.80 43.10 42.75 43.10 
2016/10/05 43.10 43.30 42.95 43.25 
2016/10/06 43.30 43.80 43.30 43.65 
2016/10/07 43.70 44.30 43.70 43.85 
2016/10/11 44.10 44.20 42.90 43.20 
2016/10/12 43.20 43.35 42.80 42.85 
2016/10/13 42.95 43.10 42.65 42.70 
2016/10/14 42.60 42.70 42.20 42.20 
2016/10/17 42.20 42.50 41.90 42.25 
2016/10/18 42.25 42.55 42.10 42.35 
2016/10/19 42.55 43.50 42.40 43.40 
2016/10/20 43.40 43.60 43.00 43.10 
2016/10/21 43.40 43.95 43.05 43.65 
2016/10/24 43.95 44.80 43.80 44.70 
2016/10/25 45.30 45.65 44.80 44.95 
2016/10/26 45.00 45.00 44.45 44.90 
2016/10/27 44.90 45.10 44.55 44.75 
2016/10/28 44.90 45.00 44.45 44.70 
2016/10/31 44.70 45.00 44.25 44.75 
2016/11/01 44.75 45.75 44.50 45.35 
2016/11/02 45.00 45.15 43.80 43.95 
2016/11/03 44.00 44.40 43.30 43.75 
2016/11/04 43.80 44.20 43.25 43.35 
2016/11/07 44.15 44.20 43.65 44.05 
2016/11/08 44.60 44.70 44.15 44.35 
2016/11/09 44.35 44.50 43.10 43.30 
2016/11/10 44.30 45.25 44.00 45.00 
2016/11/11 44.10 44.65 44.00 44.00 
2016/11/14 44.45 44.45 43.75 44.00 
2016/11/15 44.00 44.45 44.00 44.05 
2016/11/16 44.05 44.25 43.55 43.65 
2016/11/17 43.90 43.95 43.40 43.55 
2016/11/18 43.60 43.85 43.55 43.75 
2016/11/21 43.95 43.95 43.40 43.65 
2016/11/22 43.65 43.95 43.45 43.85 
2016/11/23 44.00 44.45 43.85 44.30 
2016/11/24 44.50 44.50 43.95 44.05 
2016/11/25 44.15 44.40 44.10 44.30 
2016/11/28 44.30 44.60 44.25 44.50 
2016/11/29 44.50 44.60 44.05 44.60 
2016/11/30 44.60 45.15 44.60 45.00 
2016/12/01 45.00 45.50 45.00 45.40 
2016/12/02 45.20 45.50 44.85 45.40 
2016/12/05 45.10 45.35 40.90 41.50 
2016/12/06 41.50 42.35 41.50 42.10 
2016/12/07 43.00 43.00 42.10 42.75 
2016/12/08 42.65 42.90 42.15 42.70 
2016/12/09 42.50 42.90 42.40 42.60 
2016/12/12 42.80 43.35 42.75 43.30 
2016/12/13 43.30 43.75 43.20 43.50 
2016/12/14 43.50 43.55 43.15 43.20 
2016/12/15 43.10 43.25 42.75 43.00 
2016/12/16 43.00 43.45 42.85 43.05 
2016/12/19 43.05 43.20 43.05 43.15 
2016/12/20 43.00 43.20 42.95 43.20 
2016/12/21 43.20 43.20 42.90 42.95 
2016/12/22 43.00 43.00 42.30 42.35 
2016/12/23 42.10 42.30 41.90 41.95 
2016/12/26 41.90 42.15 41.90 42.10 
2016/12/27 42.10 42.45 42.00 42.15 
2016/12/28 42.20 42.80 42.20 42.80 
2016/12/29 42.80 42.80 42.60 42.75 
2016/12/30 42.60 43.15 42.55 43.00 
2017/01/03 43.00 43.35 42.60 43.35 
2017/01/04 43.50 43.50 42.80 43.10 
2017/01/05 43.00 43.35 42.80 43.10 
2017/01/06 43.00 43.20 42.90 43.10 
2017/01/09 43.10 43.10 42.60 42.75 
2017/01/10 42.55 42.90 42.50 42.90 
2017/01/11 43.15 43.30 43.00 43.20 
2017/01/12 43.25 43.25 43.00 43.05 
2017/01/13 43.05 43.30 43.00 43.30 
2017/01/16 43.40 43.40 43.10 43.25 
2017/01/17 43.00 43.20 42.95 43.15 
2017/01/18 43.15 43.25 43.05 43.10 
2017/01/19 43.05 43.30 43.00 43.15 
2017/01/20 43.15 43.20 43.05 43.05 
2017/01/23 43.00 43.30 43.00 43.10 
2017/01/24 43.30 43.35 43.10 43.35 
2017/02/02 43.35 43.85 43.25 43.55 
2017/02/03 43.55 44.40 43.55 44.40 
2017/02/06 43.50 44.30 43.50 43.95 
2017/02/07 44.00 44.25 43.70 43.80 
2017/02/08 43.50 43.80 43.30 43.75 
