2016/07/01 14.20 14.30 14.05 14.10 
2016/07/04 14.15 14.25 14.05 14.20 
2016/07/05 14.20 14.20 14.00 14.05 
2016/07/06 14.05 14.10 13.80 13.90 
2016/07/07 13.95 14.15 13.80 13.85 
2016/07/11 13.95 14.05 13.55 13.60 
2016/07/12 13.60 13.75 13.40 13.45 
2016/07/13 13.45 13.70 13.40 13.55 
2016/07/14 13.55 13.75 13.50 13.65 
2016/07/15 13.65 13.95 13.60 13.75 
2016/07/18 13.85 14.10 13.80 14.00 
2016/07/19 14.00 14.00 13.80 13.85 
2016/07/20 13.80 14.00 13.80 13.95 
2016/07/21 14.00 14.25 13.90 14.10 
2016/07/22 14.15 14.20 13.95 14.00 
2016/07/25 14.10 14.25 14.00 14.10 
2016/07/26 14.05 14.10 14.00 14.00 
2016/07/27 14.10 14.15 14.00 14.05 
2016/07/28 13.85 13.90 13.60 13.60 
2016/07/29 13.55 13.65 13.30 13.60 
2016/08/01 13.50 13.60 13.40 13.50 
2016/08/02 13.50 13.50 13.20 13.20 
2016/08/03 13.15 13.25 13.00 13.05 
2016/08/04 13.05 13.20 13.00 13.05 
2016/08/05 13.10 13.20 13.10 13.15 
2016/08/08 13.20 13.25 13.10 13.10 
2016/08/09 13.10 13.20 12.90 13.00 
2016/08/10 13.00 13.05 12.80 12.85 
2016/08/11 12.80 12.90 12.75 12.85 
2016/08/12 12.90 13.00 12.80 13.00 
2016/08/15 13.00 13.05 12.90 13.05 
2016/08/16 13.10 13.10 12.90 12.95 
2016/08/17 12.95 13.00 12.85 12.85 
2016/08/18 12.90 13.35 12.85 13.10 
2016/08/19 13.20 13.25 13.00 13.05 
2016/08/22 13.05 13.05 12.90 12.90 
2016/08/23 13.00 13.20 13.00 13.05 
2016/08/24 13.10 13.15 12.95 13.05 
2016/08/25 13.10 13.20 13.05 13.20 
2016/08/26 13.20 13.20 13.10 13.15 
2016/08/29 13.15 13.30 13.10 13.10 
2016/08/30 13.15 13.20 13.00 13.00 
2016/08/31 13.05 13.05 12.95 13.00 
2016/09/01 13.00 13.15 12.95 13.00 
2016/09/02 13.05 13.10 12.85 12.85 
2016/09/05 13.00 13.00 12.80 12.85 
2016/09/06 12.95 13.45 12.90 13.30 
2016/09/07 13.35 13.35 13.20 13.35 
2016/09/08 13.35 13.70 13.35 13.50 
2016/09/09 13.45 13.50 13.25 13.35 
2016/09/10 13.10 13.30 13.05 13.20 
2016/09/12 13.20 13.25 13.05 13.05 
2016/09/13 13.15 13.20 13.00 13.05 
2016/09/14 13.00 13.10 12.85 12.85 
2016/09/19 13.00 13.10 12.95 13.00 
2016/09/20 13.10 13.10 12.95 13.05 
2016/09/21 13.05 13.35 13.05 13.25 
2016/09/22 13.35 13.35 13.20 13.30 
2016/09/23 13.40 13.45 13.30 13.40 
2016/09/26 13.40 13.50 13.25 13.35 
2016/09/29 13.45 13.45 13.20 13.25 
2016/09/30 13.20 13.30 13.05 13.25 
2016/10/03 13.25 13.30 13.10 13.10 
2016/10/04 13.10 13.50 13.10 13.40 
2016/10/05 13.45 13.45 13.25 13.35 
2016/10/06 13.45 13.45 13.25 13.35 
2016/10/07 13.35 13.35 13.20 13.25 
2016/10/11 13.15 13.20 12.75 12.85 
2016/10/12 12.85 13.05 12.75 12.90 
2016/10/13 12.95 13.00 12.85 12.90 
2016/10/14 12.95 12.95 12.70 12.70 
2016/10/17 12.70 12.70 12.55 12.70 
2016/10/18 12.70 12.90 12.70 12.90 
2016/10/19 12.95 12.95 12.75 12.80 
2016/10/20 12.85 12.95 12.75 12.80 
2016/10/21 12.85 13.05 12.80 12.85 
2016/10/24 12.95 13.15 12.90 13.05 
2016/10/25 13.15 13.15 13.00 13.05 
2016/10/26 13.05 13.15 13.00 13.05 
2016/10/27 13.05 13.20 13.05 13.05 
2016/10/28 13.15 13.15 12.95 12.95 
2016/10/31 12.80 13.05 12.75 13.05 
2016/11/01 12.95 13.00 12.70 12.75 
2016/11/02 12.65 12.75 12.55 12.55 
2016/11/03 12.60 12.70 12.20 12.30 
2016/11/04 12.30 12.35 12.15 12.20 
2016/11/07 12.25 12.30 12.15 12.15 
2016/11/08 12.20 12.25 12.05 12.10 
2016/11/09 12.15 12.20 11.55 11.60 
2016/11/10 11.85 11.95 11.80 11.90 
2016/11/11 11.80 11.85 11.40 11.50 
2016/11/14 11.50 11.60 11.35 11.45 
2016/11/15 11.30 11.55 11.30 11.45 
2016/11/16 11.55 11.60 11.50 11.60 
2016/11/17 11.65 11.75 11.55 11.55 
2016/11/18 11.70 11.90 11.60 11.85 
2016/11/21 11.85 12.05 11.85 12.00 
2016/11/22 12.00 12.25 11.95 12.10 
2016/11/23 12.15 12.25 12.00 12.05 
2016/11/24 12.10 12.10 12.00 12.05 
2016/11/25 12.15 12.15 11.80 11.85 
2016/11/28 11.90 12.05 11.90 11.95 
2016/11/29 11.90 12.10 11.90 12.00 
2016/11/30 12.05 12.10 11.95 11.95 
2016/12/01 12.00 12.35 12.00 12.20 
2016/12/02 12.20 12.30 12.10 12.30 
2016/12/05 12.35 12.35 12.10 12.15 
2016/12/06 12.15 12.25 12.10 12.15 
2016/12/07 12.25 12.25 12.05 12.20 
2016/12/08 12.25 12.30 12.15 12.20 
2016/12/09 12.20 12.25 12.15 12.20 
2016/12/12 12.25 12.45 12.20 12.35 
2016/12/13 12.40 12.55 12.30 12.35 
2016/12/14 12.40 12.55 12.35 12.35 
2016/12/15 12.35 12.50 12.35 12.50 
2016/12/16 12.55 12.80 12.50 12.60 
2016/12/19 12.60 12.60 12.30 12.30 
2016/12/20 12.35 12.35 12.15 12.20 
2016/12/21 12.25 12.40 12.20 12.25 
2016/12/22 12.35 12.40 12.25 12.25 
2016/12/23 12.30 12.40 12.25 12.25 
2016/12/26 12.30 12.40 12.30 12.35 
2016/12/27 12.30 12.40 12.25 12.30 
2016/12/28 12.35 12.45 12.30 12.45 
2016/12/29 12.35 12.40 12.30 12.30 
2016/12/30 12.35 12.45 12.30 12.40 
2017/01/03 12.40 12.45 12.30 12.35 
2017/01/04 12.40 12.60 12.40 12.55 
2017/01/05 12.60 12.75 12.55 12.65 
2017/01/06 12.75 12.80 12.65 12.70 
2017/01/09 12.75 12.75 12.50 12.50 
2017/01/10 12.50 12.55 12.35 12.35 
2017/01/11 12.40 12.45 12.35 12.45 
2017/01/12 12.50 12.75 12.45 12.60 
2017/01/13 12.60 12.60 12.50 12.55 
2017/01/16 12.55 12.55 12.25 12.30 
2017/01/17 12.30 12.40 12.25 12.35 
2017/01/18 12.35 12.40 12.25 12.30 
2017/01/19 12.30 12.40 12.20 12.25 
2017/01/20 12.25 12.35 12.25 12.25 
2017/01/23 12.35 12.50 12.30 12.35 
2017/01/24 12.40 12.40 12.20 12.30 
2017/02/02 12.30 12.95 12.30 12.75 
2017/02/03 12.90 13.35 12.85 13.35 
2017/02/06 13.50 13.70 13.30 13.35 
2017/02/07 13.35 13.35 13.20 13.25 
2017/02/08 13.30 13.70 13.25 13.55 
