2016/07/01 11.50 11.60 11.30 11.35 
2016/07/04 11.35 11.40 11.25 11.30 
2016/07/05 11.30 11.40 11.10 11.25 
2016/07/06 11.20 11.25 11.00 11.05 
2016/07/07 11.05 11.20 10.95 10.95 
2016/07/11 11.00 11.15 10.85 10.85 
2016/07/12 10.80 10.85 10.65 10.80 
2016/07/13 10.80 10.90 10.70 10.75 
2016/07/14 10.80 11.15 10.80 11.00 
2016/07/15 10.85 11.00 10.85 11.00 
2016/07/18 11.00 11.00 10.90 10.95 
2016/07/19 10.95 11.20 10.95 11.20 
2016/07/20 11.15 11.30 11.05 11.05 
2016/07/21 11.10 11.55 11.05 11.25 
2016/07/22 11.30 11.30 11.10 11.10 
2016/07/25 11.15 11.25 10.95 10.95 
2016/07/26 10.95 11.30 10.95 11.25 
2016/07/27 11.35 11.50 11.25 11.25 
2016/07/28 11.30 11.35 11.15 11.15 
2016/07/29 11.20 11.20 11.10 11.10 
2016/08/01 11.15 11.30 11.15 11.15 
2016/08/02 11.25 12.25 11.20 11.90 
2016/08/03 11.70 12.10 11.60 11.85 
2016/08/04 11.95 12.20 11.85 11.90 
2016/08/05 12.00 12.20 11.95 12.00 
2016/08/08 12.15 12.15 11.60 11.60 
2016/08/09 11.65 11.75 11.30 11.35 
2016/08/10 11.35 11.50 11.25 11.25 
2016/08/11 11.25 11.25 10.85 10.85 
2016/08/12 10.95 11.05 10.80 10.80 
2016/08/15 10.60 11.00 10.55 10.90 
2016/08/16 11.10 11.10 10.80 10.90 
2016/08/17 11.00 11.00 10.80 10.85 
2016/08/18 10.85 11.15 10.85 10.90 
2016/08/19 11.00 11.05 10.80 10.80 
2016/08/22 10.85 10.85 10.60 10.70 
2016/08/23 10.65 10.75 10.65 10.65 
2016/08/24 10.70 10.75 10.65 10.65 
2016/08/25 10.65 11.00 10.65 10.85 
2016/08/26 10.80 10.95 10.70 10.75 
2016/08/29 10.70 10.80 10.65 10.65 
2016/08/30 10.70 10.90 10.70 10.70 
2016/08/31 10.70 10.75 10.65 10.65 
2016/09/01 10.80 10.80 10.65 10.65 
2016/09/02 10.65 10.65 10.55 10.55 
2016/09/05 10.65 10.70 10.55 10.55 
2016/09/06 10.65 10.65 10.40 10.45 
2016/09/07 10.55 10.55 10.30 10.35 
2016/09/08 10.35 10.75 10.35 10.60 
2016/09/09 10.60 10.65 10.55 10.60 
2016/09/10 10.40 10.50 10.35 10.45 
2016/09/12 10.50 10.50 10.30 10.30 
2016/09/13 10.40 10.40 10.20 10.20 
2016/09/14 10.20 10.25 10.10 10.20 
2016/09/19 10.35 10.40 10.20 10.25 
2016/09/20 10.25 10.40 10.10 10.25 
2016/09/21 10.30 10.40 10.25 10.30 
2016/09/22 10.40 10.40 10.25 10.30 
2016/09/23 10.40 10.55 10.35 10.45 
2016/09/26 10.45 10.50 10.35 10.40 
2016/09/29 10.40 10.45 10.20 10.20 
2016/09/30 10.15 10.25 10.15 10.20 
2016/10/03 10.20 10.35 10.20 10.20 
2016/10/04 10.25 10.30 10.20 10.25 
2016/10/05 10.25 10.30 10.05 10.10 
2016/10/06 10.15 10.20 10.10 10.10 
2016/10/07 10.10 10.15 10.05 10.05 
2016/10/11 10.05 10.10 9.50 9.75 
2016/10/12 9.61 9.78 9.60 9.77 
2016/10/13 9.77 9.77 9.50 9.55 
2016/10/14 9.55 9.60 9.15 9.18 
2016/10/17 9.18 9.18 8.88 9.06 
2016/10/18 9.10 9.22 9.02 9.16 
2016/10/19 9.20 9.44 9.20 9.41 
2016/10/20 9.75 10.25 9.70 10.00 
2016/10/21 10.00 10.30 10.00 10.05 
2016/10/24 10.05 10.10 9.98 10.05 
2016/10/25 10.10 10.20 10.05 10.10 
2016/10/26 10.05 10.20 10.05 10.10 
2016/10/27 10.15 10.25 10.10 10.15 
2016/10/28 10.15 10.20 10.00 10.10 
2016/10/31 9.99 9.99 9.80 9.80 
2016/11/01 9.80 9.94 9.77 9.85 
2016/11/02 9.80 9.90 9.80 9.82 
2016/11/03 9.76 9.87 9.70 9.76 
2016/11/04 9.88 9.93 9.42 9.42 
2016/11/07 9.56 9.69 9.53 9.58 
2016/11/08 9.58 9.64 9.58 9.59 
2016/11/09 9.51 9.64 9.36 9.40 
2016/11/10 9.70 10.00 9.70 9.99 
2016/11/11 9.99 9.99 9.82 9.98 
2016/11/14 9.98 10.00 9.82 9.98 
2016/11/15 9.98 10.05 9.88 10.00 
2016/11/16 10.05 10.10 9.95 10.00 
2016/11/17 9.95 10.00 9.95 10.00 
2016/11/18 10.00 10.05 9.93 10.00 
2016/11/21 9.96 10.10 9.95 9.97 
2016/11/22 9.97 10.00 9.83 9.83 
2016/11/23 9.96 9.96 9.84 9.86 
2016/11/24 9.87 9.87 9.79 9.80 
2016/11/25 9.84 9.86 9.81 9.86 
2016/11/28 9.86 9.90 9.82 9.83 
2016/11/29 9.95 9.95 9.85 9.88 
2016/11/30 9.88 9.95 9.88 9.89 
2016/12/01 9.89 10.00 9.88 9.95 
2016/12/02 9.97 9.98 9.89 9.94 
2016/12/05 9.94 9.96 9.92 9.93 
2016/12/06 9.98 9.98 9.91 9.93 
2016/12/07 9.93 10.35 9.93 10.20 
2016/12/08 10.30 10.35 10.05 10.05 
2016/12/09 10.05 10.15 10.00 10.05 
2016/12/12 10.05 10.10 9.99 10.00 
2016/12/13 10.00 10.00 9.92 9.96 
2016/12/14 10.05 10.05 9.93 9.93 
2016/12/15 9.99 9.99 9.85 9.87 
2016/12/16 9.88 10.05 9.88 10.00 
2016/12/19 10.00 10.15 9.94 9.94 
2016/12/20 10.00 10.00 9.87 9.91 
2016/12/21 9.95 10.10 9.93 9.95 
2016/12/22 9.98 10.00 9.95 9.98 
2016/12/23 9.98 10.00 9.81 9.83 
2016/12/26 9.83 10.00 9.83 9.85 
2016/12/27 9.86 9.90 9.78 9.80 
2016/12/28 9.80 9.88 9.80 9.81 
2016/12/29 9.83 9.85 9.79 9.79 
2016/12/30 9.76 9.83 9.76 9.80 
2017/01/03 9.80 9.90 9.75 9.85 
2017/01/04 9.85 9.95 9.78 9.83 
2017/01/05 9.80 10.05 9.78 9.97 
2017/01/06 10.30 10.95 10.25 10.95 
2017/01/09 11.10 11.30 10.85 11.00 
2017/01/10 10.95 11.10 10.85 11.00 
2017/01/11 10.95 11.00 10.85 11.00 
2017/01/12 11.10 11.20 10.90 10.95 
2017/01/13 10.95 11.05 10.80 11.00 
2017/01/16 11.00 11.00 10.80 10.80 
2017/01/17 10.80 11.10 10.80 11.00 
2017/01/18 11.00 11.00 10.50 10.55 
2017/01/19 10.55 10.65 10.50 10.50 
2017/01/20 10.55 10.55 10.50 10.50 
2017/01/23 10.65 10.65 10.35 10.40 
2017/01/24 10.40 10.40 10.25 10.25 
2017/02/02 10.25 10.40 10.20 10.30 
2017/02/03 10.30 10.60 10.30 10.50 
2017/02/06 10.50 10.80 10.50 10.70 
2017/02/07 10.70 10.70 10.60 10.65 
2017/02/08 10.55 10.65 10.55 10.60 
