2016/07/01 2.40 2.64 2.40 2.64 
2016/07/04 2.90 2.90 2.90 2.90 
2016/07/05 3.19 3.19 2.61 2.79 
2016/07/06 2.84 2.84 2.72 2.79 
2016/07/07 2.61 2.87 2.61 2.87 
2016/07/11 2.90 2.90 2.62 2.65 
2016/07/12 2.51 2.65 2.51 2.65 
2016/07/13 2.64 2.65 2.54 2.54 
2016/07/14 2.54 2.60 2.54 2.60 
2016/07/15 2.56 2.56 2.55 2.55 
2016/07/18 2.52 2.66 2.52 2.65 
2016/07/19 2.54 2.55 2.54 2.55 
2016/07/20 2.32 2.43 2.32 2.42 
2016/07/21 2.55 2.55 2.43 2.43 
2016/07/22 2.40 2.65 2.40 2.55 
2016/07/25 2.55 2.58 2.45 2.58 
2016/07/26 2.71 2.80 2.71 2.80 
2016/07/27 2.75 3.00 2.75 2.85 
2016/07/28 2.75 2.82 2.75 2.82 
2016/07/29 2.85 2.85 2.70 2.82 
2016/08/01 2.82 2.82 2.61 2.61 
2016/08/02 2.61 2.61 2.50 2.50 
2016/08/03 2.40 2.55 2.40 2.55 
2016/08/04 2.55 2.55 2.50 2.50 
2016/08/05 2.65 2.65 2.50 2.59 
2016/08/08 2.59 2.61 2.59 2.61 
2016/08/09 2.65 2.65 2.60 2.60 
2016/08/10 2.55 2.64 2.50 2.63 
2016/08/11 2.51 2.61 2.51 2.61 
2016/08/12 2.61 2.61 2.51 2.51 
2016/08/15 2.49 2.49 2.49 2.49 
2016/08/16 2.45 2.55 2.45 2.50 
2016/08/17 2.46 2.46 2.35 2.45 
2016/08/18 2.37 2.45 2.37 2.38 
2016/08/19 2.32 2.32 2.32 2.32 
2016/08/22 2.30 2.43 2.30 2.41 
2016/08/23 2.41 2.41 2.32 2.40 
2016/08/24 2.21 2.40 2.21 2.23 
2016/08/25 2.23 2.45 2.23 2.28 
2016/08/26 2.29 2.29 2.28 2.28 
2016/08/29 2.29 2.32 2.28 2.32 
2016/08/30 2.32 2.36 2.28 2.36 
2016/08/31 2.30 2.40 2.30 2.40 
2016/09/01 2.30 2.39 2.24 2.38 
2016/09/02 2.36 2.36 2.30 2.32 
2016/09/05 2.30 2.35 2.19 2.34 
2016/09/06 2.25 2.32 2.24 2.32 
2016/09/07 2.25 2.32 2.25 2.30 
2016/09/08 2.30 2.35 2.29 2.30 
2016/09/09 2.26 2.30 2.26 2.27 
2016/09/10 2.33 2.39 2.27 2.39 
2016/09/12 2.36 2.45 2.36 2.44 
2016/09/13 2.40 2.40 2.27 2.27 
2016/09/14 2.27 2.27 2.25 2.27 
2016/09/19 2.28 2.28 2.20 2.22 
2016/09/20 2.25 2.30 2.20 2.20 
2016/09/21 2.21 2.21 2.20 2.20 
2016/09/22 2.07 2.25 2.07 2.20 
2016/09/23 2.11 2.19 2.11 2.11 
2016/09/26 2.11 2.11 2.08 2.11 
2016/09/29 2.10 2.10 2.03 2.03 
2016/09/30 1.83 2.12 1.83 2.00 
2016/10/03 2.02 2.09 2.00 2.09 
2016/10/04 1.93 2.00 1.93 2.00 
2016/10/05 1.99 2.00 1.99 2.00 
2016/10/06 2.20 2.20 2.20 2.20 
2016/10/07 2.42 2.42 2.42 2.42 
2016/10/11 2.61 2.66 2.60 2.66 
2016/10/12 2.70 2.90 2.70 2.70 
2016/10/13 2.65 2.65 2.43 2.43 
2016/10/14 2.40 2.40 2.21 2.31 
2016/10/17 2.25 2.50 2.25 2.50 
2016/10/18 2.50 2.50 2.34 2.34 
2016/10/19 2.25 2.26 2.25 2.26 
2016/10/20 2.30 2.31 2.22 2.30 
2016/10/21 2.30 2.30 2.25 2.29 
2016/10/24 2.25 2.25 2.21 2.21 
2016/10/25 2.19 2.40 2.15 2.40 
2016/10/26 2.27 2.28 2.26 2.28 
2016/10/27 2.36 2.36 2.25 2.27 
2016/10/28 2.27 2.27 2.22 2.22 
2016/10/31 2.28 2.28 2.28 2.28 
2016/11/01 2.30 2.34 2.19 2.19 
2016/11/02 2.35 2.35 2.20 2.30 
2016/11/03 2.25 2.25 2.22 2.22 
2016/11/04 2.23 2.23 2.22 2.22 
2016/11/07 2.23 2.30 2.22 2.23 
2016/11/08 2.23 2.29 2.19 2.29 
2016/11/09 2.20 2.21 2.07 2.07 
2016/11/10 2.25 2.25 2.09 2.19 
2016/11/11 2.11 2.12 2.02 2.02 
2016/11/14 1.87 2.12 1.87 2.02 
2016/11/15 2.02 2.02 2.00 2.00 
2016/11/16 1.87 2.20 1.87 2.08 
2016/11/17 2.08 2.08 1.93 2.08 
2016/11/18 2.12 2.12 2.02 2.03 
2016/11/21 2.10 2.10 2.02 2.02 
2016/11/22 1.97 2.15 1.97 2.15 
2016/11/23 2.31 2.31 2.02 2.09 
2016/11/24 2.10 2.10 2.05 2.06 
2016/11/25 2.06 2.15 2.06 2.13 
2016/11/28 2.13 2.20 2.02 2.03 
2016/11/29 2.03 2.10 1.95 2.00 
2016/11/30 2.11 2.11 2.10 2.10 
2016/12/01 2.15 2.20 2.10 2.20 
2016/12/02 2.20 2.20 2.10 2.20 
2016/12/05 2.26 2.26 2.10 2.26 
2016/12/06 2.30 2.30 2.20 2.30 
2016/12/07 2.30 2.30 2.15 2.20 
2016/12/08 2.27 2.27 2.20 2.20 
2016/12/09 2.18 2.20 2.18 2.20 
2016/12/12 2.20 2.20 2.11 2.11 
2016/12/13 2.11 2.28 2.11 2.26 
2016/12/14 2.15 2.16 2.13 2.15 
2016/12/15 2.12 2.26 2.12 2.26 
2016/12/16 2.15 2.26 2.15 2.16 
2016/12/19 1.96 2.14 1.96 2.14 
2016/12/20 2.02 2.24 2.02 2.17 
2016/12/21 2.10 2.25 2.10 2.14 
2016/12/22 2.13 2.14 2.11 2.14 
2016/12/23 2.14 2.14 2.12 2.12 
2016/12/26 2.10 2.10 2.10 2.10 
2016/12/27 2.10 2.12 2.10 2.12 
2016/12/28 2.18 2.18 2.06 2.06 
2016/12/29 2.10 2.10 2.10 2.10 
2016/12/30 2.11 2.11 2.10 2.10 
2017/01/03 2.05 2.20 2.05 2.18 
2017/01/04 2.08 2.22 2.08 2.11 
2017/01/05 2.21 2.21 2.11 2.16 
2017/01/06 2.11 2.18 2.11 2.15 
2017/01/09 2.15 2.15 2.11 2.11 
2017/01/10 2.17 2.17 2.15 2.15 
2017/01/11 2.20 2.30 2.15 2.29 
2017/01/12 2.20 2.45 2.20 2.30 
2017/01/13 2.30 2.30 2.24 2.30 
2017/01/16 2.45 2.45 2.32 2.38 
2017/01/17 2.40 2.40 2.32 2.38 
2017/01/18 2.38 2.38 2.38 2.38 
2017/01/19 2.57 2.57 2.40 2.40 
2017/01/20 2.55 2.55 2.43 2.43 
2017/01/23 2.19 2.58 2.19 2.40 
2017/01/24 2.30 2.32 2.30 2.32 
2017/02/02 2.33 2.33 2.11 2.33 
2017/02/03 2.31 2.35 2.30 2.30 
2017/02/06 2.35 2.35 2.34 2.35 
2017/02/07 2.40 2.51 2.40 2.45 
2017/02/08 2.45 2.50 2.45 2.50 
