2016/07/01 62.90 62.90 61.90 62.40 
2016/07/04 62.00 62.90 62.00 62.60 
2016/07/05 62.90 63.20 62.50 62.80 
2016/07/06 62.60 62.60 61.20 62.00 
2016/07/07 62.00 62.30 61.50 61.80 
2016/07/11 62.30 62.30 60.90 61.30 
2016/07/12 61.10 63.00 61.10 62.60 
2016/07/13 62.60 63.30 62.10 63.10 
2016/07/14 63.70 64.70 63.00 64.50 
2016/07/15 64.80 66.20 64.70 65.80 
2016/07/18 63.50 64.50 62.70 64.50 
2016/07/19 64.60 65.60 64.10 64.80 
2016/07/20 64.80 66.00 64.50 65.70 
2016/07/21 65.80 65.90 65.10 65.50 
2016/07/22 65.80 66.00 65.10 65.60 
2016/07/25 65.60 66.00 63.90 64.60 
2016/07/26 64.80 64.80 64.10 64.20 
2016/07/27 64.70 64.80 64.30 64.50 
2016/07/28 64.40 66.00 64.40 66.00 
2016/07/29 66.20 66.20 64.10 65.30 
2016/08/01 65.30 66.00 64.70 66.00 
2016/08/02 65.80 66.40 65.50 66.10 
2016/08/03 65.50 66.30 65.00 65.70 
2016/08/04 65.70 66.10 65.20 66.00 
2016/08/05 66.00 66.00 65.00 65.80 
2016/08/08 66.10 66.20 65.80 66.10 
2016/08/09 66.00 66.00 64.50 65.10 
2016/08/10 65.90 66.30 65.50 66.00 
2016/08/11 65.60 66.00 65.40 65.90 
2016/08/12 66.10 66.90 64.70 65.30 
2016/08/15 65.80 66.10 65.40 65.80 
2016/08/16 66.00 66.20 65.60 66.10 
2016/08/17 65.40 66.10 65.30 65.70 
2016/08/18 66.20 66.20 65.30 66.00 
2016/08/19 66.00 66.50 64.90 64.90 
2016/08/22 64.80 66.00 64.60 66.00 
2016/08/23 66.00 66.20 65.90 66.00 
2016/08/24 66.50 67.60 65.80 66.00 
2016/08/25 66.40 67.80 66.20 67.50 
2016/08/26 67.50 67.70 67.00 67.40 
2016/08/29 67.60 68.50 66.70 66.70 
2016/08/30 67.10 67.30 66.40 66.80 
2016/08/31 67.60 67.80 66.60 67.80 
2016/09/01 67.80 67.90 66.00 66.90 
2016/09/02 67.40 67.40 66.20 66.90 
2016/09/05 67.40 67.70 66.00 66.60 
2016/09/06 66.70 66.90 66.30 66.60 
2016/09/07 66.30 67.50 66.30 67.40 
2016/09/08 67.10 68.50 67.00 67.90 
2016/09/09 67.70 68.80 67.60 68.00 
2016/09/10 67.40 67.40 66.00 66.20 
2016/09/12 66.50 67.00 66.40 66.70 
2016/09/13 67.40 68.00 66.80 67.30 
2016/09/14 67.30 67.30 65.90 66.50 
2016/09/19 67.30 67.40 66.20 66.50 
2016/09/20 66.50 66.90 66.30 66.50 
2016/09/21 66.50 68.50 66.50 68.40 
2016/09/22 68.60 68.70 67.60 68.30 
2016/09/23 68.30 68.30 67.20 68.00 
2016/09/26 67.80 68.80 67.70 68.20 
2016/09/29 69.00 71.60 68.50 70.70 
2016/09/30 70.70 70.90 69.60 69.70 
2016/10/03 70.80 70.80 70.20 70.80 
2016/10/04 71.40 71.40 70.10 70.70 
2016/10/05 71.20 71.30 70.40 70.60 
2016/10/06 71.00 71.50 70.70 71.00 
2016/10/07 71.50 75.40 70.80 74.20 
2016/10/11 74.60 76.90 73.50 75.30 
2016/10/12 74.50 74.80 73.20 73.70 
2016/10/13 73.80 74.90 73.60 74.40 
2016/10/14 74.90 75.90 74.30 74.90 
2016/10/17 75.20 75.30 74.10 74.90 
2016/10/18 75.00 75.60 74.80 75.60 
2016/10/19 75.60 76.00 75.30 75.50 
2016/10/20 75.30 76.20 73.80 74.80 
2016/10/21 75.10 75.90 72.50 73.60 
2016/10/24 74.30 74.90 74.10 74.80 
2016/10/25 74.80 75.30 74.30 74.30 
2016/10/26 74.30 75.00 74.30 74.80 
2016/10/27 75.00 76.00 74.50 75.20 
2016/10/28 75.80 75.80 74.80 75.10 
2016/10/31 74.20 74.80 73.50 74.70 
2016/11/01 73.80 74.70 72.50 73.30 
2016/11/02 72.50 73.10 70.80 71.80 
2016/11/03 71.80 72.50 71.40 72.20 
2016/11/04 71.40 72.50 69.70 70.50 
2016/11/07 70.00 71.70 70.00 71.40 
2016/11/08 71.00 71.30 68.80 69.50 
2016/11/09 70.00 71.00 67.90 70.20 
2016/11/10 70.80 73.30 70.70 73.30 
2016/11/11 73.30 73.70 71.40 73.70 
2016/11/14 74.00 74.10 72.60 72.90 
2016/11/15 72.90 74.30 72.50 74.00 
2016/11/16 74.00 74.00 70.70 71.30 
2016/11/17 71.30 71.30 69.90 70.60 
2016/11/18 71.60 71.60 70.80 71.10 
2016/11/21 71.00 72.50 70.40 72.50 
2016/11/22 72.70 72.70 71.00 72.30 
2016/11/23 72.20 73.20 72.10 73.20 
2016/11/24 73.00 74.00 70.90 71.00 
2016/11/25 70.90 72.60 70.90 72.30 
2016/11/28 72.00 73.40 71.90 72.90 
2016/11/29 72.90 73.40 72.10 72.60 
2016/11/30 72.60 73.10 72.30 73.00 
2016/12/01 72.10 74.00 72.10 74.00 
2016/12/02 73.60 74.40 71.60 72.00 
2016/12/05 72.00 72.10 70.80 72.00 
2016/12/06 72.70 74.00 71.50 73.90 
2016/12/07 73.10 73.30 72.30 73.30 
2016/12/08 73.60 73.90 72.70 73.70 
2016/12/09 73.70 74.00 73.60 73.80 
2016/12/12 73.80 74.00 73.00 73.50 
2016/12/13 73.00 73.70 72.50 73.70 
2016/12/14 73.90 73.90 72.10 72.80 
2016/12/15 72.80 74.10 71.90 74.10 
2016/12/16 74.60 74.60 73.80 74.60 
2016/12/19 75.00 75.00 74.40 74.60 
2016/12/20 74.60 74.70 74.50 74.60 
2016/12/21 73.90 74.00 73.00 74.00 
2016/12/22 74.00 74.50 73.00 74.00 
2016/12/23 74.00 74.00 73.00 73.50 
2016/12/26 72.60 73.00 71.80 72.10 
2016/12/27 72.10 72.40 71.50 71.50 
2016/12/28 71.20 72.10 70.80 72.00 
2016/12/29 72.30 72.30 71.30 72.00 
2016/12/30 71.60 73.10 71.40 72.80 
2017/01/03 73.00 73.40 72.00 72.80 
2017/01/04 73.50 74.10 72.80 73.70 
2017/01/05 73.80 75.90 73.70 75.90 
2017/01/06 76.00 76.50 74.60 75.20 
2017/01/09 74.10 74.20 73.20 73.20 
2017/01/10 73.00 74.80 73.00 74.50 
2017/01/11 74.50 75.00 73.70 75.00 
2017/01/12 75.40 75.40 74.50 75.10 
2017/01/13 75.30 75.80 75.00 75.20 
2017/01/16 75.50 76.30 75.00 76.20 
2017/01/17 76.50 79.70 76.20 79.20 
2017/01/18 78.90 79.60 77.70 78.00 
2017/01/19 78.00 78.00 74.00 75.00 
2017/01/20 75.50 75.70 74.60 75.00 
2017/01/23 75.30 75.70 73.80 74.50 
2017/01/24 74.30 76.40 74.30 76.30 
2017/02/02 77.80 77.80 73.10 73.50 
2017/02/03 74.10 75.60 74.00 75.00 
2017/02/06 75.30 76.60 75.20 75.80 
2017/02/07 76.00 78.20 75.80 77.90 
2017/02/08 77.90 79.20 77.30 78.30 
