2016/07/01 113.50 114.00 112.00 112.50 
2016/07/04 113.00 113.00 110.50 111.00 
2016/07/05 111.00 111.00 110.00 110.50 
2016/07/06 111.00 111.00 109.00 110.50 
2016/07/07 111.00 112.50 110.50 112.50 
2016/07/11 113.00 114.00 112.50 114.00 
2016/07/12 114.00 114.00 113.00 113.00 
2016/07/13 114.00 114.00 111.00 114.00 
2016/07/14 113.50 113.50 111.00 111.50 
2016/07/15 112.00 113.00 111.50 112.50 
2016/07/18 113.50 114.00 112.50 114.00 
2016/07/19 113.50 114.00 112.50 113.50 
2016/07/20 113.50 114.00 112.50 113.00 
2016/07/21 113.50 114.00 112.50 113.50 
2016/07/22 113.50 113.50 110.50 111.00 
2016/07/25 112.00 112.50 109.00 110.00 
2016/07/26 110.00 110.50 109.50 110.00 
2016/07/27 110.50 111.00 110.00 111.00 
2016/07/28 112.00 112.00 110.50 112.00 
2016/07/29 112.00 112.00 110.00 110.00 
2016/08/01 111.00 112.00 110.00 111.00 
2016/08/02 110.50 111.00 110.00 110.50 
2016/08/03 109.50 111.00 109.50 110.50 
2016/08/04 110.00 110.50 110.00 110.50 
2016/08/05 110.00 111.00 110.00 111.00 
2016/08/08 112.00 113.50 111.50 113.50 
2016/08/09 113.00 115.00 112.50 115.00 
2016/08/10 114.50 115.00 113.50 115.00 
2016/08/11 115.00 116.00 114.00 115.50 
2016/08/12 116.00 116.50 115.00 116.00 
2016/08/15 116.00 116.50 115.00 116.00 
2016/08/16 115.00 115.50 114.00 114.50 
2016/08/17 114.50 115.00 113.50 114.00 
2016/08/18 114.00 115.00 113.00 114.00 
2016/08/19 113.50 114.00 111.00 111.50 
2016/08/22 111.00 112.00 111.00 112.00 
2016/08/23 112.00 112.50 111.50 112.00 
2016/08/24 113.00 115.00 112.00 114.00 
2016/08/25 113.50 114.50 113.50 114.50 
2016/08/26 114.50 114.50 113.50 114.50 
2016/08/29 114.50 114.50 113.00 113.50 
2016/08/30 114.00 114.50 112.50 113.50 
2016/08/31 113.00 114.00 111.50 111.50 
2016/09/01 111.50 112.50 110.50 111.50 
2016/09/02 111.50 112.50 111.00 112.00 
2016/09/05 111.50 113.00 111.50 112.50 
2016/09/06 112.00 112.50 111.50 112.50 
2016/09/07 112.50 113.50 112.00 113.50 
2016/09/08 113.50 114.00 112.50 114.00 
2016/09/09 113.50 113.50 112.00 113.00 
2016/09/10 112.00 112.50 111.50 112.50 
2016/09/12 111.50 113.00 111.50 111.50 
2016/09/13 111.50 112.00 111.00 111.00 
2016/09/14 110.50 112.00 110.50 111.00 
2016/09/19 113.50 115.50 113.00 115.50 
2016/09/20 114.00 114.50 113.00 113.00 
2016/09/21 113.50 114.00 112.50 113.50 
2016/09/22 114.00 114.50 113.00 114.00 
2016/09/23 114.50 115.00 113.50 114.50 
2016/09/26 113.50 114.00 113.00 113.50 
2016/09/29 113.50 114.50 113.00 113.00 
2016/09/30 113.00 114.00 112.50 112.50 
2016/10/03 112.50 114.00 112.50 113.50 
2016/10/04 114.00 114.00 112.50 113.00 
2016/10/05 112.50 113.50 112.50 113.50 
2016/10/06 113.50 113.50 112.00 112.50 
2016/10/07 112.00 112.50 111.50 111.50 
2016/10/11 112.00 112.50 111.00 111.50 
2016/10/12 111.50 112.00 111.50 112.00 
2016/10/13 112.00 112.50 112.00 112.50 
2016/10/14 112.00 112.50 111.50 111.50 
2016/10/17 111.00 111.50 110.00 111.00 
2016/10/18 111.00 111.50 110.50 111.50 
2016/10/19 111.00 112.00 111.00 111.00 
2016/10/20 111.50 112.00 111.00 111.00 
2016/10/21 111.00 112.00 111.00 111.50 
2016/10/24 111.50 112.00 111.00 111.50 
2016/10/25 111.50 112.50 111.50 112.00 
2016/10/26 112.00 112.00 111.50 111.50 
2016/10/27 111.50 112.00 110.50 110.50 
2016/10/28 111.00 111.00 109.50 110.50 
2016/10/31 110.00 111.00 109.50 110.50 
2016/11/01 109.50 110.00 108.50 109.00 
2016/11/02 108.00 109.50 108.00 109.00 
2016/11/03 108.50 110.50 108.50 109.00 
2016/11/04 109.00 109.50 108.00 108.00 
2016/11/07 108.50 110.50 108.50 109.50 
2016/11/08 110.00 110.00 108.50 110.00 
2016/11/09 110.50 110.50 108.50 108.50 
2016/11/10 110.00 110.00 108.50 108.50 
2016/11/11 108.50 109.00 105.50 105.50 
2016/11/14 105.50 106.50 105.00 105.50 
2016/11/15 105.00 105.50 104.00 104.00 
2016/11/16 104.00 105.50 104.00 105.00 
2016/11/17 104.50 106.50 104.50 106.00 
2016/11/18 105.50 107.00 105.00 106.00 
2016/11/21 106.00 107.00 105.00 106.00 
2016/11/22 106.00 106.50 106.00 106.00 
2016/11/23 106.00 108.50 106.00 107.50 
2016/11/24 107.00 108.00 106.50 107.00 
2016/11/25 107.00 108.00 106.50 107.50 
2016/11/28 107.50 108.50 107.00 108.00 
2016/11/29 108.00 108.50 107.50 107.50 
2016/11/30 107.50 108.50 107.50 107.50 
2016/12/01 107.50 108.00 105.50 105.50 
2016/12/02 106.00 106.50 105.50 105.50 
2016/12/05 105.50 106.50 105.00 106.00 
2016/12/06 106.50 107.00 105.50 106.00 
2016/12/07 106.00 106.50 105.50 106.00 
2016/12/08 106.50 107.00 105.50 107.00 
2016/12/09 106.00 106.50 105.50 105.50 
2016/12/12 106.50 106.50 104.50 105.00 
2016/12/13 105.00 105.00 104.00 105.00 
2016/12/14 105.00 105.50 103.50 104.00 
2016/12/15 104.00 104.00 103.50 104.00 
2016/12/16 104.00 104.00 103.00 103.00 
2016/12/19 103.00 103.50 102.00 102.50 
2016/12/20 102.00 103.50 102.00 103.50 
2016/12/21 103.00 103.50 102.00 102.00 
2016/12/22 102.50 102.50 102.00 102.50 
2016/12/23 102.00 102.50 102.00 102.00 
2016/12/26 102.50 103.00 102.00 102.00 
2016/12/27 102.00 103.00 101.50 102.00 
2016/12/28 102.00 102.50 101.50 101.50 
2016/12/29 102.00 102.50 101.50 102.00 
2016/12/30 103.00 104.50 102.50 104.00 
2017/01/03 104.00 105.00 104.00 104.50 
2017/01/04 104.50 106.50 104.50 106.50 
2017/01/05 106.50 107.50 106.00 107.50 
2017/01/06 107.50 107.50 105.00 106.00 
2017/01/09 105.00 106.00 104.50 105.50 
2017/01/10 106.00 106.00 105.00 105.50 
2017/01/11 105.50 107.50 105.00 107.00 
2017/01/12 107.00 107.50 106.00 106.50 
2017/01/13 106.50 108.00 106.00 107.50 
2017/01/16 107.50 107.50 106.50 107.00 
2017/01/17 107.50 108.00 106.50 107.50 
2017/01/18 107.00 108.00 106.50 107.00 
2017/01/19 107.00 107.50 105.50 105.50 
2017/01/20 105.00 105.50 104.00 105.00 
2017/01/23 106.00 106.00 105.50 105.50 
2017/01/24 105.50 106.00 104.50 104.50 
2017/02/02 103.00 103.50 102.00 102.00 
2017/02/03 102.00 103.00 102.00 102.50 
2017/02/06 103.50 105.00 103.00 105.00 
2017/02/07 103.50 105.00 103.50 104.50 
2017/02/08 104.00 105.50 103.00 104.00 
