2016/07/01 10.35 10.55 10.25 10.40 
2016/07/04 10.40 10.50 10.35 10.45 
2016/07/05 10.45 10.50 10.35 10.45 
2016/07/06 10.40 10.40 10.25 10.35 
2016/07/07 10.35 10.40 10.30 10.30 
2016/07/11 9.81 10.00 9.81 9.92 
2016/07/12 9.96 10.00 9.93 9.97 
2016/07/13 10.10 10.10 9.98 9.98 
2016/07/14 9.98 10.20 9.98 10.10 
2016/07/15 10.10 10.15 10.00 10.05 
2016/07/18 10.00 10.05 9.96 9.99 
2016/07/19 9.99 10.10 9.99 10.00 
2016/07/20 10.05 10.10 10.00 10.10 
2016/07/21 10.15 10.40 10.05 10.25 
2016/07/22 10.30 10.30 10.10 10.15 
2016/07/25 10.15 10.20 10.05 10.05 
2016/07/26 10.00 10.10 10.00 10.05 
2016/07/27 10.05 10.10 10.05 10.05 
2016/07/28 10.00 10.10 9.98 10.05 
2016/07/29 10.00 10.05 9.99 9.99 
2016/08/01 10.00 10.10 9.99 10.10 
2016/08/02 10.10 10.25 10.00 10.20 
2016/08/03 10.15 10.30 10.10 10.25 
2016/08/04 10.30 10.35 10.20 10.35 
2016/08/05 10.35 10.40 10.20 10.20 
2016/08/08 10.15 10.25 10.05 10.10 
2016/08/09 10.10 10.45 10.10 10.45 
2016/08/10 10.40 10.50 10.30 10.30 
2016/08/11 10.30 10.90 10.30 10.80 
2016/08/12 10.90 11.30 10.70 11.00 
2016/08/15 11.00 11.05 10.70 10.85 
2016/08/16 10.85 11.40 10.85 11.15 
2016/08/17 11.10 11.20 11.00 11.15 
2016/08/18 11.15 11.15 10.95 11.00 
2016/08/19 11.10 11.10 10.80 10.85 
2016/08/22 10.85 10.85 10.60 10.60 
2016/08/23 10.60 10.75 10.60 10.75 
2016/08/24 10.75 10.80 10.60 10.70 
2016/08/25 10.85 11.20 10.80 11.10 
2016/08/26 11.10 11.45 10.95 11.30 
2016/08/29 11.30 11.35 11.15 11.20 
2016/08/30 11.25 11.25 11.00 11.05 
2016/08/31 11.05 11.15 11.00 11.00 
2016/09/01 11.00 11.10 10.65 11.00 
2016/09/02 11.05 11.05 10.65 10.70 
2016/09/05 10.80 10.90 10.70 10.90 
2016/09/06 10.90 11.05 10.90 10.90 
2016/09/07 11.00 11.25 10.90 11.20 
2016/09/08 11.20 11.25 11.10 11.15 
2016/09/09 11.15 11.20 11.05 11.20 
2016/09/10 11.00 11.00 10.80 10.85 
2016/09/12 10.90 10.95 10.80 10.80 
2016/09/13 10.85 10.85 10.65 10.65 
2016/09/14 10.65 10.75 10.60 10.60 
2016/09/19 10.80 10.80 10.60 10.70 
2016/09/20 10.70 10.80 10.70 10.80 
2016/09/21 10.90 10.90 10.75 10.80 
2016/09/22 10.85 10.90 10.75 10.75 
2016/09/23 10.85 10.85 10.70 10.75 
2016/09/26 10.75 10.75 10.70 10.70 
2016/09/29 10.80 10.85 10.75 10.80 
2016/09/30 10.80 10.80 10.70 10.80 
2016/10/03 10.80 10.80 10.65 10.75 
2016/10/04 10.70 10.80 10.70 10.75 
2016/10/05 10.75 10.75 10.70 10.75 
2016/10/06 10.75 11.20 10.75 11.10 
2016/10/07 11.25 11.25 10.90 11.05 
2016/10/11 11.10 11.10 10.40 10.45 
2016/10/12 10.65 10.65 10.50 10.55 
2016/10/13 10.55 10.60 10.40 10.45 
2016/10/14 10.40 10.45 10.30 10.30 
2016/10/17 10.30 10.50 10.30 10.40 
2016/10/18 10.45 10.45 10.25 10.35 
2016/10/19 10.45 10.45 10.30 10.35 
2016/10/20 10.40 10.50 10.35 10.45 
2016/10/21 10.50 10.50 10.35 10.40 
2016/10/24 10.40 10.45 10.35 10.40 
2016/10/25 10.40 10.40 10.35 10.35 
2016/10/26 10.40 10.45 10.35 10.40 
2016/10/27 10.40 10.40 10.30 10.30 
2016/10/28 10.30 10.35 10.20 10.25 
2016/10/31 10.30 10.30 10.10 10.15 
2016/11/01 10.15 10.15 10.05 10.05 
2016/11/02 10.05 10.15 10.00 10.05 
2016/11/03 10.05 10.10 9.99 10.05 
2016/11/04 10.05 10.10 9.98 9.98 
2016/11/07 10.00 10.10 10.00 10.00 
2016/11/08 10.05 10.05 9.90 9.92 
2016/11/09 9.97 10.00 9.70 9.70 
2016/11/10 9.71 10.05 9.71 10.00 
2016/11/11 10.00 10.00 9.81 9.91 
2016/11/14 9.86 9.86 9.76 9.80 
2016/11/15 9.80 9.84 9.72 9.72 
2016/11/16 9.73 9.80 9.73 9.73 
2016/11/17 9.85 9.85 9.71 9.73 
2016/11/18 9.74 9.80 9.73 9.73 
2016/11/21 9.74 9.74 9.70 9.70 
2016/11/22 9.78 9.84 9.75 9.84 
2016/11/23 9.85 9.86 9.76 9.76 
2016/11/24 9.76 9.82 9.76 9.77 
2016/11/25 9.79 9.81 9.78 9.80 
2016/11/28 9.79 10.10 9.79 10.05 
2016/11/29 10.10 10.15 10.00 10.05 
2016/11/30 10.00 10.00 9.97 9.98 
2016/12/01 9.97 10.10 9.95 10.05 
2016/12/02 10.00 10.05 10.00 10.00 
2016/12/05 9.99 10.00 9.98 9.98 
2016/12/06 9.95 10.00 9.95 9.98 
2016/12/07 9.98 10.10 9.98 10.05 
2016/12/08 10.10 10.25 10.10 10.25 
2016/12/09 10.30 10.30 10.15 10.20 
2016/12/12 10.25 10.25 10.15 10.20 
2016/12/13 10.15 10.20 10.15 10.15 
2016/12/14 10.15 10.20 10.15 10.15 
2016/12/15 10.15 10.45 10.15 10.35 
2016/12/16 10.30 10.45 10.30 10.30 
2016/12/19 10.25 10.45 10.25 10.35 
2016/12/20 10.40 10.45 10.30 10.40 
2016/12/21 10.40 10.45 10.20 10.30 
2016/12/22 10.20 10.35 10.20 10.20 
2016/12/23 10.20 10.20 10.10 10.10 
2016/12/26 10.10 10.40 10.10 10.40 
2016/12/27 10.45 11.00 10.45 10.90 
2016/12/28 10.75 10.75 10.50 10.60 
2016/12/29 10.60 10.60 10.50 10.55 
2016/12/30 10.55 10.55 10.45 10.50 
2017/01/03 10.40 10.65 10.35 10.60 
2017/01/04 10.60 10.70 10.45 10.45 
2017/01/05 10.45 10.60 10.40 10.50 
2017/01/06 10.55 10.60 10.40 10.45 
2017/01/09 10.50 10.55 10.45 10.50 
2017/01/10 10.55 10.55 10.40 10.45 
2017/01/11 10.60 10.75 10.50 10.50 
2017/01/12 10.60 11.20 10.60 10.80 
2017/01/13 10.75 10.80 10.55 10.65 
2017/01/16 10.65 10.65 10.45 10.50 
2017/01/17 10.50 10.60 10.50 10.55 
2017/01/18 10.55 10.55 10.50 10.55 
2017/01/19 10.60 10.65 10.55 10.55 
2017/01/20 10.60 10.60 10.45 10.45 
2017/01/23 10.55 10.70 10.45 10.55 
2017/01/24 10.60 10.60 10.45 10.50 
2017/02/02 10.50 10.65 10.50 10.55 
2017/02/03 10.55 10.75 10.55 10.65 
2017/02/06 10.75 11.05 10.75 10.80 
2017/02/07 10.95 11.00 10.85 10.90 
2017/02/08 10.85 10.95 10.80 10.85 
