2016/07/01 18.00 18.25 17.95 18.15 
2016/07/04 18.40 18.70 18.20 18.20 
2016/07/05 18.20 18.30 17.95 18.15 
2016/07/06 18.00 18.20 17.70 18.00 
2016/07/07 18.00 18.15 17.80 17.90 
2016/07/11 18.00 18.25 17.95 18.05 
2016/07/12 18.20 18.20 18.00 18.00 
2016/07/13 18.10 18.10 17.80 17.85 
2016/07/14 18.00 18.15 17.90 18.10 
2016/07/15 18.20 18.25 18.00 18.00 
2016/07/18 18.15 18.50 18.00 18.40 
2016/07/19 18.50 18.65 18.20 18.60 
2016/07/20 18.95 19.60 18.80 18.90 
2016/07/21 19.00 19.35 18.90 19.05 
2016/07/22 19.10 19.15 18.85 18.90 
2016/07/25 19.00 19.00 18.40 18.60 
2016/07/26 18.60 18.75 18.60 18.70 
2016/07/27 18.80 18.90 18.60 18.70 
2016/07/28 18.75 18.90 18.65 18.70 
2016/07/29 18.80 18.80 18.65 18.65 
2016/08/01 18.65 18.85 18.65 18.85 
2016/08/02 19.00 19.25 18.85 19.15 
2016/08/03 19.15 19.20 19.00 19.20 
2016/08/04 19.40 19.45 19.15 19.30 
2016/08/05 19.40 19.40 19.20 19.30 
2016/08/08 19.40 19.40 19.20 19.30 
2016/08/09 19.40 19.60 19.35 19.50 
2016/08/10 19.60 19.90 19.55 19.55 
2016/08/11 19.75 19.75 19.20 19.30 
2016/08/12 19.50 19.65 19.40 19.45 
2016/08/15 19.45 19.50 19.20 19.40 
2016/08/16 19.30 19.30 19.00 19.00 
2016/08/17 16.10 16.55 16.10 16.30 
2016/08/18 16.30 16.40 16.25 16.30 
2016/08/19 16.30 16.40 16.20 16.20 
2016/08/22 16.20 16.20 15.65 15.70 
2016/08/23 15.70 15.80 15.55 15.70 
2016/08/24 15.75 16.10 15.75 16.00 
2016/08/25 16.10 16.40 15.90 16.35 
2016/08/26 16.35 16.40 16.15 16.15 
2016/08/29 16.15 16.30 16.05 16.10 
2016/08/30 16.20 16.25 16.05 16.05 
2016/08/31 16.00 16.30 16.00 16.10 
2016/09/01 16.15 16.20 16.05 16.10 
2016/09/02 16.10 16.20 16.00 16.05 
2016/09/05 16.10 16.20 16.05 16.15 
2016/09/06 16.15 16.40 16.10 16.25 
2016/09/07 16.40 16.45 16.25 16.35 
2016/09/08 16.30 16.40 16.25 16.30 
2016/09/09 17.20 17.65 17.05 17.15 
2016/09/10 16.90 17.05 16.55 17.00 
2016/09/12 17.10 17.40 16.95 17.20 
2016/09/13 17.60 17.60 17.05 17.10 
2016/09/14 17.25 17.25 16.95 17.00 
2016/09/19 16.95 17.20 16.95 17.05 
2016/09/20 17.00 17.00 16.80 16.80 
2016/09/21 16.80 17.20 16.80 17.10 
2016/09/22 17.15 17.15 16.90 16.90 
2016/09/23 17.05 17.05 16.85 16.95 
2016/09/26 16.90 17.00 16.85 16.95 
2016/09/29 17.05 17.05 16.80 16.90 
2016/09/30 16.85 17.30 16.85 17.15 
2016/10/03 17.15 17.20 17.05 17.05 
2016/10/04 17.15 17.15 17.05 17.05 
2016/10/05 17.15 17.35 17.15 17.25 
2016/10/06 17.35 17.60 17.25 17.50 
2016/10/07 17.50 17.60 17.30 17.40 
2016/10/11 17.45 17.50 16.80 17.15 
2016/10/12 17.75 17.75 17.35 17.45 
2016/10/13 17.60 17.60 17.15 17.20 
2016/10/14 17.20 17.20 16.90 16.95 
2016/10/17 16.95 17.00 16.85 17.00 
2016/10/18 17.15 17.15 16.90 16.90 
2016/10/19 17.50 17.60 17.15 17.20 
2016/10/20 17.20 17.30 17.10 17.10 
2016/10/21 17.30 17.35 17.05 17.15 
2016/10/24 17.25 17.75 17.20 17.40 
2016/10/25 17.40 17.75 17.40 17.75 
2016/10/26 17.75 18.15 17.70 17.85 
2016/10/27 17.95 18.15 17.70 17.75 
2016/10/28 17.75 17.95 17.50 17.50 
2016/10/31 17.85 17.85 17.30 17.60 
2016/11/01 17.50 17.70 17.50 17.55 
2016/11/02 17.50 17.55 17.30 17.30 
2016/11/03 17.20 17.30 17.00 17.00 
2016/11/04 16.90 17.10 16.90 17.00 
2016/11/07 16.95 17.30 16.95 17.20 
2016/11/08 17.30 17.40 17.10 17.20 
2016/11/09 17.20 17.20 16.10 16.70 
2016/11/10 17.00 17.00 16.80 16.95 
2016/11/11 16.95 17.10 16.40 17.10 
2016/11/14 17.40 17.60 17.05 17.40 
2016/11/15 17.00 17.05 16.60 16.75 
2016/11/16 16.75 16.90 16.70 16.70 
2016/11/17 16.80 17.35 16.70 17.20 
2016/11/18 17.20 17.30 16.90 17.00 
2016/11/21 17.00 17.15 16.90 17.00 
2016/11/22 17.25 17.25 16.75 16.90 
2016/11/23 16.90 17.05 16.75 16.80 
2016/11/24 16.80 16.90 16.65 16.70 
2016/11/25 16.65 16.80 16.65 16.70 
2016/11/28 16.70 17.20 16.70 17.00 
2016/11/29 17.00 17.05 16.90 16.95 
2016/11/30 17.00 17.05 16.85 16.95 
2016/12/01 16.95 17.00 16.80 16.85 
2016/12/02 16.85 16.95 16.70 16.70 
2016/12/05 16.70 16.80 16.60 16.65 
2016/12/06 16.65 16.80 16.65 16.70 
2016/12/07 16.70 16.90 16.70 16.80 
2016/12/08 16.80 16.90 16.75 16.80 
2016/12/09 16.90 16.90 16.80 16.85 
2016/12/12 16.85 16.95 16.70 16.80 
2016/12/13 16.90 16.90 16.70 16.70 
2016/12/14 16.80 16.80 16.70 16.75 
2016/12/15 16.75 16.85 16.65 16.70 
2016/12/16 16.75 16.80 16.65 16.65 
2016/12/19 16.70 16.70 16.55 16.55 
2016/12/20 16.55 16.70 16.55 16.60 
2016/12/21 16.65 16.75 16.60 16.70 
2016/12/22 16.65 16.65 16.55 16.55 
2016/12/23 16.60 16.75 16.50 16.50 
2016/12/26 16.50 16.60 16.45 16.45 
2016/12/27 16.45 16.60 16.45 16.60 
2016/12/28 16.70 16.70 16.55 16.60 
2016/12/29 16.60 16.70 16.60 16.65 
2016/12/30 16.60 16.70 16.45 16.60 
2017/01/03 16.60 16.70 16.55 16.65 
2017/01/04 16.70 16.75 16.60 16.75 
2017/01/05 16.80 16.80 16.65 16.70 
2017/01/06 16.70 16.80 16.60 16.60 
2017/01/09 16.65 16.80 16.55 16.70 
2017/01/10 16.65 16.65 16.45 16.60 
2017/01/11 16.60 16.70 16.50 16.50 
2017/01/12 16.55 16.65 16.50 16.60 
2017/01/13 16.55 16.65 16.50 16.60 
2017/01/16 16.60 16.60 16.50 16.50 
2017/01/17 16.60 16.60 16.45 16.55 
2017/01/18 16.60 16.60 16.45 16.50 
2017/01/19 16.55 16.60 16.50 16.55 
2017/01/20 16.60 16.60 16.45 16.45 
2017/01/23 16.50 16.60 16.50 16.55 
2017/01/24 16.60 16.60 16.45 16.55 
2017/02/02 16.55 17.20 16.50 17.10 
2017/02/03 17.50 17.50 17.10 17.20 
2017/02/06 17.25 17.40 17.15 17.20 
2017/02/07 17.25 17.30 17.15 17.20 
2017/02/08 17.25 17.30 17.15 17.20 
