2016/07/01 6.53 6.65 6.48 6.53 
2016/07/04 6.55 6.63 6.47 6.56 
2016/07/05 6.56 7.21 6.54 7.21 
2016/07/06 7.21 7.30 7.05 7.17 
2016/07/07 7.05 7.17 7.01 7.07 
2016/07/11 7.06 7.39 7.06 7.12 
2016/07/12 7.11 7.15 7.05 7.08 
2016/07/13 7.08 7.10 6.85 6.93 
2016/07/14 6.90 6.91 6.79 6.87 
2016/07/15 6.87 6.99 6.79 6.89 
2016/07/18 6.89 6.93 6.70 6.73 
2016/07/19 6.75 6.76 6.56 6.62 
2016/07/20 6.63 6.75 6.53 6.65 
2016/07/21 6.60 7.14 6.60 6.86 
2016/07/22 6.84 6.84 6.64 6.77 
2016/07/25 6.77 6.77 6.57 6.57 
2016/07/26 6.55 6.65 6.50 6.54 
2016/07/27 6.57 6.63 6.50 6.54 
2016/07/28 6.55 6.63 6.50 6.52 
2016/07/29 6.52 6.62 6.51 6.55 
2016/08/01 6.55 6.66 6.53 6.65 
2016/08/02 6.64 6.75 6.64 6.70 
2016/08/03 6.63 6.70 6.58 6.68 
2016/08/04 6.68 6.70 6.61 6.64 
2016/08/05 6.63 6.68 6.61 6.64 
2016/08/08 6.64 6.72 6.62 6.64 
2016/08/09 6.62 6.76 6.61 6.64 
2016/08/10 6.66 6.67 6.44 6.46 
2016/08/11 6.36 6.38 6.18 6.24 
2016/08/12 6.25 6.29 6.12 6.19 
2016/08/15 6.28 6.40 6.21 6.35 
2016/08/16 6.25 6.40 6.25 6.33 
2016/08/17 6.39 6.40 6.28 6.33 
2016/08/18 6.33 6.38 6.32 6.34 
2016/08/19 6.34 6.48 6.34 6.41 
2016/08/22 6.43 6.44 6.35 6.36 
2016/08/23 6.37 6.49 6.36 6.49 
2016/08/24 6.51 6.85 6.51 6.80 
2016/08/25 6.80 7.00 6.80 7.00 
2016/08/26 7.07 7.15 6.99 6.99 
2016/08/29 6.99 7.09 6.86 6.99 
2016/08/30 7.07 7.13 7.03 7.05 
2016/08/31 7.05 7.08 6.99 7.02 
2016/09/01 6.96 7.09 6.95 7.07 
2016/09/02 7.07 7.13 6.95 6.95 
2016/09/05 6.97 7.24 6.94 7.20 
2016/09/06 7.35 7.35 7.11 7.16 
2016/09/07 7.16 7.28 7.16 7.18 
2016/09/08 7.20 7.89 7.20 7.89 
2016/09/09 7.81 8.49 7.70 8.30 
2016/09/10 8.00 8.17 7.85 8.08 
2016/09/12 8.08 8.12 7.95 8.02 
2016/09/13 8.09 8.23 7.89 7.95 
2016/09/14 7.93 7.99 7.86 7.99 
2016/09/19 7.99 8.08 7.98 8.04 
2016/09/20 8.03 8.04 7.97 8.00 
2016/09/21 8.00 8.27 8.00 8.19 
2016/09/22 8.20 8.25 8.03 8.06 
2016/09/23 8.05 8.22 8.05 8.06 
2016/09/26 8.06 8.10 7.96 8.04 
2016/09/29 8.01 8.08 7.99 7.99 
2016/09/30 7.99 7.99 7.78 7.84 
2016/10/03 7.87 8.10 7.87 8.02 
2016/10/04 8.06 8.07 7.89 7.92 
2016/10/05 7.92 7.92 7.70 7.71 
2016/10/06 7.73 7.99 7.69 7.90 
2016/10/07 7.88 7.88 7.70 7.76 
2016/10/11 7.69 7.69 6.99 7.00 
2016/10/12 6.73 7.15 6.70 7.01 
2016/10/13 7.23 7.23 6.99 7.02 
2016/10/14 7.09 7.09 6.82 6.82 
2016/10/17 6.79 6.92 6.78 6.84 
2016/10/18 6.82 6.86 6.81 6.86 
2016/10/19 6.90 7.03 6.90 6.96 
2016/10/20 6.97 7.16 6.97 7.15 
2016/10/21 7.20 7.31 7.16 7.25 
2016/10/24 7.60 7.60 7.25 7.27 
2016/10/25 7.27 7.30 7.21 7.27 
2016/10/26 7.26 7.30 7.23 7.28 
2016/10/27 7.43 8.00 7.43 7.89 
2016/10/28 7.89 7.89 7.68 7.75 
2016/10/31 7.70 7.97 7.70 7.75 
2016/11/01 7.75 7.76 7.63 7.66 
2016/11/02 7.61 7.65 7.43 7.55 
2016/11/03 7.55 7.55 7.28 7.29 
2016/11/04 7.29 7.59 7.28 7.54 
2016/11/07 7.74 7.75 7.64 7.68 
2016/11/08 7.70 7.78 7.61 7.69 
2016/11/09 7.69 7.75 7.32 7.37 
2016/11/10 7.52 7.71 7.52 7.69 
2016/11/11 7.68 7.82 7.50 7.67 
2016/11/14 7.55 7.76 7.46 7.67 
2016/11/15 7.66 7.79 7.58 7.70 
2016/11/16 7.72 7.96 7.72 7.85 
2016/11/17 7.88 8.20 7.86 8.20 
2016/11/18 8.18 8.65 8.06 8.55 
2016/11/21 8.50 9.02 8.33 8.80 
2016/11/22 8.90 8.96 8.56 8.59 
2016/11/23 8.59 8.69 8.40 8.40 
2016/11/24 8.40 8.60 8.36 8.48 
2016/11/25 8.49 9.30 8.49 9.30 
2016/11/28 9.39 9.56 9.10 9.31 
2016/11/29 8.99 9.26 8.70 9.14 
2016/11/30 9.28 9.29 9.01 9.18 
2016/12/01 9.05 9.28 9.05 9.10 
2016/12/02 9.00 9.08 8.71 8.80 
2016/12/05 8.75 9.07 8.72 8.86 
2016/12/06 8.99 9.04 8.71 8.74 
2016/12/07 8.72 8.88 8.71 8.74 
2016/12/08 8.81 9.09 8.80 9.09 
2016/12/09 9.14 9.50 9.03 9.03 
2016/12/12 9.01 9.15 8.76 8.85 
2016/12/13 8.94 8.94 8.53 8.60 
2016/12/14 8.60 8.68 8.40 8.57 
2016/12/15 8.57 8.78 8.48 8.77 
2016/12/16 8.88 8.88 8.72 8.77 
2016/12/19 8.70 8.75 8.49 8.50 
2016/12/20 8.74 8.89 8.70 8.75 
2016/12/21 8.75 8.83 8.58 8.65 
2016/12/22 8.77 8.77 8.39 8.41 
2016/12/23 8.41 8.44 8.15 8.21 
2016/12/26 8.21 8.34 8.17 8.20 
2016/12/27 8.20 8.37 8.20 8.36 
2016/12/28 8.36 8.52 8.36 8.45 
2016/12/29 8.39 8.42 8.35 8.37 
2016/12/30 8.41 8.50 8.35 8.48 
2017/01/03 8.60 9.17 8.55 9.02 
2017/01/04 8.88 9.02 8.80 8.97 
2017/01/05 9.00 9.21 9.00 9.15 
2017/01/06 9.22 9.27 9.10 9.13 
2017/01/09 9.12 9.14 8.76 8.90 
2017/01/10 8.95 9.18 8.95 9.10 
2017/01/11 9.18 9.18 9.02 9.11 
2017/01/12 9.34 10.00 9.34 10.00 
2017/01/13 10.20 11.00 10.15 10.95 
2017/01/16 11.00 11.05 10.35 10.45 
2017/01/17 10.50 10.75 10.25 10.55 
2017/01/18 10.45 10.75 10.20 10.65 
2017/01/19 10.50 10.55 10.20 10.25 
2017/01/20 10.10 10.45 10.10 10.30 
2017/01/23 10.45 10.50 10.15 10.50 
2017/01/24 10.55 10.55 10.30 10.30 
2017/02/02 10.35 10.90 10.20 10.90 
2017/02/03 11.00 11.00 10.60 10.85 
2017/02/06 10.85 10.85 10.50 10.55 
2017/02/07 10.60 11.05 10.55 10.85 
2017/02/08 10.95 10.95 10.60 10.65 
