2016/07/01 10.00 10.05 9.96 9.98 
2016/07/04 9.95 10.00 9.91 10.00 
2016/07/05 10.00 10.00 9.95 9.98 
2016/07/06 9.95 10.05 9.92 9.92 
2016/07/07 9.95 9.99 9.90 9.95 
2016/07/11 10.05 10.15 9.97 10.10 
2016/07/12 10.20 10.20 10.05 10.10 
2016/07/13 10.10 10.15 10.05 10.05 
2016/07/14 10.20 10.80 10.20 10.65 
2016/07/15 10.80 10.80 10.55 10.60 
2016/07/18 10.70 10.90 10.60 10.70 
2016/07/19 10.75 10.90 10.65 10.70 
2016/07/20 10.70 10.75 10.50 10.60 
2016/07/21 10.70 11.55 10.70 11.15 
2016/07/22 11.20 11.40 11.15 11.40 
2016/07/25 11.60 11.65 11.25 11.55 
2016/07/26 11.65 12.05 11.40 11.90 
2016/07/27 11.80 12.05 11.75 12.00 
2016/07/28 12.05 12.10 11.35 11.50 
2016/07/29 11.80 12.25 11.80 12.00 
2016/08/01 12.50 13.20 12.40 13.20 
2016/08/02 13.20 13.50 12.85 13.20 
2016/08/03 13.10 14.35 13.00 13.90 
2016/08/04 14.10 14.15 13.40 13.50 
2016/08/05 13.50 13.90 12.70 13.20 
2016/08/08 13.05 13.25 12.85 13.00 
2016/08/09 13.00 13.15 12.70 12.70 
2016/08/10 12.85 13.10 12.80 12.80 
2016/08/11 12.85 12.85 12.25 12.55 
2016/08/12 12.55 12.75 12.55 12.55 
2016/08/15 12.60 13.00 12.60 12.75 
2016/08/16 12.85 12.85 12.55 12.55 
2016/08/17 12.85 12.85 12.50 12.60 
2016/08/18 12.55 12.65 12.40 12.60 
2016/08/19 12.45 12.70 12.40 12.60 
2016/08/22 12.45 12.55 12.35 12.35 
2016/08/23 12.35 12.50 12.25 12.25 
2016/08/24 12.45 12.45 12.25 12.45 
2016/08/25 11.70 11.85 11.50 11.65 
2016/08/26 11.60 11.65 11.45 11.65 
2016/08/29 11.65 11.65 11.35 11.40 
2016/08/30 11.45 11.55 11.30 11.45 
2016/08/31 11.50 12.30 11.45 12.10 
2016/09/01 12.05 12.05 11.80 11.95 
2016/09/02 11.95 11.95 11.40 11.45 
2016/09/05 11.50 11.70 11.45 11.65 
2016/09/06 11.70 11.90 11.65 11.65 
2016/09/07 11.80 12.10 11.80 11.90 
2016/09/08 11.95 11.95 11.70 11.75 
2016/09/09 11.75 11.80 11.70 11.75 
2016/09/10 11.65 11.70 11.45 11.60 
2016/09/12 11.80 11.90 11.60 11.60 
2016/09/13 11.80 12.15 11.70 12.00 
2016/09/14 11.95 12.25 11.70 11.75 
2016/09/19 11.75 12.00 11.75 11.80 
2016/09/20 11.85 11.95 11.80 11.95 
2016/09/21 12.00 12.00 11.80 11.90 
2016/09/22 12.00 12.05 11.85 11.90 
2016/09/23 11.95 12.00 11.80 11.85 
2016/09/26 12.00 12.10 11.80 11.85 
2016/09/29 12.00 12.00 11.85 11.90 
2016/09/30 11.95 12.00 11.65 11.85 
2016/10/03 11.95 11.95 11.75 11.80 
2016/10/04 11.90 11.90 11.60 11.70 
2016/10/05 11.65 11.75 11.60 11.70 
2016/10/06 11.75 11.75 11.60 11.65 
2016/10/07 11.65 11.65 11.55 11.55 
2016/10/11 12.00 12.45 11.95 12.35 
2016/10/12 12.40 12.65 12.10 12.10 
2016/10/13 12.15 12.75 12.15 12.65 
2016/10/14 12.90 13.00 12.30 12.60 
2016/10/17 13.00 13.25 12.85 12.85 
2016/10/18 12.85 13.00 12.70 12.70 
2016/10/19 12.85 12.90 12.50 12.60 
2016/10/20 12.75 12.75 12.55 12.60 
2016/10/21 12.60 13.20 12.60 13.00 
2016/10/24 13.25 13.25 12.90 13.10 
2016/10/25 13.15 13.15 13.00 13.05 
2016/10/26 13.00 13.10 12.90 13.00 
2016/10/27 13.00 13.05 12.85 12.90 
2016/10/28 12.85 12.85 12.30 12.40 
2016/10/31 12.40 12.55 12.30 12.45 
2016/11/01 12.35 12.40 11.95 12.00 
2016/11/02 12.00 12.00 11.55 11.55 
2016/11/03 11.65 11.65 11.20 11.40 
2016/11/04 11.30 11.50 11.30 11.35 
2016/11/07 11.40 11.70 11.35 11.55 
2016/11/08 11.65 11.65 11.20 11.45 
2016/11/09 11.50 11.55 10.50 10.70 
2016/11/10 11.05 11.30 10.95 11.30 
2016/11/11 11.10 11.10 10.85 10.90 
2016/11/14 10.75 11.20 10.70 11.10 
2016/11/15 11.05 11.15 10.90 10.90 
2016/11/16 11.00 11.45 11.00 11.05 
2016/11/17 11.15 11.20 10.85 10.90 
2016/11/18 11.00 11.05 10.85 10.95 
2016/11/21 10.90 11.05 10.90 11.00 
2016/11/22 11.05 11.05 10.90 10.90 
2016/11/23 11.00 11.05 10.80 10.90 
2016/11/24 10.90 10.95 10.80 10.80 
2016/11/25 10.90 10.90 10.50 10.70 
2016/11/28 10.70 10.80 10.60 10.75 
2016/11/29 10.75 10.85 10.70 10.80 
2016/11/30 10.85 11.00 10.85 10.95 
2016/12/01 10.95 10.95 10.85 10.90 
2016/12/02 10.95 10.95 10.75 10.80 
2016/12/05 10.80 11.00 10.80 10.90 
2016/12/06 10.95 11.20 10.95 11.10 
2016/12/07 11.15 11.20 11.05 11.10 
2016/12/08 11.15 11.80 11.15 11.45 
2016/12/09 11.45 11.55 11.35 11.35 
2016/12/12 11.50 12.10 11.50 11.70 
2016/12/13 11.60 11.75 11.60 11.70 
2016/12/14 11.75 11.85 11.55 11.55 
2016/12/15 11.60 11.60 11.45 11.50 
2016/12/16 11.50 11.60 11.50 11.50 
2016/12/19 11.60 11.70 11.40 11.40 
2016/12/20 11.50 11.55 11.15 11.25 
2016/12/21 11.30 11.30 11.20 11.20 
2016/12/22 11.25 11.25 11.10 11.10 
2016/12/23 11.10 11.15 11.00 11.00 
2016/12/26 11.05 11.10 10.95 10.95 
2016/12/27 10.95 11.10 10.95 11.00 
2016/12/28 11.00 11.10 10.80 10.85 
2016/12/29 10.85 10.90 10.80 10.80 
2016/12/30 10.90 11.05 10.90 10.95 
2017/01/03 11.00 11.05 10.85 10.95 
2017/01/04 11.00 11.05 10.95 11.05 
2017/01/05 11.00 11.25 11.00 11.20 
2017/01/06 11.20 11.30 11.15 11.20 
2017/01/09 11.25 11.30 11.15 11.20 
2017/01/10 11.35 11.35 11.05 11.05 
2017/01/11 10.90 10.90 10.50 10.65 
2017/01/12 10.65 10.85 10.65 10.75 
2017/01/13 10.75 10.75 10.40 10.55 
2017/01/16 10.55 10.55 10.50 10.50 
2017/01/17 10.55 10.60 10.50 10.60 
2017/01/18 10.60 10.65 10.55 10.55 
2017/01/19 10.65 10.70 10.60 10.60 
2017/01/20 10.60 10.75 10.60 10.60 
2017/01/23 10.65 10.75 10.60 10.60 
2017/01/24 10.65 10.65 10.55 10.60 
2017/02/02 10.75 11.65 10.70 11.65 
2017/02/03 11.95 11.95 11.35 11.45 
2017/02/06 11.65 11.65 11.30 11.50 
2017/02/07 11.40 11.55 11.40 11.40 
2017/02/08 11.40 11.75 11.40 11.60 
