2016/07/01 4.34 4.40 4.28 4.31 
2016/07/04 4.32 4.40 4.23 4.25 
2016/07/05 4.25 4.33 4.21 4.21 
2016/07/06 4.20 4.23 4.15 4.16 
2016/07/07 4.22 4.23 4.15 4.16 
2016/07/11 4.16 4.17 4.02 4.06 
2016/07/12 4.06 4.12 4.01 4.02 
2016/07/13 4.03 4.07 3.99 4.02 
2016/07/14 4.00 4.19 4.00 4.16 
2016/07/15 4.24 4.24 4.04 4.08 
2016/07/18 4.13 4.13 3.98 4.04 
2016/07/19 4.04 4.15 4.04 4.11 
2016/07/20 4.17 4.17 4.07 4.08 
2016/07/21 4.08 4.20 4.08 4.12 
2016/07/22 4.17 4.21 4.11 4.11 
2016/07/25 4.10 4.13 4.03 4.05 
2016/07/26 4.06 4.09 4.01 4.01 
2016/07/27 4.04 4.09 4.00 4.01 
2016/07/28 4.05 4.07 4.02 4.02 
2016/07/29 4.02 4.04 4.01 4.01 
2016/08/01 4.01 4.05 4.00 4.02 
2016/08/02 4.02 4.03 4.00 4.03 
2016/08/03 4.03 4.04 3.99 4.01 
2016/08/04 4.03 4.03 3.98 4.00 
2016/08/05 4.01 4.03 3.97 3.99 
2016/08/08 4.00 4.06 3.99 4.00 
2016/08/09 3.98 4.04 3.98 4.02 
2016/08/10 4.04 4.04 3.99 3.99 
2016/08/11 4.01 4.01 3.92 3.93 
2016/08/12 3.97 4.00 3.93 3.97 
2016/08/15 3.97 3.97 3.90 3.90 
2016/08/16 3.94 3.94 3.86 3.86 
2016/08/17 3.86 3.89 3.80 3.86 
2016/08/18 3.87 3.94 3.86 3.94 
2016/08/19 3.96 3.98 3.92 3.92 
2016/08/22 3.98 4.01 3.92 3.95 
2016/08/23 3.95 3.96 3.88 3.89 
2016/08/24 3.89 3.89 3.83 3.84 
2016/08/25 3.85 4.22 3.85 4.22 
2016/08/26 4.58 4.64 4.41 4.64 
2016/08/29 4.62 4.62 4.21 4.43 
2016/08/30 4.43 4.49 4.21 4.28 
2016/08/31 4.33 4.40 4.26 4.26 
2016/09/01 4.32 4.33 4.17 4.24 
2016/09/02 4.24 4.29 4.03 4.03 
2016/09/05 4.19 4.28 4.13 4.15 
2016/09/06 4.21 4.21 4.10 4.10 
2016/09/07 4.11 4.17 4.11 4.15 
2016/09/08 4.15 4.22 4.12 4.21 
2016/09/09 4.22 4.25 4.18 4.22 
2016/09/10 4.14 4.39 4.14 4.39 
2016/09/12 4.34 4.34 4.19 4.20 
2016/09/13 4.28 4.28 4.18 4.18 
2016/09/14 4.21 4.23 4.10 4.18 
2016/09/19 4.18 4.21 4.14 4.16 
2016/09/20 4.18 4.34 4.14 4.23 
2016/09/21 4.23 4.31 4.18 4.20 
2016/09/22 4.22 4.24 4.18 4.20 
2016/09/23 4.23 4.32 4.19 4.28 
2016/09/26 4.25 4.25 4.05 4.09 
2016/09/29 4.15 4.16 4.09 4.09 
2016/09/30 4.08 4.12 4.08 4.10 
2016/10/03 4.14 4.15 4.06 4.10 
2016/10/04 4.10 4.14 4.06 4.06 
2016/10/05 4.09 4.10 4.06 4.09 
2016/10/06 4.10 4.11 4.06 4.06 
2016/10/07 4.06 4.08 4.03 4.07 
2016/10/11 4.07 4.07 3.90 3.94 
2016/10/12 3.94 3.95 3.90 3.91 
2016/10/13 3.91 3.93 3.88 3.90 
2016/10/14 3.90 3.94 3.86 3.87 
2016/10/17 3.82 3.90 3.80 3.90 
2016/10/18 3.90 3.99 3.89 3.92 
2016/10/19 3.93 3.93 3.90 3.90 
2016/10/20 3.93 3.95 3.90 3.90 
2016/10/21 3.93 3.98 3.90 3.94 
2016/10/24 3.94 3.95 3.91 3.91 
2016/10/25 3.91 3.95 3.88 3.89 
2016/10/26 3.90 3.94 3.87 3.89 
2016/10/27 3.90 3.92 3.85 3.85 
2016/10/28 3.86 3.90 3.84 3.84 
2016/10/31 3.83 3.91 3.83 3.87 
2016/11/01 3.86 3.90 3.82 3.82 
2016/11/02 3.82 3.82 3.77 3.77 
2016/11/03 3.80 3.81 3.72 3.72 
2016/11/04 3.72 3.78 3.71 3.71 
2016/11/07 3.72 3.77 3.72 3.72 
2016/11/08 3.72 3.72 3.41 3.41 
2016/11/09 3.42 3.43 3.07 3.07 
2016/11/10 3.11 3.32 3.11 3.20 
2016/11/11 3.18 3.18 3.11 3.15 
2016/11/14 3.15 3.15 3.00 3.03 
2016/11/15 3.03 3.10 3.03 3.08 
2016/11/16 3.08 3.09 3.05 3.08 
2016/11/17 3.08 3.38 3.08 3.38 
2016/11/18 3.37 3.37 3.25 3.27 
2016/11/21 3.30 3.33 3.25 3.25 
2016/11/22 3.29 3.57 3.27 3.56 
2016/11/23 3.50 3.59 3.48 3.49 
2016/11/24 3.49 3.52 3.36 3.36 
2016/11/25 3.36 3.49 3.31 3.48 
2016/11/28 3.50 3.82 3.48 3.79 
2016/11/29 3.69 3.79 3.63 3.71 
2016/11/30 3.70 3.81 3.68 3.72 
2016/12/01 3.74 4.03 3.74 3.86 
2016/12/02 3.84 3.90 3.75 3.75 
2016/12/05 3.75 4.01 3.70 3.83 
2016/12/06 3.86 3.95 3.72 3.84 
2016/12/07 3.83 3.87 3.79 3.82 
2016/12/08 3.85 3.87 3.75 3.76 
2016/12/09 3.75 3.78 3.63 3.63 
2016/12/12 3.65 3.71 3.63 3.66 
2016/12/13 3.66 3.76 3.66 3.66 
2016/12/14 3.67 3.84 3.67 3.74 
2016/12/15 3.80 3.90 3.76 3.81 
2016/12/16 3.82 3.83 3.67 3.76 
2016/12/19 3.76 3.76 3.69 3.70 
2016/12/20 3.70 3.76 3.66 3.71 
2016/12/21 3.71 3.84 3.71 3.80 
2016/12/22 3.76 4.18 3.76 4.12 
2016/12/23 4.12 4.24 4.04 4.16 
2016/12/26 4.12 4.28 4.12 4.25 
2016/12/27 4.30 4.67 4.30 4.67 
2016/12/28 4.64 4.90 4.50 4.73 
2016/12/29 4.68 5.19 4.61 5.08 
2016/12/30 5.08 5.21 4.85 4.89 
2017/01/03 4.87 4.97 4.58 4.62 
2017/01/04 4.67 4.73 4.39 4.47 
2017/01/05 4.49 4.66 4.32 4.45 
2017/01/06 4.45 4.50 4.41 4.43 
2017/01/09 4.43 4.43 4.18 4.23 
2017/01/10 4.32 4.50 4.24 4.47 
2017/01/11 4.41 4.47 4.26 4.32 
2017/01/12 4.32 4.46 4.31 4.38 
2017/01/13 4.43 4.69 4.40 4.66 
2017/01/16 4.66 4.74 4.48 4.48 
2017/01/17 4.48 4.49 4.40 4.42 
2017/01/18 4.42 4.61 4.42 4.49 
2017/01/19 4.45 4.53 4.36 4.41 
2017/01/20 4.41 4.60 4.33 4.35 
2017/01/23 4.36 4.38 4.24 4.25 
2017/01/24 4.28 4.33 4.14 4.19 
2017/02/02 4.20 4.29 4.14 4.27 
2017/02/03 4.28 4.36 4.27 4.36 
2017/02/06 4.38 4.63 4.37 4.56 
2017/02/07 4.59 4.68 4.43 4.49 
2017/02/08 4.50 4.55 4.45 4.48 
