2016/07/01 21.65 21.70 21.45 21.55 
2016/07/04 21.45 21.95 21.40 21.90 
2016/07/05 21.90 22.35 21.75 22.00 
2016/07/06 22.00 22.05 21.40 21.70 
2016/07/07 21.70 21.75 21.50 21.50 
2016/07/11 21.40 21.55 20.95 21.30 
2016/07/12 21.40 21.40 21.20 21.35 
2016/07/13 21.50 22.60 21.40 22.15 
2016/07/14 22.05 22.45 22.05 22.30 
2016/07/15 22.60 23.20 22.45 22.50 
2016/07/18 22.55 22.60 22.05 22.45 
2016/07/19 22.45 22.50 22.15 22.50 
2016/07/20 22.45 24.10 22.30 23.75 
2016/07/21 23.70 23.80 23.25 23.35 
2016/07/22 23.45 23.65 23.20 23.60 
2016/07/25 23.60 23.65 22.75 23.35 
2016/07/26 23.30 23.45 22.80 22.95 
2016/07/27 23.10 23.15 22.85 22.95 
2016/07/28 22.95 23.10 22.90 22.95 
2016/07/29 23.00 23.15 22.80 22.95 
2016/08/01 22.95 23.20 22.90 23.20 
2016/08/02 23.30 23.30 23.10 23.15 
2016/08/03 22.90 22.95 22.80 22.95 
2016/08/04 22.95 23.75 22.80 23.60 
2016/08/05 23.85 24.10 23.80 23.90 
2016/08/08 24.25 24.30 23.75 23.80 
2016/08/09 23.90 23.90 23.40 23.40 
2016/08/10 23.40 23.75 23.10 23.50 
2016/08/11 23.10 23.10 22.50 22.65 
2016/08/12 22.70 22.70 21.80 21.85 
2016/08/15 21.85 22.00 21.50 21.65 
2016/08/16 21.70 21.95 21.70 21.80 
2016/08/17 21.80 21.80 21.35 21.50 
2016/08/18 21.35 21.70 21.30 21.50 
2016/08/19 21.60 22.00 21.50 21.85 
2016/08/22 21.80 21.90 21.30 21.40 
2016/08/23 21.50 22.20 21.50 21.85 
2016/08/24 21.75 22.10 21.70 21.80 
2016/08/25 21.80 22.05 21.80 22.00 
2016/08/26 22.00 22.10 21.75 21.80 
2016/08/29 21.90 22.00 21.55 21.55 
2016/08/30 21.55 21.80 21.50 21.55 
2016/08/31 21.55 22.85 21.50 22.85 
2016/09/01 23.35 23.90 22.20 22.20 
2016/09/02 22.30 22.60 21.90 21.95 
2016/09/05 22.15 22.35 22.15 22.25 
2016/09/06 22.35 23.60 22.35 23.40 
2016/09/07 23.40 23.65 23.05 23.65 
2016/09/08 23.75 24.05 23.55 23.80 
2016/09/09 23.80 24.45 23.70 23.75 
2016/09/10 23.35 23.45 23.00 23.00 
2016/09/12 23.00 23.00 22.45 22.50 
2016/09/13 22.80 22.90 22.50 22.60 
2016/09/14 22.60 22.75 22.05 22.05 
2016/09/19 22.15 22.40 22.15 22.25 
2016/09/20 21.50 21.70 21.45 21.45 
2016/09/21 21.45 22.35 21.45 22.00 
2016/09/22 22.05 22.15 21.70 21.95 
2016/09/23 21.90 22.30 21.80 22.00 
2016/09/26 22.00 22.00 21.55 21.70 
2016/09/29 21.75 22.10 21.60 22.10 
2016/09/30 22.90 23.90 22.90 23.20 
2016/10/03 23.30 23.90 23.10 23.30 
2016/10/04 23.70 23.75 23.35 23.50 
2016/10/05 23.50 23.75 23.25 23.25 
2016/10/06 23.35 23.55 22.80 23.10 
2016/10/07 22.90 23.15 22.65 22.80 
2016/10/11 23.40 23.40 22.30 22.45 
2016/10/12 22.45 22.90 22.45 22.75 
2016/10/13 22.75 22.80 22.50 22.50 
2016/10/14 22.50 23.10 22.30 22.95 
2016/10/17 22.90 23.00 22.60 22.85 
2016/10/18 23.00 23.35 22.85 23.15 
2016/10/19 23.55 23.90 23.20 23.30 
2016/10/20 23.25 23.65 23.10 23.35 
2016/10/21 23.50 24.10 23.40 23.90 
2016/10/24 23.90 23.95 23.40 23.45 
2016/10/25 23.45 23.65 23.30 23.35 
2016/10/26 23.35 23.55 23.15 23.15 
2016/10/27 23.30 23.30 22.80 22.95 
2016/10/28 22.95 23.10 22.70 22.70 
2016/10/31 22.70 22.75 22.45 22.60 
2016/11/01 22.55 22.95 22.55 22.80 
2016/11/02 22.70 22.90 22.60 22.60 
2016/11/03 22.65 22.85 22.00 22.10 
2016/11/04 22.00 22.35 22.00 22.25 
2016/11/07 22.45 22.60 22.35 22.55 
2016/11/08 22.70 23.55 22.45 23.25 
2016/11/09 23.25 23.30 20.95 21.10 
2016/11/10 21.80 22.20 21.75 21.95 
2016/11/11 21.75 21.75 21.25 21.35 
2016/11/14 21.10 21.55 21.10 21.25 
2016/11/15 20.60 21.00 20.60 20.65 
2016/11/16 20.60 20.75 20.10 20.15 
2016/11/17 20.35 20.45 20.15 20.15 
2016/11/18 20.25 20.35 20.15 20.20 
2016/11/21 20.60 20.60 20.30 20.35 
2016/11/22 20.35 20.95 20.35 20.70 
2016/11/23 20.80 20.95 20.50 20.50 
2016/11/24 20.55 20.85 20.55 20.55 
2016/11/25 20.70 21.10 20.65 20.85 
2016/11/28 20.95 21.40 20.95 20.95 
2016/11/29 21.00 21.10 20.85 20.90 
2016/11/30 21.00 21.50 20.80 21.50 
2016/12/01 21.60 21.60 21.10 21.55 
2016/12/02 21.60 21.90 21.40 21.90 
2016/12/05 21.90 22.00 21.55 22.00 
2016/12/06 22.50 22.50 21.80 21.80 
2016/12/07 21.75 21.95 21.45 21.45 
2016/12/08 21.60 21.70 21.30 21.35 
2016/12/09 21.60 23.10 21.60 22.85 
2016/12/12 22.95 23.25 22.60 22.90 
2016/12/13 22.70 22.90 22.55 22.55 
2016/12/14 22.70 22.70 22.35 22.35 
2016/12/15 22.50 22.60 22.25 22.35 
2016/12/16 22.75 22.75 22.35 22.50 
2016/12/19 22.65 22.65 22.00 22.30 
2016/12/20 23.15 23.60 22.55 22.60 
2016/12/21 22.50 22.80 22.50 22.50 
2016/12/22 22.75 22.75 22.05 22.15 
2016/12/23 22.10 22.20 21.80 21.85 
2016/12/26 21.90 22.05 21.60 21.65 
2016/12/27 21.70 21.80 21.50 21.50 
2016/12/28 21.65 22.75 21.55 22.40 
2016/12/29 22.20 22.40 22.15 22.15 
2016/12/30 22.20 22.40 22.05 22.15 
2017/01/03 22.15 22.40 22.10 22.20 
2017/01/04 22.40 22.40 22.15 22.40 
2017/01/05 22.75 23.05 22.60 22.60 
2017/01/06 22.70 22.85 22.65 22.65 
2017/01/09 23.00 23.00 22.50 22.55 
2017/01/10 22.65 22.70 22.20 22.25 
2017/01/11 22.70 23.15 22.30 22.40 
2017/01/12 22.50 23.00 22.20 22.95 
2017/01/13 22.95 23.15 22.65 22.95 
2017/01/16 22.90 23.30 22.70 22.95 
2017/01/17 23.05 23.65 23.00 23.55 
2017/01/18 23.65 25.90 23.45 25.90 
2017/01/19 26.30 27.30 24.65 24.80 
2017/01/20 24.80 25.40 24.65 24.95 
2017/01/23 25.40 25.80 25.00 25.10 
2017/01/24 25.10 25.15 24.15 24.30 
2017/02/02 24.60 25.30 24.60 24.70 
2017/02/03 24.65 25.10 24.25 24.75 
2017/02/06 24.75 25.10 24.55 24.60 
2017/02/07 24.50 25.35 24.50 24.80 
2017/02/08 24.85 25.10 24.50 24.55 
