2016/07/01 12.70 12.70 12.65 12.65 
2016/07/06 12.60 12.60 12.60 12.60 
2016/07/07 12.60 12.60 12.60 12.60 
2016/07/11 12.75 12.75 12.75 12.75 
2016/07/13 12.45 12.70 12.45 12.70 
2016/07/18 12.60 12.60 12.60 12.60 
2016/07/21 12.60 12.60 12.05 12.05 
2016/07/22 12.45 12.45 12.45 12.45 
2016/07/25 12.50 12.50 12.50 12.50 
2016/07/27 13.05 13.05 12.55 12.55 
2016/08/02 12.60 12.60 12.60 12.60 
2016/08/12 12.60 12.70 12.60 12.70 
2016/08/15 12.70 12.70 12.70 12.70 
2016/08/16 12.70 12.70 12.70 12.70 
2016/08/18 12.70 12.70 12.70 12.70 
2016/08/26 12.55 12.55 12.55 12.55 
2016/08/29 12.60 13.00 12.60 13.00 
2016/08/30 12.80 12.90 12.30 12.90 
2016/08/31 12.90 14.15 12.90 14.00 
2016/09/01 13.00 13.90 13.00 13.10 
2016/09/02 13.40 13.40 12.45 12.55 
2016/09/05 12.80 13.80 12.40 13.50 
2016/09/06 13.20 14.85 13.00 14.60 
2016/09/07 13.85 14.70 13.80 14.45 
2016/09/08 14.95 15.50 14.95 15.05 
2016/09/09 14.05 15.00 14.05 15.00 
2016/09/10 14.25 14.25 14.25 14.25 
2016/09/12 14.70 15.20 14.70 15.10 
2016/09/13 15.60 15.60 15.55 15.55 
2016/09/14 15.60 15.90 14.40 14.40 
2016/09/19 14.90 14.90 13.50 13.50 
2016/09/20 13.95 14.70 13.95 14.60 
2016/09/21 15.75 15.75 13.90 14.70 
2016/09/23 14.90 15.25 13.65 13.65 
2016/09/26 13.70 14.30 13.70 14.30 
2016/09/30 14.20 15.15 13.80 14.85 
2016/10/03 16.00 16.05 14.20 15.45 
2016/10/05 14.80 14.80 13.15 14.60 
2016/10/06 14.55 14.95 14.55 14.95 
2016/10/07 16.40 16.40 16.00 16.40 
2016/10/11 15.80 15.80 14.80 14.80 
2016/10/12 13.35 14.20 13.35 13.35 
2016/10/13 12.80 13.60 12.80 13.60 
2016/10/14 12.70 13.15 12.30 12.90 
2016/10/17 13.00 13.25 13.00 13.25 
2016/10/18 13.35 13.35 13.35 13.35 
2016/10/19 12.85 13.10 12.40 12.45 
2016/10/20 12.80 12.80 12.75 12.80 
2016/10/21 12.50 12.75 12.50 12.60 
2016/10/24 12.90 12.90 12.40 12.40 
2016/10/25 12.45 12.45 12.40 12.40 
2016/10/26 12.80 13.10 12.75 13.00 
2016/10/28 12.95 12.95 12.55 12.75 
2016/11/01 12.95 12.95 12.90 12.90 
2016/11/02 13.05 13.05 13.05 13.05 
2016/11/04 12.90 12.90 12.90 12.90 
2016/11/07 13.15 13.15 13.15 13.15 
2016/11/08 12.05 12.85 12.05 12.80 
2016/11/09 12.90 12.90 12.90 12.90 
2016/11/10 13.05 13.05 13.05 13.05 
2016/11/14 13.05 13.05 13.05 13.05 
2016/11/15 11.95 12.70 11.95 12.70 
2016/11/16 12.20 12.65 12.20 12.65 
2016/11/17 12.60 13.50 12.60 13.50 
2016/11/21 13.05 13.05 13.05 13.05 
2016/11/23 11.95 12.85 11.80 12.85 
2016/11/25 12.40 12.70 12.10 12.70 
2016/11/28 11.85 12.25 11.85 12.25 
2016/11/29 12.65 12.95 12.00 12.80 
2016/11/30 12.10 12.15 12.10 12.15 
2016/12/01 12.55 13.05 12.55 13.05 
2016/12/05 12.80 13.65 12.80 13.65 
2016/12/06 13.65 13.65 13.65 13.65 
2016/12/09 13.45 13.45 13.45 13.45 
2016/12/13 13.00 13.00 13.00 13.00 
2016/12/15 12.30 12.95 12.30 12.95 
2016/12/16 12.75 12.75 12.75 12.75 
2016/12/19 12.90 12.90 12.90 12.90 
2016/12/21 12.70 13.55 12.60 12.60 
2016/12/22 12.75 12.75 12.75 12.75 
2016/12/23 12.70 12.70 12.70 12.70 
2016/12/26 12.75 12.75 12.75 12.75 
2016/12/27 11.85 13.45 11.85 13.45 
2016/12/28 13.15 13.15 13.15 13.15 
2016/12/29 12.85 12.85 12.40 12.40 
2016/12/30 12.70 12.70 12.70 12.70 
2017/01/03 12.70 12.70 12.70 12.70 
2017/01/04 12.90 12.90 12.90 12.90 
2017/01/05 12.90 12.90 12.90 12.90 
2017/01/09 12.10 12.90 11.70 12.90 
2017/01/10 11.85 12.70 11.65 12.70 
2017/01/11 12.20 12.35 12.20 12.30 
2017/01/12 12.15 12.60 12.15 12.30 
2017/01/13 12.15 12.15 11.90 12.10 
2017/01/16 12.10 12.80 12.10 12.80 
2017/01/17 12.60 12.60 12.60 12.60 
2017/01/18 13.00 13.45 12.80 12.80 
2017/01/20 12.00 12.65 12.00 12.65 
2017/01/23 12.85 13.20 12.80 13.20 
2017/01/24 13.20 13.20 12.60 12.60 
2017/02/02 12.70 12.70 12.70 12.70 
2017/02/06 12.00 12.60 12.00 12.60 
2017/02/07 12.70 12.75 12.30 12.70 
2017/02/08 12.55 13.05 12.55 13.05 
