2016/07/01 8.53 8.80 8.50 8.61 
2016/07/04 8.62 8.80 8.30 8.63 
2016/07/05 8.51 8.61 8.28 8.28 
2016/07/06 8.20 9.05 8.20 8.90 
2016/07/07 8.88 9.03 8.45 8.88 
2016/07/11 9.76 9.76 9.76 9.76 
2016/07/12 10.70 10.70 10.70 10.70 
2016/07/13 11.00 11.75 11.00 11.75 
2016/07/14 12.90 12.90 12.90 12.90 
2016/07/15 14.15 14.15 14.15 14.15 
2016/07/18 15.55 15.55 14.40 15.20 
2016/07/19 15.20 15.40 14.20 15.40 
2016/07/20 15.90 15.90 14.95 14.95 
2016/07/21 14.10 14.90 13.50 14.45 
2016/07/22 13.95 14.05 13.35 13.70 
2016/07/25 13.85 13.90 13.65 13.65 
2016/07/26 13.75 14.25 13.75 14.05 
2016/07/27 14.20 14.20 13.85 14.10 
2016/07/28 13.95 15.20 13.95 15.00 
2016/07/29 15.20 15.20 14.80 15.20 
2016/08/01 14.95 15.50 14.95 15.05 
2016/08/02 14.75 15.50 14.75 15.50 
2016/08/03 15.05 16.90 15.05 16.90 
2016/08/04 18.55 18.55 18.00 18.55 
2016/08/05 20.30 20.30 17.55 17.80 
2016/08/08 17.90 17.90 16.05 16.40 
2016/08/09 16.00 16.00 14.80 14.90 
2016/08/10 14.15 14.30 13.45 13.45 
2016/08/11 13.45 13.45 12.15 12.15 
2016/08/12 12.00 13.25 12.00 13.10 
2016/08/15 12.80 12.80 12.00 12.10 
2016/08/16 12.20 12.20 10.90 10.90 
2016/08/17 10.90 11.65 10.90 11.15 
2016/08/18 10.65 10.85 10.05 10.05 
2016/08/19 9.47 10.30 9.47 10.00 
2016/08/22 9.80 10.25 9.80 10.05 
2016/08/23 10.45 10.45 10.10 10.10 
2016/08/24 10.45 11.10 10.30 11.10 
2016/08/25 11.10 11.60 11.10 11.25 
2016/08/26 11.30 11.80 11.30 11.50 
2016/08/29 11.70 11.70 11.45 11.65 
2016/08/30 12.05 12.80 11.50 12.80 
2016/08/31 12.80 14.05 12.80 14.05 
2016/09/01 14.00 14.00 12.85 12.90 
2016/09/02 12.90 12.95 11.65 11.90 
2016/09/05 12.10 12.40 11.55 12.05 
2016/09/06 12.05 12.25 11.50 11.85 
2016/09/07 12.05 12.05 11.50 11.70 
2016/09/08 11.90 11.90 10.80 11.65 
2016/09/09 11.70 11.75 11.30 11.35 
2016/09/10 11.20 11.30 10.70 10.80 
2016/09/12 10.80 11.00 10.40 10.50 
2016/09/13 10.85 11.55 10.70 11.55 
2016/09/14 12.05 12.70 12.00 12.70 
2016/09/19 13.25 13.95 12.90 13.95 
2016/09/20 13.85 15.00 13.40 14.35 
2016/09/21 14.30 14.45 13.55 13.90 
2016/09/22 13.55 14.80 13.55 14.45 
2016/09/23 14.60 14.60 13.80 13.80 
2016/09/26 13.80 14.20 12.75 13.40 
2016/09/29 13.15 13.45 12.55 12.85 
2016/09/30 13.00 13.00 12.20 12.55 
2016/10/03 12.30 13.80 12.25 13.80 
2016/10/04 14.00 14.25 13.50 13.85 
2016/10/05 13.80 14.30 13.50 13.70 
2016/10/06 13.90 14.00 13.50 13.50 
2016/10/07 13.50 13.65 13.50 13.65 
2016/10/11 14.80 14.80 13.95 14.20 
2016/10/12 14.10 14.10 13.30 13.40 
2016/10/13 13.20 13.60 13.20 13.25 
2016/10/14 13.25 13.40 12.10 12.75 
2016/10/17 12.55 12.75 12.20 12.40 
2016/10/18 12.50 12.60 12.30 12.50 
2016/10/19 12.75 13.20 12.55 12.80 
2016/10/20 12.90 12.95 12.45 12.50 
2016/10/21 12.45 12.85 12.45 12.60 
2016/10/24 12.70 12.70 12.45 12.45 
2016/10/25 12.85 12.85 12.50 12.70 
2016/10/26 12.60 12.85 12.40 12.60 
2016/10/27 12.60 12.60 12.15 12.30 
2016/10/28 12.50 12.50 12.25 12.30 
2016/10/31 12.10 12.20 11.90 11.95 
2016/11/01 11.95 13.10 11.85 13.10 
2016/11/02 13.10 14.35 13.00 13.85 
2016/11/03 13.40 13.60 12.50 12.50 
2016/11/04 12.70 13.40 12.55 13.10 
2016/11/07 13.10 13.25 12.80 12.85 
2016/11/08 12.85 13.30 12.80 13.30 
2016/11/09 13.70 14.40 12.95 13.70 
2016/11/10 13.25 13.95 12.80 13.20 
2016/11/11 13.00 13.15 12.20 12.70 
2016/11/14 12.70 12.70 12.20 12.50 
2016/11/15 12.45 12.65 12.35 12.35 
2016/11/16 12.65 12.65 12.30 12.30 
2016/11/17 12.20 12.40 12.20 12.25 
2016/11/18 12.30 12.55 12.30 12.45 
2016/11/21 12.60 12.60 12.05 12.50 
2016/11/22 12.50 12.55 12.10 12.20 
2016/11/23 12.15 12.40 12.15 12.30 
2016/11/24 12.25 12.40 12.15 12.15 
2016/11/25 12.20 12.20 11.80 11.95 
2016/11/28 12.30 12.30 11.85 12.30 
2016/11/29 12.00 12.05 11.85 12.05 
2016/11/30 12.00 12.05 11.90 11.95 
2016/12/01 11.90 12.15 11.90 11.95 
2016/12/02 11.85 11.90 11.70 11.80 
2016/12/05 11.70 12.30 11.65 12.25 
2016/12/06 12.25 12.50 12.05 12.30 
2016/12/07 12.60 12.60 12.20 12.30 
2016/12/08 11.30 11.90 11.30 11.60 
2016/12/09 11.60 11.70 11.50 11.70 
2016/12/12 11.55 11.65 11.40 11.50 
2016/12/13 11.50 11.70 11.30 11.50 
2016/12/14 11.50 11.55 11.25 11.25 
2016/12/15 11.15 11.50 11.00 11.10 
2016/12/16 11.10 11.15 10.95 11.15 
2016/12/19 11.15 11.15 10.90 10.95 
2016/12/20 10.95 11.00 10.85 10.90 
2016/12/21 10.90 10.90 10.45 10.60 
2016/12/22 10.60 11.45 10.60 11.05 
2016/12/23 11.05 11.05 10.75 10.80 
2016/12/26 10.85 10.85 10.75 10.80 
2016/12/27 10.85 11.00 10.85 10.90 
2016/12/28 10.90 11.05 10.90 10.90 
2016/12/29 10.90 11.00 10.75 11.00 
2016/12/30 11.00 11.00 10.80 10.80 
2017/01/03 10.70 10.80 10.65 10.80 
2017/01/04 10.80 10.90 10.65 10.70 
2017/01/05 10.70 10.85 10.60 10.85 
2017/01/06 10.90 11.90 10.85 11.90 
2017/01/09 11.90 11.90 11.40 11.50 
2017/01/10 11.45 11.45 11.05 11.05 
2017/01/11 11.00 11.05 10.85 10.90 
2017/01/12 10.90 10.90 10.80 10.85 
2017/01/13 10.85 10.85 10.80 10.80 
2017/01/16 10.30 10.70 10.30 10.60 
2017/01/17 10.50 10.55 10.40 10.50 
2017/01/18 10.50 10.70 10.30 10.55 
2017/01/19 10.50 10.50 10.20 10.50 
2017/01/20 10.50 10.65 10.50 10.65 
2017/01/23 10.80 10.80 10.40 10.50 
2017/01/24 10.60 10.60 10.35 10.50 
2017/02/02 10.50 10.50 10.20 10.40 
2017/02/03 10.55 11.40 10.55 11.40 
2017/02/06 11.50 12.30 11.50 11.80 
2017/02/07 11.30 11.75 11.20 11.40 
2017/02/08 11.40 11.80 11.35 11.35 
