2016/07/01 32.90 33.95 32.35 32.35 
2016/07/04 32.40 35.15 32.40 34.80 
2016/07/05 34.10 34.30 32.90 33.00 
2016/07/06 32.55 32.55 31.10 31.75 
2016/07/07 32.05 32.70 31.60 31.60 
2016/07/11 32.50 33.70 32.35 33.10 
2016/07/12 33.20 33.50 32.50 32.70 
2016/07/13 32.85 33.10 32.30 32.55 
2016/07/14 32.90 33.75 32.80 33.10 
2016/07/15 33.60 33.80 33.10 33.20 
2016/07/18 33.30 34.35 33.25 34.35 
2016/07/19 34.55 34.65 33.40 33.60 
2016/07/20 31.60 31.95 31.30 31.55 
2016/07/21 32.40 32.40 31.80 31.80 
2016/07/22 31.70 32.15 31.65 31.65 
2016/07/25 32.00 32.00 30.60 30.60 
2016/07/26 30.70 32.90 30.70 32.65 
2016/07/27 32.70 33.20 31.95 32.00 
2016/07/28 32.40 32.55 32.00 32.15 
2016/07/29 32.60 34.00 32.60 33.15 
2016/08/01 33.75 34.65 33.75 34.35 
2016/08/02 34.70 34.70 33.60 34.35 
2016/08/03 33.70 34.25 33.50 33.50 
2016/08/04 33.65 33.85 32.80 33.00 
2016/08/05 33.10 33.40 33.00 33.05 
2016/08/08 34.50 34.50 33.25 33.30 
2016/08/09 33.45 33.45 32.00 32.00 
2016/08/10 31.40 32.40 31.40 31.50 
2016/08/11 31.50 31.75 30.10 30.90 
2016/08/12 31.30 31.40 30.50 30.75 
2016/08/15 30.95 31.10 30.30 31.00 
2016/08/16 31.30 31.35 30.80 30.90 
2016/08/17 30.65 30.90 30.10 30.25 
2016/08/18 30.20 30.50 29.65 29.95 
2016/08/19 30.00 30.80 30.00 30.00 
2016/08/22 30.10 30.10 29.00 29.05 
2016/08/23 29.00 29.50 28.95 29.40 
2016/08/24 29.60 29.70 29.40 29.50 
2016/08/25 29.60 30.60 29.45 30.30 
2016/08/26 30.40 30.55 29.80 30.05 
2016/08/29 30.05 30.35 29.65 29.90 
2016/08/30 30.10 30.80 30.10 30.50 
2016/08/31 30.85 31.40 30.75 31.40 
2016/09/01 31.60 32.00 31.15 31.30 
2016/09/02 31.30 31.30 29.65 29.70 
2016/09/05 30.15 30.15 29.70 30.00 
2016/09/06 29.60 29.60 29.10 29.50 
2016/09/07 29.70 30.15 29.40 29.65 
2016/09/08 30.40 30.90 30.10 30.60 
2016/09/09 30.55 30.60 30.10 30.60 
2016/09/10 29.70 30.25 29.70 30.10 
2016/09/12 30.25 30.30 29.35 29.50 
2016/09/13 29.90 29.95 28.95 29.10 
2016/09/14 29.05 29.40 29.05 29.20 
2016/09/19 29.50 29.90 29.35 29.75 
2016/09/20 29.85 30.70 29.85 30.50 
2016/09/21 31.50 32.60 31.30 32.60 
2016/09/22 33.05 33.10 32.40 32.70 
2016/09/23 33.00 33.00 32.50 32.75 
2016/09/26 32.95 33.40 32.60 32.75 
2016/09/29 33.10 33.75 32.95 33.60 
2016/09/30 33.20 33.50 32.85 33.20 
2016/10/03 33.50 34.20 33.25 33.90 
2016/10/04 34.45 34.60 33.55 33.60 
2016/10/05 33.60 33.60 32.65 32.90 
2016/10/06 33.05 33.25 32.90 33.10 
2016/10/07 33.35 33.40 32.05 32.10 
2016/10/11 31.60 32.05 30.05 30.60 
2016/10/12 31.05 31.50 30.70 31.00 
2016/10/13 31.25 31.25 30.30 30.40 
2016/10/14 30.30 30.30 29.30 29.55 
2016/10/17 29.80 30.10 29.55 30.00 
2016/10/18 30.15 30.15 29.25 29.60 
2016/10/19 29.60 29.90 29.50 29.85 
2016/10/20 30.00 30.25 29.80 29.85 
2016/10/21 29.90 30.10 29.65 30.10 
2016/10/24 30.35 31.35 30.35 31.10 
2016/10/25 31.30 31.30 30.85 30.85 
2016/10/26 30.70 31.40 30.60 30.90 
2016/10/27 30.90 31.30 30.80 30.95 
2016/10/28 30.95 31.00 30.05 30.05 
2016/10/31 30.05 30.30 29.85 30.25 
2016/11/01 30.10 30.25 29.85 29.90 
2016/11/02 29.50 29.50 29.10 29.10 
2016/11/03 29.10 29.40 28.95 29.15 
2016/11/04 29.15 29.55 29.00 29.10 
2016/11/07 29.30 29.65 29.25 29.50 
2016/11/08 29.70 29.75 28.40 28.85 
2016/11/09 28.85 29.05 26.20 26.40 
2016/11/10 27.40 28.50 27.20 28.40 
2016/11/11 27.50 27.50 26.40 26.80 
2016/11/14 28.00 28.35 27.60 27.80 
2016/11/15 27.75 28.00 27.60 27.80 
2016/11/16 28.05 28.20 27.65 27.80 
2016/11/17 27.80 27.95 27.60 27.85 
2016/11/18 27.85 28.00 27.65 27.95 
2016/11/21 28.10 28.30 28.05 28.20 
2016/11/22 28.40 28.75 28.40 28.55 
2016/11/23 28.55 28.55 28.00 28.00 
2016/11/24 27.95 28.05 27.80 27.85 
2016/11/25 27.85 28.30 27.85 28.05 
2016/11/28 28.15 28.45 27.90 28.45 
2016/11/29 28.65 29.70 28.65 29.10 
2016/11/30 29.15 29.20 28.80 28.85 
2016/12/01 29.00 29.25 28.70 29.15 
2016/12/02 29.15 29.15 28.75 29.15 
2016/12/05 29.15 29.15 28.60 28.90 
2016/12/06 29.00 29.10 28.75 28.75 
2016/12/07 28.85 28.90 28.60 28.75 
2016/12/08 28.75 29.25 28.75 28.85 
2016/12/09 28.60 29.00 28.60 28.70 
2016/12/12 28.80 29.05 28.75 28.80 
2016/12/13 28.85 28.95 28.70 28.75 
2016/12/14 28.75 29.70 28.70 29.20 
2016/12/15 29.05 29.40 29.05 29.20 
2016/12/16 29.55 29.60 29.30 29.50 
2016/12/19 29.50 29.60 29.20 29.25 
2016/12/20 29.25 29.90 29.10 29.85 
2016/12/21 29.85 30.10 29.55 29.60 
2016/12/22 29.50 29.60 29.20 29.20 
2016/12/23 29.10 29.45 29.10 29.20 
2016/12/26 29.35 29.90 29.35 29.65 
2016/12/27 29.65 29.65 29.35 29.40 
2016/12/28 29.55 29.90 29.35 29.80 
2016/12/29 30.00 30.10 29.60 29.70 
2016/12/30 29.75 30.00 29.65 29.70 
2017/01/03 29.85 32.00 29.80 31.60 
2017/01/04 31.80 32.20 31.25 31.25 
2017/01/05 31.20 32.00 31.05 31.35 
2017/01/06 31.35 31.80 31.15 31.60 
2017/01/09 31.65 31.80 30.65 30.80 
2017/01/10 28.75 29.35 28.60 28.90 
2017/01/11 28.90 29.00 28.60 28.60 
2017/01/12 28.60 28.75 28.00 28.05 
2017/01/13 27.75 28.40 27.70 28.15 
2017/01/16 28.15 28.35 28.00 28.05 
2017/01/17 28.05 28.30 28.00 28.05 
2017/01/18 28.05 28.25 28.00 28.25 
2017/01/19 28.25 28.25 28.00 28.05 
2017/01/20 28.05 28.35 28.00 28.05 
2017/01/23 28.10 28.30 28.05 28.15 
2017/01/24 28.15 28.25 28.15 28.15 
2017/02/02 28.40 28.65 27.85 28.00 
2017/02/03 28.15 28.40 27.90 28.40 
2017/02/06 28.60 29.10 28.50 28.90 
2017/02/07 29.00 29.05 28.65 28.85 
2017/02/08 28.90 29.00 28.75 28.90 
