2016/07/01 14.25 14.60 13.85 14.10 
2016/07/04 14.10 14.10 13.60 13.70 
2016/07/05 13.25 13.70 13.25 13.35 
2016/07/06 13.25 13.55 13.15 13.40 
2016/07/07 13.55 13.55 13.20 13.20 
2016/07/11 13.40 13.40 13.10 13.10 
2016/07/12 13.20 13.40 13.20 13.20 
2016/07/13 13.30 13.30 13.10 13.15 
2016/07/14 13.15 13.35 13.00 13.30 
2016/07/15 13.35 13.60 13.25 13.25 
2016/07/18 13.30 13.50 13.30 13.35 
2016/07/19 13.35 13.45 13.00 13.10 
2016/07/20 13.10 13.60 13.10 13.45 
2016/07/21 13.45 13.45 13.20 13.25 
2016/07/22 13.20 13.40 13.00 13.00 
2016/07/25 13.00 13.25 13.00 13.05 
2016/07/26 13.05 13.15 12.80 13.00 
2016/07/27 12.90 13.00 12.60 12.70 
2016/07/28 12.80 12.95 12.30 12.35 
2016/07/29 12.40 12.40 12.20 12.20 
2016/08/01 12.30 12.90 12.30 12.60 
2016/08/02 12.60 12.60 12.40 12.40 
2016/08/03 12.30 12.90 12.30 12.80 
2016/08/04 12.70 14.00 12.60 13.95 
2016/08/05 13.85 14.50 13.30 13.70 
2016/08/08 13.70 13.95 13.20 13.30 
2016/08/09 13.10 13.20 12.80 12.80 
2016/08/10 12.80 14.00 12.80 13.45 
2016/08/11 13.25 13.25 12.70 12.80 
2016/08/12 12.10 12.70 12.10 12.35 
2016/08/15 12.20 12.30 11.60 11.80 
2016/08/16 11.80 11.80 11.50 11.75 
2016/08/17 11.50 11.50 10.60 10.60 
2016/08/18 9.54 9.54 9.54 9.54 
2016/08/19 8.59 8.59 8.59 8.59 
2016/08/22 7.91 8.30 7.82 8.05 
2016/08/23 7.65 8.30 7.65 8.20 
2016/08/24 8.10 8.21 8.03 8.18 
2016/08/25 8.98 8.98 8.22 8.51 
2016/08/26 8.51 8.70 8.51 8.70 
2016/08/29 9.44 9.44 8.80 9.18 
2016/08/30 9.10 9.10 8.27 8.55 
2016/08/31 8.54 8.54 8.00 8.00 
2016/09/01 8.10 8.10 7.20 7.20 
2016/09/02 7.40 7.40 6.48 6.52 
2016/09/05 6.20 6.78 6.20 6.61 
2016/09/06 6.48 7.10 6.48 7.10 
2016/09/07 7.10 7.12 6.88 6.88 
2016/09/08 6.96 7.07 6.70 6.78 
2016/09/09 6.70 6.73 6.40 6.71 
2016/09/10 6.42 6.79 6.42 6.77 
2016/09/12 6.80 6.81 6.67 6.68 
2016/09/13 6.88 6.88 6.58 6.70 
2016/09/14 6.55 6.59 6.50 6.52 
2016/09/19 6.60 6.67 6.50 6.57 
2016/09/20 6.50 6.60 6.35 6.52 
2016/09/21 6.32 6.50 6.32 6.50 
2016/09/22 6.50 6.70 6.46 6.63 
2016/09/23 6.50 6.55 6.50 6.54 
2016/09/26 5.89 6.49 5.89 6.35 
2016/09/29 6.35 6.55 6.35 6.41 
2016/09/30 6.64 6.64 6.42 6.53 
2016/10/03 6.60 6.70 6.41 6.49 
2016/10/04 6.45 6.49 6.35 6.42 
2016/10/05 6.42 6.42 6.32 6.40 
2016/10/06 6.35 6.40 6.25 6.40 
2016/10/07 6.32 6.41 6.32 6.39 
2016/10/11 6.38 6.39 6.30 6.33 
2016/10/12 6.31 6.31 5.87 6.10 
2016/10/13 6.20 6.20 6.08 6.20 
2016/10/14 6.20 6.30 6.15 6.15 
2016/10/17 6.15 6.53 6.15 6.31 
2016/10/18 6.25 6.80 6.20 6.51 
2016/10/19 6.50 7.15 6.50 6.53 
2016/10/20 6.53 6.53 6.30 6.30 
2016/10/21 6.18 6.59 6.18 6.50 
2016/10/24 6.53 6.59 6.31 6.40 
2016/10/25 6.41 6.41 6.35 6.35 
2016/10/26 5.81 6.54 5.81 6.30 
2016/10/27 6.07 6.30 6.07 6.09 
2016/10/28 6.02 6.41 6.02 6.22 
2016/10/31 6.20 6.38 6.20 6.22 
2016/11/01 6.23 6.43 6.23 6.30 
2016/11/02 6.41 6.67 6.41 6.51 
2016/11/03 6.53 6.70 6.52 6.70 
2016/11/04 6.45 6.95 6.45 6.87 
2016/11/07 6.98 6.98 6.61 6.65 
2016/11/08 6.66 6.92 6.66 6.68 
2016/11/09 6.52 6.85 6.52 6.55 
2016/11/10 6.48 6.48 6.45 6.45 
2016/11/11 6.45 6.46 6.45 6.46 
2016/11/14 6.48 6.60 6.48 6.51 
2016/11/15 6.80 6.83 6.51 6.51 
2016/11/16 6.77 6.85 6.70 6.71 
2016/11/17 6.79 6.81 6.79 6.80 
2016/11/18 6.80 7.00 6.80 6.97 
2016/11/21 6.53 6.95 6.53 6.85 
2016/11/22 7.00 7.39 7.00 7.20 
2016/11/23 7.04 7.18 7.04 7.18 
2016/11/24 6.80 7.06 6.77 6.77 
2016/11/25 6.77 6.80 6.52 6.78 
2016/11/28 6.78 6.87 6.77 6.87 
2016/11/29 6.87 6.90 6.87 6.90 
2016/11/30 7.07 7.20 7.07 7.12 
2016/12/01 7.13 7.30 7.13 7.30 
2016/12/02 7.28 7.40 7.02 7.02 
2016/12/05 7.16 7.50 7.16 7.32 
2016/12/06 7.30 7.30 7.16 7.29 
2016/12/07 6.71 7.57 6.71 7.50 
2016/12/08 7.48 8.25 7.48 8.25 
2016/12/09 8.37 9.07 8.37 8.75 
2016/12/12 8.62 8.75 8.51 8.61 
2016/12/13 8.55 8.82 8.37 8.82 
2016/12/14 8.78 8.86 8.63 8.63 
2016/12/15 8.61 8.64 8.55 8.58 
2016/12/16 8.14 9.38 8.13 8.72 
2016/12/19 8.72 8.72 8.60 8.60 
2016/12/20 9.20 9.20 8.60 8.60 
2016/12/21 8.62 8.62 7.75 7.86 
2016/12/22 7.86 8.25 7.80 8.25 
2016/12/23 8.40 8.40 8.00 8.15 
2016/12/26 8.15 8.40 8.15 8.15 
2016/12/27 8.00 8.00 7.82 8.00 
2016/12/28 7.60 7.86 7.60 7.86 
2016/12/29 7.52 8.35 7.52 8.35 
2016/12/30 8.35 8.35 7.86 7.86 
2017/01/03 7.89 8.26 7.89 8.26 
2017/01/04 8.20 8.76 7.80 8.27 
2017/01/05 8.26 8.50 8.00 8.25 
2017/01/06 8.25 8.40 8.00 8.11 
2017/01/09 7.56 8.10 7.56 8.08 
2017/01/10 8.04 8.04 7.58 8.00 
2017/01/11 7.70 7.86 7.50 7.86 
2017/01/12 7.53 7.89 7.53 7.89 
2017/01/13 7.99 8.10 7.99 8.10 
2017/01/16 8.10 8.20 7.71 8.00 
2017/01/17 7.67 8.00 7.67 8.00 
2017/01/18 8.00 8.10 8.00 8.00 
2017/01/19 8.00 8.69 8.00 8.29 
2017/01/20 8.31 8.31 8.10 8.29 
2017/01/23 8.30 8.30 8.30 8.30 
2017/01/24 8.30 8.30 8.11 8.12 
2017/02/02 8.12 8.12 8.10 8.10 
2017/02/03 7.32 8.20 7.32 7.90 
2017/02/06 7.92 8.20 7.92 8.05 
2017/02/07 8.02 8.15 8.02 8.04 
2017/02/08 8.00 8.20 8.00 8.05 
