2016/07/01 6.36 6.50 6.36 6.40 
2016/07/04 6.68 6.68 6.21 6.50 
2016/07/05 6.50 6.50 6.12 6.38 
2016/07/06 6.05 6.22 6.05 6.22 
2016/07/07 6.01 6.02 6.00 6.01 
2016/07/11 6.03 6.40 6.03 6.40 
2016/07/12 6.30 6.70 6.30 6.50 
2016/07/13 6.50 6.50 6.49 6.49 
2016/07/14 6.98 6.98 6.60 6.66 
2016/07/15 6.60 6.60 6.50 6.50 
2016/07/18 6.18 6.50 6.18 6.50 
2016/07/19 6.15 6.50 6.15 6.50 
2016/07/20 6.50 6.54 6.50 6.54 
2016/07/21 6.60 6.70 6.60 6.70 
2016/07/22 6.70 7.28 6.70 7.00 
2016/07/25 6.50 6.52 6.33 6.33 
2016/07/26 6.12 6.20 6.12 6.20 
2016/07/27 6.25 6.25 6.25 6.25 
2016/07/28 6.60 6.60 6.45 6.49 
2016/07/29 6.59 6.60 6.59 6.59 
2016/08/01 7.00 7.24 6.99 7.24 
2016/08/02 7.24 7.96 7.24 7.96 
2016/08/03 8.11 8.75 8.11 8.75 
2016/08/04 9.62 9.62 9.62 9.62 
2016/08/05 10.50 10.50 9.62 9.98 
2016/08/08 10.00 10.25 10.00 10.00 
2016/08/09 11.00 11.00 10.05 10.05 
2016/08/10 10.00 10.30 10.00 10.30 
2016/08/11 10.05 10.30 10.00 10.30 
2016/08/12 10.55 10.55 10.45 10.55 
2016/08/15 10.55 11.00 10.30 11.00 
2016/08/16 11.00 12.10 11.00 12.10 
2016/08/17 13.30 13.30 13.00 13.30 
2016/08/18 14.50 14.60 14.50 14.60 
2016/08/19 14.60 14.60 14.60 14.60 
2016/08/22 16.00 16.00 15.50 15.95 
2016/08/23 15.95 15.95 15.80 15.80 
2016/08/24 15.80 15.80 14.25 14.25 
2016/08/25 12.85 12.85 12.85 12.85 
2016/08/26 11.80 14.00 11.80 14.00 
2016/08/29 14.00 14.00 13.60 13.90 
2016/08/30 13.80 13.90 13.55 13.90 
2016/08/31 14.50 14.50 13.70 13.70 
2016/09/01 12.35 12.50 12.35 12.35 
2016/09/02 12.45 12.45 11.90 12.00 
2016/09/05 11.10 11.90 11.10 11.50 
2016/09/06 12.65 12.65 11.50 12.00 
2016/09/07 11.30 11.60 11.30 11.60 
2016/09/08 11.40 11.45 11.30 11.30 
2016/09/09 11.50 11.55 11.40 11.40 
2016/09/10 11.40 11.70 11.40 11.65 
2016/09/12 11.65 12.40 11.65 12.10 
2016/09/13 11.95 11.95 11.95 11.95 
2016/09/14 12.90 12.95 12.90 12.95 
2016/09/19 12.95 12.95 12.40 12.45 
2016/09/20 12.60 12.60 12.60 12.60 
2016/09/21 12.40 12.80 12.40 12.80 
2016/09/22 12.60 12.60 12.50 12.50 
2016/09/23 13.00 13.00 12.55 12.55 
2016/09/26 11.95 12.40 11.80 11.80 
2016/09/29 11.80 11.80 11.35 11.35 
2016/09/30 11.35 11.40 11.35 11.40 
2016/10/03 10.30 11.00 10.30 10.65 
2016/10/04 10.65 10.85 9.70 10.85 
2016/10/05 10.95 10.95 10.40 10.40 
2016/10/06 10.60 11.10 10.15 11.10 
2016/10/07 11.00 11.00 10.60 10.60 
2016/10/11 10.60 11.00 10.60 10.60 
2016/10/12 10.60 11.00 10.60 10.95 
2016/10/13 10.95 11.00 10.95 10.95 
2016/10/14 10.50 11.00 10.50 11.00 
2016/10/17 10.50 11.00 10.50 11.00 
2016/10/18 10.90 10.90 10.90 10.90 
2016/10/19 10.90 10.90 10.75 10.75 
2016/10/20 10.00 10.50 10.00 10.50 
2016/10/21 10.50 10.50 10.15 10.15 
2016/10/24 10.05 10.05 9.50 9.50 
2016/10/25 9.20 9.26 9.15 9.20 
2016/10/26 9.20 9.50 9.10 9.50 
2016/10/27 9.50 9.50 9.50 9.50 
2016/10/28 9.50 9.50 9.50 9.50 
2016/10/31 9.50 10.00 8.55 8.55 
2016/11/01 8.60 9.31 8.60 8.70 
2016/11/02 9.00 9.57 8.81 8.81 
2016/11/03 8.81 9.00 8.81 9.00 
2016/11/04 9.10 9.86 8.81 8.81 
2016/11/07 8.81 9.69 8.81 8.82 
2016/11/08 9.70 9.70 9.00 9.00 
2016/11/09 9.75 9.90 9.60 9.60 
2016/11/10 10.55 10.55 10.55 10.55 
2016/11/11 11.60 11.60 11.60 11.60 
2016/11/14 12.75 12.75 12.75 12.75 
2016/11/15 14.00 14.00 13.30 13.30 
2016/11/16 14.00 14.00 13.30 13.55 
2016/11/17 13.50 13.50 13.30 13.50 
2016/11/18 13.50 14.00 13.50 14.00 
2016/11/21 14.40 14.40 13.65 14.00 
2016/11/22 13.90 14.00 13.90 14.00 
2016/11/23 14.00 14.00 13.75 13.75 
2016/11/24 13.75 13.75 13.45 13.45 
2016/11/25 13.45 13.45 13.35 13.35 
2016/11/28 13.35 13.40 13.35 13.40 
2016/11/29 13.60 14.10 13.60 14.10 
2016/11/30 14.25 14.80 14.25 14.80 
2016/12/01 15.00 15.80 15.00 15.50 
2016/12/02 15.85 15.85 15.40 15.40 
2016/12/05 15.20 15.20 15.10 15.10 
2016/12/06 15.00 15.00 14.65 14.70 
2016/12/07 14.70 14.90 14.70 14.70 
2016/12/08 14.90 14.90 14.70 14.70 
2016/12/09 16.00 16.00 14.80 14.80 
2016/12/12 14.80 15.00 14.80 15.00 
2016/12/13 15.00 15.60 15.00 15.60 
2016/12/14 15.60 15.80 15.45 15.45 
2016/12/15 15.45 15.50 15.45 15.45 
2016/12/16 15.50 15.50 15.10 15.20 
2016/12/19 14.20 15.10 14.10 15.10 
2016/12/20 14.75 14.75 14.60 14.75 
2016/12/21 14.50 14.80 14.50 14.75 
2016/12/22 15.00 15.00 14.75 14.75 
2016/12/23 14.80 14.80 14.30 14.75 
2016/12/26 14.70 14.70 14.40 14.40 
2016/12/27 14.70 14.70 14.30 14.30 
2016/12/28 14.30 14.40 14.30 14.40 
2016/12/29 14.30 14.30 14.00 14.00 
2016/12/30 13.00 14.75 12.70 14.75 
2017/01/03 14.20 14.50 14.20 14.25 
2017/01/04 14.30 14.30 14.00 14.00 
2017/01/05 14.00 14.00 14.00 14.00 
2017/01/06 14.00 14.00 13.90 14.00 
2017/01/09 13.15 14.00 13.15 13.25 
2017/01/10 13.30 13.35 13.30 13.30 
2017/01/11 13.30 13.30 13.30 13.30 
2017/01/12 13.30 13.50 13.30 13.50 
2017/01/13 13.55 13.90 13.50 13.50 
2017/01/16 13.50 13.50 13.15 13.50 
2017/01/17 13.50 13.95 13.50 13.95 
2017/01/18 14.00 14.20 14.00 14.20 
2017/01/19 14.20 14.20 14.15 14.20 
2017/01/20 14.30 14.70 14.20 14.70 
2017/01/23 16.00 16.00 15.50 15.90 
2017/01/24 16.00 16.00 15.60 15.95 
2017/02/02 16.00 16.50 16.00 16.50 
2017/02/03 16.50 16.70 16.40 16.40 
2017/02/06 16.50 16.50 16.00 16.40 
2017/02/07 16.40 16.60 16.00 16.00 
2017/02/08 16.50 16.50 15.70 16.30 
