2016/07/01 24.30 24.45 24.30 24.40 
2016/07/04 24.50 24.55 24.35 24.35 
2016/07/05 24.35 24.50 24.25 24.35 
2016/07/06 22.40 22.45 22.35 22.35 
2016/07/07 22.30 22.40 22.25 22.40 
2016/07/11 22.50 23.20 22.45 22.50 
2016/07/12 22.50 22.55 22.45 22.45 
2016/07/13 22.60 22.80 22.50 22.70 
2016/07/14 22.70 22.75 22.65 22.75 
2016/07/15 22.80 22.80 22.70 22.70 
2016/07/18 22.75 22.80 22.55 22.60 
2016/07/19 22.70 22.70 22.60 22.65 
2016/07/20 22.70 22.75 22.65 22.75 
2016/07/21 22.80 22.85 22.75 22.80 
2016/07/22 22.80 22.80 22.65 22.70 
2016/07/25 22.70 22.70 22.55 22.55 
2016/07/26 22.75 22.75 22.60 22.70 
2016/07/27 22.75 22.80 22.60 22.70 
2016/07/28 22.70 22.70 22.60 22.60 
2016/07/29 22.75 22.75 22.55 22.60 
2016/08/01 22.65 22.70 22.55 22.60 
2016/08/02 22.55 22.80 22.55 22.70 
2016/08/03 22.60 22.75 22.60 22.75 
2016/08/04 22.75 22.75 22.65 22.70 
2016/08/05 22.70 22.85 22.70 22.80 
2016/08/08 22.80 23.05 22.80 23.00 
2016/08/09 23.10 23.20 23.00 23.10 
2016/08/10 23.40 23.50 23.40 23.40 
2016/08/11 23.45 23.70 23.25 23.25 
2016/08/12 23.70 23.70 23.40 23.50 
2016/08/15 23.60 23.60 23.45 23.50 
2016/08/16 23.55 23.60 23.50 23.50 
2016/08/17 23.60 23.65 23.45 23.60 
2016/08/18 23.60 24.00 23.60 23.90 
2016/08/19 24.00 24.05 23.90 23.90 
2016/08/22 24.00 24.05 23.80 23.85 
2016/08/23 23.85 24.00 23.75 24.00 
2016/08/24 23.90 23.95 23.80 23.80 
2016/08/25 23.80 23.95 23.80 23.90 
2016/08/26 23.95 24.00 23.85 24.00 
2016/08/29 24.00 24.10 23.95 24.00 
2016/08/30 24.00 24.15 24.00 24.05 
2016/08/31 24.10 24.10 23.95 24.00 
2016/09/01 24.00 24.00 23.90 23.90 
2016/09/02 24.00 24.00 23.80 23.90 
2016/09/05 23.90 24.25 23.90 24.00 
2016/09/06 24.05 24.15 23.95 23.95 
2016/09/07 24.10 24.10 24.00 24.00 
2016/09/08 24.20 24.50 24.20 24.40 
2016/09/09 24.30 24.45 24.30 24.45 
2016/09/10 24.15 24.50 24.10 24.50 
2016/09/12 24.50 24.65 24.25 24.30 
2016/09/13 24.30 24.35 23.80 23.95 
2016/09/14 23.95 23.95 23.90 23.90 
2016/09/19 23.90 24.00 23.90 23.90 
2016/09/20 24.15 24.15 23.85 23.90 
2016/09/21 23.85 24.15 23.80 24.00 
2016/09/22 24.15 24.15 24.05 24.10 
2016/09/23 24.10 24.10 24.00 24.10 
2016/09/26 24.10 24.10 23.95 23.95 
2016/09/29 24.00 24.10 23.95 23.95 
2016/09/30 23.95 24.00 23.90 23.90 
2016/10/03 24.10 24.10 23.85 23.85 
2016/10/04 23.85 23.95 23.85 23.85 
2016/10/05 23.85 23.95 23.85 23.95 
2016/10/06 24.00 24.00 23.90 23.95 
2016/10/07 23.95 24.00 23.90 24.00 
2016/10/11 24.10 24.35 23.95 24.00 
2016/10/12 24.00 24.20 23.95 24.00 
2016/10/13 24.00 24.20 24.00 24.00 
2016/10/14 24.00 24.10 23.90 23.95 
2016/10/17 23.90 24.05 23.90 24.00 
2016/10/18 23.90 24.05 23.90 23.95 
2016/10/19 23.95 24.10 23.90 24.00 
2016/10/20 24.00 24.15 23.95 24.00 
2016/10/21 24.10 24.20 24.10 24.15 
2016/10/24 24.20 25.40 24.20 24.70 
2016/10/25 25.20 25.25 24.85 24.90 
2016/10/26 25.00 25.20 24.75 25.05 
2016/10/27 25.00 25.00 24.65 24.75 
2016/10/28 24.65 24.85 24.45 24.65 
2016/10/31 24.85 24.85 24.10 24.40 
2016/11/01 24.50 24.55 24.30 24.55 
2016/11/02 24.55 24.55 24.20 24.50 
2016/11/03 24.30 24.30 24.20 24.30 
2016/11/04 24.30 24.45 24.25 24.35 
2016/11/07 24.50 24.50 24.30 24.35 
2016/11/08 24.20 24.20 23.60 23.90 
2016/11/09 23.75 23.80 23.45 23.60 
2016/11/10 23.60 24.00 23.60 23.90 
2016/11/11 23.75 23.90 23.50 23.70 
2016/11/14 23.75 23.75 23.55 23.70 
2016/11/15 23.70 23.75 23.60 23.70 
2016/11/16 23.60 23.75 23.60 23.65 
2016/11/17 23.70 23.70 23.00 23.50 
2016/11/18 23.30 23.60 23.30 23.55 
2016/11/21 23.55 23.70 23.55 23.65 
2016/11/22 23.65 23.70 23.65 23.70 
2016/11/23 23.80 23.80 23.65 23.75 
2016/11/24 23.80 23.80 23.70 23.75 
2016/11/25 23.75 23.80 23.65 23.65 
2016/11/28 23.70 23.75 23.65 23.70 
2016/11/29 23.80 23.85 23.65 23.75 
2016/11/30 23.80 23.85 23.70 23.80 
2016/12/01 23.70 23.85 23.70 23.80 
2016/12/02 23.80 23.80 23.70 23.80 
2016/12/05 23.85 23.85 23.80 23.85 
2016/12/06 23.95 23.95 23.80 23.85 
2016/12/07 23.85 23.90 23.80 23.85 
2016/12/08 24.00 24.05 23.90 23.95 
2016/12/09 24.10 24.15 23.90 23.95 
2016/12/12 23.95 24.25 23.95 24.05 
2016/12/13 24.05 24.15 24.05 24.10 
2016/12/14 24.10 24.10 24.05 24.05 
2016/12/15 24.05 24.10 24.00 24.05 
2016/12/16 24.05 24.40 24.05 24.35 
2016/12/19 24.40 24.45 24.20 24.20 
2016/12/20 24.20 24.20 24.00 24.20 
2016/12/21 24.25 24.25 24.15 24.15 
2016/12/22 24.20 24.20 24.05 24.10 
2016/12/23 24.10 24.10 24.00 24.00 
2016/12/26 24.05 24.30 24.05 24.25 
2016/12/27 24.35 24.60 24.35 24.40 
2016/12/28 24.40 24.60 24.40 24.50 
2016/12/29 24.45 24.45 24.30 24.30 
2016/12/30 24.30 24.40 24.25 24.40 
2017/01/03 24.50 24.50 24.40 24.40 
2017/01/04 24.65 24.65 24.45 24.45 
2017/01/05 24.45 24.50 24.40 24.45 
2017/01/06 24.45 24.50 24.40 24.50 
2017/01/09 24.40 24.50 24.30 24.30 
2017/01/10 24.30 24.40 24.30 24.35 
2017/01/11 24.35 24.45 24.30 24.30 
2017/01/12 24.35 24.40 24.25 24.40 
2017/01/13 24.40 24.40 24.35 24.40 
2017/01/16 24.30 24.45 24.30 24.40 
2017/01/17 24.50 24.50 24.40 24.40 
2017/01/18 24.35 24.50 24.30 24.40 
2017/01/19 24.40 24.50 24.35 24.40 
2017/01/20 24.40 24.40 24.35 24.35 
2017/01/23 24.30 24.40 24.30 24.35 
2017/01/24 24.35 24.50 24.35 24.40 
2017/02/02 24.40 24.45 24.10 24.35 
2017/02/03 24.35 24.50 24.35 24.35 
2017/02/06 24.40 24.80 24.40 24.75 
2017/02/07 24.80 24.80 24.70 24.80 
2017/02/08 24.85 25.20 24.85 24.95 
