2016/07/01 29.90 32.50 29.90 32.30 
2016/07/04 33.85 35.50 33.60 35.50 
2016/07/05 36.00 37.90 34.90 37.15 
2016/07/06 37.10 37.90 36.05 36.20 
2016/07/07 36.70 39.55 34.00 34.30 
2016/07/11 35.05 36.40 34.35 35.25 
2016/07/12 35.60 37.80 35.60 37.50 
2016/07/13 37.40 37.45 36.20 36.80 
2016/07/14 36.15 38.25 36.15 37.15 
2016/07/15 37.60 37.60 36.20 36.70 
2016/07/18 36.30 37.80 36.30 36.95 
2016/07/19 37.00 37.40 36.00 36.10 
2016/07/20 36.00 36.00 34.45 35.00 
2016/07/21 35.50 37.75 35.20 37.50 
2016/07/22 37.80 39.50 36.25 36.70 
2016/07/25 37.00 38.00 35.10 35.10 
2016/07/26 35.40 35.90 34.95 35.50 
2016/07/27 36.25 36.75 35.60 35.60 
2016/07/28 35.60 36.30 34.65 35.00 
2016/07/29 35.00 35.00 31.60 31.95 
2016/08/01 31.65 32.20 30.70 31.60 
2016/08/02 32.25 32.30 31.70 31.85 
2016/08/03 31.50 31.50 30.60 31.00 
2016/08/04 31.30 31.50 30.50 31.20 
2016/08/05 31.10 32.20 31.10 31.85 
2016/08/08 31.50 32.45 31.50 32.00 
2016/08/09 32.30 32.90 31.80 31.80 
2016/08/10 32.60 32.60 31.10 31.15 
2016/08/11 31.20 31.70 30.00 31.70 
2016/08/12 32.55 34.00 32.50 33.60 
2016/08/15 35.50 36.85 34.55 36.70 
2016/08/16 36.40 37.40 35.95 37.20 
2016/08/17 37.40 38.30 36.10 36.10 
2016/08/18 36.50 36.50 35.45 35.75 
2016/08/19 36.40 36.70 35.60 35.60 
2016/08/22 35.70 36.20 34.50 35.00 
2016/08/23 36.10 36.10 34.90 35.00 
2016/08/24 35.40 35.40 33.60 33.60 
2016/08/25 33.70 34.75 33.60 34.10 
2016/08/26 33.70 33.95 32.50 32.55 
2016/08/29 32.65 35.80 32.65 35.80 
2016/08/30 36.10 38.55 36.10 37.00 
2016/08/31 37.30 37.50 36.20 36.30 
2016/09/01 36.35 38.60 36.35 36.95 
2016/09/02 36.70 36.80 35.10 35.55 
2016/09/05 36.40 37.85 35.75 37.70 
2016/09/06 37.90 39.40 36.25 36.60 
2016/09/07 37.00 37.15 35.60 36.30 
2016/09/08 36.70 37.20 36.50 36.75 
2016/09/09 36.35 37.20 36.20 36.70 
2016/09/10 37.10 38.10 36.90 37.00 
2016/09/12 37.20 37.40 36.30 36.30 
2016/09/13 37.00 37.05 35.70 35.85 
2016/09/14 35.50 35.80 34.80 35.40 
2016/09/19 36.30 36.60 35.95 36.30 
2016/09/20 36.30 37.40 36.20 36.60 
2016/09/21 37.00 37.00 36.25 36.30 
2016/09/22 36.60 36.85 36.05 36.35 
2016/09/23 36.50 38.20 36.50 36.80 
2016/09/26 36.80 37.15 36.50 36.70 
2016/09/29 37.00 37.70 36.55 36.60 
2016/09/30 36.50 36.50 35.00 35.85 
2016/10/03 36.20 36.50 35.55 35.90 
2016/10/04 35.90 37.70 35.30 37.45 
2016/10/05 38.00 38.80 37.20 37.80 
2016/10/06 38.00 38.20 37.05 37.80 
2016/10/07 38.60 40.80 36.40 36.40 
2016/10/11 36.00 36.10 33.20 33.55 
2016/10/12 33.35 34.30 33.35 33.75 
2016/10/13 33.60 33.80 32.65 33.70 
2016/10/14 33.35 33.60 32.10 32.10 
2016/10/17 32.05 33.75 32.05 33.30 
2016/10/18 33.10 33.50 32.85 33.10 
2016/10/19 33.50 33.70 33.00 33.00 
2016/10/20 33.15 33.60 33.05 33.30 
2016/10/21 33.50 33.85 33.30 33.40 
2016/10/24 33.70 34.30 33.50 34.10 
2016/10/25 34.45 34.55 33.70 33.90 
2016/10/26 34.00 35.80 33.80 35.20 
2016/10/27 35.40 35.60 34.50 34.60 
2016/10/28 34.70 35.05 34.30 34.30 
2016/10/31 34.30 34.75 34.05 34.45 
2016/11/01 34.45 35.15 34.05 34.30 
2016/11/02 34.00 34.05 32.60 32.60 
2016/11/03 32.40 33.10 31.60 32.45 
2016/11/04 32.50 33.35 32.45 33.00 
2016/11/07 33.40 34.15 33.30 33.80 
2016/11/08 34.40 34.80 34.10 34.25 
2016/11/09 34.55 34.55 32.00 32.00 
2016/11/10 33.30 33.70 32.60 33.70 
2016/11/11 34.45 34.45 33.15 33.50 
2016/11/14 33.45 33.45 32.00 32.45 
2016/11/15 32.45 32.85 31.90 32.80 
2016/11/16 33.00 33.30 32.80 32.85 
2016/11/17 32.85 33.30 32.45 33.30 
2016/11/18 33.45 33.70 33.05 33.55 
2016/11/21 33.70 33.90 33.35 33.40 
2016/11/22 33.80 33.90 33.60 33.70 
2016/11/23 34.10 35.25 34.00 34.20 
2016/11/24 34.45 34.50 33.65 33.65 
2016/11/25 33.65 33.90 33.40 33.45 
2016/11/28 33.50 33.80 33.00 33.00 
2016/11/29 33.00 33.40 33.00 33.30 
2016/11/30 33.55 33.60 33.10 33.10 
2016/12/01 33.15 33.15 32.30 32.65 
2016/12/02 32.65 32.95 32.35 32.75 
2016/12/05 32.65 33.10 32.50 33.10 
2016/12/06 33.20 33.45 32.70 33.00 
2016/12/07 33.00 33.25 32.55 32.95 
2016/12/08 33.35 33.40 32.90 33.40 
2016/12/09 33.65 34.70 33.65 34.00 
2016/12/12 33.70 33.75 32.75 33.10 
2016/12/13 33.30 33.60 32.95 33.30 
2016/12/14 33.65 34.15 33.40 33.80 
2016/12/15 33.60 34.00 33.45 33.65 
2016/12/16 33.95 34.75 33.65 33.80 
2016/12/19 33.60 33.80 33.00 33.10 
2016/12/20 33.10 33.45 33.05 33.15 
2016/12/21 33.40 33.40 33.10 33.15 
2016/12/22 33.15 33.15 32.70 32.70 
2016/12/23 32.40 33.15 32.40 32.50 
2016/12/26 32.50 32.95 32.50 32.85 
2016/12/27 32.90 33.15 32.80 32.85 
2016/12/28 32.85 33.00 32.75 32.90 
2016/12/29 32.80 32.80 32.60 32.65 
2016/12/30 32.65 32.95 32.65 32.70 
2017/01/03 32.70 32.90 32.65 32.70 
2017/01/04 32.70 32.95 32.70 32.75 
2017/01/05 33.00 33.75 32.80 33.35 
2017/01/06 33.35 33.60 33.20 33.40 
2017/01/09 33.60 33.70 32.50 33.30 
2017/01/10 33.30 33.50 33.10 33.10 
2017/01/11 33.35 33.35 32.60 32.70 
2017/01/12 32.70 33.15 32.60 32.70 
2017/01/13 32.55 33.60 32.55 33.15 
2017/01/16 33.40 35.50 33.30 35.30 
2017/01/17 36.00 36.70 35.30 35.70 
2017/01/18 35.60 36.40 35.30 36.40 
2017/01/19 36.80 36.80 35.50 35.50 
2017/01/20 36.10 36.70 35.70 35.80 
2017/01/23 36.00 36.60 35.90 36.30 
2017/01/24 36.60 36.60 35.95 35.95 
2017/02/02 36.05 37.30 36.00 37.10 
2017/02/03 37.10 37.65 36.50 37.60 
2017/02/06 38.00 39.20 38.00 38.05 
2017/02/07 39.00 40.05 38.40 39.30 
2017/02/08 41.40 43.20 41.40 43.20 
