2016/07/01 32.65 33.45 32.65 33.40 
2016/07/04 33.40 33.85 33.35 33.85 
2016/07/05 33.85 33.85 33.10 33.80 
2016/07/06 33.75 33.75 33.00 33.00 
2016/07/07 31.75 31.75 30.60 31.00 
2016/07/11 30.95 31.40 30.95 31.30 
2016/07/12 34.40 34.40 34.40 34.40 
2016/07/13 37.80 37.80 37.80 37.80 
2016/07/14 41.50 41.55 38.00 38.60 
2016/07/15 38.45 39.65 37.25 38.50 
2016/07/18 38.50 39.30 38.50 38.85 
2016/07/19 39.60 40.75 38.90 38.90 
2016/07/20 38.90 38.90 36.55 37.20 
2016/07/21 38.00 38.00 36.90 37.25 
2016/07/22 37.35 37.60 36.60 36.60 
2016/07/25 37.20 37.20 36.55 36.95 
2016/07/26 37.10 37.25 36.80 37.25 
2016/07/27 37.90 38.40 37.60 37.60 
2016/07/28 38.70 38.70 37.15 38.00 
2016/07/29 37.90 37.90 37.00 37.00 
2016/08/01 37.00 37.30 36.75 37.30 
2016/08/02 37.30 37.35 36.90 37.35 
2016/08/03 37.30 38.00 37.30 37.90 
2016/08/04 38.50 39.00 38.10 38.80 
2016/08/05 39.90 39.90 38.60 38.60 
2016/08/08 38.60 40.30 38.50 39.00 
2016/08/09 37.00 37.05 35.50 36.00 
2016/08/10 36.00 36.00 35.55 36.00 
2016/08/11 36.05 36.05 35.00 35.00 
2016/08/12 34.80 34.80 33.60 34.75 
2016/08/15 35.00 35.05 34.70 35.05 
2016/08/16 35.05 36.00 35.00 35.00 
2016/08/17 35.00 35.80 35.00 35.35 
2016/08/18 35.40 35.40 35.40 35.40 
2016/08/19 35.45 35.50 35.45 35.50 
2016/08/22 35.40 35.40 34.70 34.75 
2016/08/23 35.00 35.00 35.00 35.00 
2016/08/24 34.65 34.95 34.10 34.95 
2016/08/25 34.60 34.80 34.60 34.80 
2016/08/30 35.00 35.00 34.60 34.60 
2016/08/31 34.55 34.60 34.55 34.60 
2016/09/01 34.60 34.60 34.20 34.20 
2016/09/02 34.20 34.35 34.15 34.20 
2016/09/05 34.00 34.30 33.90 34.20 
2016/09/06 35.40 35.40 34.50 34.50 
2016/09/07 35.15 35.20 34.90 34.90 
2016/09/08 35.20 35.20 34.90 34.90 
2016/09/09 35.95 35.95 35.85 35.85 
2016/09/10 34.30 34.70 34.30 34.35 
2016/09/12 34.10 34.70 34.10 34.70 
2016/09/14 34.20 34.20 34.00 34.00 
2016/09/19 34.10 34.75 34.05 34.75 
2016/09/20 34.20 34.80 34.20 34.80 
2016/09/22 34.15 34.25 34.15 34.15 
2016/09/23 34.20 34.20 34.20 34.20 
2016/09/26 34.05 34.10 33.80 34.10 
2016/09/29 34.80 34.80 34.20 34.20 
2016/10/04 33.85 34.45 33.85 34.45 
2016/10/05 34.00 34.65 34.00 34.30 
2016/10/06 34.10 34.10 34.05 34.10 
2016/10/07 34.00 34.10 34.00 34.10 
2016/10/11 33.15 33.15 32.00 32.20 
2016/10/12 31.60 32.15 31.55 31.90 
2016/10/13 31.70 31.90 31.40 31.80 
2016/10/14 31.70 31.70 31.45 31.45 
2016/10/17 31.10 31.10 31.10 31.10 
2016/10/18 31.10 32.35 31.10 32.35 
2016/10/20 32.00 32.00 32.00 32.00 
2016/10/21 32.00 32.00 32.00 32.00 
2016/10/24 32.05 32.50 32.00 32.50 
2016/10/25 32.45 32.45 32.05 32.05 
2016/10/26 31.75 32.20 31.75 31.80 
2016/10/27 33.95 33.95 31.95 32.30 
2016/10/28 32.05 32.25 32.05 32.20 
2016/10/31 31.15 32.25 31.15 32.00 
2016/11/02 31.10 31.10 31.10 31.10 
2016/11/03 31.05 31.05 31.00 31.00 
2016/11/08 31.30 31.70 31.30 31.50 
2016/11/09 31.80 31.80 30.80 30.90 
2016/11/10 30.20 31.00 30.20 31.00 
2016/11/11 30.75 31.30 30.75 31.30 
2016/11/14 31.30 31.30 31.30 31.30 
2016/11/16 31.30 31.55 31.30 31.55 
2016/11/17 31.55 31.55 31.25 31.25 
2016/11/18 31.05 31.20 31.05 31.10 
2016/11/21 31.45 31.50 31.45 31.50 
2016/11/22 31.55 31.60 31.50 31.60 
2016/11/23 31.70 31.70 31.60 31.60 
2016/11/24 31.90 31.90 31.50 31.90 
2016/11/25 31.60 31.60 31.60 31.60 
2016/11/28 31.95 31.95 31.50 31.50 
2016/11/29 31.50 31.50 31.50 31.50 
2016/11/30 31.10 31.95 31.10 31.90 
2016/12/01 31.65 31.65 31.65 31.65 
2016/12/02 31.60 31.60 31.60 31.60 
2016/12/05 31.50 31.60 31.50 31.60 
2016/12/06 32.00 32.00 32.00 32.00 
2016/12/07 32.00 32.00 31.60 31.60 
2016/12/08 31.65 31.65 31.60 31.60 
2016/12/09 31.50 31.65 31.50 31.65 
2016/12/12 31.60 31.65 31.60 31.65 
2016/12/14 31.65 31.65 31.60 31.60 
2016/12/15 31.20 31.50 31.00 31.50 
2016/12/16 31.45 31.50 31.25 31.30 
2016/12/19 31.50 31.50 31.30 31.30 
2016/12/20 31.30 31.30 31.30 31.30 
2016/12/21 31.50 31.50 31.50 31.50 
2016/12/22 31.50 31.50 31.25 31.25 
2016/12/23 31.10 31.10 31.10 31.10 
2016/12/26 31.10 31.10 31.10 31.10 
2016/12/28 31.30 31.30 31.30 31.30 
2016/12/29 31.45 31.45 31.45 31.45 
2017/01/03 33.50 33.50 33.50 33.50 
2017/01/04 33.50 33.50 31.90 31.90 
2017/01/05 31.90 31.90 31.75 31.75 
2017/01/06 31.45 31.55 31.45 31.55 
2017/01/09 31.55 31.55 31.55 31.55 
2017/01/10 31.55 31.55 31.50 31.50 
2017/01/11 31.10 31.50 31.10 31.20 
2017/01/12 31.00 31.20 31.00 31.20 
2017/01/13 31.15 31.15 31.15 31.15 
2017/01/16 31.15 31.45 31.15 31.30 
2017/01/17 31.50 31.50 31.50 31.50 
2017/01/18 31.30 31.30 31.30 31.30 
2017/01/19 31.50 31.50 31.50 31.50 
2017/01/20 32.20 32.20 31.65 31.65 
2017/01/23 32.00 32.00 31.60 31.60 
2017/01/24 31.60 31.65 31.55 31.55 
2017/02/06 32.05 32.05 31.55 32.05 
2017/02/07 32.05 32.40 32.05 32.40 
2017/02/08 32.85 34.40 32.85 33.50 
