2016/07/01 21.50 21.65 21.50 21.50 
2016/07/04 21.55 21.70 21.35 21.50 
2016/07/05 21.50 21.65 21.40 21.45 
2016/07/06 21.30 21.35 21.05 21.20 
2016/07/07 21.30 21.60 21.05 21.20 
2016/07/11 21.20 21.30 21.00 21.00 
2016/07/12 21.20 21.25 21.00 21.15 
2016/07/13 21.20 21.90 21.05 21.75 
2016/07/14 21.75 21.75 21.45 21.55 
2016/07/15 21.55 22.10 21.55 21.75 
2016/07/18 22.55 23.80 22.55 23.00 
2016/07/19 23.30 23.35 22.70 22.70 
2016/07/20 22.80 22.95 22.50 22.50 
2016/07/21 22.60 22.90 22.50 22.50 
2016/07/22 22.65 22.95 22.55 22.95 
2016/07/25 22.95 23.00 22.45 22.45 
2016/07/26 22.30 23.35 22.30 23.10 
2016/07/27 23.30 24.20 23.20 23.80 
2016/07/28 24.10 24.15 23.20 23.20 
2016/07/29 23.60 23.60 22.90 23.05 
2016/08/01 23.10 25.20 23.10 24.60 
2016/08/02 24.90 25.20 24.25 25.15 
2016/08/03 24.95 25.00 24.50 24.60 
2016/08/04 24.95 25.00 24.45 24.65 
2016/08/05 24.95 25.15 24.55 24.60 
2016/08/08 25.10 26.30 25.00 26.30 
2016/08/09 26.85 26.85 25.20 25.20 
2016/08/10 25.20 25.70 24.70 24.85 
2016/08/11 24.85 25.00 24.00 24.05 
2016/08/12 24.30 24.55 23.90 24.00 
2016/08/15 24.00 24.10 23.60 23.70 
2016/08/16 23.70 24.10 23.70 23.95 
2016/08/17 23.75 23.85 23.25 23.50 
2016/08/18 23.50 23.70 23.30 23.45 
2016/08/19 23.60 23.75 23.25 23.25 
2016/08/22 23.30 23.80 23.30 23.35 
2016/08/23 23.45 23.85 23.35 23.35 
2016/08/24 23.70 23.75 23.50 23.60 
2016/08/25 23.55 24.10 23.55 23.95 
2016/08/26 23.95 24.00 23.70 23.70 
2016/08/29 23.65 24.00 23.50 23.55 
2016/08/30 23.55 24.40 23.55 23.80 
2016/08/31 23.65 24.15 23.65 23.65 
2016/09/01 23.90 24.20 23.65 24.00 
2016/09/02 23.70 24.00 23.50 23.80 
2016/09/05 24.00 24.05 23.60 23.70 
2016/09/06 23.80 24.00 23.45 23.70 
2016/09/07 23.90 24.15 23.70 23.75 
2016/09/08 24.00 24.05 23.70 24.00 
2016/09/09 24.00 24.15 23.75 23.85 
2016/09/10 23.70 23.80 23.00 23.40 
2016/09/12 23.40 23.75 23.10 23.20 
2016/09/13 23.65 23.65 22.85 23.00 
2016/09/14 23.00 23.05 22.70 22.70 
2016/09/19 23.00 23.30 22.55 22.70 
2016/09/20 22.75 23.25 22.60 22.90 
2016/09/21 23.10 23.30 22.90 23.05 
2016/09/22 23.30 23.75 23.00 23.40 
2016/09/23 23.35 23.70 23.05 23.15 
2016/09/26 23.15 23.30 22.80 22.80 
2016/09/29 23.00 23.00 22.75 22.80 
2016/09/30 22.80 23.00 22.60 22.90 
2016/10/03 22.90 23.10 22.70 23.00 
2016/10/04 23.00 23.00 22.75 22.90 
2016/10/05 22.90 22.90 22.70 22.80 
2016/10/06 23.10 23.10 22.70 22.80 
2016/10/07 22.80 22.90 22.65 22.80 
2016/10/11 22.85 22.85 22.20 22.30 
2016/10/12 22.20 22.40 22.00 22.20 
2016/10/13 22.10 22.45 21.75 21.80 
2016/10/14 21.80 21.80 21.10 21.20 
2016/10/17 21.20 21.50 21.20 21.35 
2016/10/18 21.35 21.50 21.30 21.50 
2016/10/19 21.50 21.95 21.50 21.60 
2016/10/20 21.60 21.90 21.40 21.65 
2016/10/21 21.90 21.95 21.60 21.60 
2016/10/24 21.60 21.80 21.50 21.65 
2016/10/25 21.55 21.90 21.50 21.70 
2016/10/26 21.65 21.85 21.55 21.55 
2016/10/27 21.55 21.80 21.45 21.45 
2016/10/28 21.60 21.65 21.35 21.45 
2016/10/31 21.35 21.80 21.30 21.30 
2016/11/01 21.30 21.60 21.30 21.50 
2016/11/02 21.65 21.65 21.10 21.20 
2016/11/03 21.30 21.30 20.40 20.40 
2016/11/04 20.15 20.50 20.15 20.30 
2016/11/07 20.35 20.65 20.30 20.55 
2016/11/08 20.60 20.60 20.30 20.55 
2016/11/09 20.35 20.50 19.70 19.70 
2016/11/10 20.10 20.35 20.00 20.00 
2016/11/11 19.55 19.90 19.55 19.80 
2016/11/14 19.75 19.90 19.70 19.80 
2016/11/15 19.80 20.15 19.80 19.90 
2016/11/16 19.95 20.00 19.90 19.90 
2016/11/17 19.90 20.00 19.90 19.90 
2016/11/18 19.90 20.50 19.90 20.30 
2016/11/21 20.30 20.30 20.10 20.15 
2016/11/22 20.20 20.60 20.20 20.55 
2016/11/23 20.55 20.55 20.10 20.15 
2016/11/24 20.20 20.20 19.85 19.90 
2016/11/25 19.95 20.10 19.90 19.90 
2016/11/28 19.90 20.10 19.85 19.85 
2016/11/29 19.85 20.40 19.85 20.25 
2016/11/30 20.25 20.50 20.20 20.40 
2016/12/01 20.40 20.55 20.20 20.20 
2016/12/02 20.20 20.20 20.00 20.05 
2016/12/05 20.05 20.10 20.00 20.00 
2016/12/06 20.15 20.20 20.00 20.20 
2016/12/07 20.50 22.20 20.45 21.80 
2016/12/08 21.60 21.90 21.35 21.50 
2016/12/09 21.50 21.85 21.40 21.60 
2016/12/12 21.40 22.15 21.35 21.60 
2016/12/13 21.65 21.80 21.55 21.70 
2016/12/14 21.70 22.05 21.50 22.00 
2016/12/15 22.10 22.10 21.65 21.95 
2016/12/16 21.90 21.90 21.25 21.25 
2016/12/19 21.40 21.40 21.20 21.20 
2016/12/20 21.50 21.70 20.95 21.20 
2016/12/21 21.40 21.50 21.15 21.35 
2016/12/22 21.35 21.35 20.95 21.00 
2016/12/23 21.15 21.30 21.05 21.20 
2016/12/26 21.50 21.55 21.25 21.25 
2016/12/27 21.25 21.30 21.20 21.25 
2016/12/28 21.45 21.45 21.20 21.30 
2016/12/29 21.20 21.30 21.05 21.05 
2016/12/30 21.05 21.25 21.05 21.15 
2017/01/03 21.45 21.50 21.20 21.30 
2017/01/04 21.50 22.15 21.35 22.10 
2017/01/05 22.20 22.25 21.80 21.95 
2017/01/06 21.95 22.20 21.85 21.85 
2017/01/09 21.85 22.20 21.60 21.75 
2017/01/10 21.90 22.00 21.50 21.50 
2017/01/11 21.40 22.00 21.35 21.35 
2017/01/12 21.35 21.65 21.35 21.35 
2017/01/13 21.30 21.45 21.20 21.20 
2017/01/16 21.30 21.65 21.10 21.15 
2017/01/17 21.20 21.30 21.00 21.15 
2017/01/18 21.30 21.35 21.15 21.30 
2017/01/19 21.30 21.75 21.30 21.50 
2017/01/20 21.35 21.50 21.30 21.35 
2017/01/23 21.50 21.50 21.35 21.35 
2017/01/24 21.40 21.50 21.30 21.40 
2017/02/02 21.40 21.75 21.35 21.45 
2017/02/03 21.50 21.75 21.45 21.75 
2017/02/06 21.75 22.00 21.60 21.80 
2017/02/07 21.85 22.50 21.85 22.00 
2017/02/08 22.10 22.20 22.00 22.20 
