2016/07/01 66.10 66.10 65.00 65.50 
2016/07/04 65.70 67.00 65.30 67.00 
2016/07/05 66.20 67.00 66.20 66.20 
2016/07/06 66.00 66.00 61.80 61.90 
2016/07/07 62.50 63.30 60.80 61.10 
2016/07/11 61.40 63.30 61.40 63.30 
2016/07/12 63.50 63.80 62.50 63.30 
2016/07/13 63.90 64.50 63.40 64.50 
2016/07/14 64.00 64.30 62.70 62.70 
2016/07/15 63.00 63.10 61.10 61.30 
2016/07/18 61.10 61.30 59.20 59.60 
2016/07/19 59.60 60.30 58.20 58.60 
2016/07/20 58.30 58.60 57.30 57.50 
2016/07/21 59.00 60.90 58.90 60.80 
2016/07/22 61.30 61.90 59.10 59.30 
2016/07/25 59.50 60.20 57.50 58.30 
2016/07/26 58.90 59.90 58.40 59.20 
2016/07/27 60.10 60.70 59.30 59.30 
2016/07/28 59.60 59.80 58.10 58.50 
2016/07/29 58.70 59.00 58.00 58.50 
2016/08/01 59.00 60.50 58.70 60.50 
2016/08/02 60.70 61.50 60.50 61.10 
2016/08/03 60.50 61.40 59.80 61.30 
2016/08/04 61.30 61.40 60.50 60.70 
2016/08/05 62.20 62.20 61.30 61.80 
2016/08/08 62.60 62.80 62.10 62.50 
2016/08/09 63.10 64.00 62.80 63.10 
2016/08/10 64.00 64.50 63.20 64.00 
2016/08/11 64.00 64.00 62.50 63.40 
2016/08/12 63.60 63.80 61.40 61.80 
2016/08/15 62.60 62.70 61.80 62.20 
2016/08/16 62.60 62.70 61.60 62.40 
2016/08/17 62.50 63.90 62.00 63.40 
2016/08/18 63.40 63.90 62.70 63.00 
2016/08/19 63.00 63.40 62.10 62.50 
2016/08/22 62.30 62.40 61.40 61.80 
2016/08/23 61.90 62.10 61.60 61.80 
2016/08/24 61.90 62.90 61.70 62.60 
2016/08/25 62.60 62.60 61.90 62.00 
2016/08/26 61.50 61.50 60.00 60.70 
2016/08/29 60.70 61.90 60.70 61.90 
2016/08/30 62.30 63.50 62.10 63.10 
2016/08/31 63.00 63.70 62.70 63.70 
2016/09/01 63.90 64.30 63.00 63.40 
2016/09/02 63.30 63.50 62.10 62.40 
2016/09/05 59.00 59.20 56.20 57.50 
2016/09/06 58.00 60.40 57.90 60.40 
2016/09/07 60.50 60.90 59.60 60.00 
2016/09/08 60.00 60.60 59.60 60.00 
2016/09/09 59.80 60.30 59.00 59.00 
2016/09/23 83.20 84.50 81.00 81.20 
2016/09/26 81.30 84.00 81.30 83.90 
2016/09/29 84.80 92.10 84.80 92.10 
2016/09/30 92.80 93.90 90.20 92.00 
2016/10/03 92.40 94.00 91.00 91.00 
2016/10/04 93.00 93.00 91.30 92.00 
2016/10/05 91.50 92.30 90.70 91.00 
2016/10/06 92.00 92.50 90.90 90.90 
2016/10/07 92.10 92.10 89.50 90.60 
2016/10/11 91.40 93.80 89.70 92.70 
2016/10/12 91.60 93.00 90.90 92.70 
2016/10/13 93.00 93.50 92.10 92.50 
2016/10/14 92.00 92.90 91.00 91.20 
2016/10/17 91.50 91.70 90.50 91.10 
2016/10/18 91.50 92.20 90.80 92.00 
2016/10/19 92.00 93.30 91.60 92.60 
2016/10/20 92.60 93.50 92.00 92.00 
2016/10/21 92.20 93.00 91.60 93.00 
2016/10/24 93.00 93.00 91.70 92.40 
2016/10/25 93.00 93.50 92.10 93.50 
2016/10/26 93.50 97.10 93.10 96.00 
2016/10/27 96.00 97.00 95.00 96.90 
2016/10/28 96.80 96.80 93.10 93.10 
2016/10/31 90.50 90.80 87.20 87.70 
2016/11/01 87.50 88.80 87.30 88.10 
2016/11/02 87.20 87.20 82.20 82.20 
2016/11/03 80.70 83.40 78.20 81.20 
2016/11/04 79.90 81.30 79.50 80.50 
2016/11/07 81.20 85.80 80.80 84.90 
2016/11/08 84.40 85.30 83.10 85.00 
2016/11/09 85.80 85.80 80.70 81.00 
2016/11/10 83.60 85.00 83.50 83.50 
2016/11/11 81.30 83.80 80.50 83.00 
2016/11/14 82.00 82.70 78.80 78.80 
2016/11/15 78.50 80.90 77.10 80.90 
2016/11/16 82.60 83.40 81.10 81.60 
2016/11/17 81.10 82.40 81.10 82.40 
2016/11/18 82.00 83.20 82.00 82.40 
2016/11/21 81.70 82.40 81.60 82.00 
2016/11/22 82.50 87.90 82.50 87.60 
2016/11/23 87.50 87.60 85.90 86.40 
2016/11/24 86.00 86.50 85.10 86.00 
2016/11/25 86.80 87.50 85.80 85.80 
2016/11/28 85.30 87.50 85.20 87.00 
2016/11/29 86.70 92.30 85.00 92.30 
2016/11/30 91.80 92.30 90.30 90.70 
2016/12/01 90.30 91.50 89.40 89.40 
2016/12/02 88.20 89.30 88.10 89.30 
2016/12/05 89.10 89.10 87.30 88.00 
2016/12/06 87.40 89.60 87.40 89.60 
2016/12/07 90.50 90.50 88.80 89.00 
2016/12/08 89.90 92.70 89.30 91.90 
2016/12/09 91.00 92.50 90.60 92.00 
2016/12/12 92.00 93.00 91.30 92.90 
2016/12/13 92.20 92.40 90.10 90.10 
2016/12/14 90.50 91.60 90.30 90.60 
2016/12/15 90.40 91.10 90.20 90.50 
2016/12/16 90.30 91.50 90.30 91.00 
2016/12/19 90.50 91.40 89.30 89.80 
2016/12/20 90.00 90.20 88.10 89.00 
2016/12/21 89.60 90.80 89.50 90.10 
2016/12/22 90.10 90.10 88.90 89.10 
2016/12/23 88.40 89.50 88.20 89.10 
2016/12/26 88.80 89.30 88.40 88.80 
2016/12/27 89.00 90.40 88.50 90.10 
2016/12/28 90.50 91.70 90.10 90.60 
2016/12/29 90.00 91.00 89.60 90.80 
2016/12/30 91.20 91.40 90.50 90.90 
2017/01/03 90.90 91.10 89.10 89.50 
2017/01/04 90.30 90.30 89.20 89.40 
2017/01/05 89.50 89.60 88.50 89.00 
2017/01/06 89.00 89.70 88.60 89.70 
2017/01/09 89.70 90.10 89.00 90.00 
2017/01/10 89.50 89.70 89.20 89.50 
2017/01/11 89.30 89.40 87.10 88.00 
2017/01/12 87.10 87.60 87.10 87.40 
2017/01/13 87.00 87.40 85.70 87.00 
2017/01/16 87.00 87.20 85.50 85.80 
2017/01/17 85.60 87.30 84.80 87.30 
2017/01/18 87.00 88.80 87.00 88.70 
2017/01/19 88.60 89.40 87.70 88.40 
2017/01/20 88.40 88.80 87.60 88.50 
2017/01/23 88.70 92.00 88.50 92.00 
2017/01/24 92.00 94.50 91.70 93.80 
2017/02/02 94.30 97.10 94.30 96.20 
2017/02/03 97.00 103.50 97.00 99.30 
2017/02/06 101.00 103.00 100.50 102.00 
2017/02/07 102.00 103.00 101.00 102.00 
2017/02/08 102.00 108.50 101.00 102.00 
