2016/07/01 34.90 34.90 34.25 34.25 
2016/07/04 34.10 34.25 34.10 34.15 
2016/07/05 34.00 34.85 34.00 34.50 
2016/07/06 34.50 35.20 34.30 34.30 
2016/07/07 34.55 34.55 34.40 34.40 
2016/07/11 34.55 35.30 34.40 34.40 
2016/07/12 34.65 34.65 34.30 34.30 
2016/07/13 34.20 34.65 34.20 34.45 
2016/07/14 34.30 34.65 34.25 34.60 
2016/07/15 34.60 34.85 34.60 34.85 
2016/07/18 35.00 35.30 35.00 35.25 
2016/07/19 35.55 35.55 34.90 35.00 
2016/07/20 35.15 35.15 35.00 35.00 
2016/07/21 35.20 35.20 35.00 35.00 
2016/07/22 35.00 35.15 34.80 35.00 
2016/07/25 35.00 35.00 34.75 34.75 
2016/07/26 35.10 35.10 34.85 35.10 
2016/07/27 35.00 35.00 34.80 34.80 
2016/07/28 34.70 34.80 34.70 34.75 
2016/07/29 34.50 34.50 34.40 34.40 
2016/08/01 34.05 34.90 34.05 34.90 
2016/08/02 34.60 34.65 34.50 34.55 
2016/08/03 34.15 34.75 34.15 34.75 
2016/08/04 34.45 34.75 34.35 34.50 
2016/08/05 34.50 34.50 34.40 34.50 
2016/08/08 34.40 34.50 34.40 34.40 
2016/08/09 34.30 34.30 34.30 34.30 
2016/08/10 34.30 34.30 34.00 34.00 
2016/08/11 33.75 33.85 33.00 33.10 
2016/08/12 33.10 33.40 32.85 33.40 
2016/08/15 33.00 34.10 32.85 33.10 
2016/08/16 33.05 33.10 33.00 33.10 
2016/08/17 33.10 33.50 33.10 33.10 
2016/08/18 33.30 33.30 33.20 33.20 
2016/08/19 33.60 33.70 33.10 33.10 
2016/08/22 33.20 33.30 33.10 33.10 
2016/08/23 33.00 33.80 33.00 33.25 
2016/08/24 33.25 33.25 33.05 33.05 
2016/08/25 33.00 33.30 33.00 33.00 
2016/08/26 33.00 33.30 33.00 33.00 
2016/08/29 32.35 33.20 32.35 33.10 
2016/08/30 32.80 32.90 32.70 32.80 
2016/08/31 32.65 33.10 32.50 32.60 
2016/09/01 32.50 32.80 32.50 32.50 
2016/09/02 32.50 32.80 32.05 32.35 
2016/09/05 32.65 32.65 32.50 32.50 
2016/09/06 32.50 32.50 32.40 32.50 
2016/09/07 32.50 32.65 32.30 32.40 
2016/09/08 32.45 32.50 32.40 32.50 
2016/09/09 32.50 33.30 32.50 33.00 
2016/09/10 33.00 33.00 33.00 33.00 
2016/09/12 33.90 33.90 33.15 33.15 
2016/09/13 33.10 33.30 32.85 32.90 
2016/09/14 32.60 32.60 32.50 32.60 
2016/09/19 32.60 32.70 32.60 32.70 
2016/09/20 32.80 33.00 32.60 32.60 
2016/09/21 32.35 33.00 32.35 32.60 
2016/09/22 32.60 33.30 32.60 32.60 
2016/09/23 32.65 32.80 32.60 32.60 
2016/09/26 32.60 32.60 32.60 32.60 
2016/09/29 32.55 32.55 32.40 32.40 
2016/09/30 32.40 32.45 31.95 32.40 
2016/10/03 32.40 32.70 32.20 32.40 
2016/10/04 32.60 32.60 32.35 32.35 
2016/10/05 32.40 32.40 32.00 32.15 
2016/10/06 32.35 32.70 32.35 32.45 
2016/10/07 32.95 32.95 32.30 32.30 
2016/10/11 32.05 32.05 31.30 31.45 
2016/10/12 31.40 31.65 31.40 31.40 
2016/10/13 31.40 31.40 31.35 31.35 
2016/10/14 31.30 31.30 31.00 31.00 
2016/10/17 31.40 31.40 31.10 31.35 
2016/10/18 31.30 31.30 30.80 30.90 
2016/10/19 31.00 31.00 30.60 30.95 
2016/10/20 30.60 30.80 30.50 30.60 
2016/10/21 30.55 30.70 30.50 30.70 
2016/10/24 30.70 30.70 30.35 30.40 
2016/10/25 30.40 30.50 30.35 30.45 
2016/10/26 30.50 30.70 30.50 30.55 
2016/10/27 30.55 30.55 30.35 30.40 
2016/10/28 30.40 30.45 30.35 30.35 
2016/10/31 30.55 30.55 30.25 30.25 
2016/11/01 30.05 30.10 29.55 29.70 
2016/11/02 29.70 29.70 29.45 29.60 
2016/11/03 29.20 29.30 28.80 28.80 
2016/11/04 28.80 30.00 28.65 29.20 
2016/11/07 29.50 29.50 29.20 29.25 
2016/11/08 29.00 29.00 28.40 28.80 
2016/11/09 28.85 28.85 28.50 28.50 
2016/11/10 28.85 31.10 28.85 30.00 
2016/11/11 30.20 30.20 29.50 29.60 
2016/11/15 29.20 29.45 29.15 29.45 
2016/11/16 29.25 29.25 29.10 29.10 
2016/11/17 28.90 28.90 28.75 28.80 
2016/11/18 29.00 29.10 28.90 29.10 
2016/11/21 29.25 29.50 29.10 29.50 
2016/11/22 29.35 29.35 29.05 29.20 
2016/11/23 29.20 29.35 29.20 29.35 
2016/11/24 29.70 29.70 29.40 29.60 
2016/11/25 29.80 29.90 29.65 29.65 
2016/11/28 29.50 29.70 29.50 29.70 
2016/11/29 29.70 29.80 29.70 29.80 
2016/11/30 30.00 30.00 29.65 29.75 
2016/12/01 30.00 30.00 29.80 29.90 
2016/12/02 29.95 30.20 29.95 30.05 
2016/12/05 30.05 30.05 30.05 30.05 
2016/12/06 30.50 30.50 30.05 30.05 
2016/12/07 30.10 30.10 29.90 29.90 
2016/12/08 29.75 30.10 29.75 29.85 
2016/12/09 30.10 30.10 29.85 29.85 
2016/12/12 29.90 29.90 29.90 29.90 
2016/12/13 30.50 30.50 29.95 30.10 
2016/12/14 30.00 30.00 29.90 30.00 
2016/12/15 30.00 30.30 30.00 30.30 
2016/12/16 30.00 30.05 29.90 30.00 
2016/12/19 30.00 30.20 30.00 30.10 
2016/12/20 30.10 30.10 29.75 29.90 
2016/12/21 29.85 30.10 29.85 30.10 
2016/12/22 30.00 30.15 29.90 30.10 
2016/12/23 30.00 30.10 30.00 30.00 
2016/12/26 30.65 30.65 30.05 30.10 
2016/12/27 30.05 30.05 30.00 30.00 
2016/12/28 30.30 30.40 30.30 30.35 
2016/12/29 30.35 30.40 30.20 30.20 
2016/12/30 30.20 30.50 30.20 30.30 
2017/01/03 30.20 30.65 30.20 30.65 
2017/01/04 30.65 30.65 30.65 30.65 
2017/01/05 30.65 30.65 30.65 30.65 
2017/01/06 30.90 30.90 30.10 30.60 
2017/01/09 30.65 30.65 30.25 30.25 
2017/01/10 31.10 31.50 30.70 30.70 
2017/01/11 30.45 30.45 30.45 30.45 
2017/01/12 30.60 30.90 30.50 30.50 
2017/01/13 30.50 30.50 30.40 30.50 
2017/01/16 30.40 30.50 30.20 30.20 
2017/01/17 30.20 30.50 30.00 30.00 
2017/01/18 30.00 30.20 30.00 30.10 
2017/01/19 30.10 30.15 29.90 29.90 
2017/01/20 30.05 30.40 29.90 30.30 
2017/01/23 30.15 30.20 30.00 30.00 
2017/01/24 30.20 30.65 30.10 30.20 
2017/02/02 30.80 31.50 30.30 30.75 
2017/02/03 31.00 31.30 30.70 31.20 
2017/02/06 31.20 32.55 31.20 32.40 
2017/02/07 32.40 32.95 32.05 32.70 
2017/02/08 32.20 32.45 32.05 32.45 
