2016/07/01 12.60 12.60 12.30 12.60 
2016/07/04 12.60 12.60 12.30 12.30 
2016/07/05 12.30 12.55 12.25 12.55 
2016/07/06 12.30 12.40 12.20 12.35 
2016/07/07 12.30 12.35 12.20 12.25 
2016/07/11 12.30 13.45 12.30 13.45 
2016/07/12 13.60 13.90 13.30 13.30 
2016/07/13 13.30 13.60 13.05 13.60 
2016/07/14 13.80 13.80 13.50 13.50 
2016/07/15 13.70 14.85 13.70 14.85 
2016/07/18 14.70 15.00 13.80 13.90 
2016/07/19 13.90 13.90 13.25 13.30 
2016/07/20 13.40 13.70 13.20 13.30 
2016/07/21 13.30 13.85 13.30 13.40 
2016/07/22 13.60 13.60 13.30 13.40 
2016/07/25 13.40 13.60 13.30 13.30 
2016/07/26 13.35 13.40 13.15 13.30 
2016/07/27 13.35 13.65 13.35 13.55 
2016/07/28 13.40 13.60 13.40 13.50 
2016/07/29 13.50 13.50 13.25 13.25 
2016/08/01 13.35 13.35 13.00 13.05 
2016/08/02 13.00 13.10 12.95 13.00 
2016/08/03 12.90 13.25 12.90 13.10 
2016/08/04 13.20 13.25 12.90 13.10 
2016/08/05 13.15 13.15 12.90 13.10 
2016/08/08 13.05 13.10 13.00 13.05 
2016/08/09 13.05 13.45 13.00 13.30 
2016/08/10 13.25 13.25 13.00 13.00 
2016/08/11 13.25 13.25 12.85 13.05 
2016/08/12 13.40 13.40 12.90 13.15 
2016/08/15 13.20 13.20 13.05 13.15 
2016/08/16 13.05 13.20 13.00 13.20 
2016/08/17 13.05 13.15 12.95 13.05 
2016/08/18 13.10 13.40 13.10 13.20 
2016/08/19 13.10 13.20 12.95 13.00 
2016/08/22 13.00 13.10 12.90 13.05 
2016/08/23 12.95 13.05 12.85 13.05 
2016/08/24 13.00 13.00 12.75 12.85 
2016/08/25 12.90 12.90 12.80 12.85 
2016/08/26 12.85 13.10 12.80 12.80 
2016/08/29 13.00 13.30 13.00 13.10 
2016/08/30 13.20 13.20 13.00 13.10 
2016/08/31 13.00 13.25 12.90 13.15 
2016/09/01 13.10 13.15 12.90 12.95 
2016/09/02 12.90 12.90 12.70 12.70 
2016/09/05 12.70 12.75 12.55 12.75 
2016/09/06 12.75 12.75 12.50 12.70 
2016/09/07 12.55 12.80 12.50 12.55 
2016/09/08 12.50 12.95 12.50 12.80 
2016/09/09 12.70 12.70 12.50 12.65 
2016/09/10 12.50 12.50 12.30 12.40 
2016/09/12 12.40 12.40 12.00 12.10 
2016/09/13 12.25 12.30 12.00 12.00 
2016/09/14 11.90 12.10 11.65 11.75 
2016/09/19 11.75 11.75 11.60 11.75 
2016/09/20 11.70 11.75 11.45 11.65 
2016/09/21 11.70 11.70 11.50 11.60 
2016/09/22 11.60 11.85 11.55 11.65 
2016/09/23 11.65 11.75 11.45 11.65 
2016/09/26 11.55 11.55 11.45 11.45 
2016/09/29 11.50 11.60 11.45 11.45 
2016/09/30 11.45 11.45 11.35 11.35 
2016/10/03 11.50 11.50 11.35 11.40 
2016/10/04 11.50 11.55 11.40 11.50 
2016/10/05 11.50 11.55 11.35 11.50 
2016/10/06 11.50 12.35 11.40 12.20 
2016/10/07 12.25 12.25 11.90 12.20 
2016/10/11 12.00 12.20 11.85 11.95 
2016/10/12 11.85 11.95 11.80 11.85 
2016/10/13 11.85 12.05 11.75 11.95 
2016/10/14 11.95 11.95 11.50 11.65 
2016/10/17 11.55 11.90 11.50 11.65 
2016/10/18 11.80 11.80 11.50 11.55 
2016/10/19 11.55 11.65 11.50 11.55 
2016/10/20 11.55 11.60 11.50 11.60 
2016/10/21 11.55 11.65 11.55 11.60 
2016/10/24 11.55 11.75 11.50 11.75 
2016/10/25 11.60 11.85 11.60 11.75 
2016/10/26 11.75 11.80 11.55 11.60 
2016/10/27 11.60 11.70 11.55 11.55 
2016/10/28 11.50 11.55 11.40 11.50 
2016/10/31 11.40 11.60 11.40 11.60 
2016/11/01 11.55 12.15 11.55 11.85 
2016/11/02 11.80 11.80 11.30 11.40 
2016/11/03 11.40 11.50 11.35 11.40 
2016/11/04 11.40 11.65 11.40 11.40 
2016/11/07 11.40 11.60 11.40 11.55 
2016/11/08 11.55 11.70 11.45 11.45 
2016/11/09 11.50 11.50 11.05 11.10 
2016/11/10 11.15 11.65 11.15 11.40 
2016/11/11 11.35 11.60 11.00 11.50 
2016/11/14 11.25 11.55 11.25 11.40 
2016/11/15 11.40 11.55 11.25 11.45 
2016/11/16 11.45 11.45 11.30 11.40 
2016/11/17 11.30 11.40 11.15 11.30 
2016/11/18 11.25 11.90 11.25 11.70 
2016/11/21 11.80 11.80 11.50 11.70 
2016/11/22 11.80 11.80 11.50 11.50 
2016/11/23 11.50 11.70 11.45 11.60 
2016/11/24 11.45 11.65 11.45 11.50 
2016/11/25 11.50 11.70 11.50 11.50 
2016/11/28 11.50 11.75 11.50 11.55 
2016/11/29 11.65 11.65 11.50 11.50 
2016/11/30 11.50 11.55 11.30 11.35 
2016/12/01 11.40 11.50 11.35 11.35 
2016/12/02 11.40 11.70 11.35 11.50 
2016/12/05 11.45 11.45 11.00 11.20 
2016/12/06 11.20 11.30 11.00 11.10 
2016/12/07 11.15 11.25 11.10 11.20 
2016/12/08 11.30 11.35 11.25 11.25 
2016/12/09 11.20 11.35 11.20 11.25 
2016/12/12 11.25 11.25 11.20 11.25 
2016/12/13 11.35 11.35 11.15 11.25 
2016/12/14 11.40 11.40 11.30 11.30 
2016/12/15 11.30 11.30 11.10 11.20 
2016/12/16 11.15 11.65 11.15 11.60 
2016/12/19 11.80 12.05 11.30 11.30 
2016/12/20 11.45 11.55 11.30 11.45 
2016/12/21 11.35 11.65 11.35 11.40 
2016/12/22 11.40 11.50 11.25 11.35 
2016/12/23 11.25 11.50 11.25 11.50 
2016/12/26 11.40 11.45 11.30 11.35 
2016/12/27 11.30 11.35 11.25 11.35 
2016/12/28 11.35 11.40 11.30 11.40 
2016/12/29 11.40 11.45 11.30 11.35 
2016/12/30 11.35 11.60 11.25 11.30 
2017/01/03 11.30 11.40 11.25 11.30 
2017/01/04 11.40 11.40 11.30 11.30 
2017/01/05 11.40 11.55 11.40 11.50 
2017/01/06 11.50 11.55 11.45 11.50 
2017/01/09 11.50 11.60 11.40 11.40 
2017/01/10 11.40 11.50 11.40 11.50 
2017/01/11 11.60 11.65 11.50 11.50 
2017/01/12 11.60 11.65 11.50 11.60 
2017/01/13 11.55 11.65 11.55 11.60 
2017/01/16 11.45 11.45 11.30 11.40 
2017/01/17 11.40 11.55 11.40 11.45 
2017/01/18 11.60 11.60 11.40 11.50 
2017/01/19 11.40 11.60 11.40 11.55 
2017/01/20 11.35 11.50 11.35 11.50 
2017/01/23 11.50 11.50 11.40 11.40 
2017/01/24 11.40 11.50 11.40 11.45 
2017/02/02 11.40 11.60 11.40 11.55 
2017/02/03 11.55 12.10 11.55 11.75 
2017/02/06 11.85 12.30 11.85 12.05 
2017/02/07 12.05 12.15 11.85 12.00 
2017/02/08 12.15 12.15 11.90 12.10 
