2016/07/01 139.00 139.50 139.00 139.00 
2016/07/04 140.00 140.00 139.00 139.00 
2016/07/05 139.00 139.00 138.00 139.00 
2016/07/06 138.00 138.00 137.00 137.50 
2016/07/07 138.50 138.50 137.50 137.50 
2016/07/11 137.50 139.00 137.50 139.00 
2016/07/12 139.00 140.00 139.00 139.50 
2016/07/13 140.00 140.50 139.50 139.50 
2016/07/14 139.00 139.00 139.00 139.00 
2016/07/15 139.50 140.00 139.00 139.00 
2016/07/18 143.00 145.00 141.50 143.00 
2016/07/19 144.50 144.50 142.50 143.00 
2016/07/20 143.50 146.00 143.50 144.00 
2016/07/21 137.00 137.50 135.00 135.50 
2016/07/22 135.00 138.00 135.00 136.50 
2016/07/25 138.00 138.00 136.00 136.00 
2016/07/26 136.00 136.00 135.50 135.50 
2016/07/27 136.50 136.50 135.00 135.50 
2016/07/28 135.00 135.50 134.00 134.00 
2016/07/29 135.00 136.00 135.00 135.00 
2016/08/01 136.00 136.50 136.00 136.50 
2016/08/02 137.00 138.00 137.00 137.00 
2016/08/03 135.50 136.50 135.50 136.50 
2016/08/04 136.50 137.00 136.50 136.50 
2016/08/05 136.50 138.00 136.50 138.00 
2016/08/08 137.00 137.50 136.50 136.50 
2016/08/09 136.50 137.00 136.00 137.00 
2016/08/10 136.50 137.00 136.50 137.00 
2016/08/11 137.00 137.00 136.50 137.00 
2016/08/12 137.00 137.00 137.00 137.00 
2016/08/15 137.50 141.50 137.50 139.50 
2016/08/16 142.00 144.00 140.50 141.50 
2016/08/17 141.50 148.00 141.50 144.50 
2016/08/18 146.00 158.00 146.00 153.00 
2016/08/19 154.00 156.00 150.00 151.50 
2016/08/22 151.50 151.50 146.00 146.50 
2016/08/23 147.50 150.00 147.50 148.00 
2016/08/24 151.00 151.00 146.00 146.00 
2016/08/25 147.00 147.50 146.50 146.50 
2016/08/26 147.00 147.50 146.00 146.00 
2016/08/29 147.50 147.50 145.00 145.00 
2016/08/30 146.00 146.50 145.00 145.00 
2016/08/31 147.50 147.50 145.00 145.00 
2016/09/01 144.50 145.00 142.00 143.50 
2016/09/02 142.50 143.00 140.50 142.00 
2016/09/05 142.00 142.50 141.50 142.00 
2016/09/06 142.00 142.50 141.50 142.50 
2016/09/07 142.50 142.50 139.00 141.00 
2016/09/08 142.00 143.00 142.00 142.50 
2016/09/09 142.50 143.50 142.50 142.50 
2016/09/10 140.00 142.50 140.00 142.00 
2016/09/12 141.50 142.00 141.00 141.00 
2016/09/13 141.00 141.50 139.50 141.00 
2016/09/14 140.00 140.50 139.50 140.50 
2016/09/19 140.50 141.00 139.50 140.00 
2016/09/20 140.00 140.00 140.00 140.00 
2016/09/21 140.00 141.00 140.00 141.00 
2016/09/22 141.00 141.00 139.50 140.00 
2016/09/23 140.50 140.50 140.00 140.00 
2016/09/26 139.50 139.50 139.00 139.00 
2016/09/29 138.50 139.00 138.50 139.00 
2016/09/30 138.50 139.00 138.50 138.50 
2016/10/03 139.00 140.00 139.00 140.00 
2016/10/04 140.50 140.50 140.00 140.00 
2016/10/05 140.50 140.50 140.00 140.00 
2016/10/06 140.00 140.00 139.00 140.00 
2016/10/07 140.00 141.00 140.00 141.00 
2016/10/11 141.00 141.50 137.50 138.50 
2016/10/12 137.50 139.00 137.00 139.00 
2016/10/13 138.50 138.50 138.50 138.50 
2016/10/14 139.00 139.50 138.00 138.00 
2016/10/17 138.00 138.00 137.50 137.50 
2016/10/18 138.50 138.50 137.50 137.50 
2016/10/19 138.00 138.00 137.50 137.50 
2016/10/20 137.50 137.50 136.50 137.50 
2016/10/21 137.00 137.50 136.50 137.00 
2016/10/24 137.00 137.50 137.00 137.50 
2016/10/25 137.00 137.00 136.50 137.00 
2016/10/26 136.50 137.00 136.50 136.50 
2016/10/27 137.00 137.00 136.50 137.00 
2016/10/28 137.00 137.00 136.50 137.00 
2016/10/31 137.50 137.50 137.00 137.00 
2016/11/01 137.00 137.00 136.50 136.50 
2016/11/02 136.50 136.50 136.00 136.00 
2016/11/03 136.00 136.50 135.00 135.00 
2016/11/04 136.00 136.00 136.00 136.00 
2016/11/07 138.00 138.00 136.50 137.00 
2016/11/08 137.00 137.00 136.00 136.00 
2016/11/09 136.00 136.00 134.50 134.50 
2016/11/10 136.50 136.50 136.00 136.50 
2016/11/11 136.50 137.00 136.50 136.50 
2016/11/14 136.50 137.00 136.50 136.50 
2016/11/15 137.00 137.00 136.50 137.00 
2016/11/16 136.50 137.00 136.00 136.00 
2016/11/17 136.00 136.00 135.00 135.50 
2016/11/18 135.50 137.00 135.50 137.00 
2016/11/21 136.00 136.00 136.00 136.00 
2016/11/22 136.50 137.00 136.50 136.50 
2016/11/23 136.50 136.50 136.50 136.50 
2016/11/25 136.50 136.50 136.50 136.50 
2016/11/28 137.00 137.50 136.50 137.50 
2016/11/29 137.00 137.00 137.00 137.00 
2016/11/30 137.00 137.00 137.00 137.00 
2016/12/01 136.50 136.50 135.50 136.00 
2016/12/02 136.00 136.00 136.00 136.00 
2016/12/05 136.50 136.50 135.50 135.50 
2016/12/06 136.50 136.50 135.50 135.50 
2016/12/07 136.00 136.00 136.00 136.00 
2016/12/08 136.00 137.00 136.00 136.50 
2016/12/09 136.50 136.50 135.50 136.00 
2016/12/12 136.00 137.00 135.50 136.50 
2016/12/13 136.50 136.50 136.50 136.50 
2016/12/14 136.50 136.50 135.50 136.50 
2016/12/15 136.50 136.50 136.50 136.50 
2016/12/16 136.50 137.00 136.50 137.00 
2016/12/19 137.00 138.50 136.50 138.00 
2016/12/20 139.00 141.50 138.50 139.00 
2016/12/21 139.50 139.50 138.00 138.50 
2016/12/22 138.00 139.00 137.50 139.00 
2016/12/23 139.00 139.50 139.00 139.00 
2016/12/26 138.50 139.00 138.50 139.00 
2016/12/27 141.00 141.00 139.00 139.00 
2016/12/28 138.50 139.50 138.50 139.00 
2016/12/29 139.50 139.50 139.00 139.00 
2016/12/30 140.00 140.00 139.00 140.00 
2017/01/03 140.00 140.00 139.50 140.00 
2017/01/04 140.00 140.00 139.50 139.50 
2017/01/05 140.00 140.00 140.00 140.00 
2017/01/06 140.50 142.00 140.00 141.50 
2017/01/09 141.50 141.50 141.00 141.00 
2017/01/10 141.00 141.00 141.00 141.00 
2017/01/11 139.50 139.50 138.50 139.00 
2017/01/12 139.00 140.00 139.00 139.50 
2017/01/13 140.00 140.00 140.00 140.00 
2017/01/16 139.50 140.00 139.50 140.00 
2017/01/17 140.00 140.00 139.50 139.50 
2017/01/18 139.00 139.00 138.00 138.50 
2017/01/19 139.00 139.50 139.00 139.50 
2017/01/23 139.50 140.00 139.50 140.00 
2017/01/24 139.00 139.50 139.00 139.00 
2017/02/02 139.50 140.00 139.50 140.00 
2017/02/03 140.50 141.00 140.00 140.00 
2017/02/06 140.00 141.50 140.00 141.00 
2017/02/07 141.00 145.00 141.00 143.00 
2017/02/08 144.00 144.00 142.00 142.00 
