2016/07/01 54.10 55.80 52.80 52.80 
2016/07/04 52.70 53.50 52.20 53.10 
2016/07/05 53.50 54.50 52.90 53.10 
2016/07/06 52.20 52.80 50.80 50.90 
2016/07/07 51.50 52.30 50.40 51.00 
2016/07/11 51.10 51.80 50.70 51.60 
2016/07/12 52.00 52.50 50.80 50.80 
2016/07/13 51.30 51.30 49.55 50.00 
2016/07/14 50.40 52.50 49.85 51.50 
2016/07/15 52.00 53.30 51.70 52.10 
2016/07/18 52.30 53.00 52.00 52.10 
2016/07/19 52.70 54.30 52.10 52.70 
2016/07/20 52.70 53.00 50.80 50.90 
2016/07/21 51.00 51.70 50.60 51.00 
2016/07/22 50.80 51.00 48.80 49.45 
2016/07/25 49.25 49.90 48.30 49.90 
2016/07/26 49.90 50.70 49.50 50.00 
2016/07/27 50.30 50.40 48.70 48.90 
2016/07/28 48.90 49.00 45.40 45.50 
2016/07/29 45.10 46.80 44.20 45.85 
2016/08/01 46.50 46.75 45.85 46.50 
2016/08/02 47.10 48.80 47.10 47.70 
2016/08/03 47.15 47.40 46.60 46.90 
2016/08/04 46.40 47.20 46.30 46.50 
2016/08/05 46.80 49.05 46.80 49.00 
2016/08/08 49.10 49.85 48.35 48.35 
2016/08/09 48.50 48.75 46.80 47.50 
2016/08/10 47.80 48.30 46.60 46.65 
2016/08/11 46.15 46.95 45.35 46.15 
2016/08/12 46.30 46.50 45.35 45.55 
2016/08/15 45.60 46.30 45.10 46.30 
2016/08/16 46.30 48.20 46.20 46.90 
2016/08/17 46.90 47.15 46.30 46.50 
2016/08/18 46.55 47.55 46.50 47.50 
2016/08/19 47.50 49.90 47.50 47.85 
2016/08/22 47.60 48.30 47.00 47.20 
2016/08/23 47.60 48.90 47.40 48.25 
2016/08/24 48.20 49.50 48.05 48.70 
2016/08/25 48.80 49.30 48.10 49.30 
2016/08/26 49.20 50.90 48.85 49.35 
2016/08/29 49.40 49.85 48.70 49.00 
2016/08/30 49.20 49.50 48.30 48.40 
2016/08/31 48.10 48.95 48.00 48.00 
2016/09/01 48.05 49.20 48.05 48.45 
2016/09/02 48.45 48.65 45.05 45.90 
2016/09/05 46.25 46.50 45.35 45.80 
2016/09/06 46.15 47.80 45.75 47.10 
2016/09/07 47.70 48.25 46.80 47.85 
2016/09/08 48.20 48.90 48.00 48.55 
2016/09/09 48.60 48.60 47.80 47.80 
2016/09/10 46.20 46.90 46.20 46.40 
2016/09/12 46.55 46.80 45.50 45.55 
2016/09/13 45.90 46.15 44.45 44.70 
2016/09/14 44.70 45.00 40.60 41.10 
2016/09/19 41.60 42.50 41.45 41.95 
2016/09/20 41.80 42.10 39.65 41.00 
2016/09/21 40.90 43.45 40.30 43.45 
2016/09/22 43.50 43.90 42.50 43.10 
2016/09/23 43.10 43.10 42.20 42.50 
2016/09/26 42.60 42.70 41.90 42.25 
2016/09/29 42.90 43.45 42.45 42.80 
2016/09/30 42.40 42.90 42.20 42.40 
2016/10/03 42.55 43.90 42.45 43.65 
2016/10/04 43.65 44.15 43.00 43.60 
2016/10/05 43.95 44.05 43.35 43.40 
2016/10/06 43.00 43.00 41.05 41.05 
2016/10/07 41.70 41.75 40.65 40.85 
2016/10/11 41.50 41.50 38.90 39.10 
2016/10/12 39.10 39.40 38.30 39.00 
2016/10/13 39.20 39.95 38.85 39.30 
2016/10/14 39.15 39.45 38.30 38.40 
2016/10/17 38.55 38.75 38.05 38.20 
2016/10/18 38.30 39.85 38.30 39.00 
2016/10/19 39.70 40.20 39.35 39.55 
2016/10/20 39.95 39.95 39.10 39.10 
2016/10/21 39.45 39.70 39.20 39.45 
2016/10/24 39.65 39.75 39.30 39.30 
2016/10/25 39.35 39.50 38.55 38.95 
2016/10/26 38.60 39.65 38.60 39.20 
2016/10/27 38.50 39.70 38.50 39.15 
2016/10/28 38.90 39.50 38.90 39.15 
2016/10/31 39.10 39.10 38.60 38.70 
2016/11/01 38.60 39.45 38.60 38.80 
2016/11/02 38.65 38.70 37.15 37.15 
2016/11/03 36.75 37.20 33.45 33.60 
2016/11/04 33.30 34.30 32.60 33.95 
2016/11/07 34.55 35.00 31.40 32.20 
2016/11/08 32.50 33.75 32.10 33.40 
2016/11/09 33.60 33.75 30.20 30.65 
2016/11/10 32.40 33.70 31.95 33.40 
2016/11/11 32.60 32.75 30.95 31.80 
2016/11/14 31.85 33.45 31.20 32.95 
2016/11/15 33.50 34.45 33.30 33.70 
2016/11/16 34.20 34.20 33.30 33.35 
2016/11/17 33.45 33.70 32.90 33.20 
2016/11/18 33.20 33.70 33.05 33.50 
2016/11/21 33.70 34.05 33.30 33.40 
2016/11/22 34.80 34.80 33.80 34.10 
2016/11/23 34.70 34.70 33.85 33.95 
2016/11/24 34.00 34.30 33.80 33.80 
2016/11/25 34.30 36.25 34.20 35.90 
2016/11/28 36.00 36.50 35.20 35.20 
2016/11/29 35.10 35.60 35.10 35.20 
2016/11/30 35.60 36.75 35.50 35.60 
2016/12/01 35.60 35.70 34.85 34.85 
2016/12/02 34.45 34.45 34.05 34.15 
2016/12/05 34.05 34.75 33.05 34.70 
2016/12/06 35.00 35.30 34.35 34.35 
2016/12/07 34.70 34.80 33.90 34.35 
2016/12/08 34.55 35.25 34.55 35.20 
2016/12/09 35.45 38.70 35.45 36.50 
2016/12/12 36.60 36.60 35.30 35.60 
2016/12/13 35.60 35.60 34.75 34.95 
2016/12/14 35.20 35.20 34.80 34.95 
2016/12/15 34.65 34.80 34.25 34.65 
2016/12/16 35.10 38.10 35.10 38.10 
2016/12/19 37.95 38.35 37.00 37.50 
2016/12/20 37.90 37.90 36.85 37.70 
2016/12/21 37.95 38.40 37.00 37.00 
2016/12/22 37.20 38.60 37.20 38.30 
2016/12/23 38.60 38.60 37.80 38.30 
2016/12/26 38.85 39.30 37.40 37.45 
2016/12/27 37.45 37.70 37.20 37.40 
2016/12/28 37.50 37.65 36.70 37.00 
2016/12/29 37.10 38.20 37.00 38.00 
2016/12/30 38.80 40.00 38.70 39.90 
2017/01/03 40.00 40.25 39.60 39.80 
2017/01/04 40.00 41.35 39.50 41.25 
2017/01/05 41.25 41.50 40.55 41.40 
2017/01/06 42.00 42.90 41.25 41.25 
2017/01/09 40.80 40.95 39.45 39.50 
2017/01/10 39.60 39.90 38.75 38.90 
2017/01/11 39.00 39.60 38.95 38.95 
2017/01/12 39.20 39.35 38.90 39.10 
2017/01/13 39.10 39.30 38.40 39.00 
2017/01/16 39.00 39.00 37.90 37.90 
2017/01/17 37.90 38.95 37.80 38.95 
2017/01/18 38.85 39.60 38.75 39.10 
2017/01/19 39.30 39.95 38.60 39.00 
2017/01/20 39.40 39.40 38.65 38.80 
2017/01/23 38.85 39.20 38.25 38.30 
2017/01/24 38.40 39.10 38.15 38.65 
2017/02/02 38.75 39.60 38.50 39.50 
2017/02/03 39.75 39.80 39.15 39.40 
2017/02/06 39.70 39.70 39.20 39.50 
2017/02/07 39.30 40.25 39.10 39.80 
2017/02/08 40.70 41.70 39.80 39.80 
