2016/07/01 14.00 14.00 13.85 13.85 
2016/07/04 13.70 14.00 13.70 14.00 
2016/07/05 13.90 14.10 13.90 14.10 
2016/07/06 14.50 15.35 14.50 14.55 
2016/07/07 14.60 14.75 14.15 14.40 
2016/07/11 14.40 14.40 14.15 14.40 
2016/07/12 14.20 14.40 14.00 14.00 
2016/07/13 14.10 14.50 14.10 14.50 
2016/07/14 14.20 14.50 14.20 14.40 
2016/07/15 14.45 14.50 14.25 14.35 
2016/07/18 14.25 14.50 14.20 14.30 
2016/07/19 14.20 14.30 14.20 14.20 
2016/07/20 14.20 14.20 14.15 14.20 
2016/07/21 14.25 15.00 14.25 14.60 
2016/07/22 14.45 14.60 14.40 14.40 
2016/07/25 14.40 14.55 14.20 14.55 
2016/07/26 14.30 14.50 14.30 14.35 
2016/07/27 14.50 14.65 14.35 14.50 
2016/07/28 14.50 14.50 14.30 14.35 
2016/07/29 14.75 14.75 14.40 14.45 
2016/08/01 14.50 14.55 14.40 14.55 
2016/08/02 14.50 14.60 14.45 14.50 
2016/08/03 14.25 14.50 14.20 14.45 
2016/08/04 14.40 14.40 14.20 14.40 
2016/08/05 14.20 14.20 14.00 14.05 
2016/08/08 14.00 14.15 13.90 14.00 
2016/08/09 14.00 14.00 13.95 13.95 
2016/08/10 13.95 14.00 13.95 13.95 
2016/08/11 13.90 13.90 13.80 13.80 
2016/08/12 13.85 14.00 13.80 13.80 
2016/08/15 13.80 13.80 13.60 13.60 
2016/08/16 13.60 13.80 13.60 13.80 
2016/08/17 13.90 13.90 13.90 13.90 
2016/08/18 13.75 14.00 13.70 14.00 
2016/08/19 13.85 13.85 13.75 13.80 
2016/08/22 13.75 13.80 13.45 13.75 
2016/08/23 13.75 13.80 13.65 13.75 
2016/08/24 13.80 13.80 13.70 13.75 
2016/08/25 13.70 13.75 13.50 13.70 
2016/08/26 13.70 13.75 13.70 13.70 
2016/08/29 13.50 13.60 13.40 13.60 
2016/08/30 13.50 13.80 13.50 13.75 
2016/09/01 13.55 13.70 13.55 13.70 
2016/09/02 13.65 13.65 13.50 13.50 
2016/09/05 13.55 13.70 13.45 13.70 
2016/09/06 13.70 13.80 13.65 13.75 
2016/09/07 14.50 14.60 14.05 14.10 
2016/09/08 14.10 14.30 14.05 14.15 
2016/09/09 14.15 14.15 14.05 14.15 
2016/09/10 14.10 14.10 13.90 13.90 
2016/09/12 14.00 14.00 13.75 13.75 
2016/09/13 14.05 14.05 13.70 13.75 
2016/09/14 13.80 13.80 13.65 13.70 
2016/09/19 13.70 13.80 13.65 13.65 
2016/09/20 13.80 14.00 13.80 13.90 
2016/09/21 14.00 14.00 13.90 14.00 
2016/09/22 14.10 14.10 13.80 14.00 
2016/09/23 14.20 14.20 13.90 14.00 
2016/09/26 13.85 13.90 13.80 13.80 
2016/09/29 13.80 14.00 13.80 14.00 
2016/09/30 13.80 13.80 13.80 13.80 
2016/10/03 13.80 13.95 13.75 13.90 
2016/10/04 13.90 13.90 13.75 13.85 
2016/10/05 13.80 13.85 13.80 13.85 
2016/10/06 14.60 15.20 14.60 15.20 
2016/10/07 15.20 16.70 14.85 16.70 
2016/10/11 17.90 18.35 16.90 18.35 
2016/10/12 18.00 18.30 17.30 17.65 
2016/10/13 17.55 19.35 17.50 18.90 
2016/10/14 19.00 19.55 17.35 17.45 
2016/10/17 17.40 17.40 16.30 16.70 
2016/10/18 17.00 18.35 17.00 18.35 
2016/10/19 18.80 18.80 17.50 17.50 
2016/10/20 17.50 18.25 17.30 17.30 
2016/10/21 17.50 18.10 17.10 17.10 
2016/10/24 17.50 17.80 16.20 16.50 
2016/10/25 16.60 17.20 16.50 16.80 
2016/10/26 16.90 17.45 16.75 16.75 
2016/10/27 16.80 17.00 16.50 16.70 
2016/10/28 16.75 18.35 16.75 18.20 
2016/10/31 18.60 20.00 18.40 20.00 
2016/11/01 20.30 21.80 18.95 19.30 
2016/11/02 19.25 19.60 18.10 18.10 
2016/11/03 18.35 19.00 18.15 18.70 
2016/11/04 18.50 18.90 18.10 18.25 
2016/11/07 18.35 18.65 16.75 16.80 
2016/11/08 17.10 17.35 16.60 16.70 
2016/11/09 17.00 17.05 15.50 15.55 
2016/11/10 16.30 16.45 15.90 16.00 
2016/11/11 16.00 16.05 15.35 15.45 
2016/11/14 15.45 16.80 15.05 16.50 
2016/11/15 16.40 16.75 16.00 16.10 
2016/11/16 16.20 16.50 16.05 16.15 
2016/11/17 16.25 16.65 16.05 16.05 
2016/11/18 16.35 16.60 16.05 16.10 
2016/11/21 16.40 16.40 15.65 15.75 
2016/11/22 15.80 17.30 15.80 17.30 
2016/11/23 17.45 17.80 16.40 16.50 
2016/11/24 16.60 16.65 16.15 16.20 
2016/11/25 16.70 17.40 16.60 16.60 
2016/11/28 16.60 16.70 16.05 16.10 
2016/11/29 16.20 16.40 16.00 16.10 
2016/11/30 16.30 16.35 16.00 16.10 
2016/12/01 16.20 16.25 15.85 15.85 
2016/12/02 15.90 16.00 15.45 15.50 
2016/12/05 15.60 15.95 15.30 15.70 
2016/12/06 16.10 17.00 16.00 16.50 
2016/12/07 16.70 16.70 16.20 16.20 
2016/12/08 16.50 16.50 15.80 15.90 
2016/12/09 16.10 16.20 15.80 15.85 
2016/12/12 15.90 16.10 15.80 15.90 
2016/12/13 15.90 16.35 15.80 16.20 
2016/12/14 16.40 16.80 16.00 16.15 
2016/12/15 16.10 16.25 16.00 16.10 
2016/12/16 16.15 16.60 16.15 16.30 
2016/12/19 16.45 17.60 16.20 17.00 
2016/12/20 17.20 17.35 16.80 16.80 
2016/12/21 16.85 17.15 16.55 16.60 
2016/12/22 16.85 16.85 16.40 16.40 
2016/12/23 16.40 16.55 16.00 16.15 
2016/12/26 16.15 16.35 15.95 15.95 
2016/12/27 15.90 16.20 15.90 16.15 
2016/12/28 16.25 16.95 16.25 16.50 
2016/12/29 16.65 17.10 16.60 16.60 
2016/12/30 16.60 16.70 16.45 16.55 
2017/01/03 16.55 16.60 16.45 16.55 
2017/01/04 16.55 17.15 16.55 16.80 
2017/01/05 16.85 17.40 16.85 17.15 
2017/01/06 17.70 18.85 17.70 18.85 
2017/01/09 19.20 19.35 18.05 18.05 
2017/01/10 18.10 18.65 18.00 18.15 
2017/01/11 18.25 18.35 17.85 17.95 
2017/01/12 18.00 18.30 17.95 18.00 
2017/01/13 18.00 18.15 17.60 17.70 
2017/01/16 17.85 17.85 17.05 17.15 
2017/01/17 17.20 17.45 17.10 17.30 
2017/01/18 17.40 17.55 17.20 17.50 
2017/01/19 17.70 18.35 17.35 18.05 
2017/01/20 18.10 18.40 17.50 17.65 
2017/01/23 18.00 18.65 17.90 18.15 
2017/01/24 18.25 19.70 18.25 19.35 
2017/02/02 19.45 21.00 19.45 19.90 
2017/02/03 20.15 20.45 19.10 19.55 
2017/02/06 19.65 20.80 19.55 20.35 
2017/02/07 20.55 20.55 19.90 19.90 
2017/02/08 19.55 19.60 18.85 19.10 
