2016/07/01 11.65 12.00 11.45 11.90 
2016/07/04 11.80 13.00 11.75 12.55 
2016/07/05 12.60 13.10 12.20 12.70 
2016/07/06 12.75 12.75 11.90 12.20 
2016/07/07 12.20 12.30 12.05 12.05 
2016/07/11 12.00 12.35 12.00 12.10 
2016/07/12 12.45 12.45 12.10 12.10 
2016/07/13 12.25 12.30 12.00 12.20 
2016/07/14 12.05 12.20 12.00 12.10 
2016/07/15 12.10 12.15 11.85 11.85 
2016/07/18 11.60 12.05 11.60 11.85 
2016/07/19 11.90 12.00 11.80 11.85 
2016/07/20 11.90 12.80 11.90 12.30 
2016/07/21 12.30 12.65 12.25 12.25 
2016/07/22 12.55 12.65 12.20 12.25 
2016/07/25 12.30 12.50 12.00 12.00 
2016/07/26 11.90 12.05 11.90 12.00 
2016/07/27 12.00 12.45 11.95 12.35 
2016/07/28 12.25 12.50 12.15 12.35 
2016/07/29 12.40 12.75 12.20 12.50 
2016/08/01 12.85 12.90 12.60 12.60 
2016/08/02 12.70 13.30 12.70 13.10 
2016/08/03 13.10 13.25 12.75 12.90 
2016/08/04 12.90 13.00 12.75 12.85 
2016/08/05 12.85 13.00 12.80 12.85 
2016/08/08 12.90 13.10 12.90 13.05 
2016/08/09 13.05 13.15 12.75 12.85 
2016/08/10 12.90 12.95 12.60 12.75 
2016/08/11 12.75 12.85 12.65 12.75 
2016/08/12 12.75 12.85 11.70 12.10 
2016/08/15 12.00 13.25 11.70 13.05 
2016/08/16 13.15 13.35 12.50 12.85 
2016/08/17 12.85 12.95 12.00 12.40 
2016/08/18 12.40 12.85 12.30 12.30 
2016/08/19 12.50 12.55 12.15 12.20 
2016/08/22 12.20 12.20 11.70 11.75 
2016/08/23 11.75 12.15 11.75 11.80 
2016/08/24 11.80 12.10 11.75 11.85 
2016/08/25 11.85 12.65 11.85 12.50 
2016/08/26 12.45 12.50 12.10 12.30 
2016/08/29 12.30 12.45 12.15 12.30 
2016/08/30 12.30 12.35 12.05 12.10 
2016/08/31 12.00 12.25 12.00 12.00 
2016/09/01 12.10 12.60 12.05 12.45 
2016/09/02 12.60 12.65 11.90 12.10 
2016/09/05 12.20 12.25 12.00 12.05 
2016/09/06 11.95 12.20 11.95 12.05 
2016/09/07 12.00 12.40 12.00 12.35 
2016/09/08 12.40 12.45 12.25 12.25 
2016/09/09 12.20 12.35 12.10 12.25 
2016/09/10 12.05 12.30 12.00 12.10 
2016/09/12 12.00 12.25 11.80 11.85 
2016/09/13 12.00 12.00 11.55 11.55 
2016/09/14 11.50 11.80 11.35 11.80 
2016/09/19 12.10 12.55 12.10 12.50 
2016/09/20 12.60 12.65 12.30 12.45 
2016/09/21 12.45 12.45 12.05 12.10 
2016/09/22 12.10 12.20 11.85 12.00 
2016/09/23 11.70 11.90 11.70 11.75 
2016/09/26 11.55 11.65 11.45 11.45 
2016/10/11 19.85 19.85 18.10 18.20 
2016/10/12 18.20 18.20 16.85 16.90 
2016/10/13 16.90 16.90 15.30 15.60 
2016/10/14 15.10 15.40 14.05 14.20 
2016/10/17 14.20 14.25 13.50 14.00 
2016/10/18 14.00 14.50 14.00 14.35 
2016/10/19 14.35 14.50 14.25 14.25 
2016/10/20 14.25 14.40 14.00 14.20 
2016/10/21 14.20 15.40 14.20 15.05 
2016/10/24 16.55 16.55 16.55 16.55 
2016/10/25 18.20 18.20 18.20 18.20 
2016/10/26 20.00 20.00 19.90 20.00 
2016/10/27 21.90 22.00 20.65 22.00 
2016/10/28 20.90 21.70 19.85 21.70 
2016/10/31 20.90 21.20 20.30 20.70 
2016/11/01 21.00 22.75 20.90 22.75 
2016/11/02 22.90 25.00 22.00 24.80 
2016/11/03 23.55 23.55 22.35 22.35 
2016/11/04 21.20 22.35 21.20 21.50 
2016/11/07 21.65 22.45 21.65 21.90 
2016/11/08 21.90 21.90 20.20 21.00 
2016/11/09 21.00 21.00 19.00 19.85 
2016/11/10 19.85 21.50 19.85 21.50 
2016/11/11 20.35 20.90 20.35 20.50 
2016/11/14 21.10 21.10 20.10 20.70 
2016/11/15 21.00 21.20 20.55 21.10 
2016/11/16 21.10 21.80 21.10 21.40 
2016/11/17 22.75 23.50 22.00 23.50 
2016/11/18 24.15 25.45 23.95 24.10 
2016/11/21 24.15 24.95 22.80 22.85 
2016/11/22 23.05 23.40 22.15 22.65 
2016/11/23 23.45 24.50 22.80 23.10 
2016/11/24 23.70 23.70 22.40 23.00 
2016/11/25 22.55 23.30 22.55 23.20 
2016/11/28 23.20 23.25 22.00 22.25 
2016/11/29 22.05 23.00 21.60 22.85 
2016/11/30 22.80 22.85 22.35 22.35 
2016/12/01 22.80 22.80 22.25 22.25 
2016/12/02 22.25 22.25 21.20 21.40 
2016/12/05 21.40 21.40 20.50 20.70 
2016/12/06 20.90 21.30 20.85 21.05 
2016/12/07 21.30 21.40 20.70 21.00 
2016/12/08 21.90 21.90 21.05 21.05 
2016/12/09 21.05 21.40 20.75 21.30 
2016/12/12 21.70 22.95 21.50 22.55 
2016/12/13 22.60 23.00 21.95 22.10 
2016/12/14 21.75 22.20 21.60 21.80 
2016/12/15 21.50 21.90 21.50 21.80 
2016/12/16 22.00 22.15 21.60 21.65 
2016/12/19 21.65 21.65 20.60 20.75 
2016/12/20 20.60 20.75 20.00 20.40 
2016/12/21 20.40 20.40 20.20 20.25 
2016/12/22 20.15 20.60 20.15 20.30 
2016/12/23 20.40 20.60 20.25 20.35 
2016/12/26 20.75 21.25 20.35 20.55 
2016/12/27 20.60 20.80 20.30 20.30 
2016/12/28 20.30 21.30 20.30 20.65 
2016/12/29 20.65 20.70 20.25 20.45 
2016/12/30 20.45 20.65 20.25 20.50 
2017/01/03 20.50 20.95 20.40 20.50 
2017/01/04 20.70 20.75 20.60 20.75 
2017/01/05 20.75 22.80 20.75 22.80 
2017/01/06 23.35 24.20 22.05 22.05 
2017/01/09 22.00 22.40 21.25 21.25 
2017/01/10 21.35 21.95 21.35 21.35 
2017/01/11 21.25 21.25 20.50 20.85 
2017/01/12 20.65 21.30 20.60 20.90 
2017/01/13 21.10 21.20 20.80 20.85 
2017/01/16 20.60 20.60 20.15 20.35 
2017/01/17 20.60 20.60 20.20 20.25 
2017/01/18 20.25 20.40 20.15 20.25 
2017/01/19 20.35 20.60 20.10 20.15 
2017/01/20 20.10 20.45 20.05 20.10 
2017/01/23 20.35 20.35 19.30 19.50 
2017/01/24 19.60 19.95 19.45 19.50 
2017/02/02 19.50 19.90 19.50 19.80 
2017/02/03 19.80 20.20 19.65 20.20 
2017/02/06 20.70 21.20 20.55 21.00 
2017/02/07 21.25 21.25 20.75 21.00 
2017/02/08 21.00 22.30 20.85 21.90 
