2016/07/01 5.71 5.89 5.51 5.80 
2016/07/04 5.89 5.92 5.70 5.81 
2016/07/05 5.84 5.84 5.61 5.80 
2016/07/06 5.91 5.96 5.90 5.90 
2016/07/07 5.90 6.47 5.83 5.98 
2016/07/11 5.92 6.07 5.92 6.01 
2016/07/12 6.19 6.19 5.71 5.96 
2016/07/13 6.00 6.00 5.75 5.97 
2016/07/14 5.96 5.97 5.96 5.97 
2016/07/15 5.95 6.11 5.90 5.91 
2016/07/18 6.08 6.08 5.77 5.94 
2016/07/19 5.97 5.97 5.85 5.87 
2016/07/20 5.97 5.97 5.85 5.89 
2016/07/21 6.04 6.04 5.90 5.91 
2016/07/22 6.13 6.13 5.80 5.96 
2016/07/25 5.99 6.19 5.98 6.08 
2016/07/26 6.09 6.09 5.95 6.00 
2016/07/27 5.92 6.12 5.91 6.00 
2016/07/28 6.09 6.09 5.96 5.96 
2016/07/29 6.07 6.07 5.98 6.05 
2016/08/01 6.22 6.22 5.95 5.98 
2016/08/02 6.04 6.12 5.98 6.09 
2016/08/03 6.08 6.13 5.90 6.07 
2016/08/04 6.13 6.13 5.88 5.90 
2016/08/05 5.90 6.00 5.90 6.00 
2016/08/08 5.90 6.05 5.90 6.05 
2016/08/09 6.10 6.43 6.10 6.17 
2016/08/10 6.00 6.16 5.96 6.06 
2016/08/11 6.06 6.10 5.89 6.10 
2016/08/12 6.00 6.19 5.98 6.12 
2016/08/15 6.00 6.12 6.00 6.12 
2016/08/16 6.12 6.30 6.12 6.20 
2016/08/17 6.15 6.15 6.10 6.15 
2016/08/18 6.15 6.15 6.00 6.13 
2016/08/19 6.13 6.20 6.00 6.20 
2016/08/22 6.22 6.22 6.10 6.10 
2016/08/23 6.20 6.20 6.10 6.15 
2016/08/24 6.18 6.19 6.10 6.19 
2016/08/25 6.15 6.20 6.07 6.20 
2016/08/26 6.18 6.30 6.12 6.29 
2016/08/29 6.22 6.35 6.17 6.33 
2016/08/30 6.67 6.67 6.33 6.53 
2016/08/31 6.43 6.45 6.30 6.43 
2016/09/01 6.47 6.47 6.32 6.41 
2016/09/02 6.45 6.45 6.33 6.44 
2016/09/05 6.40 6.47 6.35 6.45 
2016/09/06 6.50 6.50 6.07 6.40 
2016/09/07 6.40 6.44 6.30 6.33 
2016/09/08 6.36 6.38 6.33 6.35 
2016/09/09 6.35 6.38 6.32 6.38 
2016/09/10 6.33 6.60 6.30 6.60 
2016/09/12 6.48 6.57 6.36 6.46 
2016/09/13 6.56 6.56 6.40 6.40 
2016/09/14 6.38 6.60 6.38 6.60 
2016/09/19 6.78 6.78 6.50 6.74 
2016/09/20 6.73 6.79 6.62 6.76 
2016/09/21 6.78 6.78 6.55 6.76 
2016/09/22 6.62 6.79 6.56 6.79 
2016/09/23 6.68 6.88 6.68 6.88 
2016/09/26 6.75 6.95 6.75 6.95 
2016/09/29 6.83 6.90 6.70 6.90 
2016/09/30 6.80 6.94 6.76 6.76 
2016/10/03 6.71 6.85 6.70 6.82 
2016/10/04 6.76 6.86 6.76 6.79 
2016/10/05 6.76 6.82 6.70 6.75 
2016/10/06 6.73 6.86 6.71 6.81 
2016/10/07 6.83 6.86 6.78 6.81 
2016/10/11 6.69 6.85 6.65 6.77 
2016/10/12 6.77 6.87 6.70 6.87 
2016/10/13 6.82 6.89 6.82 6.88 
2016/10/14 6.88 6.96 6.82 6.92 
2016/10/17 7.00 7.00 6.76 6.92 
2016/10/18 6.90 6.93 6.85 6.92 
2016/10/19 6.97 7.39 6.92 7.38 
2016/10/20 7.50 7.55 7.32 7.49 
2016/10/21 7.49 7.74 7.49 7.50 
2016/10/24 7.50 7.50 7.26 7.47 
2016/10/25 7.82 7.82 7.45 7.50 
2016/10/26 7.35 7.65 7.35 7.58 
2016/10/27 7.60 7.61 7.50 7.60 
2016/10/28 7.60 7.62 7.55 7.57 
2016/10/31 7.60 7.63 7.60 7.63 
2016/11/01 7.60 7.68 7.50 7.55 
2016/11/02 7.60 7.60 7.50 7.60 
2016/11/03 7.50 7.50 7.38 7.38 
2016/11/04 7.38 7.54 7.35 7.54 
2016/11/07 7.52 7.54 7.50 7.54 
2016/11/08 7.50 7.55 7.50 7.50 
2016/11/09 7.50 7.60 7.35 7.45 
2016/11/10 7.40 7.50 7.00 7.22 
2016/11/11 7.00 7.00 6.50 6.62 
2016/11/14 6.50 6.70 6.50 6.65 
2016/11/15 6.55 6.55 6.50 6.55 
2016/11/16 6.66 6.66 6.50 6.58 
2016/11/17 6.58 6.58 6.50 6.54 
2016/11/18 6.60 6.60 6.10 6.29 
2016/11/21 6.29 6.29 5.98 6.28 
2016/11/22 6.10 6.30 6.05 6.25 
2016/11/23 6.12 6.26 6.10 6.26 
2016/11/24 6.16 6.26 6.15 6.24 
2016/11/25 6.10 6.20 6.10 6.19 
2016/11/28 6.27 6.27 6.27 6.27 
2016/11/29 6.19 6.27 6.15 6.26 
2016/11/30 6.26 6.26 6.20 6.26 
2016/12/01 6.39 6.41 6.30 6.41 
2016/12/02 6.28 6.56 6.28 6.56 
2016/12/05 6.56 6.56 6.40 6.50 
2016/12/06 6.65 6.65 6.41 6.50 
2016/12/07 6.59 6.59 6.49 6.49 
2016/12/08 6.40 6.49 6.30 6.49 
2016/12/09 6.50 6.50 6.45 6.50 
2016/12/12 6.60 6.60 6.30 6.45 
2016/12/13 6.40 6.40 6.36 6.36 
2016/12/14 6.36 6.43 6.36 6.43 
2016/12/15 6.21 6.44 6.21 6.44 
2016/12/16 6.60 6.60 6.40 6.50 
2016/12/19 6.50 6.51 6.48 6.51 
2016/12/20 6.50 6.50 6.20 6.45 
2016/12/21 6.99 6.99 6.40 6.45 
2016/12/22 6.50 6.50 6.15 6.35 
2016/12/23 6.30 6.35 6.14 6.30 
2016/12/27 6.20 6.30 6.00 6.28 
2016/12/28 6.18 6.34 6.17 6.34 
2016/12/29 6.34 6.34 6.33 6.33 
2016/12/30 6.15 6.19 6.00 6.19 
2017/01/03 6.05 6.17 6.00 6.17 
2017/01/04 6.16 6.24 6.16 6.24 
2017/01/05 6.25 6.27 6.20 6.27 
2017/01/06 6.17 6.29 6.17 6.27 
2017/01/09 6.29 6.29 6.28 6.28 
2017/01/10 6.29 6.30 6.20 6.20 
2017/01/11 6.13 6.13 5.71 6.09 
2017/01/12 6.07 6.07 6.07 6.07 
2017/01/13 5.80 6.06 5.80 6.06 
2017/01/16 6.06 6.06 6.06 6.06 
2017/01/17 6.30 6.30 5.96 6.16 
2017/01/18 6.08 6.14 6.08 6.13 
2017/01/19 6.13 6.13 5.96 6.12 
2017/01/20 5.90 6.12 5.90 6.12 
2017/01/23 5.97 6.19 5.94 6.19 
2017/01/24 6.00 6.00 5.98 5.98 
2017/02/02 5.85 6.30 5.85 6.30 
2017/02/03 6.29 6.30 5.88 6.18 
2017/02/06 6.18 6.23 6.00 6.00 
2017/02/07 6.00 6.00 5.94 5.94 
2017/02/08 6.14 6.15 5.90 6.15 
