2016/07/01 12.40 12.50 12.35 12.50 
2016/07/04 12.50 13.75 12.50 13.75 
2016/07/05 14.50 14.50 13.85 14.10 
2016/07/06 14.05 14.05 13.30 13.50 
2016/07/07 13.50 14.40 13.30 13.35 
2016/07/11 13.50 13.50 13.00 13.45 
2016/07/12 13.40 13.50 13.15 13.45 
2016/07/13 13.35 14.75 13.20 14.15 
2016/07/14 14.10 14.50 14.10 14.25 
2016/07/15 14.25 14.50 14.00 14.40 
2016/07/18 14.25 14.45 14.10 14.10 
2016/07/19 14.45 14.45 14.00 14.00 
2016/07/20 13.90 14.20 13.90 14.10 
2016/07/21 14.45 14.45 14.20 14.20 
2016/07/22 14.10 14.40 14.05 14.30 
2016/07/25 14.10 14.10 13.95 14.10 
2016/07/26 14.00 14.05 13.10 14.05 
2016/07/27 14.00 14.00 13.25 13.75 
2016/07/28 13.60 14.00 13.35 14.00 
2016/07/29 14.00 14.00 13.85 14.00 
2016/08/01 14.10 14.10 13.50 13.80 
2016/08/02 13.55 13.85 13.40 13.85 
2016/08/03 13.45 13.60 13.45 13.50 
2016/08/04 13.55 13.60 13.50 13.50 
2016/08/05 13.60 13.80 13.50 13.80 
2016/08/08 13.80 13.80 13.60 13.80 
2016/08/09 13.80 14.10 13.60 14.00 
2016/08/10 13.50 13.85 13.50 13.65 
2016/08/11 13.55 13.60 13.40 13.40 
2016/08/12 13.10 13.45 13.10 13.45 
2016/08/15 13.40 13.65 13.35 13.60 
2016/08/16 13.00 13.40 13.00 13.40 
2016/08/17 13.15 13.20 13.00 13.15 
2016/08/18 13.10 13.20 13.00 13.20 
2016/08/19 13.20 13.20 13.05 13.10 
2016/08/22 12.80 13.00 12.70 12.90 
2016/08/23 12.90 13.90 12.90 13.75 
2016/08/24 13.65 14.05 13.35 13.85 
2016/08/25 13.90 14.05 13.65 13.75 
2016/08/26 13.75 14.00 13.60 13.75 
2016/08/29 14.10 14.35 13.90 14.15 
2016/08/30 14.15 14.25 13.95 14.25 
2016/08/31 14.25 14.25 13.00 14.00 
2016/09/01 13.50 14.40 13.50 14.00 
2016/09/02 15.00 15.40 14.55 15.40 
2016/09/05 15.90 16.90 15.70 16.90 
2016/09/06 17.40 18.00 16.00 16.90 
2016/09/07 16.80 16.90 15.70 16.45 
2016/09/08 16.10 16.65 16.05 16.50 
2016/09/09 17.20 17.50 16.60 16.95 
2016/09/10 17.00 17.15 16.30 16.80 
2016/09/12 16.75 16.75 16.15 16.20 
2016/09/13 16.45 16.45 15.60 15.75 
2016/09/14 15.20 15.75 15.20 15.40 
2016/09/19 15.55 16.65 15.55 16.05 
2016/09/20 16.10 16.15 15.60 15.70 
2016/09/21 16.05 16.05 15.70 15.80 
2016/09/22 15.90 15.90 15.60 15.75 
2016/09/23 15.90 15.90 15.40 15.45 
2016/09/26 15.45 15.90 15.20 15.50 
2016/09/29 15.70 15.70 15.35 15.55 
2016/09/30 15.55 15.65 15.35 15.40 
2016/10/03 15.60 15.90 15.60 15.60 
2016/10/04 15.55 15.55 15.30 15.50 
2016/10/05 15.50 15.50 15.10 15.10 
2016/10/06 15.00 15.30 15.00 15.15 
2016/10/07 15.15 15.30 14.80 15.30 
2016/10/11 15.30 15.75 14.85 15.25 
2016/10/12 14.85 15.15 14.85 15.10 
2016/10/13 14.75 15.30 14.50 14.95 
2016/10/14 15.00 15.35 14.65 14.85 
2016/10/17 14.95 14.95 14.40 14.45 
2016/10/18 14.35 14.35 13.85 13.85 
2016/10/19 13.85 13.90 13.50 13.85 
2016/10/20 13.70 13.85 13.50 13.85 
2016/10/21 13.80 13.85 13.65 13.85 
2016/10/24 13.50 13.50 12.50 12.80 
2016/10/25 12.85 12.95 12.45 12.60 
2016/10/26 12.60 12.60 12.35 12.50 
2016/10/27 12.50 12.50 12.30 12.45 
2016/10/28 12.40 12.40 12.15 12.15 
2016/10/31 12.15 12.15 11.50 11.90 
2016/11/01 11.50 11.95 11.50 11.95 
2016/11/02 11.95 13.10 11.90 13.10 
2016/11/03 13.20 13.20 12.55 12.75 
2016/11/04 12.50 12.75 12.50 12.75 
2016/11/07 13.10 13.10 12.60 12.65 
2016/11/08 12.65 12.65 12.00 12.25 
2016/11/09 12.20 12.25 11.80 11.95 
2016/11/10 11.95 12.45 11.95 12.15 
2016/11/11 13.35 13.35 12.20 12.20 
2016/11/14 12.40 12.75 12.10 12.10 
2016/11/15 12.10 12.20 12.00 12.00 
2016/11/16 12.20 12.50 12.05 12.05 
2016/11/17 12.05 12.05 12.00 12.00 
2016/11/18 12.10 12.10 12.00 12.00 
2016/11/21 12.00 12.05 11.70 11.85 
2016/11/22 11.85 12.00 11.75 11.80 
2016/11/23 11.60 11.80 11.60 11.70 
2016/11/24 11.95 12.00 11.60 11.90 
2016/11/25 11.75 11.90 11.75 11.90 
2016/11/28 11.75 11.75 11.75 11.75 
2016/11/29 11.65 11.75 11.60 11.60 
2016/11/30 11.60 11.75 11.40 11.70 
2016/12/01 11.70 11.75 11.55 11.60 
2016/12/02 11.60 11.65 11.30 11.40 
2016/12/05 11.30 11.45 11.05 11.40 
2016/12/06 11.30 11.95 10.80 11.55 
2016/12/07 11.55 11.60 11.15 11.40 
2016/12/08 11.35 11.35 11.15 11.20 
2016/12/09 11.15 11.25 10.80 11.15 
2016/12/12 10.95 11.15 10.75 11.15 
2016/12/13 11.15 11.15 11.00 11.10 
2016/12/14 10.80 11.25 10.80 11.10 
2016/12/15 12.20 12.20 11.10 11.20 
2016/12/16 11.15 11.30 11.00 11.00 
2016/12/19 11.15 11.15 10.85 11.00 
2016/12/20 11.20 11.20 10.90 11.00 
2016/12/21 11.10 11.20 11.00 11.20 
2016/12/22 11.20 11.20 11.00 11.10 
2016/12/23 11.10 11.90 11.10 11.70 
2016/12/26 12.40 12.40 12.00 12.15 
2016/12/27 12.15 12.20 12.00 12.00 
2016/12/28 11.95 12.00 11.85 12.00 
2016/12/29 12.00 12.00 11.80 11.85 
2016/12/30 12.00 12.10 11.80 11.80 
2017/01/03 11.80 11.85 11.55 11.80 
2017/01/04 11.80 11.85 11.70 11.85 
2017/01/05 11.85 12.10 11.85 11.85 
2017/01/06 11.85 11.85 11.75 11.85 
2017/01/09 11.85 11.85 11.70 11.75 
2017/01/10 11.70 11.80 11.70 11.80 
2017/01/11 11.55 11.70 11.50 11.70 
2017/01/12 11.70 11.75 11.60 11.60 
2017/01/13 11.50 11.50 11.30 11.30 
2017/01/16 11.45 11.45 11.35 11.35 
2017/01/17 11.35 11.40 11.25 11.25 
2017/01/18 11.30 11.30 11.10 11.25 
2017/01/19 12.00 12.00 11.40 11.65 
2017/01/20 11.30 11.70 11.30 11.30 
2017/01/23 11.30 11.30 11.05 11.15 
2017/01/24 11.10 11.45 11.10 11.25 
2017/02/02 11.45 11.65 11.20 11.30 
2017/02/03 11.50 11.70 11.35 11.70 
2017/02/06 11.60 11.75 11.50 11.75 
2017/02/07 11.65 11.80 11.50 11.80 
2017/02/08 11.80 12.95 11.80 12.95 
