2016/07/01 12.55 12.70 12.30 12.70 
2016/07/04 12.65 12.90 12.60 12.75 
2016/07/05 12.75 12.75 12.55 12.70 
2016/07/06 12.60 12.60 12.45 12.55 
2016/07/07 12.55 12.85 12.35 12.40 
2016/07/11 12.45 12.45 12.35 12.45 
2016/07/12 12.45 12.70 12.35 12.60 
2016/07/13 12.60 12.65 12.45 12.60 
2016/07/14 12.60 12.70 12.20 12.20 
2016/07/15 12.00 12.45 11.90 12.40 
2016/07/18 12.50 12.70 12.25 12.65 
2016/07/19 12.65 12.65 12.45 12.50 
2016/07/20 12.45 12.50 12.00 12.20 
2016/07/21 12.05 12.25 12.05 12.20 
2016/07/22 12.05 12.30 12.05 12.20 
2016/07/25 12.15 12.20 12.10 12.10 
2016/07/26 12.10 12.25 12.10 12.20 
2016/07/27 12.25 12.30 12.05 12.10 
2016/07/28 12.15 12.15 12.00 12.10 
2016/07/29 12.05 12.10 11.85 11.90 
2016/08/01 11.90 12.20 11.90 12.20 
2016/08/02 12.35 12.50 12.30 12.30 
2016/08/03 12.40 13.00 12.35 12.80 
2016/08/04 13.15 13.20 12.90 13.00 
2016/08/05 13.10 13.30 13.05 13.20 
2016/08/08 13.25 13.30 13.10 13.20 
2016/08/09 13.20 13.20 12.80 12.85 
2016/08/10 12.75 13.10 12.75 13.10 
2016/08/11 13.10 13.25 12.90 13.05 
2016/08/12 13.20 13.20 12.90 13.00 
2016/08/15 13.00 13.05 12.70 12.80 
2016/08/16 12.80 12.90 12.80 12.90 
2016/08/17 12.95 13.50 12.85 12.95 
2016/08/18 12.90 13.05 12.85 13.05 
2016/08/19 13.00 13.75 12.85 13.50 
2016/08/22 13.40 13.45 13.00 13.10 
2016/08/23 13.10 13.30 13.00 13.15 
2016/08/24 13.15 13.20 12.95 12.95 
2016/08/25 12.95 13.15 12.90 12.95 
2016/08/26 13.05 13.35 13.05 13.25 
2016/08/29 13.35 13.45 13.25 13.45 
2016/08/30 13.55 14.75 13.55 14.40 
2016/08/31 14.15 15.10 14.10 14.80 
2016/09/01 14.55 15.20 14.55 14.65 
2016/09/02 14.75 14.80 14.30 14.65 
2016/09/05 14.70 15.50 14.70 15.45 
2016/09/06 15.80 15.85 15.15 15.20 
2016/09/07 15.40 15.55 15.10 15.15 
2016/09/08 15.35 15.35 15.10 15.20 
2016/09/09 15.25 15.45 15.10 15.15 
2016/09/10 14.95 15.05 14.75 14.90 
2016/09/12 15.00 15.20 14.75 14.80 
2016/09/13 14.75 14.95 14.35 14.50 
2016/09/14 14.60 14.75 14.45 14.50 
2016/09/19 14.50 14.85 14.50 14.65 
2016/09/20 14.65 14.80 14.65 14.65 
2016/09/21 14.70 14.75 14.50 14.60 
2016/09/22 14.60 14.85 13.85 14.65 
2016/09/23 14.80 14.85 14.50 14.60 
2016/09/26 14.25 14.55 13.85 14.25 
2016/09/29 14.30 14.40 13.90 14.00 
2016/09/30 14.00 14.00 13.75 13.90 
2016/10/03 13.90 13.90 13.35 13.45 
2016/10/04 13.65 14.20 13.55 13.90 
2016/10/05 14.10 14.30 13.85 14.25 
2016/10/06 14.25 15.00 14.25 14.55 
2016/10/07 14.55 14.70 14.45 14.60 
2016/10/11 14.80 14.80 14.15 14.20 
2016/10/12 14.30 14.30 13.80 13.95 
2016/10/13 13.90 14.20 13.90 14.05 
2016/10/14 14.15 14.20 13.80 13.85 
2016/10/17 13.80 13.80 13.20 13.40 
2016/10/18 13.60 13.65 13.30 13.35 
2016/10/19 13.60 13.65 13.45 13.50 
2016/10/20 13.50 13.50 13.20 13.30 
2016/10/21 13.25 13.25 13.00 13.10 
2016/10/24 13.05 13.15 11.80 11.80 
2016/10/25 11.55 11.95 10.80 11.95 
2016/10/26 11.95 12.15 11.90 12.00 
2016/10/27 12.10 12.15 12.05 12.05 
2016/10/28 12.10 12.10 11.55 11.85 
2016/10/31 11.90 11.90 11.15 11.40 
2016/11/01 11.30 11.35 11.10 11.25 
2016/11/02 11.20 11.35 10.90 11.00 
2016/11/03 10.90 11.05 10.90 11.00 
2016/11/04 11.00 11.00 10.90 10.95 
2016/11/07 11.00 11.20 11.00 11.10 
2016/11/08 11.10 11.10 10.45 10.50 
2016/11/09 10.50 10.65 9.60 9.70 
2016/11/10 10.05 10.65 9.87 10.60 
2016/11/11 10.50 10.50 10.10 10.25 
2016/11/14 10.25 10.35 10.05 10.05 
2016/11/15 10.20 10.20 9.87 9.95 
2016/11/16 9.97 10.00 9.63 9.66 
2016/11/17 9.87 10.60 9.80 10.60 
2016/11/18 11.00 11.65 11.00 11.65 
2016/11/21 12.10 12.50 11.75 12.00 
2016/11/22 11.90 12.35 11.90 12.10 
2016/11/23 12.20 12.30 12.00 12.10 
2016/11/24 12.10 12.30 12.10 12.30 
2016/11/25 12.50 13.15 12.50 12.80 
2016/11/28 12.90 12.90 12.30 12.40 
2016/11/29 12.50 12.50 12.35 12.40 
2016/11/30 12.55 12.70 12.45 12.70 
2016/12/01 12.90 13.30 12.85 13.15 
2016/12/02 13.20 13.25 13.05 13.20 
2016/12/05 13.30 13.80 13.30 13.75 
2016/12/06 13.95 14.00 13.45 13.50 
2016/12/07 13.60 13.60 13.25 13.30 
2016/12/08 13.45 13.45 13.20 13.20 
2016/12/09 13.15 13.35 13.10 13.30 
2016/12/12 13.35 13.50 13.30 13.45 
2016/12/13 13.60 13.95 13.50 13.75 
2016/12/14 13.90 13.90 13.65 13.85 
2016/12/15 13.85 13.85 13.50 13.65 
2016/12/16 13.65 13.65 13.10 13.35 
2016/12/19 13.50 13.50 12.80 12.80 
2016/12/20 12.80 12.95 12.25 12.90 
2016/12/21 12.95 13.25 12.90 13.05 
2016/12/22 13.05 13.15 12.90 13.00 
2016/12/23 13.10 13.50 13.05 13.15 
2016/12/26 13.15 13.30 13.10 13.15 
2016/12/27 13.25 13.50 13.05 13.10 
2016/12/28 13.10 13.30 12.90 13.00 
2016/12/29 13.10 13.10 12.65 12.70 
2016/12/30 12.70 12.85 12.50 12.70 
2017/01/03 12.70 12.70 12.40 12.65 
2017/01/04 12.50 12.85 12.50 12.75 
2017/01/05 12.70 12.80 12.50 12.65 
2017/01/06 12.65 12.75 12.45 12.50 
2017/01/09 12.55 12.60 12.40 12.50 
2017/01/10 12.60 12.60 12.40 12.55 
2017/01/11 12.55 12.60 12.35 12.40 
2017/01/12 12.40 12.45 12.35 12.35 
2017/01/13 12.35 12.40 12.15 12.20 
2017/01/16 12.20 12.20 11.75 11.90 
2017/01/17 11.90 12.00 11.50 11.70 
2017/01/18 11.70 11.70 11.55 11.60 
2017/01/19 11.65 12.45 11.65 12.30 
2017/01/20 12.30 12.45 12.30 12.30 
2017/01/23 12.25 12.25 12.05 12.15 
2017/01/24 12.15 12.15 11.60 12.00 
2017/02/02 12.05 12.40 12.05 12.30 
2017/02/03 12.35 12.50 12.25 12.40 
2017/02/06 12.30 12.70 12.30 12.40 
2017/02/07 12.40 12.50 12.30 12.40 
2017/02/08 12.40 12.45 12.35 12.40 
