2016/07/01 23.90 24.10 23.70 23.85 
2016/07/04 23.95 24.25 23.95 24.15 
2016/07/05 24.30 24.65 23.95 24.40 
2016/07/06 24.60 26.00 24.60 25.20 
2016/07/07 25.60 25.95 25.20 25.55 
2016/07/11 26.95 28.10 26.85 28.10 
2016/07/12 28.50 28.80 27.55 28.15 
2016/07/13 28.15 28.15 27.55 28.05 
2016/07/14 28.05 28.70 27.25 27.25 
2016/07/15 27.55 27.85 26.65 26.90 
2016/07/18 27.20 27.30 26.30 26.30 
2016/07/19 26.50 27.15 26.35 26.80 
2016/07/20 27.00 27.25 26.50 26.70 
2016/07/21 26.80 27.45 26.80 27.10 
2016/07/22 27.25 27.70 27.10 27.15 
2016/07/25 27.40 27.45 26.70 27.00 
2016/07/26 27.10 27.35 26.95 27.30 
2016/07/27 25.85 26.00 25.10 25.20 
2016/07/28 25.15 25.55 24.90 25.20 
2016/07/29 25.55 25.55 25.05 25.20 
2016/08/01 25.05 25.30 25.05 25.15 
2016/08/02 25.30 27.65 25.30 27.65 
2016/08/03 27.60 28.65 27.50 28.00 
2016/08/04 28.40 29.10 28.10 28.35 
2016/08/05 28.50 28.70 26.90 27.35 
2016/08/08 27.60 27.95 27.25 27.90 
2016/08/09 28.10 28.15 27.10 27.20 
2016/08/10 24.95 24.95 24.50 24.50 
2016/08/11 24.30 24.80 23.50 24.00 
2016/08/12 24.10 24.20 23.75 23.80 
2016/08/15 23.60 24.45 23.50 24.20 
2016/08/16 24.40 24.40 23.80 23.80 
2016/08/17 24.10 24.10 23.50 23.85 
2016/08/18 23.70 24.10 23.70 24.10 
2016/08/19 24.20 24.30 23.60 23.60 
2016/08/22 23.25 23.25 21.30 21.55 
2016/08/23 21.65 22.10 21.35 21.75 
2016/08/24 21.95 22.15 21.95 22.00 
2016/08/25 21.70 22.00 21.70 22.00 
2016/08/26 22.10 22.35 22.10 22.20 
2016/08/29 22.35 22.35 21.90 22.15 
2016/08/30 22.35 22.50 22.00 22.30 
2016/08/31 22.25 22.25 22.05 22.10 
2016/09/01 22.00 22.15 21.85 21.85 
2016/09/02 21.85 21.90 21.60 21.75 
2016/09/05 21.75 21.75 21.45 21.60 
2016/09/06 21.40 22.00 21.40 21.80 
2016/09/07 21.45 22.10 21.40 21.70 
2016/09/08 21.75 22.10 21.75 22.05 
2016/09/09 22.00 22.10 21.90 21.95 
2016/09/10 21.80 21.80 21.65 21.70 
2016/09/12 21.65 21.65 21.40 21.40 
2016/09/13 21.50 21.60 21.10 21.20 
2016/09/14 21.00 21.20 20.90 21.10 
2016/09/19 21.25 21.30 21.05 21.15 
2016/09/20 21.15 21.40 21.05 21.20 
2016/09/21 21.40 21.55 21.25 21.40 
2016/09/22 21.40 21.75 21.40 21.60 
2016/09/23 21.55 21.75 21.55 21.75 
2016/09/26 21.80 22.20 21.80 22.00 
2016/09/29 22.00 22.00 21.75 21.80 
2016/09/30 21.80 21.80 21.65 21.65 
2016/10/03 21.50 21.85 21.50 21.80 
2016/10/04 21.80 21.95 21.65 21.90 
2016/10/05 22.00 22.45 21.75 22.45 
2016/10/06 22.70 23.75 22.60 23.00 
2016/10/07 23.90 24.20 23.35 23.85 
2016/10/11 24.00 24.00 22.50 22.95 
2016/10/12 22.95 22.95 22.20 22.30 
2016/10/13 22.30 22.60 21.80 22.00 
2016/10/14 22.20 22.25 20.95 21.05 
2016/10/17 21.00 21.45 21.00 21.40 
2016/10/18 21.35 21.90 21.35 21.70 
2016/10/19 21.90 22.20 21.55 21.85 
2016/10/20 21.80 21.85 21.70 21.75 
2016/10/21 21.95 21.95 21.65 21.70 
2016/10/24 21.95 21.95 21.60 21.80 
2016/10/25 21.85 21.85 21.65 21.85 
2016/10/26 21.90 21.95 21.80 21.95 
2016/10/27 22.00 22.70 22.00 22.40 
2016/10/28 22.05 22.20 22.05 22.10 
2016/10/31 22.20 22.50 21.60 22.00 
2016/11/01 21.90 22.00 21.80 21.90 
2016/11/02 21.70 21.80 21.55 21.60 
2016/11/03 21.55 21.55 21.40 21.50 
2016/11/04 21.80 21.80 21.50 21.50 
2016/11/07 21.90 21.90 21.40 21.70 
2016/11/08 21.40 21.40 21.20 21.30 
2016/11/09 19.40 20.60 19.40 19.60 
2016/11/10 20.10 20.90 20.10 20.50 
2016/11/11 20.50 20.50 19.90 19.95 
2016/11/14 19.95 19.95 19.65 19.90 
2016/11/15 20.20 20.20 19.85 19.95 
2016/11/16 20.15 20.15 19.85 20.00 
2016/11/17 20.10 20.10 19.85 20.00 
2016/11/18 20.10 20.10 19.90 20.00 
2016/11/21 20.10 20.15 19.95 20.15 
2016/11/22 20.20 20.55 20.10 20.55 
2016/11/23 20.65 20.65 19.90 19.90 
2016/11/24 19.95 20.00 19.85 19.95 
2016/11/25 19.90 20.00 19.80 19.85 
2016/11/28 19.75 19.80 19.50 19.70 
2016/11/29 19.70 19.70 19.55 19.70 
2016/11/30 19.70 19.75 19.65 19.70 
2016/12/01 19.70 19.85 19.70 19.75 
2016/12/02 19.70 19.85 19.60 19.65 
2016/12/05 19.65 19.95 19.65 19.65 
2016/12/06 19.75 20.20 19.75 20.00 
2016/12/07 22.00 22.00 22.00 22.00 
2016/12/08 23.20 23.35 22.10 22.40 
2016/12/09 22.40 22.40 22.10 22.25 
2016/12/12 22.30 23.00 22.25 22.25 
2016/12/13 22.25 23.70 22.10 23.15 
2016/12/14 24.00 24.00 22.85 22.85 
2016/12/15 22.85 23.35 22.60 22.60 
2016/12/16 22.80 22.90 22.50 22.65 
2016/12/19 22.55 22.55 21.90 22.00 
2016/12/20 22.05 22.30 22.05 22.10 
2016/12/21 22.10 22.15 21.85 22.10 
2016/12/22 22.00 22.00 21.70 21.70 
2016/12/23 21.55 22.90 21.55 22.70 
2016/12/26 23.20 23.80 22.90 23.05 
2016/12/27 23.05 23.60 22.80 23.30 
2016/12/28 23.30 23.65 23.10 23.10 
2016/12/29 23.75 24.20 23.15 23.15 
2016/12/30 23.20 23.45 23.05 23.05 
2017/01/03 23.15 23.15 22.75 22.80 
2017/01/04 23.00 23.65 23.00 23.55 
2017/01/05 23.85 24.00 23.45 23.45 
2017/01/06 23.25 23.70 23.25 23.70 
2017/01/09 24.40 24.80 23.85 24.00 
2017/01/10 22.50 23.30 22.30 22.70 
2017/01/11 22.80 22.80 22.50 22.60 
2017/01/12 22.70 22.80 22.40 22.45 
2017/01/13 22.40 22.50 22.20 22.50 
2017/01/16 22.40 22.50 22.15 22.15 
2017/01/17 22.20 22.40 22.10 22.30 
2017/01/18 22.20 22.80 22.20 22.75 
2017/01/19 22.75 22.75 22.30 22.30 
2017/01/20 22.35 22.45 22.25 22.30 
2017/01/23 22.35 22.45 22.20 22.30 
2017/01/24 22.45 22.85 22.40 22.40 
2017/02/02 22.50 22.50 22.40 22.50 
2017/02/03 22.60 22.65 22.50 22.55 
2017/02/06 22.45 22.80 22.45 22.70 
2017/02/07 22.80 23.10 22.80 23.10 
2017/02/08 23.20 23.40 23.00 23.30 
