2016/07/01 37.50 37.70 37.10 37.30 
2016/07/04 37.30 37.40 37.20 37.30 
2016/07/05 37.50 37.50 37.05 37.05 
2016/07/06 33.95 33.95 33.35 33.40 
2016/07/07 33.45 33.55 33.10 33.25 
2016/07/11 33.20 33.75 33.20 33.40 
2016/07/12 33.60 33.70 33.20 33.35 
2016/07/13 33.35 33.35 33.20 33.35 
2016/07/14 33.35 33.35 33.05 33.35 
2016/07/15 33.50 33.50 33.25 33.35 
2016/07/18 33.35 33.40 33.05 33.15 
2016/07/19 34.00 34.50 33.50 34.25 
2016/07/20 34.20 34.45 34.20 34.45 
2016/07/21 34.40 34.50 34.15 34.35 
2016/07/22 34.30 34.35 34.00 34.10 
2016/07/25 34.10 34.60 33.85 33.85 
2016/07/26 33.90 34.10 33.85 33.90 
2016/07/27 33.90 34.20 33.90 33.95 
2016/07/28 33.95 34.00 33.80 34.00 
2016/07/29 34.00 34.25 33.75 34.25 
2016/08/01 34.30 34.40 34.00 34.40 
2016/08/02 34.20 34.50 34.20 34.50 
2016/08/03 34.50 34.50 34.20 34.45 
2016/08/04 34.40 34.40 34.20 34.20 
2016/08/05 34.20 35.20 34.20 34.20 
2016/08/08 34.30 34.65 34.30 34.65 
2016/08/09 34.90 35.00 34.80 34.90 
2016/08/10 35.00 35.00 34.80 34.90 
2016/08/11 34.85 34.85 34.00 34.45 
2016/08/12 34.35 34.50 34.25 34.50 
2016/08/15 34.60 34.80 34.10 34.70 
2016/08/16 34.90 34.90 34.60 34.80 
2016/08/17 34.80 34.80 34.45 34.60 
2016/08/18 34.80 34.80 34.50 34.60 
2016/08/19 34.50 34.80 34.50 34.80 
2016/08/22 34.80 34.80 34.55 34.55 
2016/08/23 34.55 34.70 34.50 34.70 
2016/08/24 34.70 35.00 34.70 35.00 
2016/08/25 35.30 35.30 34.60 34.65 
2016/08/26 34.80 34.80 34.60 34.70 
2016/08/29 34.80 35.10 34.70 35.00 
2016/08/30 35.00 35.00 34.75 34.95 
2016/08/31 34.95 35.10 34.80 35.00 
2016/09/01 34.85 34.90 34.85 34.85 
2016/09/02 35.00 35.00 34.70 34.70 
2016/09/05 34.70 34.90 34.70 34.90 
2016/09/06 34.95 35.00 34.80 34.90 
2016/09/07 34.90 35.10 34.80 34.95 
2016/09/08 35.05 36.40 35.05 36.00 
2016/09/09 36.00 36.00 35.60 35.85 
2016/09/10 35.65 35.80 35.40 35.80 
2016/09/12 35.80 35.90 35.45 35.50 
2016/09/13 35.80 35.90 35.35 35.35 
2016/09/14 35.35 35.40 35.15 35.20 
2016/09/19 35.20 35.80 35.05 35.50 
2016/09/20 35.50 35.50 35.00 35.10 
2016/09/21 35.10 35.10 35.05 35.10 
2016/09/22 35.10 35.50 35.00 35.15 
2016/09/23 35.15 35.30 35.00 35.25 
2016/09/26 35.15 35.15 34.20 34.85 
2016/09/29 35.00 35.00 34.80 34.90 
2016/09/30 34.80 34.80 34.80 34.80 
2016/10/03 35.10 35.10 34.80 34.90 
2016/10/04 35.30 35.30 34.95 35.00 
2016/10/05 35.10 35.15 34.85 35.00 
2016/10/06 35.10 35.10 34.85 35.00 
2016/10/07 35.85 35.85 35.10 35.30 
2016/10/11 35.50 35.75 35.15 35.15 
2016/10/12 35.15 35.30 35.05 35.15 
2016/10/13 35.15 35.25 35.10 35.25 
2016/10/14 35.20 35.45 35.10 35.45 
2016/10/17 35.60 36.00 35.50 35.75 
2016/10/18 35.80 35.90 35.50 35.90 
2016/10/19 35.90 35.90 35.65 35.85 
2016/10/20 35.85 35.85 35.40 35.40 
2016/10/21 35.40 35.80 35.05 35.35 
2016/10/24 35.30 35.45 35.30 35.30 
2016/10/25 35.50 35.50 35.30 35.30 
2016/10/26 35.50 35.50 35.10 35.20 
2016/10/27 35.50 35.50 35.00 35.20 
2016/10/28 35.40 35.40 35.00 35.00 
2016/10/31 35.20 35.60 34.55 35.00 
2016/11/01 35.10 35.10 34.80 34.90 
2016/11/02 34.80 35.20 34.80 34.95 
2016/11/03 34.80 34.80 34.30 34.30 
2016/11/04 34.30 34.50 34.30 34.30 
2016/11/07 34.20 34.80 34.10 34.80 
2016/11/08 34.60 34.60 34.15 34.50 
2016/11/09 34.30 35.00 34.30 34.30 
2016/11/10 34.90 34.95 34.40 34.95 
2016/11/11 34.10 34.70 33.95 34.30 
2016/11/14 34.20 34.50 34.20 34.30 
2016/11/15 34.35 34.40 34.30 34.40 
2016/11/16 34.40 35.50 34.10 35.50 
2016/11/17 35.60 35.60 34.80 35.10 
2016/11/18 34.95 35.40 34.95 35.20 
2016/11/21 35.20 35.30 35.10 35.10 
2016/11/22 36.10 36.50 36.00 36.00 
2016/11/23 36.30 36.35 35.50 35.65 
2016/11/24 36.00 36.05 35.65 35.65 
2016/11/25 35.90 35.90 35.60 35.70 
2016/11/28 35.80 35.90 35.60 35.60 
2016/11/29 35.80 35.85 35.65 35.65 
2016/11/30 35.85 35.85 35.60 35.80 
2016/12/01 35.80 35.95 35.70 35.70 
2016/12/02 35.70 35.70 35.55 35.55 
2016/12/05 35.55 35.65 35.35 35.35 
2016/12/06 35.35 35.70 35.35 35.70 
2016/12/07 35.85 36.00 35.70 35.90 
2016/12/08 36.00 36.35 35.85 36.00 
2016/12/09 36.00 36.00 35.80 35.85 
2016/12/12 36.00 36.00 35.80 35.95 
2016/12/13 35.90 35.90 35.70 35.90 
2016/12/14 35.80 35.90 35.65 35.90 
2016/12/15 36.00 36.00 35.50 35.60 
2016/12/16 36.10 37.35 36.10 37.15 
2016/12/19 37.30 37.45 36.80 37.40 
2016/12/20 37.50 37.55 36.95 37.00 
2016/12/21 37.00 37.75 37.00 37.75 
2016/12/22 37.55 37.65 37.25 37.25 
2016/12/23 37.90 37.90 37.35 37.60 
2016/12/26 37.70 38.90 37.70 38.60 
2016/12/27 38.50 38.80 38.00 38.05 
2016/12/28 38.05 38.40 38.00 38.10 
2016/12/29 38.00 38.10 37.80 37.80 
2016/12/30 37.80 38.15 37.80 38.05 
2017/01/03 38.20 38.90 38.20 38.80 
2017/01/04 38.95 39.65 38.95 39.50 
2017/01/05 39.90 39.90 39.35 39.40 
2017/01/06 39.70 39.70 39.30 39.50 
2017/01/09 40.50 41.80 40.45 40.85 
2017/01/10 41.00 41.10 40.20 40.70 
2017/01/11 40.70 41.00 40.30 40.30 
2017/01/12 40.60 40.65 40.35 40.60 
2017/01/13 40.60 41.45 40.60 41.35 
2017/01/16 42.00 42.50 41.60 42.10 
2017/01/17 42.10 42.30 41.80 42.20 
2017/01/18 42.20 42.35 41.80 42.35 
2017/01/19 43.00 43.30 42.60 42.80 
2017/01/20 43.00 43.00 42.35 42.40 
2017/01/23 42.40 42.60 42.05 42.35 
2017/01/24 42.10 42.40 41.95 41.95 
2017/02/02 42.00 43.10 42.00 43.10 
2017/02/03 43.80 43.80 43.10 43.50 
2017/02/06 43.50 43.60 43.00 43.20 
2017/02/07 43.50 43.85 43.00 43.25 
2017/02/08 43.50 43.50 43.10 43.45 
