2016/07/01 13.35 13.40 13.30 13.40 
2016/07/04 13.20 13.30 13.20 13.30 
2016/07/05 13.25 13.25 13.20 13.25 
2016/07/06 13.15 13.25 13.05 13.20 
2016/07/07 13.15 13.25 13.15 13.20 
2016/07/11 13.25 13.60 13.25 13.50 
2016/07/12 13.55 13.65 13.40 13.55 
2016/07/13 13.55 13.75 13.55 13.75 
2016/07/14 13.60 13.80 13.50 13.80 
2016/07/15 13.70 13.85 13.65 13.80 
2016/07/18 13.80 13.95 13.80 13.90 
2016/07/19 13.95 13.95 13.65 13.95 
2016/07/20 13.95 13.95 13.55 13.85 
2016/07/21 13.85 13.95 13.65 13.95 
2016/07/22 14.00 14.00 13.75 13.95 
2016/07/25 13.90 13.90 13.65 13.80 
2016/07/26 13.80 13.95 13.70 13.85 
2016/07/27 13.85 13.95 13.70 13.90 
2016/07/28 13.90 13.95 13.80 13.95 
2016/07/29 13.90 14.00 13.85 13.95 
2016/08/01 13.95 13.95 13.85 13.90 
2016/08/02 13.70 13.95 13.70 13.90 
2016/08/03 13.85 13.95 13.80 13.90 
2016/08/04 14.00 14.60 13.95 14.40 
2016/08/05 14.40 14.50 14.30 14.45 
2016/08/08 14.60 15.40 14.50 15.20 
2016/08/09 15.20 15.25 14.70 15.25 
2016/08/10 15.20 15.35 14.90 15.30 
2016/08/11 15.35 15.50 15.05 15.25 
2016/08/12 15.25 15.30 15.00 15.30 
2016/08/15 15.30 15.35 15.00 15.30 
2016/08/16 15.30 15.30 15.10 15.30 
2016/08/17 15.30 15.45 15.25 15.45 
2016/08/18 15.15 15.40 15.15 15.25 
2016/08/19 15.25 15.25 14.95 15.15 
2016/08/22 14.95 15.25 14.95 15.25 
2016/08/23 15.35 15.35 15.10 15.20 
2016/08/24 15.15 15.20 15.00 15.20 
2016/08/25 15.20 15.35 15.10 15.10 
2016/08/26 15.05 15.15 15.00 15.10 
2016/08/29 15.00 15.20 15.00 15.20 
2016/08/30 15.20 15.20 15.10 15.15 
2016/08/31 15.10 15.20 15.00 15.15 
2016/09/01 15.25 15.25 15.00 15.15 
2016/09/02 15.15 15.20 15.00 15.20 
2016/09/05 15.20 15.25 15.00 15.20 
2016/09/06 15.20 15.25 15.05 15.15 
2016/09/07 15.10 15.15 15.05 15.15 
2016/09/08 15.00 15.10 15.00 15.10 
2016/09/09 15.00 15.20 15.00 15.15 
2016/09/10 15.00 15.15 15.00 15.15 
2016/09/12 15.90 16.65 15.90 16.65 
2016/09/13 17.00 17.10 15.85 15.85 
2016/09/14 15.75 16.40 15.75 16.15 
2016/09/19 16.30 16.35 16.05 16.20 
2016/09/20 16.15 16.30 16.15 16.20 
2016/09/21 16.20 17.80 16.05 17.80 
2016/09/22 18.15 19.10 18.05 18.30 
2016/09/23 18.50 18.75 17.90 18.40 
2016/09/26 18.40 18.70 18.00 18.05 
2016/09/29 18.15 18.35 17.80 17.80 
2016/09/30 17.80 18.00 17.55 18.00 
2016/10/03 18.15 18.20 17.75 17.95 
2016/10/04 17.95 18.30 17.80 18.30 
2016/10/05 18.30 18.55 18.15 18.45 
2016/10/06 18.65 19.45 18.45 18.80 
2016/10/07 18.90 19.20 18.65 18.70 
2016/10/11 18.70 19.05 17.80 18.00 
2016/10/12 17.65 18.20 17.65 17.85 
2016/10/13 18.15 18.15 17.65 17.85 
2016/10/14 17.85 18.10 17.10 17.30 
2016/10/17 17.00 17.20 16.90 17.15 
2016/10/18 17.05 17.50 17.05 17.40 
2016/10/19 17.40 17.65 17.30 17.35 
2016/10/20 17.40 17.50 17.15 17.45 
2016/10/21 17.45 17.65 17.35 17.45 
2016/10/24 17.55 17.80 17.45 17.75 
2016/10/25 17.75 17.80 17.55 17.80 
2016/10/26 17.80 18.10 17.70 17.90 
2016/10/27 18.00 18.05 17.85 18.05 
2016/10/28 18.15 18.95 18.05 18.50 
2016/10/31 18.60 18.90 18.50 18.50 
2016/11/01 18.55 18.65 18.35 18.55 
2016/11/02 18.55 18.55 17.90 17.90 
2016/11/03 17.90 18.20 17.60 17.80 
2016/11/04 18.00 18.25 17.80 18.20 
2016/11/07 19.00 20.00 19.00 20.00 
2016/11/08 20.30 20.55 19.60 20.00 
2016/11/09 19.85 20.10 18.50 18.65 
2016/11/10 19.60 20.45 19.30 20.30 
2016/11/11 19.50 19.75 18.55 18.65 
2016/11/14 18.80 19.05 18.35 18.50 
2016/11/15 18.75 18.80 18.20 18.20 
2016/11/16 18.40 18.65 18.35 18.55 
2016/11/17 18.65 19.20 18.60 19.20 
2016/11/18 19.50 20.25 19.50 19.75 
2016/11/21 19.85 20.10 19.50 19.60 
2016/11/22 19.65 20.40 19.55 19.90 
2016/11/23 20.10 20.35 19.80 19.80 
2016/11/24 19.90 20.15 19.40 19.55 
2016/11/25 19.80 19.80 19.35 19.35 
2016/11/28 19.35 19.65 19.20 19.25 
2016/11/29 19.20 20.50 19.20 20.20 
2016/11/30 20.20 20.35 19.85 19.90 
2016/12/01 20.05 21.55 20.00 21.40 
2016/12/02 21.40 21.80 21.00 21.05 
2016/12/05 21.10 21.60 21.10 21.55 
2016/12/06 21.60 23.00 21.55 21.95 
2016/12/07 22.10 22.50 21.55 22.50 
2016/12/08 22.85 22.85 21.80 21.90 
2016/12/09 22.10 22.30 20.85 21.25 
2016/12/12 21.50 21.75 21.10 21.50 
2016/12/13 21.55 21.70 21.20 21.65 
2016/12/14 21.50 21.80 21.50 21.70 
2016/12/15 21.65 21.85 21.50 21.70 
2016/12/16 22.20 22.55 21.80 22.45 
2016/12/19 22.70 22.70 22.05 22.50 
2016/12/20 22.50 22.55 22.20 22.40 
2016/12/21 22.25 22.40 21.40 21.40 
2016/12/22 21.45 21.45 20.70 20.80 
2016/12/23 20.75 21.90 20.50 21.05 
2016/12/26 21.00 21.45 20.80 21.40 
2016/12/27 21.50 21.50 21.10 21.10 
2016/12/28 21.00 21.35 21.00 21.10 
2016/12/29 21.10 21.60 21.10 21.25 
2016/12/30 21.20 21.50 21.15 21.30 
2017/01/03 21.30 21.65 21.20 21.20 
2017/01/04 21.40 21.85 21.40 21.75 
2017/01/05 22.00 23.40 22.00 22.45 
2017/01/06 22.90 23.90 22.80 23.90 
2017/01/09 24.75 25.40 24.10 24.45 
2017/01/10 24.70 25.30 24.20 25.30 
2017/01/11 25.00 25.10 24.30 24.90 
2017/01/12 25.70 26.25 24.60 24.80 
2017/01/13 24.50 24.90 24.25 24.75 
2017/01/16 24.30 24.50 24.15 24.20 
2017/01/17 24.40 26.50 24.40 26.00 
2017/01/18 26.40 26.75 25.70 26.20 
2017/01/19 26.00 26.30 25.40 25.50 
2017/01/20 25.80 25.95 25.35 25.40 
2017/01/23 25.65 25.85 24.70 24.80 
2017/01/24 24.70 25.00 24.20 24.60 
2017/02/02 24.70 25.60 24.50 25.45 
2017/02/03 25.75 25.75 25.05 25.50 
2017/02/06 25.50 26.05 25.40 26.05 
2017/02/07 26.30 27.90 26.30 26.60 
2017/02/08 26.75 26.75 25.60 26.00 
