2016/07/01 27.05 27.60 26.80 27.10 
2016/07/04 26.80 27.10 26.70 26.70 
2016/07/05 26.85 29.00 26.70 28.20 
2016/07/06 28.00 28.15 27.35 27.40 
2016/07/07 27.90 28.90 27.50 28.60 
2016/07/11 29.35 29.35 28.40 28.55 
2016/07/12 27.75 28.40 27.70 27.80 
2016/07/13 27.90 28.20 27.70 27.75 
2016/07/14 27.75 27.90 27.75 27.75 
2016/07/15 27.45 28.10 27.45 27.75 
2016/07/18 27.85 28.00 27.55 27.55 
2016/07/19 27.70 27.80 27.00 27.35 
2016/07/20 27.60 27.90 27.40 27.40 
2016/07/21 27.50 27.85 27.40 27.85 
2016/07/22 27.85 27.85 27.20 27.30 
2016/07/25 27.20 27.50 27.00 27.05 
2016/07/26 27.05 27.05 26.80 26.85 
2016/07/27 27.40 27.40 26.90 26.90 
2016/07/28 26.90 27.00 26.70 26.85 
2016/07/29 26.85 27.00 26.35 26.80 
2016/08/01 26.80 27.25 26.50 26.80 
2016/08/02 26.80 27.00 26.65 26.75 
2016/08/03 26.75 27.20 26.50 27.05 
2016/08/04 27.05 27.80 27.05 27.35 
2016/08/05 27.60 28.50 27.60 27.85 
2016/08/08 27.85 28.00 27.55 27.75 
2016/08/09 27.60 29.80 27.60 28.35 
2016/08/10 28.00 29.40 28.00 29.40 
2016/08/11 28.85 29.45 28.80 29.25 
2016/08/12 28.70 29.95 28.70 29.35 
2016/08/15 30.00 30.60 29.65 29.65 
2016/08/16 29.65 30.00 29.55 29.55 
2016/08/17 29.55 29.90 29.45 29.55 
2016/08/18 29.80 30.00 29.60 29.85 
2016/08/19 30.05 30.10 29.55 29.60 
2016/08/22 29.60 29.60 28.75 28.75 
2016/08/23 28.75 29.70 27.50 29.40 
2016/08/24 29.40 29.65 29.05 29.25 
2016/08/25 29.25 29.60 29.10 29.20 
2016/08/26 29.50 29.65 29.20 29.30 
2016/08/29 29.20 29.60 29.20 29.35 
2016/08/30 29.35 29.60 29.10 29.35 
2016/08/31 29.40 29.95 29.35 29.55 
2016/09/01 29.80 30.80 29.60 30.45 
2016/09/02 30.45 30.45 29.75 29.75 
2016/09/05 29.75 29.75 29.35 29.70 
2016/09/06 29.40 29.55 29.30 29.50 
2016/09/07 29.50 29.50 28.60 28.90 
2016/09/08 28.90 29.30 28.90 29.00 
2016/09/09 29.00 29.25 29.00 29.10 
2016/09/10 29.10 29.40 29.00 29.10 
2016/09/12 29.10 29.10 28.60 28.70 
2016/09/13 28.70 29.20 28.70 28.80 
2016/09/14 28.80 29.00 28.70 28.80 
2016/09/19 29.00 29.40 28.85 28.85 
2016/09/20 28.00 29.00 28.00 28.85 
2016/09/21 29.20 29.40 28.70 29.40 
2016/09/22 29.40 29.80 29.35 29.35 
2016/09/23 28.85 29.50 28.85 29.20 
2016/09/26 29.20 31.40 29.20 30.40 
2016/09/29 30.50 31.00 30.45 30.45 
2016/09/30 30.60 31.30 30.50 30.65 
2016/10/03 31.50 32.80 31.10 31.10 
2016/10/04 31.10 31.10 30.60 30.75 
2016/10/05 31.20 31.20 30.00 30.45 
2016/10/06 30.80 30.80 29.70 30.50 
2016/10/07 30.50 30.50 29.65 30.00 
2016/10/11 30.00 31.20 29.85 29.85 
2016/10/12 29.20 29.70 29.00 29.50 
2016/10/13 29.50 29.95 29.20 29.70 
2016/10/14 29.70 30.00 29.20 29.20 
2016/10/17 29.05 29.60 29.05 29.20 
2016/10/18 29.45 29.45 29.00 29.25 
2016/10/19 29.40 29.40 29.10 29.20 
2016/10/20 29.45 29.50 29.10 29.20 
2016/10/21 29.20 29.40 29.20 29.35 
2016/10/24 29.35 29.70 29.15 29.15 
2016/10/25 29.50 29.60 29.20 29.35 
2016/10/26 29.50 29.55 29.20 29.50 
2016/10/27 29.50 29.75 29.30 29.30 
2016/10/28 29.60 29.75 29.35 29.40 
2016/10/31 29.40 29.45 29.15 29.15 
2016/11/01 29.50 29.50 29.20 29.20 
2016/11/02 29.20 29.20 28.80 28.80 
2016/11/03 28.80 28.80 27.80 28.55 
2016/11/04 28.55 28.60 28.15 28.25 
2016/11/07 28.35 28.60 28.15 28.40 
2016/11/08 28.40 28.45 27.80 28.45 
2016/11/09 28.45 28.45 27.20 27.20 
2016/11/10 27.50 28.15 27.50 28.15 
2016/11/11 27.40 28.10 27.40 28.10 
2016/11/14 27.50 28.20 27.35 27.85 
2016/11/15 27.85 27.85 27.45 27.50 
2016/11/16 27.90 27.90 27.45 27.55 
2016/11/17 27.55 27.55 27.30 27.55 
2016/11/18 27.50 27.50 27.20 27.20 
2016/11/21 27.30 28.40 27.30 27.60 
2016/11/22 28.00 28.80 27.85 28.45 
2016/11/23 28.45 28.45 28.00 28.00 
2016/11/24 28.00 28.30 27.80 27.80 
2016/11/25 27.80 27.90 27.35 27.40 
2016/11/28 27.40 27.70 27.10 27.10 
2016/11/29 27.10 27.50 27.10 27.20 
2016/11/30 27.25 27.30 27.00 27.20 
2016/12/01 27.30 28.10 27.30 27.75 
2016/12/02 28.05 28.10 27.50 27.50 
2016/12/05 27.50 27.95 27.50 27.50 
2016/12/06 27.60 27.85 27.30 27.30 
2016/12/07 27.20 27.75 27.20 27.45 
2016/12/08 27.45 27.70 27.30 27.30 
2016/12/09 27.30 27.55 27.30 27.30 
2016/12/12 27.50 27.50 27.20 27.20 
2016/12/13 27.50 27.80 27.25 27.35 
2016/12/14 27.75 27.75 27.40 27.45 
2016/12/15 27.45 27.80 27.30 27.35 
2016/12/16 27.40 27.80 27.40 27.80 
2016/12/19 28.00 28.30 27.65 27.65 
2016/12/20 27.65 29.10 27.60 29.00 
2016/12/21 31.60 31.90 30.50 30.60 
2016/12/22 31.35 31.35 30.65 30.75 
2016/12/23 31.20 31.35 30.75 30.75 
2016/12/26 31.00 31.25 30.75 31.10 
2016/12/27 31.30 31.30 30.75 30.75 
2016/12/28 30.90 31.05 30.80 30.85 
2016/12/29 31.30 33.55 31.20 32.25 
2016/12/30 33.30 34.10 32.80 33.35 
2017/01/03 34.00 36.20 34.00 36.20 
2017/01/04 36.20 36.80 35.50 36.75 
2017/01/05 36.05 37.00 35.60 36.25 
2017/01/06 36.90 39.50 35.65 36.70 
2017/01/09 35.90 37.00 35.60 37.00 
2017/01/10 37.15 38.95 37.05 38.65 
2017/01/11 38.60 39.45 37.85 38.40 
2017/01/12 35.50 37.45 35.50 37.00 
2017/01/13 37.00 37.20 36.40 36.50 
2017/01/16 36.90 36.95 36.15 36.20 
2017/01/17 36.25 38.95 35.70 38.50 
2017/01/18 37.90 38.25 37.30 38.00 
2017/01/19 38.60 39.50 37.00 37.30 
2017/01/20 37.30 38.45 37.30 38.30 
2017/01/23 39.00 41.30 38.60 40.80 
2017/01/24 41.00 42.00 40.35 41.00 
2017/02/02 41.30 42.30 41.30 41.45 
2017/02/03 42.00 42.00 40.80 41.10 
2017/02/06 41.50 41.80 41.05 41.55 
2017/02/07 41.90 44.60 41.35 44.60 
2017/02/08 46.00 46.80 44.60 44.85 
