2016/07/01 72.00 72.30 70.00 72.00 
2016/07/04 70.50 71.50 70.30 71.50 
2016/07/05 71.20 71.30 70.40 71.20 
2016/07/06 70.50 71.30 70.50 71.00 
2016/07/07 71.40 71.70 70.20 71.10 
2016/07/11 70.90 70.90 70.20 70.80 
2016/07/12 70.00 71.00 69.70 70.70 
2016/07/13 70.60 70.70 70.60 70.70 
2016/07/14 69.40 70.40 69.30 70.40 
2016/07/15 70.50 70.60 70.00 70.00 
2016/07/18 70.00 70.30 69.50 70.30 
2016/07/19 69.70 70.30 69.50 70.30 
2016/07/20 70.00 70.10 70.00 70.10 
2016/07/21 69.80 70.40 69.70 70.40 
2016/07/22 70.30 70.40 70.30 70.40 
2016/07/25 70.40 70.40 70.20 70.20 
2016/07/26 70.20 70.20 69.30 69.90 
2016/07/27 69.90 70.20 68.30 68.30 
2016/07/28 69.70 69.70 69.30 69.70 
2016/07/29 69.60 70.00 69.30 70.00 
2016/08/01 69.50 69.50 68.60 68.60 
2016/08/02 69.20 70.00 68.60 69.60 
2016/08/03 69.50 69.50 68.90 69.00 
2016/08/04 68.10 68.20 68.10 68.20 
2016/08/05 67.70 67.70 67.60 67.70 
2016/08/08 66.30 69.70 66.00 69.70 
2016/08/09 69.00 69.70 67.10 69.70 
2016/08/10 68.70 70.00 68.20 70.00 
2016/08/11 69.00 70.00 67.90 69.70 
2016/08/12 68.50 69.60 67.70 69.60 
2016/08/15 69.70 69.80 68.40 69.60 
2016/08/16 69.70 69.70 69.70 69.70 
2016/08/17 68.50 69.30 67.80 68.20 
2016/08/18 68.20 68.90 68.20 68.90 
2016/08/19 68.60 69.00 67.60 68.80 
2016/08/22 68.70 68.80 66.50 68.80 
2016/08/23 69.00 69.00 67.40 68.70 
2016/08/24 68.70 68.90 67.10 68.70 
2016/08/25 67.30 67.30 66.00 66.80 
2016/08/26 66.80 66.80 66.80 66.80 
2016/08/29 66.00 67.20 66.00 66.10 
2016/08/30 67.70 67.70 67.70 67.70 
2016/08/31 67.60 67.70 66.30 67.70 
2016/09/01 68.00 68.00 68.00 68.00 
2016/09/02 66.80 66.80 66.20 66.50 
2016/09/05 67.20 67.20 65.30 66.80 
2016/09/06 65.70 66.80 65.70 66.80 
2016/09/07 66.80 66.80 66.80 66.80 
2016/09/08 65.50 66.00 65.40 65.90 
2016/09/09 65.90 66.00 65.50 65.90 
2016/09/10 66.00 67.80 65.90 65.90 
2016/09/12 66.40 66.40 65.00 65.60 
2016/09/13 65.00 65.00 65.00 65.00 
2016/09/14 65.40 65.70 65.40 65.70 
2016/09/19 66.30 66.40 64.80 64.80 
2016/09/20 65.00 65.90 65.00 65.90 
2016/09/21 65.50 65.60 64.80 64.80 
2016/09/22 64.20 65.20 64.10 65.20 
2016/09/23 65.30 65.30 64.00 64.00 
2016/09/26 64.50 64.50 63.50 63.50 
2016/09/29 64.30 65.50 64.00 64.80 
2016/09/30 64.70 65.00 64.70 65.00 
2016/10/03 65.80 66.00 65.80 66.00 
2016/10/04 65.70 66.50 65.70 66.30 
2016/10/05 66.20 66.30 64.80 66.10 
2016/10/06 66.00 66.10 65.90 66.10 
2016/10/07 66.00 66.10 64.90 64.90 
2016/10/11 65.80 65.90 65.80 65.90 
2016/10/12 65.60 65.60 65.60 65.60 
2016/10/13 64.50 64.50 64.50 64.50 
2016/10/14 64.30 64.30 64.30 64.30 
2016/10/18 64.50 64.50 62.00 62.00 
2016/10/19 61.60 63.50 60.00 62.00 
2016/10/20 60.70 62.00 60.50 62.00 
2016/10/21 64.80 65.50 63.00 65.50 
2016/10/24 65.50 66.50 65.50 66.30 
2016/10/25 66.30 68.50 66.30 68.20 
2016/10/26 68.90 69.00 68.90 69.00 
2016/10/28 68.00 68.80 68.00 68.00 
2016/10/31 68.00 68.80 68.00 68.80 
2016/11/01 68.00 68.00 65.00 67.00 
2016/11/02 66.50 66.50 64.00 65.00 
2016/11/03 65.90 66.00 64.00 65.50 
2016/11/04 64.00 64.80 63.00 63.10 
2016/11/07 64.90 65.50 64.90 65.50 
2016/11/08 66.50 66.80 64.00 65.90 
2016/11/09 65.90 66.00 65.90 66.00 
2016/11/10 66.70 67.00 66.30 66.30 
2016/11/11 66.00 66.30 64.00 64.50 
2016/11/14 65.00 65.00 64.50 64.50 
2016/11/15 64.30 65.00 63.40 65.00 
2016/11/16 65.50 65.50 63.10 65.50 
2016/11/17 65.50 65.50 62.50 62.80 
2016/11/18 63.10 63.10 62.10 62.10 
2016/11/21 63.80 64.30 62.30 64.30 
2016/11/22 65.00 65.50 64.50 64.50 
2016/11/23 65.00 66.00 64.00 65.50 
2016/11/24 65.50 65.60 63.90 65.00 
2016/11/25 65.00 65.00 65.00 65.00 
2016/11/28 64.50 65.40 64.50 65.40 
2016/11/29 65.00 65.50 65.00 65.50 
2016/11/30 65.00 67.60 65.00 67.60 
2016/12/01 67.00 67.50 65.20 67.40 
2016/12/02 67.40 67.50 65.30 66.60 
2016/12/05 66.60 66.90 65.00 66.50 
2016/12/06 66.50 66.80 65.30 66.60 
2016/12/07 66.50 66.80 66.50 66.70 
2016/12/08 66.70 67.00 66.50 66.80 
2016/12/09 66.90 67.00 65.60 66.30 
2016/12/12 66.90 66.90 65.50 66.30 
2016/12/13 66.90 66.90 62.60 64.60 
2016/12/14 65.00 65.00 64.00 65.00 
2016/12/15 64.90 65.00 63.00 64.80 
2016/12/16 65.10 66.00 65.10 66.00 
2016/12/19 66.50 66.50 65.00 66.00 
2016/12/20 66.40 66.50 66.40 66.50 
2016/12/21 64.10 65.80 64.10 65.80 
2016/12/22 66.20 66.20 64.30 65.40 
2016/12/23 63.50 65.00 63.30 63.30 
2016/12/26 64.00 65.00 64.00 65.00 
2016/12/27 65.00 65.10 65.00 65.00 
2016/12/28 65.00 65.10 63.50 63.70 
2016/12/29 64.40 65.00 64.40 65.00 
2016/12/30 65.10 65.20 65.10 65.20 
2017/01/03 63.60 64.30 63.40 64.30 
2017/01/04 63.10 64.00 62.70 64.00 
2017/01/05 64.10 64.10 63.00 64.00 
2017/01/06 63.90 63.90 63.90 63.90 
2017/01/09 63.10 63.10 62.50 63.00 
2017/01/10 62.10 62.10 61.00 61.40 
2017/01/11 62.50 62.50 59.00 61.90 
2017/01/12 62.90 62.90 61.00 62.50 
2017/01/13 62.40 62.50 61.50 61.80 
2017/01/16 63.10 64.30 62.50 63.30 
2017/01/17 63.30 63.80 61.80 63.50 
2017/01/18 63.50 63.50 63.40 63.50 
2017/01/19 63.50 63.50 63.50 63.50 
2017/01/20 63.00 64.80 62.00 64.80 
2017/01/23 64.80 65.00 64.80 65.00 
2017/01/24 64.40 65.00 62.90 65.00 
2017/02/02 64.80 65.30 63.60 63.80 
2017/02/03 64.20 64.50 63.80 63.80 
2017/02/06 64.50 64.90 63.30 64.60 
2017/02/07 64.80 64.80 64.40 64.50 
2017/02/08 64.50 64.50 64.50 64.50 
