2016/07/01 70.50 70.90 69.50 69.70 
2016/07/04 69.70 70.20 69.20 69.80 
2016/07/05 69.90 70.10 69.00 69.00 
2016/07/06 68.90 68.90 67.80 67.80 
2016/07/07 68.00 68.80 68.00 68.50 
2016/07/11 69.10 69.50 68.70 69.00 
2016/07/12 69.80 74.30 69.60 73.80 
2016/07/13 74.60 76.40 73.50 73.50 
2016/07/14 74.00 74.50 73.10 73.50 
2016/07/15 74.30 75.80 74.10 74.90 
2016/07/18 78.00 78.40 76.00 76.10 
2016/07/19 76.10 76.50 74.80 75.30 
2016/07/20 76.00 78.00 75.50 76.40 
2016/07/21 78.20 78.20 76.00 76.40 
2016/07/22 76.40 76.40 75.00 75.20 
2016/07/25 76.00 76.50 74.20 74.30 
2016/07/26 74.60 75.10 74.40 75.10 
2016/07/27 75.20 77.00 74.90 75.00 
2016/07/28 75.50 75.90 74.70 75.00 
2016/07/29 75.10 75.40 73.50 74.20 
2016/08/01 74.50 74.90 73.70 74.40 
2016/08/02 74.90 75.90 74.40 75.20 
2016/08/03 75.20 75.40 74.50 75.20 
2016/08/04 75.50 77.60 75.30 77.40 
2016/08/05 76.90 77.20 75.50 77.20 
2016/08/08 80.00 81.50 80.00 80.00 
2016/08/09 80.90 81.00 77.00 77.20 
2016/08/10 77.20 78.30 75.70 76.10 
2016/08/11 76.00 76.90 75.20 76.10 
2016/08/12 76.60 76.80 75.20 75.20 
2016/08/15 75.00 76.00 74.50 76.00 
2016/08/16 77.20 77.60 76.30 76.40 
2016/08/17 76.60 76.80 74.80 75.10 
2016/08/18 75.50 76.00 75.10 75.30 
2016/08/19 75.80 75.90 75.10 75.50 
2016/08/22 76.00 76.00 74.60 74.70 
2016/08/23 74.70 75.00 74.20 74.30 
2016/08/24 74.30 74.30 73.20 73.40 
2016/08/25 71.10 71.90 71.00 71.00 
2016/08/26 71.10 71.50 70.80 71.00 
2016/08/29 72.20 72.90 71.30 72.30 
2016/08/30 73.00 73.00 71.70 71.80 
2016/08/31 71.90 72.40 71.40 71.70 
2016/09/01 71.80 72.50 71.80 72.00 
2016/09/02 72.40 72.50 69.30 69.50 
2016/09/05 70.00 70.50 69.70 70.30 
2016/09/06 70.50 70.90 70.40 70.90 
2016/09/07 71.70 72.40 71.30 71.80 
2016/09/08 72.40 72.50 71.90 72.10 
2016/09/09 72.00 72.00 71.30 71.50 
2016/09/10 70.40 70.70 70.30 70.50 
2016/09/12 71.00 71.20 69.30 69.60 
2016/09/13 70.00 70.30 69.50 69.60 
2016/09/14 69.50 69.70 68.00 68.20 
2016/09/19 69.00 69.40 68.70 69.30 
2016/09/20 69.30 69.90 69.10 69.20 
2016/09/21 69.20 71.50 69.20 71.50 
2016/09/22 72.20 72.70 70.80 70.80 
2016/09/23 71.60 71.60 70.60 70.80 
2016/09/26 71.00 71.00 69.30 69.30 
2016/09/29 70.90 71.00 69.50 69.60 
2016/09/30 69.60 70.40 69.50 69.80 
2016/10/03 70.30 70.50 69.60 69.80 
2016/10/04 70.30 71.40 69.80 71.40 
2016/10/05 71.90 72.00 71.00 71.80 
2016/10/06 72.00 72.20 71.20 71.50 
2016/10/07 71.50 71.90 70.70 70.80 
2016/10/11 70.90 71.30 68.10 69.10 
2016/10/12 68.80 69.30 68.60 68.90 
2016/10/13 68.90 69.10 67.50 67.60 
2016/10/14 67.50 68.10 67.00 67.20 
2016/10/17 67.90 68.50 67.50 68.00 
2016/10/18 68.10 69.10 67.90 68.20 
2016/10/19 68.70 69.90 68.20 69.60 
2016/10/20 70.00 70.50 69.50 69.60 
2016/10/21 69.80 70.10 68.80 69.60 
2016/10/24 70.00 70.10 69.30 69.60 
2016/10/25 69.60 70.10 69.50 69.50 
2016/10/26 69.50 69.90 69.00 69.20 
2016/10/27 69.80 70.40 69.30 69.70 
2016/10/28 69.90 69.90 69.10 69.20 
2016/10/31 69.00 69.00 67.60 68.40 
2016/11/01 68.40 69.10 68.20 68.80 
2016/11/02 68.50 68.60 67.00 67.20 
2016/11/03 67.00 67.50 66.50 66.60 
2016/11/04 65.60 66.00 64.60 65.80 
2016/11/07 67.00 68.50 66.50 67.20 
2016/11/08 67.50 67.80 66.50 67.30 
2016/11/09 67.30 67.60 63.80 65.00 
2016/11/10 66.50 67.30 66.00 67.20 
2016/11/11 66.50 66.50 64.60 65.30 
2016/11/14 63.80 63.80 60.50 62.50 
2016/11/15 62.00 62.70 61.50 62.50 
2016/11/16 63.00 63.90 62.00 62.20 
2016/11/17 62.00 62.00 61.20 61.80 
2016/11/18 62.00 62.80 61.90 62.80 
2016/11/21 63.00 63.50 62.80 63.10 
2016/11/22 63.40 64.40 63.40 64.00 
2016/11/23 64.20 64.60 63.70 64.10 
2016/11/24 63.60 64.10 63.30 63.40 
2016/11/25 63.60 66.00 63.60 65.50 
2016/11/28 66.00 66.40 64.70 64.80 
2016/11/29 65.00 65.50 64.00 64.50 
2016/11/30 64.70 65.20 64.00 64.20 
2016/12/01 64.00 65.00 64.00 64.70 
2016/12/02 64.50 64.50 63.80 63.80 
2016/12/05 63.90 64.20 63.80 63.90 
2016/12/06 64.70 65.30 64.20 64.30 
2016/12/07 64.60 65.10 64.20 64.40 
2016/12/08 65.00 66.70 64.70 65.60 
2016/12/09 65.60 65.80 65.10 65.10 
2016/12/12 65.50 65.80 64.30 64.30 
2016/12/13 64.40 64.60 64.30 64.60 
2016/12/14 65.00 66.20 64.50 66.00 
2016/12/15 65.70 67.50 65.10 67.40 
2016/12/16 67.60 67.60 66.20 66.80 
2016/12/19 66.80 67.30 66.00 67.10 
2016/12/20 67.30 68.10 66.90 66.90 
2016/12/21 67.40 67.40 66.10 66.30 
2016/12/22 66.40 66.70 66.00 66.00 
2016/12/23 65.60 66.40 65.50 65.70 
2016/12/26 66.90 66.90 66.00 66.60 
2016/12/27 66.60 66.80 66.10 66.10 
2016/12/28 66.40 67.20 66.20 66.90 
2016/12/29 67.20 67.80 66.80 66.80 
2016/12/30 67.50 67.60 66.70 67.00 
2017/01/03 67.00 67.70 66.90 67.70 
2017/01/04 68.60 70.20 68.10 68.20 
2017/01/05 68.20 68.50 67.50 68.10 
2017/01/06 68.00 68.30 67.60 67.70 
2017/01/09 68.00 68.20 67.10 67.10 
2017/01/10 67.60 67.70 67.10 67.60 
2017/01/11 68.10 68.20 67.20 67.30 
2017/01/12 67.80 68.30 67.30 68.30 
2017/01/13 69.30 70.50 68.20 68.60 
2017/01/16 68.60 68.90 68.00 68.30 
2017/01/17 68.30 68.80 68.10 68.30 
2017/01/18 68.10 69.00 68.10 69.00 
2017/01/19 69.90 69.90 68.80 68.80 
2017/01/20 69.00 69.80 69.00 69.20 
2017/01/23 69.50 70.10 69.00 69.20 
2017/01/24 69.30 69.80 69.00 69.20 
2017/02/02 69.80 71.80 69.00 71.00 
2017/02/03 71.60 73.40 71.40 72.00 
2017/02/06 72.50 72.90 71.90 72.50 
2017/02/07 72.60 72.90 72.00 72.30 
2017/02/08 72.90 72.90 72.10 72.10 
