2016/07/01 16.25 16.25 15.90 16.20 
2016/07/04 17.15 17.15 16.20 16.20 
2016/07/05 16.20 16.20 15.90 15.90 
2016/07/06 15.90 15.90 15.85 15.90 
2016/07/07 15.90 16.20 15.90 16.20 
2016/07/11 16.20 16.20 15.85 16.05 
2016/07/12 16.00 16.00 15.50 15.60 
2016/07/13 16.15 16.70 15.70 15.70 
2016/07/14 16.20 17.25 16.20 17.25 
2016/07/15 17.25 17.25 16.70 16.70 
2016/07/18 16.35 18.00 16.30 18.00 
2016/07/19 17.80 18.50 17.50 18.00 
2016/07/20 18.20 18.20 17.30 18.20 
2016/07/21 18.15 18.40 17.75 17.85 
2016/07/22 17.90 18.60 17.60 18.10 
2016/07/25 18.50 18.80 17.85 18.35 
2016/07/26 18.30 18.55 17.80 17.80 
2016/07/27 17.90 17.90 17.60 17.65 
2016/07/28 17.65 18.20 17.65 17.80 
2016/07/29 17.90 18.05 17.85 18.05 
2016/08/01 18.00 18.10 17.80 17.95 
2016/08/02 17.45 17.90 17.30 17.80 
2016/08/03 17.40 17.60 17.10 17.40 
2016/08/04 17.20 17.40 17.00 17.40 
2016/08/05 17.60 18.00 17.60 17.75 
2016/08/08 17.45 17.70 17.45 17.70 
2016/08/09 17.55 17.55 17.55 17.55 
2016/08/10 17.05 17.60 17.05 17.60 
2016/08/11 17.55 17.55 17.25 17.25 
2016/08/12 17.80 17.80 17.35 17.35 
2016/08/15 17.15 17.30 17.15 17.20 
2016/08/16 17.20 17.20 17.10 17.10 
2016/08/17 17.10 17.10 17.10 17.10 
2016/08/18 17.95 17.95 17.20 17.20 
2016/08/19 17.10 17.10 17.10 17.10 
2016/08/22 17.10 17.10 16.90 16.90 
2016/08/23 17.00 17.10 17.00 17.10 
2016/08/25 17.75 17.75 17.00 17.00 
2016/08/26 16.90 17.00 16.90 17.00 
2016/08/29 16.95 17.00 16.95 17.00 
2016/08/30 16.50 17.00 16.50 17.00 
2016/08/31 17.00 17.00 17.00 17.00 
2016/09/01 16.10 16.80 16.10 16.60 
2016/09/02 18.25 18.25 18.10 18.25 
2016/09/05 17.30 20.05 17.05 20.05 
2016/09/06 20.20 21.00 19.35 19.40 
2016/09/07 19.60 19.95 19.10 19.45 
2016/09/08 19.45 19.45 19.10 19.15 
2016/09/09 19.00 19.95 19.00 19.60 
2016/09/10 19.00 19.50 19.00 19.30 
2016/09/12 18.20 20.05 18.20 19.30 
2016/09/13 19.35 19.50 19.00 19.30 
2016/09/14 19.10 19.45 18.85 19.45 
2016/09/19 19.45 19.50 19.10 19.10 
2016/09/20 19.10 19.10 18.80 18.80 
2016/09/21 18.80 18.80 18.80 18.80 
2016/09/22 18.85 19.00 18.80 18.80 
2016/09/23 18.80 18.80 18.70 18.70 
2016/09/26 19.00 19.70 18.90 19.70 
2016/09/29 20.70 20.90 20.10 20.50 
2016/09/30 20.50 20.50 19.90 19.90 
2016/10/03 19.95 20.05 19.90 19.90 
2016/10/04 20.20 20.80 19.55 19.60 
2016/10/05 19.60 19.60 18.90 19.00 
2016/10/06 18.60 19.00 18.50 18.65 
2016/10/07 18.50 18.80 18.50 18.50 
2016/10/11 18.60 18.60 18.05 18.10 
2016/10/12 18.00 18.00 17.80 17.90 
2016/10/13 17.90 17.95 17.90 17.90 
2016/10/14 17.50 17.55 17.05 17.05 
2016/10/17 17.05 17.80 16.90 17.80 
2016/10/18 17.80 17.80 17.25 17.30 
2016/10/19 17.00 17.45 16.70 17.30 
2016/10/20 17.00 17.10 16.90 17.00 
2016/10/21 17.00 17.00 17.00 17.00 
2016/10/24 17.00 17.00 16.80 17.00 
2016/10/25 17.20 17.20 17.00 17.00 
2016/10/26 17.30 17.65 17.10 17.65 
2016/10/27 17.30 17.30 17.10 17.15 
2016/10/28 17.15 17.15 16.80 16.80 
2016/10/31 16.80 16.80 16.80 16.80 
2016/11/01 16.80 16.85 16.80 16.80 
2016/11/02 16.80 16.80 16.20 16.25 
2016/11/03 16.00 16.00 15.85 16.00 
2016/11/04 15.95 16.00 15.95 16.00 
2016/11/07 16.10 16.10 15.70 15.70 
2016/11/08 15.40 16.00 15.40 15.70 
2016/11/09 15.70 15.70 15.15 15.15 
2016/11/10 16.40 16.40 15.25 15.50 
2016/11/11 15.25 15.55 15.25 15.50 
2016/11/14 14.80 16.15 14.80 16.15 
2016/11/15 16.30 16.30 15.50 15.50 
2016/11/16 15.70 16.05 15.50 15.65 
2016/11/17 15.70 16.35 15.60 15.60 
2016/11/18 15.60 16.10 15.10 16.10 
2016/11/21 15.50 15.50 15.30 15.35 
2016/11/22 15.35 15.55 15.20 15.55 
2016/11/23 15.30 15.35 14.80 15.35 
2016/11/24 15.35 15.35 14.95 14.95 
2016/11/25 15.60 15.60 14.95 14.95 
2016/11/28 15.70 15.70 14.80 15.25 
2016/11/29 15.20 15.50 15.00 15.50 
2016/11/30 15.50 15.60 14.90 15.00 
2016/12/01 15.00 15.40 14.85 15.00 
2016/12/02 14.95 15.25 14.90 15.25 
2016/12/05 15.00 15.00 14.75 14.95 
2016/12/06 15.50 15.50 15.35 15.35 
2016/12/07 15.35 15.35 15.30 15.30 
2016/12/08 14.85 15.25 14.85 14.90 
2016/12/09 14.90 14.95 14.70 14.70 
2016/12/12 14.70 14.80 14.70 14.80 
2016/12/13 14.80 15.10 14.80 15.05 
2016/12/14 14.80 14.95 14.75 14.95 
2016/12/15 14.70 15.00 14.70 15.00 
2016/12/16 15.00 15.00 14.85 15.00 
2016/12/19 15.10 15.20 15.10 15.10 
2016/12/20 15.00 15.00 15.00 15.00 
2016/12/21 15.10 15.20 15.10 15.10 
2016/12/22 15.10 15.10 14.85 15.10 
2016/12/23 15.10 15.30 14.85 15.10 
2016/12/26 14.80 15.00 14.80 15.00 
2016/12/27 14.70 15.20 14.70 15.20 
2016/12/28 15.05 15.10 14.85 15.05 
2016/12/29 14.85 14.85 14.85 14.85 
2016/12/30 14.85 15.05 14.85 14.90 
2017/01/03 15.00 15.15 14.85 14.85 
2017/01/04 15.00 15.15 15.00 15.15 
2017/01/05 15.10 15.10 14.85 15.10 
2017/01/06 14.80 15.00 14.80 15.00 
2017/01/09 15.00 15.00 14.60 14.60 
2017/01/10 14.70 14.70 14.65 14.65 
2017/01/11 14.95 14.95 14.60 14.70 
2017/01/12 14.70 14.70 14.60 14.60 
2017/01/13 14.60 14.90 14.60 14.80 
2017/01/16 14.65 14.65 14.50 14.50 
2017/01/17 14.40 14.50 14.20 14.20 
2017/01/18 14.30 15.50 14.30 15.00 
2017/01/19 15.10 15.10 14.80 14.80 
2017/01/20 14.70 14.95 14.50 14.70 
2017/01/23 14.70 14.90 14.50 14.60 
2017/01/24 14.50 14.85 14.50 14.70 
2017/02/02 14.70 14.80 14.70 14.70 
2017/02/03 14.90 15.40 14.90 15.20 
2017/02/06 15.20 15.40 15.10 15.25 
2017/02/07 15.35 16.75 15.35 16.75 
2017/02/08 17.40 17.40 16.45 16.75 
