2016/07/01 14.75 14.80 14.60 14.60 
2016/07/04 14.60 15.20 14.60 15.10 
2016/07/05 15.00 15.15 14.90 15.00 
2016/07/06 15.00 15.00 14.65 14.70 
2016/07/07 14.90 14.90 14.70 14.85 
2016/07/11 14.95 15.20 14.80 14.90 
2016/07/12 15.00 15.00 14.85 14.85 
2016/07/13 14.85 15.10 14.60 14.70 
2016/07/14 14.70 16.15 14.70 16.15 
2016/07/15 16.30 16.40 15.75 16.00 
2016/07/18 15.85 15.85 15.50 15.55 
2016/07/19 15.55 15.75 15.40 15.40 
2016/07/20 15.45 15.50 15.35 15.40 
2016/07/21 15.35 15.70 15.35 15.60 
2016/07/22 15.65 15.95 15.40 15.70 
2016/07/25 15.80 15.80 15.40 15.40 
2016/07/26 15.40 15.45 15.20 15.40 
2016/07/27 15.35 15.40 15.15 15.20 
2016/07/28 15.20 16.10 15.20 15.25 
2016/07/29 15.40 15.50 15.20 15.40 
2016/08/01 15.25 15.40 15.20 15.40 
2016/08/02 15.30 15.30 15.10 15.15 
2016/08/03 15.10 15.35 15.10 15.20 
2016/08/04 15.30 15.30 15.15 15.15 
2016/08/05 15.15 15.15 14.90 15.05 
2016/08/08 14.90 15.00 14.65 14.65 
2016/08/09 14.60 15.00 14.60 14.75 
2016/08/10 14.80 15.10 14.65 14.85 
2016/08/11 14.70 14.80 14.45 14.50 
2016/08/12 14.50 14.55 14.30 14.30 
2016/08/15 14.10 14.10 13.65 13.70 
2016/08/16 13.50 13.55 13.40 13.55 
2016/08/17 13.35 13.35 12.80 13.05 
2016/08/18 13.05 13.30 13.00 13.20 
2016/08/19 13.15 13.20 13.00 13.00 
2016/08/22 13.00 13.00 12.15 12.30 
2016/08/23 12.40 13.20 12.30 12.90 
2016/08/24 12.85 12.85 12.65 12.65 
2016/08/25 12.50 13.15 12.50 12.90 
2016/08/26 12.90 13.25 12.90 13.00 
2016/08/29 12.90 13.05 12.85 12.90 
2016/08/30 12.90 13.10 12.80 12.80 
2016/08/31 12.85 13.00 12.70 12.75 
2016/09/01 12.95 12.95 12.65 12.70 
2016/09/02 12.55 12.65 12.45 12.45 
2016/09/05 12.45 12.90 12.45 12.75 
2016/09/06 12.60 12.60 12.50 12.60 
2016/09/07 12.60 12.60 12.40 12.40 
2016/09/08 12.40 12.60 12.25 12.60 
2016/09/09 12.60 13.00 12.60 12.75 
2016/09/10 12.60 12.80 12.45 12.60 
2016/09/12 12.50 12.60 12.40 12.60 
2016/09/13 12.60 12.60 11.95 12.50 
2016/09/14 12.50 12.50 11.90 12.40 
2016/09/19 12.15 12.30 12.05 12.30 
2016/09/20 12.10 12.15 12.00 12.10 
2016/09/21 12.10 12.45 12.10 12.40 
2016/09/22 12.25 12.25 12.05 12.05 
2016/09/23 12.05 12.15 12.05 12.05 
2016/09/26 12.00 12.00 11.90 11.90 
2016/09/29 11.80 12.00 11.80 12.00 
2016/09/30 11.80 12.00 11.75 12.00 
2016/10/03 11.80 12.05 11.80 11.90 
2016/10/04 11.85 11.95 11.80 11.90 
2016/10/05 11.90 13.05 11.90 13.05 
2016/10/06 13.40 13.70 13.10 13.60 
2016/10/07 13.50 13.50 12.80 12.85 
2016/10/11 12.70 12.70 12.00 12.25 
2016/10/12 12.20 12.35 12.10 12.25 
2016/10/13 12.20 12.25 12.05 12.10 
2016/10/14 12.10 12.30 12.00 12.00 
2016/10/17 12.00 12.05 11.85 11.90 
2016/10/18 11.95 12.20 11.90 11.90 
2016/10/19 11.90 12.00 11.90 11.90 
2016/10/20 11.80 11.95 11.80 11.95 
2016/10/21 11.90 13.05 11.90 12.50 
2016/10/24 12.75 12.75 12.25 12.35 
2016/10/25 12.35 12.50 12.30 12.35 
2016/10/26 12.35 12.75 12.35 12.70 
2016/10/27 12.65 12.65 12.35 12.50 
2016/10/28 12.50 12.50 12.30 12.35 
2016/10/31 12.15 12.30 12.00 12.30 
2016/11/01 12.15 12.65 12.15 12.45 
2016/11/02 12.45 12.60 12.45 12.50 
2016/11/03 12.55 12.55 12.25 12.30 
2016/11/04 12.25 12.25 12.05 12.20 
2016/11/07 12.05 12.10 12.00 12.10 
2016/11/08 12.10 12.10 12.00 12.05 
2016/11/09 11.95 11.95 11.30 11.30 
2016/11/10 11.55 11.80 11.55 11.80 
2016/11/11 11.80 11.80 11.50 11.55 
2016/11/14 11.45 11.95 11.45 11.60 
2016/11/15 11.70 11.90 11.65 11.80 
2016/11/16 11.15 11.80 11.15 11.80 
2016/11/17 11.50 11.70 11.50 11.55 
2016/11/18 11.60 11.90 11.60 11.85 
2016/11/21 11.85 11.85 11.60 11.80 
2016/11/22 11.80 11.80 11.65 11.70 
2016/11/23 11.55 11.80 11.55 11.60 
2016/11/24 11.60 11.70 11.55 11.65 
2016/11/25 11.50 11.60 11.45 11.55 
2016/11/28 11.60 11.85 11.60 11.60 
2016/11/29 11.60 12.10 11.60 12.10 
2016/11/30 12.30 12.30 11.95 11.95 
2016/12/01 12.05 12.10 11.80 11.80 
2016/12/02 11.60 11.80 11.60 11.75 
2016/12/05 11.75 11.80 11.70 11.70 
2016/12/06 11.70 11.70 11.60 11.65 
2016/12/07 11.65 11.65 11.45 11.60 
2016/12/08 11.60 11.65 11.50 11.55 
2016/12/09 11.55 11.60 11.50 11.50 
2016/12/12 11.50 11.65 11.50 11.65 
2016/12/13 11.55 11.55 11.50 11.50 
2016/12/14 11.50 11.50 11.25 11.50 
2016/12/15 11.40 11.40 11.30 11.40 
2016/12/16 11.35 11.80 11.35 11.65 
2016/12/19 11.65 11.75 11.50 11.55 
2016/12/20 11.55 11.55 11.45 11.50 
2016/12/21 11.55 11.75 11.50 11.50 
2016/12/22 11.20 11.55 11.20 11.50 
2016/12/23 11.30 11.30 11.25 11.25 
2016/12/26 11.30 11.60 11.25 11.55 
2016/12/27 11.50 11.50 11.40 11.50 
2016/12/28 11.30 11.40 11.30 11.30 
2016/12/29 11.30 11.30 11.30 11.30 
2016/12/30 11.30 11.40 11.20 11.25 
2017/01/03 11.30 11.50 11.30 11.45 
2017/01/04 11.65 11.65 11.40 11.45 
2017/01/05 11.30 11.45 11.30 11.40 
2017/01/06 11.50 11.55 11.35 11.50 
2017/01/09 11.55 12.00 11.55 11.60 
2017/01/10 11.85 11.85 11.45 11.50 
2017/01/11 11.40 11.50 11.30 11.30 
2017/01/12 11.40 11.60 11.40 11.40 
2017/01/13 11.40 11.45 11.40 11.40 
2017/01/16 11.40 11.40 11.20 11.25 
2017/01/17 11.25 11.25 11.15 11.15 
2017/01/18 11.00 11.20 11.00 11.15 
2017/01/19 11.00 11.20 10.95 11.00 
2017/01/20 10.90 10.90 10.55 10.65 
2017/01/23 10.70 10.70 10.25 10.50 
2017/01/24 10.30 10.35 10.05 10.05 
2017/02/02 10.20 10.30 9.74 9.86 
2017/02/03 9.86 10.05 9.85 9.95 
2017/02/06 10.00 10.90 10.00 10.90 
2017/02/07 11.95 11.95 11.40 11.95 
2017/02/08 12.20 12.50 11.55 11.60 
