2016/07/01 5.29 5.77 5.25 5.50 
2016/07/04 5.50 5.84 5.38 5.70 
2016/07/05 5.66 5.66 5.51 5.60 
2016/07/06 5.48 5.58 5.40 5.42 
2016/07/07 5.42 5.78 5.42 5.59 
2016/07/11 5.59 6.08 5.59 5.73 
2016/07/12 5.71 5.71 5.48 5.51 
2016/07/13 5.52 5.68 5.40 5.60 
2016/07/14 5.59 5.65 5.41 5.62 
2016/07/15 5.50 5.63 5.45 5.54 
2016/07/18 5.46 5.78 5.36 5.38 
2016/07/19 5.39 5.47 5.33 5.47 
2016/07/20 5.42 5.75 5.35 5.75 
2016/07/21 5.75 5.96 5.59 5.59 
2016/07/22 5.64 5.81 5.59 5.79 
2016/07/25 5.78 5.81 5.56 5.76 
2016/07/26 5.65 5.69 5.60 5.69 
2016/07/27 5.69 5.69 5.62 5.69 
2016/07/28 5.69 5.72 5.65 5.69 
2016/07/29 5.69 5.69 5.61 5.65 
2016/08/01 5.71 5.74 5.62 5.74 
2016/08/02 5.75 5.94 5.70 5.82 
2016/08/03 5.82 5.84 5.70 5.71 
2016/08/04 5.75 5.82 5.70 5.79 
2016/08/05 5.70 5.81 5.67 5.75 
2016/08/08 5.77 6.00 5.70 5.75 
2016/08/09 5.76 5.77 5.64 5.74 
2016/08/10 5.68 5.69 5.63 5.63 
2016/08/11 5.63 5.73 5.50 5.57 
2016/08/12 5.49 5.58 5.46 5.58 
2016/08/15 5.50 5.60 5.50 5.57 
2016/08/16 5.51 5.55 5.50 5.55 
2016/08/17 5.52 5.58 5.51 5.58 
2016/08/18 5.58 5.66 5.58 5.66 
2016/08/19 5.66 5.66 5.66 5.66 
2016/08/22 5.54 5.63 5.51 5.63 
2016/08/23 5.50 5.65 5.50 5.65 
2016/08/24 5.53 5.65 5.53 5.65 
2016/08/25 5.56 5.60 5.55 5.57 
2016/08/26 5.56 5.62 5.52 5.62 
2016/08/29 5.56 5.62 5.55 5.62 
2016/08/30 5.58 5.62 5.56 5.62 
2016/08/31 5.62 5.69 5.61 5.69 
2016/09/01 5.74 5.74 5.46 5.59 
2016/09/02 5.61 5.62 5.53 5.62 
2016/09/05 5.58 5.62 5.58 5.62 
2016/09/06 5.60 5.62 5.56 5.62 
2016/09/07 5.57 5.81 5.57 5.75 
2016/09/08 5.75 5.75 5.60 5.60 
2016/09/09 5.55 5.73 5.55 5.59 
2016/09/10 5.52 5.60 5.52 5.60 
2016/09/12 5.51 5.62 5.51 5.60 
2016/09/13 5.56 5.64 5.50 5.59 
2016/09/14 5.52 5.61 5.51 5.57 
2016/09/19 5.46 5.52 5.33 5.49 
2016/09/20 5.45 5.45 5.39 5.45 
2016/09/21 5.35 5.55 5.35 5.49 
2016/09/22 5.42 5.51 5.42 5.51 
2016/09/23 5.46 5.56 5.46 5.50 
2016/09/26 5.50 5.66 5.50 5.62 
2016/09/29 5.62 5.68 5.62 5.68 
2016/09/30 5.74 5.77 5.62 5.62 
2016/10/03 5.65 5.65 5.65 5.65 
2016/10/04 5.54 5.55 5.51 5.55 
2016/10/05 5.55 5.61 5.53 5.61 
2016/10/06 5.67 5.69 5.60 5.66 
2016/10/07 5.66 5.66 5.61 5.66 
2016/10/11 5.61 5.96 5.61 5.66 
2016/10/12 5.54 5.64 5.54 5.64 
2016/10/13 5.51 5.59 5.51 5.55 
2016/10/14 5.52 5.54 5.52 5.54 
2016/10/17 5.50 5.58 5.50 5.58 
2016/10/18 5.50 5.86 5.50 5.83 
2016/10/19 5.84 5.88 5.61 5.61 
2016/10/20 5.60 5.66 5.58 5.59 
2016/10/21 5.65 6.12 5.65 5.96 
2016/10/24 5.86 6.20 5.80 6.05 
2016/10/25 6.07 6.27 5.95 6.05 
2016/10/26 6.09 6.09 5.92 5.93 
2016/10/27 5.85 6.00 5.73 5.99 
2016/10/28 6.02 6.12 5.98 6.09 
2016/10/31 6.05 6.15 5.80 5.85 
2016/11/01 5.77 5.88 5.77 5.81 
2016/11/02 5.71 5.78 5.70 5.78 
2016/11/03 5.77 5.77 5.66 5.76 
2016/11/04 5.76 6.08 5.75 6.05 
2016/11/07 5.92 6.03 5.78 5.78 
2016/11/08 5.80 5.80 5.70 5.72 
2016/11/09 5.72 5.72 5.15 5.15 
2016/11/10 5.20 5.52 5.20 5.45 
2016/11/11 5.31 5.40 5.26 5.36 
2016/11/14 5.31 5.37 5.31 5.37 
2016/11/15 5.27 5.59 5.26 5.48 
2016/11/16 5.52 5.52 5.29 5.31 
2016/11/17 5.30 5.35 5.22 5.29 
2016/11/18 5.29 5.68 5.29 5.55 
2016/11/21 5.55 5.75 5.40 5.50 
2016/11/22 5.58 5.74 5.48 5.54 
2016/11/23 5.48 5.53 5.45 5.53 
2016/11/24 5.44 5.49 5.42 5.47 
2016/11/25 5.42 5.42 5.26 5.37 
2016/11/28 5.37 5.37 5.37 5.37 
2016/11/29 5.30 5.50 5.30 5.47 
2016/11/30 5.33 5.44 5.33 5.42 
2016/12/01 5.42 5.42 5.32 5.35 
2016/12/02 5.30 5.35 5.30 5.35 
2016/12/05 5.27 5.35 5.27 5.35 
2016/12/06 5.25 5.38 5.25 5.35 
2016/12/07 5.38 5.57 5.30 5.42 
2016/12/08 5.42 5.48 5.31 5.31 
2016/12/09 5.28 5.60 5.28 5.55 
2016/12/12 5.55 5.58 5.35 5.35 
2016/12/13 5.29 5.39 5.28 5.33 
2016/12/14 5.31 5.35 5.30 5.34 
2016/12/15 5.34 5.41 5.34 5.41 
2016/12/16 5.31 5.43 5.31 5.43 
2016/12/19 5.46 5.50 5.31 5.41 
2016/12/20 5.26 5.41 5.26 5.41 
2016/12/21 5.34 5.40 5.34 5.39 
2016/12/22 5.30 5.38 5.30 5.38 
2016/12/23 5.32 5.32 5.30 5.30 
2016/12/26 5.26 5.28 5.26 5.28 
2016/12/27 5.28 5.41 5.28 5.41 
2016/12/28 5.39 5.44 5.34 5.44 
2016/12/29 5.35 5.43 5.35 5.43 
2016/12/30 5.42 5.43 5.32 5.42 
2017/01/03 5.35 5.42 5.33 5.42 
2017/01/04 5.35 5.42 5.35 5.42 
2017/01/05 5.42 5.42 5.39 5.40 
2017/01/06 5.34 5.42 5.34 5.41 
2017/01/09 5.28 5.39 5.28 5.39 
2017/01/10 5.32 5.35 5.30 5.35 
2017/01/11 5.35 5.38 5.32 5.38 
2017/01/12 5.40 5.40 5.40 5.40 
2017/01/13 5.35 5.35 5.35 5.35 
2017/01/16 5.24 5.43 5.24 5.43 
2017/01/17 5.50 5.50 5.48 5.48 
2017/01/18 5.48 5.93 5.45 5.76 
2017/01/19 5.78 5.80 5.62 5.74 
2017/01/20 5.62 5.90 5.61 5.86 
2017/01/23 5.86 6.08 5.75 5.90 
2017/01/24 5.81 6.00 5.77 5.91 
2017/02/02 5.94 6.05 5.81 6.00 
2017/02/03 5.91 6.20 5.90 6.15 
2017/02/06 6.17 6.24 6.10 6.20 
2017/02/07 6.19 6.19 6.04 6.13 
2017/02/08 6.15 6.21 6.10 6.20 
