2016/07/01 72.00 72.20 70.50 70.60 
2016/07/04 70.70 72.90 69.30 72.50 
2016/07/05 72.70 72.70 71.00 71.00 
2016/07/06 70.10 70.50 69.30 69.30 
2016/07/07 69.70 70.40 68.50 68.50 
2016/07/11 66.40 67.20 65.30 65.50 
2016/07/12 65.40 67.90 65.30 67.70 
2016/07/13 67.70 68.00 66.70 67.20 
2016/07/14 67.50 67.60 66.60 67.50 
2016/07/15 67.90 69.20 67.90 68.50 
2016/07/18 68.50 69.60 68.50 69.60 
2016/07/19 70.40 70.60 69.20 69.30 
2016/07/20 69.20 69.30 67.50 67.60 
2016/07/21 68.00 68.70 67.60 67.70 
2016/07/22 68.00 69.30 67.60 68.90 
2016/07/25 69.70 70.00 68.60 68.70 
2016/07/26 68.90 69.50 68.70 69.00 
2016/07/27 69.10 70.70 69.10 69.80 
2016/07/28 70.50 71.20 69.80 70.70 
2016/07/29 71.70 71.70 70.20 70.20 
2016/08/01 71.50 73.20 71.30 72.90 
2016/08/02 73.50 74.00 73.00 73.20 
2016/08/03 72.50 72.80 71.60 72.10 
2016/08/04 72.60 72.70 71.00 71.00 
2016/08/05 71.30 71.30 70.30 70.50 
2016/08/08 70.90 71.20 69.80 69.80 
2016/08/09 69.50 69.50 68.10 69.00 
2016/08/10 70.00 70.70 69.50 70.00 
2016/08/11 70.50 71.50 70.30 71.10 
2016/08/12 70.50 70.90 68.50 68.80 
2016/08/15 68.80 68.80 66.70 66.70 
2016/08/16 66.90 67.80 66.70 66.80 
2016/08/17 67.30 67.40 64.90 65.00 
2016/09/01 84.00 84.10 79.80 79.80 
2016/09/02 78.00 78.20 73.40 74.00 
2016/09/05 73.00 75.00 72.50 72.80 
2016/09/06 73.50 74.00 72.90 73.30 
2016/09/07 74.00 74.00 72.40 72.40 
2016/09/08 72.50 73.90 72.50 72.60 
2016/09/09 72.60 72.60 69.50 70.30 
2016/09/10 67.80 68.40 66.00 67.20 
2016/09/12 66.80 68.60 66.80 67.00 
2016/09/13 68.00 68.40 66.30 66.30 
2016/09/14 66.00 67.10 65.50 67.00 
2016/09/19 67.80 68.30 67.60 67.90 
2016/09/20 68.30 70.30 68.20 69.10 
2016/09/21 69.00 69.10 68.40 68.50 
2016/09/22 69.00 69.00 67.20 67.20 
2016/09/23 67.50 68.00 67.10 67.10 
2016/09/26 67.00 67.00 66.20 66.40 
2016/09/29 67.00 67.00 65.50 65.70 
2016/09/30 65.60 65.60 63.30 63.80 
2016/10/03 64.10 64.30 63.00 63.00 
2016/10/04 63.60 64.70 62.70 64.10 
2016/10/05 63.80 64.30 63.60 63.80 
2016/10/06 64.40 64.50 63.70 63.80 
2016/10/07 65.20 66.30 64.20 64.20 
2016/10/11 64.80 65.20 61.30 61.90 
2016/10/12 61.30 61.30 60.10 60.50 
2016/10/13 61.80 62.40 61.10 61.10 
2016/10/14 60.80 61.70 57.80 58.00 
2016/10/17 58.10 58.70 57.10 58.00 
2016/10/18 58.00 58.40 57.30 57.70 
2016/10/19 58.70 59.50 58.50 58.90 
2016/10/20 58.70 58.80 57.80 57.90 
2016/10/21 57.60 58.70 57.60 58.00 
2016/10/24 58.50 58.80 57.70 58.40 
2016/10/25 58.80 59.70 58.60 58.70 
2016/10/26 58.70 59.00 58.20 58.30 
2016/10/27 58.70 59.30 58.30 58.30 
2016/10/28 58.50 58.70 56.00 56.20 
2016/10/31 55.20 55.30 54.10 54.60 
2016/11/01 54.40 55.70 53.80 53.90 
2016/11/02 53.30 53.80 51.50 51.50 
2016/11/03 51.80 52.20 50.70 51.10 
2016/11/04 51.00 52.10 50.80 51.00 
2016/11/07 51.80 52.10 50.50 50.80 
2016/11/08 50.00 50.00 47.30 47.75 
2016/11/09 47.70 49.15 45.15 45.15 
2016/11/10 47.70 47.70 46.15 46.55 
2016/11/11 45.30 48.70 43.85 47.10 
2016/11/14 47.65 48.30 46.70 47.80 
2016/11/15 46.10 47.00 45.40 45.65 
2016/11/16 45.65 46.30 44.90 46.20 
2016/11/17 46.75 46.75 45.55 45.55 
2016/11/18 45.35 45.50 44.20 45.45 
2016/11/21 45.70 49.95 45.65 49.95 
2016/11/22 50.90 52.20 50.10 51.00 
2016/11/23 51.00 51.40 50.20 50.30 
2016/11/24 51.00 52.40 50.60 51.50 
2016/11/25 52.00 56.60 51.50 56.50 
2016/11/28 56.40 57.80 54.00 54.00 
2016/11/29 54.40 54.40 52.90 54.00 
2016/11/30 54.40 55.70 53.40 53.40 
2016/12/01 53.70 53.90 52.20 53.10 
2016/12/02 52.60 53.90 52.40 52.90 
2016/12/05 53.20 55.70 53.00 54.10 
2016/12/06 54.10 54.60 53.10 53.50 
2016/12/07 53.90 54.70 53.50 53.50 
2016/12/08 53.80 54.40 53.60 53.70 
2016/12/09 53.80 54.90 53.80 53.90 
2016/12/12 54.50 54.50 52.30 52.30 
2016/12/13 52.30 53.30 52.20 53.30 
2016/12/14 54.00 54.00 52.60 53.20 
2016/12/15 53.30 56.10 52.90 55.30 
2016/12/16 56.10 57.60 55.50 56.00 
2016/12/19 56.60 57.20 54.80 54.80 
2016/12/20 55.50 56.40 54.80 56.00 
2016/12/21 56.50 56.80 55.30 55.30 
2016/12/22 55.60 55.80 54.40 54.40 
2016/12/23 55.00 55.70 54.70 55.20 
2016/12/26 55.70 56.40 55.40 55.60 
2016/12/27 55.70 56.20 55.20 55.70 
2016/12/28 56.20 60.70 55.90 58.70 
2016/12/29 58.60 59.90 58.20 58.30 
2016/12/30 58.50 59.10 57.60 57.60 
2017/01/03 57.90 58.50 57.20 58.00 
2017/01/04 58.20 58.30 57.50 58.10 
2017/01/05 58.30 59.80 58.10 58.20 
2017/01/06 58.90 58.90 57.60 57.70 
2017/01/09 58.10 58.30 53.50 54.10 
2017/01/10 53.60 54.30 53.60 54.30 
2017/01/11 54.30 54.50 52.50 52.80 
2017/01/12 52.80 53.20 52.40 53.00 
2017/01/13 53.00 53.50 52.40 53.50 
2017/01/16 53.40 53.90 53.00 53.40 
2017/01/17 53.50 53.70 53.00 53.50 
2017/01/18 53.50 54.00 53.10 53.80 
2017/01/19 54.20 55.60 54.00 55.40 
2017/01/20 55.10 55.80 54.50 54.50 
2017/01/23 54.80 55.60 54.40 54.60 
2017/01/24 54.90 55.00 54.10 54.10 
2017/02/02 54.50 54.50 53.20 53.90 
2017/02/03 54.30 59.20 54.30 59.20 
2017/02/06 59.20 60.30 58.00 58.00 
2017/02/07 58.80 61.50 58.00 60.20 
2017/02/08 60.80 61.00 59.40 61.00 
