2016/07/01 25.20 25.40 25.00 25.20 
2016/07/04 24.80 25.20 24.60 24.60 
2016/07/05 25.20 25.20 24.70 24.80 
2016/07/06 24.60 24.60 24.30 24.35 
2016/07/07 24.85 24.85 24.85 24.85 
2016/07/11 24.85 24.85 24.25 24.25 
2016/07/12 24.25 24.25 24.15 24.15 
2016/07/13 24.15 24.15 24.00 24.00 
2016/07/14 24.20 24.50 24.20 24.50 
2016/07/15 24.50 24.50 24.20 24.20 
2016/07/18 24.70 24.75 24.25 24.75 
2016/07/19 24.75 24.75 24.35 24.55 
2016/07/20 24.50 24.85 24.20 24.20 
2016/07/21 24.20 25.20 24.20 24.60 
2016/07/22 24.20 25.25 24.20 24.50 
2016/07/25 24.50 24.60 24.00 24.40 
2016/07/26 24.15 24.15 24.00 24.00 
2016/07/27 24.00 24.00 23.55 23.55 
2016/07/28 23.25 23.95 22.90 22.90 
2016/07/29 23.35 23.70 22.90 23.00 
2016/08/01 23.50 23.50 22.75 23.40 
2016/08/02 23.40 24.30 23.40 23.75 
2016/08/03 24.00 24.10 23.75 24.10 
2016/08/04 24.10 24.10 23.85 23.85 
2016/08/05 24.30 25.00 24.25 24.70 
2016/08/08 24.85 25.55 24.50 24.50 
2016/08/09 24.80 25.00 24.45 25.00 
2016/08/10 24.40 24.60 24.10 24.50 
2016/08/11 24.80 25.00 24.35 24.85 
2016/08/12 25.00 25.00 23.05 23.85 
2016/08/15 23.85 24.55 23.85 24.40 
2016/08/16 24.55 24.55 23.60 24.05 
2016/08/17 24.40 24.40 23.40 24.40 
2016/08/18 24.50 24.70 24.40 24.40 
2016/08/19 24.50 24.55 23.60 23.80 
2016/08/22 23.90 23.90 23.30 23.30 
2016/08/23 23.65 23.65 23.05 23.50 
2016/08/24 23.50 23.50 23.00 23.20 
2016/08/25 23.20 23.20 22.80 22.80 
2016/08/26 22.40 22.75 22.40 22.75 
2016/08/29 22.60 22.60 22.25 22.25 
2016/08/30 22.30 22.60 21.65 21.65 
2016/08/31 21.70 22.00 21.50 21.60 
2016/09/01 21.60 21.95 21.30 21.30 
2016/09/02 21.30 21.50 20.00 21.40 
2016/09/05 21.40 21.65 21.20 21.35 
2016/09/06 21.45 21.60 21.20 21.20 
2016/09/07 21.20 21.40 20.60 21.00 
2016/09/08 21.00 21.10 20.50 20.95 
2016/09/09 20.60 20.90 20.35 20.60 
2016/09/10 20.65 20.80 20.00 20.50 
2016/09/12 20.50 20.50 20.00 20.00 
2016/09/13 20.00 20.10 20.00 20.05 
2016/09/14 20.00 20.50 20.00 20.50 
2016/09/19 20.55 20.65 20.55 20.65 
2016/09/20 20.70 20.70 20.35 20.60 
2016/09/21 20.95 22.65 20.95 22.65 
2016/09/22 22.70 23.90 22.65 22.70 
2016/09/23 22.60 22.85 21.90 21.90 
2016/09/26 21.80 21.95 21.60 21.95 
2016/09/29 22.00 22.00 21.75 22.00 
2016/09/30 21.60 22.20 21.60 22.15 
2016/10/03 22.55 22.55 22.00 22.05 
2016/10/04 22.05 22.05 22.05 22.05 
2016/10/05 22.10 22.40 21.90 22.00 
2016/10/11 22.50 22.50 21.90 21.90 
2016/10/12 22.95 23.20 22.10 22.80 
2016/10/13 22.80 22.80 22.50 22.75 
2016/10/14 22.50 22.50 21.40 21.70 
2016/10/17 21.50 22.10 21.40 21.45 
2016/10/18 22.00 23.55 21.90 23.55 
2016/10/19 25.90 25.90 24.00 24.00 
2016/10/20 24.00 24.65 23.00 23.00 
2016/10/21 23.30 25.30 23.10 25.30 
2016/10/24 26.80 27.80 26.70 27.80 
2016/10/25 28.05 28.20 26.50 26.65 
2016/10/26 27.00 29.00 26.95 26.95 
2016/10/27 27.50 28.45 26.70 27.05 
2016/10/28 27.10 27.20 24.70 24.95 
2016/10/31 25.25 25.25 23.95 23.95 
2016/11/01 24.00 24.90 23.85 23.85 
2016/11/02 23.90 24.30 22.70 22.70 
2016/11/03 23.10 23.80 21.55 22.15 
2016/11/04 22.40 22.75 22.15 22.15 
2016/11/07 22.15 22.35 21.80 21.90 
2016/11/08 22.00 22.00 20.60 20.65 
2016/11/09 20.85 21.05 19.60 19.90 
2016/11/10 20.00 20.65 20.00 20.55 
2016/11/11 20.45 20.45 20.00 20.05 
2016/11/14 20.20 20.25 19.80 20.10 
2016/11/15 20.30 22.10 20.20 22.10 
2016/11/16 23.35 24.30 22.70 24.30 
2016/11/17 24.25 24.25 23.35 23.60 
2016/11/18 23.45 23.95 23.15 23.45 
2016/11/21 23.30 23.50 22.80 23.50 
2016/11/22 23.50 23.80 23.20 23.20 
2016/11/23 23.50 25.50 23.50 23.70 
2016/11/24 23.70 23.90 23.35 23.35 
2016/11/25 23.45 23.45 23.05 23.15 
2016/11/28 23.35 24.20 23.20 23.90 
2016/11/29 23.55 25.55 23.55 24.10 
2016/11/30 24.10 24.90 24.10 24.50 
2016/12/01 24.55 25.25 23.80 25.25 
2016/12/02 25.25 25.35 24.55 24.60 
2016/12/05 24.70 25.15 24.30 24.30 
2016/12/06 24.50 25.00 24.00 24.10 
2016/12/07 24.40 24.40 23.80 23.80 
2016/12/08 23.90 24.10 23.40 23.90 
2016/12/09 23.90 24.05 23.45 24.00 
2016/12/12 23.60 23.95 23.50 23.95 
2016/12/13 24.20 24.20 23.65 23.90 
2016/12/14 23.65 23.90 23.35 23.50 
2016/12/15 23.45 23.70 23.20 23.70 
2016/12/16 23.70 23.70 23.30 23.30 
2016/12/19 22.80 23.20 22.65 22.65 
2016/12/20 22.65 23.10 22.40 23.10 
2016/12/21 22.80 23.10 22.70 22.70 
2016/12/22 23.30 23.30 22.60 22.80 
2016/12/23 22.50 23.30 22.50 23.30 
2016/12/26 23.30 23.45 22.80 23.45 
2016/12/27 23.45 23.55 22.85 23.50 
2016/12/28 23.30 23.70 23.15 23.55 
2016/12/29 23.15 23.90 23.15 23.85 
2016/12/30 23.70 24.00 23.65 23.90 
2017/01/03 23.90 23.90 23.80 23.80 
2017/01/04 24.30 24.30 23.35 23.35 
2017/01/05 22.95 23.30 22.80 22.85 
2017/01/06 22.90 23.05 22.85 23.05 
2017/01/09 23.05 23.05 23.05 23.05 
2017/01/10 22.50 22.90 22.50 22.60 
2017/01/11 22.60 22.90 22.60 22.60 
2017/01/12 22.50 22.55 22.50 22.55 
2017/01/13 23.00 23.10 22.50 22.50 
2017/01/16 22.50 22.50 22.20 22.20 
2017/01/17 22.05 22.20 21.50 22.20 
2017/01/18 22.20 22.90 21.80 22.55 
2017/01/19 22.85 24.50 22.85 23.35 
2017/01/20 23.35 24.35 23.35 23.85 
2017/01/23 23.90 24.50 23.85 23.85 
2017/01/24 24.00 24.25 23.85 24.05 
2017/02/02 24.40 25.65 24.40 24.80 
2017/02/03 24.85 25.10 24.10 24.55 
2017/02/06 24.55 24.75 24.10 24.10 
2017/02/07 24.50 24.50 23.85 24.05 
2017/02/08 24.60 24.60 24.00 24.40 
