2016/07/01 42.40 42.85 41.50 42.70 
2016/07/04 42.90 43.40 42.15 42.65 
2016/07/05 43.60 43.60 41.90 42.00 
2016/07/06 41.60 41.65 40.80 41.00 
2016/07/07 42.60 43.50 41.70 42.55 
2016/07/11 43.95 43.95 42.30 42.35 
2016/07/12 42.35 42.75 41.65 41.95 
2016/07/13 42.05 42.80 41.75 42.40 
2016/07/14 42.60 43.40 42.35 42.35 
2016/07/15 42.50 42.60 41.90 42.45 
2016/07/18 42.80 42.85 41.45 41.45 
2016/07/19 41.50 43.20 40.95 43.20 
2016/07/20 43.20 43.20 42.25 42.60 
2016/07/21 43.40 44.25 43.00 43.70 
2016/07/22 43.70 43.70 42.80 43.20 
2016/07/25 43.70 43.70 42.25 42.65 
2016/07/26 42.85 43.25 42.35 42.80 
2016/07/27 43.40 46.85 43.35 46.40 
2016/07/28 46.15 46.20 45.05 45.50 
2016/07/29 45.80 46.10 44.65 44.85 
2016/08/01 44.85 45.45 44.50 45.35 
2016/08/02 45.50 47.10 44.80 46.15 
2016/08/03 45.40 45.85 45.05 45.35 
2016/08/04 45.65 46.40 45.20 45.40 
2016/08/05 46.00 46.00 45.00 45.00 
2016/08/08 45.35 45.60 43.65 43.80 
2016/08/09 44.20 44.55 42.10 42.30 
2016/08/10 42.65 43.15 42.30 42.30 
2016/08/11 41.90 43.20 41.20 43.20 
2016/08/12 42.25 43.35 42.25 42.45 
2016/08/15 42.60 42.70 41.45 41.55 
2016/08/16 41.75 42.60 41.65 42.35 
2016/08/17 42.40 43.15 41.80 41.80 
2016/08/18 41.80 42.10 41.30 42.00 
2016/08/19 42.55 43.75 42.40 42.40 
2016/08/22 42.60 42.65 41.50 41.85 
2016/08/23 42.00 42.20 41.70 41.90 
2016/08/24 42.20 42.20 41.40 41.40 
2016/08/25 41.50 42.00 41.05 42.00 
2016/08/26 42.00 42.80 42.00 42.25 
2016/08/29 42.35 42.80 41.85 42.45 
2016/08/30 42.80 43.45 42.40 42.90 
2016/08/31 43.00 43.00 42.30 42.45 
2016/09/01 42.45 42.45 41.70 41.70 
2016/09/02 42.50 45.10 42.40 44.45 
2016/09/05 45.10 45.45 43.90 44.35 
2016/09/06 44.80 45.20 43.90 45.20 
2016/09/07 45.50 47.00 45.40 45.50 
2016/09/08 45.50 45.80 44.80 45.20 
2016/09/09 45.20 45.20 44.40 44.90 
2016/09/10 43.80 44.45 43.40 43.95 
2016/09/12 45.00 46.50 44.20 44.30 
2016/09/13 44.50 45.10 43.25 44.10 
2016/09/14 44.10 44.85 43.65 44.85 
2016/09/19 45.80 46.30 45.05 45.50 
2016/09/20 45.20 45.65 45.05 45.10 
2016/09/21 45.55 46.10 45.10 45.10 
2016/09/22 46.00 46.80 45.45 46.80 
2016/09/23 47.65 50.80 47.65 50.00 
2016/09/26 50.30 51.50 49.40 51.00 
2016/09/29 52.00 52.00 49.40 49.50 
2016/09/30 49.60 50.60 49.00 49.90 
2016/10/03 50.60 50.60 49.20 49.90 
2016/10/04 51.00 52.30 50.60 50.70 
2016/10/05 50.70 51.40 50.30 51.30 
2016/10/06 52.40 52.40 50.90 50.90 
2016/10/07 51.30 51.50 50.60 50.70 
2016/10/11 51.40 52.40 49.20 51.20 
2016/10/12 50.90 51.10 49.65 51.10 
2016/10/13 51.20 51.60 50.40 50.50 
2016/10/14 50.40 50.50 47.85 48.00 
2016/10/17 48.20 48.85 47.35 48.85 
2016/10/18 48.55 48.70 47.90 48.10 
2016/10/19 48.70 49.15 47.30 49.05 
2016/10/20 49.30 51.10 49.30 50.10 
2016/10/21 50.30 50.90 49.80 50.10 
2016/10/24 50.70 50.70 50.00 50.20 
2016/10/25 50.20 50.40 49.80 50.00 
2016/10/26 50.30 50.80 49.85 49.95 
2016/10/27 50.30 50.60 49.60 50.50 
2016/10/28 50.40 50.40 49.50 49.50 
2016/10/31 49.00 49.40 48.00 49.10 
2016/11/01 48.80 49.40 48.50 48.55 
2016/11/02 48.55 48.80 47.70 47.80 
2016/11/03 48.50 49.50 48.30 48.95 
2016/11/04 49.00 49.10 48.35 48.70 
2016/11/07 49.10 49.80 48.80 49.80 
2016/11/08 50.90 51.10 50.00 50.10 
2016/11/09 50.50 50.60 46.60 47.05 
2016/11/10 50.00 50.00 49.30 49.45 
2016/11/11 48.95 48.95 48.25 48.65 
2016/11/14 49.10 49.15 47.80 48.80 
2016/11/15 48.25 48.90 48.25 48.55 
2016/11/16 49.00 49.00 48.15 48.20 
2016/11/17 48.40 48.45 47.75 48.10 
2016/11/18 49.00 50.30 48.95 49.75 
2016/11/21 50.20 50.50 49.60 50.40 
2016/11/22 50.60 51.40 50.30 50.40 
2016/11/23 51.50 52.20 51.00 51.20 
2016/11/24 51.00 54.40 50.80 53.60 
2016/11/25 54.40 54.90 52.60 52.70 
2016/11/28 53.50 56.70 53.40 54.70 
2016/11/29 55.30 55.50 54.30 55.10 
2016/11/30 55.40 55.40 54.30 54.40 
2016/12/01 55.50 56.40 54.20 54.40 
2016/12/02 53.60 54.00 52.80 54.00 
2016/12/05 54.40 54.50 53.30 53.90 
2016/12/06 54.50 54.60 53.90 54.00 
2016/12/07 54.50 54.80 52.90 53.20 
2016/12/08 53.90 54.00 52.50 52.60 
2016/12/09 52.60 53.60 52.10 53.20 
2016/12/12 53.20 54.00 52.60 53.20 
2016/12/13 52.50 52.90 51.50 51.60 
2016/12/14 51.90 52.10 51.20 51.60 
2016/12/15 51.60 52.40 51.20 51.70 
2016/12/16 52.00 53.10 51.70 52.90 
2016/12/19 53.50 54.40 53.20 53.20 
2016/12/20 54.50 54.90 53.60 53.70 
2016/12/21 53.70 53.80 52.70 52.70 
2016/12/22 53.20 53.70 52.80 53.60 
2016/12/23 53.90 54.00 53.20 53.20 
2016/12/26 53.00 53.20 52.00 52.40 
2016/12/27 52.20 52.70 51.70 51.70 
2016/12/28 52.10 52.30 51.80 52.00 
2016/12/29 52.00 52.40 51.60 52.00 
2016/12/30 52.30 52.70 52.00 52.70 
2017/01/03 52.70 52.70 51.10 52.00 
2017/01/04 52.00 52.20 51.60 51.80 
2017/01/05 52.20 52.90 52.10 52.50 
2017/01/06 52.90 53.10 51.90 52.00 
2017/01/09 52.00 52.40 51.50 51.90 
2017/01/10 52.00 52.70 51.80 51.90 
2017/01/11 52.40 52.60 51.80 52.30 
2017/01/12 52.50 52.50 51.40 51.40 
2017/01/13 51.30 51.40 49.95 50.20 
2017/01/16 50.50 50.90 49.85 50.00 
2017/01/17 53.50 53.70 52.30 52.50 
2017/01/18 52.40 52.70 52.00 52.20 
2017/01/19 52.50 52.60 51.80 51.90 
2017/01/20 52.00 52.40 51.60 51.60 
2017/01/23 51.70 52.10 51.60 52.00 
2017/01/24 52.40 52.40 52.00 52.20 
2017/02/02 52.70 53.50 52.20 52.70 
2017/02/03 52.90 53.20 52.80 52.90 
2017/02/06 53.20 53.50 52.60 53.00 
2017/02/07 54.20 55.10 53.60 53.60 
2017/02/08 53.80 54.10 53.40 53.50 
