2016/07/01 12.45 12.45 12.30 12.45 
2016/07/04 12.20 12.35 11.65 12.35 
2016/07/05 12.30 12.35 12.25 12.35 
2016/07/06 12.40 12.40 12.25 12.25 
2016/07/07 12.40 12.40 12.30 12.30 
2016/07/11 12.95 13.45 12.70 12.90 
2016/07/12 12.90 12.90 12.70 12.70 
2016/07/13 12.40 12.50 12.35 12.35 
2016/07/14 12.35 12.65 12.35 12.65 
2016/07/15 12.65 12.80 12.40 12.65 
2016/07/18 12.80 13.10 12.80 13.10 
2016/07/19 12.60 13.50 12.60 12.90 
2016/07/20 12.95 13.35 12.90 13.35 
2016/07/21 12.90 13.35 12.90 13.20 
2016/07/22 13.00 13.15 12.90 13.15 
2016/07/25 12.60 13.15 12.60 13.15 
2016/07/26 12.60 13.10 12.60 13.10 
2016/07/27 13.10 13.10 12.85 12.85 
2016/07/28 12.80 12.80 12.80 12.80 
2016/07/29 12.80 12.80 12.80 12.80 
2016/08/01 12.60 12.70 12.60 12.70 
2016/08/02 12.70 13.00 12.60 13.00 
2016/08/03 12.70 12.70 12.70 12.70 
2016/08/04 12.85 13.10 12.80 13.10 
2016/08/05 12.90 12.90 12.80 12.80 
2016/08/08 12.50 12.65 12.50 12.65 
2016/08/09 12.70 12.80 12.70 12.70 
2016/08/10 12.70 12.70 12.65 12.65 
2016/08/11 12.65 12.65 12.65 12.65 
2016/08/12 12.65 12.80 12.65 12.80 
2016/08/15 12.60 12.70 12.60 12.70 
2016/08/16 12.70 12.80 12.50 12.80 
2016/08/17 12.80 12.80 12.65 12.65 
2016/08/18 12.70 12.70 12.55 12.55 
2016/08/19 12.50 12.60 12.40 12.55 
2016/08/22 12.15 12.25 12.15 12.15 
2016/08/23 11.90 12.20 11.90 12.10 
2016/08/24 12.10 12.10 12.10 12.10 
2016/08/25 12.20 12.20 11.95 11.95 
2016/08/26 12.25 12.25 12.00 12.00 
2016/08/29 11.80 12.00 11.80 11.90 
2016/08/30 11.95 12.20 11.95 12.00 
2016/08/31 12.10 12.10 11.95 12.05 
2016/09/01 12.05 12.05 12.05 12.05 
2016/09/02 12.05 12.05 12.00 12.05 
2016/09/05 12.05 12.10 12.05 12.05 
2016/09/06 12.00 12.00 12.00 12.00 
2016/09/07 12.00 12.50 12.00 12.50 
2016/09/08 12.70 13.35 12.70 12.90 
2016/09/09 13.00 13.35 12.55 13.30 
2016/09/10 13.20 13.20 13.00 13.00 
2016/09/12 13.45 13.45 12.75 12.75 
2016/09/13 13.30 13.35 12.85 12.90 
2016/09/14 13.10 13.10 12.90 12.90 
2016/09/19 13.00 13.00 12.90 13.00 
2016/09/20 12.95 12.95 12.95 12.95 
2016/09/21 12.95 13.00 12.95 13.00 
2016/09/22 11.70 13.05 11.70 12.95 
2016/09/23 12.75 13.15 12.75 13.10 
2016/09/26 13.10 13.10 12.60 12.70 
2016/09/29 13.00 13.00 12.75 12.80 
2016/09/30 12.80 12.80 12.80 12.80 
2016/10/03 13.30 13.40 12.80 13.10 
2016/10/04 13.00 13.00 12.85 12.90 
2016/10/05 12.65 12.90 12.65 12.85 
2016/10/06 12.80 12.85 12.60 12.60 
2016/10/07 12.65 13.10 12.65 12.95 
2016/10/11 12.75 12.80 12.75 12.80 
2016/10/12 12.30 13.05 12.30 13.00 
2016/10/13 12.95 13.00 12.50 12.95 
2016/10/14 12.95 12.95 12.60 12.60 
2016/10/17 12.90 12.90 12.90 12.90 
2016/10/18 12.45 12.90 12.40 12.90 
2016/10/19 12.75 12.80 12.75 12.80 
2016/10/20 12.80 12.80 12.80 12.80 
2016/10/21 12.45 12.55 12.45 12.55 
2016/10/24 12.55 12.80 12.35 12.80 
2016/10/25 12.60 12.65 12.20 12.65 
2016/10/26 12.40 12.65 12.35 12.65 
2016/10/27 12.60 12.60 12.40 12.40 
2016/10/28 12.65 12.65 12.35 12.40 
2016/10/31 12.40 12.50 12.25 12.25 
2016/11/01 12.25 12.40 12.25 12.40 
2016/11/02 12.25 12.25 12.05 12.05 
2016/11/03 11.80 11.80 11.60 11.60 
2016/11/04 11.50 11.75 11.35 11.75 
2016/11/07 11.55 11.60 11.50 11.50 
2016/11/08 11.50 11.50 11.50 11.50 
2016/11/09 11.25 11.25 11.20 11.20 
2016/11/10 11.50 11.50 11.20 11.20 
2016/11/11 11.20 11.20 11.20 11.20 
2016/11/14 11.00 11.10 10.90 11.10 
2016/11/15 11.00 11.20 11.00 11.00 
2016/11/16 11.00 11.45 11.00 11.15 
2016/11/17 11.15 11.15 10.45 10.50 
2016/11/18 10.65 11.55 10.65 11.55 
2016/11/21 11.85 11.85 11.10 11.20 
2016/11/22 11.50 11.50 11.25 11.35 
2016/11/23 11.55 11.80 11.55 11.55 
2016/11/24 11.40 11.65 11.40 11.65 
2016/11/25 11.75 11.85 11.65 11.65 
2016/11/28 11.65 11.85 11.50 11.50 
2016/11/29 11.40 11.40 11.40 11.40 
2016/11/30 11.65 11.65 11.00 11.35 
2016/12/01 11.30 11.35 11.10 11.15 
2016/12/02 11.15 11.30 11.10 11.10 
2016/12/05 11.25 11.70 11.10 11.60 
2016/12/06 11.25 11.85 11.25 11.85 
2016/12/07 11.85 11.95 11.85 11.90 
2016/12/08 12.20 12.20 12.00 12.05 
2016/12/09 12.10 12.25 11.90 11.90 
2016/12/12 11.95 11.95 11.60 11.70 
2016/12/13 11.75 11.95 11.70 11.70 
2016/12/14 11.65 11.70 11.65 11.65 
2016/12/15 11.90 12.00 11.65 12.00 
2016/12/16 11.95 11.95 11.60 11.80 
2016/12/19 11.95 11.95 11.45 11.60 
2016/12/20 11.60 11.75 11.60 11.75 
2016/12/21 11.80 11.85 11.80 11.80 
2016/12/22 11.75 11.90 11.70 11.70 
2016/12/23 11.90 11.90 10.85 11.65 
2016/12/26 11.50 11.60 11.50 11.55 
2016/12/27 11.80 11.80 11.80 11.80 
2016/12/28 11.50 11.65 11.15 11.40 
2016/12/29 11.10 11.55 11.10 11.35 
2016/12/30 11.40 11.40 11.25 11.25 
2017/01/03 11.45 11.45 11.20 11.30 
2017/01/04 11.45 11.55 11.30 11.40 
2017/01/05 11.60 11.60 11.30 11.45 
2017/01/06 11.70 11.70 11.45 11.60 
2017/01/09 11.80 12.25 11.65 11.65 
2017/01/10 11.90 11.90 11.50 11.75 
2017/01/11 11.90 11.90 11.65 11.65 
2017/01/12 11.70 11.70 11.30 11.30 
2017/01/13 11.60 11.60 11.35 11.35 
2017/01/16 11.70 11.70 11.65 11.65 
2017/01/17 11.75 11.75 11.50 11.70 
2017/01/18 11.40 11.70 11.40 11.70 
2017/01/19 11.70 11.70 11.50 11.60 
2017/01/20 11.25 11.40 11.25 11.30 
2017/01/24 11.50 11.50 11.40 11.40 
2017/02/02 11.70 11.95 11.50 11.95 
2017/02/03 12.00 12.10 11.75 11.80 
2017/02/06 11.80 12.30 11.80 12.30 
2017/02/07 12.35 13.50 12.35 13.50 
2017/02/08 13.80 14.85 13.80 14.85 
