2016/07/01 11.10 11.60 11.10 11.30 
2016/07/04 11.45 12.25 11.20 11.60 
2016/07/05 11.60 12.00 11.50 11.65 
2016/07/06 11.50 11.50 11.00 11.25 
2016/07/07 11.15 11.35 11.00 11.35 
2016/07/11 12.45 12.45 12.45 12.45 
2016/07/12 13.65 13.65 13.65 13.65 
2016/07/13 14.50 14.60 13.70 14.45 
2016/07/14 15.10 15.85 14.65 15.85 
2016/07/15 16.80 17.40 16.45 16.95 
2016/07/18 17.00 17.00 15.95 16.25 
2016/07/19 16.20 16.50 15.95 16.25 
2016/07/20 16.05 16.05 15.40 15.50 
2016/07/21 15.70 15.70 14.80 15.30 
2016/07/22 15.30 15.70 15.20 15.20 
2016/07/25 15.45 15.75 14.90 15.70 
2016/07/26 15.70 15.85 15.65 15.85 
2016/07/27 15.90 15.90 15.60 15.75 
2016/07/28 16.00 16.50 15.80 16.20 
2016/07/29 15.85 16.50 15.85 16.25 
2016/08/01 15.85 16.30 15.85 16.15 
2016/08/02 16.30 16.70 16.20 16.20 
2016/08/03 16.10 16.55 15.25 16.30 
2016/08/04 16.70 17.30 16.40 16.50 
2016/08/05 16.60 18.15 16.60 18.15 
2016/08/08 18.50 19.60 18.10 18.10 
2016/08/09 17.80 17.85 16.80 17.25 
2016/08/10 17.50 17.60 15.55 15.60 
2016/08/11 16.35 16.95 15.85 16.10 
2016/08/12 16.25 16.45 15.30 15.75 
2016/08/15 16.05 16.30 15.55 16.15 
2016/08/16 16.15 16.15 15.45 15.50 
2016/08/17 15.70 15.80 15.45 15.65 
2016/08/18 15.55 15.95 15.50 15.80 
2016/08/19 15.95 16.10 15.65 15.70 
2016/08/22 15.80 15.90 15.20 15.25 
2016/08/23 15.05 15.30 14.50 15.25 
2016/08/24 15.30 16.05 15.30 15.75 
2016/08/25 15.45 15.90 15.45 15.45 
2016/08/26 15.40 15.70 15.40 15.60 
2016/08/29 15.40 15.60 15.35 15.55 
2016/08/30 15.40 15.80 15.40 15.55 
2016/08/31 15.45 16.90 15.10 16.75 
2016/09/01 16.40 17.50 16.30 16.30 
2016/09/02 16.30 16.70 16.00 16.25 
2016/09/05 16.55 17.20 16.30 16.40 
2016/09/06 16.60 16.80 16.35 16.50 
2016/09/07 16.50 16.75 16.15 16.40 
2016/09/08 16.45 17.35 16.40 16.85 
2016/09/09 16.80 17.00 16.80 16.95 
2016/09/10 16.15 16.50 16.05 16.50 
2016/09/12 16.70 17.35 16.60 17.35 
2016/09/13 17.60 18.10 17.25 17.50 
2016/09/14 17.20 17.60 16.70 16.80 
2016/09/19 17.00 17.00 16.35 16.35 
2016/09/20 16.65 17.25 16.35 17.25 
2016/09/21 17.15 17.40 16.95 17.05 
2016/09/22 17.25 17.25 16.60 16.60 
2016/09/23 16.75 16.80 16.35 16.60 
2016/09/26 16.60 16.75 16.30 16.55 
2016/09/29 16.55 16.80 16.45 16.45 
2016/09/30 16.45 16.50 16.30 16.50 
2016/10/03 16.55 16.55 16.35 16.40 
2016/10/04 16.50 16.50 16.20 16.30 
2016/10/05 16.30 16.45 16.25 16.25 
2016/10/06 16.50 17.50 16.45 17.50 
2016/10/07 17.45 17.90 17.20 17.75 
2016/10/11 17.65 17.65 16.10 16.55 
2016/10/12 16.25 16.90 16.25 16.80 
2016/10/13 16.50 16.75 16.35 16.55 
2016/10/14 16.55 16.55 15.05 15.05 
2016/10/17 14.50 15.05 14.20 14.45 
2016/10/18 14.50 15.00 14.50 14.60 
2016/10/19 14.60 14.95 14.60 14.75 
2016/10/20 14.90 14.95 14.60 14.60 
2016/10/21 14.60 14.95 14.60 14.70 
2016/10/24 14.85 14.85 14.60 14.60 
2016/10/25 14.60 14.75 14.55 14.65 
2016/10/26 14.60 15.10 14.60 14.75 
2016/10/27 14.85 15.00 14.65 14.65 
2016/10/28 14.65 14.80 14.55 14.55 
2016/10/31 14.60 14.60 14.20 14.45 
2016/11/01 14.40 14.40 14.20 14.20 
2016/11/02 14.20 14.20 12.80 12.80 
2016/11/03 12.30 12.60 11.60 11.90 
2016/11/04 12.25 12.40 11.85 11.85 
2016/11/07 12.10 12.45 12.10 12.30 
2016/11/08 12.35 12.35 12.05 12.20 
2016/11/09 12.10 12.10 11.00 11.00 
2016/11/10 10.60 11.60 10.55 11.45 
2016/11/11 11.75 12.45 11.50 11.50 
2016/11/14 12.50 12.50 10.35 10.45 
2016/11/15 10.50 11.20 10.45 10.85 
2016/11/16 11.00 11.00 10.70 10.90 
2016/11/17 11.00 11.40 10.90 11.35 
2016/11/18 11.50 11.80 11.40 11.80 
2016/11/21 12.15 12.35 11.90 11.90 
2016/11/22 11.90 12.05 11.80 11.85 
2016/11/23 11.85 12.00 11.70 11.95 
2016/11/24 11.80 11.90 11.60 11.90 
2016/11/25 11.95 11.95 11.80 11.95 
2016/11/28 12.00 12.45 12.00 12.35 
2016/11/29 12.35 12.35 12.15 12.30 
2016/11/30 12.20 12.35 12.20 12.30 
2016/12/01 12.30 12.30 12.20 12.30 
2016/12/02 12.20 12.35 12.20 12.30 
2016/12/05 12.30 12.45 12.15 12.40 
2016/12/06 12.45 12.80 12.40 12.55 
2016/12/07 12.55 12.55 12.45 12.45 
2016/12/08 12.45 12.45 12.25 12.30 
2016/12/09 12.30 12.30 12.10 12.20 
2016/12/12 12.90 12.90 12.25 12.25 
2016/12/13 12.10 12.45 12.10 12.30 
2016/12/14 12.00 12.40 12.00 12.20 
2016/12/15 12.20 12.20 12.05 12.15 
2016/12/16 12.10 12.25 12.00 12.05 
2016/12/19 12.00 12.05 11.65 11.75 
2016/12/20 11.70 11.85 11.50 11.85 
2016/12/21 11.65 11.85 11.50 11.60 
2016/12/22 11.60 11.60 11.10 11.30 
2016/12/23 11.50 11.55 11.00 11.00 
2016/12/26 11.20 11.40 10.90 11.05 
2016/12/27 11.05 11.30 11.05 11.15 
2016/12/28 11.25 11.30 11.15 11.20 
2016/12/29 11.15 11.15 10.90 11.05 
2016/12/30 11.10 11.15 11.00 11.15 
2017/01/03 11.05 11.20 11.05 11.05 
2017/01/04 11.15 11.25 11.15 11.20 
2017/01/05 11.20 11.30 11.15 11.25 
2017/01/06 11.25 11.35 11.05 11.20 
2017/01/09 11.25 11.65 11.20 11.60 
2017/01/10 11.60 11.90 11.45 11.80 
2017/01/11 12.20 12.45 11.95 12.20 
2017/01/12 12.45 12.65 12.00 12.00 
2017/01/13 12.05 12.10 11.95 12.10 
2017/01/16 12.05 12.05 11.70 11.70 
2017/01/17 11.70 11.95 11.60 11.90 
2017/01/18 12.15 12.15 11.80 11.95 
2017/01/19 11.85 12.10 11.80 11.80 
2017/01/20 11.90 12.25 11.80 12.00 
2017/01/23 12.15 12.95 12.15 12.45 
2017/01/24 12.55 12.55 12.10 12.15 
2017/02/02 12.50 12.50 12.25 12.30 
2017/02/03 12.30 12.70 12.30 12.60 
2017/02/06 12.75 13.70 12.75 13.25 
2017/02/07 13.30 13.30 13.00 13.10 
2017/02/08 13.35 13.35 12.95 12.95 
