2016/07/01 14.80 15.25 14.25 14.60 
2016/07/04 14.80 15.60 14.50 14.80 
2016/07/05 14.80 15.10 14.75 15.05 
2016/07/06 15.15 15.60 14.90 15.00 
2016/07/07 15.20 15.45 15.00 15.10 
2016/07/11 15.20 15.80 15.15 15.45 
2016/07/12 15.25 15.35 14.90 15.15 
2016/07/13 14.90 15.20 14.90 14.95 
2016/07/14 15.00 15.35 15.00 15.30 
2016/07/15 15.40 16.80 15.30 16.55 
2016/07/18 16.90 17.00 16.15 16.20 
2016/07/19 15.60 16.40 15.55 16.40 
2016/07/20 16.15 16.55 16.15 16.40 
2016/07/21 16.45 17.45 16.40 16.65 
2016/07/22 16.65 17.40 16.45 17.20 
2016/07/25 17.45 18.30 17.45 18.20 
2016/07/26 18.25 18.25 17.50 17.70 
2016/07/27 17.90 17.90 16.90 17.65 
2016/07/28 17.65 17.75 16.60 17.70 
2016/07/29 17.70 17.85 17.30 17.85 
2016/08/01 17.95 18.20 17.80 17.80 
2016/08/02 16.90 17.20 16.65 16.90 
2016/08/03 16.75 17.20 16.75 16.95 
2016/08/04 17.20 17.20 17.00 17.20 
2016/08/05 17.20 17.20 16.60 17.10 
2016/08/08 17.35 17.95 17.25 17.35 
2016/08/09 17.50 17.85 17.50 17.70 
2016/08/10 17.70 17.75 17.25 17.55 
2016/08/11 17.55 17.60 17.35 17.60 
2016/08/12 17.50 17.60 17.40 17.55 
2016/08/15 17.60 17.60 17.35 17.40 
2016/08/16 17.40 17.45 16.70 17.10 
2016/08/17 17.10 17.10 16.70 16.75 
2016/08/18 16.80 17.05 16.65 16.75 
2016/08/19 16.75 17.35 16.50 16.80 
2016/08/22 16.80 16.80 16.40 16.50 
2016/08/23 16.90 16.90 16.30 16.70 
2016/08/24 16.70 16.80 16.40 16.70 
2016/08/25 16.60 16.75 16.55 16.55 
2016/08/26 16.70 16.70 16.40 16.60 
2016/08/29 16.60 17.30 16.50 17.30 
2016/08/30 17.50 17.65 17.05 17.65 
2016/08/31 17.75 17.80 17.30 17.45 
2016/09/01 17.20 17.45 17.20 17.40 
2016/09/02 17.50 17.60 17.20 17.55 
2016/09/05 17.75 18.00 17.55 18.00 
2016/09/06 18.00 18.30 17.90 18.05 
2016/09/07 18.05 18.20 18.00 18.20 
2016/09/08 18.10 18.30 18.05 18.20 
2016/09/09 17.70 18.15 17.70 18.10 
2016/09/10 17.75 17.95 17.20 17.45 
2016/09/12 17.35 17.40 16.30 16.45 
2016/09/13 16.40 16.65 16.20 16.55 
2016/09/14 16.50 16.50 16.30 16.45 
2016/09/19 16.45 16.70 16.45 16.50 
2016/09/20 16.45 16.75 16.45 16.75 
2016/09/21 16.80 16.80 16.40 16.55 
2016/09/22 16.60 16.60 15.95 16.25 
2016/09/23 16.10 16.50 16.05 16.50 
2016/09/26 16.50 16.55 16.35 16.50 
2016/09/29 16.70 16.70 16.40 16.55 
2016/09/30 16.50 16.60 16.45 16.60 
2016/10/03 16.80 17.35 16.80 16.90 
2016/10/04 17.05 17.50 17.00 17.35 
2016/10/05 17.35 17.45 17.25 17.45 
2016/10/06 17.60 19.15 17.60 19.15 
2016/10/07 19.50 19.85 18.00 18.25 
2016/10/11 18.00 18.10 17.65 17.90 
2016/10/12 17.90 17.95 17.65 17.65 
2016/10/13 17.65 18.30 17.60 18.10 
2016/10/14 18.00 18.00 17.40 17.50 
2016/10/17 17.20 17.80 17.20 17.60 
2016/10/18 17.40 17.50 17.25 17.45 
2016/10/19 17.50 17.60 17.45 17.50 
2016/10/20 17.50 17.55 17.35 17.35 
2016/10/21 17.50 17.50 17.35 17.40 
2016/10/24 17.40 17.90 17.40 17.80 
2016/10/25 17.60 17.90 17.60 17.85 
2016/10/26 17.85 18.80 17.80 18.70 
2016/10/27 18.70 19.75 18.30 18.40 
2016/10/28 18.30 18.30 18.15 18.20 
2016/10/31 18.85 19.50 18.15 19.30 
2016/11/01 19.15 19.20 18.80 18.80 
2016/11/02 19.00 19.10 18.50 18.50 
2016/11/03 18.25 18.70 18.25 18.45 
2016/11/04 18.45 18.45 18.25 18.30 
2016/11/07 18.30 18.50 18.25 18.25 
2016/11/08 18.25 18.45 18.25 18.25 
2016/11/09 18.70 18.70 18.05 18.10 
2016/11/10 18.10 18.45 18.10 18.20 
2016/11/11 18.20 18.20 17.90 18.10 
2016/11/14 18.10 18.25 18.00 18.10 
2016/11/15 18.20 18.20 18.00 18.10 
2016/11/16 18.15 18.15 18.00 18.05 
2016/11/17 18.15 18.55 18.10 18.25 
2016/11/18 18.35 18.35 17.90 18.00 
2016/11/21 18.00 18.10 17.95 18.10 
2016/11/22 18.10 18.15 18.05 18.10 
2016/11/23 18.20 18.50 18.10 18.15 
2016/11/24 18.15 18.25 17.90 18.05 
2016/11/25 18.05 18.20 17.90 18.00 
2016/11/28 18.05 18.55 17.95 18.00 
2016/11/29 18.15 18.30 18.10 18.30 
2016/11/30 18.30 19.50 18.30 19.50 
2016/12/01 20.00 20.40 19.45 19.55 
2016/12/02 19.55 20.20 19.55 19.95 
2016/12/05 20.70 21.90 20.30 21.90 
2016/12/06 22.20 22.45 21.60 21.65 
2016/12/07 21.65 21.65 21.05 21.45 
2016/12/08 21.10 21.25 20.60 20.90 
2016/12/09 20.90 21.05 20.70 21.05 
2016/12/12 21.40 21.90 20.70 20.70 
2016/12/13 20.50 20.80 20.50 20.65 
2016/12/14 20.50 20.75 20.45 20.45 
2016/12/15 20.45 20.60 20.35 20.40 
2016/12/16 20.30 20.55 20.30 20.35 
2016/12/19 20.40 20.40 19.55 19.55 
2016/12/20 19.35 19.80 18.90 19.60 
2016/12/21 19.50 20.20 19.50 19.80 
2016/12/22 19.80 21.75 19.60 21.60 
2016/12/23 20.90 21.10 20.45 20.45 
2016/12/26 20.45 21.20 20.00 20.70 
2016/12/27 20.80 21.05 20.60 20.60 
2016/12/28 20.90 21.30 20.10 20.10 
2016/12/29 19.90 20.60 19.90 20.10 
2016/12/30 20.25 20.50 20.05 20.15 
2017/01/03 20.30 20.45 20.20 20.45 
2017/01/04 20.45 20.60 20.20 20.20 
2017/01/05 20.20 20.60 20.15 20.30 
2017/01/06 20.30 21.60 20.30 20.90 
2017/01/09 21.10 21.40 20.80 20.80 
2017/01/10 21.10 21.10 19.70 19.80 
2017/01/11 20.00 20.00 19.60 19.80 
2017/01/12 19.75 19.85 19.40 19.70 
2017/01/13 19.70 20.05 19.70 20.00 
2017/01/16 19.85 20.05 19.85 19.95 
2017/01/17 20.10 20.35 19.95 20.00 
2017/01/18 19.95 20.00 19.85 19.95 
2017/01/19 19.95 20.15 19.95 19.95 
2017/01/20 20.10 20.10 19.95 20.05 
2017/01/23 20.05 20.20 19.70 19.70 
2017/01/24 19.80 20.10 19.55 20.00 
2017/02/02 20.05 20.10 19.85 19.85 
2017/02/03 20.00 20.00 19.80 19.85 
2017/02/06 20.30 20.30 20.00 20.05 
2017/02/07 20.05 20.05 19.90 19.95 
2017/02/08 20.00 21.90 19.95 21.10 
