2016/07/01 6.62 7.27 6.62 6.72 
2016/07/04 6.72 7.12 6.72 6.75 
2016/07/05 6.94 6.97 6.73 6.94 
2016/07/06 7.03 7.04 6.81 7.04 
2016/07/07 6.97 7.18 6.90 7.08 
2016/07/11 7.00 7.10 6.82 6.83 
2016/07/12 6.94 6.94 6.74 6.83 
2016/07/13 6.75 6.75 6.61 6.61 
2016/07/14 6.62 6.73 6.62 6.73 
2016/07/15 6.67 6.72 6.61 6.72 
2016/07/18 6.72 6.72 6.55 6.70 
2016/07/19 6.70 6.80 6.65 6.80 
2016/07/20 6.78 6.90 6.66 6.80 
2016/07/21 6.88 6.98 6.73 6.90 
2016/07/22 7.00 7.14 6.86 6.98 
2016/07/25 6.95 7.20 6.78 7.15 
2016/07/26 7.02 7.24 7.02 7.24 
2016/07/27 7.15 7.26 7.14 7.24 
2016/07/28 7.30 7.45 6.91 7.17 
2016/07/29 7.18 7.18 6.93 6.95 
2016/08/01 7.05 7.05 7.05 7.05 
2016/08/02 7.05 7.10 6.91 6.91 
2016/08/03 6.81 7.00 6.81 7.00 
2016/08/05 6.68 6.82 6.68 6.82 
2016/08/08 6.82 7.04 6.75 7.04 
2016/08/09 7.10 7.10 6.80 6.99 
2016/08/10 6.80 6.80 6.79 6.79 
2016/08/11 6.85 6.85 6.80 6.85 
2016/08/12 6.80 6.80 6.75 6.75 
2016/08/15 6.75 6.75 6.70 6.70 
2016/08/17 6.75 6.75 6.75 6.75 
2016/08/18 6.98 6.98 6.68 6.70 
2016/08/19 6.68 6.68 6.55 6.56 
2016/08/22 6.47 6.47 6.47 6.47 
2016/08/23 6.38 6.50 6.36 6.37 
2016/08/24 6.35 6.35 6.29 6.30 
2016/08/25 6.30 6.35 6.23 6.35 
2016/08/26 6.31 6.36 6.31 6.35 
2016/08/29 6.34 6.40 6.30 6.40 
2016/08/31 6.35 6.35 6.30 6.30 
2016/09/01 6.30 6.30 6.20 6.25 
2016/09/02 6.30 6.30 6.15 6.15 
2016/09/05 6.11 6.20 6.10 6.10 
2016/09/06 6.15 6.20 6.11 6.20 
2016/09/07 6.20 6.20 6.10 6.10 
2016/09/08 6.13 6.70 6.13 6.70 
2016/09/09 6.56 6.66 6.40 6.66 
2016/09/10 6.51 6.51 6.32 6.32 
2016/09/12 6.30 6.50 6.16 6.50 
2016/09/13 6.42 6.53 6.42 6.53 
2016/09/14 6.45 6.54 6.36 6.36 
2016/09/19 6.56 6.56 6.28 6.47 
2016/09/20 6.30 6.37 6.20 6.37 
2016/09/21 6.36 6.36 6.20 6.32 
2016/09/22 6.40 6.40 6.32 6.32 
2016/09/23 6.30 6.39 6.25 6.30 
2016/09/26 6.28 6.30 6.17 6.20 
2016/09/29 6.28 6.30 6.18 6.30 
2016/09/30 6.30 6.30 6.21 6.29 
2016/10/03 6.29 6.29 6.22 6.28 
2016/10/04 6.32 6.35 6.28 6.35 
2016/10/05 6.30 6.79 6.28 6.75 
2016/10/06 6.97 6.97 6.66 6.66 
2016/10/07 6.61 6.61 6.53 6.53 
2016/10/11 6.53 6.54 6.45 6.54 
2016/10/12 6.64 6.64 6.33 6.58 
2016/10/13 6.40 6.49 6.38 6.49 
2016/10/14 6.49 6.49 6.10 6.30 
2016/10/17 6.30 6.30 6.20 6.27 
2016/10/18 6.27 6.46 6.25 6.46 
2016/10/19 6.38 6.57 6.35 6.57 
2016/10/20 6.45 6.49 6.37 6.49 
2016/10/21 6.46 6.46 6.39 6.42 
2016/10/24 6.41 6.45 6.34 6.45 
2016/10/25 6.45 6.45 6.45 6.45 
2016/10/26 6.40 6.40 6.35 6.35 
2016/10/27 6.34 6.93 6.34 6.77 
2016/10/28 6.77 6.85 6.58 6.85 
2016/10/31 6.63 6.83 6.55 6.83 
2016/11/01 6.73 6.73 6.58 6.58 
2016/11/02 6.68 6.77 6.48 6.60 
2016/11/03 6.62 6.62 6.62 6.62 
2016/11/04 6.55 6.72 6.55 6.72 
2016/11/07 6.60 6.60 6.58 6.58 
2016/11/08 6.50 6.59 6.46 6.59 
2016/11/09 6.49 6.50 6.38 6.50 
2016/11/10 6.50 6.88 6.50 6.60 
2016/11/11 6.46 6.60 6.39 6.60 
2016/11/14 6.60 6.60 6.37 6.37 
2016/11/15 6.48 6.48 6.37 6.37 
2016/11/16 6.37 6.50 6.37 6.39 
2016/11/17 6.37 6.57 6.20 6.57 
2016/11/21 6.56 6.56 6.56 6.56 
2016/11/22 6.53 6.53 6.27 6.39 
2016/11/23 6.13 6.29 6.01 6.29 
2016/11/24 6.29 6.50 6.29 6.39 
2016/11/28 6.18 6.47 6.16 6.47 
2016/11/29 6.30 6.30 6.06 6.28 
2016/11/30 6.20 6.20 6.20 6.20 
2016/12/01 6.30 6.63 6.21 6.63 
2016/12/02 6.63 6.67 6.48 6.67 
2016/12/05 6.50 6.67 6.50 6.67 
2016/12/06 6.67 6.83 6.67 6.83 
2016/12/08 6.80 6.80 6.80 6.80 
2016/12/09 6.80 7.00 6.80 7.00 
2016/12/12 6.95 6.95 6.95 6.95 
2016/12/13 6.95 6.95 6.71 6.94 
2016/12/14 6.50 6.70 6.50 6.70 
2016/12/15 6.70 6.70 6.47 6.47 
2016/12/16 6.47 6.61 6.42 6.61 
2016/12/19 6.61 6.61 6.61 6.61 
2016/12/20 6.60 6.98 6.59 6.98 
2016/12/21 6.88 6.88 6.88 6.88 
2016/12/22 6.60 6.80 6.60 6.80 
2016/12/23 6.50 6.87 6.50 6.87 
2016/12/26 6.87 7.54 6.87 7.22 
2016/12/27 7.19 7.19 6.80 7.13 
2016/12/28 6.52 7.00 6.52 6.73 
2016/12/29 6.69 6.98 6.55 6.95 
2016/12/30 6.95 7.10 6.95 7.10 
2017/01/03 7.10 7.12 6.61 6.61 
2017/01/04 6.85 6.93 6.84 6.93 
2017/01/05 7.16 7.16 7.16 7.16 
2017/01/06 7.10 7.10 7.10 7.10 
2017/01/09 7.10 7.10 7.10 7.10 
2017/01/10 6.75 7.06 6.75 7.06 
2017/01/11 7.20 7.20 7.20 7.20 
2017/01/12 6.81 7.04 6.81 7.04 
2017/01/16 6.74 6.74 6.71 6.71 
2017/01/17 6.71 6.85 6.71 6.85 
2017/01/18 6.72 6.72 6.70 6.70 
2017/01/19 7.37 7.37 7.22 7.22 
2017/01/20 7.80 7.80 6.91 7.20 
2017/01/23 7.10 7.10 6.93 7.07 
2017/01/24 6.87 7.02 6.86 7.02 
2017/02/02 7.00 7.00 6.73 6.95 
2017/02/03 7.14 7.14 7.00 7.00 
2017/02/06 7.02 7.14 7.02 7.06 
2017/02/07 7.04 7.23 6.95 7.17 
2017/02/08 7.17 7.35 7.10 7.18 
