2016/07/01 7.90 7.90 7.21 7.21 
2016/07/04 7.00 7.00 7.00 7.00 
2016/07/07 6.90 6.90 6.90 6.90 
2016/07/11 6.90 6.90 6.90 6.90 
2016/07/14 6.21 7.49 6.21 7.49 
2016/07/15 7.20 7.40 7.20 7.20 
2016/07/18 7.00 7.20 7.00 7.10 
2016/07/20 6.39 6.45 6.39 6.41 
2016/07/21 6.42 6.42 6.42 6.42 
2016/07/26 6.55 6.55 6.55 6.55 
2016/07/27 6.06 6.06 6.00 6.00 
2016/08/02 6.00 6.60 6.00 6.60 
2016/08/03 6.60 7.19 6.60 7.00 
2016/08/04 6.61 6.61 6.60 6.60 
2016/08/05 6.00 6.10 6.00 6.10 
2016/08/08 6.40 6.40 6.40 6.40 
2016/08/09 6.00 6.00 6.00 6.00 
2016/08/10 5.95 6.00 5.95 6.00 
2016/08/11 5.60 5.60 5.60 5.60 
2016/08/15 5.60 6.04 5.60 6.04 
2016/08/16 5.44 5.60 5.44 5.44 
2016/08/17 5.00 5.05 5.00 5.00 
2016/08/22 4.80 5.50 4.80 5.40 
2016/08/23 5.40 5.40 5.40 5.40 
2016/08/24 5.92 5.94 5.92 5.94 
2016/08/25 6.53 6.53 6.53 6.53 
2016/08/26 6.64 6.64 6.53 6.53 
2016/08/29 6.50 6.53 6.50 6.53 
2016/08/30 6.20 6.20 6.20 6.20 
2016/08/31 6.00 6.00 6.00 6.00 
2016/09/01 5.70 5.70 5.70 5.70 
2016/09/02 6.27 6.27 6.27 6.27 
2016/09/05 5.80 5.80 5.80 5.80 
2016/09/07 6.38 6.38 6.38 6.38 
2016/09/08 6.50 7.01 6.50 7.01 
2016/09/09 7.70 7.71 7.20 7.71 
2016/09/12 6.97 7.40 6.97 7.40 
2016/09/14 7.70 7.70 7.40 7.40 
2016/09/19 7.35 7.35 7.35 7.35 
2016/09/20 7.00 7.90 7.00 7.90 
2016/09/21 7.11 7.11 7.11 7.11 
2016/09/22 7.20 7.82 7.20 7.82 
2016/09/26 7.65 8.00 7.65 8.00 
2016/09/29 7.20 7.25 7.20 7.25 
2016/10/04 7.25 7.25 7.25 7.25 
2016/10/05 7.23 7.23 7.23 7.23 
2016/10/06 7.00 7.00 7.00 7.00 
2016/10/07 6.90 7.00 6.85 7.00 
2016/10/11 7.00 7.00 7.00 7.00 
2016/10/14 7.05 7.05 7.05 7.05 
2016/10/18 6.35 6.35 6.35 6.35 
2016/10/20 6.60 6.60 6.60 6.60 
2016/10/21 5.97 5.97 5.97 5.97 
2016/10/24 6.00 6.40 6.00 6.40 
2016/10/25 5.80 5.80 5.80 5.80 
2016/10/26 6.12 6.12 6.12 6.12 
2016/11/01 5.51 5.52 5.51 5.52 
2016/11/02 5.98 5.98 5.98 5.98 
2016/11/04 5.98 5.98 5.98 5.98 
2016/11/07 5.41 5.41 5.41 5.41 
2016/11/08 5.41 5.86 5.41 5.86 
2016/11/10 5.52 5.52 5.28 5.28 
2016/11/11 5.28 5.28 5.28 5.28 
2016/11/14 5.28 5.28 5.28 5.28 
2016/11/16 4.80 4.80 4.80 4.80 
2016/11/21 5.23 5.23 5.23 5.23 
2016/11/22 5.20 5.20 5.20 5.20 
2016/11/23 5.20 5.20 4.76 5.00 
2016/11/24 5.00 5.00 5.00 5.00 
2016/11/25 5.00 5.00 5.00 5.00 
2016/11/28 4.50 4.51 4.50 4.51 
2016/11/29 4.93 4.93 4.92 4.92 
2016/11/30 4.52 4.52 4.52 4.52 
2016/12/01 4.54 4.95 4.54 4.92 
2016/12/02 5.24 5.24 5.24 5.24 
2016/12/08 5.24 5.24 5.24 5.24 
2016/12/12 4.79 4.79 4.79 4.79 
2016/12/13 4.83 4.83 4.83 4.83 
2016/12/14 4.38 4.38 4.38 4.38 
2016/12/16 3.98 3.98 3.95 3.95 
2016/12/19 3.95 3.95 3.95 3.95 
2016/12/20 4.18 4.30 4.18 4.30 
2016/12/21 4.30 4.30 4.30 4.30 
2016/12/26 4.57 4.57 4.57 4.57 
2017/01/06 3.80 3.99 3.80 3.99 
2017/01/09 4.10 4.10 4.10 4.10 
2017/01/10 4.10 4.10 3.91 3.91 
2017/01/11 4.28 4.28 3.87 3.89 
2017/01/12 3.89 3.89 3.89 3.89 
2017/01/13 3.70 3.70 3.69 3.69 
2017/01/16 3.45 3.97 3.45 3.97 
2017/01/17 3.65 3.65 3.63 3.63 
2017/01/18 3.63 3.63 3.63 3.63 
2017/01/20 3.96 3.96 3.96 3.96 
2017/02/02 3.57 3.96 3.57 3.96 
2017/02/03 3.96 3.96 3.96 3.96 
2017/02/06 3.96 3.96 3.96 3.96 
2017/02/08 3.61 4.12 3.61 4.12 
