2016/07/01 118.00 118.50 116.50 116.50 
2016/07/04 116.50 117.50 115.00 116.00 
2016/07/05 117.50 117.50 116.00 116.00 
2016/07/06 116.00 116.00 113.00 114.00 
2016/07/07 115.00 115.50 112.50 114.00 
2016/07/11 118.00 120.00 116.50 119.00 
2016/07/12 119.00 120.50 117.50 118.50 
2016/07/13 119.50 122.00 118.50 118.50 
2016/07/14 119.50 130.00 118.50 126.50 
2016/07/15 127.00 133.50 127.00 130.50 
2016/07/18 130.50 134.00 126.00 133.00 
2016/07/19 132.00 133.00 130.00 130.50 
2016/07/20 127.00 127.00 118.00 122.00 
2016/07/21 121.00 123.00 119.00 120.00 
2016/07/22 120.00 121.50 120.00 120.50 
2016/07/25 121.00 121.00 118.00 118.50 
2016/07/26 118.50 119.50 118.00 119.00 
2016/07/27 120.00 122.50 120.00 120.00 
2016/07/28 120.00 120.50 118.50 119.00 
2016/07/29 119.00 122.50 119.00 120.50 
2016/08/01 121.50 122.00 120.00 121.00 
2016/08/02 120.50 122.00 119.50 120.00 
2016/08/03 119.50 120.00 118.50 119.50 
2016/08/04 121.00 124.50 121.00 124.00 
2016/08/05 124.00 125.00 122.50 123.50 
2016/08/08 123.50 124.50 122.50 122.50 
2016/08/09 122.50 123.50 120.50 120.50 
2016/08/10 120.50 122.00 120.00 120.00 
2016/08/11 119.00 120.00 117.00 117.00 
2016/08/12 118.50 119.00 117.00 117.00 
2016/08/15 117.00 119.50 117.00 119.00 
2016/08/16 119.50 120.50 118.50 118.50 
2016/08/17 119.50 119.50 118.00 118.00 
2016/08/18 117.50 119.00 117.00 117.50 
2016/08/19 118.00 118.50 117.00 117.00 
2016/08/22 117.00 118.00 116.00 117.50 
2016/08/23 117.50 117.50 114.50 115.00 
2016/08/24 116.00 116.50 113.00 114.00 
2016/08/25 113.50 115.50 113.50 115.00 
2016/08/26 115.00 115.00 113.00 113.50 
2016/08/29 113.50 114.50 112.00 113.00 
2016/08/30 110.50 111.50 109.50 110.50 
2016/08/31 110.50 111.00 110.00 110.00 
2016/09/01 110.00 111.00 106.00 108.00 
2016/09/02 107.50 109.00 101.50 102.00 
2016/09/05 102.00 102.00 99.70 102.00 
2016/09/06 102.50 105.50 101.00 105.00 
2016/09/07 105.00 105.00 103.00 104.00 
2016/09/08 104.00 110.50 103.50 109.00 
2016/09/09 108.00 109.00 105.50 108.00 
2016/09/10 104.00 108.00 104.00 107.50 
2016/09/12 108.00 108.50 107.00 107.50 
2016/09/13 108.00 108.50 105.50 106.50 
2016/09/14 105.00 107.50 105.00 106.00 
2016/09/19 106.50 109.00 106.50 108.50 
2016/09/20 107.50 108.50 106.00 106.50 
2016/09/21 106.00 106.50 103.00 104.00 
2016/09/22 104.00 105.50 101.50 103.50 
2016/09/23 104.00 104.00 102.50 103.00 
2016/09/26 102.50 102.50 100.00 100.50 
2016/09/29 93.90 94.90 90.50 94.90 
2016/09/30 94.00 94.00 92.10 93.00 
2016/10/03 93.00 93.50 91.60 92.40 
2016/10/04 92.10 94.00 91.60 92.00 
2016/10/05 91.00 96.50 88.10 96.00 
2016/10/06 95.60 98.50 95.10 96.10 
2016/10/07 96.20 96.90 95.20 96.00 
2016/10/11 98.00 100.00 96.10 98.10 
2016/10/12 98.10 98.70 96.60 97.90 
2016/10/13 98.40 99.00 97.60 97.60 
2016/10/14 97.00 97.00 94.50 94.60 
2016/10/17 94.20 94.20 91.60 92.30 
2016/10/18 91.60 94.40 90.50 94.40 
2016/10/19 94.30 96.00 93.70 95.00 
2016/10/20 95.00 95.00 94.00 94.20 
2016/10/21 95.00 97.00 94.50 96.10 
2016/10/24 96.50 98.00 95.70 96.70 
2016/10/25 97.00 97.80 96.80 97.50 
2016/10/26 97.50 97.90 97.20 97.80 
2016/10/27 97.80 98.30 96.70 97.10 
2016/10/28 97.80 98.10 96.80 97.10 
2016/10/31 98.00 98.00 96.50 97.20 
2016/11/01 97.50 97.50 96.10 96.60 
2016/11/02 96.00 96.10 94.20 94.20 
2016/11/03 94.10 94.80 92.90 94.10 
2016/11/04 94.10 94.30 93.30 94.00 
2016/11/07 94.80 96.20 94.80 95.10 
2016/11/08 96.50 96.50 94.70 95.40 
2016/11/09 96.20 96.20 88.00 88.70 
2016/11/10 92.50 93.70 91.70 93.20 
2016/11/11 92.40 92.40 90.00 91.50 
2016/11/14 91.80 92.20 89.70 91.50 
2016/11/15 90.50 92.90 90.50 91.00 
2016/11/16 92.70 93.00 91.80 92.90 
2016/11/17 93.00 95.50 93.00 94.20 
2016/11/18 94.40 96.60 94.40 95.40 
2016/11/21 96.00 96.00 94.60 95.00 
2016/11/22 95.60 95.80 95.00 95.40 
2016/11/23 95.50 97.80 95.50 96.90 
2016/11/24 97.70 98.00 95.70 95.70 
2016/11/25 96.50 96.50 95.80 96.00 
2016/11/28 96.50 96.50 95.10 95.10 
2016/11/29 95.50 97.60 94.80 97.60 
2016/11/30 98.30 101.50 98.30 100.00 
2016/12/01 101.50 102.50 100.00 100.50 
2016/12/02 99.30 104.00 99.20 103.50 
2016/12/05 103.50 104.00 102.00 103.00 
2016/12/06 106.00 109.00 105.00 106.50 
2016/12/07 108.50 110.50 107.00 108.50 
2016/12/08 110.00 110.50 107.00 107.50 
2016/12/09 108.00 108.00 107.00 107.50 
2016/12/12 108.00 108.00 105.50 106.50 
2016/12/13 107.50 110.00 106.50 110.00 
2016/12/14 112.00 112.00 110.00 110.00 
2016/12/15 109.00 110.00 106.00 108.50 
2016/12/16 109.50 109.50 106.50 106.50 
2016/12/19 106.00 107.00 104.50 105.50 
2016/12/20 106.00 106.50 105.00 106.00 
2016/12/21 103.50 103.50 100.00 100.50 
2016/12/22 100.50 102.00 98.20 101.50 
2016/12/23 101.00 102.00 100.00 100.00 
2016/12/26 101.00 101.00 98.50 99.00 
2016/12/27 98.00 100.50 97.60 100.50 
2016/12/28 100.00 101.00 99.70 100.50 
2016/12/29 100.50 100.50 99.80 100.50 
2016/12/30 101.50 102.00 99.50 102.00 
2017/01/03 101.00 101.50 99.30 99.30 
2017/01/04 100.00 100.00 98.60 99.00 
2017/01/05 99.00 104.50 99.00 103.50 
2017/01/06 103.00 104.50 101.50 102.00 
2017/01/09 101.50 102.00 99.00 99.00 
2017/01/10 99.60 101.00 98.80 100.00 
2017/01/11 101.50 102.00 99.00 99.00 
2017/01/12 98.70 99.60 98.00 99.00 
2017/01/13 99.00 99.00 97.60 98.00 
2017/01/16 97.00 97.00 95.10 95.10 
2017/01/17 89.00 93.20 88.50 93.00 
2017/01/18 91.80 94.40 90.70 93.00 
2017/01/19 93.10 93.40 92.30 92.50 
2017/01/20 92.00 93.50 92.00 92.50 
2017/01/23 92.90 93.00 91.70 91.80 
2017/01/24 92.50 94.20 92.50 93.50 
2017/02/02 93.80 94.60 93.00 93.00 
2017/02/03 92.80 94.00 92.20 93.40 
2017/02/06 94.10 102.50 94.10 102.00 
2017/02/07 102.00 102.50 99.60 100.50 
2017/02/08 101.00 102.00 100.00 101.50 
