2016/07/01 12.60 12.70 12.35 12.60 
2016/07/04 12.50 12.50 12.30 12.30 
2016/07/05 12.30 12.30 12.00 12.05 
2016/07/06 12.05 12.10 11.95 11.95 
2016/07/07 11.95 12.10 11.90 11.95 
2016/07/11 12.00 12.00 11.90 11.95 
2016/07/12 11.95 12.10 11.90 12.00 
2016/07/13 12.05 12.05 11.90 12.00 
2016/07/14 12.00 12.00 11.80 11.90 
2016/07/15 11.90 13.05 11.90 13.05 
2016/07/18 12.90 13.35 12.70 13.20 
2016/07/19 13.20 13.20 12.70 12.75 
2016/07/20 12.80 12.80 12.60 12.70 
2016/07/21 12.90 12.90 12.80 12.80 
2016/07/22 12.95 12.95 12.55 12.55 
2016/07/25 12.60 12.75 12.50 12.55 
2016/07/26 12.70 12.80 12.60 12.70 
2016/07/27 12.70 12.70 12.55 12.60 
2016/07/28 12.50 12.55 12.35 12.40 
2016/07/29 12.40 12.60 12.15 12.30 
2016/08/01 12.35 12.35 12.35 12.35 
2016/08/02 12.35 12.35 12.30 12.35 
2016/08/03 12.45 12.45 12.20 12.20 
2016/08/04 12.20 12.20 12.10 12.15 
2016/08/05 12.15 12.15 12.15 12.15 
2016/08/08 12.20 12.75 12.20 12.70 
2016/08/09 12.80 12.80 12.40 12.45 
2016/08/10 12.40 12.55 12.30 12.45 
2016/08/11 12.40 12.40 12.20 12.35 
2016/08/12 12.30 12.40 12.25 12.40 
2016/08/15 12.35 12.45 12.35 12.35 
2016/08/16 12.35 12.40 12.30 12.35 
2016/08/17 12.40 12.75 12.35 12.50 
2016/08/18 12.60 12.60 12.30 12.55 
2016/08/19 12.55 12.70 12.35 12.60 
2016/08/22 12.55 12.95 12.50 12.70 
2016/08/23 12.80 12.80 12.50 12.60 
2016/08/24 12.70 12.70 12.60 12.65 
2016/08/25 12.65 12.65 12.50 12.60 
2016/08/26 12.60 12.65 12.60 12.60 
2016/08/29 12.60 12.65 12.50 12.60 
2016/08/30 12.60 12.60 12.45 12.45 
2016/08/31 12.50 12.75 12.45 12.50 
2016/09/01 12.50 12.50 12.35 12.45 
2016/09/02 12.60 12.65 12.40 12.55 
2016/09/05 12.60 12.60 12.50 12.55 
2016/09/06 12.55 13.05 12.55 12.80 
2016/09/07 13.00 13.00 12.80 12.80 
2016/09/08 12.90 13.10 12.80 12.90 
2016/09/09 13.00 13.00 12.85 12.90 
2016/09/10 12.80 13.00 12.60 12.70 
2016/09/12 12.75 12.75 12.20 12.30 
2016/09/13 12.25 12.40 12.25 12.30 
2016/09/14 12.30 12.40 12.30 12.35 
2016/09/19 12.45 12.45 12.35 12.45 
2016/09/20 12.55 12.55 12.00 12.15 
2016/09/21 12.20 12.30 12.00 12.15 
2016/09/22 12.20 12.20 12.00 12.00 
2016/09/23 12.15 12.15 12.00 12.10 
2016/09/26 12.00 12.30 12.00 12.15 
2016/09/29 12.25 12.35 12.25 12.35 
2016/09/30 12.35 12.50 12.35 12.50 
2016/10/03 12.50 12.55 12.50 12.55 
2016/10/04 12.70 12.75 12.60 12.75 
2016/10/05 12.75 12.75 12.45 12.65 
2016/10/06 12.65 13.60 12.55 13.10 
2016/10/07 13.05 13.20 12.65 12.95 
2016/10/11 12.95 13.05 12.75 12.90 
2016/10/12 12.90 13.30 12.75 13.15 
2016/10/13 13.20 13.20 12.90 13.00 
2016/10/14 13.10 13.55 13.10 13.20 
2016/10/17 13.20 13.45 13.10 13.20 
2016/10/18 13.30 13.30 13.00 13.10 
2016/10/19 13.30 13.30 13.00 13.00 
2016/10/20 13.10 13.15 13.00 13.05 
2016/10/21 13.05 13.10 12.90 13.10 
2016/10/24 13.40 13.40 13.00 13.05 
2016/10/25 13.05 13.05 12.95 12.95 
2016/10/26 13.00 13.00 12.95 12.95 
2016/10/27 12.95 13.10 12.95 13.00 
2016/10/28 13.10 13.15 13.00 13.00 
2016/10/31 13.00 13.20 13.00 13.05 
2016/11/01 13.10 13.50 13.05 13.50 
2016/11/02 13.65 13.65 13.35 13.40 
2016/11/03 13.55 14.45 13.50 14.20 
2016/11/04 14.10 14.30 13.75 13.85 
2016/11/07 13.95 14.10 13.90 13.95 
2016/11/08 14.20 14.20 13.85 13.85 
2016/11/09 14.00 14.00 13.50 13.65 
2016/11/10 13.70 14.00 13.70 13.85 
2016/11/11 13.85 13.85 13.65 13.85 
2016/11/14 14.35 14.35 13.90 13.95 
2016/11/15 14.00 14.00 13.90 13.90 
2016/11/16 13.95 14.00 13.85 13.90 
2016/11/17 13.90 13.90 13.75 13.75 
2016/11/18 13.85 13.85 13.70 13.80 
2016/11/21 13.75 14.00 13.75 13.90 
2016/11/22 13.90 14.80 13.85 14.80 
2016/11/23 14.90 15.30 14.90 14.95 
2016/11/24 15.05 15.10 15.00 15.10 
2016/11/25 15.15 15.30 15.05 15.30 
2016/11/28 15.50 16.45 15.40 15.80 
2016/11/29 15.80 15.95 15.45 15.65 
2016/11/30 15.65 15.90 15.50 15.60 
2016/12/01 15.65 15.80 15.55 15.55 
2016/12/02 15.50 15.55 14.95 15.10 
2016/12/05 15.10 15.30 15.10 15.20 
2016/12/06 15.90 15.90 15.20 15.25 
2016/12/07 15.35 15.35 15.15 15.25 
2016/12/08 15.35 15.35 15.20 15.25 
2016/12/09 15.30 15.30 15.15 15.20 
2016/12/12 15.30 15.30 15.05 15.10 
2016/12/13 15.15 15.50 15.15 15.40 
2016/12/14 15.40 15.80 15.40 15.40 
2016/12/15 15.40 15.60 15.30 15.35 
2016/12/16 15.40 16.35 15.40 15.85 
2016/12/19 15.80 16.20 15.80 16.20 
2016/12/20 16.35 16.45 16.05 16.20 
2016/12/21 16.35 16.35 15.70 15.70 
2016/12/22 15.70 16.35 15.50 15.95 
2016/12/23 16.00 16.15 15.85 16.00 
2016/12/26 16.00 16.15 15.90 15.90 
2016/12/27 16.10 16.15 15.85 15.90 
2016/12/28 15.80 16.10 15.80 15.90 
2016/12/29 15.90 15.90 15.75 15.85 
2016/12/30 15.90 16.00 15.75 15.90 
2017/01/03 15.90 16.05 15.75 15.85 
2017/01/04 15.90 16.15 15.70 16.15 
2017/01/05 16.15 16.30 16.05 16.20 
2017/01/06 16.20 16.35 16.15 16.20 
2017/01/09 16.15 16.15 16.00 16.00 
2017/01/10 16.05 16.05 15.85 15.95 
2017/01/11 15.95 16.05 15.85 15.90 
2017/01/12 15.90 16.00 15.70 15.80 
2017/01/13 15.75 15.85 15.60 15.60 
2017/01/16 15.55 15.60 15.45 15.45 
2017/01/17 15.45 15.50 15.30 15.50 
2017/01/18 15.50 15.50 15.30 15.50 
2017/01/19 15.55 15.65 15.50 15.65 
2017/01/20 15.70 15.70 15.60 15.60 
2017/01/23 15.60 15.70 15.45 15.55 
2017/01/24 15.45 15.60 15.30 15.30 
2017/02/02 15.30 15.90 15.30 15.90 
2017/02/03 16.10 16.75 16.10 16.30 
2017/02/06 16.20 16.60 16.15 16.40 
2017/02/07 16.50 16.55 16.35 16.40 
2017/02/08 16.45 16.50 16.30 16.45 
