2016/07/01 17.70 17.70 17.35 17.65 
2016/07/04 17.40 17.75 17.40 17.75 
2016/07/05 17.55 17.75 17.50 17.55 
2016/07/06 17.60 17.60 17.50 17.60 
2016/07/07 17.60 17.80 17.55 17.80 
2016/07/11 17.80 18.00 17.70 17.85 
2016/07/12 17.60 17.65 17.40 17.65 
2016/07/13 17.65 17.70 17.45 17.65 
2016/07/14 17.55 17.70 17.50 17.70 
2016/07/15 17.55 17.75 17.45 17.75 
2016/07/18 17.75 17.85 17.75 17.75 
2016/07/19 17.75 17.85 17.75 17.85 
2016/07/20 17.90 17.95 17.90 17.95 
2016/07/21 17.95 19.70 17.95 19.70 
2016/07/22 20.00 21.50 20.00 20.50 
2016/07/25 20.10 20.45 19.25 19.55 
2016/07/26 19.45 19.65 19.35 19.65 
2016/07/27 20.00 20.95 19.35 19.35 
2016/07/28 19.70 19.70 19.00 19.05 
2016/07/29 19.05 19.25 18.85 18.85 
2016/08/01 18.85 19.05 18.85 18.85 
2016/08/02 19.00 19.10 18.85 19.05 
2016/08/03 18.85 19.00 18.75 19.00 
2016/08/04 19.00 19.00 18.65 18.70 
2016/08/05 18.80 18.80 18.65 18.80 
2016/08/08 19.10 19.10 18.85 19.05 
2016/08/09 18.95 18.95 18.75 18.80 
2016/08/10 18.50 18.70 18.50 18.60 
2016/08/11 18.40 18.80 18.40 18.55 
2016/08/12 18.30 18.40 17.70 17.70 
2016/08/15 17.10 17.35 17.00 17.25 
2016/08/16 17.50 17.50 17.25 17.40 
2016/08/17 17.45 17.50 17.40 17.40 
2016/08/18 17.40 17.60 17.40 17.60 
2016/08/19 17.60 17.60 17.50 17.55 
2016/08/22 17.55 17.55 17.30 17.35 
2016/08/23 17.45 17.45 17.30 17.30 
2016/08/24 17.40 17.50 17.30 17.50 
2016/08/25 17.50 17.55 17.50 17.50 
2016/08/26 17.50 17.50 17.30 17.45 
2016/08/29 17.50 17.50 17.10 17.45 
2016/08/30 17.40 17.40 17.20 17.40 
2016/08/31 17.40 17.90 17.40 17.90 
2016/09/01 18.20 18.20 17.70 17.90 
2016/09/02 17.75 17.75 17.50 17.50 
2016/09/05 17.65 17.65 17.40 17.65 
2016/09/06 17.65 17.70 17.50 17.70 
2016/09/07 17.60 17.75 17.55 17.60 
2016/09/08 17.70 17.80 17.65 17.80 
2016/09/09 17.50 17.90 17.50 17.90 
2016/09/10 17.60 17.85 17.55 17.80 
2016/09/12 17.60 17.80 17.60 17.70 
2016/09/13 17.90 19.45 17.90 18.10 
2016/09/14 18.10 18.10 17.35 17.35 
2016/09/19 17.80 17.80 17.45 17.55 
2016/09/20 18.10 18.10 17.55 17.70 
2016/09/21 17.70 17.85 17.65 17.70 
2016/09/22 17.90 18.50 17.75 18.15 
2016/09/23 18.20 18.30 18.10 18.25 
2016/09/26 18.20 18.20 17.90 18.05 
2016/09/29 18.40 18.40 18.05 18.15 
2016/09/30 18.10 18.10 17.70 17.70 
2016/10/03 17.95 18.05 17.80 18.05 
2016/10/04 17.60 18.25 17.60 18.15 
2016/10/05 18.05 18.30 18.00 18.00 
2016/10/06 18.20 18.30 18.00 18.30 
2016/10/07 18.15 18.20 18.10 18.20 
2016/10/11 18.05 18.05 17.20 17.40 
2016/10/12 17.40 17.40 17.20 17.30 
2016/10/13 17.40 17.40 17.20 17.35 
2016/10/14 17.25 17.65 17.15 17.35 
2016/10/17 17.20 17.25 17.20 17.20 
2016/10/18 17.45 17.45 17.15 17.35 
2016/10/19 17.80 17.80 17.40 17.40 
2016/10/20 17.60 17.60 17.35 17.60 
2016/10/21 17.50 17.50 17.25 17.30 
2016/10/24 17.25 17.25 17.10 17.15 
2016/10/25 17.15 17.30 17.15 17.20 
2016/10/26 17.20 17.20 17.10 17.15 
2016/10/27 17.15 17.35 17.05 17.30 
2016/10/28 17.05 17.80 17.00 17.80 
2016/10/31 17.70 18.30 17.50 18.30 
2016/11/01 17.85 18.10 17.85 17.90 
2016/11/02 17.65 17.65 17.65 17.65 
2016/11/03 17.50 17.70 17.20 17.30 
2016/11/04 17.35 17.35 17.15 17.25 
2016/11/07 17.35 17.35 17.15 17.15 
2016/11/08 17.05 17.30 17.05 17.10 
2016/11/09 17.05 17.20 16.50 16.60 
2016/11/10 16.50 16.75 16.50 16.70 
2016/11/11 16.60 16.90 16.45 16.45 
2016/11/14 15.95 16.35 15.90 16.00 
2016/11/15 16.30 16.30 16.10 16.10 
2016/11/16 15.80 16.00 15.80 15.85 
2016/11/17 15.80 16.20 15.60 15.60 
2016/11/18 15.95 16.20 15.90 16.20 
2016/11/21 16.15 16.20 16.15 16.20 
2016/11/22 16.20 16.30 16.20 16.20 
2016/11/23 16.90 16.90 16.10 16.10 
2016/11/24 16.05 16.05 16.05 16.05 
2016/11/25 16.05 16.95 15.85 16.90 
2016/11/28 16.90 17.25 16.45 17.25 
2016/11/29 16.85 17.50 16.70 17.30 
2016/11/30 17.00 18.00 16.90 18.00 
2016/12/01 17.95 17.95 17.55 17.55 
2016/12/02 17.60 17.65 17.50 17.65 
2016/12/05 17.40 17.40 17.00 17.00 
2016/12/06 17.20 17.40 17.05 17.25 
2016/12/07 17.00 17.60 16.90 17.60 
2016/12/08 17.55 17.55 17.20 17.20 
2016/12/09 16.75 17.00 16.75 16.80 
2016/12/12 16.85 16.85 16.50 16.75 
2016/12/13 16.80 16.90 16.80 16.80 
2016/12/14 16.80 17.10 16.80 17.10 
2016/12/15 16.90 16.90 16.85 16.85 
2016/12/16 17.00 17.00 16.90 16.95 
2016/12/19 16.95 16.95 16.75 16.75 
2016/12/20 16.70 16.85 16.70 16.75 
2016/12/21 16.90 16.90 16.80 16.90 
2016/12/22 16.80 17.00 16.80 17.00 
2016/12/23 17.00 17.00 16.90 16.90 
2016/12/26 16.90 16.90 16.80 16.90 
2016/12/27 16.80 16.90 16.80 16.80 
2016/12/28 16.90 17.05 16.90 17.05 
2016/12/29 16.60 16.85 16.60 16.85 
2016/12/30 16.85 17.15 16.85 17.05 
2017/01/03 16.95 16.95 16.95 16.95 
2017/01/04 16.85 16.95 16.80 16.85 
2017/01/05 16.85 16.90 16.80 16.90 
2017/01/06 16.75 17.00 16.75 16.90 
2017/01/09 16.95 17.00 16.90 16.90 
2017/01/10 16.95 17.00 16.95 17.00 
2017/01/11 17.00 17.10 17.00 17.10 
2017/01/12 17.00 17.05 16.85 17.00 
2017/01/13 16.85 16.85 16.55 16.55 
2017/01/16 16.60 16.95 16.60 16.95 
2017/01/17 16.95 18.00 16.95 17.70 
2017/01/18 17.70 17.70 17.20 17.20 
2017/01/19 17.20 17.30 17.10 17.25 
2017/01/20 17.15 17.15 16.90 16.90 
2017/01/23 16.90 17.00 16.90 17.00 
2017/01/24 17.15 17.30 17.10 17.30 
2017/02/02 17.30 17.30 16.95 16.95 
2017/02/03 17.00 17.10 16.95 17.10 
2017/02/06 17.10 17.10 17.05 17.05 
2017/02/07 17.00 17.15 17.00 17.10 
2017/02/08 17.15 17.25 17.10 17.10 
