2016/07/01 50.00 50.20 49.45 49.45 
2016/07/04 49.45 49.70 48.95 49.10 
2016/07/05 48.90 48.90 48.30 48.60 
2016/07/06 48.10 48.15 47.50 47.50 
2016/07/07 47.65 48.40 47.65 48.35 
2016/07/11 49.00 49.00 48.75 48.85 
2016/07/12 49.00 49.05 48.40 48.55 
2016/07/13 48.85 49.00 48.50 48.60 
2016/07/14 48.75 48.75 48.25 48.45 
2016/07/15 48.60 48.75 48.40 48.50 
2016/07/18 48.70 48.75 48.25 48.25 
2016/07/19 48.25 48.25 47.65 47.85 
2016/07/20 47.75 47.95 47.20 47.60 
2016/07/21 47.70 48.75 47.70 48.65 
2016/07/22 48.65 48.70 48.00 48.10 
2016/07/25 47.95 48.00 47.65 47.70 
2016/07/26 48.35 48.35 47.80 47.95 
2016/07/27 48.30 48.40 47.65 47.70 
2016/07/28 48.10 48.20 47.20 47.25 
2016/07/29 47.30 47.40 47.10 47.25 
2016/08/01 47.30 47.80 47.30 47.75 
2016/08/02 47.90 47.90 47.40 47.70 
2016/08/03 47.70 47.70 47.40 47.40 
2016/08/04 47.40 48.30 47.25 48.20 
2016/08/05 48.40 48.40 47.80 47.85 
2016/08/08 48.70 49.25 48.30 48.90 
2016/08/09 48.90 48.90 48.05 48.10 
2016/08/10 48.30 48.45 48.10 48.20 
2016/08/11 48.45 48.45 47.70 47.80 
2016/08/12 48.00 48.00 47.60 47.75 
2016/08/15 47.90 48.05 47.70 47.90 
2016/08/16 48.00 48.20 47.70 47.75 
2016/08/17 47.65 47.95 47.65 47.70 
2016/08/18 47.70 48.00 47.70 48.00 
2016/08/19 48.30 48.30 47.80 47.90 
2016/08/22 48.05 48.15 47.60 47.70 
2016/08/23 47.65 47.90 47.40 47.85 
2016/08/24 47.80 47.85 47.40 47.50 
2016/08/25 47.30 47.95 47.30 47.70 
2016/08/26 47.70 48.80 47.70 48.55 
2016/08/29 48.90 49.35 48.60 49.30 
2016/08/30 49.45 49.65 48.80 49.25 
2016/08/31 49.25 50.80 49.15 50.50 
2016/09/01 50.60 50.80 49.95 50.00 
2016/09/02 50.10 50.20 49.00 49.00 
2016/09/05 49.70 49.90 49.20 49.20 
2016/09/06 49.20 49.60 49.20 49.45 
2016/09/07 49.50 49.80 49.15 49.30 
2016/09/08 49.00 49.25 48.60 49.20 
2016/09/09 49.00 49.00 48.65 48.75 
2016/09/10 48.55 48.55 48.05 48.20 
2016/09/12 48.20 48.30 47.75 47.80 
2016/09/13 47.80 47.95 47.20 47.40 
2016/09/14 47.20 47.35 47.10 47.20 
2016/09/19 47.30 47.85 47.30 47.60 
2016/09/20 47.85 48.25 47.70 48.05 
2016/09/21 48.25 48.25 48.00 48.10 
2016/09/22 48.20 48.30 47.65 47.65 
2016/09/23 47.75 47.85 47.70 47.70 
2016/09/26 47.75 47.75 47.35 47.40 
2016/09/29 47.45 47.60 47.20 47.25 
2016/09/30 47.30 47.35 47.15 47.30 
2016/10/03 47.40 47.80 47.40 47.70 
2016/10/04 47.80 47.85 47.55 47.60 
2016/10/05 47.85 48.15 47.65 48.10 
2016/10/06 48.20 48.30 47.90 48.00 
2016/10/07 48.00 48.00 47.60 47.70 
2016/10/11 47.70 48.45 47.70 47.80 
2016/10/12 47.80 48.10 47.50 48.10 
2016/10/13 48.30 48.30 47.85 47.85 
2016/10/14 47.80 48.00 47.45 47.45 
2016/10/17 47.45 47.70 47.35 47.45 
2016/10/18 47.60 47.95 47.30 47.40 
2016/10/19 47.40 47.65 47.40 47.45 
2016/10/20 47.55 47.80 47.45 47.75 
2016/10/21 47.60 47.80 47.60 47.75 
2016/10/24 47.85 48.10 47.75 48.00 
2016/10/25 48.30 49.70 48.10 49.15 
2016/10/26 49.10 49.90 48.60 49.40 
2016/10/27 49.90 50.40 49.55 49.55 
2016/10/28 49.95 49.95 48.65 48.85 
2016/10/31 48.70 49.10 48.25 48.85 
2016/11/01 48.90 49.10 48.80 48.80 
2016/11/02 48.50 48.60 47.85 48.00 
2016/11/03 47.75 48.05 47.40 47.75 
2016/11/04 48.00 48.55 47.60 48.50 
2016/11/07 48.60 49.05 48.15 48.25 
2016/11/08 48.00 48.50 47.80 48.00 
2016/11/09 48.00 48.55 46.80 46.80 
2016/11/10 47.40 48.00 47.25 48.00 
2016/11/11 48.00 48.80 47.20 48.80 
2016/11/14 48.50 50.00 48.15 50.00 
2016/11/15 50.50 51.30 49.50 49.50 
2016/11/16 49.60 50.20 49.60 49.80 
2016/11/17 49.80 50.80 49.65 50.10 
2016/11/18 50.80 50.80 50.30 50.60 
2016/11/21 50.50 51.50 50.50 50.90 
2016/11/22 51.20 51.30 50.90 51.10 
2016/11/23 51.30 51.30 50.80 51.00 
2016/11/24 51.00 51.10 50.30 50.90 
2016/11/25 50.70 51.30 50.70 51.10 
2016/11/28 51.30 51.30 50.80 51.00 
2016/11/29 51.00 51.20 50.80 51.00 
2016/11/30 51.40 52.80 51.40 51.90 
2016/12/01 52.40 53.40 52.10 53.20 
2016/12/02 53.10 53.20 52.40 52.80 
2016/12/05 53.40 53.40 52.30 52.50 
2016/12/06 52.60 53.00 52.20 52.40 
2016/12/07 52.40 53.30 52.40 52.90 
2016/12/08 53.00 53.20 52.60 52.80 
2016/12/09 53.30 54.00 53.00 53.80 
2016/12/12 54.20 54.30 53.00 53.40 
2016/12/13 53.20 53.60 53.10 53.40 
2016/12/14 53.40 53.50 52.50 52.60 
2016/12/15 52.30 53.10 52.30 52.60 
2016/12/16 52.20 52.60 52.00 52.20 
2016/12/19 52.10 52.20 51.10 51.20 
2016/12/20 51.30 52.20 51.30 51.50 
2016/12/21 51.80 51.80 51.20 51.20 
2016/12/22 51.30 51.40 50.50 50.50 
2016/12/23 50.50 50.70 50.10 50.30 
2016/12/26 50.80 50.80 49.90 50.10 
2016/12/27 50.10 50.80 50.00 50.70 
2016/12/28 51.00 51.50 50.70 51.10 
2016/12/29 51.30 51.30 50.90 51.00 
2016/12/30 51.00 51.70 50.80 51.00 
2017/01/03 51.40 51.40 50.80 50.80 
2017/01/04 51.00 51.80 51.00 51.80 
2017/01/05 51.80 51.90 51.50 51.60 
2017/01/06 51.70 51.90 51.60 51.80 
2017/01/09 52.00 52.20 51.70 51.90 
2017/01/10 52.10 53.00 52.10 52.20 
2017/01/11 52.20 52.30 51.70 51.70 
2017/01/12 51.60 52.30 51.60 51.80 
2017/01/13 51.80 51.90 51.40 51.70 
2017/01/16 51.70 51.70 50.90 51.00 
2017/01/17 50.90 51.50 50.90 51.50 
2017/01/18 51.20 51.60 51.10 51.40 
2017/01/19 51.50 52.50 51.40 52.20 
2017/01/20 52.30 52.60 51.80 52.40 
2017/01/23 53.00 53.50 52.90 53.00 
2017/01/24 53.40 53.40 52.90 53.30 
2017/02/02 54.00 56.80 54.00 55.90 
2017/02/03 56.20 56.70 55.60 56.30 
2017/02/06 56.50 57.40 56.40 56.70 
2017/02/07 56.70 56.80 55.90 56.40 
2017/02/08 55.00 55.30 54.50 54.80 
