2016/07/01 21.85 22.10 21.85 21.85 
2016/07/04 22.40 22.40 21.95 22.20 
2016/07/05 22.25 22.25 22.05 22.05 
2016/07/06 22.05 22.05 21.65 21.90 
2016/07/07 22.45 22.45 21.80 21.85 
2016/07/11 22.00 22.00 21.95 22.00 
2016/07/12 22.00 22.00 21.70 22.00 
2016/07/13 22.40 24.20 22.05 24.20 
2016/07/14 26.60 26.60 26.25 26.60 
2016/07/15 29.20 29.25 28.70 29.25 
2016/07/18 29.35 32.00 29.25 30.55 
2016/07/19 30.55 30.90 29.65 30.80 
2016/07/20 31.50 31.50 30.25 30.30 
2016/07/21 30.50 31.10 29.25 29.90 
2016/07/22 30.20 30.20 29.50 30.00 
2016/07/25 29.50 29.80 28.80 29.30 
2016/07/26 29.00 29.65 29.00 29.35 
2016/07/27 29.20 29.55 28.35 28.50 
2016/07/28 28.85 29.90 28.60 28.80 
2016/07/29 28.80 28.80 28.35 28.40 
2016/08/01 28.35 29.50 28.35 29.40 
2016/08/02 28.90 29.50 28.85 29.20 
2016/08/03 28.60 32.10 28.50 32.10 
2016/08/04 32.80 34.20 32.40 34.20 
2016/08/05 34.40 34.60 31.55 31.55 
2016/08/08 33.70 34.70 33.20 33.85 
2016/08/09 33.45 33.65 31.50 31.50 
2016/08/10 31.25 32.50 31.20 31.30 
2016/08/11 32.00 32.00 30.10 30.35 
2016/08/12 30.55 32.90 30.55 31.30 
2016/08/15 30.75 31.55 30.65 31.30 
2016/08/16 31.50 31.85 30.80 30.85 
2016/08/17 30.85 31.30 30.60 30.80 
2016/08/18 31.35 32.20 30.85 32.00 
2016/08/19 32.30 34.10 32.00 32.15 
2016/08/22 32.30 32.30 30.75 30.80 
2016/08/23 31.35 32.30 31.25 31.60 
2016/08/24 31.70 31.70 30.85 30.90 
2016/08/25 30.70 31.10 30.55 30.55 
2016/08/26 31.15 31.25 30.60 30.85 
2016/08/29 30.80 31.00 30.20 30.20 
2016/08/30 30.30 30.50 29.25 29.25 
2016/08/31 28.60 29.00 28.60 28.70 
2016/09/01 28.70 29.20 28.65 28.65 
2016/09/02 28.65 28.65 26.60 26.65 
2016/09/05 27.40 27.45 26.95 27.20 
2016/09/06 27.15 28.10 27.15 27.85 
2016/09/07 28.05 28.25 27.50 27.50 
2016/09/08 28.00 30.25 28.00 30.25 
2016/09/09 29.70 31.30 29.55 30.25 
2016/09/10 28.70 29.60 28.70 29.20 
2016/09/12 29.20 29.20 28.40 28.60 
2016/09/13 29.00 29.20 28.10 28.15 
2016/09/14 27.90 28.40 27.15 27.55 
2016/09/19 27.65 28.50 27.65 28.05 
2016/09/20 28.00 28.15 27.60 28.05 
2016/09/21 28.20 30.85 28.20 30.85 
2016/09/22 30.10 30.70 29.50 29.55 
2016/09/23 29.70 29.70 27.75 28.30 
2016/09/26 27.90 28.20 27.90 28.05 
2016/09/29 28.30 28.70 28.15 28.25 
2016/09/30 28.05 28.35 27.85 28.35 
2016/10/03 28.35 28.55 28.25 28.30 
2016/10/04 28.30 28.95 28.30 28.85 
2016/10/05 26.70 27.35 26.35 26.90 
2016/10/06 26.80 27.45 26.70 26.80 
2016/10/07 26.80 26.80 26.45 26.50 
2016/10/11 26.60 26.60 24.50 24.70 
2016/10/12 24.70 24.80 23.65 24.50 
2016/10/13 24.50 24.50 23.80 23.85 
2016/10/14 23.85 23.85 22.50 22.70 
2016/10/17 22.80 23.70 22.10 23.45 
2016/10/18 23.60 23.95 23.60 23.90 
2016/10/19 24.20 24.20 23.75 23.75 
2016/10/20 23.45 23.60 23.30 23.60 
2016/10/21 23.85 23.85 23.30 23.65 
2016/10/24 23.60 24.25 23.60 24.10 
2016/10/25 24.10 24.15 23.80 24.05 
2016/10/26 24.40 24.40 23.50 23.60 
2016/10/27 23.60 23.90 23.55 23.55 
2016/10/28 23.55 23.55 22.90 23.45 
2016/10/31 23.05 23.25 22.90 23.00 
2016/11/01 23.10 24.05 23.05 23.10 
2016/11/02 23.10 23.10 22.40 22.80 
2016/11/03 22.80 22.80 22.30 22.45 
2016/11/04 22.45 22.75 22.35 22.40 
2016/11/07 22.40 22.85 22.30 22.50 
2016/11/08 22.50 22.50 22.05 22.05 
2016/11/09 22.05 22.20 21.30 21.75 
2016/11/10 22.00 22.00 21.30 21.80 
2016/11/11 21.80 21.80 21.35 21.45 
2016/11/14 21.45 21.70 21.35 21.50 
2016/11/15 22.00 22.00 21.55 21.55 
2016/11/16 22.15 22.15 21.50 21.50 
2016/11/17 21.40 22.00 21.30 22.00 
2016/11/18 21.55 22.45 21.55 22.20 
2016/11/21 22.20 22.40 22.10 22.20 
2016/11/22 22.20 22.90 22.20 22.35 
2016/11/23 22.70 22.70 22.40 22.45 
2016/11/24 22.60 22.80 22.50 22.55 
2016/11/25 22.50 22.50 22.25 22.30 
2016/11/28 22.30 22.40 22.15 22.15 
2016/11/29 22.05 22.35 22.00 22.20 
2016/11/30 22.30 22.30 21.90 22.30 
2016/12/01 22.35 22.35 22.00 22.05 
2016/12/02 21.95 22.30 21.90 22.00 
2016/12/05 22.00 22.50 22.00 22.50 
2016/12/06 22.80 22.80 22.35 22.35 
2016/12/07 22.35 22.40 22.25 22.25 
2016/12/08 22.35 23.40 22.35 23.00 
2016/12/09 23.15 23.15 22.60 22.85 
2016/12/12 23.10 25.10 23.10 25.10 
2016/12/13 25.30 25.90 24.25 24.25 
2016/12/14 24.45 26.65 24.45 26.65 
2016/12/15 26.80 28.90 26.60 28.20 
2016/12/16 28.00 28.70 27.55 27.65 
2016/12/19 27.65 27.95 26.30 27.60 
2016/12/20 27.50 27.50 26.25 26.30 
2016/12/21 26.55 26.80 26.15 26.20 
2016/12/22 26.20 26.45 24.65 24.75 
2016/12/23 24.90 25.55 24.85 25.00 
2016/12/26 25.00 25.50 24.55 24.75 
2016/12/27 24.80 25.10 24.70 24.70 
2016/12/28 24.80 26.20 24.80 25.05 
2016/12/29 25.80 25.95 25.40 25.65 
2016/12/30 26.10 26.90 25.90 26.10 
2017/01/03 26.80 27.50 26.55 26.80 
2017/01/04 26.80 27.35 26.55 26.55 
2017/01/05 26.10 26.50 26.00 26.25 
2017/01/06 26.25 26.30 26.00 26.00 
2017/01/09 26.00 26.25 25.50 25.50 
2017/01/10 25.60 25.70 25.15 25.20 
2017/01/11 26.00 26.30 25.40 25.45 
2017/01/12 25.55 25.60 25.30 25.50 
2017/01/13 25.20 25.40 25.15 25.20 
2017/01/16 25.20 25.20 24.70 24.70 
2017/01/17 24.70 25.00 24.70 24.90 
2017/01/18 25.80 25.80 25.05 25.25 
2017/01/19 25.30 25.30 25.00 25.05 
2017/01/20 24.85 25.00 24.75 24.75 
2017/01/23 24.90 25.15 24.80 25.10 
2017/01/24 25.10 25.10 24.70 24.90 
2017/02/02 24.90 25.00 24.60 24.60 
2017/02/03 25.00 25.05 24.55 25.05 
2017/02/06 25.50 25.60 24.80 25.00 
2017/02/07 25.40 25.40 24.85 25.00 
2017/02/08 25.00 25.00 24.80 24.95 
