2016/07/01 7.11 7.15 7.11 7.13 
2016/07/04 7.15 7.22 7.15 7.22 
2016/07/05 7.20 7.22 7.13 7.14 
2016/07/06 7.21 7.26 7.14 7.20 
2016/07/07 7.20 7.34 7.19 7.19 
2016/07/11 7.22 7.90 7.22 7.90 
2016/07/12 8.20 8.56 8.15 8.15 
2016/07/13 8.24 8.24 7.90 7.90 
2016/07/14 7.99 8.15 7.89 8.05 
2016/07/15 8.13 8.13 7.81 7.88 
2016/07/18 7.92 8.09 7.92 8.05 
2016/07/19 7.95 8.05 7.92 7.92 
2016/07/20 7.92 8.00 7.88 7.90 
2016/07/21 8.00 8.69 8.00 8.69 
2016/07/22 9.00 9.48 8.86 8.86 
2016/07/25 8.86 8.99 8.50 8.63 
2016/07/26 8.56 8.67 8.53 8.60 
2016/07/27 8.68 9.12 8.67 8.85 
2016/07/28 8.80 8.98 8.80 8.85 
2016/07/29 8.81 9.00 8.73 8.76 
2016/08/01 9.00 9.00 8.81 8.86 
2016/08/02 8.95 8.95 8.83 8.88 
2016/08/03 8.84 8.87 8.70 8.70 
2016/08/04 8.70 8.73 8.60 8.69 
2016/08/05 8.62 8.79 8.60 8.70 
2016/08/08 8.71 8.78 8.66 8.66 
2016/08/09 8.67 9.27 8.67 9.06 
2016/08/10 9.24 9.75 9.12 9.21 
2016/08/11 9.01 9.01 8.51 8.81 
2016/08/12 8.81 8.81 8.63 8.66 
2016/08/15 8.40 8.45 8.20 8.23 
2016/08/16 8.06 8.25 8.06 8.11 
2016/08/17 8.06 8.32 8.05 8.30 
2016/08/18 8.35 8.35 8.20 8.20 
2016/08/19 8.35 8.35 8.10 8.11 
2016/08/22 8.10 8.18 7.95 7.95 
2016/08/23 7.95 8.05 7.91 8.02 
2016/08/24 8.22 8.22 7.81 7.96 
2016/08/25 7.95 8.16 7.88 7.98 
2016/08/26 8.04 8.12 8.04 8.08 
2016/08/29 8.06 8.40 8.03 8.20 
2016/08/30 8.20 8.33 8.20 8.20 
2016/08/31 8.20 8.42 8.17 8.24 
2016/09/01 8.20 8.32 8.20 8.28 
2016/09/02 7.46 7.94 7.46 7.67 
2016/09/05 7.71 8.04 7.71 8.00 
2016/09/06 8.00 8.00 7.88 8.00 
2016/09/07 8.06 8.11 7.91 8.07 
2016/09/08 8.01 8.01 7.83 7.86 
2016/09/09 7.84 7.90 7.84 7.84 
2016/09/10 7.69 7.73 7.68 7.71 
2016/09/12 7.86 7.87 7.65 7.66 
2016/09/13 7.86 7.98 7.68 7.72 
2016/09/14 7.68 7.84 7.61 7.61 
2016/09/19 7.68 7.80 7.52 7.62 
2016/09/20 7.62 7.75 7.62 7.71 
2016/09/21 7.68 7.84 7.66 7.81 
2016/09/22 7.80 7.87 7.75 7.86 
2016/09/23 7.86 7.86 7.62 7.83 
2016/09/26 7.75 7.82 7.71 7.75 
2016/09/29 7.84 8.13 7.84 8.01 
2016/09/30 8.09 8.09 7.66 7.66 
2016/10/03 7.70 7.83 7.68 7.83 
2016/10/04 7.74 7.98 7.74 7.93 
2016/10/05 7.75 7.89 7.70 7.71 
2016/10/06 7.71 7.76 7.62 7.65 
2016/10/07 7.50 7.62 7.48 7.53 
2016/10/11 7.59 7.67 7.30 7.46 
2016/10/12 7.24 7.46 7.24 7.36 
2016/10/13 7.32 7.41 7.32 7.41 
2016/10/14 7.20 7.35 7.19 7.23 
2016/10/17 7.23 7.25 7.10 7.15 
2016/10/18 7.11 7.15 7.11 7.12 
2016/10/19 7.15 7.27 7.15 7.27 
2016/10/20 7.26 7.26 7.20 7.26 
2016/10/21 7.26 7.26 7.18 7.23 
2016/10/24 7.23 7.23 7.22 7.23 
2016/10/25 7.28 7.95 7.28 7.95 
2016/10/26 8.25 8.74 8.07 8.26 
2016/10/27 8.20 8.97 8.11 8.82 
2016/10/28 8.99 9.09 8.53 8.56 
2016/10/31 8.30 8.47 8.20 8.22 
2016/11/01 8.22 8.30 8.09 8.09 
2016/11/02 8.05 8.10 7.85 7.85 
2016/11/03 7.85 8.08 7.66 7.66 
2016/11/04 7.90 7.90 7.75 7.80 
2016/11/07 7.99 8.08 7.86 7.86 
2016/11/08 7.86 7.86 7.62 7.65 
2016/11/09 7.62 7.63 7.34 7.36 
2016/11/10 7.41 7.73 7.41 7.72 
2016/11/11 7.57 7.84 7.43 7.43 
2016/11/14 7.21 7.36 7.21 7.28 
2016/11/15 7.47 7.73 7.22 7.23 
2016/11/16 7.30 7.30 7.23 7.23 
2016/11/17 7.38 7.38 7.14 7.18 
2016/11/18 7.32 7.47 7.26 7.29 
2016/11/21 7.40 7.45 7.33 7.33 
2016/11/22 7.33 7.47 7.33 7.39 
2016/11/23 7.75 7.75 7.35 7.35 
2016/11/24 7.23 7.28 7.23 7.24 
2016/11/25 7.24 7.28 7.24 7.26 
2016/11/28 7.21 7.38 7.21 7.27 
2016/11/29 7.22 7.33 7.22 7.30 
2016/11/30 7.20 7.25 7.20 7.22 
2016/12/01 7.22 7.24 7.20 7.20 
2016/12/02 7.20 7.22 7.20 7.22 
2016/12/05 7.22 7.45 7.22 7.27 
2016/12/06 7.27 7.45 7.27 7.30 
2016/12/07 7.30 7.33 7.30 7.32 
2016/12/08 7.40 7.45 7.34 7.36 
2016/12/09 7.36 7.43 7.33 7.43 
2016/12/12 7.43 7.43 7.35 7.40 
2016/12/13 7.40 7.48 7.40 7.48 
2016/12/14 7.48 7.48 7.32 7.32 
2016/12/15 7.25 7.39 7.19 7.23 
2016/12/16 7.23 7.40 7.23 7.25 
2016/12/19 7.25 7.39 7.25 7.25 
2016/12/20 7.37 7.52 7.26 7.29 
2016/12/21 7.29 7.42 7.29 7.31 
2016/12/22 7.29 7.29 7.25 7.25 
2016/12/23 7.30 7.66 7.30 7.65 
2016/12/26 7.70 7.88 7.55 7.55 
2016/12/27 7.60 7.65 7.55 7.58 
2016/12/28 7.58 7.92 7.55 7.78 
2016/12/29 7.71 8.05 7.71 7.81 
2016/12/30 7.80 7.97 7.76 7.77 
2017/01/03 7.90 7.90 7.77 7.85 
2017/01/04 7.97 7.97 7.70 7.79 
2017/01/05 7.79 7.85 7.78 7.85 
2017/01/06 7.85 7.85 7.64 7.72 
2017/01/09 7.72 7.72 7.51 7.54 
2017/01/10 7.61 7.61 7.59 7.60 
2017/01/11 7.60 7.60 7.50 7.50 
2017/01/12 7.52 7.76 7.52 7.72 
2017/01/13 7.84 7.84 7.63 7.63 
2017/01/16 7.63 7.63 7.60 7.61 
2017/01/17 7.56 7.65 7.56 7.60 
2017/01/18 7.70 7.83 7.60 7.61 
2017/01/19 7.71 7.94 7.70 7.83 
2017/01/20 7.87 7.89 7.76 7.76 
2017/01/23 7.80 8.25 7.80 8.20 
2017/01/24 8.24 8.25 8.00 8.12 
2017/02/02 8.11 8.24 7.62 7.66 
2017/02/03 7.85 8.42 7.80 8.00 
2017/02/06 8.03 8.46 8.03 8.12 
2017/02/07 8.20 8.25 8.08 8.12 
2017/02/08 8.17 8.58 8.17 8.54 
