2016/07/01 7.08 7.08 6.55 6.60 
2016/07/04 6.64 6.94 6.64 6.72 
2016/07/05 6.70 6.70 6.41 6.48 
2016/07/06 6.40 6.70 6.40 6.54 
2016/07/07 6.54 6.66 6.43 6.52 
2016/07/11 6.55 6.67 6.51 6.52 
2016/07/12 6.52 6.58 6.30 6.30 
2016/07/13 6.25 6.49 6.25 6.35 
2016/07/14 6.35 6.39 6.25 6.32 
2016/07/15 6.32 6.40 6.29 6.33 
2016/07/18 6.30 6.36 6.27 6.30 
2016/07/19 6.30 6.33 6.26 6.30 
2016/07/20 6.30 6.68 6.30 6.48 
2016/07/21 6.57 6.66 6.42 6.47 
2016/07/22 6.42 6.55 6.40 6.46 
2016/07/25 6.42 6.47 6.41 6.45 
2016/07/26 6.45 6.45 6.42 6.45 
2016/07/27 6.47 6.47 6.40 6.44 
2016/07/28 6.50 6.67 6.45 6.47 
2016/07/29 6.50 6.61 6.50 6.59 
2016/08/01 6.67 6.67 6.57 6.57 
2016/08/02 6.59 6.62 6.51 6.53 
2016/08/03 6.36 6.65 6.36 6.63 
2016/08/04 6.66 6.78 6.66 6.70 
2016/08/05 6.65 6.78 6.61 6.78 
2016/08/08 6.78 6.86 6.75 6.84 
2016/08/09 6.88 6.90 6.72 6.83 
2016/08/10 6.76 6.78 6.69 6.69 
2016/08/11 6.60 6.63 6.40 6.47 
2016/08/12 6.78 7.11 6.78 7.11 
2016/08/15 7.23 7.50 7.10 7.33 
2016/08/16 7.40 7.40 7.19 7.23 
2016/08/17 7.29 7.29 7.05 7.07 
2016/08/18 7.13 7.20 6.99 6.99 
2016/08/19 7.02 7.68 7.00 7.68 
2016/08/22 7.90 8.27 7.80 7.85 
2016/08/23 7.74 8.18 7.50 8.09 
2016/08/24 8.18 8.61 8.09 8.35 
2016/08/25 8.40 8.45 8.12 8.25 
2016/08/26 8.29 8.59 8.20 8.20 
2016/08/29 8.15 8.25 7.90 7.93 
2016/08/30 8.00 8.27 8.00 8.20 
2016/08/31 8.20 8.29 8.08 8.09 
2016/09/01 8.09 8.20 7.81 7.81 
2016/09/02 7.81 7.94 7.60 7.61 
2016/09/05 7.73 7.77 7.56 7.64 
2016/09/06 7.76 7.76 7.58 7.65 
2016/09/07 7.65 7.77 7.47 7.68 
2016/09/08 7.68 7.76 7.64 7.68 
2016/09/09 7.68 7.94 7.68 7.70 
2016/09/10 7.65 7.84 7.65 7.68 
2016/09/12 7.63 7.85 7.63 7.80 
2016/09/13 7.97 7.97 7.70 7.70 
2016/09/14 7.70 7.79 7.64 7.70 
2016/09/19 7.78 7.78 7.70 7.71 
2016/09/20 7.70 7.77 7.69 7.72 
2016/09/21 7.83 7.96 7.70 7.88 
2016/09/22 7.88 7.88 7.60 7.64 
2016/09/23 7.66 7.72 7.60 7.66 
2016/09/26 7.67 7.78 7.62 7.62 
2016/09/29 7.62 7.69 7.57 7.60 
2016/09/30 7.58 7.64 7.54 7.61 
2016/10/03 7.63 7.69 7.56 7.65 
2016/10/04 7.60 7.64 7.57 7.63 
2016/10/05 7.79 7.79 7.60 7.60 
2016/10/06 7.58 7.61 7.55 7.55 
2016/10/07 7.54 7.58 7.41 7.48 
2016/10/11 7.48 7.52 7.20 7.20 
2016/10/12 7.12 7.39 7.00 7.14 
2016/10/13 7.15 7.32 7.15 7.16 
2016/10/14 7.24 7.25 7.05 7.14 
2016/10/17 7.20 7.20 7.00 7.15 
2016/10/18 7.02 7.15 7.02 7.06 
2016/10/19 7.17 7.40 7.10 7.25 
2016/10/20 7.36 7.36 7.20 7.23 
2016/10/21 7.23 7.38 7.19 7.20 
2016/10/24 7.20 7.28 7.20 7.20 
2016/10/25 7.24 7.25 7.14 7.23 
2016/10/26 7.23 7.26 7.16 7.16 
2016/10/27 7.24 7.24 7.15 7.15 
2016/10/28 7.14 7.19 7.10 7.10 
2016/10/31 7.15 7.19 7.00 7.00 
2016/11/01 7.01 7.07 6.98 7.00 
2016/11/02 7.11 7.11 6.80 6.80 
2016/11/03 6.80 7.00 6.80 6.90 
2016/11/04 6.90 6.91 6.86 6.86 
2016/11/07 6.79 7.42 6.79 7.12 
2016/11/08 7.24 7.24 7.03 7.03 
2016/11/09 7.04 7.12 6.55 6.80 
2016/11/10 6.82 7.08 6.82 7.00 
2016/11/11 7.04 7.04 6.91 6.92 
2016/11/14 7.06 7.14 6.87 6.98 
2016/11/15 7.10 7.17 7.06 7.10 
2016/11/16 7.20 7.27 7.07 7.14 
2016/11/17 7.10 7.16 6.99 7.06 
2016/11/18 7.18 7.18 7.12 7.12 
2016/11/21 7.12 7.20 7.08 7.16 
2016/11/22 7.12 7.18 7.12 7.16 
2016/11/23 7.21 7.23 7.18 7.18 
2016/11/24 7.22 7.22 7.15 7.19 
2016/11/25 7.17 7.20 7.10 7.11 
2016/11/28 7.08 7.34 7.03 7.34 
2016/11/29 7.23 7.65 7.23 7.41 
2016/11/30 7.53 7.53 7.42 7.43 
2016/12/01 7.54 7.54 7.34 7.46 
2016/12/02 7.44 7.44 7.31 7.39 
2016/12/05 7.40 7.54 7.35 7.44 
2016/12/06 7.55 7.55 7.35 7.37 
2016/12/07 7.34 7.55 7.34 7.47 
2016/12/08 7.50 7.60 7.44 7.47 
2016/12/09 7.50 7.50 7.35 7.35 
2016/12/12 7.36 7.39 7.15 7.16 
2016/12/13 7.16 7.25 7.10 7.18 
2016/12/14 7.29 7.29 7.13 7.13 
2016/12/15 7.23 7.23 7.17 7.19 
2016/12/16 7.20 7.23 7.16 7.20 
2016/12/19 7.21 7.31 7.21 7.23 
2016/12/20 7.31 7.35 7.23 7.31 
2016/12/21 7.31 7.42 7.31 7.33 
2016/12/22 7.35 7.40 7.25 7.25 
2016/12/23 7.34 7.34 7.25 7.30 
2016/12/26 7.35 7.64 7.30 7.39 
2016/12/27 7.43 7.46 7.34 7.34 
2016/12/28 7.38 7.42 7.26 7.26 
2016/12/29 7.26 7.34 7.25 7.26 
2016/12/30 7.26 7.31 7.25 7.26 
2017/01/03 7.32 7.32 7.26 7.29 
2017/01/04 7.29 7.41 7.28 7.30 
2017/01/05 7.30 7.54 7.26 7.52 
2017/01/06 7.59 7.65 7.46 7.50 
2017/01/09 7.50 7.51 7.39 7.46 
2017/01/10 7.50 7.59 7.36 7.59 
2017/01/11 7.60 7.86 7.60 7.80 
2017/01/12 7.81 7.83 7.65 7.65 
2017/01/13 7.65 7.70 7.60 7.64 
2017/01/16 7.73 7.86 7.56 7.64 
2017/01/17 7.60 7.65 7.49 7.55 
2017/01/18 7.52 7.56 7.40 7.43 
2017/01/19 7.45 7.51 7.45 7.45 
2017/01/20 7.45 7.49 7.38 7.39 
2017/01/23 7.41 7.44 7.33 7.36 
2017/01/24 7.33 7.40 7.31 7.33 
2017/02/02 7.45 7.50 7.35 7.38 
2017/02/03 7.38 7.45 7.36 7.44 
2017/02/06 7.46 7.57 7.46 7.50 
2017/02/07 7.50 7.65 7.45 7.60 
2017/02/08 7.65 7.71 7.52 7.67 
