2016/07/01 6.43 6.58 6.42 6.53 
2016/07/04 6.56 6.75 6.55 6.69 
2016/07/05 6.58 6.90 6.58 6.75 
2016/07/06 6.65 6.65 6.42 6.65 
2016/07/07 6.65 6.96 6.60 6.80 
2016/07/11 6.86 7.06 6.86 6.99 
2016/07/12 6.99 6.99 6.81 6.87 
2016/07/13 7.02 7.02 6.81 6.87 
2016/07/14 6.71 6.98 6.71 6.91 
2016/07/15 6.90 6.98 6.87 6.87 
2016/07/18 6.87 6.94 6.86 6.86 
2016/07/19 6.90 7.04 6.86 6.91 
2016/07/20 7.00 7.40 6.96 7.25 
2016/07/21 7.25 7.60 7.20 7.20 
2016/07/22 7.20 7.49 7.16 7.38 
2016/07/25 7.38 7.46 7.22 7.40 
2016/07/26 7.39 7.46 7.33 7.40 
2016/07/27 7.39 7.48 7.33 7.38 
2016/07/28 7.40 7.53 7.38 7.38 
2016/07/29 7.45 7.47 7.39 7.39 
2016/08/01 7.48 8.12 7.48 8.12 
2016/08/02 8.50 8.93 8.50 8.93 
2016/08/03 9.45 9.82 9.00 9.82 
2016/08/04 10.50 10.80 10.40 10.80 
2016/08/05 11.70 11.75 10.50 10.95 
2016/08/08 10.80 11.25 10.70 10.95 
2016/08/09 10.70 10.95 9.86 10.20 
2016/08/10 10.25 10.70 10.25 10.70 
2016/08/11 10.90 10.90 10.55 10.70 
2016/08/12 10.80 11.75 10.80 11.75 
2016/08/15 12.70 12.90 12.70 12.90 
2016/08/16 13.20 13.20 12.50 13.10 
2016/08/17 13.20 13.40 12.85 13.10 
2016/08/18 12.85 13.75 12.85 13.50 
2016/08/19 13.25 14.20 13.25 14.00 
2016/08/22 14.20 14.50 14.00 14.30 
2016/08/23 14.50 15.70 14.50 15.70 
2016/08/24 16.00 17.25 15.55 17.25 
2016/08/25 17.50 18.25 17.00 17.35 
2016/08/26 17.65 17.75 16.00 16.40 
2016/08/29 16.15 16.80 15.15 15.70 
2016/08/30 16.00 16.60 16.00 16.35 
2016/08/31 16.15 17.85 16.15 17.10 
2016/09/01 17.00 17.70 16.20 16.45 
2016/09/02 16.50 16.75 15.25 15.80 
2016/09/05 16.00 16.10 14.90 15.30 
2016/09/06 15.45 15.80 15.25 15.60 
2016/09/07 15.70 16.75 15.55 16.10 
2016/09/08 15.80 16.30 15.80 16.20 
2016/09/09 16.00 16.40 16.00 16.10 
2016/09/10 15.90 16.10 15.65 16.10 
2016/09/12 16.20 16.40 15.85 15.95 
2016/09/13 15.95 16.00 15.45 15.85 
2016/09/14 15.55 15.95 15.50 15.65 
2016/09/19 15.65 16.90 15.65 16.35 
2016/09/20 16.45 16.85 16.30 16.55 
2016/09/21 16.55 16.55 16.10 16.15 
2016/09/22 16.40 16.40 15.90 16.25 
2016/09/23 16.10 16.35 15.90 16.25 
2016/09/26 16.20 16.85 16.15 16.50 
2016/09/29 16.90 17.20 15.90 16.10 
2016/09/30 15.90 16.20 15.70 15.90 
2016/10/03 15.85 15.85 15.40 15.45 
2016/10/04 15.20 15.50 15.15 15.20 
2016/10/05 15.30 15.40 14.60 14.70 
2016/10/06 14.70 15.60 14.60 15.60 
2016/10/07 15.60 15.70 15.20 15.30 
2016/10/11 15.05 15.15 14.75 15.00 
2016/10/12 14.80 15.15 14.80 15.05 
2016/10/13 15.05 15.30 15.05 15.20 
2016/10/14 15.05 15.10 14.85 14.90 
2016/10/17 14.90 15.10 14.85 15.10 
2016/10/18 15.15 15.25 15.05 15.05 
2016/10/19 14.95 15.30 14.95 15.10 
2016/10/20 15.10 16.60 15.10 16.60 
2016/10/21 16.85 17.85 16.60 16.60 
2016/10/24 16.55 16.55 15.95 15.95 
2016/10/25 16.10 17.30 16.10 16.80 
2016/10/26 16.75 16.90 16.45 16.65 
2016/10/27 16.85 18.20 16.85 17.10 
2016/10/28 17.10 18.50 17.00 18.15 
2016/10/31 17.85 18.40 17.65 18.05 
2016/11/01 18.35 19.50 18.20 18.40 
2016/11/02 18.20 18.25 17.60 17.65 
2016/11/03 17.65 18.15 17.10 17.45 
2016/11/04 17.80 18.10 17.40 17.45 
2016/11/07 17.45 17.75 17.30 17.45 
2016/11/08 17.45 17.50 17.10 17.45 
2016/11/09 17.45 17.55 16.50 16.50 
2016/11/10 17.30 17.50 16.90 17.50 
2016/11/11 17.30 17.30 17.00 17.10 
2016/11/14 17.05 17.25 16.50 16.75 
2016/11/15 16.70 17.30 16.70 17.10 
2016/11/16 17.10 17.50 17.10 17.20 
2016/11/17 17.30 17.90 17.05 17.75 
2016/11/18 17.90 19.35 17.90 18.65 
2016/11/21 18.95 19.30 18.60 18.60 
2016/11/22 18.90 18.95 18.30 18.50 
2016/11/23 18.70 19.50 18.60 18.65 
2016/11/24 18.70 18.90 18.55 18.60 
2016/11/25 18.65 18.80 18.35 18.40 
2016/11/28 18.45 19.20 18.45 18.50 
2016/11/29 18.55 18.65 18.10 18.10 
2016/11/30 18.10 18.55 18.10 18.25 
2016/12/01 18.25 18.50 18.15 18.40 
2016/12/02 18.40 18.75 18.20 18.60 
2016/12/05 18.60 19.30 18.45 18.75 
2016/12/06 18.75 19.50 18.60 19.45 
2016/12/07 20.10 20.85 19.95 20.05 
2016/12/08 20.10 20.45 19.70 20.40 
2016/12/09 20.85 20.85 20.20 20.45 
2016/12/12 20.50 22.30 20.35 22.30 
2016/12/13 22.80 24.50 22.60 24.50 
2016/12/14 25.30 25.30 24.05 24.95 
2016/12/15 24.75 26.15 24.05 26.10 
2016/12/16 26.20 26.80 25.50 25.70 
2016/12/19 25.55 25.70 24.10 24.25 
2016/12/20 24.40 26.40 23.60 25.90 
2016/12/21 25.80 26.30 25.30 25.50 
2016/12/22 25.50 25.50 24.85 24.85 
2016/12/23 24.50 25.80 24.50 24.60 
2016/12/26 24.30 24.90 24.00 24.25 
2016/12/27 24.10 24.65 24.05 24.45 
2016/12/28 24.20 25.60 24.20 24.40 
2016/12/29 24.25 24.90 24.25 24.65 
2016/12/30 24.75 25.10 24.25 24.25 
2017/01/03 24.25 24.70 24.05 24.45 
2017/01/04 24.80 26.85 24.80 26.85 
2017/01/05 27.10 28.60 24.80 25.00 
2017/01/06 24.85 25.25 24.50 25.15 
2017/01/09 25.25 25.35 24.60 24.85 
2017/01/10 25.00 25.35 24.65 25.00 
2017/01/11 25.00 25.60 24.85 24.90 
2017/01/12 25.00 25.30 24.70 24.95 
2017/01/13 25.00 25.80 24.95 25.05 
2017/01/16 25.30 25.30 24.90 25.00 
2017/01/17 25.00 25.40 25.00 25.30 
2017/01/18 25.30 25.40 25.00 25.05 
2017/01/19 25.20 25.70 25.05 25.45 
2017/01/20 25.45 27.30 25.30 26.35 
2017/01/23 26.05 26.95 26.05 26.05 
2017/01/24 26.20 26.40 26.05 26.20 
2017/02/02 26.30 26.95 26.05 26.70 
2017/02/03 27.65 29.35 27.60 28.70 
2017/02/06 29.30 29.80 28.25 28.25 
2017/02/07 28.00 28.65 27.80 28.65 
2017/02/08 28.65 29.30 28.25 28.25 
