2016/07/01 16.20 16.35 16.15 16.35 
2016/07/04 16.25 16.35 16.15 16.35 
2016/07/05 16.20 16.40 16.20 16.40 
2016/07/06 16.40 16.45 16.25 16.45 
2016/07/07 16.35 16.45 16.25 16.45 
2016/07/11 16.40 16.50 16.30 16.50 
2016/07/12 16.50 17.00 16.50 17.00 
2016/07/13 17.10 18.70 17.10 18.70 
2016/07/14 19.35 20.10 18.70 18.70 
2016/07/15 18.75 19.20 18.50 19.10 
2016/07/18 19.40 19.45 18.50 18.70 
2016/07/19 18.80 18.85 17.90 18.00 
2016/07/20 18.00 18.80 18.00 18.50 
2016/07/21 18.65 18.65 18.05 18.15 
2016/07/22 18.20 18.85 18.20 18.55 
2016/07/25 18.75 18.75 18.20 18.45 
2016/07/26 18.60 18.60 18.25 18.30 
2016/07/27 18.30 18.55 18.25 18.40 
2016/07/28 18.40 18.40 18.25 18.40 
2016/07/29 17.40 17.40 17.05 17.15 
2016/08/01 17.15 17.15 16.70 16.95 
2016/08/02 16.90 17.00 16.85 17.00 
2016/08/03 16.85 17.25 16.85 17.05 
2016/08/04 17.00 17.10 17.00 17.00 
2016/08/05 16.95 17.10 16.95 17.10 
2016/08/08 17.10 17.20 17.10 17.20 
2016/08/09 17.20 17.25 17.05 17.20 
2016/08/10 17.25 17.25 16.90 17.10 
2016/08/11 17.40 17.60 16.90 17.40 
2016/08/12 17.20 17.35 16.95 17.25 
2016/08/15 17.25 17.25 15.70 16.70 
2016/08/16 16.70 16.80 16.70 16.80 
2016/08/17 16.95 17.05 16.60 17.05 
2016/08/18 16.90 17.00 16.90 16.95 
2016/08/19 17.00 17.20 16.90 17.00 
2016/08/22 16.80 16.90 16.55 16.65 
2016/08/23 16.55 16.85 16.55 16.85 
2016/08/24 16.80 16.95 16.65 16.95 
2016/08/25 17.00 17.00 16.80 16.95 
2016/08/26 17.05 17.05 16.80 17.00 
2016/08/29 17.05 17.10 16.60 17.10 
2016/08/30 17.15 17.20 17.00 17.10 
2016/08/31 16.95 17.10 16.80 17.10 
2016/09/01 17.15 17.20 16.90 17.10 
2016/09/02 17.10 17.10 16.70 17.05 
2016/09/05 16.95 17.00 16.75 17.00 
2016/09/06 17.10 17.10 16.85 16.95 
2016/09/07 17.10 17.10 16.90 17.00 
2016/09/08 17.05 17.05 16.90 16.90 
2016/09/09 16.90 17.20 16.85 17.20 
2016/09/10 17.85 18.45 17.65 17.70 
2016/09/12 17.85 17.90 17.40 17.65 
2016/09/13 17.70 17.70 17.20 17.25 
2016/09/14 17.30 17.55 17.30 17.40 
2016/09/19 17.45 17.70 17.35 17.55 
2016/09/20 17.70 17.70 17.35 17.50 
2016/09/21 17.35 17.60 17.35 17.60 
2016/09/22 17.55 17.65 17.30 17.60 
2016/09/23 17.65 17.70 17.50 17.65 
2016/09/26 17.60 17.65 17.45 17.50 
2016/09/29 17.50 17.65 17.40 17.40 
2016/09/30 17.45 17.70 17.35 17.70 
2016/10/03 17.75 17.80 17.50 17.65 
2016/10/04 17.50 17.70 17.50 17.70 
2016/10/05 17.70 17.75 17.55 17.70 
2016/10/06 17.60 17.80 17.60 17.75 
2016/10/07 17.80 18.00 17.75 17.75 
2016/10/11 18.60 18.60 17.90 18.00 
2016/10/12 18.00 18.10 17.85 17.85 
2016/10/13 18.30 18.30 18.00 18.15 
2016/10/14 18.25 18.25 17.80 17.90 
2016/10/17 17.90 17.95 17.75 17.75 
2016/10/18 18.05 18.05 17.80 17.95 
2016/10/19 18.10 18.10 17.80 18.00 
2016/10/20 18.00 18.05 17.85 18.05 
2016/10/21 18.15 18.50 17.90 18.05 
2016/10/24 18.25 18.35 17.90 18.35 
2016/10/25 18.35 18.35 18.10 18.30 
2016/10/26 18.15 18.45 18.15 18.45 
2016/10/27 18.45 18.90 18.40 18.40 
2016/10/28 18.60 18.60 18.35 18.50 
2016/10/31 18.45 18.55 18.30 18.55 
2016/11/01 18.55 18.55 17.90 18.20 
2016/11/02 18.15 18.20 17.30 17.70 
2016/11/03 17.85 17.85 17.30 17.60 
2016/11/04 17.60 17.80 17.60 17.80 
2016/11/07 17.80 17.90 17.45 17.80 
2016/11/08 17.65 17.70 17.45 17.65 
2016/11/09 17.80 18.00 16.85 17.05 
2016/11/10 17.70 17.70 17.40 17.60 
2016/11/11 17.15 17.65 17.05 17.45 
2016/11/14 17.60 17.60 16.40 16.40 
2016/11/15 16.00 16.40 16.00 16.20 
2016/11/16 16.15 16.40 16.15 16.40 
2016/11/17 16.20 16.45 16.10 16.25 
2016/11/18 16.20 16.20 16.00 16.20 
2016/11/21 16.05 16.30 16.05 16.25 
2016/11/22 16.15 16.40 16.15 16.40 
2016/11/23 16.30 16.45 16.25 16.35 
2016/11/24 16.45 16.45 16.30 16.35 
2016/11/25 16.35 16.55 16.35 16.35 
2016/11/28 16.35 16.50 16.25 16.30 
2016/11/29 16.45 16.45 16.25 16.25 
2016/11/30 16.40 16.40 16.25 16.35 
2016/12/01 16.40 16.40 16.25 16.35 
2016/12/02 16.35 16.35 16.25 16.25 
2016/12/05 16.30 16.40 15.70 16.40 
2016/12/06 16.35 16.45 16.30 16.45 
2016/12/07 16.55 16.55 16.35 16.45 
2016/12/08 16.30 16.50 16.30 16.50 
2016/12/09 16.35 16.50 16.35 16.50 
2016/12/12 16.50 16.60 16.50 16.55 
2016/12/13 16.60 16.70 16.30 16.70 
2016/12/14 16.60 16.70 16.55 16.65 
2016/12/15 16.70 16.75 16.55 16.75 
2016/12/16 16.70 16.70 16.60 16.65 
2016/12/19 16.65 16.75 16.50 16.65 
2016/12/20 16.70 16.70 16.45 16.65 
2016/12/21 16.70 16.70 16.45 16.45 
2016/12/22 16.50 16.50 16.25 16.25 
2016/12/23 16.45 16.50 16.25 16.45 
2016/12/26 16.50 16.75 16.45 16.60 
2016/12/27 16.65 16.75 16.25 16.65 
2016/12/28 16.60 16.70 16.40 16.65 
2016/12/29 16.50 16.70 16.50 16.70 
2016/12/30 16.70 16.75 16.40 16.75 
2017/01/03 16.55 16.70 16.50 16.70 
2017/01/04 16.70 16.75 16.60 16.70 
2017/01/05 16.70 16.75 16.60 16.70 
2017/01/06 16.75 16.80 16.55 16.80 
2017/01/09 16.60 16.75 16.55 16.75 
2017/01/10 16.60 16.95 16.55 16.85 
2017/01/11 16.90 16.95 16.80 16.95 
2017/01/12 16.95 17.00 16.80 17.00 
2017/01/13 16.85 17.00 16.80 17.00 
2017/01/16 16.85 16.95 16.60 16.95 
2017/01/17 16.80 16.90 16.80 16.80 
2017/01/18 16.75 16.90 16.70 16.90 
2017/01/19 16.75 16.90 16.75 16.85 
2017/01/20 16.80 16.85 16.65 16.75 
2017/01/23 16.75 16.90 16.70 16.70 
2017/01/24 16.85 16.85 16.40 16.70 
2017/02/02 16.90 16.90 16.55 16.70 
2017/02/03 16.60 17.00 16.60 16.90 
2017/02/06 16.95 17.00 16.70 16.95 
2017/02/07 17.05 17.05 16.80 16.95 
2017/02/08 16.75 16.95 16.75 16.90 
