2016/07/01 19.30 19.60 19.30 19.45 
2016/07/04 19.45 19.45 19.05 19.15 
2016/07/05 19.30 19.30 18.95 18.95 
2016/07/06 19.00 19.00 18.45 18.70 
2016/07/07 18.55 18.55 18.25 18.45 
2016/07/11 18.50 18.50 17.35 17.45 
2016/07/12 17.00 17.25 16.80 17.00 
2016/07/13 16.90 16.90 16.55 16.65 
2016/07/14 16.65 17.10 16.65 16.70 
2016/07/15 16.70 18.35 16.70 18.20 
2016/07/18 17.90 18.35 17.65 17.80 
2016/07/19 17.90 18.10 17.80 17.90 
2016/07/20 17.90 18.00 17.70 17.80 
2016/07/21 18.00 18.00 17.60 17.70 
2016/07/22 17.70 17.70 17.50 17.65 
2016/07/25 17.75 17.80 17.55 17.55 
2016/07/26 17.50 17.65 17.25 17.40 
2016/07/27 17.65 17.65 17.40 17.40 
2016/07/28 17.40 18.25 17.40 17.55 
2016/07/29 17.80 17.80 17.35 17.45 
2016/08/01 17.35 17.55 17.20 17.20 
2016/08/02 17.15 17.40 17.10 17.20 
2016/08/03 17.10 17.15 16.80 16.90 
2016/08/04 16.75 17.00 16.55 16.65 
2016/08/05 16.80 17.15 16.55 17.05 
2016/08/08 17.10 17.45 17.10 17.15 
2016/08/09 17.00 17.05 17.00 17.00 
2016/08/10 16.90 17.05 16.85 16.85 
2016/08/11 16.85 17.00 16.85 16.85 
2016/08/12 16.95 17.15 16.95 17.05 
2016/08/15 16.85 16.90 16.65 16.70 
2016/08/16 16.60 18.20 16.45 17.65 
2016/08/17 17.90 17.90 17.40 17.80 
2016/08/18 17.80 17.85 17.45 17.70 
2016/08/19 17.55 17.55 17.20 17.30 
2016/08/22 17.05 17.05 16.80 16.85 
2016/08/23 17.10 17.10 16.90 16.90 
2016/08/24 16.95 17.05 16.80 17.00 
2016/08/25 17.05 17.30 17.00 17.30 
2016/08/26 17.20 17.60 17.15 17.45 
2016/08/29 17.70 18.15 17.45 17.80 
2016/08/30 18.00 18.00 17.70 17.90 
2016/08/31 17.80 17.80 17.70 17.70 
2016/09/01 17.75 17.75 17.55 17.60 
2016/09/02 17.60 17.60 17.05 17.30 
2016/09/05 17.35 17.35 17.25 17.25 
2016/09/06 17.25 17.25 17.25 17.25 
2016/09/07 17.05 17.40 17.05 17.25 
2016/09/08 17.30 17.40 17.25 17.30 
2016/09/09 17.25 17.50 17.25 17.50 
2016/09/10 17.50 17.65 17.50 17.65 
2016/09/12 17.50 17.65 17.40 17.55 
2016/09/13 17.45 17.55 17.20 17.20 
2016/09/14 17.20 17.20 17.05 17.05 
2016/09/19 17.15 17.15 16.90 16.90 
2016/09/20 17.00 17.10 17.00 17.00 
2016/09/21 17.00 17.30 17.00 17.30 
2016/09/22 17.10 17.10 17.10 17.10 
2016/09/23 17.10 17.20 17.05 17.05 
2016/09/26 17.05 17.05 16.80 16.95 
2016/09/29 16.90 17.00 16.90 17.00 
2016/09/30 16.95 17.10 16.85 17.10 
2016/10/03 17.00 18.00 17.00 17.60 
2016/10/04 17.70 17.70 17.25 17.50 
2016/10/05 17.55 17.55 17.20 17.30 
2016/10/06 17.70 17.90 17.50 17.65 
2016/10/07 17.65 17.65 17.25 17.40 
2016/10/11 17.05 17.05 16.05 16.50 
2016/10/12 16.20 16.55 16.20 16.40 
2016/10/13 16.55 16.60 16.30 16.60 
2016/10/14 16.25 16.90 16.15 16.15 
2016/10/17 16.15 16.40 16.00 16.30 
2016/10/18 16.30 16.50 16.30 16.50 
2016/10/19 16.60 16.60 16.40 16.50 
2016/10/20 16.40 16.50 16.30 16.50 
2016/10/21 16.20 16.35 16.20 16.35 
2016/10/24 16.30 16.60 16.30 16.40 
2016/10/25 16.60 16.60 16.15 16.35 
2016/10/26 16.35 16.35 16.20 16.35 
2016/10/27 16.20 16.20 16.00 16.20 
2016/10/28 16.40 16.40 16.20 16.20 
2016/10/31 16.15 16.15 16.10 16.15 
2016/11/01 16.15 16.15 16.05 16.15 
2016/11/02 16.15 16.15 16.10 16.15 
2016/11/03 16.60 16.60 16.15 16.15 
2016/11/04 16.10 16.10 15.85 16.00 
2016/11/07 16.00 16.00 15.85 16.00 
2016/11/08 15.90 15.95 15.80 15.80 
2016/11/09 15.70 15.75 14.90 15.20 
2016/11/10 15.20 15.40 15.10 15.25 
2016/11/11 15.55 15.55 14.85 15.25 
2016/11/14 14.80 15.25 14.25 14.80 
2016/11/15 14.35 14.35 13.80 13.85 
2016/11/16 13.90 14.10 13.80 13.80 
2016/11/17 13.80 13.80 13.30 13.35 
2016/11/18 13.30 13.35 13.00 13.20 
2016/11/21 13.25 13.30 13.25 13.30 
2016/11/22 13.40 13.80 13.40 13.55 
2016/11/23 13.55 13.75 13.50 13.60 
2016/11/24 13.75 13.75 13.45 13.50 
2016/11/25 13.45 13.60 13.40 13.40 
2016/11/28 13.25 13.40 13.25 13.40 
2016/11/29 13.40 13.40 13.15 13.25 
2016/11/30 13.25 13.25 13.10 13.25 
2016/12/01 13.10 13.25 13.10 13.25 
2016/12/02 13.15 13.30 13.15 13.20 
2016/12/05 13.15 13.15 12.95 12.95 
2016/12/06 12.95 13.00 12.85 13.00 
2016/12/07 12.95 13.00 12.90 13.00 
2016/12/08 13.15 13.50 13.10 13.25 
2016/12/09 13.30 13.30 13.05 13.10 
2016/12/12 13.10 13.10 13.00 13.05 
2016/12/13 13.10 14.10 13.10 13.70 
2016/12/14 13.80 13.90 13.55 13.60 
2016/12/15 13.60 13.60 13.40 13.40 
2016/12/16 13.40 13.60 13.30 13.60 
2016/12/19 13.45 13.45 13.35 13.40 
2016/12/20 13.35 13.50 13.30 13.45 
2016/12/21 13.40 13.55 13.25 13.40 
2016/12/22 13.30 13.55 13.30 13.35 
2016/12/23 13.35 13.45 13.30 13.45 
2016/12/26 13.50 14.75 13.50 14.75 
2016/12/27 14.85 15.70 14.85 15.00 
2016/12/28 15.10 15.10 14.40 14.40 
2016/12/29 14.05 14.45 14.05 14.25 
2016/12/30 14.25 14.25 14.10 14.20 
2017/01/03 14.15 14.25 14.10 14.25 
2017/01/04 14.25 14.45 14.20 14.45 
2017/01/05 14.55 14.55 14.20 14.50 
2017/01/06 14.45 14.55 14.30 14.30 
2017/01/09 14.35 14.35 14.15 14.20 
2017/01/10 14.15 14.20 14.00 14.05 
2017/01/11 14.05 14.15 14.00 14.10 
2017/01/12 14.20 14.70 14.10 14.70 
2017/01/13 14.70 14.70 14.40 14.45 
2017/01/16 14.20 14.60 14.20 14.25 
2017/01/17 14.30 14.60 14.30 14.40 
2017/01/18 14.40 14.40 14.30 14.30 
2017/01/19 14.30 14.30 14.20 14.25 
2017/01/20 14.25 14.25 14.20 14.20 
2017/01/23 14.20 14.25 14.15 14.25 
2017/01/24 14.25 14.25 14.15 14.25 
2017/02/02 14.25 14.85 14.25 14.50 
2017/02/03 14.50 14.65 14.50 14.65 
2017/02/06 14.85 14.85 14.45 14.50 
2017/02/07 14.50 14.55 14.30 14.50 
2017/02/08 14.60 15.95 14.50 15.95 
