2016/07/01 9.97 10.10 9.97 10.05 
2016/07/04 10.00 10.05 9.97 10.05 
2016/07/05 10.00 10.00 9.95 10.00 
2016/07/06 10.10 10.20 9.55 9.73 
2016/07/07 9.64 9.90 9.64 9.66 
2016/07/11 9.77 9.77 9.53 9.62 
2016/07/12 9.62 9.95 9.50 9.80 
2016/07/13 9.80 9.80 9.69 9.80 
2016/07/14 9.65 9.80 9.65 9.79 
2016/07/15 9.80 9.83 9.63 9.83 
2016/07/18 9.83 10.20 9.82 10.05 
2016/07/19 9.93 10.05 9.86 10.05 
2016/07/20 10.05 10.15 9.95 10.00 
2016/07/21 10.10 10.15 10.00 10.05 
2016/07/22 10.05 10.10 9.91 10.05 
2016/07/25 9.96 9.96 9.80 9.93 
2016/07/26 9.81 10.00 9.60 10.00 
2016/07/27 10.00 10.00 9.85 9.94 
2016/07/28 9.97 10.00 9.90 10.00 
2016/07/29 9.80 10.00 9.70 10.00 
2016/08/01 9.82 10.00 9.82 9.99 
2016/08/02 9.99 9.99 9.78 9.82 
2016/08/03 9.70 9.79 9.61 9.77 
2016/08/04 9.66 9.80 9.62 9.72 
2016/08/05 9.73 9.78 9.70 9.75 
2016/08/08 9.75 9.84 9.70 9.70 
2016/08/09 9.73 9.94 9.70 9.90 
2016/08/10 9.86 9.90 9.86 9.90 
2016/08/11 9.70 9.88 9.70 9.88 
2016/08/12 9.90 9.90 9.60 9.68 
2016/08/15 9.20 9.88 9.20 9.88 
2016/08/16 9.65 9.86 9.65 9.84 
2016/08/17 9.55 9.80 9.41 9.45 
2016/08/18 9.43 9.60 9.33 9.45 
2016/08/19 9.33 9.45 9.20 9.22 
2016/08/22 9.22 9.41 9.12 9.35 
2016/08/23 9.20 9.40 9.17 9.40 
2016/08/24 9.16 9.16 9.10 9.10 
2016/08/25 9.15 9.15 8.50 8.98 
2016/08/26 8.35 8.54 8.35 8.49 
2016/08/29 8.49 8.85 8.49 8.82 
2016/08/30 8.40 8.87 8.40 8.85 
2016/08/31 8.99 8.99 8.52 8.78 
2016/09/01 8.56 8.82 8.56 8.80 
2016/09/02 8.62 8.79 8.61 8.79 
2016/09/05 8.60 8.88 8.60 8.85 
2016/09/06 8.85 8.85 8.70 8.70 
2016/09/07 8.89 8.89 8.60 8.70 
2016/09/08 8.90 8.90 8.50 8.67 
2016/09/09 8.60 8.80 8.47 8.76 
2016/09/10 8.50 8.70 8.35 8.70 
2016/09/12 8.70 8.70 8.41 8.41 
2016/09/13 8.41 8.64 8.41 8.60 
2016/09/14 8.42 8.68 8.39 8.41 
2016/09/19 8.41 8.70 8.41 8.70 
2016/09/20 8.52 8.52 8.52 8.52 
2016/09/21 8.50 8.65 8.42 8.65 
2016/09/22 8.42 8.62 8.35 8.62 
2016/09/23 8.50 8.50 8.36 8.46 
2016/09/26 8.41 8.54 8.37 8.50 
2016/09/29 8.07 8.48 8.07 8.48 
2016/09/30 8.26 8.46 8.25 8.45 
2016/10/03 8.37 8.38 8.22 8.38 
2016/10/04 8.15 8.46 8.12 8.39 
2016/10/05 8.14 8.35 8.14 8.34 
2016/10/06 8.19 8.27 8.02 8.25 
2016/10/07 8.25 8.25 8.01 8.05 
2016/10/11 8.14 8.30 8.00 8.00 
2016/10/12 8.02 8.08 8.00 8.03 
2016/10/13 8.05 8.17 8.03 8.03 
2016/10/14 8.01 8.03 7.50 8.03 
2016/10/17 8.09 8.30 7.90 8.20 
2016/10/18 7.91 8.20 7.90 8.20 
2016/10/19 7.96 8.16 7.96 8.10 
2016/10/20 8.00 8.14 7.94 8.10 
2016/10/21 7.72 8.09 7.72 8.00 
2016/10/24 7.79 8.00 7.79 8.00 
2016/10/25 7.76 7.99 7.76 7.80 
2016/10/26 7.80 8.00 7.80 7.98 
2016/10/27 8.00 8.14 8.00 8.00 
2016/10/28 8.14 8.14 8.00 8.00 
2016/11/01 7.85 7.90 7.80 7.85 
2016/11/02 7.49 7.85 7.49 7.65 
2016/11/03 7.42 7.80 7.42 7.78 
2016/11/04 7.57 8.06 7.57 7.99 
2016/11/07 7.75 7.99 7.71 7.99 
2016/11/08 7.99 7.99 7.99 7.99 
2016/11/09 7.73 7.91 7.50 7.60 
2016/11/10 7.91 8.08 7.62 7.99 
2016/11/11 7.90 7.90 7.57 7.79 
2016/11/14 7.45 7.93 7.45 7.93 
2016/11/15 7.89 7.89 7.65 7.65 
2016/11/16 7.55 7.93 7.55 7.89 
2016/11/17 7.61 7.89 7.61 7.89 
2016/11/18 7.88 7.88 7.67 7.85 
2016/11/21 7.85 7.85 7.70 7.83 
2016/11/22 7.83 7.83 7.70 7.83 
2016/11/23 7.78 7.83 7.72 7.82 
2016/11/24 7.74 7.80 7.63 7.80 
2016/11/25 7.80 7.80 7.60 7.80 
2016/11/28 7.53 7.78 7.53 7.78 
2016/11/29 7.60 7.77 7.60 7.64 
2016/11/30 7.64 7.78 7.60 7.75 
2016/12/01 7.75 7.77 7.65 7.77 
2016/12/02 7.63 7.77 7.61 7.77 
2016/12/05 7.65 7.73 7.60 7.70 
2016/12/06 7.68 7.69 7.59 7.69 
2016/12/07 7.60 7.70 7.51 7.69 
2016/12/08 7.69 7.72 7.59 7.70 
2016/12/09 7.69 7.69 7.54 7.55 
2016/12/12 7.60 7.68 7.51 7.52 
2016/12/13 7.65 7.65 7.57 7.65 
2016/12/14 7.77 7.80 7.66 7.68 
2016/12/15 7.52 7.52 7.52 7.52 
2016/12/16 7.53 7.69 7.50 7.63 
2016/12/19 7.52 7.67 7.50 7.57 
2016/12/20 7.57 7.69 7.50 7.69 
2016/12/21 7.66 7.66 7.66 7.66 
2016/12/22 7.58 7.62 7.50 7.62 
2016/12/23 7.60 7.68 7.51 7.51 
2016/12/26 7.50 7.60 7.50 7.60 
2016/12/27 7.51 7.62 7.50 7.60 
2016/12/28 7.52 7.60 7.51 7.60 
2016/12/29 7.55 7.60 7.55 7.60 
2016/12/30 7.61 7.61 7.50 7.61 
2017/01/03 7.50 7.63 7.50 7.52 
2017/01/04 7.52 7.70 7.51 7.64 
2017/01/05 7.65 7.65 7.60 7.60 
2017/01/06 7.53 7.65 7.51 7.56 
2017/01/09 7.56 7.59 7.52 7.52 
2017/01/10 7.52 7.61 7.51 7.60 
2017/01/11 7.63 7.63 7.50 7.51 
2017/01/12 7.51 7.59 7.50 7.59 
2017/01/13 7.50 7.60 7.50 7.60 
2017/01/16 7.51 7.53 7.31 7.50 
2017/01/17 7.56 7.56 7.56 7.56 
2017/01/18 7.34 7.48 7.32 7.36 
2017/01/19 7.36 7.54 7.36 7.50 
2017/01/20 7.48 7.54 7.36 7.37 
2017/01/23 7.40 7.54 7.38 7.42 
2017/01/24 7.42 7.56 7.42 7.54 
2017/02/02 7.54 7.55 7.50 7.50 
2017/02/03 7.50 7.52 7.36 7.52 
2017/02/06 7.80 7.80 7.51 7.59 
2017/02/07 7.61 7.61 7.55 7.56 
2017/02/08 7.59 7.60 7.50 7.59 
