2016/07/01 18.30 18.70 18.30 18.60 
2016/07/04 18.80 19.30 18.75 19.20 
2016/07/05 19.40 19.95 19.30 19.45 
2016/07/06 20.00 20.00 19.60 19.65 
2016/07/07 19.60 19.80 19.50 19.60 
2016/07/11 19.65 19.80 19.65 19.70 
2016/07/12 19.80 20.10 19.75 19.75 
2016/07/13 19.70 20.00 19.70 19.75 
2016/07/14 19.70 19.90 19.70 19.70 
2016/07/15 19.75 19.85 19.65 19.65 
2016/07/18 19.70 19.90 19.65 19.90 
2016/07/19 19.85 19.90 19.80 19.85 
2016/07/20 19.80 19.80 19.65 19.65 
2016/07/21 19.60 19.65 19.50 19.60 
2016/07/22 19.60 19.60 19.45 19.50 
2016/07/25 19.45 19.65 19.45 19.55 
2016/07/26 19.50 20.10 19.50 20.00 
2016/07/27 20.00 20.10 19.95 19.95 
2016/07/28 19.95 20.20 19.90 20.10 
2016/07/29 18.70 18.70 18.40 18.40 
2016/08/01 18.40 18.60 18.40 18.45 
2016/08/02 18.45 19.00 18.40 18.75 
2016/08/03 18.70 18.80 18.60 18.60 
2016/08/04 18.55 18.65 18.45 18.50 
2016/08/05 18.45 18.50 18.45 18.45 
2016/08/08 18.50 18.70 18.45 18.70 
2016/08/09 18.75 19.05 18.70 18.70 
2016/08/10 18.65 18.65 18.50 18.50 
2016/08/11 18.45 18.65 18.30 18.35 
2016/08/12 18.35 18.35 18.20 18.30 
2016/08/15 18.30 18.35 18.20 18.20 
2016/08/16 18.20 18.20 18.00 18.05 
2016/08/17 18.05 18.20 18.00 18.00 
2016/08/18 18.00 18.10 17.95 18.10 
2016/08/19 18.10 18.50 18.00 18.10 
2016/08/22 18.10 18.10 18.00 18.00 
2016/08/23 18.00 18.10 17.95 18.00 
2016/08/24 18.00 18.10 18.00 18.00 
2016/08/25 18.00 18.20 18.00 18.10 
2016/08/26 18.10 18.10 18.00 18.00 
2016/08/29 18.05 18.05 18.00 18.00 
2016/08/30 18.00 18.05 18.00 18.00 
2016/08/31 18.00 18.05 17.90 18.00 
2016/09/01 17.95 18.15 17.90 17.90 
2016/09/02 17.90 17.90 17.80 17.85 
2016/09/05 17.85 18.00 17.85 18.00 
2016/09/06 18.30 19.60 18.30 18.60 
2016/09/07 18.75 18.75 18.30 18.35 
2016/09/08 18.35 18.45 18.20 18.25 
2016/09/09 18.25 18.25 18.15 18.15 
2016/09/10 18.15 18.15 18.00 18.10 
2016/09/12 18.10 18.10 18.00 18.00 
2016/09/13 18.00 18.10 17.90 18.00 
2016/09/14 18.00 18.00 17.85 17.95 
2016/09/19 17.95 18.10 17.85 17.85 
2016/09/20 17.90 17.95 17.80 17.95 
2016/09/21 17.80 18.00 17.80 17.95 
2016/09/22 18.00 18.00 17.80 17.90 
2016/09/23 17.85 17.90 17.70 17.85 
2016/09/26 17.90 18.10 17.75 17.75 
2016/09/29 17.75 17.85 17.75 17.80 
2016/09/30 17.70 17.95 17.70 17.90 
2016/10/03 17.90 18.25 17.90 18.10 
2016/10/04 18.00 18.15 18.00 18.10 
2016/10/05 18.10 18.50 18.05 18.35 
2016/10/06 18.85 18.85 18.35 18.55 
2016/10/07 18.55 18.55 18.10 18.25 
2016/10/11 18.30 18.30 17.90 17.90 
2016/10/12 17.80 18.05 17.80 17.90 
2016/10/13 17.90 18.00 17.80 17.90 
2016/10/14 17.90 17.90 17.70 17.70 
2016/10/17 17.55 17.75 17.50 17.55 
2016/10/18 17.55 17.60 17.40 17.60 
2016/10/19 17.55 17.60 17.50 17.50 
2016/10/20 17.50 18.10 17.50 17.95 
2016/10/21 17.95 17.95 17.85 17.85 
2016/10/24 17.80 17.80 17.60 17.65 
2016/10/25 17.60 17.70 17.55 17.70 
2016/10/26 17.65 17.85 17.65 17.75 
2016/10/27 17.70 17.80 17.60 17.75 
2016/10/28 17.65 17.65 17.60 17.60 
2016/10/31 17.60 18.05 17.50 17.90 
2016/11/01 17.60 17.85 17.60 17.65 
2016/11/02 17.65 17.70 17.30 17.55 
2016/11/03 17.40 17.55 17.35 17.35 
2016/11/04 17.30 17.80 17.20 17.30 
2016/11/07 17.50 17.60 17.40 17.50 
2016/11/08 17.40 17.55 17.40 17.55 
2016/11/09 17.35 17.55 17.00 17.00 
2016/11/10 17.00 17.55 17.00 17.45 
2016/11/11 17.45 17.45 17.10 17.10 
2016/11/14 17.05 17.05 16.70 17.00 
2016/11/15 17.00 17.20 17.00 17.15 
2016/11/16 17.15 17.80 17.15 17.15 
2016/11/17 17.15 17.45 17.05 17.20 
2016/11/18 17.10 17.20 17.00 17.10 
2016/11/21 17.10 17.60 17.10 17.50 
2016/11/22 17.50 17.60 17.10 17.45 
2016/11/23 17.30 17.45 17.20 17.40 
2016/11/24 17.60 17.70 17.40 17.70 
2016/11/25 17.65 17.65 17.40 17.40 
2016/11/28 17.40 17.45 17.25 17.45 
2016/11/29 17.30 17.30 17.25 17.30 
2016/11/30 17.30 17.50 17.25 17.35 
2016/12/01 17.35 17.50 17.35 17.50 
2016/12/02 17.50 17.60 17.45 17.55 
2016/12/05 17.55 17.55 17.45 17.45 
2016/12/06 17.45 17.75 17.45 17.70 
2016/12/07 17.50 17.90 17.35 17.55 
2016/12/08 17.55 17.60 17.55 17.55 
2016/12/09 17.55 17.65 17.55 17.65 
2016/12/12 17.40 17.45 17.40 17.40 
2016/12/13 17.40 17.80 17.30 17.65 
2016/12/14 17.45 17.65 17.45 17.65 
2016/12/15 17.60 17.60 17.35 17.50 
2016/12/16 17.50 17.55 17.40 17.55 
2016/12/19 17.60 17.65 17.50 17.50 
2016/12/20 17.55 17.65 17.50 17.50 
2016/12/21 17.50 17.50 17.45 17.45 
2016/12/22 17.80 17.80 16.95 17.05 
2016/12/23 17.05 17.30 17.05 17.05 
2016/12/26 17.10 17.50 17.00 17.25 
2016/12/27 17.20 17.20 17.10 17.10 
2016/12/28 17.20 17.20 17.10 17.10 
2016/12/29 17.10 17.75 17.10 17.75 
2016/12/30 17.55 17.70 17.20 17.65 
2017/01/03 17.50 17.60 17.50 17.50 
2017/01/04 17.50 17.65 17.50 17.50 
2017/01/05 17.50 17.65 17.50 17.65 
2017/01/06 18.75 19.40 18.70 19.40 
2017/01/09 19.80 19.85 18.30 18.40 
2017/01/10 18.40 18.70 18.10 18.15 
2017/01/11 18.20 18.40 18.05 18.30 
2017/01/12 18.30 18.40 18.05 18.10 
2017/01/13 18.05 18.10 17.90 17.90 
2017/01/16 17.85 17.85 17.65 17.65 
2017/01/17 17.65 17.85 17.65 17.75 
2017/01/18 17.85 18.40 17.85 18.15 
2017/01/19 18.25 18.60 18.10 18.45 
2017/01/20 18.65 18.65 18.15 18.15 
2017/01/23 18.30 18.40 18.25 18.40 
2017/01/24 18.45 18.45 18.15 18.20 
2017/02/02 18.20 18.20 17.90 18.05 
2017/02/03 18.05 18.15 17.90 18.00 
2017/02/06 18.00 18.35 17.95 18.35 
2017/02/07 18.30 18.30 18.10 18.10 
2017/02/08 18.00 18.20 18.00 18.15 
