2016/07/01 70.60 71.50 69.70 70.70 
2016/07/04 71.00 71.60 70.60 71.00 
2016/07/05 71.70 73.40 71.60 72.40 
2016/07/06 72.00 72.00 70.80 71.40 
2016/07/07 71.90 73.20 71.90 72.40 
2016/07/11 76.90 79.30 75.00 78.30 
2016/07/12 78.80 83.80 78.10 78.60 
2016/07/13 79.80 82.90 79.20 81.50 
2016/07/14 82.10 82.20 80.70 80.80 
2016/07/15 82.00 82.40 80.20 80.20 
2016/07/18 81.70 86.20 81.70 85.30 
2016/07/19 85.30 86.70 84.20 86.70 
2016/07/20 86.00 86.50 83.70 83.70 
2016/07/21 84.50 84.80 83.10 83.10 
2016/07/22 83.30 84.20 81.40 81.40 
2016/07/25 81.90 83.20 80.70 81.40 
2016/07/26 81.90 84.40 81.20 84.20 
2016/07/27 84.00 84.50 82.70 82.80 
2016/07/28 82.10 85.30 82.10 83.80 
2016/07/29 84.10 86.50 83.90 85.20 
2016/08/01 87.00 92.40 87.00 91.00 
2016/08/02 91.00 92.40 89.40 91.40 
2016/08/03 89.60 92.20 89.60 92.20 
2016/08/04 94.90 96.30 91.10 91.10 
2016/08/05 93.10 96.50 92.10 96.50 
2016/08/08 98.60 106.00 98.60 106.00 
2016/08/09 108.50 110.50 106.00 108.00 
2016/08/10 108.50 116.00 106.50 115.00 
2016/08/11 114.00 115.00 110.00 114.50 
2016/08/12 119.00 121.50 104.00 106.00 
2016/08/15 106.50 108.00 103.50 106.00 
2016/08/16 107.00 108.00 99.90 102.00 
2016/08/17 102.50 105.50 100.50 104.50 
2016/08/18 103.50 103.50 98.70 99.20 
2016/08/19 100.00 101.00 97.00 97.00 
2016/08/22 97.80 102.00 97.80 102.00 
2016/08/23 103.00 103.00 100.00 102.00 
2016/08/24 101.50 101.50 98.30 98.80 
2016/08/25 99.00 102.00 95.70 102.00 
2016/08/26 101.50 104.50 100.50 104.50 
2016/08/29 105.00 108.50 105.00 106.50 
2016/08/30 105.50 105.50 103.00 103.50 
2016/08/31 103.50 105.00 102.00 103.50 
2016/09/01 100.00 100.00 95.60 98.50 
2016/09/02 96.00 98.20 94.40 97.80 
2016/09/05 97.80 103.50 96.80 103.50 
2016/09/06 109.00 109.50 105.00 105.50 
2016/09/07 103.50 106.00 102.50 104.00 
2016/09/08 103.50 107.50 103.50 104.50 
2016/09/09 104.00 105.50 103.00 104.50 
2016/09/10 100.50 102.00 99.80 101.00 
2016/09/12 102.00 102.50 98.10 98.50 
2016/09/13 100.50 102.00 98.50 98.80 
2016/09/14 99.00 99.70 96.20 98.10 
2016/09/19 100.50 105.00 99.90 105.00 
2016/09/20 105.50 105.50 101.50 101.50 
2016/09/21 102.50 105.00 102.50 102.50 
2016/09/22 105.00 106.00 103.50 105.50 
2016/09/23 104.50 105.00 102.00 104.00 
2016/09/26 104.00 104.50 102.50 102.50 
2016/09/29 104.00 106.00 103.00 103.50 
2016/09/30 102.50 105.50 101.00 105.50 
2016/10/03 106.50 106.50 103.50 104.50 
2016/10/04 105.50 114.00 105.00 113.00 
2016/10/05 113.00 115.50 111.50 111.50 
2016/10/06 113.00 115.00 109.00 109.00 
2016/10/07 109.00 110.00 106.50 107.00 
2016/10/11 98.10 101.00 96.30 96.30 
2016/10/12 92.50 95.60 89.00 93.40 
2016/10/13 92.80 95.40 91.80 95.10 
2016/10/14 94.30 94.70 90.70 90.70 
2016/10/17 90.00 90.20 86.30 88.80 
2016/10/18 88.80 91.70 88.80 91.40 
2016/10/19 92.80 96.10 91.70 95.60 
2016/10/20 94.60 96.70 93.90 96.70 
2016/10/21 96.00 97.50 95.60 97.20 
2016/10/24 97.50 97.80 95.00 96.20 
2016/10/25 96.80 99.30 96.30 98.00 
2016/10/26 97.30 105.50 97.30 103.00 
2016/10/27 105.00 106.50 104.00 104.00 
2016/10/28 104.00 104.50 101.00 101.00 
2016/10/31 100.50 101.50 99.10 100.00 
2016/11/01 100.00 102.50 99.50 100.00 
2016/11/02 99.60 99.60 95.10 95.10 
2016/11/03 95.00 96.90 93.50 96.30 
2016/11/04 96.00 97.20 95.10 96.80 
2016/11/07 97.50 101.00 97.50 98.70 
2016/11/08 99.50 99.50 92.10 93.30 
2016/11/09 93.60 94.60 90.50 93.60 
2016/11/10 98.10 99.50 94.20 94.30 
2016/11/11 89.70 89.70 86.70 87.50 
2016/11/14 87.00 88.70 85.00 85.80 
2016/11/15 85.90 87.50 85.20 86.00 
2016/11/16 87.00 88.30 86.90 87.50 
2016/11/17 87.70 89.00 87.40 88.10 
2016/11/18 88.00 93.90 87.50 91.70 
2016/11/21 90.40 91.80 90.20 90.20 
2016/11/22 91.30 93.50 91.00 92.10 
2016/11/23 98.20 101.00 97.30 100.50 
2016/11/24 99.30 102.00 99.20 101.00 
2016/11/25 101.00 101.50 99.50 101.00 
2016/11/28 100.50 102.50 97.30 97.30 
2016/11/29 97.60 99.40 96.60 99.00 
2016/11/30 100.50 101.00 98.50 98.50 
2016/12/01 98.80 99.30 97.80 98.50 
2016/12/02 97.60 101.00 97.60 99.10 
2016/12/05 99.90 101.00 98.50 100.50 
2016/12/06 102.00 103.50 99.20 99.20 
2016/12/07 100.00 100.50 98.60 99.10 
2016/12/08 100.00 100.50 99.50 99.50 
2016/12/09 100.00 100.50 98.80 99.90 
2016/12/12 100.50 101.50 98.10 98.10 
2016/12/13 97.70 98.50 96.20 96.50 
2016/12/14 97.80 100.00 97.30 99.40 
2016/12/15 100.00 104.00 99.70 101.50 
2016/12/16 102.00 102.50 100.50 100.50 
2016/12/19 101.00 101.50 98.60 98.60 
2016/12/20 98.20 99.40 97.50 99.30 
2016/12/21 99.80 103.00 99.60 100.50 
2016/12/22 101.50 101.50 98.60 98.70 
2016/12/23 98.70 100.00 98.10 98.60 
2016/12/26 99.00 101.00 98.80 99.70 
2016/12/27 100.00 100.50 99.00 99.70 
2016/12/28 101.00 102.50 100.00 101.00 
2016/12/29 100.50 102.00 99.50 99.70 
2016/12/30 100.00 101.50 98.90 99.10 
2017/01/03 98.70 98.70 96.30 97.00 
2017/01/04 97.50 98.40 96.80 97.00 
2017/01/05 96.50 96.90 92.60 94.00 
2017/01/06 92.80 95.70 92.80 94.30 
2017/01/09 94.00 98.30 93.90 94.60 
2017/01/10 94.80 95.90 93.60 94.00 
2017/01/11 94.30 95.30 93.10 93.40 
2017/01/12 94.20 94.90 93.40 93.50 
2017/01/13 93.20 93.70 90.50 93.70 
2017/01/16 93.80 94.50 92.80 93.00 
2017/01/17 93.90 95.00 93.30 94.50 
2017/01/18 95.00 96.50 93.40 93.40 
2017/01/19 93.40 93.50 92.00 92.00 
2017/01/20 92.00 93.30 91.60 92.20 
2017/01/23 92.80 93.60 92.20 92.60 
2017/01/24 92.50 93.10 92.00 92.90 
2017/02/02 94.00 94.90 92.80 93.70 
2017/02/03 96.00 96.00 94.60 94.70 
2017/02/06 95.80 99.40 95.30 97.30 
2017/02/07 98.50 98.90 97.00 97.00 
2017/02/08 98.00 99.20 97.30 99.00 
