2016/07/01 20.55 21.15 20.20 20.55 
2016/07/04 20.70 20.80 20.15 20.70 
2016/07/05 20.75 21.40 20.20 20.20 
2016/07/06 20.60 22.20 20.30 22.20 
2016/07/07 23.00 23.85 22.30 23.05 
2016/07/11 23.40 23.40 21.70 22.15 
2016/07/12 22.35 22.75 21.70 21.80 
2016/07/13 22.05 22.15 20.90 21.25 
2016/07/14 21.60 21.70 21.20 21.30 
2016/07/15 22.00 22.90 21.40 21.40 
2016/07/18 21.45 21.45 20.30 20.65 
2016/07/19 20.60 21.15 20.45 20.65 
2016/07/20 20.55 21.25 20.55 20.65 
2016/07/21 20.95 21.20 20.70 21.20 
2016/07/22 21.15 21.45 20.75 20.80 
2016/07/25 20.95 20.95 20.00 20.00 
2016/07/26 20.10 20.10 18.70 19.10 
2016/07/27 19.30 19.80 19.20 19.45 
2016/07/28 19.65 19.75 19.40 19.40 
2016/07/29 19.65 19.70 19.45 19.55 
2016/08/01 19.30 19.60 19.15 19.50 
2016/08/02 19.85 21.45 19.85 21.45 
2016/08/03 22.20 23.15 21.65 22.85 
2016/08/04 22.70 22.85 22.00 22.30 
2016/08/05 22.30 23.00 22.15 22.75 
2016/08/08 23.20 23.90 22.45 22.50 
2016/08/09 22.55 22.60 21.00 21.75 
2016/08/10 21.75 22.20 21.50 21.65 
2016/08/11 22.00 22.20 21.40 21.50 
2016/08/12 22.10 22.20 21.40 21.40 
2016/08/15 21.40 21.50 20.00 20.60 
2016/08/16 20.80 21.50 20.65 21.30 
2016/08/17 21.30 21.55 21.10 21.20 
2016/08/18 21.45 21.45 21.00 21.00 
2016/08/19 21.05 21.25 21.05 21.05 
2016/08/22 20.75 21.20 20.50 20.95 
2016/08/23 21.00 21.20 20.60 20.95 
2016/08/24 20.95 21.40 20.95 21.35 
2016/08/25 21.60 23.30 21.60 22.10 
2016/08/26 22.20 22.80 21.90 22.10 
2016/08/29 21.90 22.50 21.75 21.80 
2016/08/30 21.80 22.05 21.40 21.60 
2016/08/31 21.50 22.60 21.40 22.55 
2016/09/01 22.65 22.65 21.70 22.25 
2016/09/02 22.45 22.45 21.20 21.50 
2016/09/05 21.70 21.80 21.20 21.25 
2016/09/06 21.30 21.95 21.30 21.40 
2016/09/07 21.45 21.70 21.45 21.70 
2016/09/08 21.85 23.85 21.75 23.85 
2016/09/09 23.50 24.20 22.95 24.10 
2016/09/10 23.50 25.10 23.35 23.70 
2016/09/12 23.85 24.40 23.55 23.60 
2016/09/13 24.15 24.15 22.55 22.90 
2016/09/14 22.85 23.45 22.80 23.15 
2016/09/19 23.20 23.80 22.80 23.40 
2016/09/20 23.60 24.30 23.60 23.95 
2016/09/21 24.00 24.15 23.50 23.75 
2016/09/22 24.00 24.00 23.25 23.30 
2016/09/23 23.20 23.40 23.10 23.20 
2016/09/26 23.50 23.50 23.10 23.15 
2016/09/29 23.25 23.35 23.00 23.05 
2016/09/30 23.05 23.30 22.50 23.20 
2016/10/03 23.45 23.45 23.00 23.00 
2016/10/04 23.20 23.30 23.00 23.00 
2016/10/05 23.10 24.25 23.10 23.70 
2016/10/06 24.00 24.00 23.50 23.55 
2016/10/07 24.00 24.90 23.70 24.00 
2016/10/11 24.40 24.40 23.70 23.80 
2016/10/12 24.50 24.70 23.85 23.95 
2016/10/13 23.95 23.95 22.35 22.55 
2016/10/14 22.80 23.15 22.00 22.20 
2016/10/17 22.20 22.60 22.20 22.40 
2016/10/18 22.40 23.00 22.35 22.95 
2016/10/19 22.90 23.20 22.90 23.10 
2016/10/20 23.40 24.30 23.20 23.80 
2016/10/21 23.80 24.15 23.80 24.00 
2016/10/24 24.20 24.30 23.70 23.85 
2016/10/25 23.85 24.65 23.60 24.50 
2016/10/26 24.50 25.80 24.40 25.10 
2016/10/27 25.05 25.30 24.90 25.30 
2016/10/28 25.65 26.00 25.10 25.35 
2016/10/31 25.40 25.40 24.50 25.00 
2016/11/01 24.90 25.60 24.90 25.20 
2016/11/02 25.10 25.20 24.15 24.25 
2016/11/03 24.05 24.45 23.60 23.95 
2016/11/04 24.00 24.60 24.00 24.45 
2016/11/07 25.00 25.65 24.35 25.60 
2016/11/08 25.80 26.45 25.40 25.70 
2016/11/09 25.70 26.00 24.30 24.50 
2016/11/10 25.20 25.80 25.10 25.60 
2016/11/11 25.00 25.70 24.70 24.80 
2016/11/14 24.60 25.00 24.50 24.95 
2016/11/15 25.00 25.00 24.50 24.70 
2016/11/16 24.70 24.95 24.60 24.95 
2016/11/17 24.80 25.35 24.80 25.25 
2016/11/18 25.50 26.20 25.35 25.65 
2016/11/21 26.00 26.60 25.70 26.40 
2016/11/22 27.00 27.50 26.00 26.00 
2016/11/23 26.15 26.55 25.95 26.00 
2016/11/24 26.15 26.30 25.85 26.00 
2016/11/25 25.90 26.30 25.90 26.20 
2016/11/28 26.00 28.20 26.00 27.55 
2016/11/29 28.00 28.40 27.60 27.60 
2016/11/30 27.60 28.30 27.30 28.10 
2016/12/01 28.35 28.35 28.00 28.20 
2016/12/02 28.00 28.30 27.60 28.00 
2016/12/05 28.85 29.25 28.60 29.00 
2016/12/06 29.40 30.00 29.20 29.20 
2016/12/07 29.35 29.40 28.60 28.75 
2016/12/08 28.75 28.90 28.50 28.50 
2016/12/09 28.50 28.60 28.30 28.55 
2016/12/12 28.50 28.50 27.25 27.40 
2016/12/13 27.55 27.90 27.45 27.80 
2016/12/14 28.00 28.15 27.75 27.80 
2016/12/15 27.75 27.95 27.70 27.95 
2016/12/16 27.95 28.45 27.95 28.25 
2016/12/19 28.45 28.60 27.80 27.85 
2016/12/20 27.50 27.70 27.00 27.35 
2016/12/21 27.35 27.55 27.15 27.30 
2016/12/22 27.20 27.20 26.85 27.00 
2016/12/23 26.55 27.00 26.55 26.85 
2016/12/26 27.00 27.00 26.20 26.20 
2016/12/27 26.40 26.40 24.95 25.10 
2016/12/28 25.10 25.60 25.10 25.25 
2016/12/29 25.30 25.70 25.30 25.40 
2016/12/30 26.20 26.20 25.60 25.85 
2017/01/03 26.00 26.00 25.50 25.80 
2017/01/04 25.60 25.70 25.40 25.40 
2017/01/05 25.40 25.55 25.00 25.00 
2017/01/06 25.10 25.75 25.10 25.45 
2017/01/09 25.20 25.45 25.20 25.20 
2017/01/10 25.20 25.40 24.90 24.90 
2017/01/11 25.00 25.25 23.80 23.90 
2017/01/12 24.00 24.05 23.15 23.85 
2017/01/13 24.00 25.25 24.00 24.90 
2017/01/16 24.75 25.00 24.70 24.85 
2017/01/17 24.70 24.70 24.00 24.20 
2017/01/18 24.50 24.70 24.10 24.30 
2017/01/19 24.30 24.30 24.05 24.20 
2017/01/20 24.00 24.10 23.95 24.00 
2017/01/23 24.00 24.50 24.00 24.45 
2017/01/24 24.70 24.70 23.90 24.15 
2017/02/02 24.15 24.25 24.15 24.20 
2017/02/03 24.40 24.50 23.90 24.25 
2017/02/06 24.30 25.10 24.30 25.00 
2017/02/07 25.00 25.00 24.60 24.80 
2017/02/08 24.95 25.50 24.95 25.10 
