2016/07/01 22.95 24.15 22.85 24.00 
2016/07/04 24.20 24.50 24.20 24.35 
2016/07/05 22.95 22.95 22.40 22.85 
2016/07/06 22.80 23.70 22.50 23.65 
2016/07/07 23.80 24.10 22.80 23.75 
2016/07/11 23.95 25.05 23.30 23.90 
2016/07/12 24.10 24.10 23.55 23.55 
2016/07/13 23.65 24.10 23.50 23.65 
2016/07/14 23.65 23.95 23.50 23.50 
2016/07/15 23.60 23.85 23.50 23.65 
2016/07/18 23.70 23.75 23.50 23.60 
2016/07/19 23.80 23.90 23.60 23.60 
2016/07/20 23.80 23.80 23.40 23.70 
2016/07/21 23.75 23.80 23.55 23.55 
2016/07/22 23.50 23.70 23.30 23.55 
2016/07/25 23.55 23.60 23.10 23.55 
2016/07/26 23.55 23.55 23.20 23.25 
2016/07/27 23.25 23.40 23.20 23.25 
2016/07/28 23.25 23.35 23.05 23.20 
2016/07/29 23.40 23.75 23.25 23.35 
2016/08/01 23.35 23.80 23.25 23.80 
2016/08/02 23.70 24.45 23.65 24.20 
2016/08/03 23.90 24.30 23.80 24.30 
2016/08/04 24.30 26.60 24.00 26.10 
2016/08/05 26.90 27.60 26.15 26.45 
2016/08/08 26.80 27.70 26.75 27.20 
2016/08/09 27.20 27.70 26.80 26.85 
2016/08/10 27.20 27.20 25.95 27.05 
2016/08/11 27.00 27.95 26.25 27.95 
2016/08/12 28.65 30.25 28.40 28.65 
2016/08/15 29.00 29.45 28.65 29.00 
2016/08/16 29.20 29.20 27.60 28.60 
2016/08/17 28.90 28.90 27.80 28.15 
2016/08/18 28.50 28.80 28.20 28.30 
2016/08/19 28.50 29.40 27.90 28.20 
2016/08/22 28.20 28.45 27.50 27.50 
2016/08/23 27.90 27.90 27.10 27.50 
2016/08/24 27.85 29.05 27.60 28.65 
2016/08/25 28.70 29.35 28.30 28.30 
2016/08/26 28.30 28.65 28.25 28.25 
2016/08/29 28.35 29.60 28.30 29.50 
2016/08/30 30.25 32.45 30.25 32.45 
2016/08/31 33.80 33.90 32.50 32.50 
2016/09/01 32.50 33.60 31.45 31.65 
2016/09/02 32.10 32.25 30.50 30.90 
2016/09/05 31.50 32.40 31.10 31.50 
2016/09/06 31.95 33.80 31.60 32.45 
2016/09/07 32.95 33.50 32.10 33.00 
2016/09/08 33.20 34.60 32.50 32.95 
2016/09/09 32.80 33.30 32.50 32.80 
2016/09/10 31.60 32.50 31.60 31.80 
2016/09/12 31.80 32.15 31.60 31.60 
2016/09/13 31.75 32.50 31.00 31.00 
2016/09/14 31.00 31.35 29.90 30.10 
2016/09/19 30.50 32.90 30.50 32.50 
2016/09/20 32.50 33.20 32.00 32.00 
2016/09/21 32.20 32.65 32.00 32.10 
2016/09/22 32.45 33.00 32.10 32.80 
2016/09/23 33.20 33.25 32.20 32.20 
2016/09/26 32.05 32.50 31.70 32.40 
2016/09/29 32.90 32.95 32.05 32.05 
2016/09/30 32.05 32.15 31.65 31.95 
2016/10/03 32.25 33.20 32.25 32.55 
2016/10/04 32.55 35.65 32.55 35.40 
2016/10/05 35.85 35.85 34.60 34.60 
2016/10/06 34.90 34.90 33.85 33.90 
2016/10/07 34.10 34.15 32.25 32.30 
2016/10/11 32.20 32.25 29.10 29.55 
2016/10/12 30.40 30.45 29.60 30.00 
2016/10/13 30.20 30.75 30.00 30.20 
2016/10/14 30.70 31.35 29.60 29.85 
2016/10/17 30.00 30.10 29.00 29.55 
2016/10/18 29.95 30.80 29.60 30.55 
2016/10/19 31.10 31.45 30.80 30.80 
2016/10/20 30.80 31.20 30.60 30.90 
2016/10/21 30.55 31.20 30.55 30.80 
2016/10/24 31.10 31.10 30.65 30.70 
2016/10/25 31.00 31.80 30.70 31.65 
2016/10/26 31.35 31.75 31.25 31.30 
2016/10/27 31.30 31.70 31.00 31.00 
2016/10/28 31.25 31.25 30.60 30.75 
2016/10/31 30.75 31.05 30.50 31.00 
2016/11/01 31.05 31.80 31.00 31.80 
2016/11/02 32.00 32.00 31.05 31.05 
2016/11/03 30.90 31.40 30.25 30.50 
2016/11/04 30.60 31.00 30.30 30.35 
2016/11/07 30.50 30.80 30.50 30.60 
2016/11/08 30.80 30.80 29.35 29.55 
2016/11/09 29.55 29.90 27.50 27.90 
2016/11/10 28.50 29.30 28.50 29.20 
2016/11/11 28.70 29.10 28.50 28.65 
2016/11/14 28.95 29.00 28.00 28.50 
2016/11/15 28.60 28.60 28.00 28.00 
2016/11/16 28.20 28.75 28.00 28.00 
2016/11/17 28.10 28.55 28.00 28.35 
2016/11/18 28.50 29.10 28.50 29.10 
2016/11/21 29.15 29.20 28.90 29.15 
2016/11/22 29.25 29.30 28.85 29.15 
2016/11/23 29.20 30.30 29.20 29.90 
2016/11/24 30.10 31.10 30.05 30.85 
2016/11/25 31.35 31.90 31.10 31.90 
2016/11/28 32.30 32.30 31.30 31.55 
2016/11/29 31.55 31.55 31.05 31.10 
2016/11/30 31.20 31.90 31.15 31.20 
2016/12/01 31.25 31.60 30.80 31.10 
2016/12/02 31.10 31.95 31.10 31.80 
2016/12/05 32.00 33.60 32.00 33.40 
2016/12/06 33.55 33.85 32.85 33.75 
2016/12/07 34.90 35.25 34.00 34.05 
2016/12/08 34.05 34.30 33.45 33.60 
2016/12/09 34.00 34.45 33.65 33.80 
2016/12/12 34.20 34.90 34.10 34.70 
2016/12/13 34.70 34.75 34.20 34.45 
2016/12/14 34.90 35.10 34.45 34.45 
2016/12/15 34.40 34.95 34.40 34.55 
2016/12/16 34.75 35.20 34.50 34.70 
2016/12/19 34.70 34.75 33.65 33.65 
2016/12/20 33.65 33.90 32.60 33.20 
2016/12/21 33.40 33.70 33.15 33.40 
2016/12/22 33.60 33.65 32.50 32.75 
2016/12/23 33.00 33.00 32.60 32.90 
2016/12/26 32.90 32.95 32.50 32.70 
2016/12/27 32.90 33.50 32.70 32.95 
2016/12/28 32.75 33.20 32.75 32.75 
2016/12/29 33.20 33.20 32.60 32.70 
2016/12/30 32.95 34.45 32.80 33.70 
2017/01/03 34.35 34.70 33.90 33.90 
2017/01/04 34.40 35.00 34.20 34.25 
2017/01/05 34.35 35.20 34.35 34.65 
2017/01/06 34.65 34.75 34.10 34.25 
2017/01/09 34.55 34.70 33.85 34.00 
2017/01/10 33.20 33.35 32.80 32.95 
2017/01/11 33.15 33.15 32.60 32.60 
2017/01/12 32.80 33.25 32.65 33.15 
2017/01/13 33.15 33.50 32.80 33.15 
2017/01/16 32.90 32.95 31.95 32.10 
2017/01/17 32.05 33.00 32.05 32.90 
2017/01/18 32.70 33.20 32.70 32.80 
2017/01/19 33.10 33.10 32.10 32.15 
2017/01/20 32.10 32.55 32.10 32.15 
2017/01/23 32.15 32.25 31.75 31.80 
2017/01/24 31.80 31.95 31.35 31.60 
2017/02/02 31.90 31.90 31.40 31.75 
2017/02/03 31.80 32.45 31.80 32.00 
2017/02/06 31.75 31.80 31.60 31.70 
2017/02/07 31.70 32.10 31.70 32.00 
2017/02/08 32.20 32.20 31.55 31.55 
