2016/07/01 31.07 32.62 31.00 31.69 
2016/07/04 31.69 32.63 32.01 32.17 
2016/07/05 32.17 32.99 32.20 32.46 
2016/07/06 32.46 32.47 31.85 32.18 
2016/07/07 32.18 33.99 32.20 33.22 
2016/07/11 33.22 35.07 33.49 34.70 
2016/07/12 34.70 35.00 32.51 34.01 
2016/07/13 34.01 33.89 31.55 32.02 
2016/07/14 32.02 34.20 31.80 32.83 
2016/07/15 32.83 34.19 33.50 33.92 
2016/07/18 33.92 33.97 32.76 33.25 
2016/07/19 33.25 34.93 33.00 33.55 
2016/07/20 33.55 34.60 33.89 34.20 
2016/07/21 34.20 36.10 34.59 35.29 
2016/07/22 35.29 35.49 34.80 35.02 
2016/07/25 35.02 35.28 34.87 34.97 
2016/07/27 34.96 35.82 34.94 35.13 
2016/07/28 35.13 35.48 34.85 34.98 
2016/07/29 34.98 35.30 34.88 34.99 
2016/08/01 34.99 35.11 34.89 34.97 
2016/08/02 34.97 35.12 34.88 35.01 
2016/08/03 35.01 35.04 34.01 34.87 
2016/08/04 34.87 35.05 34.87 34.94 
2016/08/05 34.94 35.04 34.88 34.94 
2016/08/08 34.94 35.08 34.87 34.94 
2016/08/09 34.94 35.00 34.87 34.94 
2016/08/10 34.94 35.00 34.87 34.94 
2016/08/11 34.94 35.00 34.19 34.78 
2016/08/12 34.78 34.20 33.00 33.51 
2016/08/15 33.51 33.95 32.90 33.19 
2016/08/16 33.19 33.49 32.70 32.88 
2016/08/17 32.88 34.60 32.90 33.37 
2016/08/18 33.37 35.00 34.00 34.84 
2016/08/19 34.84 34.92 34.68 34.77 
2016/08/22 34.77 34.66 34.02 34.26 
2016/08/23 34.26 34.89 34.55 34.77 
2016/08/24 34.77 34.88 34.40 34.59 
2016/08/25 34.59 34.78 34.10 34.39 
2016/08/26 34.39 34.69 34.10 34.43 
2016/08/30 34.38 34.60 34.29 34.48 
2016/08/31 34.48 34.10 34.36 34.16 
2016/09/01 34.16 34.12 33.91 34.04 
2016/09/02 34.04 34.36 33.79 34.04 
2016/09/05 34.04 34.90 34.29 34.57 
2016/09/06 34.57 34.99 34.64 34.75 
2016/09/07 34.75 35.00 34.65 34.89 
2016/09/08 34.89 37.99 35.00 37.00 
2016/09/09 37.00 37.50 36.41 36.85 
2016/09/10 36.85 36.80 35.94 36.26 
2016/09/12 36.26 36.41 35.83 36.06 
2016/09/13 36.06 36.61 35.60 35.98 
2016/09/14 35.98 35.99 35.31 35.54 
2016/09/19 35.54 36.50 35.80 36.14 
2016/09/20 36.14 36.50 36.10 36.37 
2016/09/21 36.37 38.20 36.47 37.69 
2016/09/22 37.69 37.72 37.22 37.43 
2016/09/23 37.43 37.51 36.87 37.09 
2016/09/26 37.09 37.19 36.95 37.06 
2016/09/29 37.06 38.49 37.10 37.85 
2016/09/30 37.85 38.12 37.80 37.99 
2016/10/03 37.99 38.17 38.00 38.06 
2016/10/04 38.06 38.12 37.81 37.98 
2016/10/05 37.98 38.30 37.91 38.14 
2016/10/06 38.14 40.30 38.35 39.63 
2016/10/07 39.63 40.00 39.38 39.56 
2016/10/11 39.56 42.20 39.82 40.86 
2016/10/12 40.86 40.65 39.70 40.11 
2016/10/13 40.11 40.50 39.82 40.16 
2016/10/14 40.16 40.06 38.89 39.28 
2016/10/17 39.28 39.29 38.87 39.04 
2016/10/18 39.04 39.30 37.81 38.26 
2016/10/19 38.26 39.00 38.30 38.51 
2016/10/20 38.51 40.08 38.70 39.32 
2016/10/21 39.32 40.48 38.66 39.37 
2016/10/24 39.37 41.20 40.00 40.56 
2016/10/25 40.56 40.40 39.14 39.90 
2016/10/26 39.90 40.25 39.79 40.02 
2016/10/27 40.02 40.11 39.85 39.97 
2016/10/28 39.97 40.11 39.76 39.93 
2016/10/31 39.93 40.10 39.78 39.94 
2016/11/01 39.94 40.07 39.83 39.94 
2016/11/02 39.94 40.00 39.30 39.84 
2016/11/03 39.84 39.99 39.79 39.85 
2016/11/04 39.85 39.80 39.12 39.43 
2016/11/07 39.43 39.99 38.92 39.24 
2016/11/08 39.24 39.30 38.08 38.57 
2016/11/09 38.57 38.20 36.01 37.76 
2016/11/10 37.76 37.99 36.20 37.66 
2016/11/11 37.66 38.11 37.00 37.38 
2016/11/14 37.38 37.50 36.49 36.90 
2016/11/15 36.90 37.35 36.80 36.99 
2016/11/16 36.99 38.20 37.34 37.98 
2016/11/17 37.98 38.49 37.99 38.23 
2016/11/18 38.23 38.64 37.49 38.03 
2016/11/21 38.03 39.00 38.00 38.71 
2016/11/22 38.71 39.60 38.80 39.26 
2016/11/23 39.26 39.69 39.19 39.42 
2016/11/24 39.42 39.50 39.08 39.24 
2016/11/25 39.24 40.10 39.04 39.54 
2016/11/28 39.54 39.33 38.02 38.83 
2016/11/29 38.83 38.57 38.01 38.37 
2016/12/01 38.42 39.95 38.35 39.55 
2016/12/02 39.55 39.51 38.96 39.14 
2016/12/06 38.96 39.29 38.51 39.04 
2016/12/07 39.04 39.59 38.82 39.22 
2016/12/08 39.22 39.99 39.31 39.62 
2016/12/09 39.62 40.99 39.60 40.04 
2016/12/12 40.04 45.49 40.80 43.00 
2016/12/13 43.00 44.88 43.22 44.24 
2016/12/14 44.24 48.93 44.87 47.10 
2016/12/15 47.10 49.00 46.62 47.75 
2016/12/16 47.75 48.94 46.09 47.72 
2016/12/19 46.00 54.60 46.00 51.10 
2016/12/20 50.90 60.00 50.50 59.50 
2016/12/21 59.40 61.20 56.60 60.00 
2016/12/22 59.80 60.40 58.50 59.00 
2016/12/23 59.00 62.90 59.00 60.90 
2016/12/26 60.70 60.70 56.00 57.00 
2016/12/27 56.30 57.80 56.00 56.50 
2016/12/28 56.70 56.90 53.60 54.90 
2016/12/29 54.90 58.10 53.20 57.10 
2016/12/30 57.10 62.80 57.10 61.50 
2017/01/03 60.00 61.40 58.40 60.00 
2017/01/04 60.30 62.10 60.30 60.60 
2017/01/05 61.00 66.60 61.00 66.60 
2017/01/06 66.70 73.20 66.00 71.60 
2017/01/09 72.00 77.90 70.50 72.20 
2017/01/10 71.70 77.00 71.70 76.90 
2017/01/11 78.30 84.50 77.10 84.50 
2017/01/12 85.00 87.00 79.40 84.40 
2017/01/13 85.50 85.50 79.00 82.00 
2017/01/16 81.50 86.60 79.50 85.50 
2017/01/17 85.50 87.60 83.10 85.30 
2017/01/18 83.30 86.00 81.30 83.50 
2017/01/19 84.90 86.50 82.40 82.60 
2017/01/20 82.80 83.30 80.00 81.00 
2017/01/23 82.50 84.80 80.50 82.80 
2017/01/24 83.00 83.40 80.20 80.80 
2017/02/02 81.50 83.80 80.90 81.20 
2017/02/03 80.20 80.50 78.60 79.50 
2017/02/06 79.50 80.30 77.00 77.10 
2017/02/07 76.80 83.50 75.60 83.00 
2017/02/08 83.50 84.90 80.50 81.00 
