2016/07/01 8.70 8.70 8.56 8.56 
2016/07/04 8.56 8.65 8.53 8.62 
2016/07/05 8.51 8.62 8.51 8.62 
2016/07/06 8.60 8.62 8.50 8.62 
2016/07/11 8.59 8.59 8.46 8.46 
2016/07/12 8.37 8.40 8.30 8.33 
2016/07/13 8.27 8.33 8.27 8.27 
2016/07/14 8.27 8.40 8.27 8.39 
2016/07/15 8.30 8.31 8.30 8.30 
2016/07/18 8.30 8.62 8.25 8.61 
2016/07/19 8.50 8.61 8.50 8.61 
2016/07/20 8.60 8.61 8.60 8.61 
2016/07/21 8.50 8.84 8.50 8.60 
2016/07/22 8.70 8.75 8.70 8.75 
2016/07/25 8.80 8.80 8.62 8.79 
2016/07/26 8.79 8.82 8.63 8.63 
2016/07/27 8.60 8.75 8.60 8.75 
2016/07/28 8.80 8.82 8.75 8.80 
2016/07/29 8.80 8.80 8.72 8.72 
2016/08/01 8.78 8.79 8.60 8.69 
2016/08/02 8.69 8.85 8.69 8.82 
2016/08/03 8.80 9.00 8.75 9.00 
2016/08/04 9.05 9.05 8.85 8.92 
2016/08/05 8.92 8.94 8.88 8.90 
2016/08/08 8.64 9.30 8.64 9.30 
2016/08/09 9.27 9.27 8.75 8.85 
2016/08/10 8.83 8.84 8.71 8.84 
2016/08/11 8.75 8.86 8.70 8.82 
2016/08/12 8.75 8.75 8.75 8.75 
2016/08/15 8.83 8.83 8.83 8.83 
2016/08/16 8.80 8.90 8.75 8.90 
2016/08/17 8.97 8.97 8.71 8.90 
2016/08/18 8.73 8.88 8.73 8.88 
2016/08/19 8.90 9.40 8.85 8.98 
2016/08/22 8.99 8.99 8.99 8.99 
2016/08/23 9.02 9.02 8.70 8.88 
2016/08/24 8.90 8.90 8.90 8.90 
2016/08/25 8.88 8.88 8.76 8.85 
2016/08/26 8.75 9.00 8.75 9.00 
2016/08/29 8.83 8.93 8.77 8.78 
2016/08/30 8.89 9.00 8.85 8.96 
2016/08/31 8.90 9.02 8.90 8.90 
2016/09/01 8.85 9.05 8.80 8.96 
2016/09/02 9.00 9.02 8.76 9.00 
2016/09/05 8.77 8.98 8.77 8.79 
2016/09/06 8.79 8.87 8.77 8.87 
2016/09/07 8.81 8.88 8.79 8.88 
2016/09/08 8.85 8.85 8.82 8.82 
2016/09/09 8.92 8.92 8.81 8.90 
2016/09/10 8.80 8.88 8.80 8.88 
2016/09/12 8.99 8.99 8.88 8.88 
2016/09/13 8.85 8.96 8.85 8.96 
2016/09/14 8.79 8.99 8.79 8.99 
2016/09/19 8.99 8.99 8.85 8.95 
2016/09/20 8.85 8.99 8.85 8.99 
2016/09/21 9.00 9.00 9.00 9.00 
2016/09/22 9.04 9.04 8.90 9.00 
2016/09/23 9.00 9.09 8.89 9.04 
2016/09/26 8.90 8.99 8.90 8.97 
2016/09/29 8.97 8.98 8.80 8.91 
2016/09/30 8.88 8.90 8.83 8.90 
2016/10/03 8.85 8.97 8.85 8.97 
2016/10/04 8.97 9.50 8.86 9.35 
2016/10/05 9.35 9.70 9.22 9.30 
2016/10/06 9.13 9.23 9.13 9.23 
2016/10/07 9.23 9.42 9.01 9.28 
2016/10/11 9.31 9.39 9.06 9.30 
2016/10/12 9.30 9.50 9.30 9.39 
2016/10/13 9.31 9.37 9.30 9.37 
2016/10/14 9.30 9.30 9.30 9.30 
2016/10/17 9.30 9.35 9.29 9.33 
2016/10/18 9.29 9.35 9.29 9.30 
2016/10/19 9.30 9.35 9.30 9.30 
2016/10/20 9.30 9.40 9.30 9.31 
2016/10/21 9.42 9.42 9.30 9.34 
2016/10/24 9.36 9.39 9.30 9.34 
2016/10/25 9.34 9.83 9.34 9.65 
2016/10/26 9.72 10.60 9.72 10.35 
2016/11/10 10.00 10.00 9.37 9.37 
2016/11/11 9.13 9.13 8.65 8.73 
2016/11/14 8.69 8.69 8.43 8.44 
2016/11/15 8.45 9.00 8.44 8.64 
2016/11/16 8.65 8.79 8.60 8.75 
2016/11/17 8.53 8.80 8.53 8.80 
2016/11/18 8.79 8.79 8.79 8.79 
2016/11/21 8.61 8.79 8.61 8.76 
2016/11/22 8.80 8.80 8.70 8.76 
2016/11/23 8.70 8.86 8.70 8.77 
2016/11/24 8.78 8.78 8.77 8.77 
2016/11/25 8.82 9.37 8.80 9.20 
2016/11/28 9.20 9.39 9.20 9.30 
2016/11/29 9.20 9.24 9.02 9.24 
2016/11/30 9.24 9.33 9.09 9.32 
2016/12/01 9.26 9.26 9.04 9.24 
2016/12/02 9.19 9.31 9.19 9.31 
2016/12/05 9.45 9.45 9.30 9.40 
2016/12/06 9.05 9.45 9.05 9.45 
2016/12/07 9.21 9.40 9.21 9.40 
2016/12/08 9.25 9.26 9.01 9.19 
2016/12/09 9.02 9.19 9.01 9.19 
2016/12/12 9.06 9.06 9.05 9.05 
2016/12/13 9.05 9.28 9.04 9.28 
2016/12/14 9.00 9.03 9.00 9.03 
2016/12/15 9.00 9.20 8.88 9.20 
2016/12/16 9.20 9.20 9.18 9.20 
2016/12/19 9.20 9.20 9.20 9.20 
2016/12/20 9.02 9.17 9.00 9.17 
2016/12/21 9.02 9.09 9.00 9.09 
2016/12/22 9.11 9.11 8.75 8.98 
2016/12/23 9.00 9.00 8.83 8.94 
2016/12/26 8.93 9.30 8.88 9.30 
2016/12/27 9.21 9.40 9.02 9.40 
2016/12/28 9.30 9.30 9.00 9.12 
2017/01/03 8.88 9.10 8.88 9.08 
2017/01/04 8.92 9.09 8.92 9.09 
2017/01/06 9.23 9.23 9.10 9.18 
2017/01/09 9.06 9.14 9.00 9.12 
2017/01/11 9.15 9.15 9.00 9.10 
2017/01/12 8.97 9.08 8.97 9.08 
2017/01/13 8.89 8.98 8.89 8.97 
2017/01/16 8.95 8.95 8.81 8.93 
2017/01/17 8.82 8.82 8.42 8.70 
2017/01/18 8.70 8.86 8.65 8.86 
2017/01/19 8.85 8.85 8.70 8.70 
2017/01/20 8.58 9.40 8.58 9.40 
2017/01/23 9.35 9.35 9.10 9.23 
2017/01/24 9.04 9.18 9.00 9.18 
2017/02/02 9.17 9.22 9.08 9.22 
2017/02/03 9.10 9.10 9.10 9.10 
2017/02/06 9.04 9.20 9.01 9.15 
2017/02/07 9.14 9.20 9.10 9.18 
2017/02/08 9.18 9.20 9.10 9.20 
