2016/07/01 59.10 59.30 58.90 59.00 
2016/07/04 59.40 59.40 58.80 58.90 
2016/07/05 59.00 59.00 58.50 58.80 
2016/07/06 58.70 58.80 58.30 58.40 
2016/07/07 58.80 58.80 58.30 58.60 
2016/07/11 59.00 59.50 58.90 59.00 
2016/07/12 59.00 59.00 58.60 58.80 
2016/07/13 58.60 58.90 58.40 58.90 
2016/07/14 58.90 59.50 58.70 59.30 
2016/07/15 59.50 60.70 59.50 60.30 
2016/07/18 60.30 60.30 59.80 59.80 
2016/07/19 59.80 60.40 59.80 60.10 
2016/07/20 60.20 64.30 60.20 63.20 
2016/07/21 64.70 64.70 63.10 63.10 
2016/07/22 63.00 63.20 62.00 62.60 
2016/07/25 62.70 63.80 62.70 63.70 
2016/07/26 63.70 63.70 63.00 63.10 
2016/07/27 63.60 63.80 62.80 62.80 
2016/07/28 62.60 63.00 62.40 62.60 
2016/07/29 63.00 63.20 62.60 63.00 
2016/08/01 62.80 63.30 62.80 63.00 
2016/08/02 63.10 63.30 62.80 63.30 
2016/08/03 63.30 65.80 63.20 65.20 
2016/08/04 65.50 66.00 64.70 65.20 
2016/08/05 64.90 64.90 64.30 64.80 
2016/08/08 64.90 65.30 64.30 64.30 
2016/08/09 62.60 63.10 62.00 62.20 
2016/08/10 62.00 62.00 60.50 60.50 
2016/08/11 57.00 57.00 56.30 56.50 
2016/08/12 56.50 56.70 52.00 52.20 
2016/08/15 52.20 52.20 48.50 50.90 
2016/08/16 51.00 51.60 50.70 50.80 
2016/08/17 50.80 50.80 50.00 50.40 
2016/08/18 51.00 51.70 50.80 51.20 
2016/08/19 51.60 52.00 51.20 51.20 
2016/08/22 51.20 51.20 50.20 50.30 
2016/08/23 50.30 51.00 50.30 50.40 
2016/08/24 50.70 50.70 50.40 50.40 
2016/08/25 50.40 51.30 50.30 51.00 
2016/08/26 51.00 51.80 51.00 51.60 
2016/08/29 52.30 52.30 51.30 51.60 
2016/08/30 51.20 53.00 51.20 52.80 
2016/08/31 52.80 53.00 52.20 52.90 
2016/09/01 52.60 53.50 52.40 52.70 
2016/09/02 52.80 52.80 51.80 51.90 
2016/09/05 51.90 52.40 51.90 51.90 
2016/09/06 51.50 52.10 51.40 51.40 
2016/09/07 51.70 51.90 51.40 51.50 
2016/09/08 51.50 52.00 51.50 51.80 
2016/09/09 51.40 51.40 51.30 51.30 
2016/09/10 51.30 51.30 51.00 51.20 
2016/09/12 51.00 51.30 50.90 50.90 
2016/09/13 51.00 51.00 50.10 50.30 
2016/09/14 50.20 51.50 50.10 50.20 
2016/09/19 50.40 50.50 50.10 50.20 
2016/09/20 50.20 50.50 49.80 50.00 
2016/09/21 50.00 50.10 49.65 49.70 
2016/09/22 49.80 49.85 49.10 49.10 
2016/09/23 49.20 49.80 49.10 49.30 
2016/09/26 49.60 50.70 49.60 50.00 
2016/09/29 50.00 50.20 49.70 49.70 
2016/09/30 49.70 49.70 49.20 49.25 
2016/10/03 49.80 49.80 49.05 49.10 
2016/10/04 49.10 49.20 49.05 49.15 
2016/10/05 49.15 49.50 49.10 49.10 
2016/10/06 49.10 49.20 49.05 49.20 
2016/10/07 49.20 49.45 49.20 49.35 
2016/10/11 49.00 49.00 47.00 47.10 
2016/10/12 46.40 46.55 45.20 45.50 
2016/10/13 45.40 46.30 45.40 45.70 
2016/10/14 45.90 45.95 45.00 45.05 
2016/10/17 45.05 45.05 43.20 43.45 
2016/10/18 43.45 43.45 41.20 41.80 
2016/10/19 41.80 43.50 41.80 42.95 
2016/10/20 42.65 42.95 42.25 42.50 
2016/10/21 43.00 46.75 43.00 46.75 
2016/10/24 47.00 50.40 47.00 48.90 
2016/10/25 48.90 48.90 47.15 48.10 
2016/10/26 47.60 48.50 47.40 47.50 
2016/10/27 48.00 48.10 47.20 47.65 
2016/10/28 47.95 47.95 47.50 47.90 
2016/10/31 47.90 47.90 47.10 47.50 
2016/11/01 47.50 47.90 47.10 47.50 
2016/11/02 47.20 47.20 45.55 45.60 
2016/11/03 45.40 45.50 43.85 44.15 
2016/11/04 43.60 44.60 43.60 44.25 
2016/11/07 43.70 44.85 43.60 44.70 
2016/11/08 44.95 44.95 44.00 44.45 
2016/11/09 44.90 44.90 43.00 43.40 
2016/11/10 43.65 44.00 43.55 43.55 
2016/11/11 42.45 43.55 40.05 43.50 
2016/11/14 43.50 43.55 42.10 42.90 
2016/11/15 42.50 43.00 42.00 43.00 
2016/11/16 43.00 43.35 42.50 42.50 
2016/11/17 42.70 42.70 42.00 42.50 
2016/11/18 42.25 42.70 42.20 42.40 
2016/11/21 42.50 43.00 42.45 43.00 
2016/11/22 43.40 44.80 43.00 44.00 
2016/11/23 44.00 44.30 43.55 44.05 
2016/11/24 43.75 44.45 43.55 44.25 
2016/11/25 44.20 44.80 43.90 44.80 
2016/11/28 45.00 46.20 45.00 45.00 
2016/11/29 44.80 44.80 44.05 44.30 
2016/11/30 44.10 44.95 44.10 44.50 
2016/12/01 44.50 44.55 44.10 44.15 
2016/12/02 44.15 44.15 43.50 43.60 
2016/12/05 43.30 43.75 42.95 43.50 
2016/12/06 43.60 44.00 43.30 43.85 
2016/12/07 43.70 44.10 43.65 44.00 
2016/12/08 44.00 44.20 43.75 43.75 
2016/12/09 43.80 46.10 43.80 45.90 
2016/12/12 46.10 46.50 45.30 46.00 
2016/12/13 45.50 46.45 45.50 46.20 
2016/12/14 46.50 46.50 45.80 46.20 
2016/12/15 46.00 46.00 45.30 45.95 
2016/12/16 45.55 45.90 45.40 45.90 
2016/12/19 46.10 46.10 45.45 45.85 
2016/12/20 45.85 48.60 45.85 48.05 
2016/12/21 48.00 48.00 47.20 48.00 
2016/12/22 47.50 47.70 47.15 47.65 
2016/12/23 47.90 48.00 47.40 47.80 
2016/12/26 48.05 48.05 47.25 47.60 
2016/12/27 47.10 47.80 46.70 47.70 
2016/12/28 47.25 47.75 47.25 47.75 
2016/12/29 47.75 47.75 47.30 47.65 
2016/12/30 47.65 49.70 47.65 48.20 
2017/01/03 47.80 48.15 47.45 47.90 
2017/01/04 47.90 47.90 47.00 47.30 
2017/01/05 47.30 47.75 47.00 47.60 
2017/01/06 47.60 47.60 46.90 47.05 
2017/01/09 47.05 47.20 45.65 45.65 
2017/01/10 45.45 46.10 45.45 45.45 
2017/01/11 45.40 45.40 44.50 44.50 
2017/01/12 44.50 45.00 44.00 44.00 
2017/01/13 44.30 44.30 43.10 43.45 
2017/01/16 43.50 43.50 42.55 42.60 
2017/01/17 42.60 43.10 42.35 42.65 
2017/01/18 42.70 43.00 42.60 42.80 
2017/01/19 42.80 42.95 42.65 42.70 
2017/01/20 42.85 44.40 42.80 43.60 
2017/01/23 43.60 44.05 43.20 43.25 
2017/01/24 43.25 43.30 43.05 43.05 
2017/02/02 43.10 43.15 42.50 42.50 
2017/02/03 42.80 43.10 42.60 42.75 
2017/02/06 42.90 43.00 42.60 42.65 
2017/02/07 42.70 42.70 42.00 42.15 
2017/02/08 42.15 42.60 42.15 42.20 
