2016/07/01 19.50 20.00 19.35 19.50 
2016/07/04 19.50 21.45 19.50 21.45 
2016/07/05 22.00 23.55 22.00 22.95 
2016/07/06 22.35 22.85 21.95 22.80 
2016/07/07 22.70 25.05 22.70 25.05 
2016/07/11 26.50 26.90 25.10 25.35 
2016/07/12 25.50 26.40 24.90 25.00 
2016/07/13 25.50 25.50 23.60 24.20 
2016/07/14 24.55 24.85 23.70 24.00 
2016/07/15 24.50 24.80 23.80 24.00 
2016/07/18 24.30 24.30 23.20 23.30 
2016/07/19 23.05 24.60 23.00 23.60 
2016/07/20 23.40 23.80 23.20 23.45 
2016/07/21 23.80 24.10 23.40 23.60 
2016/07/22 23.90 23.90 23.30 23.70 
2016/07/25 23.50 24.05 22.80 23.50 
2016/07/26 23.25 24.70 23.25 24.40 
2016/07/27 24.50 24.65 23.55 23.60 
2016/07/28 23.30 23.45 22.05 22.05 
2016/07/29 21.90 22.65 21.80 22.15 
2016/08/01 21.90 22.65 21.90 22.60 
2016/08/02 23.00 23.70 23.00 23.35 
2016/08/03 23.30 23.60 23.00 23.20 
2016/08/04 23.30 23.35 22.70 22.75 
2016/08/05 22.75 23.95 22.75 23.50 
2016/08/08 23.80 24.25 23.50 23.95 
2016/08/09 23.85 24.50 23.20 23.40 
2016/08/10 24.00 24.45 23.20 23.20 
2016/08/11 22.85 23.30 21.10 22.15 
2016/08/12 22.20 22.50 22.00 22.45 
2016/08/15 22.45 22.55 21.70 21.85 
2016/08/16 21.85 22.50 21.80 22.15 
2016/08/17 22.00 23.05 22.00 22.50 
2016/08/18 22.80 24.65 22.60 24.10 
2016/08/19 24.10 24.10 23.10 23.10 
2016/08/22 23.10 23.10 22.05 22.20 
2016/08/23 22.20 22.65 22.05 22.05 
2016/08/24 22.05 22.30 21.65 21.65 
2016/08/25 22.10 22.10 21.75 22.00 
2016/08/26 22.20 22.85 21.85 22.10 
2016/08/29 21.90 22.10 21.50 21.50 
2016/08/30 21.75 22.00 21.60 21.65 
2016/08/31 21.70 22.70 21.70 22.50 
2016/09/01 23.00 23.00 22.05 22.05 
2016/09/02 22.80 22.80 21.50 21.70 
2016/09/05 21.60 21.80 21.60 21.70 
2016/09/06 21.70 22.45 21.70 22.10 
2016/09/07 22.10 22.10 21.75 21.95 
2016/09/08 22.00 22.80 22.00 22.50 
2016/09/09 22.50 22.50 22.05 22.35 
2016/09/10 22.10 22.30 21.80 22.05 
2016/09/12 22.10 22.55 21.95 21.95 
2016/09/13 22.05 22.05 21.30 21.50 
2016/09/14 21.30 21.40 20.20 20.20 
2016/09/19 20.25 20.50 20.25 20.35 
2016/09/20 20.40 20.95 20.40 20.60 
2016/09/21 20.40 20.80 20.40 20.70 
2016/09/22 20.70 20.70 20.45 20.45 
2016/09/23 20.55 20.80 20.45 20.70 
2016/09/26 20.50 20.60 19.60 19.65 
2016/09/29 19.75 20.10 19.75 19.85 
2016/09/30 19.60 19.90 19.35 19.90 
2016/10/03 20.05 20.05 19.75 19.85 
2016/10/04 19.85 20.05 19.85 20.00 
2016/10/05 19.55 19.90 19.55 19.80 
2016/10/06 19.85 20.05 19.70 19.95 
2016/10/07 19.95 21.90 19.95 21.90 
2016/10/11 23.50 23.60 21.90 23.30 
2016/10/12 22.50 23.15 22.45 22.95 
2016/10/13 22.80 24.75 22.50 24.05 
2016/10/14 23.95 24.95 23.30 23.30 
2016/10/17 23.00 23.65 22.20 22.30 
2016/10/18 22.30 22.40 21.45 21.60 
2016/10/19 21.80 23.75 21.80 23.75 
2016/10/20 24.20 24.45 23.30 23.30 
2016/10/21 23.00 24.10 23.00 23.50 
2016/10/24 23.90 23.90 23.30 23.80 
2016/10/25 23.90 24.15 23.30 23.30 
2016/10/26 23.00 23.15 22.25 22.50 
2016/10/27 22.50 23.30 22.40 22.45 
2016/10/28 22.60 22.70 22.15 22.15 
2016/10/31 22.90 22.90 22.50 22.85 
2016/11/01 23.25 25.10 23.25 25.10 
2016/11/02 25.20 25.55 22.60 22.60 
2016/11/03 22.35 22.95 21.80 21.90 
2016/11/04 21.65 23.00 21.50 22.30 
2016/11/07 22.50 22.75 22.15 22.25 
2016/11/08 22.70 22.70 22.00 22.30 
2016/11/09 22.40 22.50 20.30 20.70 
2016/11/10 21.30 21.75 21.30 21.55 
2016/11/11 20.80 21.45 20.65 21.10 
2016/11/14 21.15 21.15 20.20 20.50 
2016/11/15 20.65 21.50 20.60 20.70 
2016/11/16 20.90 21.10 20.35 20.40 
2016/11/17 20.50 20.70 20.30 20.55 
2016/11/18 20.60 21.20 20.40 21.00 
2016/11/21 21.20 21.30 21.00 21.10 
2016/11/22 21.10 23.15 21.10 22.45 
2016/11/23 22.45 22.50 21.65 21.70 
2016/11/24 21.80 22.65 21.70 22.60 
2016/11/25 24.65 24.85 24.10 24.85 
2016/11/28 25.85 27.30 25.75 27.30 
2016/11/29 27.80 28.50 26.80 27.35 
2016/11/30 27.60 27.75 26.55 27.10 
2016/12/01 27.40 29.55 26.60 26.60 
2016/12/02 25.85 26.30 24.95 25.60 
2016/12/05 25.40 26.80 25.40 26.00 
2016/12/06 26.15 26.35 25.10 25.30 
2016/12/07 25.65 25.90 25.15 25.20 
2016/12/08 25.50 25.60 24.55 24.65 
2016/12/09 25.30 26.50 25.20 26.00 
2016/12/12 25.50 25.70 24.55 24.80 
2016/12/13 24.80 25.35 24.80 24.95 
2016/12/14 25.60 25.70 25.05 25.05 
2016/12/15 24.80 25.65 24.80 25.55 
2016/12/16 25.70 25.70 24.80 25.15 
2016/12/19 25.30 25.30 24.40 24.40 
2016/12/20 24.40 24.50 23.50 24.05 
2016/12/21 24.05 24.15 23.50 23.55 
2016/12/22 23.50 24.70 23.50 23.70 
2016/12/23 23.85 24.25 23.85 23.95 
2016/12/26 24.05 24.40 23.85 23.85 
2016/12/27 23.90 24.25 23.70 23.70 
2016/12/28 24.10 24.75 23.90 24.10 
2016/12/29 24.10 24.45 24.10 24.20 
2016/12/30 24.40 24.60 24.10 24.10 
2017/01/03 24.15 24.15 23.60 23.70 
2017/01/04 23.80 24.45 23.80 24.30 
2017/01/05 24.60 25.70 24.50 24.95 
2017/01/06 24.90 26.50 24.60 25.90 
2017/01/09 26.40 26.45 25.05 25.05 
2017/01/10 24.60 24.95 24.35 24.55 
2017/01/11 25.00 25.00 24.35 24.40 
2017/01/12 24.65 24.90 24.35 24.55 
2017/01/13 24.50 25.40 24.40 24.70 
2017/01/16 24.70 24.70 24.35 24.40 
2017/01/17 24.25 25.10 24.25 24.95 
2017/01/18 25.40 26.15 25.00 25.90 
2017/01/19 26.15 26.45 25.05 25.05 
2017/01/20 25.10 25.30 24.60 24.60 
2017/01/23 24.70 25.05 24.50 24.50 
2017/01/24 24.75 24.90 24.05 24.15 
2017/02/02 24.80 24.80 24.30 24.55 
2017/02/03 24.55 25.10 24.55 25.10 
2017/02/06 25.50 25.55 24.70 24.80 
2017/02/07 24.80 24.95 24.60 24.60 
2017/02/08 24.60 24.75 24.35 24.50 
