2016/07/01 33.10 33.10 32.40 32.55 
2016/07/04 32.55 33.30 32.40 33.30 
2016/07/05 34.00 34.95 30.00 30.00 
2016/07/06 30.00 30.00 28.15 28.45 
2016/07/07 28.80 29.20 28.40 28.45 
2016/07/11 27.65 27.90 26.60 27.20 
2016/07/12 27.60 27.75 27.10 27.60 
2016/07/13 26.90 27.05 26.45 26.85 
2016/07/14 27.00 27.15 26.55 26.55 
2016/07/15 26.65 26.85 26.40 26.50 
2016/07/18 26.80 26.90 26.45 26.60 
2016/07/19 26.80 28.25 26.75 27.80 
2016/07/20 28.70 29.15 28.20 28.45 
2016/07/21 28.90 28.90 28.40 28.45 
2016/07/22 28.20 28.45 27.75 27.90 
2016/07/25 28.50 28.55 27.30 27.60 
2016/07/26 27.60 27.90 27.10 27.25 
2016/07/27 27.30 27.55 27.20 27.20 
2016/07/28 27.25 28.00 27.25 27.80 
2016/07/29 28.00 28.00 27.35 27.60 
2016/08/01 27.40 27.60 27.30 27.55 
2016/08/02 27.50 27.75 27.35 27.75 
2016/08/03 27.75 27.75 27.40 27.60 
2016/08/04 27.70 28.20 27.45 27.95 
2016/08/05 28.20 28.20 26.10 26.40 
2016/08/08 26.40 26.60 26.20 26.35 
2016/08/09 26.55 26.55 25.15 25.25 
2016/08/10 25.50 25.70 24.90 25.05 
2016/08/11 25.05 25.25 24.35 24.90 
2016/08/12 24.90 25.60 24.90 25.30 
2016/08/15 25.30 25.35 25.10 25.15 
2016/08/16 25.20 25.40 25.20 25.30 
2016/08/17 25.30 25.45 25.30 25.40 
2016/08/18 25.45 25.95 25.45 25.80 
2016/08/19 25.90 26.10 25.40 25.60 
2016/08/22 25.50 25.50 25.15 25.20 
2016/08/23 25.05 25.40 25.05 25.30 
2016/08/24 25.30 25.50 25.15 25.30 
2016/08/25 25.50 25.50 25.15 25.40 
2016/08/26 25.75 26.50 25.75 25.90 
2016/08/29 26.00 26.15 25.50 25.70 
2016/08/30 25.70 25.75 25.45 25.50 
2016/08/31 25.70 25.70 25.50 25.60 
2016/09/01 25.65 25.65 25.35 25.40 
2016/09/02 25.55 26.20 25.55 25.55 
2016/09/05 25.80 26.10 25.60 25.60 
2016/09/06 24.80 24.85 23.50 24.25 
2016/09/07 24.45 24.65 23.90 24.00 
2016/09/08 24.00 24.00 23.65 23.75 
2016/09/09 23.70 24.30 23.70 23.95 
2016/09/10 23.60 23.70 23.45 23.45 
2016/09/12 23.45 23.70 23.35 23.35 
2016/09/13 23.40 23.50 23.20 23.25 
2016/09/14 23.10 23.35 23.10 23.15 
2016/09/19 23.15 23.55 23.15 23.55 
2016/09/20 23.80 24.30 23.80 23.90 
2016/09/21 24.00 24.10 23.75 23.85 
2016/09/22 23.85 24.00 23.70 23.75 
2016/09/23 24.10 24.10 23.75 23.90 
2016/09/26 23.95 23.95 23.55 23.60 
2016/09/29 23.65 23.80 23.55 23.65 
2016/09/30 23.70 24.35 23.70 23.85 
2016/10/03 24.00 24.00 23.70 23.70 
2016/10/04 23.65 23.75 23.55 23.70 
2016/10/05 23.90 23.95 23.70 23.75 
2016/10/06 23.75 24.10 23.70 24.00 
2016/10/07 24.05 24.15 23.65 23.65 
2016/10/11 23.50 23.50 21.50 21.75 
2016/10/12 21.75 21.75 21.20 21.35 
2016/10/13 21.50 21.55 21.35 21.40 
2016/10/14 21.40 21.40 20.70 21.00 
2016/10/17 21.00 21.05 20.75 20.95 
2016/10/18 20.95 21.90 20.95 21.60 
2016/10/19 21.65 21.70 21.45 21.60 
2016/10/20 21.65 21.75 21.45 21.60 
2016/10/21 21.65 21.70 21.25 21.35 
2016/10/24 21.30 21.35 21.00 21.05 
2016/10/25 21.20 21.45 21.05 21.15 
2016/10/26 21.30 21.30 21.15 21.15 
2016/10/27 21.20 21.20 21.05 21.10 
2016/10/28 21.00 21.15 20.90 20.90 
2016/10/31 21.00 21.00 20.70 20.90 
2016/11/01 20.80 21.40 20.80 21.40 
2016/11/02 21.55 22.15 21.25 21.25 
2016/11/03 21.20 21.30 20.85 20.90 
2016/11/04 20.80 21.30 20.80 20.95 
2016/11/07 21.05 21.05 20.85 20.90 
2016/11/08 21.00 21.00 20.70 20.70 
2016/11/09 20.40 20.40 18.65 18.65 
2016/11/10 18.65 19.70 18.65 19.25 
2016/11/11 19.10 19.15 18.60 18.90 
2016/11/14 18.55 18.90 18.55 18.90 
2016/11/15 18.90 19.80 18.90 19.05 
2016/11/16 19.40 19.40 19.10 19.15 
2016/11/17 19.20 19.35 19.10 19.15 
2016/11/18 19.20 19.40 19.15 19.30 
2016/11/21 19.20 19.40 19.15 19.20 
2016/11/22 19.40 19.40 19.20 19.25 
2016/11/23 19.25 19.30 19.10 19.15 
2016/11/24 19.15 19.20 18.95 19.00 
2016/11/25 19.15 19.25 18.90 19.00 
2016/11/28 19.05 19.10 18.95 19.00 
2016/11/29 18.85 19.00 18.80 18.80 
2016/11/30 18.80 19.05 18.80 18.95 
2016/12/01 18.95 19.15 18.95 19.15 
2016/12/02 19.15 19.70 19.00 19.30 
2016/12/05 19.20 19.35 19.15 19.15 
2016/12/06 19.20 19.25 18.95 19.15 
2016/12/07 19.15 19.35 19.15 19.15 
2016/12/08 19.20 19.35 19.05 19.05 
2016/12/09 19.15 19.20 19.00 19.10 
2016/12/12 19.25 19.25 19.00 19.15 
2016/12/13 19.20 19.20 19.15 19.15 
2016/12/14 19.15 19.85 19.15 19.55 
2016/12/15 19.70 20.60 19.55 20.40 
2016/12/16 20.90 22.20 20.65 21.50 
2016/12/19 21.70 21.90 20.60 20.75 
2016/12/20 20.50 20.95 20.45 20.85 
2016/12/21 21.00 21.70 20.90 21.30 
2016/12/22 21.30 21.45 21.15 21.15 
2016/12/23 21.15 21.15 20.80 20.85 
2016/12/26 21.15 21.15 20.45 20.55 
2016/12/27 20.45 20.60 20.40 20.45 
2016/12/28 20.75 21.10 20.65 20.75 
2016/12/29 20.95 20.95 20.65 20.80 
2016/12/30 20.75 21.20 20.75 20.90 
2017/01/03 20.85 20.85 20.60 20.65 
2017/01/04 20.85 20.85 20.70 20.75 
2017/01/05 20.75 20.95 20.75 20.75 
2017/01/06 20.80 20.90 20.75 20.85 
2017/01/09 20.50 20.50 19.90 20.05 
2017/01/10 20.00 20.10 19.85 19.90 
2017/01/11 20.00 20.00 19.75 19.80 
2017/01/12 19.70 19.85 19.70 19.80 
2017/01/13 19.70 19.75 19.50 19.55 
2017/01/16 19.50 19.75 19.50 19.55 
2017/01/17 19.60 19.70 19.55 19.65 
2017/01/18 19.70 19.85 19.50 19.50 
2017/01/19 19.60 19.60 19.50 19.50 
2017/01/20 19.65 19.65 19.40 19.55 
2017/01/23 19.70 19.70 19.30 19.40 
2017/01/24 19.50 19.70 19.45 19.55 
2017/02/02 19.70 19.70 19.30 19.35 
2017/02/03 19.40 19.55 19.30 19.40 
2017/02/06 19.40 19.95 19.40 19.85 
2017/02/07 20.30 20.70 20.10 20.35 
2017/02/08 20.55 20.70 20.30 20.30 
