2016/07/01 21.05 21.10 20.85 21.00 
2016/07/04 21.05 21.60 21.00 21.40 
2016/07/05 21.50 21.50 21.10 21.10 
2016/07/06 21.00 21.05 20.65 20.70 
2016/07/07 20.70 21.00 20.70 20.70 
2016/07/11 21.00 21.90 20.90 21.60 
2016/07/12 21.65 21.85 21.30 21.35 
2016/07/13 21.50 21.55 21.25 21.50 
2016/07/14 21.70 23.30 21.70 22.90 
2016/07/15 23.10 23.40 22.60 22.90 
2016/07/18 23.20 23.25 22.60 22.85 
2016/07/19 22.95 23.00 22.60 22.75 
2016/07/20 22.75 22.85 22.05 22.10 
2016/07/21 22.30 22.70 22.25 22.40 
2016/07/22 22.70 24.60 22.70 24.50 
2016/07/25 24.65 24.90 23.70 23.80 
2016/07/26 24.00 24.20 23.65 23.90 
2016/07/27 24.20 25.40 24.10 24.50 
2016/07/28 24.60 24.70 23.90 24.10 
2016/07/29 24.10 24.20 23.70 23.90 
2016/08/01 23.85 24.35 23.85 24.05 
2016/08/02 24.20 25.35 24.05 25.00 
2016/08/03 24.90 24.95 24.40 24.75 
2016/08/04 25.05 25.10 24.50 24.70 
2016/08/05 24.80 26.40 24.80 25.25 
2016/08/08 25.00 25.15 24.55 25.00 
2016/08/09 25.20 26.20 25.10 25.40 
2016/08/10 25.50 25.75 25.05 25.30 
2016/08/11 25.10 25.45 24.05 24.70 
2016/08/12 25.00 25.00 23.90 24.05 
2016/08/15 24.10 24.15 23.50 23.70 
2016/08/16 23.80 24.15 23.70 23.70 
2016/08/17 24.05 24.45 23.80 24.00 
2016/08/18 24.20 24.20 23.95 24.00 
2016/08/19 24.05 24.25 23.85 23.95 
2016/08/22 24.10 24.40 24.10 24.20 
2016/08/23 24.35 24.45 24.20 24.45 
2016/08/24 24.80 26.70 24.70 26.35 
2016/08/25 26.30 28.10 25.85 27.50 
2016/08/26 27.65 28.50 27.00 27.55 
2016/08/29 27.60 27.60 26.90 27.10 
2016/08/30 27.10 28.40 27.10 27.80 
2016/08/31 27.60 28.15 27.40 27.40 
2016/09/01 27.70 27.70 26.50 26.50 
2016/09/02 26.50 26.80 25.40 25.40 
2016/09/05 25.80 26.10 25.55 25.65 
2016/09/06 26.00 27.30 26.00 26.55 
2016/09/07 26.55 27.15 26.55 26.75 
2016/09/08 27.05 29.35 26.90 28.60 
2016/09/09 28.30 31.25 28.05 30.10 
2016/09/10 29.30 31.20 29.30 30.20 
2016/09/12 30.50 30.95 29.75 29.80 
2016/09/13 30.20 30.25 28.75 28.85 
2016/09/14 29.00 29.75 28.95 29.60 
2016/09/19 30.15 30.80 30.10 30.10 
2016/09/20 30.00 30.35 29.60 30.15 
2016/09/21 30.35 30.55 29.95 29.95 
2016/09/22 29.90 30.35 29.80 29.80 
2016/09/23 30.05 32.60 30.05 32.25 
2016/09/26 32.35 34.80 31.85 33.80 
2016/09/29 33.95 34.50 33.40 33.40 
2016/09/30 33.15 35.10 33.05 34.15 
2016/10/03 35.40 37.30 34.75 37.20 
2016/10/04 37.15 37.45 36.15 37.30 
2016/10/05 37.40 38.10 36.35 36.60 
2016/10/06 36.20 36.20 35.20 35.35 
2016/10/07 35.40 36.90 35.35 35.40 
2016/10/11 33.80 34.25 31.90 32.10 
2016/10/12 32.05 33.00 32.05 32.75 
2016/10/13 32.75 33.50 32.35 32.35 
2016/10/14 32.10 32.20 30.30 30.75 
2016/10/17 30.95 31.25 30.55 30.75 
2016/10/18 30.70 31.50 30.40 31.50 
2016/10/19 31.60 34.10 31.60 33.15 
2016/10/20 33.40 34.20 32.85 33.00 
2016/10/21 32.80 32.80 32.15 32.30 
2016/10/24 32.40 32.60 31.40 31.65 
2016/10/25 31.85 33.10 31.85 32.80 
2016/10/26 32.95 32.95 32.35 32.55 
2016/10/27 32.55 33.40 32.35 32.55 
2016/10/28 32.55 33.80 32.55 32.90 
2016/10/31 32.35 32.65 31.65 32.05 
2016/11/01 32.10 32.70 31.70 31.80 
2016/11/02 31.45 31.75 30.45 30.60 
2016/11/03 30.50 30.95 29.10 29.55 
2016/11/04 29.70 29.95 29.10 29.40 
2016/11/07 29.65 30.20 29.60 29.75 
2016/11/08 30.00 30.20 28.65 28.80 
2016/11/09 28.70 29.30 26.25 26.50 
2016/11/10 27.70 28.35 27.50 28.35 
2016/11/11 27.50 27.70 26.80 27.40 
2016/11/14 26.65 27.15 26.30 26.90 
2016/11/15 27.15 27.55 27.10 27.35 
2016/11/16 27.70 28.80 27.50 28.20 
2016/11/17 28.30 28.70 28.00 28.30 
2016/11/18 28.50 29.75 28.50 29.50 
2016/11/21 29.40 30.25 29.10 30.00 
2016/11/22 30.55 31.15 29.75 29.90 
2016/11/23 30.05 30.60 29.80 30.15 
2016/11/24 30.15 31.15 30.15 30.60 
2016/11/25 30.65 31.60 30.65 30.75 
2016/11/28 30.70 30.90 30.35 30.45 
2016/11/29 30.55 30.75 29.65 29.70 
2016/11/30 29.95 29.95 29.35 29.60 
2016/12/01 29.75 30.50 29.40 30.10 
2016/12/02 29.55 29.75 29.35 29.50 
2016/12/05 29.40 29.45 28.70 28.95 
2016/12/06 29.35 29.90 29.30 29.35 
2016/12/07 29.55 30.60 29.55 30.25 
2016/12/08 30.60 30.60 30.05 30.10 
2016/12/09 30.30 31.35 30.25 30.50 
2016/12/12 30.35 30.35 29.75 29.75 
2016/12/13 29.70 29.95 29.50 29.65 
2016/12/14 30.00 30.10 29.60 29.60 
2016/12/15 29.50 29.70 29.30 29.60 
2016/12/16 29.65 29.95 29.60 29.85 
2016/12/19 29.65 31.70 29.65 31.20 
2016/12/20 31.50 32.75 31.25 31.80 
2016/12/21 31.80 32.35 31.30 32.10 
2016/12/22 32.10 32.10 31.60 31.85 
2016/12/23 31.85 32.80 31.75 32.60 
2016/12/26 33.20 33.45 32.55 32.65 
2016/12/27 32.95 33.20 32.20 32.20 
2016/12/28 32.30 33.20 32.00 32.95 
2016/12/29 32.95 34.00 32.75 32.85 
2016/12/30 33.00 33.10 32.45 32.55 
2017/01/03 32.90 33.55 32.75 33.00 
2017/01/04 33.00 33.50 32.45 33.15 
2017/01/05 33.65 36.45 33.45 36.45 
2017/01/06 36.95 37.20 35.80 36.40 
2017/01/09 36.40 36.90 35.10 35.50 
2017/01/10 35.40 36.35 35.10 35.80 
2017/01/11 36.50 37.45 36.20 37.10 
2017/01/12 37.25 37.35 36.65 36.75 
2017/01/13 36.50 36.50 35.50 36.00 
2017/01/16 35.80 35.90 34.70 34.85 
2017/01/17 34.85 35.65 34.85 35.10 
2017/01/18 35.00 35.20 34.70 35.05 
2017/01/19 35.00 36.40 34.95 36.25 
2017/01/20 36.15 36.80 35.90 35.90 
2017/01/23 35.95 37.45 35.95 36.75 
2017/01/24 36.95 37.35 36.60 36.60 
2017/02/02 36.90 36.95 36.20 36.50 
2017/02/03 36.70 40.00 36.60 36.60 
2017/02/06 36.90 37.45 36.25 37.15 
2017/02/07 37.25 38.75 37.05 37.95 
2017/02/08 38.00 38.50 37.25 37.40 
