2016/07/01 106.00 107.00 105.00 105.00 
2016/07/04 105.00 106.00 103.00 105.00 
2016/07/05 105.00 105.50 103.00 103.50 
2016/07/06 102.50 103.00 100.00 100.00 
2016/07/07 101.00 103.00 101.00 103.00 
2016/07/11 104.00 105.00 102.50 103.00 
2016/07/12 103.00 103.50 102.00 102.00 
2016/07/13 103.00 106.00 101.50 106.00 
2016/07/14 106.00 110.00 105.00 109.00 
2016/07/15 109.50 111.50 109.50 110.00 
2016/07/18 110.50 112.50 109.50 112.00 
2016/07/19 112.50 112.50 109.00 109.50 
2016/07/20 108.00 110.00 107.50 108.00 
2016/07/21 109.50 115.00 109.00 112.00 
2016/07/22 112.00 115.00 110.50 113.50 
2016/07/25 112.50 113.00 110.50 110.50 
2016/07/26 107.50 110.00 106.50 107.50 
2016/07/27 108.50 111.00 107.00 107.50 
2016/07/28 107.00 107.00 103.50 105.50 
2016/07/29 106.00 108.00 104.00 108.00 
2016/08/01 109.00 109.50 107.00 108.00 
2016/08/02 108.50 113.50 108.50 111.00 
2016/08/03 110.50 113.50 109.00 113.00 
2016/08/04 111.50 118.50 111.00 117.00 
2016/08/05 116.50 119.00 114.00 114.00 
2016/08/08 114.50 117.00 114.00 116.50 
2016/08/09 118.00 118.00 115.00 115.50 
2016/08/10 115.50 116.50 113.50 113.50 
2016/08/11 113.50 115.50 112.00 113.50 
2016/08/12 113.50 114.50 111.00 113.00 
2016/08/15 113.00 115.50 112.00 115.00 
2016/08/16 115.50 116.00 113.50 114.00 
2016/08/17 113.50 115.00 113.00 114.00 
2016/08/18 114.00 114.50 111.50 112.50 
2016/08/19 112.50 113.50 111.00 112.00 
2016/08/22 112.50 112.50 108.50 109.50 
2016/08/23 108.50 112.00 108.50 109.00 
2016/08/24 109.50 110.00 108.00 108.00 
2016/08/25 107.50 109.00 106.00 107.00 
2016/08/26 107.00 107.00 102.50 103.50 
2016/08/29 104.00 106.00 103.50 104.50 
2016/08/30 105.00 106.00 103.50 105.50 
2016/08/31 105.50 105.50 103.50 104.00 
2016/09/01 104.00 106.50 104.00 105.00 
2016/09/02 105.50 106.00 103.00 103.00 
2016/09/05 104.00 105.00 103.00 104.00 
2016/09/06 104.00 108.50 104.00 107.00 
2016/09/07 107.00 109.00 106.50 108.00 
2016/09/08 109.00 110.00 106.50 107.00 
2016/09/09 106.00 106.00 102.50 103.50 
2016/09/10 102.00 104.50 102.00 104.00 
2016/09/12 103.50 104.00 102.00 102.00 
2016/09/13 103.50 103.50 101.00 102.00 
2016/09/14 101.50 103.00 101.00 102.00 
2016/09/19 103.50 105.50 102.50 105.50 
2016/09/20 104.50 106.00 104.00 105.00 
2016/09/21 105.00 108.00 104.50 106.00 
2016/09/22 106.00 107.00 105.00 105.00 
2016/09/23 105.50 106.00 104.50 105.50 
2016/09/26 105.00 106.00 104.00 104.00 
2016/09/29 105.00 105.00 102.50 103.50 
2016/09/30 103.50 104.50 102.50 103.50 
2016/10/03 103.50 106.50 103.00 105.50 
2016/10/04 106.50 106.50 104.50 104.50 
2016/10/05 104.50 108.50 104.50 106.50 
2016/10/06 107.00 108.50 105.50 108.50 
2016/10/07 108.50 109.00 107.00 108.00 
2016/10/11 107.50 107.50 105.00 105.00 
2016/10/12 105.00 107.00 104.00 107.00 
2016/10/13 107.50 108.00 105.50 106.50 
2016/10/14 106.00 106.00 103.50 103.50 
2016/10/17 104.00 104.50 102.00 103.00 
2016/10/18 103.00 104.00 102.50 104.00 
2016/10/19 105.00 106.00 103.50 104.00 
2016/10/20 105.00 111.00 105.00 109.50 
2016/10/21 110.00 111.50 109.00 109.50 
2016/10/24 110.00 110.50 107.50 107.50 
2016/10/25 109.00 109.50 107.00 107.50 
2016/10/26 107.00 108.50 106.50 107.00 
2016/10/27 108.50 110.50 107.50 108.00 
2016/10/28 108.00 108.50 100.50 101.50 
2016/10/31 100.50 100.50 92.90 95.10 
2016/11/01 95.20 96.10 93.00 95.10 
2016/11/02 93.60 93.60 90.00 90.00 
2016/11/03 90.50 90.90 85.70 85.80 
2016/11/04 85.80 87.30 85.70 86.60 
2016/11/07 87.20 89.70 86.70 88.60 
2016/11/08 87.60 87.80 85.00 86.50 
2016/11/09 87.20 87.70 84.90 86.40 
2016/11/10 87.20 90.80 86.30 89.00 
2016/11/11 86.00 87.60 83.60 85.20 
2016/11/14 85.00 85.60 83.10 84.70 
2016/11/15 85.50 85.80 84.90 85.00 
2016/11/16 86.50 88.70 85.50 85.90 
2016/11/17 86.30 87.50 85.00 85.30 
2016/11/18 85.20 87.20 85.10 87.20 
2016/11/21 87.20 87.20 84.30 84.90 
2016/11/22 85.10 86.70 84.80 85.90 
2016/11/23 86.40 87.50 85.20 86.80 
2016/11/24 87.60 89.90 86.40 88.50 
2016/11/25 89.00 90.40 87.70 89.50 
2016/11/28 89.50 89.80 88.00 88.00 
2016/11/29 88.00 89.00 86.30 87.30 
2016/11/30 87.30 87.80 83.10 83.70 
2016/12/01 83.90 84.50 83.20 84.10 
2016/12/02 84.10 85.70 82.20 85.70 
2016/12/05 85.40 85.40 83.70 83.80 
2016/12/06 84.40 85.20 83.20 83.40 
2016/12/07 83.70 84.60 83.20 84.20 
2016/12/08 84.50 85.90 84.00 84.80 
2016/12/09 84.50 85.00 83.90 84.50 
2016/12/12 85.10 86.80 84.40 84.60 
2016/12/13 85.00 86.40 84.10 85.70 
2016/12/14 86.10 87.70 86.10 86.30 
2016/12/15 86.20 87.40 85.30 86.80 
2016/12/16 87.20 87.40 85.80 85.80 
2016/12/19 85.80 85.80 83.80 83.90 
2016/12/20 84.40 85.20 84.00 84.30 
2016/12/21 84.40 85.00 84.10 84.40 
2016/12/22 84.40 84.90 83.90 84.30 
2016/12/23 84.00 84.70 83.80 84.50 
2016/12/26 84.70 84.70 83.50 83.60 
2016/12/27 83.40 83.50 80.40 80.60 
2016/12/28 80.50 81.50 80.20 81.50 
2016/12/29 81.50 82.40 81.40 82.10 
2016/12/30 82.50 82.60 81.40 82.60 
2017/01/03 82.60 83.00 82.20 82.60 
2017/01/04 82.60 83.10 82.40 82.60 
2017/01/05 83.00 84.70 82.70 84.30 
2017/01/06 84.40 84.50 83.70 84.00 
2017/01/09 84.00 84.50 83.20 83.30 
2017/01/10 84.10 84.40 83.70 83.80 
2017/01/11 84.10 84.30 83.50 83.50 
2017/01/12 83.90 84.00 83.10 83.30 
2017/01/13 83.40 83.40 82.80 83.00 
2017/01/16 82.70 83.70 82.40 83.40 
2017/01/17 83.70 84.40 83.40 84.00 
2017/01/18 84.20 85.80 84.20 85.30 
2017/01/19 85.90 86.20 85.50 85.50 
2017/01/20 85.60 85.90 85.10 85.50 
2017/01/23 85.90 86.90 85.90 86.90 
2017/01/24 87.30 89.40 87.00 88.70 
2017/02/02 89.30 89.90 87.80 88.70 
2017/02/03 89.60 96.20 89.20 95.00 
2017/02/06 95.50 95.60 90.90 91.00 
2017/02/07 90.60 90.80 89.10 89.90 
2017/02/08 90.00 90.70 89.20 90.00 
