2016/07/01 5.18 5.57 5.13 5.57 
2016/07/04 5.70 5.77 5.40 5.40 
2016/07/05 5.44 5.45 5.22 5.24 
2016/07/06 5.24 5.48 5.18 5.25 
2016/07/07 5.28 5.39 5.22 5.25 
2016/07/11 5.33 5.34 5.06 5.09 
2016/07/12 5.20 5.20 5.03 5.04 
2016/07/13 5.13 5.14 5.04 5.04 
2016/07/14 5.10 5.20 5.05 5.14 
2016/07/15 5.20 5.29 5.18 5.18 
2016/07/18 5.24 5.24 5.14 5.18 
2016/07/19 5.21 5.24 5.16 5.17 
2016/07/20 5.21 5.44 5.21 5.36 
2016/07/21 5.43 5.53 5.36 5.36 
2016/07/22 5.38 5.52 5.35 5.37 
2016/07/25 5.44 5.45 5.15 5.15 
2016/07/26 5.25 5.32 5.18 5.20 
2016/07/27 5.25 5.28 5.19 5.20 
2016/07/28 5.24 5.27 5.17 5.19 
2016/07/29 5.22 5.22 5.14 5.17 
2016/08/01 5.22 5.22 5.16 5.18 
2016/08/02 5.20 5.38 5.18 5.35 
2016/08/03 5.40 5.45 5.35 5.41 
2016/08/04 5.48 5.58 5.31 5.34 
2016/08/05 5.45 5.45 5.32 5.35 
2016/08/08 5.37 5.43 5.27 5.29 
2016/08/09 5.30 5.37 5.19 5.20 
2016/08/10 5.20 5.32 5.00 5.09 
2016/08/11 4.99 5.12 4.99 5.09 
2016/08/12 5.15 5.15 4.87 4.88 
2016/08/15 4.87 4.87 4.40 4.40 
2016/08/16 4.20 4.58 4.20 4.47 
2016/08/17 4.47 4.47 4.26 4.32 
2016/08/18 4.30 4.49 4.30 4.41 
2016/08/19 4.47 4.59 4.42 4.53 
2016/08/22 4.50 4.57 4.40 4.43 
2016/08/23 4.43 4.52 4.41 4.44 
2016/08/24 4.49 4.49 4.40 4.41 
2016/08/25 4.41 4.45 4.41 4.42 
2016/08/26 4.40 4.45 4.39 4.44 
2016/08/29 4.44 4.45 4.35 4.37 
2016/08/30 4.37 4.52 4.37 4.48 
2016/08/31 4.55 4.57 4.45 4.50 
2016/09/01 4.69 4.95 4.69 4.95 
2016/09/02 5.14 5.16 4.91 5.00 
2016/09/05 5.00 5.06 4.83 4.92 
2016/09/06 4.95 4.95 4.84 4.88 
2016/09/07 4.89 4.90 4.84 4.90 
2016/09/08 4.98 5.25 4.97 5.13 
2016/09/09 5.10 5.15 5.01 5.03 
2016/09/10 4.91 5.18 4.91 5.02 
2016/09/12 5.02 5.02 4.94 4.95 
2016/09/13 4.96 5.02 4.91 4.95 
2016/09/14 4.98 4.98 4.82 4.87 
2016/09/19 4.90 4.97 4.90 4.91 
2016/09/20 4.91 5.20 4.91 5.12 
2016/09/21 5.16 5.17 4.98 5.03 
2016/09/22 5.05 5.08 5.02 5.04 
2016/09/23 5.17 5.17 5.03 5.09 
2016/09/26 5.09 5.09 4.95 5.00 
2016/09/29 5.00 5.08 4.97 5.08 
2016/09/30 5.08 5.08 4.98 4.98 
2016/10/03 5.12 5.20 5.06 5.13 
2016/10/04 5.08 5.12 5.02 5.12 
2016/10/05 5.09 5.13 5.06 5.09 
2016/10/06 5.09 5.14 5.07 5.11 
2016/10/07 5.12 5.12 5.06 5.07 
2016/10/11 5.06 5.07 4.72 4.88 
2016/10/12 4.79 4.88 4.75 4.80 
2016/10/13 4.82 4.99 4.79 4.85 
2016/10/14 4.78 4.81 4.55 4.59 
2016/10/17 4.53 4.69 4.52 4.61 
2016/10/18 4.62 4.62 4.52 4.53 
2016/10/19 4.58 4.62 4.54 4.57 
2016/10/20 4.59 4.66 4.55 4.60 
2016/10/21 4.60 4.76 4.60 4.73 
2016/10/24 4.73 4.75 4.68 4.75 
2016/10/25 4.76 4.79 4.68 4.68 
2016/10/26 4.68 4.70 4.62 4.65 
2016/10/27 4.65 4.70 4.61 4.61 
2016/10/28 4.61 4.65 4.57 4.59 
2016/10/31 4.59 4.59 4.45 4.59 
2016/11/01 4.62 4.70 4.60 4.68 
2016/11/02 4.72 4.72 4.58 4.60 
2016/11/03 4.55 4.61 4.51 4.51 
2016/11/04 4.51 4.52 4.39 4.42 
2016/11/07 4.40 4.48 4.36 4.40 
2016/11/08 4.40 4.40 4.15 4.20 
2016/11/09 4.20 4.24 3.95 3.95 
2016/11/10 4.10 4.30 4.01 4.30 
2016/11/11 4.28 4.28 4.05 4.16 
2016/11/14 4.10 4.10 4.01 4.10 
2016/11/15 4.06 4.07 4.00 4.04 
2016/11/16 3.64 3.64 3.64 3.64 
2016/11/17 3.28 3.28 3.28 3.28 
2016/11/18 2.96 2.96 2.96 2.96 
2016/11/21 2.71 3.05 2.69 2.96 
2016/11/22 2.76 2.76 2.67 2.67 
2016/11/23 2.47 2.47 2.41 2.41 
2016/11/24 2.17 2.31 2.17 2.24 
2016/11/25 2.30 2.38 2.16 2.36 
2016/11/28 2.43 2.59 2.40 2.58 
2016/11/29 2.52 2.63 2.46 2.63 
2016/11/30 2.60 2.74 2.60 2.66 
2016/12/01 2.72 2.79 2.61 2.79 
2016/12/02 2.80 2.84 2.66 2.80 
2016/12/05 2.80 2.85 2.60 2.62 
2016/12/06 2.58 2.75 2.58 2.68 
2016/12/07 2.61 2.84 2.61 2.67 
2016/12/08 2.67 2.75 2.62 2.63 
2016/12/09 2.63 2.68 2.63 2.66 
2016/12/12 2.65 2.68 2.63 2.63 
2016/12/13 2.60 2.62 2.40 2.41 
2016/12/14 2.38 2.53 2.38 2.42 
2016/12/15 2.43 2.56 2.43 2.49 
2016/12/16 2.49 2.54 2.45 2.46 
2016/12/19 2.46 2.47 2.35 2.41 
2016/12/20 2.31 2.35 2.31 2.31 
2016/12/21 2.31 2.35 2.20 2.21 
2016/12/22 2.11 2.33 2.11 2.32 
2016/12/23 2.32 2.42 2.30 2.42 
2016/12/26 2.66 2.66 2.64 2.66 
2016/12/27 2.79 2.79 2.53 2.62 
2016/12/28 2.62 2.66 2.53 2.58 
2016/12/29 2.54 2.70 2.54 2.70 
2016/12/30 2.71 2.75 2.57 2.61 
2017/01/03 2.54 2.67 2.54 2.56 
2017/01/04 2.60 2.65 2.53 2.60 
2017/01/05 2.65 2.78 2.60 2.72 
2017/01/06 2.72 2.78 2.61 2.61 
2017/01/09 2.72 2.72 2.46 2.48 
2017/01/10 2.33 2.52 2.33 2.47 
2017/01/11 2.50 2.55 2.44 2.53 
2017/01/12 2.64 2.64 2.46 2.52 
2017/01/13 2.48 2.58 2.48 2.55 
2017/01/16 2.50 2.58 2.44 2.54 
2017/01/17 2.49 2.66 2.49 2.60 
2017/01/18 2.64 2.65 2.57 2.58 
2017/01/19 2.62 2.62 2.50 2.58 
2017/01/20 2.52 2.58 2.50 2.58 
2017/01/23 2.62 2.83 2.56 2.83 
2017/01/24 2.98 3.11 2.91 3.11 
2017/02/02 3.38 3.42 3.30 3.42 
2017/02/03 3.76 3.76 3.42 3.60 
2017/02/06 3.69 3.69 3.43 3.59 
2017/02/07 3.47 3.59 3.37 3.57 
2017/02/08 3.72 3.75 3.61 3.66 
