2016/07/01 48.50 48.80 48.40 48.50 
2016/07/04 48.95 48.95 48.60 48.75 
2016/07/05 49.20 49.20 48.65 48.70 
2016/07/06 48.70 48.90 48.60 48.70 
2016/07/07 48.90 48.95 48.70 48.95 
2016/07/11 49.10 49.30 49.10 49.25 
2016/07/12 49.35 50.80 49.35 50.40 
2016/07/13 50.50 50.60 49.80 49.95 
2016/07/14 50.00 50.20 49.90 50.20 
2016/07/15 50.30 50.30 49.90 50.20 
2016/07/18 50.20 50.20 49.85 50.00 
2016/07/19 50.00 50.00 49.80 49.90 
2016/07/20 49.90 50.20 49.80 49.95 
2016/07/21 49.95 51.20 49.90 51.10 
2016/07/22 48.05 48.30 47.10 47.50 
2016/07/25 47.70 47.70 46.95 46.95 
2016/07/26 47.00 47.00 46.30 46.35 
2016/07/27 46.50 46.50 46.10 46.10 
2016/07/28 46.10 46.45 46.10 46.40 
2016/07/29 46.40 46.40 46.10 46.40 
2016/08/01 46.40 46.40 46.10 46.10 
2016/08/02 46.30 46.30 46.10 46.15 
2016/08/03 46.15 46.20 46.05 46.20 
2016/08/04 46.20 46.20 46.05 46.15 
2016/08/05 46.20 46.40 46.20 46.40 
2016/08/08 46.65 47.15 46.60 46.75 
2016/08/09 46.90 46.90 46.50 46.65 
2016/08/10 46.65 46.70 46.40 46.70 
2016/08/11 46.70 46.70 46.15 46.40 
2016/08/12 46.50 46.50 46.30 46.40 
2016/08/15 46.90 48.30 46.85 47.80 
2016/08/16 47.80 47.80 47.10 47.35 
2016/08/17 47.50 47.70 47.30 47.50 
2016/08/18 47.60 48.25 47.60 48.00 
2016/08/19 48.75 48.75 48.20 48.35 
2016/08/22 48.35 48.35 48.00 48.00 
2016/08/23 48.00 48.30 47.70 48.30 
2016/08/24 48.35 48.35 47.85 48.30 
2016/08/25 48.05 48.50 48.00 48.30 
2016/08/26 48.10 48.50 48.05 48.50 
2016/08/29 48.50 48.60 48.05 48.50 
2016/08/30 48.60 49.20 48.40 49.00 
2016/08/31 48.60 49.00 48.60 49.00 
2016/09/01 49.00 49.00 48.65 48.70 
2016/09/02 48.50 48.70 47.95 48.30 
2016/09/05 48.50 48.50 48.10 48.45 
2016/09/06 48.60 48.60 48.05 48.50 
2016/09/07 48.40 48.65 48.15 48.65 
2016/09/08 48.60 49.40 48.60 49.30 
2016/09/09 48.40 48.40 48.15 48.20 
2016/09/10 48.00 48.05 47.65 48.05 
2016/09/12 48.30 48.30 47.65 47.65 
2016/09/13 47.60 47.85 47.40 47.70 
2016/09/14 47.50 47.60 47.40 47.60 
2016/09/19 47.75 48.00 47.05 47.30 
2016/09/20 47.10 47.20 47.10 47.10 
2016/09/21 47.65 47.70 47.25 47.65 
2016/09/22 47.60 47.65 47.40 47.60 
2016/09/23 47.45 47.60 47.45 47.55 
2016/09/26 47.55 47.55 47.25 47.30 
2016/09/29 47.40 47.50 47.30 47.50 
2016/09/30 47.45 47.55 47.25 47.55 
2016/10/03 47.35 47.40 47.35 47.40 
2016/10/04 47.30 47.60 47.30 47.40 
2016/10/05 47.60 47.60 47.30 47.50 
2016/10/06 47.50 47.70 47.50 47.70 
2016/10/07 47.60 47.70 47.60 47.70 
2016/10/11 46.70 47.00 46.60 46.70 
2016/10/12 46.30 46.75 46.20 46.75 
2016/10/13 46.40 46.70 46.40 46.55 
2016/10/14 46.40 46.40 46.05 46.15 
2016/10/17 46.10 47.00 46.00 46.90 
2016/10/18 46.80 47.00 46.40 46.90 
2016/10/19 46.85 46.85 46.40 46.65 
2016/10/20 46.25 46.65 46.25 46.65 
2016/10/21 46.30 46.65 46.25 46.65 
2016/10/24 46.65 46.75 46.50 46.50 
2016/10/25 46.60 47.00 46.50 46.90 
2016/10/26 47.05 48.00 47.00 47.60 
2016/10/27 47.90 48.00 47.50 47.85 
2016/10/28 47.90 49.30 47.90 49.10 
2016/10/31 49.20 51.10 49.20 50.20 
2016/11/01 50.20 51.30 50.00 50.30 
2016/11/02 49.60 50.30 49.30 49.55 
2016/11/03 49.50 49.70 49.00 49.50 
2016/11/04 49.70 50.90 49.40 50.00 
2016/11/07 50.00 50.00 49.60 50.00 
2016/11/08 49.75 50.00 49.70 50.00 
2016/11/09 50.00 50.00 49.05 49.40 
2016/11/10 49.70 49.80 49.40 49.80 
2016/11/11 49.60 49.60 48.70 49.10 
2016/11/14 49.10 49.10 46.20 46.20 
2016/11/15 46.50 47.80 46.50 47.70 
2016/11/16 47.70 48.10 47.70 47.90 
2016/11/17 48.50 48.50 47.90 48.10 
2016/11/18 48.10 48.30 48.00 48.30 
2016/11/21 48.70 49.35 48.50 49.30 
2016/11/22 48.90 49.25 48.90 49.00 
2016/11/23 49.00 49.00 48.70 49.00 
2016/11/24 48.70 49.00 48.70 49.00 
2016/11/25 49.00 49.45 49.00 49.40 
2016/11/28 49.40 51.20 49.40 51.00 
2016/11/29 51.00 52.30 50.90 51.70 
2016/11/30 51.90 52.80 51.90 52.60 
2016/12/01 52.30 53.20 52.30 52.90 
2016/12/02 52.70 54.00 52.70 53.60 
2016/12/05 53.60 54.10 53.30 53.40 
2016/12/06 53.50 53.70 52.60 52.60 
2016/12/07 52.60 53.20 52.60 52.90 
2016/12/08 52.40 52.40 51.60 52.10 
2016/12/09 52.10 52.20 51.90 52.10 
2016/12/12 51.80 52.20 51.60 51.60 
2016/12/13 51.60 51.70 51.20 51.60 
2016/12/14 52.00 52.00 51.60 51.80 
2016/12/15 51.80 52.20 51.50 51.90 
2016/12/16 51.70 52.00 51.50 51.70 
2016/12/19 51.80 51.80 51.10 51.10 
2016/12/20 51.60 51.60 51.10 51.40 
2016/12/21 51.40 51.40 51.30 51.30 
2016/12/22 51.20 51.40 51.00 51.30 
2016/12/23 51.10 51.40 51.00 51.00 
2016/12/26 51.00 51.00 50.50 51.00 
2016/12/27 51.00 51.00 50.70 51.00 
2016/12/28 51.00 51.20 50.60 51.20 
2016/12/29 51.00 51.60 51.00 51.50 
2016/12/30 51.50 52.60 51.50 52.40 
2017/01/03 52.60 55.80 52.60 55.30 
2017/01/04 55.20 55.50 54.60 54.60 
2017/01/05 55.30 55.90 54.80 55.00 
2017/01/06 55.00 55.20 54.70 54.70 
2017/01/09 54.00 54.00 52.60 53.40 
2017/01/10 53.40 53.40 53.10 53.40 
2017/01/11 53.40 53.40 52.60 52.80 
2017/01/12 52.70 53.40 52.40 52.80 
2017/01/13 52.60 52.80 52.50 52.80 
2017/01/16 52.40 52.80 52.30 52.30 
2017/01/17 52.50 52.70 52.20 52.70 
2017/01/18 52.80 54.00 52.60 53.70 
2017/01/19 53.70 53.90 53.10 53.90 
2017/01/20 53.20 54.20 53.20 53.70 
2017/01/23 54.20 54.60 54.20 54.20 
2017/01/24 53.60 54.50 53.60 54.30 
2017/02/02 54.50 54.80 54.10 54.70 
2017/02/03 54.80 54.80 54.00 54.30 
2017/02/06 53.80 54.50 53.80 54.40 
2017/02/07 54.40 54.40 53.80 54.00 
2017/02/08 54.00 54.00 53.40 54.00 
