2016/07/01 14.75 14.95 14.65 14.80 
2016/07/04 14.65 14.80 14.50 14.80 
2016/07/05 14.80 14.80 14.70 14.80 
2016/07/06 14.75 14.75 14.45 14.45 
2016/07/07 14.50 14.60 14.30 14.50 
2016/07/11 14.55 14.70 14.45 14.45 
2016/07/12 14.30 14.75 14.30 14.60 
2016/07/13 14.60 14.65 14.45 14.55 
2016/07/14 14.65 14.75 14.40 14.55 
2016/07/15 14.70 14.75 14.50 14.70 
2016/07/18 14.80 16.15 14.75 16.15 
2016/07/19 17.55 17.55 16.40 16.85 
2016/07/20 16.20 16.80 16.20 16.65 
2016/07/21 16.45 16.55 16.25 16.50 
2016/07/22 16.50 16.70 16.10 16.60 
2016/07/25 16.60 16.60 16.40 16.45 
2016/07/26 16.45 16.60 16.35 16.55 
2016/07/27 16.30 16.60 16.30 16.55 
2016/07/28 16.30 16.45 16.25 16.25 
2016/07/29 16.30 16.40 16.20 16.20 
2016/08/01 16.20 16.20 15.80 15.90 
2016/08/02 16.00 16.00 15.75 15.85 
2016/08/03 15.60 15.80 15.60 15.75 
2016/08/04 15.90 15.90 15.55 15.70 
2016/08/05 15.80 15.80 15.60 15.75 
2016/08/08 15.50 15.85 15.45 15.70 
2016/08/09 15.75 15.95 15.60 15.85 
2016/08/10 15.90 15.95 15.70 15.90 
2016/08/11 16.10 16.75 16.05 16.25 
2016/08/12 16.60 16.60 15.90 16.10 
2016/08/15 15.70 16.00 15.25 15.45 
2016/08/16 15.45 15.45 15.10 15.30 
2016/08/17 15.30 15.30 15.10 15.25 
2016/08/18 15.20 15.30 15.15 15.15 
2016/08/19 15.15 15.45 15.15 15.45 
2016/08/22 15.35 15.55 15.20 15.30 
2016/08/23 15.15 15.30 14.90 15.30 
2016/08/24 15.25 15.45 15.00 15.30 
2016/08/25 15.05 15.30 15.00 15.15 
2016/08/26 15.05 15.30 15.05 15.15 
2016/08/29 15.20 15.75 15.20 15.60 
2016/08/30 15.30 15.65 15.30 15.55 
2016/08/31 15.40 15.50 15.25 15.25 
2016/09/01 15.30 15.45 15.10 15.40 
2016/09/02 15.40 15.45 15.10 15.35 
2016/09/05 15.35 15.45 15.20 15.20 
2016/09/06 15.35 15.35 15.15 15.30 
2016/09/07 15.30 15.30 15.15 15.25 
2016/09/08 15.85 16.75 15.80 16.75 
2016/09/09 16.70 16.75 16.15 16.75 
2016/09/10 16.40 16.55 16.30 16.30 
2016/09/12 16.00 16.25 15.50 15.85 
2016/09/13 16.00 17.35 16.00 16.80 
2016/09/14 16.25 16.65 16.25 16.45 
2016/09/19 16.60 17.00 16.60 16.75 
2016/09/20 16.75 17.30 16.75 17.25 
2016/09/21 17.35 17.65 17.00 17.00 
2016/09/22 17.00 17.00 16.50 16.60 
2016/09/23 16.80 16.80 16.25 16.40 
2016/09/26 16.50 16.60 16.20 16.40 
2016/09/29 16.55 16.75 16.25 16.45 
2016/09/30 16.55 16.70 16.20 16.50 
2016/10/03 16.70 16.70 16.25 16.45 
2016/10/04 16.35 16.75 16.30 16.65 
2016/10/05 16.55 17.20 16.55 17.00 
2016/10/06 17.20 17.20 16.80 16.80 
2016/10/07 17.00 17.15 16.50 16.65 
2016/10/11 16.80 16.90 15.70 16.00 
2016/10/12 16.10 16.10 15.70 15.85 
2016/10/13 15.85 16.10 15.75 16.00 
2016/10/14 16.00 16.00 15.50 15.90 
2016/10/17 16.00 16.15 15.60 15.90 
2016/10/18 15.75 16.00 15.75 15.95 
2016/10/19 15.85 16.10 15.75 15.90 
2016/10/20 16.20 16.20 15.80 15.90 
2016/10/21 15.70 16.00 15.70 16.00 
2016/10/24 16.10 16.10 15.70 15.95 
2016/10/25 16.20 16.80 16.20 16.30 
2016/10/26 16.10 16.40 15.95 15.95 
2016/10/27 16.00 16.05 15.85 15.85 
2016/10/28 15.85 16.00 15.80 15.90 
2016/10/31 15.90 16.00 15.75 15.95 
2016/11/01 15.95 16.00 15.80 16.00 
2016/11/02 15.90 16.00 15.55 15.80 
2016/11/03 16.00 16.05 15.65 15.65 
2016/11/04 15.60 15.90 15.55 15.90 
2016/11/07 16.10 16.10 15.60 15.90 
2016/11/08 16.00 16.00 15.70 15.70 
2016/11/09 15.85 15.90 15.10 15.70 
2016/11/10 15.80 16.15 15.55 16.10 
2016/11/11 16.20 16.20 15.75 15.80 
2016/11/14 15.35 15.70 15.10 15.40 
2016/11/15 15.35 15.35 14.65 15.20 
2016/11/16 15.60 15.80 15.40 15.40 
2016/11/17 15.65 15.65 15.40 15.60 
2016/11/18 15.65 15.65 15.20 15.40 
2016/11/21 15.45 15.90 15.45 15.70 
2016/11/22 15.75 15.85 15.60 15.85 
2016/11/23 15.75 16.30 15.75 16.10 
2016/11/24 16.25 16.25 15.95 16.00 
2016/11/25 16.00 16.40 16.00 16.35 
2016/11/28 16.40 16.50 16.25 16.35 
2016/11/29 16.30 16.35 16.10 16.25 
2016/11/30 16.25 16.35 16.05 16.20 
2016/12/01 16.20 16.30 16.10 16.30 
2016/12/02 16.20 16.30 16.00 16.20 
2016/12/05 16.35 16.35 16.05 16.20 
2016/12/06 16.30 16.35 16.20 16.35 
2016/12/07 16.45 17.35 16.45 16.65 
2016/12/08 16.60 17.15 16.55 17.10 
2016/12/09 17.35 17.40 17.05 17.15 
2016/12/12 17.15 17.15 16.50 16.50 
2016/12/13 16.70 16.70 16.30 16.40 
2016/12/14 16.60 16.60 16.30 16.45 
2016/12/15 16.55 16.55 16.15 16.25 
2016/12/16 16.15 16.25 16.15 16.25 
2016/12/19 16.25 16.35 16.10 16.15 
2016/12/20 16.15 16.25 15.85 16.15 
2016/12/21 16.20 16.20 15.80 16.05 
2016/12/22 15.90 16.05 15.70 15.70 
2016/12/23 15.65 15.80 15.35 15.70 
2016/12/26 15.60 15.70 15.45 15.70 
2016/12/27 15.55 15.75 15.45 15.70 
2016/12/28 15.60 16.75 15.60 16.35 
2016/12/29 16.35 16.40 16.05 16.30 
2016/12/30 16.45 16.45 16.25 16.45 
2017/01/03 16.65 17.35 16.45 17.15 
2017/01/04 17.25 17.35 16.90 16.90 
2017/01/05 16.95 17.10 16.90 17.10 
2017/01/06 17.00 17.10 16.90 17.10 
2017/01/09 17.20 17.70 17.10 17.15 
2017/01/10 16.95 17.15 16.65 17.00 
2017/01/11 17.15 17.20 16.50 16.75 
2017/01/12 16.75 16.85 16.55 16.60 
2017/01/13 16.60 16.90 16.60 16.85 
2017/01/16 16.95 16.95 16.65 16.65 
2017/01/17 16.60 16.75 16.55 16.55 
2017/01/18 16.60 16.80 16.45 16.70 
2017/01/19 16.85 16.85 16.55 16.60 
2017/01/20 16.70 16.75 16.50 16.50 
2017/01/23 16.50 16.55 16.45 16.50 
2017/01/24 16.55 16.90 16.55 16.85 
2017/02/02 16.90 16.95 16.90 16.95 
2017/02/03 17.00 17.00 16.85 16.95 
2017/02/06 17.05 17.50 16.75 17.45 
2017/02/07 17.45 17.50 17.20 17.25 
2017/02/08 17.10 18.15 17.05 17.50 
