2016/07/01 61.60 65.00 61.60 64.30 
2016/07/04 64.20 66.20 63.10 66.20 
2016/07/05 65.80 66.50 64.40 64.70 
2016/07/06 64.00 64.70 62.20 62.90 
2016/07/07 63.40 63.90 62.50 63.40 
2016/07/11 64.00 65.60 63.50 63.80 
2016/07/12 61.50 61.50 58.70 59.40 
2016/07/13 59.90 59.90 58.30 59.00 
2016/07/14 59.50 60.40 59.10 59.10 
2016/07/15 59.70 60.90 59.10 59.80 
2016/07/18 59.80 60.50 58.70 59.00 
2016/07/19 59.30 60.00 58.90 59.70 
2016/07/20 59.90 59.90 58.50 58.70 
2016/07/21 59.00 59.90 58.90 58.90 
2016/07/22 59.60 59.70 58.90 59.50 
2016/07/25 59.80 59.90 58.50 58.80 
2016/07/26 59.50 59.50 57.20 57.60 
2016/07/27 58.20 58.60 57.40 57.60 
2016/07/28 58.10 58.10 56.20 56.30 
2016/07/29 57.00 57.50 56.00 57.30 
2016/08/01 58.00 58.10 57.10 57.30 
2016/08/02 57.90 59.30 57.10 59.00 
2016/08/03 58.70 59.00 58.10 58.70 
2016/08/04 59.10 59.30 58.30 58.40 
2016/08/05 58.80 58.80 56.90 57.10 
2016/08/08 57.90 57.90 57.10 57.10 
2016/08/09 57.80 58.60 56.80 57.60 
2016/08/10 56.00 56.40 54.30 54.60 
2016/08/11 49.15 49.90 49.15 49.15 
2016/08/12 45.10 46.85 45.10 45.75 
2016/08/15 45.85 46.70 45.80 46.05 
2016/08/16 46.45 46.90 45.15 45.20 
2016/08/17 45.30 45.65 43.00 43.00 
2016/08/18 43.00 44.20 43.00 43.60 
2016/08/19 44.00 44.25 43.40 43.50 
2016/08/22 43.55 43.55 41.05 41.05 
2016/08/23 41.30 42.60 41.30 42.20 
2016/08/24 42.50 42.55 41.70 42.10 
2016/08/25 41.80 42.40 41.80 42.30 
2016/08/26 42.05 44.65 42.05 44.20 
2016/08/29 43.50 44.20 42.95 43.10 
2016/08/30 43.50 43.90 43.10 43.50 
2016/08/31 44.10 45.30 43.85 44.25 
2016/09/01 44.25 44.90 44.00 44.00 
2016/09/02 44.00 44.20 42.55 42.75 
2016/09/05 43.00 43.75 42.85 43.40 
2016/09/06 43.85 43.85 43.10 43.30 
2016/09/07 43.75 44.20 43.55 43.70 
2016/09/08 43.90 45.25 43.75 44.70 
2016/09/09 44.50 44.50 43.75 43.85 
2016/09/10 42.80 44.30 42.80 44.00 
2016/09/12 44.00 44.00 42.90 42.90 
2016/09/13 43.15 43.60 42.60 42.60 
2016/09/14 42.60 42.95 41.15 41.85 
2016/09/19 42.75 43.20 42.20 42.85 
2016/09/20 42.80 43.20 42.55 42.60 
2016/09/21 42.60 42.85 42.20 42.60 
2016/09/22 42.90 44.10 42.90 44.10 
2016/09/23 44.50 48.25 44.50 47.80 
2016/09/26 48.50 49.80 47.65 47.85 
2016/09/29 48.80 52.60 48.60 52.60 
2016/09/30 53.00 56.80 53.00 53.70 
2016/10/03 55.10 57.50 55.10 57.50 
2016/10/04 57.00 57.00 55.60 56.00 
2016/10/05 56.40 57.30 55.70 56.00 
2016/10/06 55.70 55.80 53.00 53.00 
2016/10/07 53.50 53.50 51.50 51.90 
2016/10/11 51.00 51.30 48.60 49.00 
2016/10/12 49.45 51.90 49.10 50.80 
2016/10/13 51.70 51.70 49.75 49.75 
2016/10/14 49.50 50.60 48.20 50.50 
2016/10/17 50.40 51.60 50.20 50.60 
2016/10/18 50.70 50.70 49.65 49.80 
2016/10/19 52.20 54.70 52.20 54.70 
2016/10/20 55.10 58.70 54.10 57.40 
2016/10/21 57.90 60.80 56.60 60.80 
2016/10/24 60.00 60.80 57.50 57.60 
2016/10/25 57.50 58.90 56.20 56.20 
2016/10/26 56.70 57.40 55.70 56.20 
2016/10/27 56.70 56.70 55.20 55.20 
2016/10/28 55.70 56.50 54.80 55.50 
2016/10/31 55.50 56.80 54.80 56.20 
2016/11/01 56.00 57.50 55.20 56.20 
2016/11/02 56.20 56.40 53.50 53.60 
2016/11/03 53.20 54.30 51.30 53.00 
2016/11/04 53.20 53.90 52.90 53.60 
2016/11/07 54.80 57.50 54.10 57.30 
2016/11/08 56.90 57.30 55.50 55.70 
2016/11/09 56.10 56.50 51.20 51.20 
2016/11/10 53.90 54.00 52.50 53.30 
2016/11/11 53.80 55.80 53.00 54.90 
2016/11/14 55.40 55.50 53.70 54.20 
2016/11/15 54.10 55.10 53.80 54.40 
2016/11/16 54.90 58.60 54.70 57.60 
2016/11/17 57.70 58.20 56.80 58.20 
2016/11/18 59.30 60.30 57.90 57.90 
2016/11/21 57.30 57.60 55.90 56.70 
2016/11/22 57.40 58.40 57.10 57.50 
2016/11/23 58.00 58.00 56.40 57.60 
2016/11/24 58.60 59.80 56.40 56.60 
2016/11/25 56.70 57.20 55.90 56.70 
2016/11/28 57.20 58.10 56.10 56.10 
2016/11/29 56.30 57.90 56.20 57.10 
2016/11/30 58.00 58.40 57.10 58.40 
2016/12/01 58.90 60.00 57.70 57.70 
2016/12/02 59.30 62.80 58.00 62.50 
2016/12/05 62.30 64.90 61.60 62.60 
2016/12/06 62.70 64.20 62.00 64.00 
2016/12/07 63.70 64.50 62.70 62.70 
2016/12/08 63.00 63.40 59.00 59.80 
2016/12/09 59.30 61.10 58.90 59.60 
2016/12/12 59.90 59.90 57.00 57.10 
2016/12/13 57.60 58.40 56.30 56.60 
2016/12/14 57.30 57.50 56.20 56.40 
2016/12/15 56.70 57.20 55.60 56.20 
2016/12/16 56.70 56.90 55.90 56.10 
2016/12/19 56.30 56.80 55.80 55.80 
2016/12/20 56.10 56.80 55.60 56.10 
2016/12/21 56.10 56.40 52.20 52.50 
2016/12/22 52.00 52.90 51.50 52.40 
2016/12/23 53.00 53.20 52.20 52.20 
2016/12/26 52.30 52.60 50.60 50.80 
2016/12/27 51.10 51.20 49.90 50.10 
2016/12/28 50.60 52.40 50.30 51.90 
2016/12/29 51.70 52.40 51.30 51.50 
2016/12/30 52.50 52.50 51.20 51.40 
2017/01/03 52.00 52.30 51.70 52.00 
2017/01/04 52.10 53.60 52.10 52.80 
2017/01/05 53.70 55.00 53.20 54.60 
2017/01/06 55.30 56.80 55.00 55.70 
2017/01/09 55.20 56.70 54.80 55.90 
2017/01/10 55.80 56.10 54.80 55.00 
2017/01/11 55.40 55.80 53.30 53.30 
2017/01/12 53.90 54.70 53.50 54.60 
2017/01/13 54.70 56.00 54.20 55.70 
2017/01/16 56.00 56.10 54.70 54.90 
2017/01/17 54.80 55.10 54.30 54.70 
2017/01/18 55.00 59.30 55.00 57.50 
2017/01/19 58.00 58.30 56.00 56.00 
2017/01/20 56.50 57.40 56.00 56.30 
2017/01/23 57.00 58.90 57.00 57.90 
2017/01/24 58.60 59.40 57.20 57.50 
2017/02/02 57.50 58.10 56.80 56.80 
2017/02/03 57.30 58.50 56.90 57.50 
2017/02/06 57.90 58.00 56.70 56.70 
2017/02/07 57.10 57.60 56.20 56.60 
2017/02/08 56.80 57.00 56.00 56.00 
