2016/07/01 8.67 8.77 8.61 8.76 
2016/07/04 8.79 8.79 8.63 8.63 
2016/07/05 8.63 8.82 8.60 8.67 
2016/07/06 8.67 8.67 8.55 8.55 
2016/07/07 8.56 8.58 8.36 8.48 
2016/07/11 8.48 8.64 8.43 8.58 
2016/07/12 8.50 8.59 8.45 8.52 
2016/07/13 8.52 8.74 8.50 8.65 
2016/07/14 8.62 9.51 8.62 9.51 
2016/07/15 9.80 10.45 9.80 10.45 
2016/07/18 11.00 11.45 10.50 11.45 
2016/07/19 12.40 12.50 11.60 12.00 
2016/07/20 11.95 11.95 11.20 11.50 
2016/07/21 11.50 11.50 10.35 10.55 
2016/07/22 10.30 10.55 10.15 10.15 
2016/07/25 10.15 10.15 9.45 9.60 
2016/07/26 9.61 9.83 9.61 9.80 
2016/07/27 9.80 9.86 9.45 9.45 
2016/07/28 9.58 10.00 9.58 9.70 
2016/07/29 9.63 9.63 9.30 9.35 
2016/08/01 9.31 9.63 9.31 9.63 
2016/08/02 9.79 9.79 9.50 9.62 
2016/08/03 9.35 10.40 9.35 10.40 
2016/08/04 10.30 10.75 10.15 10.35 
2016/08/05 10.20 10.25 9.81 9.83 
2016/08/08 10.80 10.80 10.80 10.80 
2016/08/09 11.85 11.85 11.85 11.85 
2016/08/10 11.60 11.60 11.00 11.05 
2016/08/11 10.95 10.95 10.15 10.40 
2016/08/12 10.45 10.95 10.40 10.75 
2016/08/15 10.75 10.75 10.25 10.45 
2016/08/16 10.40 10.65 10.35 10.45 
2016/08/17 10.45 10.60 10.15 10.15 
2016/08/18 9.50 10.25 9.50 9.91 
2016/08/19 9.89 10.45 9.85 10.25 
2016/08/22 10.05 10.10 9.91 9.99 
2016/08/23 10.00 10.25 10.00 10.00 
2016/08/24 10.00 10.10 9.92 9.93 
2016/08/25 9.74 10.10 9.74 9.95 
2016/08/26 10.10 10.40 9.95 10.15 
2016/08/29 10.20 10.35 10.00 10.00 
2016/08/30 10.15 10.15 9.95 10.05 
2016/08/31 10.00 10.15 9.98 10.05 
2016/09/01 10.05 10.15 9.99 9.99 
2016/09/02 10.00 10.15 9.90 9.90 
2016/09/05 9.99 10.30 9.73 9.85 
2016/09/06 9.90 9.98 9.89 9.94 
2016/09/07 10.00 10.10 9.92 9.94 
2016/09/08 10.05 10.90 10.05 10.90 
2016/09/09 10.40 10.55 10.25 10.25 
2016/09/10 9.70 10.15 9.70 10.10 
2016/09/12 10.10 10.10 9.93 9.94 
2016/09/13 10.00 10.05 9.84 9.96 
2016/09/14 9.96 9.96 9.85 9.85 
2016/09/19 10.05 10.05 9.93 10.00 
2016/09/20 10.05 10.20 10.00 10.00 
2016/09/21 10.15 10.70 10.15 10.50 
2016/09/22 10.20 10.50 10.15 10.15 
2016/09/23 10.30 10.35 10.05 10.20 
2016/09/26 10.20 10.50 10.10 10.45 
2016/09/29 11.00 11.00 10.20 10.20 
2016/09/30 10.20 10.30 10.10 10.20 
2016/10/03 10.05 10.20 10.00 10.15 
2016/10/04 10.30 10.30 10.10 10.15 
2016/10/05 10.15 10.15 9.95 10.00 
2016/10/06 10.00 10.15 10.00 10.10 
2016/10/07 10.10 10.20 10.05 10.05 
2016/10/11 10.05 10.35 9.77 9.86 
2016/10/12 9.86 10.05 9.81 9.82 
2016/10/13 9.82 10.00 9.80 9.82 
2016/10/14 9.85 9.94 9.52 9.80 
2016/10/17 9.80 9.80 9.56 9.57 
2016/10/18 9.57 9.67 9.51 9.60 
2016/10/19 9.69 9.96 9.69 9.95 
2016/10/20 9.77 9.94 9.70 9.70 
2016/10/21 9.70 9.71 9.61 9.61 
2016/10/24 9.61 9.78 9.61 9.63 
2016/10/25 9.63 9.70 9.63 9.65 
2016/10/26 9.63 9.63 9.52 9.53 
2016/10/27 9.53 9.53 9.40 9.40 
2016/10/28 9.30 9.30 9.08 9.10 
2016/10/31 9.10 9.10 9.07 9.07 
2016/11/01 9.07 9.24 9.02 9.10 
2016/11/02 9.20 9.20 8.80 8.80 
2016/11/03 8.99 9.00 8.41 8.42 
2016/11/04 8.59 8.68 8.35 8.35 
2016/11/07 8.37 8.77 8.37 8.77 
2016/11/08 8.77 8.77 8.51 8.52 
2016/11/09 8.52 8.53 8.22 8.45 
2016/11/10 8.48 8.59 8.42 8.42 
2016/11/11 8.00 8.12 7.70 8.00 
2016/11/14 7.25 7.99 7.25 7.81 
2016/11/15 7.81 8.00 7.70 8.00 
2016/11/16 8.00 8.00 7.70 7.80 
2016/11/17 7.06 7.10 7.02 7.02 
2016/11/18 6.50 6.90 6.37 6.50 
2016/11/21 6.50 6.50 6.30 6.34 
2016/11/22 6.48 6.70 6.34 6.40 
2016/11/23 6.22 6.45 6.22 6.30 
2016/11/24 6.30 6.30 6.16 6.17 
2016/11/25 6.17 6.20 6.17 6.17 
2016/11/28 6.17 6.30 6.00 6.10 
2016/11/29 6.10 6.30 6.10 6.30 
2016/11/30 6.07 6.30 6.07 6.30 
2016/12/01 6.28 6.30 6.13 6.18 
2016/12/02 6.20 6.23 6.20 6.23 
2016/12/05 6.23 6.25 6.23 6.25 
2016/12/06 6.25 6.25 6.25 6.25 
2016/12/07 6.25 6.25 6.02 6.11 
2016/12/08 5.81 6.22 5.81 6.22 
2016/12/09 6.27 6.39 6.10 6.31 
2016/12/12 6.35 6.76 6.35 6.50 
2016/12/13 6.49 6.50 6.30 6.32 
2016/12/14 6.50 6.60 6.50 6.50 
2016/12/15 6.60 6.60 6.30 6.30 
2016/12/16 6.30 6.30 6.02 6.02 
2016/12/19 6.10 6.10 6.00 6.00 
2016/12/20 6.01 6.60 6.01 6.60 
2016/12/21 7.09 7.09 6.36 7.00 
2016/12/22 6.77 6.77 6.77 6.77 
2016/12/23 6.77 6.78 6.75 6.77 
2016/12/26 6.82 6.82 6.63 6.82 
2016/12/27 6.60 6.61 6.60 6.61 
2016/12/28 6.98 6.98 6.67 6.67 
2016/12/29 6.65 6.68 6.65 6.67 
2016/12/30 7.13 7.14 6.69 6.75 
2017/01/03 6.99 6.99 6.99 6.99 
2017/01/04 6.63 6.80 6.63 6.80 
2017/01/05 6.80 6.80 6.80 6.80 
2017/01/06 6.80 6.80 6.63 6.80 
2017/01/09 6.98 7.00 6.80 6.82 
2017/01/10 6.82 6.99 6.82 6.84 
2017/01/12 6.64 6.99 6.64 6.72 
2017/01/13 6.59 6.98 6.58 6.98 
2017/01/17 6.61 6.80 6.61 6.71 
2017/01/18 6.36 6.95 6.36 6.56 
2017/01/19 6.60 6.60 6.60 6.60 
2017/01/20 6.60 6.68 6.52 6.62 
2017/01/23 6.51 6.60 6.51 6.60 
2017/01/24 6.60 6.95 6.51 6.95 
2017/02/02 6.90 6.90 6.68 6.68 
2017/02/03 6.72 6.73 6.72 6.72 
2017/02/06 6.99 6.99 6.60 6.60 
2017/02/07 6.56 6.80 6.50 6.80 
2017/02/08 6.93 6.93 6.58 6.58 
