2016/07/01 14.70 14.70 14.70 14.70 
2016/07/04 14.50 14.65 14.45 14.65 
2016/07/05 14.55 14.60 14.50 14.60 
2016/07/06 14.50 14.50 14.45 14.50 
2016/07/07 14.50 14.70 14.50 14.70 
2016/07/11 14.80 15.00 14.80 14.95 
2016/07/12 14.95 14.95 14.90 14.90 
2016/07/13 14.90 14.90 14.90 14.90 
2016/07/14 15.00 15.00 14.60 14.90 
2016/07/15 14.90 15.00 14.90 15.00 
2016/07/18 15.00 15.00 14.40 15.00 
2016/07/19 14.60 14.95 14.45 14.90 
2016/07/20 14.90 14.90 14.90 14.90 
2016/07/21 14.70 14.85 14.55 14.85 
2016/07/22 14.60 14.75 14.60 14.75 
2016/07/25 14.50 14.80 14.50 14.80 
2016/07/27 14.75 14.75 14.75 14.75 
2016/07/28 14.55 14.60 14.40 14.60 
2016/07/29 14.75 14.75 14.75 14.75 
2016/08/02 14.70 14.70 14.65 14.70 
2016/08/03 14.80 14.80 14.80 14.80 
2016/08/04 14.60 14.80 14.60 14.80 
2016/08/05 14.70 14.80 14.60 14.80 
2016/08/08 14.50 14.60 14.50 14.60 
2016/08/09 14.50 14.50 14.50 14.50 
2016/08/10 14.90 15.85 14.90 15.15 
2016/08/11 15.10 15.10 14.65 14.65 
2016/08/12 15.00 15.20 14.95 15.00 
2016/08/15 14.80 14.80 14.50 14.75 
2016/08/16 14.60 14.70 14.50 14.70 
2016/08/18 15.00 15.00 14.70 14.80 
2016/08/19 15.00 15.00 15.00 15.00 
2016/08/22 15.00 15.00 15.00 15.00 
2016/08/23 15.00 15.10 14.55 15.10 
2016/08/24 14.75 14.75 14.60 14.60 
2016/08/25 14.60 14.60 14.50 14.50 
2016/08/26 14.50 14.50 14.40 14.40 
2016/08/29 14.85 14.85 14.85 14.85 
2016/08/30 14.50 14.50 14.50 14.50 
2016/08/31 14.35 14.35 14.30 14.30 
2016/09/01 14.15 14.55 14.10 14.55 
2016/09/02 14.65 14.80 14.40 14.40 
2016/09/05 14.60 14.60 14.60 14.60 
2016/09/06 14.50 14.50 14.30 14.30 
2016/09/07 14.30 14.30 14.30 14.30 
2016/09/08 14.55 14.55 14.55 14.55 
2016/09/10 13.55 13.95 13.55 13.90 
2016/09/12 13.70 13.95 13.65 13.95 
2016/09/13 13.70 13.75 13.35 13.65 
2016/09/20 13.60 13.95 13.60 13.95 
2016/09/22 13.70 13.90 13.70 13.90 
2016/09/26 13.50 13.60 13.50 13.60 
2016/09/29 13.60 13.60 13.60 13.60 
2016/09/30 13.60 13.60 13.60 13.60 
2016/10/05 13.55 13.60 13.55 13.60 
2016/10/11 13.50 13.60 13.50 13.60 
2016/10/14 13.20 13.20 13.20 13.20 
2016/10/18 13.20 13.20 13.20 13.20 
2016/10/24 13.15 13.15 13.15 13.15 
2016/10/25 12.15 12.55 12.10 12.55 
2016/10/26 12.70 12.70 12.10 12.35 
2016/10/27 12.35 12.40 12.25 12.25 
2016/10/28 12.20 12.45 12.20 12.30 
2016/11/01 12.15 12.20 12.05 12.20 
2016/11/02 12.00 12.10 12.00 12.10 
2016/11/03 11.70 12.05 11.70 12.05 
2016/11/04 11.85 11.95 11.70 11.95 
2016/11/07 11.95 11.95 11.95 11.95 
2016/11/16 11.90 12.30 11.90 12.05 
2016/11/17 11.80 11.95 11.50 11.50 
2016/11/18 11.40 11.75 11.35 11.35 
2016/11/21 11.40 11.50 11.40 11.50 
2016/11/24 11.30 11.30 11.30 11.30 
2016/11/25 10.60 11.75 10.60 11.75 
2016/11/28 11.95 12.25 11.75 11.75 
2016/11/29 11.90 12.70 11.50 12.60 
2016/11/30 12.30 12.30 11.90 12.10 
2016/12/01 11.90 12.70 11.70 12.70 
2016/12/02 12.70 12.70 12.10 12.10 
2016/12/05 12.10 12.20 12.00 12.20 
2016/12/06 11.90 12.15 11.90 12.15 
2016/12/07 11.85 12.15 11.80 12.15 
2016/12/08 11.95 12.05 11.95 12.05 
2016/12/09 12.20 12.20 12.20 12.20 
2016/12/12 11.70 12.60 11.70 12.10 
2016/12/13 12.00 12.30 11.85 12.00 
2016/12/14 12.00 12.30 12.00 12.25 
2016/12/15 12.30 12.30 12.30 12.30 
2016/12/16 12.35 12.40 12.10 12.10 
2016/12/19 11.75 12.10 11.75 12.05 
2016/12/20 12.05 12.05 12.05 12.05 
2016/12/23 11.85 11.85 11.85 11.85 
2016/12/26 11.35 11.85 11.35 11.85 
2016/12/27 11.85 12.40 11.85 12.40 
2016/12/28 12.65 12.65 12.60 12.60 
2016/12/29 12.30 12.70 12.15 12.15 
2016/12/30 13.05 13.05 12.15 12.20 
2017/01/03 11.90 12.40 11.90 12.40 
2017/01/05 12.10 12.10 11.65 11.75 
2017/01/09 11.95 12.00 11.70 11.70 
2017/01/10 11.70 11.70 11.55 11.65 
2017/01/11 12.00 12.80 11.60 12.70 
2017/01/12 12.90 13.15 12.70 12.95 
2017/01/13 13.30 13.30 12.10 12.15 
2017/01/16 12.15 12.90 11.90 12.45 
2017/01/17 12.25 12.80 12.05 12.40 
2017/01/18 12.10 12.30 12.10 12.15 
2017/01/19 12.25 12.35 12.05 12.05 
2017/01/20 11.75 13.25 11.75 12.35 
2017/01/23 12.30 12.40 12.10 12.40 
2017/01/24 12.30 12.30 12.00 12.00 
2017/02/02 11.90 12.10 11.90 12.10 
2017/02/03 12.20 12.20 12.10 12.10 
2017/02/06 12.20 12.20 12.20 12.20 
2017/02/07 12.15 12.25 12.15 12.20 
2017/02/08 12.25 13.25 12.25 13.20 
