2016/07/01 17.65 17.80 17.35 17.65 
2016/07/04 17.55 19.40 17.55 19.40 
2016/07/05 19.90 20.35 19.40 19.80 
2016/07/06 19.60 19.60 18.80 18.80 
2016/07/07 18.80 19.45 18.80 19.00 
2016/07/11 19.30 19.60 18.85 19.50 
2016/07/12 19.50 19.80 19.20 19.60 
2016/07/13 19.70 19.70 18.85 18.85 
2016/07/14 18.90 19.15 18.90 19.00 
2016/07/15 19.40 19.50 19.20 19.25 
2016/07/18 19.30 19.80 19.30 19.60 
2016/07/19 19.65 21.30 19.65 20.45 
2016/07/20 20.20 20.40 19.75 20.00 
2016/07/21 19.90 20.40 19.90 20.00 
2016/07/22 20.15 20.30 19.75 19.75 
2016/07/25 19.80 20.00 19.25 19.25 
2016/07/26 19.30 19.45 19.15 19.45 
2016/07/27 19.55 19.60 19.25 19.35 
2016/07/28 19.35 19.35 19.15 19.25 
2016/07/29 19.25 19.25 18.95 19.20 
2016/08/01 18.90 19.35 18.90 19.20 
2016/08/02 19.20 19.45 18.70 19.45 
2016/08/03 19.45 19.65 19.30 19.55 
2016/08/04 19.60 19.70 19.45 19.50 
2016/08/05 19.95 20.70 19.65 20.00 
2016/08/08 20.05 20.05 19.45 19.55 
2016/08/09 19.50 19.90 19.10 19.30 
2016/08/10 19.80 19.80 19.10 19.35 
2016/08/11 19.30 19.50 18.90 19.30 
2016/08/12 19.30 19.60 19.05 19.15 
2016/08/15 19.20 19.50 19.05 19.15 
2016/08/16 19.35 19.50 18.75 18.90 
2016/08/17 18.90 19.05 18.75 19.00 
2016/08/18 19.00 19.05 18.65 18.90 
2016/08/19 19.20 19.50 18.80 19.10 
2016/08/22 19.15 19.15 18.85 19.00 
2016/08/23 19.00 19.00 18.80 18.80 
2016/08/24 18.80 19.25 18.80 19.20 
2016/08/25 19.30 19.30 19.05 19.05 
2016/08/26 19.10 19.10 18.75 18.85 
2016/08/29 18.90 19.20 18.65 19.20 
2016/08/30 19.20 19.20 18.90 19.05 
2016/08/31 18.85 19.05 18.80 19.00 
2016/09/01 18.90 18.90 18.65 18.70 
2016/09/02 18.70 18.90 18.10 18.30 
2016/09/05 18.05 18.25 17.90 17.95 
2016/09/06 17.80 18.20 17.80 17.90 
2016/09/07 17.95 18.05 17.95 17.95 
2016/09/08 18.00 18.65 18.00 18.65 
2016/09/09 19.20 19.25 18.80 19.20 
2016/09/10 18.80 19.15 18.65 18.95 
2016/09/12 18.80 18.80 18.60 18.70 
2016/09/13 18.70 18.80 18.50 18.60 
2016/09/14 18.40 18.55 18.35 18.35 
2016/09/19 18.50 19.50 18.35 18.80 
2016/09/20 18.75 19.15 18.65 18.75 
2016/09/21 18.65 18.80 18.50 18.75 
2016/09/22 18.65 18.80 18.60 18.70 
2016/09/23 18.70 18.75 18.55 18.70 
2016/09/26 18.70 18.70 18.45 18.50 
2016/09/29 18.50 18.55 18.45 18.50 
2016/09/30 18.50 18.70 18.35 18.45 
2016/10/03 18.60 18.90 18.60 18.85 
2016/10/04 18.65 19.15 18.65 19.05 
2016/10/05 19.00 19.00 18.80 19.00 
2016/10/06 19.30 19.50 19.00 19.00 
2016/10/07 18.90 19.15 18.80 18.85 
2016/10/11 19.00 19.00 18.20 18.30 
2016/10/12 18.30 18.75 17.95 18.05 
2016/10/13 18.05 18.30 18.00 18.05 
2016/10/14 18.40 18.40 17.40 17.55 
2016/10/17 17.55 17.75 17.55 17.70 
2016/10/18 17.70 18.15 17.60 17.85 
2016/10/19 18.00 18.00 17.90 18.00 
2016/10/20 17.90 18.00 17.85 17.90 
2016/10/21 18.00 18.05 17.85 17.85 
2016/10/24 18.00 18.00 17.85 17.85 
2016/10/25 17.85 18.45 17.85 18.05 
2016/10/26 18.05 18.15 17.90 18.05 
2016/10/27 18.00 18.05 17.90 18.05 
2016/10/28 18.05 18.05 17.90 18.05 
2016/10/31 18.15 18.40 18.00 18.30 
2016/11/01 18.25 18.25 17.95 18.15 
2016/11/02 18.00 18.10 17.80 17.85 
2016/11/03 17.85 18.00 17.50 17.65 
2016/11/04 17.60 17.90 17.60 17.75 
2016/11/07 17.75 17.85 17.75 17.75 
2016/11/08 17.75 17.75 17.20 17.40 
2016/11/09 17.40 17.40 16.70 16.90 
2016/11/10 17.15 17.15 16.75 17.10 
2016/11/11 16.90 16.90 16.70 16.70 
2016/11/14 16.70 16.70 16.40 16.50 
2016/11/15 16.20 16.60 16.20 16.30 
2016/11/16 16.50 16.70 16.20 16.40 
2016/11/17 16.45 16.45 16.25 16.25 
2016/11/18 16.25 16.70 16.20 16.70 
2016/11/21 16.70 17.00 16.60 17.00 
2016/11/22 16.80 17.10 16.80 17.00 
2016/11/23 17.00 17.00 16.70 16.90 
2016/11/24 16.80 16.80 16.40 16.50 
2016/11/25 16.35 16.60 16.35 16.55 
2016/11/28 16.55 16.55 16.35 16.35 
2016/11/29 16.35 16.45 16.20 16.35 
2016/11/30 16.35 16.40 16.20 16.25 
2016/12/01 16.25 16.35 16.20 16.30 
2016/12/02 16.30 16.40 16.25 16.35 
2016/12/05 16.40 16.45 16.20 16.40 
2016/12/06 17.20 17.30 16.90 16.90 
2016/12/07 16.80 17.05 16.75 16.85 
2016/12/08 17.55 18.25 17.10 17.65 
2016/12/09 17.85 18.00 17.50 17.65 
2016/12/12 18.00 18.00 17.60 17.60 
2016/12/13 17.95 17.95 17.40 17.45 
2016/12/14 17.60 17.70 17.55 17.60 
2016/12/15 17.60 17.65 17.50 17.65 
2016/12/16 17.70 17.70 17.40 17.40 
2016/12/19 17.50 17.50 17.30 17.35 
2016/12/20 17.35 17.80 17.35 17.70 
2016/12/21 17.60 17.60 17.50 17.55 
2016/12/22 17.50 17.55 17.40 17.45 
2016/12/23 17.45 17.50 17.35 17.40 
2016/12/26 17.25 17.40 17.20 17.35 
2016/12/27 17.35 17.35 17.05 17.35 
2016/12/28 17.25 17.40 17.05 17.30 
2016/12/29 17.20 17.20 17.00 17.05 
2016/12/30 17.10 17.35 17.10 17.35 
2017/01/03 17.55 17.55 17.35 17.50 
2017/01/04 17.50 17.80 17.45 17.60 
2017/01/05 17.60 17.70 17.40 17.60 
2017/01/06 17.60 17.60 17.35 17.40 
2017/01/09 17.50 18.00 17.50 17.70 
2017/01/10 17.60 18.00 17.55 17.80 
2017/01/11 17.80 17.80 17.50 17.60 
2017/01/12 17.70 18.15 17.70 17.80 
2017/01/13 17.80 17.90 17.55 17.90 
2017/01/16 17.90 17.90 17.70 17.80 
2017/01/17 17.60 17.80 17.55 17.70 
2017/01/18 17.70 17.90 17.65 17.85 
2017/01/19 17.70 17.85 17.70 17.85 
2017/01/20 17.80 17.80 17.70 17.80 
2017/01/23 17.70 17.85 17.55 17.85 
2017/01/24 17.90 17.90 17.60 17.70 
2017/02/02 17.80 17.80 17.60 17.70 
2017/02/03 17.70 17.75 17.60 17.70 
2017/02/06 17.70 17.80 17.65 17.75 
2017/02/07 18.30 19.50 18.20 19.50 
2017/02/08 19.45 20.90 19.40 20.15 
