2016/07/01 14.05 14.30 13.75 13.80 
2016/07/04 13.95 15.15 13.75 15.15 
2016/07/05 15.45 16.60 15.45 16.15 
2016/07/06 15.75 15.95 15.00 15.20 
2016/07/07 15.40 16.55 15.30 15.40 
2016/07/11 15.35 15.50 14.50 14.65 
2016/07/12 14.70 15.70 14.60 14.70 
2016/07/13 14.70 15.00 14.20 14.40 
2016/07/14 14.50 14.80 14.30 14.50 
2016/07/15 14.75 14.75 14.15 14.35 
2016/07/18 14.35 14.50 14.00 14.05 
2016/07/19 14.05 15.40 14.05 14.60 
2016/07/20 14.60 14.90 14.50 14.55 
2016/07/21 14.75 14.95 14.40 14.80 
2016/07/22 14.90 14.90 14.60 14.65 
2016/07/25 14.65 14.90 14.20 14.25 
2016/07/26 14.40 15.30 14.30 15.10 
2016/07/27 15.00 15.25 14.85 15.00 
2016/07/28 14.90 15.05 14.60 15.05 
2016/07/29 15.10 15.10 14.80 14.85 
2016/08/01 14.80 14.80 14.50 14.55 
2016/08/02 14.55 14.70 14.45 14.45 
2016/08/03 14.70 14.70 14.45 14.55 
2016/08/04 14.55 14.55 14.20 14.45 
2016/08/05 14.50 15.05 14.50 14.70 
2016/08/08 14.95 14.95 14.40 14.45 
2016/08/09 14.45 14.70 14.40 14.45 
2016/08/10 14.45 14.55 14.05 14.10 
2016/08/11 14.10 14.20 13.85 13.85 
2016/08/12 13.85 13.85 13.65 13.70 
2016/08/15 13.65 13.70 13.50 13.50 
2016/08/16 13.90 13.95 13.55 13.95 
2016/08/17 14.00 14.30 13.90 14.00 
2016/08/18 14.00 14.60 13.85 14.30 
2016/08/19 14.45 14.60 13.80 13.80 
2016/08/22 13.90 13.90 13.60 13.70 
2016/08/23 13.70 13.80 13.60 13.65 
2016/08/24 13.75 13.90 13.65 13.75 
2016/08/25 13.65 14.70 13.65 14.25 
2016/08/26 14.30 15.65 14.10 14.90 
2016/08/29 14.50 14.90 14.50 14.90 
2016/08/30 14.70 15.25 14.70 15.00 
2016/08/31 15.15 16.50 15.15 16.50 
2016/09/01 16.80 17.65 15.70 16.50 
2016/09/02 16.30 16.30 14.85 15.00 
2016/09/05 15.05 15.55 14.80 15.05 
2016/09/06 15.40 15.65 15.15 15.20 
2016/09/07 15.40 15.40 15.10 15.10 
2016/09/08 15.10 15.40 15.10 15.15 
2016/09/09 15.30 15.30 14.70 14.85 
2016/09/10 14.85 15.15 14.60 14.80 
2016/09/12 14.80 15.00 14.50 14.50 
2016/09/13 14.50 14.70 14.30 14.40 
2016/09/14 14.50 14.50 14.10 14.45 
2016/09/19 14.45 14.55 14.40 14.55 
2016/09/20 14.65 14.75 14.50 14.70 
2016/09/21 14.70 14.75 14.60 14.75 
2016/09/22 15.05 15.05 14.75 14.80 
2016/09/23 14.75 14.85 14.70 14.85 
2016/09/26 14.70 14.80 14.55 14.70 
2016/09/29 14.80 14.80 14.40 14.45 
2016/09/30 14.30 14.55 14.25 14.40 
2016/10/03 14.45 14.55 14.15 14.55 
2016/10/04 14.50 14.50 14.35 14.40 
2016/10/05 14.45 14.55 14.00 14.05 
2016/10/06 14.05 14.20 14.00 14.15 
2016/10/07 14.20 15.10 14.20 14.55 
2016/10/11 14.55 14.60 13.80 14.00 
2016/10/12 14.00 14.15 13.90 14.05 
2016/10/13 14.05 14.05 13.80 14.00 
2016/10/14 14.05 14.05 13.65 13.75 
2016/10/17 13.65 13.75 13.60 13.75 
2016/10/18 13.60 13.70 13.60 13.70 
2016/10/19 13.70 14.20 13.70 14.10 
2016/10/20 14.10 14.25 14.00 14.10 
2016/10/21 14.10 14.10 13.85 14.05 
2016/10/24 13.90 14.00 13.90 13.90 
2016/10/25 13.90 14.05 13.85 14.05 
2016/10/26 14.00 14.00 13.70 13.95 
2016/10/27 14.30 14.50 13.95 13.95 
2016/10/28 14.00 14.15 13.85 14.00 
2016/10/31 14.00 14.10 13.95 14.00 
2016/11/01 14.00 14.20 14.00 14.05 
2016/11/02 14.00 14.20 13.90 13.95 
2016/11/03 13.85 13.90 13.75 13.90 
2016/11/04 13.85 13.85 13.75 13.85 
2016/11/07 13.65 13.85 13.50 13.85 
2016/11/08 13.95 13.95 13.85 13.95 
2016/11/09 13.90 14.00 13.75 14.00 
2016/11/10 13.90 14.30 13.90 14.10 
2016/11/11 13.70 13.95 13.70 13.95 
2016/11/14 13.95 13.95 13.60 13.85 
2016/11/15 13.65 13.80 13.65 13.80 
2016/11/16 13.80 13.80 13.55 13.65 
2016/11/17 13.60 13.65 13.50 13.65 
2016/11/18 13.65 15.00 13.65 14.05 
2016/11/21 13.85 14.05 13.80 13.95 
2016/11/22 13.85 14.25 13.80 13.95 
2016/11/23 13.90 13.95 13.85 13.95 
2016/11/24 13.85 14.00 13.85 13.90 
2016/11/25 13.90 14.80 13.90 14.40 
2016/11/28 14.45 15.80 14.45 15.75 
2016/11/29 15.70 15.75 14.90 15.00 
2016/11/30 15.15 15.25 14.90 15.10 
2016/12/01 15.10 15.20 14.90 15.00 
2016/12/02 14.90 14.90 14.60 14.70 
2016/12/05 14.65 15.05 14.65 14.85 
2016/12/06 14.65 15.00 14.60 14.65 
2016/12/07 15.00 15.45 14.80 15.30 
2016/12/08 15.50 15.50 15.00 15.15 
2016/12/09 15.25 15.60 15.00 15.50 
2016/12/12 16.00 16.40 15.15 15.30 
2016/12/13 15.30 15.35 15.10 15.35 
2016/12/14 15.60 16.30 15.35 15.70 
2016/12/15 16.00 17.20 15.80 16.30 
2016/12/16 16.35 16.55 15.75 16.40 
2016/12/19 16.90 18.00 16.80 16.80 
2016/12/20 16.60 16.75 16.00 16.50 
2016/12/21 16.45 16.50 16.00 16.00 
2016/12/22 16.05 16.10 15.55 15.55 
2016/12/23 15.50 16.20 15.50 15.60 
2016/12/26 15.90 15.90 15.45 15.90 
2016/12/27 16.20 16.20 14.90 15.00 
2016/12/28 15.00 15.40 15.00 15.05 
2016/12/29 15.25 15.30 15.00 15.30 
2016/12/30 15.40 15.90 15.30 15.40 
2017/01/03 15.50 15.90 15.45 15.85 
2017/01/04 16.05 17.35 15.85 17.25 
2017/01/05 17.50 17.55 16.80 17.30 
2017/01/06 17.25 17.80 17.20 17.30 
2017/01/09 17.50 19.00 17.50 19.00 
2017/01/10 19.50 20.70 19.10 19.60 
2017/01/11 19.45 19.45 18.85 19.20 
2017/01/12 19.50 20.40 19.25 19.30 
2017/01/13 19.20 19.65 19.00 19.30 
2017/01/16 19.40 19.70 18.85 19.65 
2017/01/17 20.00 21.20 19.70 19.95 
2017/01/18 20.05 21.35 20.05 21.20 
2017/01/19 21.00 21.05 20.20 20.45 
2017/01/20 20.25 20.80 20.00 20.60 
2017/01/23 20.60 22.65 20.35 22.00 
2017/01/24 22.00 22.50 19.80 19.80 
2017/02/02 19.50 19.70 19.05 19.45 
2017/02/03 19.65 20.35 19.50 19.70 
2017/02/06 19.65 20.40 19.65 20.30 
2017/02/07 20.65 21.05 19.90 19.95 
2017/02/08 19.80 20.15 19.00 19.20 
