2016/07/01 73.60 76.40 73.30 74.90 
2016/07/04 75.00 75.00 73.80 74.00 
2016/07/05 74.00 76.50 73.60 76.20 
2016/07/06 74.50 75.20 73.50 73.50 
2016/07/07 74.70 74.70 73.90 74.10 
2016/07/11 74.70 74.70 73.70 73.70 
2016/07/12 73.80 74.40 73.60 73.80 
2016/07/13 73.80 74.40 72.80 73.10 
2016/07/14 73.40 74.00 72.80 72.90 
2016/07/15 73.50 73.60 72.80 73.00 
2016/07/18 73.60 73.60 73.00 73.10 
2016/07/19 73.50 73.80 73.20 73.30 
2016/07/20 73.30 74.90 73.30 73.90 
2016/07/21 74.70 76.50 74.40 75.60 
2016/07/22 75.00 78.40 75.00 77.40 
2016/07/25 78.00 78.70 75.50 76.60 
2016/07/26 76.60 77.60 76.30 76.30 
2016/07/27 76.80 79.60 76.40 77.80 
2016/07/28 78.00 78.40 77.30 77.90 
2016/07/29 78.30 78.50 75.60 76.70 
2016/08/01 76.80 78.20 76.80 77.30 
2016/08/02 77.50 78.80 76.80 78.30 
2016/08/03 77.20 78.60 77.20 77.90 
2016/08/04 78.30 79.40 78.10 79.10 
2016/08/05 78.20 79.40 77.20 77.30 
2016/08/08 78.20 78.20 77.30 77.40 
2016/08/09 77.20 78.10 77.10 77.70 
2016/08/10 78.00 79.00 77.70 79.00 
2016/08/11 79.00 81.80 78.50 79.50 
2016/08/12 81.00 81.00 79.10 79.70 
2016/08/15 79.50 80.50 78.60 79.30 
2016/08/16 79.30 80.40 78.30 79.00 
2016/08/17 79.00 79.00 77.50 77.70 
2016/08/18 77.40 77.90 76.90 77.30 
2016/08/19 77.60 77.80 75.70 75.90 
2016/08/22 75.70 75.70 74.30 74.60 
2016/08/23 74.60 75.80 74.50 74.60 
2016/08/24 74.70 75.20 74.40 74.60 
2016/08/25 74.50 75.20 74.50 74.60 
2016/08/26 74.60 75.50 74.60 75.00 
2016/08/29 75.00 75.30 74.30 74.40 
2016/08/30 74.50 74.90 74.20 74.50 
2016/08/31 74.60 74.90 74.00 74.10 
2016/09/01 74.80 75.80 74.20 75.20 
2016/09/02 75.50 76.70 75.20 75.30 
2016/09/05 75.40 76.00 75.30 75.70 
2016/09/06 77.20 77.60 76.60 76.60 
2016/09/07 76.80 77.30 76.80 77.20 
2016/09/08 77.50 77.50 76.60 76.90 
2016/09/09 77.00 77.10 75.90 77.10 
2016/09/10 76.00 76.40 75.80 75.80 
2016/09/12 76.00 76.40 75.10 75.10 
2016/09/13 75.20 75.50 74.60 74.60 
2016/09/14 74.10 75.00 74.10 74.80 
2016/09/19 75.60 76.70 75.60 76.40 
2016/09/20 76.90 76.90 76.30 76.70 
2016/09/21 76.40 76.90 76.00 76.60 
2016/09/22 77.80 78.80 77.80 78.30 
2016/09/23 78.90 78.90 77.80 77.80 
2016/09/26 77.80 78.00 76.80 76.90 
2016/09/29 77.30 77.40 76.60 76.70 
2016/09/30 76.20 76.50 75.60 75.70 
2016/10/03 76.00 76.60 75.70 76.00 
2016/10/04 76.00 76.50 75.60 76.30 
2016/10/05 76.10 77.10 76.00 76.60 
2016/10/06 77.80 77.80 76.70 77.00 
2016/10/07 77.50 77.60 76.70 77.20 
2016/10/11 77.50 77.50 75.70 76.00 
2016/10/12 76.00 76.10 75.60 76.10 
2016/10/13 76.00 76.60 75.90 76.50 
2016/10/14 76.50 76.90 76.20 76.70 
2016/10/17 77.20 77.30 75.70 76.40 
2016/10/18 76.10 76.40 75.80 75.90 
2016/10/19 76.50 76.50 75.70 76.10 
2016/10/20 75.70 77.50 75.70 77.40 
2016/10/21 77.60 79.50 77.50 78.20 
2016/10/24 78.50 79.40 78.00 78.50 
2016/10/25 78.60 80.50 78.60 79.90 
2016/10/26 80.90 81.40 79.80 80.00 
2016/10/27 80.50 81.20 79.10 81.20 
2016/10/28 81.40 81.70 80.20 81.20 
2016/10/31 83.00 83.00 79.70 80.50 
2016/11/01 80.60 81.80 79.80 80.10 
2016/11/02 79.70 79.90 78.30 79.00 
2016/11/03 79.00 79.50 78.00 78.20 
2016/11/04 79.50 79.50 78.10 78.40 
2016/11/07 78.40 79.10 77.80 78.80 
2016/11/08 78.60 78.80 77.50 77.50 
2016/11/09 77.40 77.90 73.70 74.00 
2016/11/10 76.00 76.70 75.70 76.50 
2016/11/11 76.50 76.50 75.30 76.00 
2016/11/14 75.50 76.00 74.00 75.50 
2016/11/15 75.50 76.00 75.00 75.10 
2016/11/16 75.10 75.60 75.00 75.30 
2016/11/17 75.00 75.10 74.10 74.70 
2016/11/18 74.70 76.50 74.60 76.50 
2016/11/21 76.40 77.00 75.50 76.60 
2016/11/22 76.60 77.10 76.50 76.60 
2016/11/23 77.00 77.00 76.30 76.60 
2016/11/24 76.60 76.60 76.00 76.00 
2016/11/25 76.80 76.80 76.00 76.10 
2016/11/28 76.00 78.50 75.60 78.20 
2016/11/29 78.00 78.00 76.90 77.00 
2016/11/30 77.30 77.50 76.10 76.60 
2016/12/01 76.80 77.30 76.60 76.80 
2016/12/02 76.50 76.50 75.60 76.10 
2016/12/05 75.80 76.10 75.50 75.90 
2016/12/06 78.00 78.50 77.30 77.60 
2016/12/07 78.00 78.70 77.60 78.40 
2016/12/08 79.60 79.60 78.20 78.40 
2016/12/09 78.50 78.50 77.50 77.90 
2016/12/12 78.40 78.40 77.50 77.60 
2016/12/13 77.60 78.00 77.50 77.60 
2016/12/14 77.90 78.90 77.80 78.90 
2016/12/15 79.30 79.60 78.50 78.60 
2016/12/16 78.90 79.00 78.20 78.80 
2016/12/19 78.80 79.30 77.60 77.60 
2016/12/20 77.60 78.50 77.50 77.80 
2016/12/21 78.00 78.40 77.40 77.50 
2016/12/22 77.50 77.90 76.60 77.00 
2016/12/23 77.00 78.00 76.70 77.30 
2016/12/26 77.80 77.80 76.80 77.50 
2016/12/27 77.50 77.50 76.90 77.20 
2016/12/28 77.90 79.20 77.30 79.20 
2016/12/29 79.00 79.10 78.30 78.50 
2016/12/30 78.60 79.40 77.70 78.50 
2017/01/03 78.50 79.20 77.80 78.90 
2017/01/04 79.40 80.20 79.00 80.00 
2017/01/05 80.30 81.50 80.10 80.50 
2017/01/06 82.40 82.40 80.90 81.00 
2017/01/09 81.60 81.80 80.00 80.00 
2017/01/10 80.10 80.80 79.70 79.90 
2017/01/11 80.00 81.50 79.90 80.70 
2017/01/12 80.70 80.90 79.70 79.80 
2017/01/13 79.10 79.40 79.00 79.30 
2017/01/16 79.50 79.50 78.90 79.00 
2017/01/17 79.00 79.80 79.00 79.70 
2017/01/18 79.70 79.80 79.00 79.60 
2017/01/19 79.40 79.60 79.00 79.20 
2017/01/20 79.20 79.60 79.20 79.50 
2017/01/23 79.80 80.80 79.70 80.00 
2017/01/24 80.00 80.30 79.60 79.80 
2017/02/02 80.00 80.70 79.60 80.30 
2017/02/03 80.50 80.70 79.30 79.40 
2017/02/06 79.70 81.50 79.70 80.80 
2017/02/07 81.00 81.50 80.30 81.20 
2017/02/08 81.40 81.40 80.50 80.90 
