2016/07/01 16.75 16.75 16.50 16.65 
2016/07/04 16.45 16.55 16.35 16.55 
2016/07/05 16.50 16.85 16.50 16.70 
2016/07/06 16.70 16.70 16.70 16.70 
2016/07/07 16.70 16.70 16.50 16.60 
2016/07/11 16.60 16.80 16.60 16.80 
2016/07/12 16.90 17.30 16.90 17.00 
2016/07/13 17.00 17.00 16.80 16.85 
2016/07/14 17.00 17.30 17.00 17.00 
2016/07/15 16.15 16.35 15.80 16.20 
2016/07/18 16.20 16.20 15.80 16.05 
2016/07/19 15.80 16.00 15.70 15.70 
2016/07/20 15.95 16.00 15.70 15.95 
2016/07/21 15.90 15.95 15.80 15.80 
2016/07/22 16.00 16.00 15.65 15.65 
2016/07/25 15.70 15.90 15.60 15.60 
2016/07/26 15.60 15.90 15.55 15.55 
2016/07/27 15.80 15.90 15.70 15.70 
2016/07/28 15.90 15.90 15.70 15.70 
2016/07/29 15.80 15.80 15.75 15.80 
2016/08/01 15.90 15.90 15.80 15.80 
2016/08/02 15.90 15.90 15.60 15.60 
2016/08/03 15.60 15.70 15.60 15.70 
2016/08/04 15.80 15.80 15.30 15.70 
2016/08/05 16.00 16.15 16.00 16.05 
2016/08/08 16.20 16.20 16.00 16.00 
2016/08/09 16.10 17.35 16.10 16.45 
2016/08/10 16.85 16.85 16.85 16.85 
2016/08/12 16.80 17.50 16.80 17.10 
2016/08/15 16.65 17.00 16.00 16.50 
2016/08/16 16.95 16.95 16.50 16.50 
2016/08/17 16.80 17.45 16.25 16.50 
2016/08/18 16.45 17.40 16.45 17.20 
2016/08/19 16.85 17.20 16.60 16.70 
2016/08/22 16.50 17.00 16.40 16.40 
2016/08/23 16.30 16.75 16.30 16.40 
2016/08/24 16.50 16.50 16.35 16.40 
2016/08/25 16.75 16.80 16.70 16.80 
2016/08/26 16.70 17.10 16.70 17.00 
2016/08/29 17.00 17.00 16.85 17.00 
2016/08/30 16.95 16.95 16.00 16.75 
2016/08/31 16.75 16.85 16.50 16.85 
2016/09/01 16.70 17.00 16.60 16.95 
2016/09/02 16.70 16.75 16.50 16.60 
2016/09/05 16.60 16.60 16.45 16.50 
2016/09/06 16.75 16.90 16.60 16.90 
2016/09/07 17.00 17.00 16.85 16.85 
2016/09/08 17.00 17.25 16.75 17.25 
2016/09/09 17.00 17.35 16.85 17.35 
2016/09/10 17.35 17.80 17.10 17.65 
2016/09/12 17.65 17.65 17.30 17.30 
2016/09/13 17.05 17.65 16.80 17.45 
2016/09/14 17.10 17.40 17.10 17.35 
2016/09/19 17.20 17.45 17.15 17.40 
2016/09/20 17.15 18.55 17.15 17.45 
2016/09/21 17.40 17.60 17.40 17.45 
2016/09/22 17.80 17.80 17.30 17.45 
2016/09/23 17.60 17.90 17.40 17.90 
2016/09/26 17.60 17.90 17.60 17.65 
2016/09/29 17.55 17.60 17.55 17.60 
2016/09/30 17.60 17.60 17.50 17.60 
2016/10/03 17.55 17.55 17.55 17.55 
2016/10/04 17.30 17.70 17.30 17.55 
2016/10/05 17.45 17.75 17.45 17.50 
2016/10/06 17.35 17.85 17.35 17.55 
2016/10/07 17.40 17.55 17.35 17.50 
2016/10/11 17.40 17.50 17.30 17.30 
2016/10/12 17.20 17.35 17.20 17.30 
2016/10/13 17.20 17.20 17.20 17.20 
2016/10/14 17.15 17.15 16.95 17.00 
2016/10/17 17.00 17.00 16.85 17.00 
2016/10/18 17.00 17.00 16.95 17.00 
2016/10/19 17.00 17.50 16.90 17.15 
2016/10/20 17.15 17.15 17.15 17.15 
2016/10/21 17.15 17.40 17.15 17.30 
2016/10/24 17.20 17.30 17.20 17.30 
2016/10/25 17.30 17.40 17.30 17.40 
2016/10/26 17.30 17.70 17.20 17.70 
2016/10/27 17.80 17.80 17.50 17.70 
2016/10/28 17.45 17.90 17.45 17.90 
2016/10/31 18.00 19.10 18.00 18.90 
2016/11/01 19.10 19.10 18.65 18.90 
2016/11/02 18.70 19.10 18.70 19.10 
2016/11/03 19.00 19.30 19.00 19.30 
2016/11/04 19.50 20.15 19.25 19.40 
2016/11/07 19.55 19.95 19.30 19.80 
2016/11/08 20.30 20.80 19.90 20.60 
2016/11/09 21.20 22.20 20.00 21.00 
2016/11/10 21.40 22.00 19.30 19.50 
2016/11/11 19.50 19.90 17.55 18.40 
2016/11/14 18.55 18.60 17.90 17.90 
2016/11/15 17.90 18.35 17.90 17.90 
2016/11/16 17.95 18.20 17.80 17.90 
2016/11/17 18.15 18.15 17.35 17.35 
2016/11/18 17.15 19.05 17.10 19.05 
2016/11/21 19.80 20.80 19.35 20.45 
2016/11/22 20.15 20.60 20.00 20.10 
2016/11/23 20.10 20.60 19.65 19.70 
2016/11/24 19.95 20.25 19.70 20.00 
2016/11/25 20.40 20.40 19.80 19.80 
2016/11/28 19.85 19.85 19.50 19.80 
2016/11/29 19.60 19.65 19.20 19.20 
2016/11/30 19.25 19.40 19.20 19.40 
2016/12/01 19.40 19.45 19.20 19.35 
2016/12/02 19.45 19.45 19.15 19.40 
2016/12/05 19.35 20.30 19.35 20.10 
2016/12/06 20.00 20.50 19.95 20.20 
2016/12/07 20.10 20.50 20.00 20.30 
2016/12/08 20.30 20.30 19.85 20.20 
2016/12/09 20.25 20.25 19.95 20.10 
2016/12/12 19.85 20.10 19.70 19.70 
2016/12/13 19.70 20.00 19.70 19.70 
2016/12/14 19.95 19.95 19.50 19.90 
2016/12/15 19.85 19.85 19.50 19.70 
2016/12/16 19.55 19.55 19.30 19.30 
2016/12/19 19.45 19.95 19.30 19.75 
2016/12/20 19.75 19.75 19.40 19.60 
2016/12/21 19.30 19.50 19.15 19.45 
2016/12/22 19.20 19.40 19.15 19.35 
2016/12/23 19.15 19.30 19.15 19.30 
2016/12/26 19.05 19.10 19.00 19.00 
2016/12/27 18.90 19.00 18.90 19.00 
2016/12/28 19.55 19.55 18.90 18.90 
2016/12/29 18.65 18.90 18.60 18.85 
2016/12/30 18.80 19.30 18.70 19.30 
2017/01/03 19.15 19.15 18.75 18.75 
2017/01/04 18.70 18.90 18.65 18.65 
2017/01/05 18.85 18.85 18.20 18.65 
2017/01/06 18.50 18.50 18.20 18.20 
2017/01/09 18.20 19.25 18.20 18.90 
2017/01/10 19.10 19.10 18.80 18.90 
2017/01/11 18.40 18.90 18.40 18.90 
2017/01/12 18.80 18.90 18.55 18.85 
2017/01/13 18.55 18.75 18.55 18.75 
2017/01/16 18.55 19.00 18.55 18.85 
2017/01/17 18.85 18.95 18.55 18.90 
2017/01/18 18.60 18.90 18.50 18.80 
2017/01/19 18.75 18.80 18.60 18.80 
2017/01/20 18.65 18.65 18.25 18.25 
2017/01/23 18.05 18.40 17.85 18.25 
2017/01/24 18.00 18.60 18.00 18.20 
2017/02/02 18.05 18.60 18.05 18.60 
2017/02/03 18.50 19.10 18.00 19.00 
2017/02/06 19.20 19.35 18.75 19.30 
2017/02/07 18.85 19.00 18.65 18.95 
2017/02/08 18.70 18.95 18.60 18.95 
