2016/07/01 152.00 152.00 148.50 149.00 
2016/07/04 149.00 151.50 148.50 151.00 
2016/07/05 152.00 156.50 151.50 155.50 
2016/07/06 154.50 155.50 151.00 151.00 
2016/07/07 152.50 152.50 149.00 150.00 
2016/07/11 152.50 154.50 151.50 154.00 
2016/07/12 126.50 131.00 126.00 128.50 
2016/07/13 129.50 130.00 126.00 127.00 
2016/07/14 127.00 128.50 126.50 127.50 
2016/07/15 128.00 130.00 127.00 128.00 
2016/07/18 129.00 129.00 127.50 128.50 
2016/07/19 129.00 129.50 127.50 128.00 
2016/07/20 128.00 128.50 125.00 126.00 
2016/07/21 127.00 128.50 126.00 127.00 
2016/07/22 127.00 127.50 125.00 125.00 
2016/07/25 126.00 128.00 125.50 126.00 
2016/07/26 127.50 127.50 126.00 126.50 
2016/07/27 127.50 130.00 127.00 127.50 
2016/07/28 128.00 128.50 126.50 127.00 
2016/07/29 128.50 128.50 126.00 126.50 
2016/08/01 127.50 131.00 127.00 130.00 
2016/08/02 132.00 137.00 132.00 137.00 
2016/08/03 135.00 136.50 134.00 136.00 
2016/08/04 136.50 140.00 136.00 136.50 
2016/08/05 138.00 138.00 135.00 135.00 
2016/08/08 136.50 138.00 135.50 135.50 
2016/08/09 135.00 135.50 130.00 130.50 
2016/08/10 131.00 132.50 129.50 131.00 
2016/08/11 131.00 131.00 127.50 129.00 
2016/08/12 130.50 134.00 130.50 131.50 
2016/08/15 132.50 133.00 130.50 131.50 
2016/08/16 129.50 129.50 127.00 129.00 
2016/08/17 129.00 129.00 126.00 127.00 
2016/08/18 126.50 128.00 125.50 127.00 
2016/08/19 126.50 128.00 126.00 126.00 
2016/08/22 126.00 128.00 125.50 127.50 
2016/08/23 127.50 128.00 125.00 126.00 
2016/08/24 125.50 126.50 125.00 125.50 
2016/08/25 126.50 126.50 125.00 125.50 
2016/08/26 123.50 123.50 118.00 118.50 
2016/08/29 118.50 119.50 115.50 116.00 
2016/08/30 117.00 120.50 115.00 120.50 
2016/08/31 120.00 120.50 118.00 119.50 
2016/09/01 120.00 120.50 118.50 118.50 
2016/09/02 119.00 120.00 117.00 117.00 
2016/09/05 118.00 118.50 117.00 118.50 
2016/09/06 119.00 121.50 118.00 120.00 
2016/09/07 120.50 120.50 119.00 119.50 
2016/09/08 119.50 123.00 119.50 120.50 
2016/09/09 119.50 119.50 117.00 117.00 
2016/09/10 114.00 116.00 113.50 115.50 
2016/09/12 115.00 116.50 114.00 114.00 
2016/09/13 115.00 115.50 112.00 112.00 
2016/09/14 111.00 113.00 110.00 113.00 
2016/09/19 113.50 117.50 113.50 117.50 
2016/09/20 116.50 117.00 116.00 117.00 
2016/09/21 116.50 117.00 114.50 116.00 
2016/09/22 117.50 117.50 114.00 114.00 
2016/09/23 114.50 115.00 113.00 115.00 
2016/09/26 115.00 115.50 114.00 114.50 
2016/09/29 115.00 115.50 112.50 112.50 
2016/09/30 112.00 113.50 111.50 112.50 
2016/10/03 113.00 114.50 113.00 113.00 
2016/10/04 113.00 114.00 113.00 113.50 
2016/10/05 113.00 113.00 112.00 112.00 
2016/10/06 113.00 114.00 112.50 113.50 
2016/10/07 114.00 114.00 112.00 112.00 
2016/10/11 112.00 113.00 108.00 109.50 
2016/10/12 109.00 110.50 108.00 110.00 
2016/10/13 110.00 111.50 110.00 110.00 
2016/10/14 110.00 111.50 108.50 109.00 
2016/10/17 110.00 110.00 107.00 109.50 
2016/10/18 109.50 109.50 108.00 109.00 
2016/10/19 110.00 115.50 109.00 115.00 
2016/10/20 115.00 117.00 114.50 116.00 
2016/10/21 116.00 116.00 113.50 115.50 
2016/10/24 115.50 116.00 114.00 115.00 
2016/10/25 115.00 117.00 115.00 115.50 
2016/10/26 115.50 117.00 115.50 115.50 
2016/10/27 116.50 116.50 115.00 115.50 
2016/10/28 116.00 116.00 113.50 114.00 
2016/10/31 113.00 115.00 112.00 115.00 
2016/11/01 114.50 115.00 113.00 113.00 
2016/11/02 112.00 113.00 110.00 110.00 
2016/11/03 110.00 111.50 108.50 109.50 
2016/11/04 109.00 110.50 108.50 110.00 
2016/11/07 111.00 112.50 110.00 111.50 
2016/11/08 112.00 112.50 108.00 111.00 
2016/11/09 111.50 111.50 104.00 104.00 
2016/11/10 106.50 109.50 106.50 108.50 
2016/11/11 106.50 108.00 105.00 108.00 
2016/11/14 108.00 110.50 106.50 110.50 
2016/11/15 110.50 111.50 109.00 109.00 
2016/11/16 110.00 110.50 109.50 110.50 
2016/11/17 112.00 115.50 112.00 114.50 
2016/11/18 114.00 114.50 113.00 114.50 
2016/11/21 114.00 115.00 113.50 114.50 
2016/11/22 114.50 116.00 114.50 114.50 
2016/11/23 115.00 115.50 112.50 112.50 
2016/11/24 112.50 113.50 112.00 112.50 
2016/11/25 112.50 118.00 112.50 117.00 
2016/11/28 117.50 118.50 116.00 117.50 
2016/11/29 117.50 117.50 115.50 116.50 
2016/11/30 117.00 118.50 116.50 116.50 
2016/12/01 117.00 121.50 117.00 119.50 
2016/12/02 120.50 122.00 119.50 120.00 
2016/12/05 121.00 124.00 120.50 123.50 
2016/12/06 125.00 125.50 122.00 122.50 
2016/12/07 123.00 123.00 120.50 122.50 
2016/12/08 123.00 124.00 121.50 122.00 
2016/12/09 122.50 124.00 121.50 123.00 
2016/12/12 123.50 124.00 122.00 122.50 
2016/12/13 123.00 127.50 123.00 126.50 
2016/12/14 127.00 129.00 125.50 127.00 
2016/12/15 127.00 128.50 125.50 128.50 
2016/12/16 130.00 133.00 130.00 130.00 
2016/12/19 130.50 132.50 129.00 130.00 
2016/12/20 130.50 131.50 129.00 130.00 
2016/12/21 131.00 131.00 127.50 129.00 
2016/12/22 129.00 129.50 126.50 126.50 
2016/12/23 127.50 131.00 127.00 128.00 
2016/12/26 129.00 130.00 128.50 130.00 
2016/12/27 129.50 130.00 128.00 129.00 
2016/12/28 129.00 131.50 128.50 128.50 
2016/12/29 129.00 130.00 128.00 129.50 
2016/12/30 129.50 130.00 128.50 129.00 
2017/01/03 130.50 131.50 129.50 131.00 
2017/01/04 131.50 132.00 130.00 130.50 
2017/01/05 130.00 130.50 128.50 129.00 
2017/01/06 129.00 130.00 126.00 126.00 
2017/01/09 125.50 126.00 122.50 123.50 
2017/01/10 123.50 127.00 123.00 127.00 
2017/01/11 126.00 126.50 124.50 125.50 
2017/01/12 125.00 126.50 125.00 125.50 
2017/01/13 125.00 125.50 123.50 124.00 
2017/01/16 124.00 124.00 121.00 121.50 
2017/01/17 123.00 123.00 120.50 122.50 
2017/01/18 122.50 125.00 122.00 125.00 
2017/01/19 125.50 125.50 124.00 124.50 
2017/01/20 124.50 126.50 124.00 125.50 
2017/01/23 126.50 126.50 124.00 124.50 
2017/01/24 124.50 125.00 123.50 124.50 
2017/02/02 124.50 125.50 123.00 125.00 
2017/02/03 125.50 136.00 125.00 135.00 
2017/02/06 136.00 141.00 136.00 136.00 
2017/02/07 137.50 148.50 136.50 145.00 
2017/02/08 143.00 149.50 142.50 146.50 
