2016/07/01 48.70 48.85 46.30 46.60 
2016/07/04 46.30 47.15 43.50 44.95 
2016/07/05 45.05 46.50 45.05 45.40 
2016/07/06 45.20 46.35 44.35 45.20 
2016/07/07 45.85 46.15 45.20 45.20 
2016/07/11 45.70 45.80 43.35 44.00 
2016/07/12 41.00 44.55 41.00 44.00 
2016/07/13 44.80 44.95 44.05 44.10 
2016/07/14 43.90 46.95 43.60 45.95 
2016/07/15 46.80 46.80 45.50 45.75 
2016/07/18 46.00 46.30 45.10 45.15 
2016/07/19 45.30 45.30 44.40 44.40 
2016/07/20 44.15 46.00 44.15 44.60 
2016/07/21 44.85 45.35 44.70 44.75 
2016/07/22 44.95 45.75 44.85 45.20 
2016/07/25 45.50 45.75 44.80 44.95 
2016/07/26 44.60 44.80 42.10 43.35 
2016/07/27 43.45 44.80 43.45 43.85 
2016/07/28 43.85 44.25 42.35 42.60 
2016/07/29 42.40 43.10 41.50 42.10 
2016/08/01 41.80 42.45 41.70 42.30 
2016/08/02 42.45 45.95 42.30 45.40 
2016/08/03 45.00 46.50 44.50 45.20 
2016/08/04 45.60 46.30 44.95 45.25 
2016/08/05 45.90 46.25 45.25 45.30 
2016/08/08 45.50 45.55 43.40 43.40 
2016/08/09 43.40 44.20 42.75 42.75 
2016/08/10 42.75 44.35 42.75 43.50 
2016/08/11 42.00 43.30 42.00 43.20 
2016/08/12 43.70 43.80 42.50 42.70 
2016/08/15 42.70 43.00 42.25 42.65 
2016/08/16 42.50 43.50 42.40 43.05 
2016/08/17 43.25 45.40 43.25 43.65 
2016/08/18 43.80 44.35 43.80 44.30 
2016/08/19 44.65 44.85 43.85 43.85 
2016/08/22 43.85 44.10 42.65 43.00 
2016/08/23 43.05 43.25 42.50 42.60 
2016/08/24 42.70 43.80 42.60 43.20 
2016/08/25 43.20 43.75 42.80 43.55 
2016/08/26 43.65 47.75 43.65 46.50 
2016/08/29 46.90 50.00 46.90 49.00 
2016/08/30 49.50 50.40 48.30 50.20 
2016/08/31 50.20 50.20 48.70 48.90 
2016/09/01 48.90 49.90 48.60 48.80 
2016/09/02 49.20 49.25 46.10 46.50 
2016/09/05 47.50 47.70 46.60 47.15 
2016/09/06 47.70 48.95 47.55 47.80 
2016/09/07 48.00 48.60 46.70 46.95 
2016/09/08 47.15 48.35 47.15 47.45 
2016/09/09 47.35 47.65 47.10 47.50 
2016/09/10 46.30 46.50 44.80 45.00 
2016/09/12 44.45 45.00 43.00 43.00 
2016/09/13 43.95 45.35 43.40 43.40 
2016/09/14 43.70 44.00 42.10 42.60 
2016/09/19 42.90 43.25 42.50 42.70 
2016/09/20 43.05 44.25 42.75 43.25 
2016/09/21 43.10 43.90 43.05 43.65 
2016/09/22 43.85 44.15 43.25 43.25 
2016/09/23 43.35 43.65 42.80 42.90 
2016/09/26 42.90 43.20 42.25 42.35 
2016/09/29 42.50 43.45 42.35 42.50 
2016/09/30 42.50 42.90 42.25 42.75 
2016/10/03 43.00 43.25 42.75 42.90 
2016/10/04 43.20 43.95 42.50 42.85 
2016/10/05 42.85 43.05 38.60 38.60 
2016/10/06 37.70 39.20 37.70 38.60 
2016/10/07 38.00 38.10 35.00 35.30 
2016/10/11 35.30 35.70 32.75 33.60 
2016/10/12 33.50 35.20 33.35 34.40 
2016/10/13 34.25 34.75 33.95 34.65 
2016/10/14 34.80 34.80 33.05 34.15 
2016/10/17 33.75 33.90 33.00 33.00 
2016/10/18 32.45 32.60 31.05 31.80 
2016/10/19 32.10 32.65 31.70 32.00 
2016/10/20 32.00 33.25 32.00 32.60 
2016/10/21 32.80 33.90 32.70 33.90 
2016/10/24 33.90 34.00 33.20 33.90 
2016/10/25 33.90 34.20 32.95 33.15 
2016/10/26 32.80 34.20 32.80 33.50 
2016/10/27 33.85 33.85 33.30 33.65 
2016/10/28 33.50 33.75 33.05 33.05 
2016/10/31 33.05 33.70 33.05 33.30 
2016/11/01 33.50 34.20 33.25 33.35 
2016/11/02 33.45 33.50 32.35 32.80 
2016/11/03 32.55 32.90 30.10 30.60 
2016/11/04 30.30 31.70 29.25 31.70 
2016/11/07 31.20 31.70 30.60 31.20 
2016/11/08 31.45 32.00 30.20 30.90 
2016/11/09 30.30 31.00 28.00 28.00 
2016/11/10 30.80 30.80 30.80 30.80 
2016/11/11 33.85 33.85 33.85 33.85 
2016/11/14 34.85 34.85 32.85 33.80 
2016/11/15 33.90 34.90 33.50 34.20 
2016/11/16 34.40 35.00 33.90 34.00 
2016/11/17 34.20 34.60 33.70 34.20 
2016/11/18 34.00 34.45 34.00 34.15 
2016/11/21 34.25 35.50 34.25 34.80 
2016/11/22 35.10 35.50 34.20 34.20 
2016/11/23 34.50 34.70 33.35 33.35 
2016/11/24 33.50 33.55 33.20 33.25 
2016/11/25 30.05 30.25 28.70 29.00 
2016/11/28 28.55 29.35 28.55 29.00 
2016/11/29 29.40 31.90 29.25 31.90 
2016/11/30 33.35 35.05 33.05 35.05 
2016/12/01 34.50 35.70 33.80 33.95 
2016/12/02 34.35 37.30 34.30 37.30 
2016/12/05 39.00 40.30 38.25 39.80 
2016/12/06 39.40 39.90 38.60 39.90 
2016/12/07 40.00 42.45 39.00 39.30 
2016/12/08 39.30 40.45 38.85 39.35 
2016/12/09 39.50 39.90 38.55 38.75 
2016/12/12 39.00 39.05 37.10 37.40 
2016/12/13 36.90 40.20 36.30 39.30 
2016/12/14 38.95 39.85 38.95 39.00 
2016/12/15 39.00 42.45 38.60 42.00 
2016/12/16 42.55 43.55 41.30 41.30 
2016/12/19 41.30 41.90 40.10 40.60 
2016/12/20 40.60 41.60 40.20 40.60 
2016/12/21 40.95 42.80 40.95 41.10 
2016/12/22 41.50 41.80 40.65 40.90 
2016/12/23 41.15 42.35 41.15 41.70 
2016/12/26 42.30 42.70 41.20 41.20 
2016/12/27 41.70 41.75 39.20 39.30 
2016/12/28 39.60 40.25 39.60 39.70 
2016/12/29 39.80 40.70 39.80 40.00 
2016/12/30 40.00 40.70 39.20 39.60 
2017/01/03 39.60 39.95 38.40 38.70 
2017/01/04 39.15 39.60 38.75 38.75 
2017/01/05 39.15 39.30 38.75 38.80 
2017/01/06 39.10 42.30 38.90 41.10 
2017/01/09 41.65 42.70 40.60 41.10 
2017/01/10 41.00 41.55 40.15 40.40 
2017/01/11 40.40 40.80 39.10 39.10 
2017/01/12 38.90 39.80 38.90 39.15 
2017/01/13 38.70 39.00 38.35 38.80 
2017/01/16 39.20 39.20 38.10 38.35 
2017/01/17 38.85 39.50 38.55 38.65 
2017/01/18 39.00 39.70 38.70 39.30 
2017/01/19 39.50 39.75 37.40 38.00 
2017/01/20 38.00 38.75 38.00 38.20 
2017/01/23 38.70 38.95 38.15 38.40 
2017/01/24 38.50 38.80 38.20 38.55 
2017/02/02 38.55 38.70 37.05 38.10 
2017/02/03 38.10 41.90 38.10 41.90 
2017/02/06 43.00 45.05 42.60 42.65 
2017/02/07 42.65 43.65 42.00 42.20 
2017/02/08 42.05 42.75 41.35 42.10 
