2016/07/01 14.90 15.25 14.85 14.85 
2016/07/04 14.85 14.95 14.70 14.90 
2016/07/05 15.20 16.35 15.15 15.25 
2016/07/06 15.05 15.45 15.05 15.10 
2016/07/07 15.15 16.10 14.90 15.65 
2016/07/11 15.75 15.95 15.45 15.45 
2016/07/12 15.45 15.70 15.40 15.40 
2016/07/13 15.65 15.65 15.20 15.35 
2016/07/14 15.70 15.75 15.45 15.60 
2016/07/15 15.80 15.80 15.20 15.70 
2016/07/18 15.80 15.80 15.40 15.50 
2016/07/19 15.70 15.70 15.30 15.35 
2016/07/20 15.35 15.60 15.35 15.45 
2016/07/21 15.60 16.40 15.45 15.75 
2016/07/22 15.65 15.95 15.40 15.50 
2016/07/25 15.55 15.60 15.15 15.15 
2016/07/26 15.20 15.50 14.90 14.95 
2016/07/27 15.05 15.10 14.75 14.75 
2016/07/28 14.85 15.25 14.40 14.85 
2016/07/29 14.95 15.00 14.50 14.60 
2016/08/01 14.60 14.90 14.55 14.70 
2016/08/02 14.70 14.80 14.65 14.75 
2016/08/03 14.70 15.00 14.60 14.80 
2016/08/04 14.85 15.10 14.70 14.85 
2016/08/05 15.00 15.00 14.80 14.85 
2016/08/08 15.00 15.30 15.00 15.00 
2016/08/09 15.00 15.15 14.85 14.85 
2016/08/10 15.00 15.00 14.45 14.50 
2016/08/11 14.70 14.80 14.35 14.50 
2016/08/12 14.60 14.70 14.05 14.20 
2016/08/15 14.10 14.25 14.00 14.10 
2016/08/16 14.10 14.40 14.10 14.30 
2016/08/17 14.40 14.40 14.05 14.25 
2016/08/18 14.35 14.65 14.10 14.40 
2016/08/19 14.55 14.55 14.20 14.25 
2016/08/22 14.35 14.35 13.90 14.10 
2016/08/23 14.10 14.30 13.95 14.10 
2016/08/24 14.10 14.20 13.95 13.95 
2016/08/25 13.90 14.15 13.90 13.95 
2016/08/26 14.10 14.10 13.80 13.90 
2016/08/29 13.90 14.20 13.85 13.95 
2016/08/30 14.10 14.10 13.90 13.95 
2016/08/31 14.00 14.00 13.70 13.70 
2016/09/01 13.90 14.10 13.75 13.75 
2016/09/02 13.85 14.00 13.75 13.85 
2016/09/05 13.95 14.45 13.95 14.15 
2016/09/06 14.15 14.45 14.15 14.45 
2016/09/07 14.50 14.50 14.00 14.05 
2016/09/08 14.10 14.10 13.95 14.00 
2016/09/09 14.00 14.10 13.80 13.90 
2016/09/10 13.90 13.90 13.60 13.80 
2016/09/12 13.85 13.85 13.70 13.70 
2016/09/13 13.85 13.85 13.25 13.35 
2016/09/14 13.25 13.40 13.15 13.30 
2016/09/19 13.40 13.55 13.35 13.35 
2016/09/20 13.40 13.50 13.35 13.50 
2016/09/21 13.60 13.60 13.40 13.45 
2016/09/22 13.60 13.90 13.50 13.75 
2016/09/23 13.70 13.75 13.60 13.60 
2016/09/26 13.65 13.70 13.30 13.35 
2016/09/29 13.60 13.60 13.30 13.30 
2016/09/30 13.30 13.40 13.25 13.35 
2016/10/03 13.40 13.40 13.20 13.30 
2016/10/04 13.35 13.45 13.30 13.30 
2016/10/05 13.40 13.40 13.20 13.30 
2016/10/06 13.40 13.45 13.25 13.25 
2016/10/07 13.25 13.35 13.20 13.30 
2016/10/11 13.25 13.25 12.15 12.45 
2016/10/12 12.45 12.50 12.20 12.40 
2016/10/13 12.50 12.50 12.30 12.35 
2016/10/14 12.30 12.35 11.90 12.15 
2016/10/17 12.10 12.35 12.05 12.20 
2016/10/18 12.15 12.40 12.15 12.35 
2016/10/19 12.35 12.40 12.25 12.30 
2016/10/20 12.30 12.40 12.15 12.25 
2016/10/21 12.40 13.45 12.40 12.95 
2016/10/24 13.10 13.25 13.00 13.15 
2016/10/25 13.35 13.35 13.05 13.10 
2016/10/26 13.10 13.30 12.95 13.00 
2016/10/27 13.00 13.10 12.75 12.85 
2016/10/28 12.85 13.05 12.85 13.05 
2016/10/31 13.05 13.05 12.75 13.00 
2016/11/01 13.00 13.05 12.90 12.90 
2016/11/02 12.90 13.00 12.65 12.70 
2016/11/03 12.70 12.80 12.10 12.30 
2016/11/04 12.30 12.50 12.25 12.25 
2016/11/07 12.40 12.40 12.20 12.35 
2016/11/08 12.40 12.45 12.05 12.10 
2016/11/09 12.10 12.30 11.40 11.50 
2016/11/10 11.65 12.25 11.65 11.70 
2016/11/11 11.65 11.65 11.20 11.30 
2016/11/14 11.40 11.55 11.25 11.50 
2016/11/15 12.00 12.00 11.60 11.65 
2016/11/16 11.80 11.80 11.65 11.70 
2016/11/17 11.60 11.75 11.45 11.50 
2016/11/18 11.60 11.75 11.55 11.65 
2016/11/21 11.70 11.75 11.65 11.70 
2016/11/22 11.75 11.90 11.65 11.70 
2016/11/23 11.80 11.95 11.70 11.75 
2016/11/24 11.80 11.85 11.70 11.70 
2016/11/25 11.80 11.95 11.70 11.80 
2016/11/28 11.80 11.95 11.75 11.85 
2016/11/29 11.90 12.25 11.85 12.10 
2016/11/30 12.20 12.50 12.15 12.15 
2016/12/01 12.15 12.25 12.05 12.05 
2016/12/02 12.05 12.05 11.80 11.85 
2016/12/05 11.85 11.95 11.75 11.90 
2016/12/06 12.00 12.10 12.00 12.00 
2016/12/07 12.15 12.15 11.85 11.95 
2016/12/08 12.00 12.10 11.95 12.05 
2016/12/09 12.10 12.20 11.90 11.90 
2016/12/12 12.10 12.15 11.85 11.85 
2016/12/13 11.90 12.00 11.85 12.00 
2016/12/14 12.00 12.00 11.80 11.85 
2016/12/15 11.80 11.95 11.80 11.90 
2016/12/16 11.90 12.25 11.80 12.25 
2016/12/19 12.50 13.25 12.40 12.70 
2016/12/20 12.75 12.95 12.50 12.55 
2016/12/21 12.55 12.70 12.50 12.50 
2016/12/22 12.60 12.60 12.30 12.40 
2016/12/23 12.45 12.45 12.20 12.20 
2016/12/26 12.25 12.30 12.05 12.10 
2016/12/27 12.10 12.15 12.05 12.10 
2016/12/28 12.25 12.35 12.10 12.35 
2016/12/29 12.40 12.70 12.40 12.50 
2016/12/30 12.50 12.60 12.40 12.45 
2017/01/03 12.50 12.65 12.40 12.50 
2017/01/04 12.55 12.65 12.45 12.50 
2017/01/05 12.50 12.50 12.40 12.50 
2017/01/06 12.60 12.90 12.50 12.55 
2017/01/09 12.60 12.65 12.30 12.35 
2017/01/10 12.35 12.40 12.25 12.30 
2017/01/11 12.25 12.30 12.15 12.25 
2017/01/12 12.25 12.45 12.25 12.35 
2017/01/13 12.35 12.35 12.20 12.20 
2017/01/16 12.20 12.50 12.15 12.50 
2017/01/17 12.55 12.80 12.40 12.40 
2017/01/18 12.55 12.55 12.25 12.30 
2017/01/19 12.25 12.30 12.15 12.20 
2017/01/20 12.30 12.30 12.10 12.15 
2017/01/23 12.15 12.30 12.10 12.20 
2017/01/24 12.25 12.25 11.95 12.10 
2017/02/02 12.00 12.10 11.90 11.95 
2017/02/03 12.00 12.40 12.00 12.20 
2017/02/06 12.25 12.35 12.10 12.30 
2017/02/07 12.15 12.30 12.10 12.20 
2017/02/08 12.30 12.30 12.20 12.25 
