2016/07/01 15.20 15.30 15.00 15.10 
2016/07/04 15.30 15.50 15.15 15.50 
2016/07/05 15.55 15.55 15.20 15.20 
2016/07/06 15.20 15.20 15.00 15.00 
2016/07/07 15.05 15.20 15.00 15.05 
2016/07/11 15.20 15.35 15.05 15.05 
2016/07/12 15.35 15.40 15.10 15.10 
2016/07/13 15.15 16.50 15.05 15.50 
2016/07/14 15.60 17.05 15.60 17.05 
2016/07/15 18.75 18.75 18.75 18.75 
2016/07/18 19.05 20.20 19.00 19.50 
2016/07/19 19.65 19.75 19.10 19.50 
2016/07/20 19.50 20.85 19.50 19.90 
2016/07/21 20.10 20.45 19.10 19.40 
2016/07/22 19.60 20.25 19.60 19.60 
2016/07/25 19.75 20.05 18.90 19.00 
2016/07/26 19.00 19.40 18.70 19.40 
2016/07/27 19.35 19.50 18.75 18.75 
2016/07/28 18.90 20.10 18.75 18.90 
2016/07/29 18.90 19.00 18.15 18.35 
2016/08/01 18.65 19.30 18.55 18.75 
2016/08/02 18.85 19.15 18.65 18.75 
2016/08/03 18.75 20.25 18.65 20.00 
2016/08/04 20.20 20.75 19.85 19.85 
2016/08/05 19.80 19.85 19.15 19.20 
2016/08/08 20.55 21.10 20.35 21.10 
2016/08/09 22.00 22.40 20.05 20.05 
2016/08/10 20.15 20.60 19.70 19.95 
2016/08/11 19.50 19.70 18.80 19.00 
2016/08/12 19.30 19.80 19.10 19.10 
2016/08/15 19.10 19.20 18.70 18.75 
2016/08/16 18.90 19.10 18.65 18.70 
2016/08/17 18.65 18.90 18.40 18.50 
2016/08/18 18.55 18.75 18.30 18.45 
2016/08/19 18.55 19.55 18.55 18.80 
2016/08/22 18.80 18.80 18.10 18.15 
2016/08/23 18.20 18.60 18.20 18.25 
2016/08/24 18.35 18.35 18.00 18.00 
2016/08/25 18.00 18.20 17.70 17.90 
2016/08/26 18.10 18.25 18.05 18.05 
2016/08/29 18.10 18.25 17.85 18.15 
2016/08/30 18.20 18.60 18.15 18.15 
2016/08/31 18.10 18.30 17.95 18.10 
2016/09/01 18.25 18.40 18.15 18.20 
2016/09/02 18.25 18.25 17.10 17.85 
2016/09/05 18.10 18.20 17.90 17.95 
2016/09/06 18.10 18.35 17.80 18.10 
2016/09/07 18.40 18.40 17.95 18.10 
2016/09/08 17.95 19.55 17.70 19.00 
2016/09/09 18.75 18.90 18.50 18.60 
2016/09/10 17.90 18.40 17.60 18.15 
2016/09/12 18.15 18.30 17.90 18.00 
2016/09/13 18.20 18.20 17.00 17.80 
2016/09/14 17.60 17.85 17.50 17.80 
2016/09/19 17.50 18.10 17.50 17.80 
2016/09/20 17.85 18.30 17.80 17.80 
2016/09/21 17.85 18.90 17.85 18.25 
2016/09/22 18.35 18.45 18.05 18.05 
2016/09/23 18.35 18.35 17.70 17.85 
2016/09/26 18.00 18.05 17.75 18.00 
2016/09/29 18.20 18.40 17.90 17.95 
2016/09/30 18.20 18.20 17.80 17.85 
2016/10/03 18.00 18.05 17.80 17.80 
2016/10/04 17.80 18.15 17.70 17.90 
2016/10/05 17.90 17.90 17.55 17.65 
2016/10/06 17.85 17.85 17.45 17.70 
2016/10/07 17.85 17.85 17.25 17.25 
2016/10/11 17.55 17.55 16.10 16.80 
2016/10/12 16.70 16.95 16.60 16.85 
2016/10/13 16.85 17.15 16.75 16.85 
2016/10/14 17.00 17.15 16.60 16.70 
2016/10/17 16.60 16.70 16.00 16.05 
2016/10/18 16.05 16.40 16.05 16.35 
2016/10/19 16.80 16.80 16.35 16.35 
2016/10/20 16.35 16.55 16.25 16.45 
2016/10/21 16.40 17.00 16.35 16.80 
2016/10/24 16.85 17.20 16.30 16.30 
2016/10/25 16.40 16.80 16.40 16.65 
2016/10/26 16.90 16.90 16.30 16.30 
2016/10/27 16.30 16.40 16.10 16.25 
2016/10/28 16.25 16.35 15.95 16.20 
2016/10/31 16.20 16.45 16.00 16.05 
2016/11/01 16.10 16.25 16.00 16.00 
2016/11/02 15.90 16.15 15.70 15.70 
2016/11/03 15.80 15.95 15.55 15.90 
2016/11/04 15.90 15.95 15.40 15.45 
2016/11/07 15.70 15.70 15.05 15.60 
2016/11/08 15.60 15.60 14.85 15.00 
2016/11/09 15.00 15.30 14.00 14.10 
2016/11/10 14.10 14.90 14.10 14.50 
2016/11/11 14.40 15.25 14.20 15.00 
2016/11/14 15.00 15.10 14.20 14.20 
2016/11/15 14.40 14.50 14.15 14.45 
2016/11/16 14.65 14.70 14.45 14.50 
2016/11/17 14.50 14.80 14.20 14.65 
2016/11/18 14.75 14.85 14.55 14.65 
2016/11/21 14.90 14.90 14.60 14.90 
2016/11/22 15.05 15.55 14.90 15.15 
2016/11/23 15.40 15.55 15.10 15.30 
2016/11/24 15.45 15.45 15.00 15.00 
2016/11/25 15.30 15.30 15.10 15.20 
2016/11/28 15.10 15.50 15.00 15.10 
2016/11/29 15.10 15.20 15.05 15.20 
2016/11/30 15.20 15.20 15.05 15.15 
2016/12/01 15.15 15.40 15.15 15.40 
2016/12/02 15.50 15.50 15.20 15.20 
2016/12/05 15.30 15.30 15.15 15.20 
2016/12/06 15.25 15.40 15.00 15.10 
2016/12/07 15.20 15.25 15.00 15.00 
2016/12/08 15.25 16.00 15.00 15.55 
2016/12/09 15.85 15.85 15.35 15.70 
2016/12/12 15.90 17.25 15.70 17.05 
2016/12/13 17.00 18.10 16.85 17.65 
2016/12/14 17.65 18.40 17.35 17.55 
2016/12/15 17.20 18.05 17.20 17.30 
2016/12/16 17.45 17.55 16.70 16.75 
2016/12/19 16.90 16.90 16.30 16.65 
2016/12/20 16.65 16.80 16.30 16.35 
2016/12/21 16.40 16.60 16.15 16.15 
2016/12/22 16.00 16.25 15.90 15.95 
2016/12/23 15.95 16.25 15.90 16.10 
2016/12/26 16.20 16.35 16.15 16.20 
2016/12/27 16.20 16.90 16.00 16.40 
2016/12/28 16.50 18.00 16.45 17.10 
2016/12/29 17.00 17.40 16.90 16.90 
2016/12/30 16.90 17.15 16.80 16.80 
2017/01/03 16.90 17.35 16.90 17.05 
2017/01/04 17.15 17.40 17.05 17.05 
2017/01/05 17.10 17.25 16.90 16.90 
2017/01/06 17.00 17.25 16.80 17.25 
2017/01/09 17.40 17.50 16.75 17.10 
2017/01/10 17.00 17.15 16.85 17.00 
2017/01/11 17.25 17.80 16.85 16.85 
2017/01/12 16.95 17.35 16.90 16.90 
2017/01/13 17.00 17.00 16.85 16.85 
2017/01/16 16.80 16.85 16.60 16.60 
2017/01/17 16.80 16.80 16.50 16.70 
2017/01/18 16.60 16.80 16.35 16.50 
2017/01/19 16.45 16.55 16.30 16.40 
2017/01/20 16.65 16.65 16.40 16.50 
2017/01/23 16.40 16.60 16.00 16.05 
2017/01/24 16.15 16.40 16.10 16.15 
2017/02/02 16.50 16.50 16.10 16.40 
2017/02/03 16.40 16.70 16.40 16.60 
2017/02/06 16.80 16.80 16.55 16.55 
2017/02/07 16.45 16.70 16.45 16.45 
2017/02/08 16.60 16.95 16.45 16.75 
