2016/07/01 53.50 53.70 53.00 53.20 
2016/07/04 53.30 53.80 53.30 53.60 
2016/07/05 53.60 54.50 53.50 54.30 
2016/07/06 54.30 54.30 53.70 53.90 
2016/07/07 53.90 54.10 53.70 53.90 
2016/07/11 52.50 52.90 52.00 52.20 
2016/07/12 52.20 52.60 52.10 52.30 
2016/07/13 52.50 52.70 52.20 52.70 
2016/07/14 52.70 53.50 52.40 53.10 
2016/07/15 53.30 53.30 52.90 53.00 
2016/07/18 53.00 53.30 52.90 53.10 
2016/07/19 53.40 54.00 53.30 53.70 
2016/07/20 53.70 53.80 53.30 53.50 
2016/07/21 53.70 54.10 53.30 53.90 
2016/07/22 54.00 54.00 53.60 53.80 
2016/07/25 54.20 54.20 53.40 53.60 
2016/07/26 53.60 53.90 53.60 53.80 
2016/07/27 53.80 54.00 53.60 53.80 
2016/07/28 53.90 54.20 53.70 54.00 
2016/07/29 54.20 54.40 53.90 54.20 
2016/08/01 54.30 54.80 54.20 54.70 
2016/08/02 54.80 55.50 54.80 55.40 
2016/08/03 50.80 51.70 50.60 51.00 
2016/08/04 51.40 51.60 50.60 50.70 
2016/08/05 50.90 51.20 50.70 50.80 
2016/08/08 50.90 51.20 50.30 50.30 
2016/08/09 50.30 51.10 50.30 50.90 
2016/08/10 51.10 51.30 50.50 50.50 
2016/08/11 49.90 49.95 48.55 49.00 
2016/08/12 49.00 49.20 48.60 48.70 
2016/08/15 48.70 49.10 48.50 49.00 
2016/08/16 48.70 49.10 48.60 48.70 
2016/08/17 48.70 49.10 48.60 49.10 
2016/08/18 49.10 49.40 48.75 49.15 
2016/08/19 49.20 49.40 48.65 48.65 
2016/08/22 48.60 48.60 48.10 48.20 
2016/08/23 48.20 48.20 47.70 48.00 
2016/08/24 48.00 48.90 48.00 48.70 
2016/08/25 48.80 50.00 48.70 49.80 
2016/08/26 49.65 50.00 49.25 49.30 
2016/08/29 49.15 49.45 49.05 49.25 
2016/08/30 49.30 49.50 49.10 49.20 
2016/08/31 49.15 49.30 48.80 49.15 
2016/09/01 49.15 49.90 48.85 49.15 
2016/09/02 49.05 49.20 48.50 48.80 
2016/09/05 48.80 48.80 48.40 48.55 
2016/09/06 48.50 48.70 48.45 48.55 
2016/09/07 48.60 49.20 48.60 49.00 
2016/09/08 48.85 49.20 48.85 49.10 
2016/09/09 49.10 49.25 48.90 49.15 
2016/09/10 48.10 48.60 48.10 48.50 
2016/09/12 48.40 48.45 48.00 48.00 
2016/09/13 48.05 48.20 47.75 47.80 
2016/09/14 47.75 47.80 47.50 47.65 
2016/09/19 47.65 48.00 47.65 47.90 
2016/09/20 48.20 48.45 48.15 48.20 
2016/09/21 48.45 48.45 47.90 48.10 
2016/09/22 48.20 48.30 48.10 48.20 
2016/09/23 48.20 48.75 48.20 48.60 
2016/09/26 48.60 49.00 48.55 48.60 
2016/09/29 49.10 49.10 48.60 48.70 
2016/09/30 48.70 48.70 48.20 48.40 
2016/10/03 48.50 49.00 48.45 48.60 
2016/10/04 48.50 48.90 48.50 48.70 
2016/10/05 48.70 48.70 48.35 48.35 
2016/10/06 48.35 48.45 48.20 48.20 
2016/10/07 48.20 48.25 47.70 48.05 
2016/10/11 48.05 48.50 47.50 47.60 
2016/10/12 47.50 47.80 47.40 47.55 
2016/10/13 47.55 47.80 47.50 47.55 
2016/10/14 47.35 47.50 47.10 47.10 
2016/10/17 47.10 47.20 46.80 47.00 
2016/10/18 47.45 47.45 46.70 46.85 
2016/10/19 46.90 47.05 46.85 46.95 
2016/10/20 47.15 47.20 46.85 47.15 
2016/10/21 47.40 47.40 46.75 46.80 
2016/10/24 46.85 47.10 46.80 47.05 
2016/10/25 47.30 47.35 47.05 47.25 
2016/10/26 47.20 47.20 47.10 47.10 
2016/10/27 47.10 47.40 47.05 47.25 
2016/10/28 47.10 47.35 46.95 47.00 
2016/10/31 47.20 47.40 47.00 47.00 
2016/11/01 46.85 47.25 46.85 47.00 
2016/11/02 47.00 47.00 46.50 46.50 
2016/11/03 46.45 46.85 46.25 46.40 
2016/11/04 46.40 46.80 46.40 46.55 
2016/11/07 47.25 47.30 46.65 46.90 
2016/11/08 47.35 47.35 46.70 46.70 
2016/11/09 47.00 47.00 45.70 45.75 
2016/11/10 46.05 48.50 46.05 47.50 
2016/11/11 47.40 47.70 46.35 46.70 
2016/11/14 47.00 47.25 46.50 47.00 
2016/11/15 47.20 47.50 47.00 47.05 
2016/11/16 47.15 47.45 47.15 47.30 
2016/11/17 47.30 47.30 47.10 47.15 
2016/11/18 47.20 47.35 47.15 47.30 
2016/11/21 47.30 48.70 47.30 48.45 
2016/11/22 48.55 48.80 48.15 48.60 
2016/11/23 48.80 49.70 48.50 49.30 
2016/11/24 49.65 49.80 49.15 49.40 
2016/11/25 49.40 49.65 49.25 49.50 
2016/11/28 49.60 49.95 49.60 49.75 
2016/11/29 49.95 49.95 49.65 49.65 
2016/11/30 49.70 50.10 49.70 49.95 
2016/12/01 50.10 50.30 49.90 50.30 
2016/12/02 50.20 50.20 49.85 50.10 
2016/12/05 50.00 50.20 49.85 50.10 
2016/12/06 50.30 50.50 50.10 50.40 
2016/12/07 50.60 51.90 50.60 51.90 
2016/12/08 52.30 52.40 51.60 52.00 
2016/12/09 51.90 52.10 51.40 51.80 
2016/12/12 51.90 52.20 51.10 51.10 
2016/12/13 51.10 51.70 51.10 51.40 
2016/12/14 51.90 52.00 51.30 52.00 
2016/12/15 52.00 52.00 51.50 51.90 
2016/12/16 52.00 52.20 51.70 51.90 
2016/12/19 52.00 53.00 51.80 52.40 
2016/12/20 52.60 52.80 51.90 52.00 
2016/12/21 52.10 52.40 51.60 51.60 
2016/12/22 51.60 51.80 50.70 51.20 
2016/12/23 50.80 51.20 50.70 50.80 
2016/12/26 51.00 51.30 50.50 50.50 
2016/12/27 50.50 50.90 49.80 50.40 
2016/12/28 50.50 51.30 50.40 51.10 
2016/12/29 51.20 51.30 50.80 51.10 
2016/12/30 51.30 51.30 50.70 50.90 
2017/01/03 51.20 51.70 51.00 51.60 
2017/01/04 51.70 51.80 51.50 51.70 
2017/01/05 51.60 51.70 51.00 51.40 
2017/01/06 51.50 51.50 51.10 51.50 
2017/01/09 51.50 52.00 51.50 51.90 
2017/01/10 50.80 51.20 50.60 51.00 
2017/01/11 51.30 51.40 50.70 50.70 
2017/01/12 50.70 51.10 50.50 50.90 
2017/01/13 51.10 51.30 50.80 51.00 
2017/01/16 51.00 51.00 50.50 50.60 
2017/01/17 50.40 50.60 49.90 50.30 
2017/01/18 50.30 50.50 49.90 50.40 
2017/01/19 50.40 50.90 50.20 50.60 
2017/01/20 50.60 51.10 50.60 51.10 
2017/01/23 51.10 51.30 50.80 51.20 
2017/01/24 51.20 51.30 50.90 50.90 
2017/02/02 51.40 51.40 50.60 50.70 
2017/02/03 51.10 51.10 50.40 50.90 
2017/02/06 50.90 51.10 50.70 51.00 
2017/02/07 51.10 51.10 50.60 50.80 
2017/02/08 50.60 51.00 50.50 50.70 
