2016/07/01 26.75 26.80 26.20 26.80 
2016/07/04 26.80 26.90 26.55 26.55 
2016/07/05 26.95 29.20 26.95 28.15 
2016/07/06 29.00 30.95 29.00 30.85 
2016/07/07 30.30 30.75 29.10 29.50 
2016/07/11 30.10 30.10 28.80 28.80 
2016/07/12 28.80 29.85 27.55 27.55 
2016/07/13 27.30 27.50 26.65 26.70 
2016/07/14 27.00 27.30 26.35 27.30 
2016/07/15 27.55 27.60 26.75 26.75 
2016/07/18 27.10 27.30 26.75 27.30 
2016/07/19 27.10 27.35 26.75 27.35 
2016/07/20 26.85 27.10 26.80 26.80 
2016/07/21 27.35 27.35 26.70 26.90 
2016/07/22 27.10 27.10 26.50 26.60 
2016/07/25 26.60 26.90 25.95 26.35 
2016/07/26 26.40 26.65 26.20 26.65 
2016/07/27 26.70 26.70 26.10 26.60 
2016/07/28 26.40 26.50 26.10 26.50 
2016/07/29 26.50 26.50 26.05 26.50 
2016/08/01 26.75 26.75 26.00 26.30 
2016/08/02 26.30 26.30 26.10 26.30 
2016/08/03 26.45 26.45 26.15 26.20 
2016/08/04 26.40 27.20 26.40 26.45 
2016/08/05 27.00 27.10 26.30 26.65 
2016/08/08 27.10 27.10 26.50 26.85 
2016/08/09 27.10 27.10 26.55 27.00 
2016/08/10 27.00 27.00 26.60 27.00 
2016/08/11 26.55 26.90 26.00 26.70 
2016/08/12 26.20 26.70 26.00 26.60 
2016/08/15 26.70 26.70 26.30 26.30 
2016/08/16 26.75 26.75 26.15 26.30 
2016/08/17 26.15 26.30 26.15 26.20 
2016/08/18 26.30 26.30 26.00 26.00 
2016/08/19 26.60 26.60 26.15 26.55 
2016/08/22 26.70 26.70 26.15 26.50 
2016/08/23 26.45 26.45 26.45 26.45 
2016/08/24 26.15 26.45 26.15 26.45 
2016/08/25 26.45 26.45 26.10 26.40 
2016/08/26 26.10 26.60 26.10 26.55 
2016/08/29 26.10 26.40 26.10 26.40 
2016/08/30 26.10 26.30 26.05 26.30 
2016/09/01 26.00 26.55 26.00 26.10 
2016/09/02 26.50 26.50 26.00 26.10 
2016/09/05 26.10 26.20 26.10 26.20 
2016/09/06 26.00 26.10 26.00 26.10 
2016/09/07 26.00 26.10 26.00 26.10 
2016/09/08 26.20 26.20 25.80 26.10 
2016/09/09 26.10 26.10 25.30 25.95 
2016/09/10 25.90 25.95 25.90 25.95 
2016/09/12 25.95 25.95 25.60 25.60 
2016/09/13 26.00 26.00 25.35 25.80 
2016/09/14 25.30 25.80 25.30 25.80 
2016/09/19 26.00 26.00 25.40 25.40 
2016/09/20 25.50 25.50 25.05 25.50 
2016/09/21 25.35 25.80 25.25 25.30 
2016/09/22 25.40 25.80 25.20 25.80 
2016/09/23 25.50 25.90 25.50 25.60 
2016/09/26 25.05 25.50 25.05 25.50 
2016/09/29 25.60 25.80 25.60 25.70 
2016/09/30 25.20 25.70 25.20 25.65 
2016/10/03 25.40 25.65 25.35 25.65 
2016/10/04 25.70 25.70 25.35 25.35 
2016/10/05 25.35 25.95 25.30 25.40 
2016/10/06 25.50 25.50 24.70 25.50 
2016/10/07 25.05 26.75 25.05 25.85 
2016/10/11 26.60 26.60 25.10 25.50 
2016/10/12 25.50 25.50 24.90 25.45 
2016/10/13 25.50 25.50 25.10 25.50 
2016/10/14 25.50 25.60 25.30 25.30 
2016/10/17 25.30 25.60 25.30 25.50 
2016/10/18 25.50 27.45 25.45 26.60 
2016/10/19 26.90 28.00 26.85 27.00 
2016/10/20 27.00 27.55 27.00 27.10 
2016/10/21 27.25 27.40 27.10 27.10 
2016/10/24 28.00 28.10 27.00 27.70 
2016/10/25 27.60 27.80 27.35 27.60 
2016/10/26 27.00 27.00 27.00 27.00 
2016/10/27 27.60 27.60 27.00 27.00 
2016/10/28 27.35 27.35 27.00 27.00 
2016/10/31 27.65 28.30 27.10 27.50 
2016/11/01 27.50 27.70 26.85 27.40 
2016/11/02 27.10 27.50 27.10 27.25 
2016/11/03 26.45 27.30 26.40 27.00 
2016/11/04 27.00 27.15 27.00 27.15 
2016/11/07 26.20 27.40 26.20 27.00 
2016/11/08 26.40 27.00 26.40 26.90 
2016/11/09 26.70 26.70 26.30 26.40 
2016/11/10 27.30 27.30 26.60 26.60 
2016/11/11 23.95 27.00 23.95 26.75 
2016/11/14 26.75 26.80 26.50 26.60 
2016/11/15 26.95 27.85 26.80 26.80 
2016/11/16 26.70 27.20 26.70 27.20 
2016/11/17 27.10 27.10 26.20 26.60 
2016/11/18 26.25 26.75 26.25 26.70 
2016/11/21 27.15 27.50 26.55 26.60 
2016/11/22 27.00 27.00 26.90 26.90 
2016/11/23 26.90 26.90 26.30 26.55 
2016/11/24 26.55 26.70 26.50 26.70 
2016/11/25 26.50 26.50 26.30 26.50 
2016/11/28 26.45 26.45 26.45 26.45 
2016/11/29 26.20 26.50 26.15 26.40 
2016/11/30 26.40 26.40 26.10 26.20 
2016/12/01 26.20 26.50 26.20 26.20 
2016/12/02 26.00 26.15 25.80 26.10 
2016/12/05 26.10 27.50 26.10 26.25 
2016/12/06 26.35 26.35 25.55 26.00 
2016/12/07 26.00 26.00 26.00 26.00 
2016/12/08 26.00 26.20 26.00 26.00 
2016/12/09 25.80 26.50 25.80 25.90 
2016/12/12 25.80 25.95 25.80 25.80 
2016/12/13 25.80 26.50 25.80 26.00 
2016/12/14 26.00 26.00 26.00 26.00 
2016/12/15 26.00 26.30 25.80 26.00 
2016/12/16 25.80 26.20 25.70 26.20 
2016/12/19 26.00 26.00 25.80 25.80 
2016/12/20 26.30 26.30 26.15 26.15 
2016/12/21 25.90 25.90 25.90 25.90 
2016/12/22 26.20 26.25 25.95 25.95 
2016/12/23 26.20 26.20 26.20 26.20 
2016/12/26 26.00 26.20 25.90 26.20 
2016/12/27 25.80 26.00 25.80 26.00 
2016/12/28 26.20 26.20 25.80 25.80 
2016/12/29 25.95 26.00 25.85 25.85 
2016/12/30 25.90 25.90 25.80 25.90 
2017/01/03 26.20 26.20 26.00 26.00 
2017/01/04 25.90 25.90 24.60 25.65 
2017/01/05 25.60 25.90 25.60 25.90 
2017/01/06 25.90 26.00 25.80 26.00 
2017/01/09 26.00 26.30 26.00 26.00 
2017/01/10 25.80 25.80 25.60 25.60 
2017/01/11 25.60 25.60 25.60 25.60 
2017/01/12 25.70 25.80 25.50 25.80 
2017/01/13 26.20 26.20 26.20 26.20 
2017/01/16 25.50 25.90 25.15 25.90 
2017/01/17 26.00 26.10 25.40 25.90 
2017/01/18 25.50 25.75 25.30 25.70 
2017/01/19 25.80 25.80 25.60 25.60 
2017/01/20 25.60 26.50 25.35 26.20 
2017/01/23 26.05 26.10 26.00 26.10 
2017/01/24 26.30 26.50 25.55 26.15 
2017/02/02 26.20 26.25 25.80 26.00 
2017/02/03 25.85 26.60 25.85 26.20 
2017/02/06 26.50 26.60 25.95 26.20 
2017/02/07 26.30 26.50 26.00 26.25 
2017/02/08 26.25 26.55 26.00 26.35 
