2016/07/01 40.00 40.15 39.80 40.10 
2016/07/04 40.20 41.00 40.20 40.75 
2016/07/05 41.00 41.00 40.30 40.70 
2016/07/06 40.00 40.85 40.00 40.20 
2016/07/07 40.20 40.60 40.20 40.20 
2016/07/11 40.20 40.40 40.20 40.20 
2016/07/12 40.25 42.90 40.25 41.85 
2016/07/13 41.85 42.05 41.10 41.40 
2016/07/14 42.15 42.35 41.70 42.00 
2016/07/15 42.00 42.55 41.70 41.70 
2016/07/18 41.80 42.50 41.80 42.40 
2016/07/19 42.70 45.00 42.40 44.55 
2016/07/20 44.60 45.80 44.25 44.50 
2016/07/21 44.85 45.10 43.35 44.00 
2016/07/22 44.15 44.50 43.90 44.00 
2016/07/25 44.30 45.65 44.20 44.80 
2016/07/26 45.45 45.45 44.20 44.20 
2016/07/27 44.20 44.60 44.00 44.10 
2016/07/28 44.30 44.70 43.70 43.70 
2016/07/29 44.10 44.40 43.70 43.90 
2016/08/01 44.50 44.50 43.75 44.30 
2016/08/02 44.75 45.80 44.15 45.60 
2016/08/03 45.50 45.50 44.70 45.40 
2016/08/04 45.50 45.50 45.00 45.05 
2016/08/05 45.30 45.40 44.85 45.05 
2016/08/08 45.50 45.50 44.85 44.85 
2016/08/09 45.20 45.20 44.20 44.20 
2016/08/10 44.00 44.20 43.05 43.40 
2016/08/11 42.90 45.10 42.50 45.00 
2016/08/12 45.00 45.00 44.40 44.40 
2016/08/15 44.40 44.70 43.80 44.25 
2016/08/16 44.00 44.35 43.90 44.05 
2016/08/17 43.45 44.25 43.45 44.25 
2016/08/18 44.00 44.30 43.90 43.95 
2016/08/19 43.95 44.15 43.60 43.80 
2016/08/22 43.65 43.90 43.55 43.80 
2016/08/23 44.30 44.30 43.60 43.65 
2016/08/24 40.65 41.05 40.65 40.65 
2016/08/25 40.20 40.65 40.20 40.40 
2016/08/26 40.90 41.00 40.50 40.50 
2016/08/29 40.25 40.45 40.15 40.15 
2016/08/30 40.40 40.40 40.10 40.10 
2016/08/31 40.20 40.25 40.00 40.05 
2016/09/01 40.00 40.40 40.00 40.10 
2016/09/02 40.10 40.10 40.00 40.00 
2016/09/05 40.00 40.10 39.90 39.90 
2016/09/06 39.80 39.90 39.30 39.50 
2016/09/07 39.50 39.70 39.40 39.50 
2016/09/08 39.50 40.00 39.45 39.90 
2016/09/09 39.50 40.70 39.50 40.25 
2016/09/10 40.20 40.20 39.40 39.50 
2016/09/12 39.50 39.65 39.45 39.45 
2016/09/13 39.50 39.70 39.20 39.30 
2016/09/14 39.30 39.30 38.90 39.05 
2016/09/19 39.15 39.15 38.90 39.00 
2016/09/20 39.05 39.05 38.70 38.70 
2016/09/21 38.95 39.60 38.95 39.50 
2016/09/22 39.55 39.90 39.25 39.30 
2016/09/23 39.15 39.35 39.15 39.35 
2016/09/26 39.20 39.25 39.05 39.15 
2016/09/29 39.10 39.10 38.90 38.90 
2016/09/30 38.65 38.90 38.60 38.85 
2016/10/03 38.60 38.80 38.50 38.70 
2016/10/04 38.40 38.80 38.40 38.55 
2016/10/05 38.55 39.60 38.55 39.00 
2016/10/06 39.50 39.50 38.65 39.20 
2016/10/07 39.30 39.30 38.70 39.10 
2016/10/11 38.60 38.60 37.70 37.75 
2016/10/12 37.60 38.00 37.60 37.80 
2016/10/13 37.85 38.00 37.70 37.70 
2016/10/14 37.60 37.60 37.00 37.20 
2016/10/17 37.20 37.20 37.05 37.10 
2016/10/18 37.00 38.25 37.00 37.55 
2016/10/19 37.50 37.70 37.25 37.50 
2016/10/20 37.30 38.40 37.30 37.50 
2016/10/21 37.50 37.50 37.35 37.50 
2016/10/24 39.70 39.70 38.00 38.20 
2016/10/25 38.20 38.20 37.80 38.00 
2016/10/26 38.00 38.00 37.65 37.95 
2016/10/27 37.75 37.75 37.55 37.60 
2016/10/28 37.60 37.70 37.50 37.50 
2016/10/31 37.85 38.30 37.50 38.00 
2016/11/01 37.80 37.80 37.80 37.80 
2016/11/02 37.70 37.95 37.30 37.80 
2016/11/03 37.80 38.40 37.30 37.30 
2016/11/04 37.30 38.25 37.30 38.00 
2016/11/07 37.70 37.90 37.70 37.70 
2016/11/08 38.00 38.25 37.60 37.70 
2016/11/09 37.70 37.70 36.50 36.80 
2016/11/10 37.10 37.40 37.10 37.40 
2016/11/11 37.10 37.10 36.65 36.65 
2016/11/14 36.55 36.65 36.20 36.45 
2016/11/15 36.25 36.70 36.05 36.70 
2016/11/16 38.00 38.00 36.80 37.50 
2016/11/17 37.70 37.70 36.60 37.35 
2016/11/18 37.10 37.35 37.10 37.15 
2016/11/21 37.00 37.20 36.50 36.65 
2016/11/22 36.80 37.00 36.75 37.00 
2016/11/23 37.10 37.10 36.85 36.90 
2016/11/24 36.90 37.10 36.50 37.10 
2016/11/25 37.10 37.40 37.10 37.30 
2016/11/28 37.30 37.55 37.30 37.50 
2016/11/29 37.35 37.50 37.35 37.50 
2016/11/30 37.50 37.90 37.45 37.45 
2016/12/01 38.10 38.10 37.60 37.95 
2016/12/02 37.70 37.70 37.40 37.40 
2016/12/05 37.25 37.85 37.25 37.85 
2016/12/06 37.80 37.85 37.60 37.60 
2016/12/07 37.80 37.90 37.50 37.90 
2016/12/08 38.30 38.30 37.85 38.15 
2016/12/09 38.15 38.30 38.05 38.15 
2016/12/12 38.15 38.30 37.90 38.10 
2016/12/13 37.70 38.30 37.70 38.30 
2016/12/14 38.15 38.30 37.85 37.90 
2016/12/15 37.80 37.95 37.40 37.70 
2016/12/16 38.10 38.90 38.00 38.70 
2016/12/19 38.30 38.30 37.55 38.25 
2016/12/20 37.90 38.00 37.90 38.00 
2016/12/21 37.85 37.90 37.85 37.85 
2016/12/22 37.80 37.80 37.50 37.50 
2016/12/23 37.25 37.50 37.15 37.20 
2016/12/26 37.10 37.30 37.05 37.10 
2016/12/27 37.10 37.45 37.10 37.25 
2016/12/28 37.20 37.40 37.15 37.40 
2016/12/29 37.40 37.40 36.70 37.35 
2016/12/30 37.15 37.50 37.15 37.35 
2017/01/03 37.20 37.30 37.20 37.30 
2017/01/04 37.20 37.90 37.20 37.85 
2017/01/05 37.65 38.00 37.60 37.90 
2017/01/06 38.00 38.45 37.80 38.20 
2017/01/09 37.90 38.30 37.90 38.15 
2017/01/10 38.15 38.15 37.75 38.00 
2017/01/11 38.00 38.00 37.45 37.95 
2017/01/12 37.95 38.85 37.60 38.60 
2017/01/13 38.75 38.75 38.10 38.50 
2017/01/16 37.90 38.45 37.90 38.30 
2017/01/17 37.70 38.25 37.70 38.25 
2017/01/18 38.00 38.25 37.85 38.25 
2017/01/19 38.20 38.30 37.90 38.30 
2017/01/20 38.10 38.40 38.00 38.05 
2017/01/23 38.05 38.65 38.00 38.20 
2017/01/24 38.20 38.20 37.65 37.95 
2017/02/02 37.90 38.20 37.85 38.00 
2017/02/03 38.20 38.20 37.90 37.95 
2017/02/06 38.10 38.35 38.10 38.30 
2017/02/07 38.10 38.25 38.10 38.25 
2017/02/08 38.15 38.40 38.00 38.10 
