2016/07/01 93.50 94.80 93.40 94.70 
2016/07/04 99.40 103.00 97.10 103.00 
2016/07/05 103.00 106.00 101.50 105.50 
2016/07/06 107.00 109.00 105.50 108.00 
2016/07/07 112.50 114.00 111.00 111.50 
2016/07/11 113.00 115.00 107.50 110.00 
2016/07/12 109.50 111.50 109.00 109.50 
2016/07/13 111.50 112.00 109.00 110.50 
2016/07/14 111.50 112.00 109.50 109.50 
2016/07/15 110.00 111.00 109.50 109.50 
2016/07/18 111.00 112.50 111.00 111.00 
2016/07/19 112.00 112.50 111.50 111.50 
2016/07/20 112.50 113.00 110.50 111.50 
2016/07/21 112.00 114.50 112.00 112.50 
2016/07/22 113.50 114.00 112.50 112.50 
2016/07/25 113.50 114.00 111.50 111.50 
2016/07/26 111.50 112.00 106.50 106.50 
2016/07/27 106.50 107.50 106.50 106.50 
2016/07/28 108.00 109.50 107.50 107.50 
2016/07/29 108.50 109.50 108.00 108.00 
2016/08/01 110.00 111.00 109.50 109.50 
2016/08/02 110.50 112.00 110.00 110.00 
2016/08/03 111.00 111.50 110.00 110.00 
2016/08/04 113.00 113.00 112.00 112.50 
2016/08/05 116.00 120.50 116.00 120.50 
2016/08/08 122.50 125.00 121.50 125.00 
2016/08/09 125.50 128.00 125.00 126.00 
2016/08/10 127.00 128.00 127.00 127.50 
2016/08/11 131.50 133.00 130.00 130.50 
2016/08/12 130.50 130.50 117.50 118.00 
2016/08/15 112.50 113.00 111.50 112.00 
2016/08/16 112.00 113.00 112.00 112.00 
2016/08/17 112.00 113.00 111.00 111.50 
2016/08/18 111.50 112.50 111.50 111.50 
2016/08/19 112.50 112.50 111.00 111.00 
2016/08/22 111.50 112.00 111.00 111.50 
2016/08/23 113.50 122.50 113.50 122.50 
2016/08/24 125.50 128.50 125.50 128.00 
2016/08/25 131.00 131.50 128.50 128.50 
2016/08/26 124.50 125.50 124.00 124.00 
2016/08/29 125.00 128.00 125.00 128.00 
2016/08/30 129.50 130.50 129.00 129.00 
2016/08/31 130.00 132.00 129.00 131.50 
2016/09/01 133.50 136.50 133.50 135.50 
2016/09/02 137.50 138.50 122.00 122.00 
2016/09/05 121.50 124.00 121.50 122.00 
2016/09/06 122.50 123.00 121.50 122.00 
2016/09/07 125.00 130.50 124.50 129.00 
2016/09/08 128.00 128.50 127.00 127.00 
2016/09/09 128.00 128.50 127.00 127.00 
2016/09/10 128.00 130.00 127.50 127.50 
2016/09/12 115.50 116.00 115.00 115.00 
2016/09/13 103.50 103.50 103.50 103.50 
2016/09/14 93.20 95.40 93.20 93.80 
2016/09/19 95.10 100.00 93.90 94.00 
2016/09/20 95.30 95.60 94.40 94.70 
2016/09/21 95.80 95.80 94.80 94.80 
2016/09/22 95.10 96.60 95.00 95.00 
2016/09/23 95.40 96.10 95.20 96.00 
2016/09/26 96.90 97.50 96.20 96.20 
2016/09/29 97.00 97.00 96.30 96.30 
2016/09/30 96.50 97.70 96.30 96.90 
2016/10/03 97.60 97.90 97.10 97.10 
2016/10/04 97.50 98.30 97.30 97.30 
2016/10/05 97.70 99.80 97.50 97.50 
2016/10/06 98.50 98.90 97.70 97.70 
2016/10/07 99.80 99.80 97.90 97.90 
2016/10/11 99.60 99.80 88.20 97.90 
2016/10/12 96.80 97.60 93.00 96.80 
2016/10/13 96.30 97.00 93.40 93.40 
2016/10/14 84.10 87.90 84.10 84.10 
2016/10/17 83.00 83.00 76.00 81.90 
2016/10/18 82.00 83.30 79.20 82.20 
2016/10/19 84.10 87.40 83.10 86.20 
2016/10/20 87.50 91.90 87.50 91.90 
2016/10/21 97.00 97.00 94.50 95.10 
2016/10/24 94.90 94.90 89.00 89.70 
2016/10/25 89.70 92.80 89.70 91.90 
2016/10/26 93.00 93.00 90.80 91.00 
2016/10/27 90.50 91.70 90.00 90.10 
2016/10/28 90.30 90.60 86.00 86.00 
2016/10/31 86.00 89.60 85.00 89.60 
2016/11/01 90.50 91.20 89.00 89.50 
2016/11/02 88.50 91.20 87.00 88.00 
2016/11/03 90.50 91.90 89.20 90.90 
2016/11/04 91.60 92.20 90.90 92.00 
2016/11/07 92.00 92.70 91.70 92.00 
2016/11/08 94.40 94.40 91.20 91.40 
2016/11/09 91.40 92.20 84.00 84.00 
2016/11/10 86.40 90.00 86.40 89.40 
2016/11/11 86.60 88.70 86.20 86.50 
2016/11/14 87.00 87.70 86.30 87.40 
2016/11/15 88.00 89.20 86.60 86.60 
2016/11/16 87.10 87.90 85.30 86.50 
2016/11/17 86.50 87.40 85.60 86.50 
2016/11/18 86.60 87.00 86.00 86.70 
2016/11/21 87.40 88.60 87.30 87.40 
2016/11/22 88.20 88.70 87.50 87.80 
2016/11/23 88.00 88.40 87.00 87.90 
2016/11/24 87.90 89.30 87.70 88.20 
2016/11/25 88.20 89.50 86.60 87.90 
2016/11/28 88.30 88.70 87.90 88.00 
2016/11/29 86.10 93.50 86.00 93.00 
2016/11/30 93.20 96.90 93.20 95.20 
2016/12/01 97.60 97.60 95.60 97.00 
2016/12/02 96.50 96.90 94.10 95.80 
2016/12/05 96.80 96.80 94.00 94.50 
2016/12/06 94.50 95.20 94.10 94.20 
2016/12/07 94.50 95.70 93.80 95.40 
2016/12/08 95.40 96.00 93.50 93.50 
2016/12/09 93.60 94.70 93.30 94.00 
2016/12/12 94.10 95.10 94.10 94.10 
2016/12/13 94.10 94.20 92.00 92.20 
2016/12/14 93.00 94.60 92.30 93.00 
2016/12/15 93.00 93.80 91.50 91.50 
2016/12/16 91.80 93.30 90.10 90.70 
2016/12/19 90.20 91.90 90.00 90.00 
2016/12/20 90.60 92.40 88.70 91.80 
2016/12/21 92.00 93.70 92.00 93.60 
2016/12/22 94.50 94.60 90.60 90.60 
2016/12/23 90.90 92.30 90.60 92.00 
2016/12/26 94.30 94.90 92.90 94.90 
2016/12/27 94.90 94.90 93.10 93.10 
2016/12/28 94.00 94.00 92.50 92.70 
2016/12/29 93.00 93.60 91.80 93.10 
2016/12/30 93.20 93.60 92.60 92.70 
2017/01/03 93.00 93.80 92.70 92.80 
2017/01/04 92.80 94.30 92.80 93.20 
2017/01/05 93.90 94.00 93.00 93.00 
2017/01/06 93.50 94.40 93.00 93.10 
2017/01/09 93.80 96.00 93.80 95.70 
2017/01/10 96.20 105.00 96.20 104.50 
2017/01/11 106.00 106.50 102.50 102.50 
2017/01/12 102.00 103.50 100.50 102.00 
2017/01/13 103.00 103.50 102.00 102.00 
2017/01/16 102.00 103.00 98.50 98.50 
2017/01/17 99.00 99.50 98.50 98.70 
2017/01/18 99.00 99.50 98.30 98.70 
2017/01/19 99.40 100.00 98.60 100.00 
2017/01/20 100.00 101.50 99.80 101.00 
2017/01/23 102.00 104.50 102.00 104.00 
2017/01/24 106.50 107.00 105.00 107.00 
2017/02/02 106.00 108.50 105.00 108.00 
2017/02/03 109.00 112.50 108.50 111.50 
2017/02/06 112.50 115.00 112.50 113.50 
2017/02/07 114.00 114.00 110.50 113.50 
2017/02/08 113.50 115.50 113.50 115.00 
