2016/07/01 19.65 20.00 19.60 19.60 
2016/07/04 19.60 19.70 19.60 19.70 
2016/07/05 19.80 19.80 19.50 19.65 
2016/07/06 19.70 19.80 19.50 19.80 
2016/07/07 19.80 19.80 19.70 19.70 
2016/07/11 19.80 19.85 19.45 19.85 
2016/07/12 19.50 19.80 19.45 19.80 
2016/07/13 19.80 19.80 19.40 19.50 
2016/07/14 19.50 19.80 19.50 19.70 
2016/07/15 19.70 19.90 19.70 19.90 
2016/07/18 20.25 20.40 20.00 20.30 
2016/07/19 20.30 20.30 20.00 20.20 
2016/07/20 20.30 20.30 20.00 20.15 
2016/07/21 20.30 20.30 20.15 20.25 
2016/07/22 20.20 20.20 19.90 19.90 
2016/07/25 20.20 20.20 19.55 19.70 
2016/07/26 19.55 19.65 19.25 19.60 
2016/07/27 19.35 19.40 19.00 19.10 
2016/07/28 19.00 19.15 18.85 19.15 
2016/07/29 19.40 19.40 19.00 19.10 
2016/08/01 19.20 19.20 18.80 19.00 
2016/08/02 19.80 19.80 19.30 19.55 
2016/08/03 19.55 19.65 19.55 19.65 
2016/08/04 19.80 19.80 19.50 19.75 
2016/08/05 19.80 20.30 19.75 20.30 
2016/08/08 20.40 20.80 20.20 20.80 
2016/08/09 20.80 20.90 20.40 20.40 
2016/08/10 20.35 20.55 20.20 20.50 
2016/08/11 20.55 20.75 20.30 20.50 
2016/08/12 20.55 20.90 20.20 20.55 
2016/08/15 20.55 21.50 20.50 20.80 
2016/08/16 20.50 20.85 20.40 20.40 
2016/08/17 20.05 20.25 19.40 19.70 
2016/08/18 19.95 19.95 19.35 19.60 
2016/08/19 19.70 20.35 19.70 19.70 
2016/08/22 19.70 19.70 19.10 19.60 
2016/08/23 19.00 19.60 19.00 19.30 
2016/08/24 19.10 19.65 19.10 19.50 
2016/08/25 19.05 19.40 19.00 19.40 
2016/08/26 19.05 19.30 18.60 19.30 
2016/08/29 19.65 19.65 18.45 18.65 
2016/08/30 19.25 19.25 18.50 19.25 
2016/08/31 19.00 19.00 18.65 18.80 
2016/09/01 18.50 18.60 18.50 18.55 
2016/09/02 18.75 18.75 18.50 18.50 
2016/09/05 18.00 18.15 18.00 18.15 
2016/09/06 18.15 18.55 18.15 18.55 
2016/09/07 18.50 18.60 18.15 18.20 
2016/09/08 18.30 18.50 18.20 18.30 
2016/09/09 18.30 18.30 18.20 18.20 
2016/09/10 18.50 18.60 18.20 18.20 
2016/09/12 17.00 18.20 17.00 17.50 
2016/09/13 17.05 17.25 16.90 17.00 
2016/09/14 17.00 17.00 16.40 16.45 
2016/09/19 16.50 17.00 16.50 17.00 
2016/09/20 16.95 16.95 16.30 16.95 
2016/09/21 16.90 16.90 16.35 16.90 
2016/09/22 16.95 17.10 15.30 15.30 
2016/09/23 15.75 15.75 13.80 13.80 
2016/09/26 13.80 13.80 12.45 12.80 
2016/09/29 12.80 12.80 11.80 11.95 
2016/09/30 12.40 12.40 12.00 12.25 
2016/10/03 12.55 13.45 12.55 13.45 
2016/10/04 13.85 14.75 13.60 14.75 
2016/10/05 14.75 16.15 14.20 16.00 
2016/10/06 16.10 16.35 15.50 15.50 
2016/10/07 15.10 15.20 14.25 14.65 
2016/10/11 15.20 15.20 14.05 14.70 
2016/10/12 14.55 14.70 14.20 14.70 
2016/10/13 14.70 15.80 14.70 15.50 
2016/10/14 15.80 15.80 15.35 15.50 
2016/10/17 15.80 17.05 15.75 17.05 
2016/10/18 17.30 18.75 17.30 17.85 
2016/10/19 17.60 17.75 17.50 17.55 
2016/10/20 17.55 18.65 17.50 17.70 
2016/10/21 17.80 18.20 17.70 18.10 
2016/10/24 18.30 18.55 18.10 18.10 
2016/10/25 18.30 18.65 18.00 18.45 
2016/10/26 18.50 18.90 18.35 18.50 
2016/10/27 18.70 18.70 18.45 18.60 
2016/10/28 18.60 18.70 18.50 18.65 
2016/10/31 18.60 20.40 18.55 20.15 
2016/11/01 20.35 21.30 20.35 21.00 
2016/11/02 21.00 21.20 18.90 19.90 
2016/11/03 19.70 20.00 19.15 19.70 
2016/11/04 19.50 20.00 19.15 20.00 
2016/11/07 20.30 21.15 20.00 20.25 
2016/11/08 19.20 19.50 18.25 18.25 
2016/11/09 17.05 17.30 16.45 16.45 
2016/11/10 15.65 17.20 14.85 16.75 
2016/11/11 15.90 16.40 15.10 15.50 
2016/11/14 14.80 15.20 14.40 14.70 
2016/11/15 14.90 14.90 13.50 14.25 
2016/11/16 14.25 14.25 12.90 13.05 
2016/11/17 13.20 14.30 12.70 14.30 
2016/11/18 14.50 15.20 14.30 14.30 
2016/11/21 14.05 14.05 12.90 13.40 
2016/11/22 13.20 13.35 12.80 13.15 
2016/11/23 13.00 13.00 12.80 12.85 
2016/11/24 12.60 12.90 12.30 12.50 
2016/11/25 12.50 13.75 12.50 13.75 
2016/11/28 14.40 15.10 14.00 14.80 
2016/11/29 15.00 15.10 14.10 14.40 
2016/11/30 14.70 14.70 13.80 13.95 
2016/12/01 14.15 14.15 13.65 14.00 
2016/12/02 14.20 14.20 13.70 13.80 
2016/12/05 13.85 13.85 13.60 13.60 
2016/12/06 13.20 14.00 13.20 13.50 
2016/12/07 13.45 13.80 13.15 13.70 
2016/12/08 13.70 13.80 13.40 13.65 
2016/12/09 13.50 13.60 13.40 13.50 
2016/12/12 13.20 13.45 12.90 13.40 
2016/12/13 13.30 13.45 13.20 13.20 
2016/12/14 13.40 13.40 13.15 13.40 
2016/12/15 13.10 13.35 13.10 13.10 
2016/12/16 13.20 14.10 13.05 13.95 
2016/12/19 13.80 13.95 13.60 13.70 
2016/12/20 13.70 14.30 13.60 14.05 
2016/12/21 14.30 14.50 14.20 14.30 
2016/12/22 14.30 14.45 14.00 14.05 
2016/12/23 14.00 14.15 13.75 13.90 
2016/12/26 14.00 14.00 13.65 13.75 
2016/12/27 14.15 14.15 13.50 13.60 
2016/12/28 13.45 13.75 13.45 13.55 
2016/12/29 13.60 13.75 13.55 13.60 
2016/12/30 13.60 13.75 13.45 13.60 
2017/01/03 13.60 14.30 13.50 13.75 
2017/01/04 13.75 13.90 13.60 13.65 
2017/01/05 13.75 13.85 13.60 13.65 
2017/01/06 13.70 13.80 13.65 13.70 
2017/01/09 13.90 14.00 13.65 13.65 
2017/01/10 13.65 13.75 13.50 13.50 
2017/01/11 13.55 13.60 13.50 13.55 
2017/01/12 13.55 13.55 13.50 13.50 
2017/01/13 13.50 13.65 13.50 13.55 
2017/01/16 13.55 13.70 13.50 13.50 
2017/01/17 13.80 13.80 13.50 13.80 
2017/01/18 13.90 13.90 13.70 13.70 
2017/01/19 13.90 13.90 13.75 13.75 
2017/01/20 13.90 13.90 13.75 13.75 
2017/01/23 13.80 13.80 13.65 13.70 
2017/01/24 13.70 13.75 13.60 13.70 
2017/02/02 13.70 13.90 13.65 13.70 
2017/02/03 13.60 13.90 13.60 13.70 
2017/02/06 13.80 13.80 13.65 13.65 
2017/02/07 13.65 13.75 13.65 13.65 
2017/02/08 13.70 15.00 13.70 15.00 
