2016/07/01 74.00 76.40 74.00 74.00 
2016/07/04 74.00 74.40 72.60 74.30 
2016/07/05 74.50 74.50 73.20 73.30 
2016/07/06 73.00 73.20 72.20 72.20 
2016/07/07 72.40 74.60 72.40 74.00 
2016/07/11 76.30 76.30 74.80 75.40 
2016/07/12 76.10 76.10 74.70 75.30 
2016/07/13 75.50 75.50 74.10 74.50 
2016/07/14 74.00 75.00 74.00 74.70 
2016/07/15 75.00 75.90 74.20 74.20 
2016/07/18 73.30 74.00 73.10 73.10 
2016/07/19 73.50 73.70 72.50 72.70 
2016/07/20 74.20 74.20 72.80 73.30 
2016/07/21 72.90 73.80 72.80 72.80 
2016/07/22 73.00 73.90 72.60 73.30 
2016/07/25 74.00 74.10 72.60 72.60 
2016/07/26 73.00 73.30 72.00 73.30 
2016/07/27 73.30 73.70 72.70 72.80 
2016/07/28 72.80 72.90 72.10 72.20 
2016/07/29 72.40 73.20 71.80 72.20 
2016/08/01 72.90 72.90 72.10 72.10 
2016/08/02 72.00 74.70 72.00 73.50 
2016/08/03 72.80 73.60 72.80 73.00 
2016/08/04 75.90 79.00 75.80 78.20 
2016/08/05 78.50 78.50 76.00 76.50 
2016/08/08 80.00 80.50 77.50 77.60 
2016/08/09 77.50 77.80 74.30 75.00 
2016/08/10 75.80 76.50 75.00 75.70 
2016/08/11 75.90 76.30 75.00 75.60 
2016/08/12 76.30 76.80 75.50 75.80 
2016/08/15 76.50 76.70 75.80 76.10 
2016/08/16 76.90 77.20 75.80 76.00 
2016/08/17 75.90 75.90 74.30 74.50 
2016/08/18 71.60 71.80 70.70 71.70 
2016/08/19 71.50 71.90 70.20 70.20 
2016/08/22 70.60 70.60 69.10 69.20 
2016/08/23 69.50 70.10 69.20 69.50 
2016/08/24 71.30 71.30 69.80 70.70 
2016/08/25 70.90 71.00 70.50 70.70 
2016/08/26 71.00 71.00 70.30 70.80 
2016/08/29 71.10 71.10 70.20 70.30 
2016/08/30 70.70 73.10 70.50 72.50 
2016/08/31 73.30 73.30 72.00 72.50 
2016/09/01 72.80 73.70 72.20 73.30 
2016/09/02 73.40 73.40 72.00 72.00 
2016/09/05 72.50 72.50 71.20 71.80 
2016/09/06 72.00 72.40 71.80 72.20 
2016/09/07 72.00 72.00 70.60 71.10 
2016/09/08 71.00 71.20 70.60 70.90 
2016/09/09 70.60 71.10 70.60 70.60 
2016/09/10 70.00 70.00 68.20 68.80 
2016/09/12 69.00 69.00 67.00 67.20 
2016/09/13 67.20 68.40 67.00 67.20 
2016/09/14 67.20 67.40 66.30 66.50 
2016/09/19 66.10 67.80 66.00 67.10 
2016/09/20 67.80 68.30 67.00 68.20 
2016/09/21 68.50 68.80 68.00 68.10 
2016/09/22 68.10 68.40 67.80 67.90 
2016/09/23 68.00 68.40 67.70 67.70 
2016/09/26 67.50 67.50 67.20 67.30 
2016/09/29 67.10 67.80 67.10 67.40 
2016/09/30 67.10 67.20 66.50 66.70 
2016/10/03 67.80 68.40 67.20 67.60 
2016/10/04 67.60 68.00 67.20 67.40 
2016/10/05 67.30 68.00 67.30 67.60 
2016/10/06 67.40 68.60 67.40 68.40 
2016/10/07 69.20 69.70 69.00 69.30 
2016/10/11 69.80 69.90 66.60 67.20 
2016/10/12 67.00 68.00 66.70 67.50 
2016/10/13 67.50 67.70 67.00 67.10 
2016/10/14 66.80 67.10 66.20 66.30 
2016/10/17 67.00 68.30 67.00 67.60 
2016/10/18 67.60 67.80 67.30 67.60 
2016/10/19 67.90 68.30 67.30 67.50 
2016/10/20 68.00 68.10 67.50 67.50 
2016/10/21 67.80 68.90 67.80 68.80 
2016/10/24 69.40 73.50 69.40 71.40 
2016/10/25 72.00 72.00 70.60 71.30 
2016/10/26 71.60 72.00 70.30 71.80 
2016/10/27 72.00 72.20 70.90 71.10 
2016/10/28 71.10 71.10 70.70 70.90 
2016/10/31 71.40 71.40 69.70 70.30 
2016/11/01 70.20 70.40 69.30 69.30 
2016/11/02 69.10 70.00 67.70 67.70 
2016/11/03 67.80 68.20 67.30 67.30 
2016/11/04 66.60 67.50 66.60 67.00 
2016/11/07 67.60 68.70 67.60 68.40 
2016/11/08 68.40 68.40 66.80 68.00 
2016/11/09 68.50 68.50 62.00 63.10 
2016/11/10 66.10 67.40 66.10 67.00 
2016/11/11 67.00 67.00 66.10 66.80 
2016/11/14 67.00 67.30 66.00 66.40 
2016/11/15 66.00 66.70 66.00 66.20 
2016/11/16 66.60 66.90 66.10 66.70 
2016/11/17 67.00 67.00 66.50 66.50 
2016/11/18 66.70 69.30 66.60 69.00 
2016/11/21 68.90 68.90 68.00 68.70 
2016/11/22 68.70 68.90 68.40 68.50 
2016/11/23 68.80 69.30 68.30 68.30 
2016/11/24 68.50 68.80 68.00 68.70 
2016/11/25 68.70 68.80 68.50 68.50 
2016/11/28 68.80 69.50 68.60 69.00 
2016/11/29 69.10 71.10 69.10 71.00 
2016/11/30 71.60 72.30 70.00 70.00 
2016/12/01 70.00 70.50 69.80 70.00 
2016/12/02 70.00 70.30 69.70 70.30 
2016/12/05 70.40 70.80 69.90 69.90 
2016/12/06 70.00 71.00 70.00 70.80 
2016/12/07 71.10 75.00 70.80 72.10 
2016/12/08 72.20 72.60 71.30 71.60 
2016/12/09 71.40 72.30 71.40 72.10 
2016/12/12 72.70 73.30 71.70 72.40 
2016/12/13 72.40 72.80 72.00 72.00 
2016/12/14 72.10 72.30 71.30 71.30 
2016/12/15 71.30 71.70 71.10 71.60 
2016/12/16 71.60 71.90 71.20 71.20 
2016/12/19 71.20 72.00 71.20 71.40 
2016/12/20 72.00 72.00 71.20 71.40 
2016/12/21 71.20 71.40 71.00 71.00 
2016/12/22 71.10 71.80 71.10 71.30 
2016/12/23 71.30 71.70 71.20 71.20 
2016/12/26 71.40 71.40 70.50 71.00 
2016/12/27 71.70 71.80 71.10 71.30 
2016/12/28 71.40 71.80 71.40 71.80 
2016/12/29 71.80 71.80 71.10 71.40 
2016/12/30 71.50 71.50 71.20 71.30 
2017/01/03 71.30 71.30 70.60 71.20 
2017/01/04 71.40 71.60 71.10 71.50 
2017/01/05 71.60 73.00 71.30 71.70 
2017/01/06 71.90 72.30 71.10 71.10 
2017/01/09 71.20 71.30 70.20 70.50 
2017/01/10 70.90 71.00 70.50 70.50 
2017/01/11 70.50 70.50 68.80 68.80 
2017/01/12 68.80 68.90 68.30 68.50 
2017/01/13 68.50 69.30 68.50 68.90 
2017/01/16 69.00 69.00 68.60 68.60 
2017/01/17 69.00 69.00 68.50 68.50 
2017/01/18 68.60 69.30 68.50 69.20 
2017/01/19 69.70 70.40 69.30 70.30 
2017/01/20 70.60 70.60 69.80 70.00 
2017/01/23 70.00 70.70 69.90 69.90 
2017/01/24 70.40 70.50 69.80 69.80 
2017/02/02 69.60 69.90 69.20 69.40 
2017/02/03 69.40 69.90 69.00 69.50 
2017/02/06 70.10 72.70 70.00 72.30 
2017/02/07 72.30 72.50 71.60 72.30 
2017/02/08 71.40 72.40 71.10 71.70 
