2016/07/01 318.00 318.00 313.00 317.00 
2016/07/04 317.00 318.00 313.50 314.00 
2016/07/05 314.00 315.00 310.00 312.00 
2016/07/06 302.00 306.50 300.50 301.50 
2016/07/07 302.50 307.00 301.00 302.50 
2016/07/11 304.50 308.00 299.00 299.50 
2016/07/12 299.00 300.00 293.50 298.00 
2016/07/13 300.00 304.50 300.00 303.00 
2016/07/14 305.00 306.50 299.50 299.50 
2016/07/15 300.50 304.00 300.00 303.00 
2016/07/18 304.00 325.00 304.00 323.00 
2016/07/19 325.00 332.00 320.50 321.00 
2016/07/20 321.00 324.50 318.50 318.50 
2016/07/21 319.00 323.50 313.50 317.00 
2016/07/22 320.00 320.00 315.50 317.00 
2016/07/25 320.00 320.00 310.50 312.00 
2016/07/26 310.50 318.00 310.50 317.00 
2016/07/27 319.50 321.00 318.00 318.50 
2016/07/28 318.50 321.50 316.50 316.50 
2016/07/29 320.50 320.50 317.00 320.50 
2016/08/01 321.00 325.00 321.00 324.00 
2016/08/02 325.00 325.50 321.50 323.50 
2016/08/03 323.50 324.50 320.00 324.00 
2016/08/04 322.00 331.00 322.00 327.00 
2016/08/05 329.00 330.50 326.00 329.00 
2016/08/08 327.50 327.50 321.00 325.00 
2016/08/09 325.00 325.50 323.50 324.00 
2016/08/10 324.00 334.00 324.00 328.50 
2016/08/11 330.00 330.00 326.50 329.00 
2016/08/12 329.00 329.50 324.50 328.00 
2016/08/15 327.00 329.00 327.00 327.00 
2016/08/16 326.00 332.50 326.00 327.50 
2016/08/17 330.50 331.50 325.00 327.50 
2016/08/18 330.00 330.50 327.50 329.00 
2016/08/19 331.00 331.00 327.50 329.00 
2016/08/22 329.00 329.00 327.50 328.50 
2016/08/23 327.50 328.50 327.00 328.00 
2016/08/24 328.00 328.00 322.50 323.00 
2016/08/25 323.00 324.50 322.00 323.00 
2016/08/26 323.00 326.50 322.00 322.50 
2016/08/29 321.00 332.00 321.00 330.00 
2016/08/30 335.00 335.00 332.00 332.00 
2016/08/31 332.00 332.00 328.00 330.00 
2016/09/01 331.50 331.50 327.50 327.50 
2016/09/02 327.50 329.50 324.00 326.00 
2016/09/05 327.00 328.50 324.00 328.50 
2016/09/06 328.00 329.00 326.00 326.50 
2016/09/07 326.50 328.00 326.50 327.50 
2016/09/08 328.00 346.50 328.00 341.00 
2016/09/09 343.00 344.50 335.50 336.00 
2016/09/10 335.50 335.50 329.00 330.50 
2016/09/12 336.50 336.50 329.00 334.00 
2016/09/13 338.50 339.00 332.50 335.50 
2016/09/14 335.50 338.00 334.00 337.50 
2016/09/19 340.00 341.50 333.00 338.50 
2016/09/20 342.00 346.00 339.50 340.00 
2016/09/21 343.50 343.50 337.00 338.00 
2016/09/22 340.00 340.00 336.00 337.00 
2016/09/23 337.00 345.00 335.50 341.00 
2016/09/26 343.00 349.00 339.00 339.00 
2016/09/29 337.50 343.00 337.00 338.50 
2016/09/30 337.00 338.00 335.00 335.00 
2016/10/03 338.00 342.00 334.50 334.50 
2016/10/04 339.00 339.50 334.00 334.50 
2016/10/05 334.00 336.00 331.00 335.00 
2016/10/06 340.00 340.00 335.00 338.00 
2016/10/07 338.00 339.00 335.00 335.00 
2016/10/11 335.00 336.00 331.00 333.50 
2016/10/12 331.00 341.50 330.00 337.50 
2016/10/13 340.50 340.50 334.50 340.00 
2016/10/14 340.00 340.00 333.50 335.50 
2016/10/17 339.00 339.50 333.00 336.00 
2016/10/18 335.00 336.00 332.00 333.00 
2016/10/19 334.00 336.00 334.00 334.50 
2016/10/20 336.00 336.50 336.00 336.00 
2016/10/21 336.00 336.00 332.00 332.00 
2016/10/24 332.00 333.00 330.00 331.00 
2016/10/25 336.00 336.00 332.50 333.50 
2016/10/26 335.50 335.50 332.00 333.50 
2016/10/27 333.50 336.00 333.00 336.00 
2016/10/28 337.00 337.50 331.00 332.50 
2016/10/31 335.50 335.50 332.00 335.00 
2016/11/01 331.00 334.50 331.00 333.50 
2016/11/02 332.50 334.50 324.50 325.00 
2016/11/03 321.50 328.00 321.50 327.00 
2016/11/04 326.00 329.00 321.00 327.00 
2016/11/07 329.00 336.00 328.50 330.00 
2016/11/08 325.00 327.00 311.00 322.50 
2016/11/09 322.50 322.50 305.00 308.00 
2016/11/10 311.00 319.00 311.00 314.50 
2016/11/11 308.00 318.00 305.50 316.50 
2016/11/14 312.00 315.00 305.00 308.00 
2016/11/15 304.50 308.00 297.00 308.00 
2016/11/16 309.00 311.00 305.50 308.50 
2016/11/17 305.00 315.00 303.00 314.00 
2016/11/18 314.00 314.00 307.50 308.00 
2016/11/21 306.00 307.50 305.00 307.50 
2016/11/22 310.00 313.00 306.50 311.00 
2016/11/23 312.50 313.00 309.00 309.50 
2016/11/24 311.50 311.50 307.00 307.50 
2016/11/25 309.00 309.00 306.00 307.00 
2016/11/28 307.00 308.50 306.00 307.00 
2016/11/29 308.50 311.50 307.00 308.00 
2016/11/30 308.00 315.00 308.00 315.00 
2016/12/01 319.50 327.00 318.00 324.50 
2016/12/02 323.00 332.50 319.50 332.50 
2016/12/05 332.00 348.00 331.00 342.00 
2016/12/06 342.50 352.00 342.50 348.50 
2016/12/07 350.00 352.50 348.00 352.00 
2016/12/08 354.00 369.00 354.00 364.00 
2016/12/09 361.00 363.00 357.50 359.00 
2016/12/12 359.00 361.50 355.00 359.00 
2016/12/13 358.50 365.00 356.00 364.50 
2016/12/14 365.00 367.50 363.00 364.50 
2016/12/15 363.50 363.50 357.00 361.00 
2016/12/16 362.00 375.00 358.50 373.00 
2016/12/19 376.00 399.00 376.00 382.00 
2016/12/20 382.00 386.50 378.00 386.00 
2016/12/21 388.50 392.50 379.50 381.50 
2016/12/22 383.50 383.50 376.00 379.00 
2016/12/23 385.00 394.00 383.00 389.00 
2016/12/26 387.00 389.00 384.00 386.00 
2016/12/27 385.00 385.00 383.00 383.00 
2016/12/28 382.00 391.00 381.00 390.00 
2016/12/29 394.00 395.00 386.50 390.00 
2016/12/30 390.00 395.00 388.50 392.00 
2017/01/03 393.00 403.00 393.00 393.50 
2017/01/04 393.00 394.00 385.00 386.00 
2017/01/05 387.50 390.00 382.50 388.50 
2017/01/06 388.00 396.00 386.00 393.50 
2017/01/09 397.00 402.00 394.00 398.00 
2017/01/10 398.00 422.50 396.00 422.00 
2017/01/11 422.00 463.00 422.00 463.00 
2017/01/12 459.00 470.00 443.00 451.00 
2017/01/13 446.00 454.00 425.50 442.50 
2017/01/16 442.50 445.00 425.00 425.00 
2017/01/17 426.50 434.00 414.00 415.00 
2017/01/18 416.00 424.50 406.00 419.00 
2017/01/19 420.00 425.00 405.00 405.00 
2017/01/20 405.00 410.00 401.00 401.00 
2017/01/23 406.00 407.50 397.00 397.50 
2017/01/24 400.50 405.50 398.00 400.00 
2017/02/02 405.00 424.00 405.00 412.50 
2017/02/03 421.00 423.50 413.50 420.50 
2017/02/06 426.00 438.00 425.00 431.00 
2017/02/07 432.00 438.00 421.50 423.50 
2017/02/08 429.00 442.50 424.50 435.00 
