2016/07/01 15.95 16.00 15.35 15.35 
2016/07/04 15.50 15.75 15.35 15.75 
2016/07/05 15.90 16.25 15.70 15.70 
2016/07/06 15.70 15.70 15.50 15.65 
2016/07/07 15.70 15.90 15.70 15.90 
2016/07/11 15.90 17.45 15.80 16.10 
2016/07/12 16.05 16.40 16.05 16.10 
2016/07/13 16.05 16.05 15.75 15.85 
2016/07/14 16.10 16.10 16.00 16.10 
2016/07/15 16.15 16.30 15.80 16.00 
2016/07/18 16.05 16.05 16.00 16.00 
2016/07/19 16.00 16.00 15.55 15.95 
2016/07/20 15.95 16.25 15.65 16.25 
2016/07/21 16.25 16.65 16.25 16.35 
2016/07/22 16.30 16.45 16.00 16.40 
2016/07/25 16.35 16.35 16.35 16.35 
2016/07/26 16.35 16.45 16.15 16.45 
2016/07/27 16.35 16.35 16.00 16.00 
2016/07/28 15.95 16.05 15.95 16.05 
2016/07/29 16.20 17.60 16.20 17.60 
2016/08/01 17.10 17.50 16.95 17.20 
2016/08/02 17.25 17.50 17.20 17.25 
2016/08/03 17.05 18.90 17.05 17.80 
2016/08/04 17.90 18.25 17.60 17.70 
2016/08/05 17.70 18.05 17.70 17.95 
2016/08/08 17.60 17.60 17.40 17.40 
2016/08/09 17.50 17.50 16.60 16.75 
2016/08/10 16.75 17.10 16.75 16.95 
2016/08/11 17.25 17.25 16.80 17.15 
2016/08/12 17.15 17.15 16.60 17.15 
2016/08/15 17.25 17.25 16.75 16.85 
2016/08/16 16.90 16.90 16.55 16.70 
2016/08/17 16.70 16.70 16.45 16.50 
2016/08/18 16.40 18.00 16.40 17.30 
2016/08/19 17.70 18.20 17.70 18.00 
2016/08/22 18.00 18.20 17.50 18.20 
2016/08/23 18.20 18.40 18.10 18.10 
2016/08/24 18.20 19.20 17.90 19.20 
2016/08/25 19.40 19.75 18.80 19.40 
2016/08/26 19.70 19.70 18.55 18.65 
2016/08/29 18.60 18.60 17.85 18.00 
2016/08/30 18.00 18.70 17.90 18.40 
2016/08/31 18.65 18.65 18.15 18.25 
2016/09/01 18.15 18.45 17.50 17.50 
2016/09/02 17.50 17.90 17.25 17.25 
2016/09/05 17.15 17.55 17.00 17.15 
2016/09/06 17.30 17.55 16.95 17.40 
2016/09/07 17.15 17.65 17.10 17.10 
2016/09/08 17.05 17.60 17.00 17.55 
2016/09/09 17.60 17.70 17.30 17.30 
2016/09/10 17.20 17.30 17.05 17.20 
2016/09/12 17.10 17.70 17.10 17.40 
2016/09/13 17.40 17.75 17.15 17.30 
2016/09/14 17.40 17.70 17.30 17.45 
2016/09/19 17.40 18.40 17.40 17.60 
2016/09/20 17.65 18.00 17.55 17.70 
2016/09/21 17.50 17.85 17.50 17.70 
2016/09/22 17.60 17.85 17.55 17.55 
2016/09/23 17.45 17.60 17.30 17.30 
2016/09/26 17.50 17.65 17.40 17.40 
2016/09/29 17.60 17.60 17.50 17.50 
2016/09/30 17.30 17.55 17.15 17.50 
2016/10/03 17.50 17.65 17.40 17.40 
2016/10/04 17.40 17.80 17.35 17.65 
2016/10/05 17.50 17.80 17.50 17.65 
2016/10/06 17.55 18.40 17.55 18.40 
2016/10/07 18.55 19.60 18.20 18.80 
2016/10/12 18.10 18.50 18.00 18.10 
2016/10/13 18.10 18.30 17.85 18.10 
2016/10/14 17.90 17.90 17.80 17.90 
2016/10/17 18.85 18.85 17.75 18.15 
2016/10/18 18.50 18.50 18.00 18.00 
2016/10/19 18.20 18.50 18.00 18.50 
2016/10/20 18.10 18.40 18.10 18.10 
2016/10/21 18.15 18.45 18.05 18.40 
2016/10/24 18.25 18.65 18.20 18.50 
2016/10/25 18.80 18.90 18.10 18.45 
2016/10/26 18.55 18.55 18.10 18.20 
2016/10/27 18.30 18.30 17.90 17.90 
2016/10/28 17.80 18.15 17.70 17.70 
2016/10/31 17.60 17.65 17.30 17.40 
2016/11/01 17.40 17.40 17.30 17.30 
2016/11/02 17.20 17.50 17.10 17.10 
2016/11/03 17.00 17.00 16.80 16.90 
2016/11/04 16.90 17.45 16.90 17.20 
2016/11/07 17.20 17.20 17.20 17.20 
2016/11/08 17.00 17.00 16.15 16.65 
2016/11/09 16.80 16.80 16.50 16.50 
2016/11/10 16.90 16.90 16.80 16.90 
2016/11/11 17.05 17.70 17.00 17.70 
2016/11/14 17.70 18.40 17.70 18.00 
2016/11/15 18.20 18.40 18.00 18.05 
2016/11/16 17.90 18.30 17.90 18.00 
2016/11/17 18.25 18.25 17.85 17.85 
2016/11/18 17.85 18.15 17.85 17.85 
2016/11/21 17.90 18.15 17.90 18.15 
2016/11/22 18.00 18.60 18.00 18.05 
2016/11/23 18.00 18.30 17.85 17.90 
2016/11/24 17.55 17.85 17.55 17.85 
2016/11/25 17.80 18.10 17.80 18.10 
2016/11/29 18.25 18.25 17.85 17.85 
2016/11/30 18.10 18.10 17.85 17.85 
2016/12/01 17.90 18.10 17.85 17.85 
2016/12/02 17.85 18.20 17.85 17.85 
2016/12/05 17.85 17.85 17.75 17.75 
2016/12/06 17.75 17.95 17.70 17.95 
2016/12/07 17.95 17.95 17.80 17.80 
2016/12/08 17.80 18.10 17.80 17.90 
2016/12/09 17.95 18.00 17.85 18.00 
2016/12/12 17.90 17.90 17.85 17.85 
2016/12/13 17.75 17.75 17.60 17.60 
2016/12/14 17.55 17.55 17.55 17.55 
2016/12/15 17.60 17.75 17.60 17.65 
2016/12/16 17.60 17.65 17.60 17.65 
2016/12/19 17.65 17.85 17.65 17.85 
2016/12/20 17.60 17.70 17.60 17.70 
2016/12/21 17.70 18.10 17.70 17.75 
2016/12/22 17.65 17.70 17.55 17.70 
2016/12/23 17.80 17.85 17.60 17.85 
2016/12/26 17.90 17.90 17.60 17.60 
2016/12/27 17.65 17.65 17.60 17.60 
2016/12/28 17.95 17.95 17.60 17.60 
2016/12/29 17.60 17.60 17.50 17.50 
2016/12/30 17.30 17.60 17.30 17.30 
2017/01/03 17.80 17.80 17.25 17.35 
2017/01/04 17.40 17.60 17.20 17.60 
2017/01/05 17.70 17.70 17.70 17.70 
2017/01/06 17.50 19.45 17.50 19.45 
2017/01/09 20.35 20.60 19.55 19.55 
2017/01/10 19.95 19.95 19.25 19.25 
2017/01/11 19.25 19.25 19.00 19.00 
2017/01/12 19.05 19.10 18.90 18.95 
2017/01/13 18.80 18.80 18.65 18.70 
2017/01/16 18.50 18.50 18.15 18.30 
2017/01/17 18.35 18.70 18.35 18.55 
2017/01/18 18.65 18.65 18.40 18.40 
2017/01/19 18.95 18.95 18.65 18.70 
2017/01/20 18.70 19.30 18.70 18.90 
2017/01/23 18.90 19.05 18.75 18.80 
2017/01/24 18.90 19.25 18.80 19.25 
2017/02/02 19.25 19.40 18.95 19.40 
2017/02/03 19.50 19.50 19.15 19.45 
2017/02/06 19.50 19.50 19.10 19.40 
2017/02/07 19.40 19.40 19.10 19.40 
2017/02/08 19.25 19.25 19.05 19.05 
