2016/07/01 31.15 31.45 30.85 30.85 
2016/07/04 31.25 31.25 30.80 30.80 
2016/07/05 30.80 31.00 30.65 30.80 
2016/07/06 30.45 30.60 30.15 30.20 
2016/07/07 29.50 30.45 29.50 29.80 
2016/07/11 30.00 30.50 29.80 29.80 
2016/07/12 29.90 30.30 29.90 30.10 
2016/07/13 30.60 30.60 29.75 30.05 
2016/07/14 30.10 30.20 30.00 30.10 
2016/07/15 30.10 30.70 30.10 30.45 
2016/07/18 30.45 30.80 30.45 30.55 
2016/07/19 30.85 30.85 30.05 30.25 
2016/07/20 30.50 30.50 29.90 30.10 
2016/07/21 30.50 30.50 30.15 30.40 
2016/07/22 30.60 30.60 30.10 30.30 
2016/07/25 30.65 31.00 30.40 30.80 
2016/07/26 30.80 30.80 30.50 30.55 
2016/07/27 30.60 30.90 30.50 30.60 
2016/07/28 30.70 30.70 30.25 30.35 
2016/07/29 30.65 30.65 30.20 30.25 
2016/08/01 30.25 30.40 30.25 30.25 
2016/08/02 30.50 30.50 29.90 30.35 
2016/08/03 30.20 30.20 30.00 30.00 
2016/08/04 30.20 30.20 29.95 30.10 
2016/08/05 30.30 30.75 30.10 30.65 
2016/08/08 30.80 30.80 30.20 30.25 
2016/08/09 30.10 30.50 29.75 30.30 
2016/08/10 30.50 30.85 30.35 30.80 
2016/08/11 30.85 30.90 30.35 30.60 
2016/08/12 30.65 30.90 30.60 30.80 
2016/08/15 30.80 30.80 30.50 30.65 
2016/08/16 30.65 32.25 30.50 31.70 
2016/08/17 31.50 32.55 31.50 32.55 
2016/08/18 32.55 32.70 32.10 32.25 
2016/08/19 32.55 32.85 32.20 32.20 
2016/08/22 32.00 32.10 31.50 31.60 
2016/08/23 31.50 31.60 31.40 31.55 
2016/08/24 31.50 31.70 31.50 31.60 
2016/08/25 31.50 34.70 31.50 34.10 
2016/08/26 33.75 35.25 33.65 34.80 
2016/08/29 34.80 35.35 33.20 34.05 
2016/08/30 34.00 34.00 33.50 33.50 
2016/08/31 34.00 35.20 33.55 34.95 
2016/09/01 34.90 34.90 34.10 34.40 
2016/09/02 34.40 34.40 32.95 33.40 
2016/09/05 33.90 34.85 33.55 34.65 
2016/09/06 34.35 34.95 34.10 34.70 
2016/09/07 34.70 35.10 34.40 34.40 
2016/09/08 34.30 35.35 34.30 35.00 
2016/09/09 35.90 35.95 35.20 35.35 
2016/09/10 34.55 34.80 34.10 34.30 
2016/09/12 34.50 35.30 34.30 34.40 
2016/09/13 34.85 34.85 33.25 33.55 
2016/09/14 33.10 33.65 32.90 33.00 
2016/09/19 33.00 33.60 33.00 33.35 
2016/09/20 33.50 33.55 32.85 33.20 
2016/09/21 33.20 34.60 33.05 34.55 
2016/09/22 34.55 34.55 33.90 34.20 
2016/09/23 34.40 34.65 34.15 34.30 
2016/09/26 34.55 34.65 34.15 34.40 
2016/09/29 34.80 34.80 34.35 34.50 
2016/09/30 34.50 34.55 33.00 33.50 
2016/10/03 33.60 33.85 33.05 33.15 
2016/10/04 33.15 33.60 33.00 33.50 
2016/10/05 33.50 33.50 33.05 33.10 
2016/10/06 33.10 33.35 33.05 33.10 
2016/10/07 33.20 33.45 32.90 32.90 
2016/10/11 32.95 33.25 31.90 31.90 
2016/10/12 32.00 32.30 31.70 32.20 
2016/10/13 32.30 32.30 31.70 31.95 
2016/10/14 31.95 31.95 31.65 31.70 
2016/10/17 31.15 32.00 31.15 31.70 
2016/10/18 31.90 32.80 31.70 32.80 
2016/10/19 32.80 32.80 32.40 32.60 
2016/10/20 32.80 32.85 32.40 32.70 
2016/10/21 32.70 32.75 32.10 32.45 
2016/10/24 32.50 32.75 32.50 32.60 
2016/10/25 32.60 32.60 32.40 32.55 
2016/10/26 32.55 32.55 31.95 32.35 
2016/10/27 32.35 32.65 32.00 32.20 
2016/10/28 32.10 32.30 32.00 32.05 
2016/10/31 33.05 35.25 32.90 35.25 
2016/11/01 35.30 38.75 34.55 38.75 
2016/11/02 41.50 42.25 39.95 41.35 
2016/11/03 40.10 41.35 39.05 39.70 
2016/11/04 39.00 43.40 39.00 43.00 
2016/11/07 42.40 42.55 38.70 39.50 
2016/11/08 39.00 39.10 37.30 38.35 
2016/11/09 38.75 38.75 34.55 34.65 
2016/11/10 36.20 38.00 35.50 37.55 
2016/11/11 36.80 39.45 35.50 38.40 
2016/11/14 38.35 39.40 37.05 38.20 
2016/11/15 37.45 37.90 37.20 37.35 
2016/11/16 38.00 40.90 37.50 40.20 
2016/11/17 40.00 41.10 39.20 40.50 
2016/11/18 41.00 41.20 39.50 40.10 
2016/11/21 41.00 42.70 40.55 41.00 
2016/11/22 42.00 42.80 41.25 42.45 
2016/11/23 43.50 46.65 43.10 46.65 
2016/11/24 46.50 51.30 45.60 48.30 
2016/11/25 49.90 51.40 49.30 50.70 
2016/11/28 50.20 51.70 48.45 49.10 
2016/11/29 49.30 50.70 48.50 49.20 
2016/11/30 49.80 52.10 49.50 51.60 
2016/12/01 52.40 53.90 51.10 51.80 
2016/12/02 51.20 52.50 49.75 52.20 
2016/12/05 52.40 53.20 51.70 52.20 
2016/12/06 53.70 53.80 52.90 53.30 
2016/12/07 53.70 54.00 51.40 53.30 
2016/12/08 53.60 58.40 53.00 57.70 
2016/12/09 57.00 60.60 56.30 59.00 
2016/12/12 59.00 60.50 58.50 59.20 
2016/12/13 59.20 59.90 56.10 57.00 
2016/12/14 57.00 62.70 57.00 62.50 
2016/12/15 61.90 66.00 61.20 63.50 
2016/12/16 63.90 66.50 63.90 64.60 
2016/12/19 64.60 66.80 61.60 62.50 
2016/12/20 63.90 68.00 62.50 68.00 
2016/12/21 68.00 68.60 66.00 66.00 
2016/12/22 66.00 67.00 65.20 66.80 
2016/12/23 66.80 68.60 66.10 66.50 
2016/12/26 68.50 68.60 64.40 64.70 
2016/12/27 65.20 65.30 59.30 59.60 
2016/12/28 60.60 65.10 60.60 63.40 
2016/12/29 63.00 64.60 61.90 63.70 
2016/12/30 64.00 66.80 64.00 65.00 
2017/01/03 64.80 65.40 64.00 65.30 
2017/01/04 65.60 69.00 65.40 65.40 
2017/01/05 66.40 66.50 64.40 65.40 
2017/01/06 66.30 66.50 65.10 65.10 
2017/01/09 65.50 66.10 62.60 62.90 
2017/01/10 62.90 64.50 60.60 64.50 
2017/01/11 64.50 65.10 63.00 63.00 
2017/01/12 63.80 65.60 63.30 63.30 
2017/01/13 63.90 64.80 62.30 63.90 
2017/01/16 64.80 65.20 63.30 64.40 
2017/01/17 64.60 64.90 63.50 63.50 
2017/01/18 63.60 68.80 63.60 67.50 
2017/01/19 68.30 72.20 67.70 71.90 
2017/01/20 74.60 75.20 69.20 69.90 
2017/01/23 70.20 72.20 69.80 71.00 
2017/01/24 71.30 71.50 69.10 69.10 
2017/02/02 69.80 72.20 68.00 70.50 
2017/02/03 71.80 71.80 69.30 69.40 
2017/02/06 71.00 71.00 67.70 68.00 
2017/02/07 68.40 69.80 67.00 67.10 
2017/02/08 68.40 69.70 67.00 68.50 
