2016/07/01 91.50 92.20 91.50 91.60 
2016/07/04 91.10 91.10 90.00 90.30 
2016/07/05 90.30 91.10 89.60 90.30 
2016/07/06 89.60 90.80 89.30 89.90 
2016/07/07 90.50 90.90 89.60 90.90 
2016/07/11 91.50 91.50 89.70 90.00 
2016/07/12 91.00 91.00 90.00 90.10 
2016/07/13 90.50 92.90 90.40 91.70 
2016/07/14 92.60 92.60 91.20 92.00 
2016/07/15 92.50 93.30 92.30 92.50 
2016/07/18 93.20 93.20 92.60 92.60 
2016/07/19 92.60 92.60 91.50 91.50 
2016/07/20 91.10 92.40 90.40 90.50 
2016/07/21 91.10 92.00 91.00 91.20 
2016/07/22 91.80 94.50 91.30 93.00 
2016/07/25 93.80 93.80 91.50 93.40 
2016/07/26 93.50 94.40 92.80 94.00 
2016/07/27 94.50 95.30 94.10 94.20 
2016/07/28 90.60 90.70 87.20 87.30 
2016/07/29 86.30 86.80 83.00 83.50 
2016/08/01 82.20 84.70 82.20 84.40 
2016/08/02 84.40 86.00 83.80 85.70 
2016/08/03 84.80 86.70 83.50 85.20 
2016/08/04 85.60 87.10 85.60 87.00 
2016/08/05 87.40 87.40 86.00 86.30 
2016/08/08 86.40 86.60 84.70 85.00 
2016/08/09 85.00 85.40 82.60 83.10 
2016/08/10 83.10 83.80 82.60 82.60 
2016/08/11 82.00 82.00 79.80 80.10 
2016/08/12 80.50 80.50 78.70 78.90 
2016/08/15 78.90 79.30 77.50 77.80 
2016/08/16 77.80 79.30 77.80 78.60 
2016/08/17 79.50 80.90 78.60 80.60 
2016/08/18 80.60 80.60 79.50 79.80 
2016/08/19 80.10 81.70 80.10 80.60 
2016/08/22 80.00 80.10 79.20 79.30 
2016/08/23 79.30 80.00 78.20 78.40 
2016/08/24 78.80 79.20 77.80 77.80 
2016/08/25 77.80 78.60 77.80 78.20 
2016/08/26 78.60 81.30 78.50 80.20 
2016/08/29 80.40 81.30 79.60 81.10 
2016/08/30 81.10 82.70 80.70 82.60 
2016/08/31 82.60 82.60 80.80 81.60 
2016/09/01 82.00 82.90 81.80 82.60 
2016/09/02 83.00 83.00 81.20 81.60 
2016/09/05 82.60 82.60 81.60 82.20 
2016/09/06 82.60 84.20 82.60 83.10 
2016/09/07 83.70 84.50 83.20 83.40 
2016/09/08 83.60 85.70 83.60 85.00 
2016/09/09 86.00 87.00 85.20 86.60 
2016/09/10 85.00 85.40 83.70 85.00 
2016/09/12 85.10 85.20 84.00 84.30 
2016/09/13 85.00 85.00 82.50 82.90 
2016/09/14 82.80 83.40 82.00 82.70 
2016/09/19 83.60 84.50 83.00 84.00 
2016/09/20 84.10 84.20 83.00 83.10 
2016/09/21 83.20 84.90 83.00 84.80 
2016/09/22 85.00 85.10 83.40 83.80 
2016/09/23 84.20 85.30 84.00 85.00 
2016/09/26 85.00 85.00 83.80 84.00 
2016/09/29 84.50 84.70 83.20 83.40 
2016/09/30 83.10 84.10 83.10 83.60 
2016/10/03 83.50 83.90 83.40 83.40 
2016/10/04 83.50 85.00 82.70 84.00 
2016/10/05 84.00 84.50 83.50 83.70 
2016/10/06 84.00 85.00 83.50 83.80 
2016/10/07 83.50 84.40 83.00 83.20 
2016/10/11 83.80 83.90 79.00 80.00 
2016/10/12 79.20 79.90 79.20 79.40 
2016/10/13 79.40 79.90 78.50 78.70 
2016/10/14 78.70 79.40 77.70 78.50 
2016/10/17 78.50 79.90 78.10 78.90 
2016/10/18 79.80 79.90 78.50 78.70 
2016/10/19 79.20 79.30 78.70 78.80 
2016/10/20 79.00 79.10 78.70 78.70 
2016/10/21 79.10 82.50 78.90 81.80 
2016/10/24 81.80 82.00 80.30 80.50 
2016/10/25 80.50 80.70 80.00 80.50 
2016/10/26 80.00 81.10 79.90 81.00 
2016/10/27 80.80 81.00 79.90 80.40 
2016/10/28 80.50 80.50 79.90 80.00 
2016/10/31 80.80 80.80 79.80 80.40 
2016/11/01 80.50 80.70 79.10 79.20 
2016/11/02 79.20 79.20 77.90 77.90 
2016/11/03 77.90 78.40 77.10 77.50 
2016/11/04 77.60 78.30 77.60 78.00 
2016/11/07 78.60 79.90 78.50 79.70 
2016/11/08 79.50 80.00 78.80 78.90 
2016/11/09 79.00 79.70 75.00 75.40 
2016/11/10 78.00 78.00 77.00 77.50 
2016/11/11 77.10 77.40 76.20 76.40 
2016/11/14 77.40 77.50 76.00 77.30 
2016/11/15 77.30 79.30 77.20 79.10 
2016/11/16 80.00 80.00 78.90 79.50 
2016/11/17 79.70 79.70 78.20 79.00 
2016/11/18 79.20 79.50 78.70 79.20 
2016/11/21 79.40 80.90 79.10 80.90 
2016/11/22 81.50 87.90 81.50 86.60 
2016/11/23 87.50 89.50 87.00 87.70 
2016/11/24 88.00 88.50 87.00 87.90 
2016/11/25 87.90 88.80 87.30 88.50 
2016/11/28 88.80 89.50 87.30 88.40 
2016/11/29 88.90 89.20 88.30 89.10 
2016/11/30 91.50 93.90 90.10 90.30 
2016/12/01 90.80 91.70 90.00 91.20 
2016/12/02 90.50 90.80 89.60 90.40 
2016/12/05 91.00 91.80 90.00 90.30 
2016/12/06 90.80 91.30 89.50 89.60 
2016/12/07 90.20 91.90 90.10 91.90 
2016/12/08 93.80 94.50 90.50 90.50 
2016/12/09 90.80 91.50 90.20 90.90 
2016/12/12 91.70 91.80 90.50 91.20 
2016/12/13 91.40 92.00 90.70 91.70 
2016/12/14 93.70 95.00 93.40 93.60 
2016/12/15 94.70 95.00 93.50 94.30 
2016/12/16 95.00 101.00 94.50 98.50 
2016/12/19 100.00 100.00 97.50 97.90 
2016/12/20 99.00 101.00 97.50 97.90 
2016/12/21 98.40 98.40 96.00 96.10 
2016/12/22 96.10 96.10 93.60 93.80 
2016/12/23 95.00 96.00 93.90 94.00 
2016/12/26 94.30 95.50 93.20 94.00 
2016/12/27 94.00 94.70 93.40 94.00 
2016/12/28 94.90 96.00 94.00 94.00 
2016/12/29 93.40 93.50 91.70 92.60 
2016/12/30 95.00 95.90 93.20 95.20 
2017/01/03 96.50 97.50 95.60 96.50 
2017/01/04 97.20 97.20 96.10 96.20 
2017/01/05 97.00 97.00 95.70 96.50 
2017/01/06 96.80 99.70 96.80 98.00 
2017/01/09 98.50 99.00 97.50 98.10 
2017/01/10 98.70 100.00 96.00 96.00 
2017/01/11 96.50 96.90 94.50 94.80 
2017/01/12 95.30 95.60 94.20 94.80 
2017/01/13 95.00 100.00 95.00 98.40 
2017/01/16 99.40 100.50 98.10 98.60 
2017/01/17 99.20 100.50 98.60 99.30 
2017/01/18 99.30 99.80 98.00 99.10 
2017/01/19 100.00 104.00 100.00 100.50 
2017/01/20 101.50 103.00 100.50 102.50 
2017/01/23 103.00 103.50 101.00 101.00 
2017/01/24 101.50 101.50 99.60 101.00 
2017/02/02 102.50 102.50 99.10 101.00 
2017/02/03 101.00 102.00 100.00 100.50 
2017/02/06 101.50 104.00 99.60 103.50 
2017/02/07 106.50 107.50 103.50 104.00 
2017/02/08 105.00 107.50 104.00 106.50 
