2016/07/01 11.30 11.40 11.10 11.10 
2016/07/04 11.25 12.20 11.25 12.20 
2016/07/05 12.90 12.95 12.25 12.70 
2016/07/06 12.20 13.95 12.20 13.95 
2016/07/07 13.85 15.30 13.85 15.30 
2016/07/11 15.85 16.70 15.50 16.10 
2016/07/12 16.05 16.05 14.50 15.40 
2016/07/13 15.05 15.05 13.90 13.90 
2016/07/14 13.90 14.20 13.40 13.55 
2016/07/15 13.65 14.05 13.65 13.70 
2016/07/18 13.80 14.00 13.70 13.85 
2016/07/19 13.85 13.85 13.40 13.55 
2016/07/20 13.45 13.45 12.80 12.80 
2016/07/21 13.00 13.00 12.05 12.30 
2016/07/22 12.40 12.80 12.25 12.80 
2016/07/25 12.15 13.10 12.15 13.10 
2016/07/26 12.60 14.00 12.60 13.80 
2016/07/27 13.60 14.30 13.50 13.75 
2016/07/28 13.75 13.75 13.20 13.25 
2016/07/29 13.25 13.30 12.60 12.70 
2016/08/01 13.30 13.95 13.30 13.95 
2016/08/02 14.25 14.80 14.10 14.55 
2016/08/03 14.25 14.25 13.60 13.80 
2016/08/04 13.80 14.25 13.65 13.70 
2016/08/05 13.50 13.75 13.30 13.70 
2016/08/08 13.70 13.70 13.30 13.35 
2016/08/09 13.35 13.65 13.10 13.35 
2016/08/10 13.30 13.70 13.20 13.50 
2016/08/11 13.60 13.90 12.85 13.00 
2016/08/12 13.10 13.45 12.35 13.45 
2016/08/15 13.45 13.65 13.00 13.55 
2016/08/16 13.55 13.55 13.30 13.55 
2016/08/17 13.55 13.65 13.20 13.65 
2016/08/18 14.10 14.10 13.50 13.50 
2016/08/19 13.30 13.55 13.25 13.55 
2016/08/22 13.25 13.55 12.85 13.55 
2016/08/23 13.05 13.05 12.95 13.00 
2016/08/24 12.85 12.90 12.80 12.90 
2016/08/25 12.90 13.30 12.85 12.90 
2016/08/26 12.80 13.45 12.70 13.45 
2016/08/29 13.45 13.45 12.90 13.10 
2016/08/30 13.10 13.10 12.85 13.10 
2016/08/31 12.80 13.10 12.75 12.80 
2016/09/01 12.70 12.80 12.70 12.80 
2016/09/02 12.85 13.00 12.85 12.85 
2016/09/05 12.90 13.00 12.90 12.90 
2016/09/06 12.85 12.90 12.85 12.85 
2016/09/07 12.80 12.85 12.25 12.40 
2016/09/08 12.40 12.90 12.40 12.90 
2016/09/09 12.90 12.90 12.60 12.65 
2016/09/10 12.30 12.90 12.30 12.80 
2016/09/12 12.50 12.70 12.35 12.70 
2016/09/13 12.60 12.60 12.20 12.45 
2016/09/14 12.70 12.70 12.40 12.45 
2016/09/19 12.40 12.55 12.40 12.40 
2016/09/20 12.30 13.00 12.10 13.00 
2016/09/21 13.10 13.20 12.70 12.95 
2016/09/22 12.95 12.95 12.55 12.55 
2016/09/23 12.40 12.55 12.40 12.55 
2016/09/26 12.25 12.80 12.25 12.80 
2016/09/29 12.35 12.60 12.25 12.60 
2016/09/30 12.30 12.55 12.30 12.35 
2016/10/03 12.00 12.30 11.90 12.20 
2016/10/04 12.20 12.20 11.95 12.00 
2016/10/05 12.00 12.00 11.85 11.85 
2016/10/06 11.90 12.00 11.80 11.80 
2016/10/07 11.70 11.80 11.65 11.80 
2016/10/11 11.80 11.85 11.60 11.75 
2016/10/12 11.60 11.60 11.55 11.55 
2016/10/13 11.55 11.55 10.85 10.85 
2016/10/14 10.60 10.90 9.77 10.50 
2016/10/17 10.80 10.85 10.25 10.85 
2016/10/18 10.85 11.90 10.85 11.90 
2016/10/19 12.90 13.05 12.90 13.05 
2016/10/20 13.50 14.25 13.00 13.90 
2016/10/21 14.00 14.00 13.60 13.95 
2016/10/24 14.00 15.05 13.75 15.00 
2016/10/25 15.00 15.40 14.70 15.15 
2016/10/26 15.20 15.20 14.80 15.15 
2016/10/27 15.15 15.80 15.00 15.80 
2016/10/28 15.75 16.20 15.70 15.90 
2016/10/31 16.30 16.35 15.90 16.20 
2016/11/01 16.30 17.00 16.25 17.00 
2016/11/02 16.75 17.40 16.70 17.10 
2016/11/03 17.10 17.25 17.00 17.05 
2016/11/04 17.20 17.20 17.05 17.10 
2016/11/07 17.30 17.80 17.25 17.75 
2016/11/08 17.85 18.45 17.85 18.45 
2016/11/09 18.55 18.85 16.65 17.60 
2016/11/10 18.15 19.35 17.80 18.50 
2016/11/11 18.30 18.50 17.55 18.50 
2016/11/14 17.80 18.05 17.80 17.95 
2016/11/15 17.95 18.50 17.60 17.85 
2016/11/16 17.85 18.00 16.40 17.55 
2016/11/17 17.40 17.60 17.10 17.60 
2016/11/18 17.60 17.60 16.70 17.50 
2016/11/21 17.50 17.50 16.70 17.30 
2016/11/22 17.40 17.40 16.90 17.10 
2016/11/23 17.35 17.35 16.85 17.35 
2016/11/24 17.40 18.30 17.40 17.90 
2016/11/25 18.00 18.15 17.75 18.15 
2016/11/28 18.25 18.45 18.20 18.30 
2016/11/29 18.40 18.50 18.25 18.50 
2016/11/30 18.50 18.50 18.05 18.20 
2016/12/01 18.35 18.35 17.90 18.25 
2016/12/02 18.15 18.25 18.00 18.25 
2016/12/05 18.25 18.25 17.90 18.20 
2016/12/06 18.10 18.25 18.00 18.20 
2016/12/07 18.25 18.30 18.00 18.10 
2016/12/08 18.10 18.15 18.00 18.00 
2016/12/09 18.05 18.25 17.90 18.25 
2016/12/12 18.25 18.25 17.80 18.00 
2016/12/13 18.00 18.00 17.70 17.90 
2016/12/14 17.90 18.00 17.80 17.85 
2016/12/15 17.85 17.95 17.75 17.80 
2016/12/16 17.90 18.25 17.75 18.20 
2016/12/19 18.20 18.25 17.75 18.00 
2016/12/20 18.10 18.10 17.55 17.95 
2016/12/21 18.00 18.00 17.60 17.90 
2016/12/22 17.85 17.85 17.50 17.80 
2016/12/23 17.70 17.95 17.60 17.80 
2016/12/26 17.90 17.95 17.50 17.95 
2016/12/27 17.90 17.90 17.50 17.90 
2016/12/28 17.85 17.90 17.50 17.85 
2016/12/29 17.75 17.80 17.50 17.75 
2016/12/30 17.70 17.70 17.50 17.55 
2017/01/03 17.80 17.85 17.55 17.75 
2017/01/04 17.75 17.80 17.60 17.80 
2017/01/05 17.80 18.20 17.80 18.05 
2017/01/06 18.05 18.20 17.90 18.10 
2017/01/09 18.10 18.20 17.70 18.05 
2017/01/10 18.10 18.10 17.70 17.95 
2017/01/11 18.00 18.40 17.85 18.05 
2017/01/12 17.90 18.00 17.60 17.90 
2017/01/13 17.70 17.85 17.55 17.70 
2017/01/16 17.70 17.80 17.55 17.70 
2017/01/17 17.70 17.75 17.55 17.65 
2017/01/18 17.65 17.70 17.55 17.65 
2017/01/19 17.65 17.65 17.45 17.65 
2017/01/20 17.65 17.65 17.45 17.65 
2017/01/23 17.65 17.75 17.60 17.70 
2017/01/24 17.75 18.95 17.75 18.95 
2017/02/02 19.20 19.50 18.90 19.50 
2017/02/03 19.90 20.00 19.40 20.00 
2017/02/06 20.15 21.20 19.90 21.20 
2017/02/07 21.00 23.00 21.00 22.90 
2017/02/08 22.85 23.60 20.65 21.60 
