2016/07/01 19.20 19.30 18.75 19.05 
2016/07/04 19.05 20.40 19.05 20.10 
2016/07/05 20.35 20.40 19.80 19.95 
2016/07/06 19.55 19.85 18.90 19.00 
2016/07/07 19.10 19.60 18.80 18.95 
2016/07/11 19.40 19.55 18.85 18.95 
2016/07/12 19.85 20.80 19.80 20.80 
2016/07/13 21.40 22.15 21.00 21.40 
2016/07/14 21.20 21.75 20.70 21.50 
2016/07/15 21.70 22.60 21.50 21.50 
2016/07/18 21.60 21.75 21.20 21.40 
2016/07/19 21.65 22.20 21.65 21.80 
2016/07/20 22.25 22.80 21.50 21.50 
2016/07/21 21.65 22.10 21.45 21.50 
2016/07/22 21.80 21.90 21.40 21.60 
2016/07/25 21.85 22.00 20.75 21.10 
2016/07/26 21.30 21.45 21.00 21.25 
2016/07/27 21.40 21.80 21.20 21.30 
2016/07/28 21.30 21.45 21.05 21.20 
2016/07/29 21.10 21.40 21.00 21.25 
2016/08/01 21.30 21.45 20.95 21.30 
2016/08/02 21.40 23.25 21.40 23.25 
2016/08/03 23.00 24.45 22.40 22.70 
2016/08/04 22.70 23.10 22.20 22.85 
2016/08/05 22.90 23.25 22.65 22.75 
2016/08/08 22.85 23.35 22.80 23.00 
2016/08/09 23.15 23.50 22.45 22.45 
2016/08/10 22.45 22.60 21.80 22.00 
2016/08/11 21.80 21.80 19.80 20.10 
2016/08/12 20.35 20.45 19.95 20.05 
2016/08/15 20.35 20.65 20.05 20.55 
2016/08/16 20.10 20.30 19.85 19.95 
2016/08/17 20.05 20.15 18.90 19.05 
2016/08/18 19.10 19.40 18.90 18.90 
2016/08/19 19.05 19.30 18.95 19.00 
2016/08/22 19.15 20.40 19.15 20.10 
2016/08/23 20.15 20.35 19.90 20.10 
2016/08/24 20.10 20.10 19.75 19.90 
2016/08/25 20.00 20.25 19.85 20.00 
2016/08/26 20.20 20.70 20.10 20.15 
2016/08/29 20.15 20.55 19.80 19.80 
2016/08/30 20.00 20.00 19.50 19.55 
2016/08/31 19.70 19.80 19.45 19.45 
2016/09/01 19.55 19.55 19.00 19.00 
2016/09/02 19.15 19.30 18.45 18.45 
2016/09/05 18.60 19.05 18.60 19.00 
2016/09/06 19.20 19.40 19.10 19.30 
2016/09/07 19.50 19.60 19.15 19.20 
2016/09/08 19.20 19.75 19.05 19.65 
2016/09/09 19.85 19.85 19.40 19.70 
2016/09/10 19.30 19.45 19.10 19.45 
2016/09/12 20.00 20.00 19.40 19.50 
2016/09/13 19.85 19.85 19.15 19.15 
2016/09/14 19.05 19.30 18.55 18.55 
2016/09/19 18.80 19.10 18.70 19.00 
2016/09/20 19.00 19.35 18.90 19.30 
2016/09/21 19.40 19.75 19.25 19.45 
2016/09/22 19.45 19.50 19.30 19.30 
2016/09/23 19.30 20.20 19.25 20.05 
2016/09/26 20.05 20.45 19.90 20.05 
2016/09/29 20.30 20.75 20.10 20.50 
2016/09/30 20.55 20.85 20.40 20.55 
2016/10/03 20.85 21.15 20.65 20.65 
2016/10/04 20.70 20.75 20.30 20.30 
2016/10/05 20.30 21.80 20.30 21.60 
2016/10/06 21.95 22.00 21.20 21.30 
2016/10/07 21.30 21.40 20.70 20.75 
2016/10/11 21.35 21.40 19.90 20.60 
2016/10/12 20.30 20.95 20.20 20.50 
2016/10/13 20.75 20.75 20.15 20.15 
2016/10/14 20.05 20.50 19.55 19.70 
2016/10/17 19.85 19.85 19.10 19.30 
2016/10/18 19.30 19.60 19.15 19.55 
2016/10/19 19.80 20.00 19.65 20.00 
2016/10/20 20.50 22.00 20.45 22.00 
2016/10/21 22.00 22.15 21.50 21.60 
2016/10/24 21.70 22.15 21.35 21.45 
2016/10/25 21.45 21.55 20.75 21.00 
2016/10/26 21.00 21.10 20.75 20.85 
2016/10/27 20.70 21.10 20.60 20.70 
2016/10/28 21.00 22.65 21.00 21.75 
2016/10/31 22.00 23.90 21.85 23.90 
2016/11/01 23.80 23.80 22.75 22.75 
2016/11/02 22.75 23.90 21.20 21.60 
2016/11/03 22.00 22.45 21.30 22.45 
2016/11/04 22.40 22.95 21.90 21.90 
2016/11/07 22.10 22.30 21.60 21.60 
2016/11/08 21.90 22.50 21.70 21.70 
2016/11/09 21.75 21.95 19.80 19.85 
2016/11/10 20.85 21.20 20.40 20.60 
2016/11/11 20.00 20.30 19.70 19.75 
2016/11/14 19.80 20.35 19.20 19.90 
2016/11/15 20.40 20.40 20.00 20.00 
2016/11/16 20.40 20.70 20.10 20.30 
2016/11/17 20.30 20.60 20.10 20.60 
2016/11/18 20.65 20.80 20.40 20.50 
2016/11/21 20.50 20.70 20.15 20.35 
2016/11/22 20.25 20.55 20.25 20.25 
2016/11/23 20.40 20.85 20.30 20.40 
2016/11/24 20.40 20.50 20.05 20.15 
2016/11/25 20.30 20.30 19.90 19.95 
2016/11/28 19.95 20.10 19.70 19.70 
2016/11/29 19.85 20.15 19.75 19.90 
2016/11/30 20.10 20.60 19.95 20.20 
2016/12/01 20.30 20.40 20.05 20.05 
2016/12/02 20.00 20.30 20.00 20.05 
2016/12/05 20.30 20.35 20.00 20.10 
2016/12/06 20.20 20.25 20.00 20.10 
2016/12/07 20.30 20.65 20.20 20.35 
2016/12/08 20.40 20.60 20.20 20.20 
2016/12/09 20.40 20.70 20.30 20.55 
2016/12/12 20.85 21.20 20.50 20.50 
2016/12/13 20.50 20.70 20.35 20.60 
2016/12/14 20.75 20.80 20.45 20.45 
2016/12/15 20.75 21.75 20.50 21.50 
2016/12/16 21.40 21.80 21.15 21.60 
2016/12/19 21.80 22.50 21.65 21.75 
2016/12/20 21.75 21.75 21.25 21.35 
2016/12/21 21.60 21.60 21.30 21.35 
2016/12/22 21.40 21.50 20.65 20.75 
2016/12/23 20.80 21.60 20.75 21.40 
2016/12/26 21.55 22.35 21.25 22.35 
2016/12/27 22.40 22.60 22.00 22.25 
2016/12/28 22.50 22.55 21.90 22.15 
2016/12/29 22.05 22.60 22.05 22.10 
2016/12/30 22.20 22.30 21.90 21.90 
2017/01/03 22.20 22.40 22.00 22.10 
2017/01/04 22.35 22.45 22.05 22.20 
2017/01/05 22.45 22.75 22.30 22.50 
2017/01/06 22.90 23.20 22.50 22.50 
2017/01/09 22.80 23.00 22.20 22.35 
2017/01/10 22.50 22.95 22.40 22.40 
2017/01/11 22.10 22.10 21.40 21.70 
2017/01/12 21.90 22.05 21.60 21.70 
2017/01/13 21.70 22.25 21.50 22.15 
2017/01/16 22.20 22.30 21.85 21.85 
2017/01/17 21.85 22.80 21.80 21.80 
2017/01/18 21.75 23.00 21.70 22.80 
2017/01/19 22.90 23.40 22.20 22.20 
2017/01/20 22.15 22.40 22.05 22.05 
2017/01/23 22.10 22.15 21.60 21.70 
2017/01/24 21.70 22.00 21.65 21.70 
2017/02/02 21.95 22.00 21.55 21.65 
2017/02/03 21.70 21.85 21.65 21.75 
2017/02/06 21.80 22.15 21.75 21.95 
2017/02/07 21.95 21.95 21.60 21.60 
2017/02/08 21.65 21.80 21.60 21.65 
