2016/07/01 95.50 102.00 95.50 102.00 
2016/07/04 103.50 111.50 102.00 110.00 
2016/07/05 113.00 116.00 112.50 116.00 
2016/07/06 116.50 119.50 112.50 116.00 
2016/07/07 119.00 127.50 119.00 127.50 
2016/07/11 135.50 140.00 132.00 140.00 
2016/07/12 141.50 144.00 133.00 135.50 
2016/07/13 133.50 135.50 129.50 135.00 
2016/07/14 136.00 137.50 134.00 135.50 
2016/07/15 136.50 140.50 134.00 138.50 
2016/07/18 140.50 152.00 140.00 152.00 
2016/07/19 152.00 152.00 147.00 150.00 
2016/07/20 151.00 153.00 148.00 148.00 
2016/07/21 147.00 147.00 140.00 142.00 
2016/07/22 142.00 145.00 142.00 144.50 
2016/07/25 144.00 145.00 139.00 141.50 
2016/07/26 142.50 153.00 142.50 151.00 
2016/07/27 149.00 151.50 146.00 147.00 
2016/07/28 148.00 154.00 145.50 146.00 
2016/07/29 147.00 147.50 142.50 146.00 
2016/08/01 147.00 147.00 143.50 147.00 
2016/08/02 146.00 154.00 145.00 147.00 
2016/08/03 147.00 148.50 145.00 147.00 
2016/08/04 148.50 152.00 147.00 148.50 
2016/08/05 150.50 152.50 148.00 149.00 
2016/08/08 151.00 151.00 145.00 147.50 
2016/08/09 147.50 151.50 146.00 147.50 
2016/08/10 147.00 149.00 146.50 148.00 
2016/08/11 143.00 145.00 139.50 142.00 
2016/08/12 142.00 145.00 136.50 139.50 
2016/08/15 139.50 140.00 135.50 139.50 
2016/08/16 138.00 148.00 135.50 148.00 
2016/08/17 147.00 162.00 147.00 159.00 
2016/08/18 159.00 167.50 156.50 163.00 
2016/08/19 163.50 166.00 158.50 161.00 
2016/08/22 159.50 160.00 155.00 160.00 
2016/08/23 162.00 167.00 159.00 161.50 
2016/08/24 161.50 163.50 158.50 158.50 
2016/08/25 160.00 162.00 158.50 158.50 
2016/08/26 161.00 163.50 159.00 161.00 
2016/08/29 163.00 163.00 159.00 162.00 
2016/08/30 161.00 162.00 160.50 161.00 
2016/08/31 160.00 166.00 159.50 164.50 
2016/09/01 165.00 173.00 160.00 160.00 
2016/09/02 161.50 163.00 155.00 155.50 
2016/09/05 156.50 165.00 156.50 162.00 
2016/09/06 162.50 171.50 161.50 170.00 
2016/09/07 168.50 173.00 167.50 170.00 
2016/09/08 170.00 175.50 170.00 172.50 
2016/09/09 175.00 177.00 167.00 167.00 
2016/09/10 165.00 167.00 163.00 164.00 
2016/09/12 165.50 168.00 164.00 167.00 
2016/09/13 170.00 171.00 161.00 162.00 
2016/09/14 162.00 164.00 156.00 157.00 
2016/09/19 159.00 162.00 158.00 160.00 
2016/09/20 161.50 164.50 159.00 159.00 
2016/09/21 160.50 162.00 154.50 162.00 
2016/09/22 164.00 164.00 159.50 160.50 
2016/09/23 162.00 162.00 157.50 161.00 
2016/09/26 160.50 160.50 158.00 158.00 
2016/09/29 159.00 159.50 156.00 156.50 
2016/09/30 154.50 160.50 153.00 157.00 
2016/10/03 159.00 159.00 155.00 155.00 
2016/10/04 154.50 155.50 148.00 148.50 
2016/10/05 148.50 148.50 144.00 146.50 
2016/10/06 147.50 147.50 140.50 142.50 
2016/10/07 142.00 142.00 135.50 136.00 
2016/10/11 135.00 135.00 123.00 128.00 
2016/10/12 130.00 134.50 129.00 134.50 
2016/10/13 134.50 134.50 131.00 131.50 
2016/10/14 130.00 130.00 127.00 129.00 
2016/10/17 129.00 129.50 124.00 127.00 
2016/10/18 130.00 139.00 128.00 134.50 
2016/10/19 137.50 140.00 134.50 135.50 
2016/10/20 136.50 137.00 134.50 134.50 
2016/10/21 136.00 136.00 133.00 135.00 
2016/10/24 136.00 136.00 133.50 134.00 
2016/10/25 135.00 135.50 134.00 134.00 
2016/10/26 134.00 134.50 133.50 133.50 
2016/10/27 133.00 133.00 128.00 129.00 
2016/10/28 128.50 130.50 128.00 128.00 
2016/10/31 128.00 129.50 125.00 129.50 
2016/11/01 127.00 134.50 127.00 129.00 
2016/11/02 129.50 129.50 124.00 124.00 
2016/11/03 122.00 123.00 112.00 112.00 
2016/11/04 110.00 114.50 109.00 113.50 
2016/11/07 114.00 115.00 112.50 112.50 
2016/11/08 113.50 114.00 106.00 114.00 
2016/11/09 110.50 112.00 103.00 103.00 
2016/11/10 107.50 113.00 106.50 113.00 
2016/11/11 114.00 119.50 113.50 117.00 
2016/11/14 117.50 121.00 114.50 119.50 
2016/11/15 118.00 121.50 117.50 118.50 
2016/11/16 119.00 120.00 117.00 118.00 
2016/11/17 119.00 127.00 118.00 126.50 
2016/11/18 125.50 132.00 124.50 126.50 
2016/11/21 127.00 131.00 125.50 129.50 
2016/11/22 131.50 131.50 127.50 127.50 
2016/11/23 128.00 130.00 126.50 127.00 
2016/11/24 127.50 127.50 126.00 126.50 
2016/11/25 126.00 134.50 126.00 132.00 
2016/11/28 132.50 133.00 129.50 130.00 
2016/11/29 129.00 132.00 129.00 130.50 
2016/11/30 130.50 131.50 129.50 130.50 
2016/12/01 130.50 131.00 129.50 131.00 
2016/12/02 130.50 130.50 128.50 128.50 
2016/12/05 128.00 130.00 127.50 130.00 
2016/12/06 131.50 137.00 131.00 132.50 
2016/12/07 133.00 134.50 131.50 134.00 
2016/12/08 136.00 139.00 133.00 137.50 
2016/12/09 139.50 140.00 135.00 135.00 
2016/12/12 135.00 135.50 133.00 133.00 
2016/12/13 133.00 133.00 131.00 132.00 
2016/12/14 133.00 134.00 132.00 132.50 
2016/12/15 131.00 134.00 131.00 132.50 
2016/12/16 132.50 133.50 131.50 132.00 
2016/12/19 133.50 133.50 131.50 132.50 
2016/12/20 133.00 134.00 130.00 131.00 
2016/12/21 131.00 131.00 126.50 126.50 
2016/12/22 125.50 126.00 122.50 124.00 
2016/12/23 124.00 126.00 124.00 124.50 
2016/12/26 124.50 126.00 124.50 124.50 
2016/12/27 123.50 126.50 123.00 126.50 
2016/12/28 126.00 128.00 125.50 127.50 
2016/12/29 126.50 127.50 125.50 127.00 
2016/12/30 130.00 130.00 127.00 130.00 
2017/01/03 130.00 131.50 128.50 129.00 
2017/01/04 129.00 130.00 128.50 129.00 
2017/01/05 129.00 130.50 129.00 129.50 
2017/01/06 133.00 142.00 133.00 142.00 
2017/01/09 144.00 146.50 139.00 142.00 
2017/01/10 143.00 143.50 137.50 137.50 
2017/01/11 138.00 139.00 134.50 136.00 
2017/01/12 136.50 137.00 135.00 136.00 
2017/01/13 136.00 140.00 132.00 132.00 
2017/01/16 133.00 133.00 129.00 129.00 
2017/01/17 130.00 131.50 129.50 130.50 
2017/01/18 130.50 132.00 129.50 130.50 
2017/01/19 130.50 134.00 129.50 129.50 
2017/01/20 129.50 131.00 127.50 128.00 
2017/01/23 129.50 130.50 128.00 129.00 
2017/01/24 129.00 130.00 127.50 129.00 
2017/02/02 130.00 132.50 130.00 132.00 
2017/02/03 133.00 135.50 133.00 135.00 
2017/02/06 136.50 141.00 136.00 139.00 
2017/02/07 140.50 140.50 137.00 138.00 
2017/02/08 138.00 141.00 137.00 137.00 
