2016/07/01 27.30 27.30 26.80 26.85 
2016/07/04 27.00 27.00 26.60 26.80 
2016/07/05 26.80 27.35 26.65 27.00 
2016/07/06 26.95 26.95 25.85 25.95 
2016/07/07 26.30 26.35 25.60 25.80 
2016/07/11 26.45 27.20 26.35 26.80 
2016/07/12 26.80 26.80 26.15 26.20 
2016/07/13 26.30 26.40 26.00 26.10 
2016/07/14 26.30 26.70 26.10 26.55 
2016/07/15 26.60 27.05 26.55 26.80 
2016/07/18 27.15 27.15 26.80 26.80 
2016/07/19 26.95 27.00 26.70 26.85 
2016/07/20 26.85 27.10 26.70 26.80 
2016/07/21 26.95 28.40 26.90 27.80 
2016/07/22 27.80 28.50 27.80 28.15 
2016/07/25 28.35 28.65 28.00 28.00 
2016/07/26 28.15 28.45 27.95 28.35 
2016/07/27 28.45 29.35 28.35 28.60 
2016/07/28 28.75 28.90 28.30 28.30 
2016/07/29 28.50 29.10 28.35 29.10 
2016/08/01 29.25 29.35 28.80 28.90 
2016/08/02 29.00 30.40 28.65 30.30 
2016/08/03 29.80 30.65 29.45 30.50 
2016/08/04 30.70 30.80 29.40 29.85 
2016/08/05 30.00 30.60 29.80 30.30 
2016/08/08 30.55 31.45 30.50 30.95 
2016/08/09 30.90 31.25 30.35 30.55 
2016/08/10 30.85 31.00 30.55 30.65 
2016/08/11 30.65 31.30 30.55 31.00 
2016/08/12 31.40 31.90 31.00 31.25 
2016/08/15 31.50 31.60 30.90 31.15 
2016/08/16 31.35 31.40 30.85 30.85 
2016/08/17 31.00 31.05 30.05 30.20 
2016/08/18 30.25 30.80 30.20 30.20 
2016/08/19 30.30 30.40 29.85 29.90 
2016/08/22 30.10 30.50 30.10 30.40 
2016/08/23 30.70 31.45 30.40 31.35 
2016/08/24 31.35 32.20 31.30 31.65 
2016/08/25 32.05 33.10 31.90 32.75 
2016/08/26 32.95 33.55 32.35 32.35 
2016/08/29 32.90 32.90 31.45 31.60 
2016/08/30 32.10 32.55 31.80 32.00 
2016/08/31 32.50 32.65 32.00 32.25 
2016/09/01 31.75 31.80 31.25 31.50 
2016/09/02 31.95 32.45 31.65 31.65 
2016/09/05 32.60 34.80 32.60 34.80 
2016/09/06 36.20 36.80 34.80 34.80 
2016/09/07 35.25 37.45 35.15 36.60 
2016/09/08 36.70 37.60 36.20 36.55 
2016/09/09 36.45 36.75 36.10 36.70 
2016/09/10 34.50 35.15 33.40 33.65 
2016/09/12 33.90 34.90 33.90 34.40 
2016/09/13 34.65 35.15 33.35 33.75 
2016/09/14 33.75 34.30 33.60 34.00 
2016/09/19 34.35 34.90 34.25 34.60 
2016/09/20 34.70 35.50 33.90 35.25 
2016/09/21 35.00 35.75 34.70 35.15 
2016/09/22 35.30 35.45 34.60 34.75 
2016/09/23 35.10 36.50 35.10 36.00 
2016/09/26 36.10 37.65 35.90 37.40 
2016/09/29 38.00 38.70 37.50 37.80 
2016/09/30 38.15 38.25 37.40 37.70 
2016/10/03 38.30 38.50 37.55 37.70 
2016/10/04 38.10 39.15 38.10 38.10 
2016/10/05 37.75 37.75 35.90 36.05 
2016/10/06 36.15 36.55 35.50 36.20 
2016/10/07 36.35 36.40 34.65 35.00 
2016/10/11 34.45 34.80 31.50 32.10 
2016/10/12 32.50 34.75 31.80 34.60 
2016/10/13 34.30 34.45 33.80 33.80 
2016/10/14 33.80 33.80 31.80 32.15 
2016/10/17 31.80 32.10 30.80 31.85 
2016/10/18 32.20 32.85 32.10 32.55 
2016/10/19 32.65 33.20 32.65 32.85 
2016/10/20 33.00 33.00 32.20 32.50 
2016/10/21 32.50 32.75 32.30 32.30 
2016/10/24 32.30 34.15 32.25 33.65 
2016/10/25 33.50 33.95 32.80 33.15 
2016/10/26 32.75 33.35 32.50 33.30 
2016/10/27 33.70 33.75 33.05 33.15 
2016/10/28 33.30 34.10 33.15 33.70 
2016/10/31 34.00 35.20 33.90 34.20 
2016/11/01 34.00 34.00 33.20 33.50 
2016/11/02 33.30 33.30 31.50 31.95 
2016/11/03 33.30 35.10 33.15 35.10 
2016/11/04 35.65 36.55 34.70 35.40 
2016/11/07 35.55 36.45 35.25 36.40 
2016/11/08 36.50 36.55 35.45 35.45 
2016/11/09 35.65 35.90 32.80 32.95 
2016/11/10 34.30 35.70 33.85 35.45 
2016/11/11 34.45 34.70 33.95 34.05 
2016/11/14 34.20 34.55 33.10 34.00 
2016/11/15 34.00 34.00 33.40 33.45 
2016/11/16 34.00 35.60 33.85 34.30 
2016/11/17 34.20 35.25 33.95 34.45 
2016/11/18 34.60 35.00 34.10 34.60 
2016/11/21 34.60 36.30 34.35 36.10 
2016/11/22 37.15 38.45 36.20 36.40 
2016/11/23 36.45 37.00 35.30 35.35 
2016/11/24 35.35 36.20 34.95 36.20 
2016/11/25 36.45 36.45 35.20 35.20 
2016/11/28 35.15 35.45 34.90 35.00 
2016/11/29 34.85 34.90 33.70 34.35 
2016/11/30 34.75 35.40 34.70 34.75 
2016/12/01 34.75 34.90 34.20 34.20 
2016/12/02 34.00 34.65 33.30 34.40 
2016/12/05 34.10 34.25 33.90 34.00 
2016/12/06 34.00 35.50 34.00 34.80 
2016/12/07 34.65 34.85 34.20 34.35 
2016/12/08 34.90 35.20 34.55 34.85 
2016/12/09 35.25 35.80 34.90 34.95 
2016/12/12 34.65 34.70 33.80 33.95 
2016/12/13 33.55 33.75 32.55 32.80 
2016/12/14 32.95 33.25 32.60 32.90 
2016/12/15 32.65 33.35 32.65 33.25 
2016/12/16 33.45 33.80 33.40 33.55 
2016/12/19 33.40 33.40 32.30 32.35 
2016/12/20 32.15 32.95 32.15 32.95 
2016/12/21 32.90 33.30 32.50 32.85 
2016/12/22 33.95 34.60 33.60 33.60 
2016/12/23 33.35 33.85 33.10 33.40 
2016/12/26 33.60 33.85 33.20 33.70 
2016/12/27 33.80 34.05 33.65 33.65 
2016/12/28 33.95 34.60 33.85 34.50 
2016/12/29 34.60 35.40 34.55 34.80 
2016/12/30 35.75 36.05 35.10 35.20 
2017/01/03 35.50 35.85 35.45 35.80 
2017/01/04 35.95 36.00 35.15 35.20 
2017/01/05 35.40 35.70 35.15 35.25 
2017/01/06 35.25 35.45 34.75 34.85 
2017/01/09 34.90 35.70 34.90 35.00 
2017/01/10 35.15 35.60 34.95 35.45 
2017/01/11 35.50 35.50 35.00 35.00 
2017/01/12 35.05 35.20 34.75 34.80 
2017/01/13 34.70 35.35 34.40 35.30 
2017/01/16 35.50 35.65 34.65 34.65 
2017/01/17 34.50 35.30 34.50 34.90 
2017/01/18 34.80 36.40 34.80 36.00 
2017/01/19 37.10 37.40 36.00 36.40 
2017/01/20 36.50 36.70 36.15 36.20 
2017/01/23 36.75 37.30 36.25 36.25 
2017/01/24 36.40 36.70 36.15 36.15 
2017/02/02 36.90 38.35 36.50 38.05 
2017/02/03 37.80 38.00 37.20 37.20 
2017/02/06 37.65 37.95 36.95 37.10 
2017/02/07 37.00 37.20 36.35 36.45 
2017/02/08 36.50 36.85 36.25 36.30 
