2016/07/01 38.50 39.05 38.15 38.15 
2016/07/04 38.20 38.40 38.05 38.05 
2016/07/05 38.10 38.90 38.00 38.45 
2016/07/06 38.90 38.90 38.05 38.15 
2016/07/07 38.70 38.70 37.90 38.00 
2016/07/11 39.00 39.70 38.15 38.15 
2016/07/12 38.60 40.50 38.50 39.25 
2016/07/13 39.85 40.00 38.60 38.70 
2016/07/14 39.40 39.40 38.65 38.90 
2016/07/15 39.15 42.75 39.15 42.75 
2016/07/18 46.15 46.15 43.80 45.00 
2016/07/19 44.80 46.00 44.15 46.00 
2016/07/20 46.10 50.60 46.05 50.60 
2016/07/21 51.20 52.60 49.90 50.70 
2016/07/22 50.30 52.60 50.30 51.00 
2016/07/25 52.40 56.10 52.40 56.10 
2016/07/26 56.80 59.00 54.30 58.30 
2016/07/27 58.50 60.50 57.40 59.40 
2016/07/28 58.00 59.00 57.60 58.90 
2016/07/29 59.30 59.80 58.00 58.00 
2016/08/01 58.00 58.40 56.20 56.40 
2016/08/02 57.50 62.00 57.00 62.00 
2016/08/03 63.50 68.20 63.50 68.20 
2016/08/04 71.10 75.00 69.10 75.00 
2016/08/05 76.00 81.70 76.00 81.00 
2016/08/08 83.60 84.90 81.90 83.00 
2016/08/09 83.00 83.00 74.70 74.70 
2016/08/10 74.50 77.10 73.80 73.90 
2016/08/11 74.80 74.80 69.00 72.20 
2016/08/12 73.70 74.20 71.40 71.40 
2016/08/15 73.40 77.50 72.00 76.70 
2016/08/16 72.80 73.50 69.10 70.00 
2016/08/17 70.10 71.50 68.30 70.10 
2016/08/18 71.00 72.50 71.00 71.20 
2016/08/19 72.00 73.50 69.30 70.00 
2016/08/22 71.00 73.20 70.80 73.20 
2016/08/23 73.90 75.20 72.30 74.50 
2016/08/24 75.40 75.80 70.30 70.30 
2016/08/25 70.10 70.10 67.00 69.00 
2016/08/26 68.90 74.50 68.00 70.30 
2016/08/29 70.00 70.00 67.30 67.70 
2016/08/30 68.60 69.50 65.60 65.60 
2016/08/31 64.70 64.90 61.60 62.40 
2016/09/01 63.00 64.60 62.30 62.50 
2016/09/02 63.20 63.20 57.10 57.80 
2016/09/05 59.50 63.00 59.20 61.30 
2016/09/06 61.50 62.10 59.50 62.10 
2016/09/07 62.60 63.70 61.40 61.40 
2016/09/08 63.20 66.10 62.10 63.70 
2016/09/09 62.70 65.60 62.60 64.90 
2016/09/10 64.60 65.90 63.50 63.80 
2016/09/12 64.50 65.10 63.70 64.30 
2016/09/13 65.20 65.20 63.10 63.30 
2016/09/14 63.50 63.80 60.60 61.20 
2016/09/19 62.50 64.90 61.60 64.90 
2016/09/20 64.80 65.50 63.20 63.20 
2016/09/21 63.20 63.50 63.00 63.30 
2016/09/22 64.40 64.40 62.50 63.10 
2016/09/23 63.10 69.40 63.10 69.40 
2016/09/26 69.00 69.30 68.10 69.10 
2016/09/29 69.90 72.00 69.70 70.10 
2016/09/30 70.00 71.50 69.20 70.60 
2016/10/03 72.80 74.00 71.40 71.60 
2016/10/04 71.20 71.70 70.10 71.70 
2016/10/05 72.30 74.20 71.20 72.20 
2016/10/06 72.70 72.70 71.00 71.30 
2016/10/07 71.50 72.90 71.10 71.10 
2016/10/11 75.00 76.40 71.50 72.00 
2016/10/12 73.00 73.20 71.50 72.00 
2016/10/13 72.00 72.80 70.00 70.00 
2016/10/14 69.90 69.90 66.60 66.90 
2016/10/17 66.60 68.00 64.20 67.70 
2016/10/18 67.50 69.80 67.10 69.80 
2016/10/19 73.00 76.70 72.60 76.70 
2016/10/20 78.50 84.30 78.50 84.30 
2016/10/21 86.40 92.40 81.40 82.70 
2016/10/24 82.70 89.40 82.70 88.00 
2016/10/25 92.30 92.30 86.40 88.50 
2016/10/26 89.30 89.90 86.60 87.20 
2016/10/27 88.00 89.70 85.20 87.00 
2016/10/28 86.90 86.90 82.60 83.50 
2016/10/31 83.50 86.50 82.10 85.30 
2016/11/01 85.00 85.50 82.30 82.50 
2016/11/02 81.50 82.10 78.00 78.50 
2016/11/03 78.10 80.40 75.50 78.20 
2016/11/04 78.00 80.00 76.90 77.60 
2016/11/07 79.50 79.70 77.40 78.00 
2016/11/08 78.50 85.30 77.60 84.40 
2016/11/09 85.50 87.50 76.10 76.10 
2016/11/10 79.40 82.30 78.50 80.00 
2016/11/11 78.60 79.20 76.30 77.60 
2016/11/14 77.00 80.70 77.00 78.30 
2016/11/15 78.70 79.80 77.50 77.50 
2016/11/16 78.40 79.00 76.60 76.60 
2016/11/17 76.00 76.00 72.80 75.00 
2016/11/18 75.50 75.60 73.90 74.10 
2016/11/21 74.60 75.40 73.10 73.70 
2016/11/22 74.30 80.80 74.30 78.50 
2016/11/23 78.60 80.00 76.80 77.00 
2016/11/24 77.00 79.40 77.00 77.40 
2016/11/25 77.80 81.00 77.40 78.90 
2016/11/28 81.10 83.80 80.10 81.30 
2016/11/29 81.60 81.90 80.50 81.00 
2016/11/30 82.50 83.20 79.80 80.00 
2016/12/01 81.00 81.20 78.70 79.30 
2016/12/02 78.20 79.20 78.20 78.90 
2016/12/05 79.50 80.70 78.90 80.30 
2016/12/06 81.50 82.00 79.00 79.00 
2016/12/07 79.00 80.50 78.70 78.70 
2016/12/08 79.60 80.00 78.40 78.40 
2016/12/09 77.00 77.60 75.40 76.40 
2016/12/12 76.60 77.00 74.20 74.50 
2016/12/13 74.80 76.70 74.00 76.50 
2016/12/14 77.50 77.60 75.40 75.50 
2016/12/15 75.50 77.20 74.80 76.40 
2016/12/16 76.40 82.90 76.00 80.50 
2016/12/19 81.60 83.40 79.60 79.60 
2016/12/20 80.10 80.80 78.80 79.00 
2016/12/21 80.00 81.70 79.10 79.50 
2016/12/22 79.70 80.00 78.50 78.60 
2016/12/23 80.90 83.10 79.80 80.50 
2016/12/26 80.80 81.60 79.80 80.10 
2016/12/27 80.30 80.90 79.50 79.50 
2016/12/28 80.50 80.90 79.20 79.60 
2016/12/29 80.00 80.30 78.80 79.30 
2016/12/30 79.70 79.80 79.00 79.10 
2017/01/03 79.50 81.60 79.40 80.20 
2017/01/04 80.50 80.80 79.50 79.60 
2017/01/05 79.80 81.50 79.10 80.10 
2017/01/06 80.50 81.50 80.10 80.30 
2017/01/09 81.20 82.80 80.30 80.80 
2017/01/10 80.80 81.30 79.20 79.60 
2017/01/11 80.60 81.20 79.60 79.60 
2017/01/12 80.00 87.50 80.00 87.50 
2017/01/13 87.40 89.50 85.50 85.50 
2017/01/16 86.80 88.80 86.30 86.40 
2017/01/17 86.70 87.90 86.00 87.90 
2017/01/18 90.00 96.60 89.10 90.60 
2017/01/19 90.50 91.40 86.80 87.20 
2017/01/20 88.10 88.50 86.50 87.10 
2017/01/23 88.60 88.70 86.80 86.90 
2017/01/24 87.10 87.90 84.20 85.00 
2017/02/02 86.40 86.50 82.70 82.80 
2017/02/03 83.30 85.50 83.10 83.60 
2017/02/06 84.00 85.90 84.00 84.80 
2017/02/07 85.00 85.30 83.20 83.70 
2017/02/08 83.70 84.60 83.30 83.30 
