2016/07/01 59.20 59.80 58.10 58.20 
2016/07/04 58.50 58.70 56.90 58.10 
2016/07/05 58.50 60.10 58.10 58.90 
2016/07/06 58.60 58.80 57.80 58.10 
2016/07/07 57.50 58.70 57.40 58.60 
2016/07/11 61.70 62.00 59.90 60.40 
2016/07/12 60.70 61.00 58.60 58.70 
2016/07/13 58.30 59.20 57.90 58.70 
2016/07/14 58.80 59.50 58.10 58.10 
2016/07/15 59.10 61.60 58.80 60.80 
2016/07/18 62.00 63.50 61.80 62.20 
2016/07/19 62.10 62.10 60.50 61.10 
2016/07/20 61.10 62.90 60.70 61.00 
2016/07/21 61.80 61.90 60.90 60.90 
2016/07/22 60.70 61.00 59.20 59.20 
2016/07/25 59.50 62.10 59.20 62.10 
2016/07/26 63.00 63.90 62.20 62.30 
2016/07/27 62.60 63.80 62.30 62.60 
2016/07/28 62.60 63.00 61.60 62.00 
2016/07/29 62.00 66.20 62.00 64.80 
2016/08/01 64.80 70.00 64.10 70.00 
2016/08/02 71.30 73.30 70.60 71.20 
2016/08/03 70.20 72.50 69.80 72.50 
2016/08/04 74.30 75.70 71.50 71.50 
2016/08/05 72.10 73.60 70.90 72.40 
2016/08/08 74.50 78.80 73.00 78.50 
2016/08/09 79.80 81.30 73.00 73.00 
2016/08/10 73.10 78.60 73.10 77.50 
2016/08/11 77.00 79.40 74.10 75.60 
2016/08/12 76.50 78.50 74.30 77.70 
2016/08/15 81.40 81.40 77.90 77.90 
2016/08/16 77.80 78.80 76.90 76.90 
2016/08/17 76.90 77.40 74.00 74.10 
2016/08/18 74.70 75.50 73.70 74.30 
2016/08/19 74.80 75.10 72.20 72.20 
2016/08/22 72.60 75.50 72.00 75.50 
2016/08/23 76.60 76.60 74.40 74.80 
2016/08/24 75.10 75.50 74.00 74.00 
2016/08/25 74.20 75.40 74.20 74.80 
2016/08/26 75.10 78.40 75.10 76.90 
2016/08/29 78.00 78.30 76.20 77.30 
2016/08/30 77.60 78.20 76.50 78.00 
2016/08/31 77.60 77.60 76.50 77.00 
2016/09/01 77.20 77.40 75.60 75.60 
2016/09/02 75.50 76.20 70.90 71.10 
2016/09/05 72.50 74.50 71.50 74.50 
2016/09/06 72.30 73.00 71.80 72.30 
2016/09/07 72.30 73.70 72.20 72.50 
2016/09/08 73.00 74.80 72.70 74.00 
2016/09/09 71.60 72.60 70.80 72.20 
2016/09/10 70.20 71.90 70.20 71.00 
2016/09/12 71.90 71.90 69.00 69.00 
2016/09/13 69.70 70.30 65.60 66.00 
2016/09/14 65.60 69.30 65.60 67.60 
2016/09/19 69.10 71.40 68.80 70.60 
2016/09/20 70.60 71.50 70.30 70.40 
2016/09/21 70.40 70.90 69.70 69.90 
2016/09/22 70.50 70.50 69.00 69.00 
2016/09/23 69.50 70.40 69.00 69.10 
2016/09/26 69.10 69.50 68.10 68.30 
2016/09/29 68.60 68.90 67.10 67.10 
2016/09/30 65.90 67.70 65.90 67.70 
2016/10/03 67.20 68.40 66.70 66.70 
2016/10/04 66.70 67.30 66.50 66.70 
2016/10/05 67.20 71.30 67.20 68.30 
2016/10/06 67.60 67.60 65.10 65.20 
2016/10/07 64.90 65.00 63.40 63.60 
2016/10/11 63.20 64.10 59.30 59.30 
2016/10/12 59.50 60.30 58.20 58.40 
2016/10/13 58.30 60.10 58.10 59.10 
2016/10/14 59.10 59.80 57.60 57.70 
2016/10/17 57.40 58.50 56.30 57.70 
2016/10/18 57.70 58.30 57.30 58.00 
2016/10/19 58.90 60.60 58.80 59.50 
2016/10/20 59.30 60.60 59.00 59.50 
2016/10/21 59.90 61.50 59.70 61.00 
2016/10/24 61.50 61.70 60.50 60.50 
2016/10/25 60.70 61.40 60.60 61.00 
2016/10/26 60.60 65.00 60.60 63.20 
2016/10/27 64.00 64.40 62.80 63.50 
2016/10/28 63.50 63.70 60.50 60.90 
2016/10/31 60.20 61.60 60.20 61.20 
2016/11/01 61.40 61.40 59.70 60.00 
2016/11/02 59.10 59.60 57.10 57.10 
2016/11/03 56.60 58.20 55.10 55.90 
2016/11/04 56.20 58.20 56.20 58.00 
2016/11/07 63.80 63.80 63.80 63.80 
2016/11/08 66.00 66.50 64.40 64.40 
2016/11/09 63.50 64.00 60.00 60.00 
2016/11/10 62.60 63.40 61.70 63.10 
2016/11/11 61.50 62.20 60.80 61.40 
2016/11/14 61.40 62.40 59.40 61.80 
2016/11/15 62.20 62.20 61.00 61.30 
2016/11/16 62.20 63.00 61.10 61.40 
2016/11/17 61.90 61.90 60.70 61.00 
2016/11/18 61.00 61.70 60.80 61.60 
2016/11/21 61.90 63.80 61.50 62.60 
2016/11/22 62.80 63.40 62.30 62.90 
2016/11/23 63.20 64.80 63.20 63.20 
2016/11/24 63.90 64.50 63.40 63.50 
2016/11/25 64.00 64.40 61.50 61.90 
2016/11/28 61.90 62.60 61.60 61.70 
2016/11/29 61.70 62.30 61.30 62.20 
2016/11/30 62.30 62.90 60.60 61.20 
2016/12/01 60.90 61.00 60.10 60.50 
2016/12/02 60.00 61.20 59.80 60.40 
2016/12/05 60.50 60.60 59.80 59.90 
2016/12/06 60.40 60.90 60.00 60.20 
2016/12/07 60.60 61.40 60.10 61.30 
2016/12/08 62.40 62.60 60.90 61.00 
2016/12/09 61.40 61.80 61.10 61.50 
2016/12/12 62.00 62.30 61.20 61.40 
2016/12/13 61.80 61.80 60.40 60.80 
2016/12/14 60.80 61.10 60.50 60.70 
2016/12/15 60.60 60.90 60.30 60.50 
2016/12/16 60.90 63.40 60.60 62.00 
2016/12/19 62.70 63.10 61.80 61.90 
2016/12/20 62.00 62.40 61.50 62.10 
2016/12/21 62.60 62.60 61.50 61.70 
2016/12/22 62.00 62.20 61.20 61.30 
2016/12/23 61.30 61.70 61.00 61.00 
2016/12/26 61.00 61.40 60.70 61.00 
2016/12/27 61.00 61.60 61.00 61.10 
2016/12/28 61.50 61.50 61.10 61.50 
2016/12/29 61.60 63.30 61.50 62.80 
2016/12/30 63.20 63.40 62.40 62.70 
2017/01/03 62.30 62.60 62.00 62.00 
2017/01/04 62.20 63.00 62.10 62.30 
2017/01/05 62.50 63.80 62.30 62.70 
2017/01/06 62.60 63.10 62.30 62.30 
2017/01/09 63.80 64.20 62.80 62.80 
2017/01/10 62.70 63.10 62.50 62.70 
2017/01/11 62.80 63.10 62.30 62.40 
2017/01/12 62.80 63.30 62.40 62.40 
2017/01/13 62.40 63.40 62.20 63.10 
2017/01/16 63.30 63.30 62.30 62.30 
2017/01/17 62.30 62.60 62.00 62.20 
2017/01/18 62.20 62.90 62.20 62.40 
2017/01/19 62.80 67.60 62.60 65.70 
2017/01/20 65.60 66.20 64.20 64.30 
2017/01/23 64.90 65.90 64.30 64.30 
2017/01/24 64.90 65.30 64.30 65.00 
2017/02/02 65.60 66.50 65.20 65.60 
2017/02/03 66.20 68.80 65.80 67.50 
2017/02/06 67.80 68.30 66.30 66.80 
2017/02/07 67.20 67.80 66.40 67.70 
2017/02/08 68.40 70.80 67.70 69.10 
