2016/07/01 31.45 31.75 31.10 31.55 
2016/07/04 31.75 31.90 31.50 31.60 
2016/07/05 31.60 32.00 31.50 32.00 
2016/07/06 32.30 32.30 31.60 31.90 
2016/07/07 31.90 32.35 31.85 31.90 
2016/07/11 31.90 32.15 31.60 31.90 
2016/07/12 32.50 34.30 32.50 33.40 
2016/07/13 33.35 33.65 33.00 33.65 
2016/07/14 33.70 34.00 33.70 33.85 
2016/07/15 33.90 34.30 33.90 34.20 
2016/07/18 34.40 36.75 33.70 36.25 
2016/07/19 36.60 36.95 35.80 35.90 
2016/07/20 35.90 35.90 34.75 35.30 
2016/07/21 33.80 33.80 33.40 33.80 
2016/07/22 33.80 33.80 33.15 33.15 
2016/07/25 33.15 33.25 32.60 32.75 
2016/07/26 32.75 33.15 32.50 32.50 
2016/07/27 32.55 32.80 32.15 32.50 
2016/07/28 33.00 33.00 32.45 32.45 
2016/07/29 32.10 32.80 32.10 32.40 
2016/08/01 32.85 32.90 32.50 32.60 
2016/08/02 32.75 32.75 32.20 32.40 
2016/08/03 32.40 32.40 32.20 32.40 
2016/08/04 32.25 33.50 32.25 33.15 
2016/08/05 33.15 33.40 33.00 33.30 
2016/08/08 33.50 33.80 33.10 33.35 
2016/08/09 33.30 33.30 33.05 33.10 
2016/08/10 33.10 33.50 33.00 33.00 
2016/08/11 32.75 32.75 32.10 32.20 
2016/08/12 32.30 32.40 32.15 32.20 
2016/08/15 32.20 33.20 32.20 33.20 
2016/08/16 33.00 33.00 32.25 32.50 
2016/08/17 32.50 32.50 31.70 32.25 
2016/08/18 32.30 32.70 32.25 32.70 
2016/08/19 32.30 32.55 32.00 32.00 
2016/08/22 32.05 32.10 32.00 32.00 
2016/08/23 32.00 32.45 31.95 32.45 
2016/08/24 32.45 32.65 32.45 32.65 
2016/08/25 32.80 32.95 32.80 32.95 
2016/08/26 33.00 33.00 32.55 32.85 
2016/08/29 32.55 32.90 32.20 32.65 
2016/08/30 32.70 32.70 32.50 32.50 
2016/08/31 32.50 32.80 32.40 32.50 
2016/09/01 32.30 32.30 32.10 32.15 
2016/09/02 32.00 32.30 32.00 32.10 
2016/09/05 32.40 32.50 32.10 32.10 
2016/09/06 32.10 32.60 32.10 32.40 
2016/09/07 32.30 32.80 32.20 32.40 
2016/09/08 32.85 33.15 32.50 32.85 
2016/09/09 32.60 32.85 32.45 32.70 
2016/09/10 32.40 32.40 32.15 32.30 
2016/09/12 32.30 32.30 31.85 32.30 
2016/09/13 32.20 32.25 32.00 32.25 
2016/09/14 32.00 32.80 31.90 32.30 
2016/09/19 32.30 32.55 32.10 32.55 
2016/09/20 32.20 32.40 32.15 32.25 
2016/09/21 32.50 32.50 32.25 32.50 
2016/09/22 32.50 32.55 32.40 32.40 
2016/09/23 32.40 32.70 32.40 32.70 
2016/09/26 32.70 32.70 32.40 32.45 
2016/09/29 32.40 32.80 32.15 32.15 
2016/09/30 32.45 32.45 32.15 32.20 
2016/10/03 32.45 32.50 32.00 32.20 
2016/10/04 32.15 32.20 32.15 32.20 
2016/10/05 32.25 32.30 32.25 32.30 
2016/10/06 32.30 32.80 32.30 32.35 
2016/10/07 32.35 32.65 32.35 32.55 
2016/10/11 32.45 32.45 31.05 31.55 
2016/10/12 31.60 31.90 31.10 31.85 
2016/10/13 31.80 32.00 31.70 32.00 
2016/10/14 31.65 32.25 31.65 31.95 
2016/10/17 32.00 32.20 31.95 32.05 
2016/10/18 32.05 32.70 32.00 32.25 
2016/10/19 32.45 32.45 32.00 32.25 
2016/10/20 32.10 32.20 31.75 32.20 
2016/10/21 32.20 32.25 32.05 32.25 
2016/10/24 32.30 32.50 32.30 32.40 
2016/10/25 32.35 32.40 32.20 32.30 
2016/10/26 32.30 32.90 32.00 32.30 
2016/10/27 32.60 32.75 32.30 32.35 
2016/10/28 32.00 32.40 32.00 32.40 
2016/10/31 32.40 32.45 32.30 32.45 
2016/11/01 32.40 32.40 32.00 32.05 
2016/11/02 31.85 32.00 31.85 32.00 
2016/11/03 32.00 32.60 32.00 32.35 
2016/11/04 32.00 32.40 32.00 32.35 
2016/11/07 32.40 32.40 32.10 32.10 
2016/11/08 32.10 32.50 32.10 32.30 
2016/11/09 31.60 31.60 29.50 29.60 
2016/11/10 29.70 30.35 29.70 29.75 
2016/11/11 29.75 29.75 28.50 28.85 
2016/11/14 28.60 28.60 27.80 28.35 
2016/11/15 28.35 29.00 28.35 28.90 
2016/11/16 28.35 28.80 28.35 28.80 
2016/11/17 28.80 28.90 28.70 28.90 
2016/11/18 28.90 29.00 28.60 28.85 
2016/11/21 29.30 29.30 28.80 28.95 
2016/11/22 28.75 29.00 28.60 28.90 
2016/11/23 28.95 28.95 28.60 28.70 
2016/11/24 28.80 28.90 28.70 28.85 
2016/11/25 28.90 28.90 28.75 28.80 
2016/11/28 29.00 29.00 28.70 28.70 
2016/11/29 28.70 28.70 28.50 28.65 
2016/11/30 28.65 28.65 28.45 28.60 
2016/12/01 28.60 28.80 28.55 28.70 
2016/12/02 28.95 29.00 28.95 29.00 
2016/12/05 29.05 29.20 28.70 29.05 
2016/12/06 29.05 29.05 28.90 29.05 
2016/12/07 28.90 29.05 28.85 29.00 
2016/12/08 29.05 29.45 29.05 29.45 
2016/12/09 29.85 29.85 29.20 29.25 
2016/12/12 30.00 30.00 29.25 29.25 
2016/12/13 29.00 29.50 29.00 29.00 
2016/12/14 29.00 29.20 28.90 29.00 
2016/12/15 29.00 29.00 29.00 29.00 
2016/12/16 29.00 29.20 29.00 29.10 
2016/12/19 29.10 29.45 29.05 29.20 
2016/12/20 29.25 29.30 29.05 29.30 
2016/12/21 29.30 29.50 29.15 29.40 
2016/12/22 29.35 29.35 29.15 29.30 
2016/12/23 29.25 29.40 29.20 29.25 
2016/12/26 29.15 29.60 29.15 29.35 
2016/12/27 29.20 29.70 29.20 29.60 
2016/12/28 29.65 29.70 29.40 29.60 
2016/12/29 29.70 29.70 29.50 29.50 
2016/12/30 29.50 29.80 29.50 29.80 
2017/01/03 29.90 29.90 29.60 29.80 
2017/01/04 29.75 29.95 29.50 29.60 
2017/01/05 29.90 29.95 29.20 29.85 
2017/01/06 29.85 29.90 29.70 29.75 
2017/01/09 29.75 30.25 29.60 29.65 
2017/01/10 29.65 29.95 29.65 29.95 
2017/01/11 29.90 30.95 29.85 29.95 
2017/01/12 29.95 30.05 29.85 29.90 
2017/01/13 29.90 29.90 29.70 29.70 
2017/01/16 29.60 29.80 29.40 29.80 
2017/01/17 29.50 29.70 29.50 29.70 
2017/01/18 29.70 29.80 29.50 29.80 
2017/01/19 29.55 29.95 29.50 29.80 
2017/01/20 29.85 29.85 29.50 29.70 
2017/01/23 29.65 29.75 29.50 29.75 
2017/01/24 29.70 29.70 29.45 29.45 
2017/02/02 29.75 29.75 29.55 29.70 
2017/02/03 29.90 29.90 29.70 29.70 
2017/02/06 29.70 29.95 29.70 29.90 
2017/02/07 29.80 30.25 29.80 30.00 
2017/02/08 30.00 30.25 30.00 30.20 
