2016/07/01 509.00 517.00 496.00 498.50 
2016/07/04 500.00 517.00 493.00 509.00 
2016/07/05 508.00 510.00 495.00 495.00 
2016/07/06 499.00 499.50 484.00 484.00 
2016/07/07 493.00 498.00 487.00 490.00 
2016/07/11 441.00 441.00 441.00 441.00 
2016/07/12 403.00 433.00 400.00 425.00 
2016/07/13 435.00 439.00 426.00 431.00 
2016/07/14 431.00 439.00 404.00 410.50 
2016/07/15 415.50 419.50 404.00 410.00 
2016/07/18 412.00 426.50 405.00 425.00 
2016/07/19 396.00 424.00 384.00 424.00 
2016/07/20 424.00 426.50 415.00 415.00 
2016/07/21 422.00 428.00 419.00 426.50 
2016/07/22 440.00 469.00 433.00 461.00 
2016/07/25 471.50 478.00 455.00 456.50 
2016/07/26 458.50 468.00 456.00 468.00 
2016/07/27 465.00 475.00 459.00 461.00 
2016/07/28 459.00 464.50 436.00 440.00 
2016/07/29 445.50 451.50 427.00 432.00 
2016/08/01 438.00 438.50 427.00 429.00 
2016/08/02 434.00 444.00 428.00 428.00 
2016/08/03 425.00 439.00 422.00 439.00 
2016/08/04 444.00 459.00 441.00 454.00 
2016/08/05 463.00 499.00 458.00 498.00 
2016/08/08 500.00 506.00 475.00 477.00 
2016/08/09 480.00 488.50 473.50 473.50 
2016/08/10 478.50 502.00 477.00 481.00 
2016/08/11 485.00 489.50 475.00 479.00 
2016/08/12 483.50 485.00 470.50 471.00 
2016/08/15 477.00 497.50 477.00 495.00 
2016/08/16 495.00 504.00 488.00 492.00 
2016/08/17 497.50 525.00 490.00 490.00 
2016/08/18 492.50 503.00 485.50 493.00 
2016/08/19 501.00 501.00 477.50 481.00 
2016/08/22 484.50 487.00 460.00 460.00 
2016/08/23 464.50 472.00 460.00 464.00 
2016/08/24 469.00 473.50 463.50 467.00 
2016/08/25 472.00 478.00 471.00 472.00 
2016/08/26 467.50 482.00 466.00 474.00 
2016/08/29 475.00 475.00 463.00 466.00 
2016/08/30 470.50 477.50 468.00 476.00 
2016/08/31 479.00 484.50 478.00 484.00 
2016/09/01 489.50 492.00 477.50 477.50 
2016/09/02 480.00 482.00 432.00 438.00 
2016/09/05 440.50 445.00 417.50 425.50 
2016/09/06 451.00 468.00 450.00 468.00 
2016/09/07 477.00 483.00 470.00 480.00 
2016/09/08 477.00 493.50 473.00 486.50 
2016/09/09 483.50 489.00 480.50 489.00 
2016/09/10 476.00 481.50 467.00 472.50 
2016/09/12 469.00 469.00 435.50 446.00 
2016/09/13 455.00 456.50 435.50 453.00 
2016/09/14 448.00 470.50 440.00 470.50 
2016/09/19 470.50 476.00 465.50 471.50 
2016/09/20 470.00 480.00 467.00 470.50 
2016/09/21 472.00 477.00 466.00 466.00 
2016/09/22 470.00 485.00 467.00 480.00 
2016/09/23 478.00 487.00 474.00 481.00 
2016/09/26 476.00 476.00 466.50 466.50 
2016/09/29 463.00 465.00 447.50 448.00 
2016/09/30 441.00 452.50 438.00 439.00 
2016/10/03 443.50 454.00 439.00 451.50 
2016/10/04 457.50 460.00 445.50 450.00 
2016/10/05 447.00 448.00 431.50 435.00 
2016/10/06 461.00 478.00 460.00 474.00 
2016/10/07 472.00 474.00 462.00 468.50 
2016/10/11 472.00 475.50 457.00 461.00 
2016/10/12 458.00 466.50 454.00 459.00 
2016/10/13 460.00 464.50 456.00 457.50 
2016/10/14 456.00 467.50 437.00 446.00 
2016/10/17 444.50 448.00 433.00 443.50 
2016/10/18 444.50 454.50 444.50 447.00 
2016/10/19 448.00 450.00 438.00 445.00 
2016/10/20 451.50 453.00 445.00 452.50 
2016/10/21 452.50 456.00 447.00 456.00 
2016/10/24 463.50 473.00 460.00 467.00 
2016/10/25 475.00 476.50 458.00 458.00 
2016/10/26 458.50 463.50 450.00 453.50 
2016/10/27 457.00 465.00 457.00 460.50 
2016/10/28 461.00 461.00 448.00 451.00 
2016/10/31 451.00 463.00 450.00 462.00 
2016/11/01 459.00 465.00 457.50 462.00 
2016/11/02 455.00 455.00 433.50 433.50 
2016/11/03 429.00 435.00 390.50 390.50 
2016/11/04 388.00 397.00 378.00 390.00 
2016/11/07 397.00 401.50 351.00 364.00 
2016/11/08 365.00 365.00 328.00 328.00 
2016/11/09 332.00 338.50 305.00 312.50 
2016/11/10 329.00 340.00 318.50 331.00 
2016/11/11 320.00 325.50 315.50 325.50 
2016/11/14 328.00 330.00 320.00 325.50 
2016/11/15 322.50 324.00 305.00 309.50 
2016/11/16 305.00 316.50 291.00 292.00 
2016/11/17 292.00 302.00 285.00 296.00 
2016/11/18 300.00 308.50 295.00 304.00 
2016/11/21 304.00 310.00 297.00 297.00 
2016/11/22 301.00 306.50 297.00 302.00 
2016/11/23 305.00 311.50 305.00 306.50 
2016/11/24 306.50 311.00 303.50 307.00 
2016/11/25 312.00 316.50 308.00 309.00 
2016/11/28 309.00 316.00 307.00 316.00 
2016/11/29 308.00 308.00 284.50 284.50 
2016/11/30 278.00 282.00 272.00 275.00 
2016/12/01 277.00 279.50 273.00 276.50 
2016/12/02 277.00 281.00 256.50 260.00 
2016/12/05 259.50 271.50 256.50 271.50 
2016/12/06 285.00 298.50 285.00 298.50 
2016/12/07 301.50 305.00 296.00 296.00 
2016/12/08 302.00 303.50 288.00 291.00 
2016/12/09 292.50 296.50 289.00 294.00 
2016/12/12 296.00 298.50 286.00 286.00 
2016/12/13 286.50 287.50 276.50 286.00 
2016/12/14 290.00 303.00 286.50 293.50 
2016/12/15 290.50 297.50 288.50 295.50 
2016/12/16 291.00 294.00 287.00 290.50 
2016/12/19 291.50 297.00 287.00 287.00 
2016/12/20 287.00 289.50 271.00 273.00 
2016/12/21 279.50 282.50 275.00 275.00 
2016/12/22 280.00 296.50 280.00 290.50 
2016/12/23 290.50 290.50 283.50 285.00 
2016/12/26 288.00 291.00 284.00 284.50 
2016/12/27 286.00 286.00 281.00 281.50 
2016/12/28 282.50 291.50 282.00 285.50 
2016/12/29 286.00 294.00 284.50 288.50 
2016/12/30 293.00 294.50 289.00 289.50 
2017/01/03 292.50 304.50 291.00 300.50 
2017/01/04 305.00 307.00 297.00 298.00 
2017/01/05 301.50 304.50 296.50 300.00 
2017/01/06 302.50 309.50 301.00 302.50 
2017/01/09 299.00 299.00 284.00 286.50 
2017/01/10 285.00 290.00 285.00 289.50 
2017/01/11 290.50 292.50 288.00 288.00 
2017/01/12 291.00 295.00 289.50 292.00 
2017/01/13 294.00 299.00 289.50 292.00 
2017/01/16 295.50 300.00 294.00 297.50 
2017/01/17 300.50 304.50 298.00 298.00 
2017/01/18 295.00 301.50 294.50 300.00 
2017/01/19 302.50 304.00 298.50 298.50 
2017/01/20 299.00 300.00 295.00 295.00 
2017/01/23 297.50 303.50 296.00 300.00 
2017/01/24 303.00 305.00 293.00 294.00 
2017/02/02 297.00 302.00 292.00 302.00 
2017/02/03 307.00 332.00 307.00 332.00 
2017/02/06 342.00 344.50 330.00 331.00 
2017/02/07 336.00 339.50 329.00 334.00 
2017/02/08 333.00 334.00 326.50 328.00 
