2016/07/01 3.53 3.68 3.45 3.53 
2016/07/04 3.45 3.53 3.37 3.41 
2016/07/05 3.42 3.45 3.35 3.44 
2016/07/06 3.42 3.42 3.25 3.35 
2016/07/07 3.40 3.68 3.36 3.68 
2016/07/11 3.67 4.04 3.55 4.00 
2016/07/12 4.00 4.04 3.83 3.86 
2016/07/13 3.85 3.98 3.85 3.90 
2016/07/14 3.98 4.00 3.80 3.94 
2016/07/15 3.94 4.06 3.87 3.95 
2016/07/18 3.85 3.91 3.82 3.86 
2016/07/19 3.82 3.90 3.80 3.88 
2016/07/20 3.88 3.88 3.72 3.72 
2016/07/21 3.72 3.96 3.72 3.88 
2016/07/22 3.79 3.95 3.79 3.88 
2016/07/25 3.80 3.81 3.75 3.75 
2016/07/26 3.75 3.85 3.75 3.75 
2016/07/27 3.75 3.85 3.75 3.76 
2016/07/28 3.76 3.84 3.75 3.82 
2016/07/29 3.89 3.89 3.70 3.82 
2016/08/01 3.87 3.88 3.70 3.75 
2016/08/02 3.85 3.85 3.73 3.82 
2016/08/03 3.79 3.95 3.75 3.94 
2016/08/04 3.95 4.26 3.93 4.20 
2016/08/05 4.18 4.18 4.06 4.12 
2016/08/08 4.04 4.19 4.04 4.06 
2016/08/09 4.02 4.06 4.00 4.01 
2016/08/10 4.01 4.01 3.91 3.97 
2016/08/11 3.95 4.08 3.91 4.00 
2016/08/12 3.99 4.01 3.93 4.00 
2016/08/15 4.05 4.05 3.95 3.97 
2016/08/16 4.03 4.15 3.97 4.09 
2016/08/17 3.99 4.13 3.99 4.11 
2016/08/18 4.10 4.10 4.00 4.04 
2016/08/19 4.05 4.16 4.02 4.11 
2016/08/22 4.11 4.11 4.01 4.05 
2016/08/23 4.01 4.01 3.95 4.00 
2016/08/24 4.00 4.05 4.00 4.05 
2016/08/25 4.00 4.13 4.00 4.06 
2016/08/26 4.10 4.15 4.06 4.10 
2016/08/29 4.08 4.25 4.08 4.25 
2016/08/30 4.39 4.40 4.17 4.35 
2016/08/31 4.42 4.76 4.30 4.75 
2016/09/01 4.81 5.22 4.81 5.22 
2016/09/02 5.50 5.74 5.45 5.74 
2016/09/05 6.28 6.31 5.50 5.68 
2016/09/06 5.75 5.76 5.35 5.50 
2016/09/07 5.78 5.78 5.38 5.60 
2016/09/08 5.70 5.73 5.55 5.60 
2016/09/09 5.55 5.80 5.45 5.77 
2016/09/10 5.44 5.71 5.44 5.63 
2016/09/12 5.69 5.69 5.45 5.46 
2016/09/13 5.46 5.58 5.40 5.41 
2016/09/14 5.41 5.54 5.39 5.42 
2016/09/19 4.90 5.48 4.90 5.38 
2016/09/20 5.04 5.28 5.04 5.25 
2016/09/21 5.05 5.20 5.05 5.17 
2016/09/22 5.07 5.20 5.07 5.10 
2016/09/23 5.05 5.18 5.03 5.08 
2016/09/26 5.07 5.19 5.03 5.19 
2016/09/29 5.20 5.44 5.20 5.30 
2016/09/30 5.29 5.30 5.11 5.15 
2016/10/03 5.02 5.12 5.02 5.06 
2016/10/04 5.06 5.16 5.01 5.05 
2016/10/05 5.05 5.15 4.91 4.93 
2016/10/06 5.09 5.09 4.97 5.00 
2016/10/07 5.07 5.10 4.92 4.92 
2016/10/11 4.92 5.12 4.76 4.80 
2016/10/12 4.76 4.88 4.71 4.75 
2016/10/13 4.70 4.80 4.65 4.72 
2016/10/14 4.70 4.70 4.39 4.40 
2016/10/17 4.40 4.56 4.40 4.43 
2016/10/18 4.57 4.58 4.34 4.40 
2016/10/19 4.40 4.45 4.40 4.40 
2016/10/20 4.52 4.84 4.52 4.84 
2016/10/21 5.32 5.32 5.32 5.32 
2016/10/24 5.85 5.85 5.35 5.61 
2016/10/25 5.51 5.60 5.33 5.36 
2016/10/26 5.38 5.57 5.38 5.41 
2016/10/27 5.52 5.52 5.32 5.34 
2016/10/28 5.44 5.78 5.40 5.56 
2016/10/31 5.38 5.48 5.07 5.48 
2016/11/01 5.49 5.49 5.34 5.35 
2016/11/02 5.35 5.50 5.20 5.20 
2016/11/03 5.06 5.35 5.06 5.13 
2016/11/04 5.10 5.14 5.01 5.10 
2016/11/07 5.00 5.10 5.00 5.00 
2016/11/08 4.96 4.96 4.70 4.83 
2016/11/09 4.70 4.73 4.42 4.60 
2016/11/10 4.61 5.06 4.60 5.00 
2016/11/11 4.96 4.96 4.65 4.70 
2016/11/14 4.61 4.76 4.58 4.70 
2016/11/15 4.58 4.80 4.58 4.80 
2016/11/16 4.70 5.15 4.70 4.80 
2016/12/02 6.67 6.67 6.20 6.67 
2016/12/05 6.60 6.60 6.24 6.24 
2016/12/06 6.24 6.33 6.15 6.15 
2016/12/07 6.16 6.28 6.14 6.15 
2016/12/08 6.38 6.38 6.20 6.20 
2016/12/09 6.08 6.08 5.81 5.86 
2016/12/12 5.63 5.86 5.60 5.62 
2016/12/13 5.50 6.15 5.42 5.87 
2016/12/14 5.80 6.04 5.78 5.78 
2016/12/15 5.80 5.80 5.68 5.79 
2016/12/16 5.66 5.70 5.62 5.70 
2016/12/19 5.70 5.75 5.60 5.60 
2016/12/20 5.55 5.68 5.53 5.68 
2016/12/21 5.68 5.84 5.61 5.68 
2016/12/22 5.68 6.24 5.68 6.24 
2016/12/23 6.20 6.65 6.15 6.15 
2016/12/26 6.17 6.29 6.03 6.03 
2016/12/27 6.03 6.24 6.03 6.07 
2016/12/28 6.08 6.25 6.08 6.12 
2016/12/29 6.12 6.15 6.10 6.10 
2016/12/30 6.10 6.26 6.00 6.02 
2017/01/03 6.03 6.05 5.91 5.92 
2017/01/04 5.89 6.08 5.89 6.00 
2017/01/05 5.95 6.00 5.95 5.95 
2017/01/06 6.08 6.08 5.93 5.95 
2017/01/09 5.90 6.04 5.90 5.92 
2017/01/10 5.91 6.05 5.91 6.05 
2017/01/11 6.06 6.06 5.93 5.93 
2017/01/12 5.95 5.98 5.93 5.96 
2017/01/13 5.95 6.19 5.95 6.07 
2017/01/16 6.02 6.15 5.95 5.96 
2017/01/17 6.04 6.04 5.96 6.03 
2017/01/18 6.10 6.10 5.91 6.03 
2017/01/19 5.98 6.00 5.80 6.00 
2017/01/20 5.81 6.00 5.81 5.99 
2017/01/23 5.98 5.99 5.83 5.89 
2017/01/24 5.89 5.92 5.89 5.92 
2017/02/02 5.91 5.91 5.83 5.84 
2017/02/03 5.91 5.91 5.50 5.79 
2017/02/06 5.79 5.95 5.79 5.81 
2017/02/07 5.78 5.85 5.78 5.82 
2017/02/08 5.98 6.30 5.90 6.24 
