2016/07/01 19.10 19.20 18.70 18.85 
2016/07/04 19.10 19.10 18.70 18.90 
2016/07/05 19.00 19.25 18.85 18.85 
2016/07/06 18.85 19.00 18.55 18.55 
2016/07/07 18.85 18.90 18.55 18.80 
2016/07/11 19.00 19.00 18.55 18.55 
2016/07/12 18.65 18.90 18.60 18.70 
2016/07/13 18.80 19.00 18.55 18.85 
2016/07/14 18.80 18.85 18.65 18.75 
2016/07/15 18.80 18.95 18.70 18.80 
2016/07/18 18.90 19.15 18.80 18.85 
2016/07/19 18.85 18.90 18.60 18.60 
2016/07/20 18.60 18.60 18.25 18.25 
2016/07/21 18.35 18.40 18.05 18.05 
2016/07/22 18.05 18.50 18.05 18.20 
2016/07/25 18.35 18.45 17.90 17.95 
2016/07/26 17.90 18.05 17.80 17.90 
2016/07/27 18.00 18.15 17.80 17.80 
2016/07/28 17.85 17.90 17.20 17.50 
2016/07/29 17.50 17.70 17.35 17.35 
2016/08/01 17.60 17.75 17.50 17.50 
2016/08/02 17.00 17.10 16.70 16.85 
2016/08/03 16.75 16.85 16.70 16.70 
2016/08/04 16.80 16.90 16.55 16.55 
2016/08/05 16.60 16.70 16.40 16.60 
2016/08/08 16.50 16.70 16.40 16.45 
2016/08/09 16.60 16.65 16.05 16.15 
2016/08/10 16.40 16.40 16.15 16.20 
2016/08/11 16.20 16.35 15.80 15.85 
2016/08/12 15.90 16.05 15.80 15.85 
2016/08/15 15.80 15.80 15.00 15.00 
2016/08/16 15.20 15.75 15.20 15.65 
2016/08/17 15.65 15.75 15.30 15.60 
2016/08/18 15.70 15.95 15.65 15.95 
2016/08/19 15.95 16.10 15.80 15.80 
2016/08/22 15.85 15.90 15.60 15.65 
2016/08/23 15.75 15.80 15.40 15.40 
2016/08/24 15.40 15.50 15.25 15.30 
2016/08/25 15.30 16.30 15.30 16.10 
2016/08/26 16.25 16.30 16.00 16.25 
2016/08/29 16.15 16.20 15.85 15.90 
2016/08/30 16.00 16.25 15.95 16.00 
2016/08/31 15.90 16.20 15.80 15.95 
2016/09/01 16.00 16.05 15.80 15.80 
2016/09/02 15.70 15.75 15.20 15.25 
2016/09/05 15.25 15.45 15.20 15.25 
2016/09/06 15.25 15.35 15.20 15.30 
2016/09/07 15.25 15.65 15.20 15.55 
2016/09/08 15.40 15.75 15.40 15.65 
2016/09/09 15.65 15.80 15.65 15.65 
2016/09/10 15.30 15.65 15.30 15.60 
2016/09/12 15.60 16.10 15.60 15.75 
2016/09/13 15.80 15.85 15.50 15.65 
2016/09/14 15.60 15.80 15.60 15.70 
2016/09/19 15.80 16.15 15.70 16.05 
2016/09/20 16.05 16.10 15.65 16.05 
2016/09/21 15.35 15.80 15.35 15.55 
2016/09/22 15.60 15.80 15.55 15.60 
2016/09/23 15.80 15.80 15.60 15.70 
2016/09/26 15.60 15.75 15.50 15.60 
2016/09/29 15.65 15.80 15.60 15.60 
2016/09/30 15.50 15.65 15.40 15.45 
2016/10/03 15.60 15.70 15.50 15.65 
2016/10/04 15.65 16.10 15.60 16.00 
2016/10/05 16.00 16.10 15.75 15.75 
2016/10/06 15.95 16.35 15.85 16.10 
2016/10/07 16.30 16.30 16.05 16.25 
2016/10/11 16.35 16.40 15.70 15.80 
2016/10/12 15.90 16.00 15.75 15.90 
2016/10/13 16.00 16.65 16.00 16.50 
2016/10/14 16.40 16.65 16.10 16.50 
2016/10/17 16.60 16.65 16.40 16.40 
2016/10/18 16.50 16.50 16.25 16.30 
2016/10/19 16.45 16.50 16.10 16.15 
2016/10/20 16.20 16.40 16.10 16.15 
2016/10/21 16.25 16.35 16.05 16.10 
2016/10/24 16.20 16.20 15.90 15.90 
2016/10/25 15.95 16.05 15.85 15.85 
2016/10/26 15.90 16.05 15.85 15.95 
2016/10/27 16.10 16.10 15.80 15.80 
2016/10/28 15.85 15.90 15.75 15.75 
2016/10/31 15.80 15.90 15.65 15.85 
2016/11/01 15.85 15.90 15.75 15.90 
2016/11/02 15.80 16.05 15.75 15.75 
2016/11/03 15.75 15.85 15.40 15.40 
2016/11/04 15.40 15.60 15.35 15.40 
2016/11/07 15.35 15.55 15.35 15.50 
2016/11/08 15.60 15.80 15.45 15.80 
2016/11/09 15.90 15.95 15.10 15.15 
2016/11/10 15.40 15.45 15.25 15.30 
2016/11/11 15.00 15.10 14.20 14.25 
2016/11/14 14.15 14.35 13.60 14.05 
2016/11/15 14.05 14.35 13.90 14.15 
2016/11/16 14.30 14.45 14.25 14.25 
2016/11/17 14.20 14.20 13.30 13.30 
2016/11/18 13.40 13.70 13.40 13.60 
2016/11/21 13.65 13.75 13.60 13.65 
2016/11/22 13.75 14.10 13.75 14.00 
2016/11/23 13.90 14.30 13.90 14.05 
2016/11/24 14.00 14.25 14.00 14.00 
2016/11/25 14.05 14.05 13.85 13.95 
2016/11/28 14.10 14.15 13.70 13.75 
2016/11/29 13.85 14.15 13.80 14.00 
2016/11/30 14.00 14.10 13.85 14.00 
2016/12/01 14.30 14.50 14.25 14.40 
2016/12/02 14.75 14.90 14.40 14.40 
2016/12/05 14.60 14.90 14.60 14.60 
2016/12/06 14.85 15.00 14.70 14.70 
2016/12/07 14.75 14.75 14.50 14.60 
2016/12/08 14.85 15.10 14.80 14.85 
2016/12/09 14.70 14.85 14.70 14.70 
2016/12/12 14.75 15.00 14.70 14.75 
2016/12/13 14.75 14.80 14.30 14.60 
2016/12/14 14.65 14.80 14.55 14.80 
2016/12/15 14.65 14.65 14.40 14.50 
2016/12/16 14.50 14.95 14.45 14.80 
2016/12/19 15.10 15.30 14.80 14.85 
2016/12/20 14.95 15.05 14.75 14.95 
2016/12/21 14.95 15.05 14.80 14.85 
2016/12/22 14.85 14.85 14.60 14.60 
2016/12/23 14.65 14.75 14.50 14.50 
2016/12/26 14.50 14.85 14.50 14.60 
2016/12/27 14.65 14.70 14.50 14.50 
2016/12/28 14.50 14.70 14.50 14.70 
2016/12/29 14.70 14.70 14.50 14.50 
2016/12/30 14.80 15.25 14.75 15.10 
2017/01/03 15.20 15.25 14.90 15.05 
2017/01/04 14.95 15.35 14.90 14.95 
2017/01/05 15.00 15.10 14.85 14.90 
2017/01/06 15.05 15.05 14.85 14.90 
2017/01/09 15.00 15.05 14.60 14.60 
2017/01/10 14.60 14.70 14.50 14.65 
2017/01/11 14.70 14.70 14.45 14.50 
2017/01/12 14.65 14.80 14.60 14.60 
2017/01/13 14.65 14.70 14.50 14.55 
2017/01/16 14.65 14.65 14.40 14.45 
2017/01/17 14.50 14.55 14.40 14.40 
2017/01/18 14.40 14.55 14.40 14.50 
2017/01/19 14.55 15.05 14.55 15.00 
2017/01/20 15.05 15.15 14.90 15.00 
2017/01/23 15.20 15.40 15.15 15.20 
2017/01/24 15.20 15.20 14.95 15.00 
2017/02/02 15.05 15.20 14.85 15.10 
2017/02/03 14.85 15.05 14.75 14.80 
2017/02/06 14.85 14.85 14.65 14.75 
2017/02/07 14.70 15.20 14.70 15.05 
2017/02/08 15.15 15.15 14.85 14.85 
