2016/07/01 8.99 9.13 8.70 8.99 
2016/07/04 8.81 8.81 8.10 8.20 
2016/07/05 8.18 8.37 8.10 8.20 
2016/07/06 8.28 8.29 8.18 8.20 
2016/07/07 8.29 8.60 8.16 8.20 
2016/07/11 8.20 8.22 7.78 8.09 
2016/07/12 8.00 8.09 7.97 8.03 
2016/07/13 8.02 8.07 8.00 8.00 
2016/07/14 8.00 8.08 7.90 7.90 
2016/07/15 7.99 8.00 7.85 7.94 
2016/07/18 7.99 8.09 7.94 8.00 
2016/07/19 7.98 8.06 7.98 8.00 
2016/07/20 8.10 8.10 8.00 8.00 
2016/07/21 8.00 8.48 8.00 8.10 
2016/07/22 8.12 8.17 8.10 8.17 
2016/07/25 8.17 8.60 8.15 8.35 
2016/07/26 8.35 8.36 8.25 8.30 
2016/07/27 8.30 8.40 8.26 8.37 
2016/07/28 8.37 8.39 8.01 8.20 
2016/07/29 8.20 8.25 8.10 8.12 
2016/08/01 8.39 8.39 8.01 8.02 
2016/08/02 8.33 8.33 8.05 8.30 
2016/08/03 8.30 8.30 8.10 8.23 
2016/08/04 8.38 8.38 8.21 8.37 
2016/08/05 8.38 8.38 8.20 8.25 
2016/08/08 8.30 8.30 8.15 8.22 
2016/08/09 8.20 8.24 8.16 8.24 
2016/08/10 9.06 9.06 9.06 9.06 
2016/08/11 9.96 9.96 9.75 9.96 
2016/08/12 9.46 10.10 9.35 9.69 
2016/08/15 10.00 10.35 9.69 10.25 
2016/08/16 10.60 11.25 10.30 11.25 
2016/08/17 10.70 12.00 10.70 12.00 
2016/08/18 12.20 13.10 12.05 13.05 
2016/08/19 12.70 13.00 12.20 12.35 
2016/08/22 12.35 13.00 11.15 13.00 
2016/08/23 13.00 13.00 12.45 12.90 
2016/08/24 13.00 13.00 12.65 12.70 
2016/08/25 12.40 12.45 12.10 12.30 
2016/08/26 12.25 12.55 12.20 12.50 
2016/08/29 12.50 12.70 12.35 12.40 
2016/08/30 12.60 12.70 12.40 12.60 
2016/08/31 12.60 13.65 12.50 13.65 
2016/09/01 13.65 13.65 13.25 13.30 
2016/09/02 13.00 13.40 12.05 12.65 
2016/09/05 12.65 12.65 11.85 11.90 
2016/09/06 11.95 13.05 10.80 13.05 
2016/09/07 12.70 12.70 11.75 11.75 
2016/09/08 11.50 12.00 10.80 11.90 
2016/09/09 11.65 12.20 11.40 11.75 
2016/09/10 11.50 11.75 11.30 11.35 
2016/09/12 11.40 11.85 11.40 11.60 
2016/09/13 11.75 12.65 11.75 12.50 
2016/09/14 12.50 12.85 12.50 12.70 
2016/09/19 12.70 13.95 12.70 13.30 
2016/09/20 13.50 14.40 13.25 14.20 
2016/09/21 14.30 15.15 14.15 14.80 
2016/09/22 14.95 15.50 14.80 14.85 
2016/09/23 15.25 16.30 14.80 16.30 
2016/09/26 17.00 17.90 16.80 17.90 
2016/09/29 18.60 19.65 18.55 19.65 
2016/09/30 20.40 21.60 19.00 21.00 
2016/10/03 21.00 21.00 18.90 18.90 
2016/10/04 18.00 19.50 17.45 19.40 
2016/10/05 19.05 19.05 18.50 19.00 
2016/10/06 18.95 19.30 18.80 19.20 
2016/10/07 19.20 21.10 19.20 21.10 
2016/10/11 21.30 23.20 20.60 22.10 
2016/10/12 21.75 23.50 21.50 22.40 
2016/10/13 23.00 23.00 22.00 22.50 
2016/10/14 22.50 23.00 22.20 22.95 
2016/10/17 22.50 25.00 22.20 25.00 
2016/10/18 25.50 27.40 24.50 26.85 
2016/10/19 26.85 28.20 25.65 27.10 
2016/10/20 26.75 27.30 25.00 25.60 
2016/10/21 25.90 27.20 25.50 25.80 
2016/10/24 26.00 26.25 25.25 25.50 
2016/10/25 27.00 28.05 26.30 28.05 
2016/10/26 27.85 30.75 27.70 30.30 
2016/10/27 30.00 30.65 28.00 29.20 
2016/10/28 29.20 31.45 29.20 29.70 
2016/10/31 30.00 30.70 29.10 29.30 
2016/11/01 29.20 29.50 28.20 28.95 
2016/11/02 28.50 29.25 26.55 26.55 
2016/11/03 25.60 28.00 25.60 26.50 
2016/11/04 27.00 28.15 26.65 27.00 
2016/11/07 27.70 27.70 26.20 26.20 
2016/11/08 25.80 27.20 25.80 26.90 
2016/11/09 27.55 27.55 24.35 24.70 
2016/11/10 25.50 26.80 25.50 26.75 
2016/11/11 26.60 26.60 25.10 25.90 
2016/11/14 26.10 26.60 25.40 25.50 
2016/11/15 25.30 25.50 23.80 24.10 
2016/11/16 24.10 24.55 21.70 22.00 
2016/11/17 22.00 24.20 21.80 24.20 
2016/11/18 25.00 26.30 25.00 25.95 
2016/11/21 27.50 28.50 26.50 27.90 
2016/11/22 27.60 28.25 27.25 27.95 
2016/11/23 27.75 30.00 25.85 25.95 
2016/11/24 26.40 26.85 24.00 26.00 
2016/11/25 26.00 26.75 25.55 26.35 
2016/11/28 25.60 26.20 25.60 26.15 
2016/11/29 26.75 26.75 26.15 26.70 
2016/11/30 26.50 26.90 26.30 26.90 
2016/12/01 27.00 27.00 26.45 26.50 
2016/12/02 26.30 26.45 26.00 26.25 
2016/12/05 26.10 26.10 25.70 26.00 
2016/12/06 26.10 28.00 26.10 27.80 
2016/12/07 28.00 29.00 27.50 27.50 
2016/12/08 27.55 28.00 27.00 27.75 
2016/12/09 27.75 28.85 27.20 28.80 
2016/12/12 28.30 29.70 27.65 28.35 
2016/12/13 28.35 29.65 28.35 28.85 
2016/12/14 29.45 30.40 29.20 29.20 
2016/12/15 29.20 29.40 28.80 29.20 
2016/12/16 29.40 29.40 28.10 28.50 
2016/12/19 28.70 28.70 27.45 27.60 
2016/12/20 27.60 28.80 27.20 28.30 
2016/12/21 28.80 28.90 28.00 28.20 
2016/12/22 28.00 28.15 27.60 27.85 
2016/12/23 28.00 29.35 27.95 28.35 
2016/12/26 28.55 28.55 27.75 27.95 
2016/12/27 27.65 28.90 27.55 28.40 
2016/12/28 28.60 31.20 28.60 31.20 
2016/12/29 31.80 33.20 31.25 31.80 
2016/12/30 31.80 34.95 31.80 34.95 
2017/01/03 36.00 38.40 36.00 37.85 
2017/01/04 37.00 39.15 36.55 37.85 
2017/01/05 34.80 36.40 34.10 34.10 
2017/01/06 33.60 34.90 32.60 34.90 
2017/01/09 34.80 34.90 34.00 34.20 
2017/01/10 35.90 36.05 34.80 34.90 
2017/01/11 35.00 36.30 35.00 36.30 
2017/01/12 37.50 37.80 37.10 37.10 
2017/01/13 36.55 38.00 36.55 37.85 
2017/01/16 38.25 39.00 38.25 38.35 
2017/01/17 39.00 39.65 39.00 39.50 
2017/01/18 39.90 40.50 39.90 40.10 
2017/01/19 42.40 43.10 37.60 37.65 
2017/01/20 37.20 39.45 37.15 38.55 
2017/01/23 39.00 39.80 38.45 38.65 
2017/01/24 38.50 38.80 37.20 37.70 
2017/02/02 37.80 39.00 37.70 37.85 
2017/02/03 38.00 38.50 36.00 37.00 
2017/02/06 36.90 37.30 36.30 36.70 
2017/02/07 37.00 39.25 36.00 37.70 
2017/02/08 37.90 37.90 36.25 36.40 
