2016/07/01 70.40 71.80 69.50 70.70 
2016/07/04 71.40 71.90 70.80 71.50 
2016/07/05 71.60 72.40 71.50 72.00 
2016/07/06 71.80 72.90 71.40 72.10 
2016/07/07 72.80 73.70 70.00 72.10 
2016/07/11 72.10 73.20 71.50 71.70 
2016/07/12 71.70 71.80 70.30 70.30 
2016/07/13 70.20 70.40 69.70 70.00 
2016/07/14 70.00 71.50 69.00 70.30 
2016/07/15 71.50 72.40 69.50 69.90 
2016/07/18 69.90 69.90 68.80 69.00 
2016/07/19 69.00 69.50 69.00 69.50 
2016/07/20 69.50 69.90 69.40 69.70 
2016/07/21 69.90 70.70 69.20 69.30 
2016/07/22 69.50 70.00 69.40 69.70 
2016/07/25 69.70 70.80 69.60 70.40 
2016/07/26 70.50 72.00 70.30 70.30 
2016/07/27 70.60 70.60 69.50 69.80 
2016/07/28 69.50 69.80 68.40 68.40 
2016/07/29 68.10 68.90 68.00 68.20 
2016/08/01 68.60 69.30 68.60 68.70 
2016/08/02 68.60 69.30 68.30 68.70 
2016/08/03 69.00 69.00 67.80 67.80 
2016/08/04 67.90 68.00 67.30 67.30 
2016/08/05 67.50 67.70 66.90 67.30 
2016/08/08 68.50 68.60 67.10 67.30 
2016/08/09 67.50 67.50 67.00 67.00 
2016/08/10 67.00 67.40 66.60 67.00 
2016/08/11 67.00 67.30 66.50 67.10 
2016/08/12 68.50 69.00 67.20 67.50 
2016/08/15 67.70 67.70 66.90 67.00 
2016/08/16 67.00 67.70 67.00 67.20 
2016/08/17 67.40 68.00 66.90 67.50 
2016/08/18 67.50 67.60 66.80 67.50 
2016/08/19 67.50 68.10 66.90 67.50 
2016/08/22 68.00 68.00 66.70 67.30 
2016/08/23 67.20 67.20 66.70 66.70 
2016/08/24 67.00 67.40 66.60 67.20 
2016/08/25 67.40 67.80 67.30 67.30 
2016/08/26 67.70 68.00 66.80 67.20 
2016/08/29 67.00 67.20 66.70 66.90 
2016/08/30 67.00 67.80 66.80 67.50 
2016/08/31 67.60 67.70 67.10 67.10 
2016/09/01 67.50 67.50 66.70 66.90 
2016/09/02 67.10 67.10 66.70 66.80 
2016/09/05 67.00 67.80 66.80 67.20 
2016/09/06 68.00 68.00 66.90 66.90 
2016/09/07 67.00 67.60 66.90 67.10 
2016/09/08 67.10 67.20 66.30 66.60 
2016/09/09 67.40 67.40 66.60 66.60 
2016/09/10 66.60 66.60 66.50 66.50 
2016/09/12 66.80 66.80 65.60 65.60 
2016/09/13 66.10 66.10 64.50 65.60 
2016/09/14 65.70 65.70 64.00 64.40 
2016/09/19 64.90 66.70 64.40 65.00 
2016/09/20 65.40 65.50 64.90 65.20 
2016/09/21 65.50 65.50 64.50 65.00 
2016/09/22 65.30 65.30 64.80 64.80 
2016/09/23 65.00 65.00 64.40 64.50 
2016/09/26 64.90 64.90 63.50 63.50 
2016/09/29 63.90 64.00 62.70 63.00 
2016/09/30 63.20 65.40 61.80 63.20 
2016/10/03 63.70 63.90 62.70 62.80 
2016/10/04 64.40 64.40 62.40 62.80 
2016/10/05 63.30 63.30 62.40 62.50 
2016/10/06 63.00 63.00 62.10 62.50 
2016/10/07 62.50 63.00 62.50 62.80 
2016/10/11 63.30 63.30 61.40 62.00 
2016/10/12 62.50 62.50 61.50 62.20 
2016/10/13 62.70 62.70 61.80 61.90 
2016/10/14 62.50 62.50 60.50 61.50 
2016/10/17 61.00 61.30 60.10 61.30 
2016/10/18 61.30 61.30 61.20 61.30 
2016/10/19 61.70 61.70 61.00 61.00 
2016/10/20 61.20 62.40 61.10 61.10 
2016/10/21 61.50 61.90 61.00 61.30 
2016/10/24 61.50 61.80 61.10 61.20 
2016/10/25 60.80 61.50 60.60 61.50 
2016/10/26 61.50 61.90 61.00 61.20 
2016/10/27 61.90 62.40 61.00 61.30 
2016/10/28 61.20 61.30 60.70 60.70 
2016/10/31 60.50 60.50 60.10 60.20 
2016/11/01 61.00 61.30 60.10 60.10 
2016/11/02 60.10 61.00 59.50 59.60 
2016/11/03 60.10 60.10 58.90 58.90 
2016/11/04 59.00 59.20 58.00 58.10 
2016/11/07 58.40 58.40 52.90 56.00 
2016/11/08 57.80 57.80 55.00 56.60 
2016/11/09 57.00 57.00 53.50 55.00 
2016/11/10 56.00 56.30 54.50 55.00 
2016/11/11 55.50 56.00 54.30 55.30 
2016/11/14 55.40 56.80 54.30 55.70 
2016/11/15 55.50 56.20 54.80 55.00 
2016/11/16 55.00 55.60 54.60 55.40 
2016/11/17 55.50 55.70 54.90 55.60 
2016/11/18 55.50 56.70 55.00 56.50 
2016/11/21 56.00 60.50 56.00 60.00 
2016/11/22 59.40 61.90 59.40 61.10 
2016/11/23 61.50 61.70 60.00 60.70 
2016/11/24 61.00 61.60 59.90 60.60 
2016/11/25 61.30 61.30 60.20 60.60 
2016/11/28 60.70 61.10 59.40 59.60 
2016/11/29 59.60 59.60 59.10 59.40 
2016/11/30 59.80 59.80 58.30 58.30 
2016/12/01 58.70 60.00 58.60 58.90 
2016/12/02 58.90 58.90 57.20 57.90 
2016/12/05 58.00 58.70 57.60 57.80 
2016/12/06 58.50 59.30 57.90 58.40 
2016/12/07 58.40 59.40 57.50 58.40 
2016/12/08 59.10 59.20 58.10 58.20 
2016/12/09 58.80 58.80 58.00 58.20 
2016/12/12 58.40 58.40 56.80 57.40 
2016/12/13 58.10 58.10 57.00 57.20 
2016/12/14 57.60 57.60 56.60 57.20 
2016/12/15 57.40 57.50 56.90 57.20 
2016/12/16 57.20 59.00 57.00 57.80 
2016/12/19 58.30 58.50 57.40 57.50 
2016/12/20 57.50 58.00 57.30 57.70 
2016/12/21 57.80 57.80 57.50 57.60 
2016/12/22 57.60 57.60 56.90 57.40 
2016/12/23 57.40 58.30 56.90 57.50 
2016/12/26 57.60 58.20 57.00 57.10 
2016/12/27 57.50 57.50 56.10 56.80 
2016/12/28 57.00 57.90 56.50 57.90 
2016/12/29 58.00 61.50 58.00 59.80 
2016/12/30 60.00 61.00 59.20 59.90 
2017/01/03 60.50 60.60 58.70 58.70 
2017/01/04 59.30 59.50 58.20 59.10 
2017/01/05 59.70 59.70 58.70 59.00 
2017/01/06 59.20 59.70 58.80 59.00 
2017/01/09 59.00 59.00 58.30 58.80 
2017/01/10 58.80 59.20 58.20 58.70 
2017/01/11 60.00 61.30 58.30 58.40 
2017/01/12 58.80 59.20 58.20 58.60 
2017/01/13 58.90 58.90 58.10 58.70 
2017/01/16 58.80 58.80 57.80 58.30 
2017/01/17 58.80 59.00 57.80 58.10 
2017/01/18 58.40 58.80 57.60 58.70 
2017/01/19 58.80 59.40 58.30 58.30 
2017/01/20 58.80 59.20 58.50 58.90 
2017/01/23 59.40 59.40 58.00 58.30 
2017/01/24 58.30 58.50 57.80 58.40 
2017/02/02 59.10 59.50 58.00 59.00 
2017/02/03 59.00 59.50 58.20 58.70 
2017/02/06 59.00 59.00 58.50 58.60 
2017/02/07 58.80 58.80 58.30 58.70 
2017/02/08 59.20 59.60 58.80 59.40 
