2016/07/01 29.55 29.80 29.50 29.80 
2016/07/04 28.95 30.10 28.95 29.90 
2016/07/05 29.90 30.30 29.70 30.00 
2016/07/06 30.00 30.50 29.50 29.50 
2016/07/07 29.60 29.85 29.45 29.70 
2016/07/11 29.70 30.60 29.70 30.40 
2016/07/12 30.60 30.70 30.00 30.00 
2016/07/13 30.00 30.30 29.80 29.90 
2016/07/14 29.90 30.10 29.90 30.00 
2016/07/15 30.05 30.80 30.05 30.60 
2016/07/18 30.60 30.70 30.25 30.50 
2016/07/19 30.50 30.50 30.30 30.30 
2016/07/20 30.35 31.40 30.35 30.75 
2016/07/21 31.20 31.20 30.75 30.75 
2016/07/22 30.60 30.70 30.35 30.45 
2016/07/25 30.95 30.95 29.80 30.05 
2016/07/26 30.00 30.25 30.00 30.15 
2016/07/27 30.30 30.45 30.00 30.00 
2016/07/28 30.00 30.45 30.00 30.20 
2016/07/29 30.40 30.80 30.25 30.50 
2016/08/01 30.75 30.95 30.60 30.95 
2016/08/02 31.15 31.15 30.70 30.90 
2016/08/03 30.80 30.85 30.60 30.80 
2016/08/04 30.90 31.25 30.70 31.00 
2016/08/05 31.00 31.00 30.80 30.80 
2016/08/08 30.50 30.55 30.10 30.25 
2016/08/09 30.85 32.90 30.85 31.40 
2016/08/10 31.60 31.60 30.85 31.20 
2016/08/11 31.25 31.35 30.65 31.00 
2016/08/12 29.50 29.60 29.20 29.25 
2016/08/15 29.25 29.45 29.15 29.45 
2016/08/16 29.50 29.70 28.60 29.00 
2016/08/17 28.85 29.00 28.60 28.60 
2016/08/18 28.60 28.85 28.55 28.55 
2016/08/19 28.60 28.85 28.50 28.50 
2016/08/22 28.35 28.70 28.00 28.05 
2016/08/23 28.20 28.40 28.20 28.30 
2016/08/24 28.25 28.25 28.00 28.20 
2016/08/25 28.15 28.60 28.15 28.50 
2016/08/26 28.50 28.60 28.00 28.15 
2016/08/29 28.35 28.35 28.20 28.30 
2016/08/30 28.30 28.85 28.30 28.70 
2016/08/31 28.45 28.95 28.40 28.60 
2016/09/01 28.60 28.85 28.50 28.80 
2016/09/02 28.80 28.90 28.35 28.65 
2016/09/05 28.30 28.85 28.30 28.50 
2016/09/06 28.45 29.25 28.40 29.00 
2016/09/07 29.00 29.00 28.80 28.85 
2016/09/08 28.90 29.50 28.85 29.15 
2016/09/09 32.05 32.05 32.05 32.05 
2016/09/10 33.30 35.25 33.30 35.25 
2016/09/12 36.75 37.45 35.40 35.40 
2016/09/13 36.00 36.90 34.50 36.50 
2016/09/14 36.70 36.70 35.55 36.00 
2016/09/19 36.80 39.60 36.80 39.60 
2016/09/20 40.70 42.45 39.85 40.65 
2016/09/21 39.15 40.40 39.10 40.10 
2016/09/22 40.90 41.20 39.20 39.20 
2016/09/23 39.50 41.20 39.30 40.00 
2016/09/26 40.20 40.55 39.50 39.75 
2016/09/29 40.90 42.50 39.70 39.70 
2016/09/30 39.10 39.65 38.10 38.35 
2016/10/03 38.10 39.75 38.00 39.65 
2016/10/04 39.65 41.90 39.15 41.70 
2016/10/05 41.90 43.50 40.05 40.05 
2016/10/06 40.00 40.80 39.20 40.20 
2016/10/07 40.20 40.70 39.65 40.35 
2016/10/11 42.00 42.60 38.15 38.80 
2016/10/12 38.80 39.40 38.40 38.70 
2016/10/13 39.10 39.20 38.20 38.45 
2016/10/14 38.45 38.75 35.60 35.65 
2016/10/17 36.35 36.65 35.80 36.20 
2016/10/18 36.70 36.70 36.15 36.35 
2016/10/19 36.70 39.70 36.50 39.00 
2016/10/20 39.00 39.60 38.40 39.25 
2016/10/21 39.45 39.45 38.30 38.50 
2016/10/24 38.80 38.80 37.15 37.30 
2016/10/25 37.50 38.25 37.35 37.35 
2016/10/26 37.25 38.00 36.85 37.15 
2016/10/27 37.15 38.85 37.15 37.55 
2016/10/28 37.40 37.65 37.00 37.00 
2016/10/31 37.00 37.00 36.35 36.60 
2016/11/01 36.60 37.75 36.50 36.80 
2016/11/02 36.60 37.00 35.30 36.05 
2016/11/03 36.00 36.30 33.90 34.30 
2016/11/04 34.30 34.95 34.10 34.40 
2016/11/07 34.65 35.00 34.40 34.85 
2016/11/08 34.70 35.50 34.20 34.20 
2016/11/09 32.80 33.45 30.80 30.85 
2016/11/10 31.85 32.30 31.40 32.00 
2016/11/11 31.30 31.70 31.00 31.35 
2016/11/14 31.60 31.60 30.65 30.75 
2016/11/15 31.10 31.35 31.05 31.15 
2016/11/16 31.60 31.70 31.20 31.20 
2016/11/17 31.30 31.30 30.90 30.90 
2016/11/18 31.10 31.90 30.90 31.85 
2016/11/21 32.00 32.45 31.90 31.90 
2016/11/22 32.35 35.05 32.35 35.05 
2016/11/23 35.10 36.20 33.95 34.00 
2016/11/24 33.85 35.10 33.85 34.90 
2016/11/25 35.00 35.70 34.55 34.55 
2016/11/28 34.90 35.00 33.80 33.80 
2016/11/29 34.00 34.45 33.85 33.85 
2016/11/30 34.25 34.50 33.35 33.40 
2016/12/01 33.50 33.60 33.00 33.60 
2016/12/02 33.20 33.60 33.20 33.45 
2016/12/05 33.45 34.05 33.45 33.65 
2016/12/06 34.10 34.10 33.10 33.10 
2016/12/07 33.25 34.60 33.25 34.10 
2016/12/08 34.20 35.15 34.20 34.55 
2016/12/09 35.00 35.30 34.30 34.40 
2016/12/12 34.80 34.80 33.80 33.85 
2016/12/13 33.90 34.00 33.50 33.60 
2016/12/14 33.95 34.00 33.30 33.30 
2016/12/15 33.35 33.70 33.15 33.30 
2016/12/16 33.65 36.60 33.50 36.60 
2016/12/19 37.50 37.60 35.05 35.05 
2016/12/20 35.20 35.70 34.90 34.90 
2016/12/21 35.20 35.80 35.15 35.30 
2016/12/22 35.30 35.30 34.50 34.50 
2016/12/23 34.90 34.90 33.90 34.10 
2016/12/26 34.40 35.70 34.40 35.30 
2016/12/27 35.85 37.30 35.60 35.60 
2016/12/28 35.80 36.30 35.25 35.45 
2016/12/29 36.40 37.95 36.00 36.80 
2016/12/30 36.80 37.45 36.40 36.40 
2017/01/03 36.55 36.70 35.75 35.80 
2017/01/04 36.00 36.00 35.55 35.65 
2017/01/05 35.65 36.80 35.65 35.90 
2017/01/06 35.70 36.00 35.40 35.40 
2017/01/09 35.40 35.85 35.00 35.00 
2017/01/10 34.70 34.70 33.60 33.80 
2017/01/11 34.10 34.30 33.25 33.55 
2017/01/12 33.45 33.70 33.25 33.30 
2017/01/13 33.65 33.65 33.25 33.40 
2017/01/16 33.40 33.40 33.00 33.10 
2017/01/17 33.30 33.75 33.20 33.45 
2017/01/18 33.45 33.95 33.45 33.95 
2017/01/19 34.10 36.80 33.90 35.55 
2017/01/20 35.85 36.55 35.60 35.60 
2017/01/23 36.50 36.60 35.70 35.75 
2017/01/24 36.00 36.20 35.60 35.60 
2017/02/02 35.25 35.90 34.30 34.60 
2017/02/03 34.85 34.90 34.35 34.80 
2017/02/06 35.10 35.30 34.80 34.90 
2017/02/07 34.70 35.15 34.50 34.65 
2017/02/08 34.70 35.90 34.70 35.20 
