2016/07/01 14.65 15.10 14.55 14.55 
2016/07/04 14.70 14.80 14.50 14.55 
2016/07/05 14.85 14.85 14.35 14.35 
2016/07/06 14.40 14.55 14.15 14.20 
2016/07/07 14.25 14.55 14.25 14.25 
2016/07/11 14.60 14.60 14.10 14.10 
2016/07/12 14.25 14.35 14.15 14.25 
2016/07/13 14.55 14.55 14.10 14.15 
2016/07/14 14.50 14.50 14.10 14.20 
2016/07/15 14.25 14.35 14.10 14.15 
2016/07/18 14.15 14.70 14.15 14.55 
2016/07/19 14.20 14.60 14.20 14.30 
2016/07/20 14.50 15.05 14.50 14.80 
2016/07/21 15.40 16.15 15.30 15.75 
2016/07/22 16.20 16.25 15.50 15.70 
2016/07/25 15.80 15.85 15.00 15.25 
2016/07/26 15.30 15.35 15.05 15.15 
2016/07/27 15.35 15.45 15.15 15.25 
2016/07/28 15.40 15.45 15.05 15.05 
2016/07/29 15.05 15.15 14.65 14.90 
2016/08/01 14.90 15.10 14.90 14.95 
2016/08/02 14.85 15.10 14.80 14.90 
2016/08/03 15.00 15.20 14.80 15.10 
2016/08/04 15.10 15.30 15.00 15.00 
2016/08/05 15.00 15.25 14.95 14.95 
2016/08/08 15.20 15.20 14.95 14.95 
2016/08/09 14.95 15.00 14.50 14.50 
2016/08/10 14.30 14.30 13.55 13.60 
2016/08/11 13.60 14.00 13.50 13.65 
2016/08/12 13.65 13.70 13.45 13.50 
2016/08/15 13.50 13.50 13.15 13.20 
2016/08/16 13.20 13.55 13.20 13.20 
2016/08/17 13.40 13.40 12.95 13.25 
2016/08/18 13.25 13.40 13.05 13.05 
2016/08/19 13.15 13.30 13.00 13.00 
2016/08/22 12.85 13.05 12.80 12.85 
2016/08/23 12.85 13.05 12.85 12.85 
2016/08/24 13.10 13.10 12.80 12.80 
2016/08/25 12.80 13.15 12.80 13.00 
2016/08/26 13.00 13.50 13.00 13.25 
2016/08/29 13.05 13.15 13.00 13.15 
2016/08/30 13.25 13.35 13.15 13.15 
2016/08/31 13.50 13.50 13.35 13.35 
2016/09/01 13.60 14.65 13.60 14.65 
2016/09/02 14.60 14.80 14.00 14.05 
2016/09/05 14.10 14.15 14.00 14.00 
2016/09/06 14.05 14.60 14.05 14.45 
2016/09/07 14.40 14.60 14.30 14.40 
2016/09/08 14.60 15.15 14.50 14.50 
2016/09/09 14.70 14.75 14.40 14.40 
2016/09/10 14.40 14.40 14.15 14.25 
2016/09/12 14.60 14.60 14.00 14.00 
2016/09/13 14.05 14.40 13.90 13.90 
2016/09/14 13.90 14.35 13.90 14.00 
2016/09/19 14.00 14.25 14.00 14.20 
2016/09/20 14.20 14.40 14.10 14.10 
2016/09/21 14.20 14.65 14.15 14.55 
2016/09/22 14.70 14.75 14.40 14.60 
2016/09/23 14.70 14.95 14.50 14.65 
2016/09/26 14.40 14.50 14.35 14.35 
2016/09/29 14.35 14.40 14.10 14.10 
2016/09/30 14.25 14.25 13.90 14.10 
2016/10/03 14.20 14.20 14.10 14.10 
2016/10/04 14.85 15.45 14.50 14.50 
2016/10/05 14.60 14.60 14.35 14.50 
2016/10/06 14.60 15.00 14.50 14.50 
2016/10/07 14.50 14.50 14.30 14.30 
2016/10/11 14.25 14.25 13.85 13.90 
2016/10/12 13.80 13.90 13.50 13.70 
2016/10/13 13.70 13.85 13.50 13.50 
2016/10/14 13.50 13.55 13.15 13.15 
2016/10/17 13.15 13.50 13.15 13.35 
2016/10/18 13.20 13.20 12.95 13.10 
2016/10/19 13.20 13.25 13.00 13.05 
2016/10/20 13.15 13.30 13.15 13.30 
2016/10/21 13.45 13.45 13.25 13.30 
2016/10/24 13.40 13.45 13.35 13.35 
2016/10/25 13.35 13.60 13.30 13.45 
2016/10/26 13.50 13.75 13.40 13.55 
2016/10/27 13.80 13.80 13.40 13.45 
2016/10/28 13.50 13.55 13.35 13.45 
2016/10/31 13.50 13.50 13.30 13.45 
2016/11/01 13.45 13.50 13.35 13.35 
2016/11/02 13.90 14.40 13.60 13.65 
2016/11/03 13.80 13.80 13.35 13.35 
2016/11/04 13.35 13.70 13.35 13.45 
2016/11/07 13.70 13.75 13.50 13.50 
2016/11/08 13.75 13.75 13.40 13.40 
2016/11/09 13.50 13.55 12.75 12.80 
2016/11/10 13.10 13.30 13.10 13.20 
2016/11/11 13.10 13.10 12.95 12.95 
2016/11/14 12.60 13.00 12.60 12.85 
2016/11/15 13.45 13.45 12.90 12.90 
2016/11/16 13.10 13.15 12.85 12.95 
2016/11/17 12.95 13.10 12.85 13.10 
2016/11/18 13.05 13.60 13.05 13.40 
2016/11/21 13.60 13.60 13.30 13.30 
2016/11/22 13.45 13.45 13.25 13.40 
2016/11/23 13.50 13.70 13.25 13.40 
2016/11/24 13.45 13.50 13.30 13.50 
2016/11/25 13.50 13.60 13.25 13.35 
2016/11/28 13.40 13.40 12.95 13.00 
2016/11/29 13.00 13.15 12.95 13.10 
2016/11/30 13.20 13.25 13.05 13.05 
2016/12/01 13.20 13.25 13.05 13.10 
2016/12/02 13.20 13.25 13.10 13.15 
2016/12/05 13.20 13.45 13.15 13.25 
2016/12/06 13.40 13.50 13.35 13.35 
2016/12/07 13.45 14.35 13.45 13.95 
2016/12/08 14.00 14.20 13.75 13.80 
2016/12/09 13.80 13.80 13.60 13.65 
2016/12/12 13.75 13.80 13.55 13.55 
2016/12/13 13.75 13.75 13.50 13.50 
2016/12/14 13.55 13.65 13.40 13.60 
2016/12/15 13.75 13.75 13.50 13.65 
2016/12/16 13.70 13.90 13.60 13.85 
2016/12/19 13.90 14.10 13.60 13.70 
2016/12/20 13.60 13.80 13.45 13.50 
2016/12/21 13.50 13.60 13.35 13.40 
2016/12/22 13.40 13.40 13.20 13.25 
2016/12/23 13.15 13.40 13.15 13.25 
2016/12/26 13.20 13.25 13.20 13.20 
2016/12/27 13.20 13.30 13.20 13.20 
2016/12/28 13.25 13.35 13.20 13.25 
2016/12/29 13.20 13.25 13.10 13.15 
2016/12/30 13.15 13.60 13.15 13.30 
2017/01/03 13.40 13.50 13.30 13.35 
2017/01/04 13.40 13.50 13.40 13.40 
2017/01/05 13.80 14.70 13.70 14.70 
2017/01/06 15.00 15.20 14.60 14.60 
2017/01/09 14.60 14.70 14.15 14.20 
2017/01/10 14.25 14.55 14.25 14.40 
2017/01/11 14.40 14.65 14.35 14.35 
2017/01/12 14.60 14.60 14.25 14.30 
2017/01/13 14.35 14.45 14.25 14.35 
2017/01/16 14.40 14.50 14.20 14.35 
2017/01/17 14.35 14.45 14.10 14.25 
2017/01/18 14.25 14.35 14.05 14.05 
2017/01/19 14.40 14.40 14.20 14.20 
2017/01/20 14.25 14.60 14.20 14.25 
2017/01/23 14.55 14.60 14.30 14.35 
2017/01/24 14.25 14.35 14.15 14.30 
2017/02/02 14.30 14.45 14.10 14.10 
2017/02/03 14.25 14.90 14.25 14.80 
2017/02/06 15.10 15.60 14.80 15.30 
2017/02/07 15.30 15.55 15.10 15.10 
2017/02/08 15.20 15.50 15.15 15.50 
