2016/07/01 7.38 7.38 7.18 7.18 
2016/07/04 7.18 7.18 7.01 7.11 
2016/07/05 7.11 7.14 7.00 7.14 
2016/07/06 7.06 7.06 7.06 7.06 
2016/07/07 7.00 7.10 7.00 7.02 
2016/07/11 7.07 7.11 7.07 7.11 
2016/07/12 7.13 7.40 7.13 7.30 
2016/07/13 7.30 7.30 7.08 7.10 
2016/07/14 7.11 7.18 7.10 7.12 
2016/07/15 7.59 7.59 7.17 7.19 
2016/07/18 7.19 7.19 6.53 7.06 
2016/07/19 7.08 7.09 6.82 7.00 
2016/07/20 6.95 7.07 6.90 7.00 
2016/07/21 7.15 7.15 7.10 7.10 
2016/07/22 7.10 7.10 7.01 7.01 
2016/07/25 7.00 7.00 6.80 6.85 
2016/07/26 6.81 7.03 6.81 6.86 
2016/07/27 6.95 7.03 6.95 7.02 
2016/07/28 7.00 7.05 6.82 6.82 
2016/07/29 6.82 6.99 6.78 6.99 
2016/08/01 6.90 6.90 6.85 6.90 
2016/08/02 6.86 6.89 6.81 6.85 
2016/08/03 6.62 6.93 6.62 6.76 
2016/08/04 6.86 6.86 6.72 6.85 
2016/08/05 6.80 6.80 6.78 6.79 
2016/08/08 6.93 6.93 6.80 6.93 
2016/08/09 6.90 6.90 6.86 6.87 
2016/08/10 6.82 6.88 6.69 6.80 
2016/08/11 6.80 6.81 6.80 6.81 
2016/08/12 6.85 6.93 6.81 6.81 
2016/08/15 6.81 6.89 6.80 6.80 
2016/08/16 6.80 6.80 6.77 6.80 
2016/08/17 6.75 6.92 6.70 6.82 
2016/08/18 6.76 6.82 6.70 6.75 
2016/08/19 6.71 6.75 6.67 6.75 
2016/08/22 6.75 6.75 6.58 6.60 
2016/08/23 6.60 6.78 6.60 6.65 
2016/08/24 6.65 6.79 6.65 6.79 
2016/08/25 6.80 6.80 6.70 6.70 
2016/08/26 6.70 6.78 6.60 6.64 
2016/08/29 6.68 6.68 6.62 6.65 
2016/08/30 6.66 6.67 6.65 6.66 
2016/08/31 6.75 6.80 6.66 6.66 
2016/09/01 6.85 6.85 6.70 6.77 
2016/09/02 6.75 6.75 6.63 6.63 
2016/09/05 6.80 6.80 6.65 6.65 
2016/09/06 6.60 6.70 6.60 6.70 
2016/09/07 6.69 6.69 6.55 6.58 
2016/09/08 6.90 6.90 6.63 6.71 
2016/09/09 6.71 6.73 6.64 6.64 
2016/09/10 6.60 6.65 6.60 6.61 
2016/09/12 6.50 6.74 6.50 6.56 
2016/09/13 6.56 6.90 6.56 6.85 
2016/09/14 6.85 6.85 6.75 6.75 
2016/09/19 6.90 6.90 6.75 6.80 
2016/09/20 6.80 7.15 6.76 7.00 
2016/09/21 7.09 7.70 7.08 7.70 
2016/09/22 8.19 8.20 7.70 7.85 
2016/09/23 7.72 8.15 7.71 7.92 
2016/09/26 7.92 7.92 7.60 7.64 
2016/09/29 7.50 7.70 7.50 7.55 
2016/09/30 7.51 7.59 7.48 7.48 
2016/10/03 7.48 7.50 7.40 7.46 
2016/10/04 7.41 7.54 7.40 7.47 
2016/10/05 7.50 7.65 7.50 7.51 
2016/10/06 7.50 7.58 7.41 7.48 
2016/10/07 7.48 7.50 7.41 7.50 
2016/10/11 7.59 7.59 7.15 7.18 
2016/10/12 7.18 7.25 7.14 7.20 
2016/10/13 7.20 7.22 7.15 7.20 
2016/10/14 7.15 7.25 7.15 7.25 
2016/10/17 7.20 7.27 7.18 7.27 
2016/10/18 7.25 7.25 7.20 7.20 
2016/10/19 7.12 7.30 7.12 7.25 
2016/10/20 7.20 7.35 7.20 7.30 
2016/10/21 7.28 7.30 7.25 7.25 
2016/10/24 7.25 7.29 7.24 7.25 
2016/10/25 7.26 7.35 7.26 7.35 
2016/10/26 7.30 7.39 7.25 7.39 
2016/10/27 7.40 7.40 7.30 7.30 
2016/10/28 7.26 7.26 7.20 7.25 
2016/10/31 7.10 7.39 7.10 7.35 
2016/11/01 7.30 7.30 7.20 7.25 
2016/11/02 7.10 7.20 7.10 7.12 
2016/11/03 7.11 7.11 7.02 7.02 
2016/11/04 7.00 7.01 7.00 7.00 
2016/11/07 7.00 7.15 7.00 7.15 
2016/11/08 7.10 7.15 6.81 7.10 
2016/11/09 7.08 7.08 6.85 6.90 
2016/11/10 7.01 7.02 6.90 6.90 
2016/11/11 6.30 6.74 6.30 6.74 
2016/11/14 6.74 6.99 6.33 6.57 
2016/11/15 6.74 6.78 6.72 6.78 
2016/11/16 6.84 6.89 6.68 6.86 
2016/11/17 6.65 6.79 6.60 6.79 
2016/11/18 6.79 6.79 6.62 6.62 
2016/11/21 6.75 6.76 6.53 6.69 
2016/11/22 6.69 6.70 6.65 6.67 
2016/11/23 6.71 6.85 6.55 6.68 
2016/11/24 6.52 6.52 6.51 6.51 
2016/11/25 6.53 6.67 6.52 6.67 
2016/11/28 6.98 6.98 6.55 6.55 
2016/11/29 6.55 6.55 6.31 6.54 
2016/11/30 6.53 6.53 6.24 6.45 
2016/12/01 6.41 6.41 6.28 6.40 
2016/12/02 6.32 6.39 6.30 6.39 
2016/12/05 6.31 6.38 6.31 6.32 
2016/12/06 6.31 6.31 6.29 6.29 
2016/12/07 6.29 6.48 6.28 6.40 
2016/12/08 6.33 6.46 6.33 6.45 
2016/12/09 6.32 6.48 6.31 6.48 
2016/12/12 6.48 6.48 6.35 6.47 
2016/12/13 6.36 6.36 6.30 6.35 
2016/12/14 6.35 6.40 6.29 6.40 
2016/12/15 6.41 6.41 6.32 6.36 
2016/12/16 6.36 6.42 6.30 6.39 
2016/12/19 6.47 6.47 6.31 6.39 
2016/12/20 6.46 6.47 6.33 6.39 
2016/12/21 6.40 6.40 6.32 6.32 
2016/12/22 6.32 6.40 6.32 6.39 
2016/12/23 6.39 6.44 6.34 6.34 
2016/12/26 6.34 6.40 6.34 6.40 
2016/12/27 6.47 6.47 6.35 6.37 
2016/12/28 6.37 6.47 6.37 6.47 
2016/12/29 6.50 6.69 6.50 6.60 
2016/12/30 6.60 6.77 6.60 6.65 
2017/01/03 6.65 6.90 6.64 6.80 
2017/01/04 6.80 7.00 6.80 6.94 
2017/01/05 7.00 7.32 7.00 7.27 
2017/01/06 7.25 7.28 7.18 7.18 
2017/01/09 7.16 7.22 7.00 7.00 
2017/01/10 6.76 7.01 6.76 6.90 
2017/01/11 6.61 6.89 6.61 6.88 
2017/01/12 6.94 7.03 6.94 7.00 
2017/01/13 7.00 7.10 7.00 7.08 
2017/01/16 7.00 7.24 7.00 7.20 
2017/01/17 7.21 7.26 7.15 7.24 
2017/01/18 7.37 7.37 7.22 7.27 
2017/01/19 7.20 7.28 7.01 7.28 
2017/01/20 7.10 7.28 7.10 7.18 
2017/01/23 7.18 7.31 7.01 7.25 
2017/01/24 7.22 7.24 7.20 7.23 
2017/02/02 7.90 7.90 7.45 7.79 
2017/02/03 7.78 7.79 7.35 7.70 
2017/02/06 7.60 7.70 7.54 7.67 
2017/02/07 7.66 8.15 7.57 8.15 
2017/02/08 8.10 8.30 8.01 8.30 
