2016/07/01 29.70 29.70 29.10 29.10 
2016/07/04 29.45 29.45 28.50 28.70 
2016/07/05 29.05 30.35 29.05 29.25 
2016/07/06 28.95 28.95 28.50 28.50 
2016/07/07 28.55 29.20 28.55 29.05 
2016/07/11 29.20 29.30 28.65 28.75 
2016/07/12 29.70 30.40 29.30 29.30 
2016/07/13 29.35 29.45 28.70 28.80 
2016/07/14 28.80 29.30 28.80 29.05 
2016/07/15 28.95 31.95 28.95 30.40 
2016/07/18 30.60 31.95 30.25 31.15 
2016/07/19 31.20 31.55 30.80 30.90 
2016/07/20 30.85 31.65 30.60 30.60 
2016/07/21 31.00 31.35 30.80 31.25 
2016/07/22 31.00 31.10 30.30 30.40 
2016/07/25 30.80 30.80 29.60 29.85 
2016/07/26 29.60 30.40 29.60 29.80 
2016/07/27 29.80 30.85 29.80 30.00 
2016/07/28 30.25 30.25 29.85 30.15 
2016/07/29 30.70 31.25 30.30 31.25 
2016/08/01 31.80 32.90 31.35 31.35 
2016/08/02 31.40 31.70 31.30 31.50 
2016/08/03 31.70 31.95 31.25 31.95 
2016/08/04 32.50 32.50 31.45 31.45 
2016/08/05 31.75 31.80 31.30 31.60 
2016/08/08 31.55 31.60 30.50 30.50 
2016/08/09 30.50 30.85 30.50 30.55 
2016/08/10 30.90 31.40 30.60 30.60 
2016/08/11 28.55 29.25 28.55 29.00 
2016/08/12 29.00 29.20 28.55 28.75 
2016/08/15 28.70 28.70 27.80 27.95 
2016/08/16 28.40 29.25 27.95 28.95 
2016/08/17 29.45 29.75 28.70 28.70 
2016/08/18 28.70 29.10 28.00 28.65 
2016/08/19 28.70 28.90 28.15 28.40 
2016/08/22 28.15 28.25 28.00 28.00 
2016/08/23 28.20 28.30 28.10 28.25 
2016/08/24 28.30 28.70 28.20 28.70 
2016/08/25 28.70 29.05 28.30 28.30 
2016/08/26 28.30 28.50 28.20 28.20 
2016/08/29 28.20 28.40 28.15 28.30 
2016/08/30 28.30 29.50 28.20 28.70 
2016/08/31 28.75 28.75 28.50 28.65 
2016/09/01 28.50 28.50 27.45 27.80 
2016/09/02 27.75 28.40 27.40 27.60 
2016/09/05 27.90 27.90 27.40 27.55 
2016/09/06 27.25 27.55 27.20 27.55 
2016/09/07 27.60 27.70 27.30 27.55 
2016/09/08 26.75 27.40 26.75 27.00 
2016/09/09 27.50 27.50 27.20 27.50 
2016/09/10 27.35 27.35 26.85 27.00 
2016/09/12 27.00 27.40 26.75 27.35 
2016/09/13 28.35 30.05 28.20 28.50 
2016/09/14 29.00 29.35 28.40 28.60 
2016/09/19 29.20 29.20 28.50 28.55 
2016/09/20 29.00 29.70 28.80 28.80 
2016/09/21 29.10 29.70 29.00 29.05 
2016/09/22 29.40 29.60 28.80 29.10 
2016/09/23 29.35 29.35 28.80 28.80 
2016/09/26 28.80 29.10 28.55 28.90 
2016/09/29 29.35 29.35 28.50 28.65 
2016/09/30 28.50 28.50 28.10 28.20 
2016/10/03 28.60 28.60 27.65 28.00 
2016/10/04 28.00 28.00 27.80 27.95 
2016/10/05 28.10 28.10 27.50 27.70 
2016/10/06 27.70 28.00 27.70 28.00 
2016/10/07 28.35 28.35 26.95 26.95 
2016/10/11 27.20 27.45 25.80 26.30 
2016/10/12 26.35 26.80 26.35 26.50 
2016/10/13 26.55 26.70 26.30 26.50 
2016/10/14 26.50 26.50 25.55 26.00 
2016/10/17 26.10 26.30 26.00 26.00 
2016/10/18 26.70 26.70 26.05 26.20 
2016/10/19 26.20 26.25 26.05 26.20 
2016/10/20 26.05 26.20 26.05 26.15 
2016/10/21 26.10 26.20 26.00 26.10 
2016/10/24 26.10 26.15 25.90 26.00 
2016/10/25 25.80 26.30 25.80 26.25 
2016/10/26 25.90 26.15 25.90 26.00 
2016/10/27 26.00 26.20 25.85 26.20 
2016/10/28 26.10 26.10 25.80 26.00 
2016/10/31 25.80 25.80 25.55 25.70 
2016/11/01 25.95 25.95 25.35 25.60 
2016/11/02 25.25 25.25 24.25 24.55 
2016/11/03 24.15 24.50 23.25 23.60 
2016/11/04 23.50 23.90 23.10 23.30 
2016/11/07 23.30 23.70 23.25 23.30 
2016/11/08 23.25 23.40 23.10 23.20 
2016/11/09 23.05 23.05 21.60 22.00 
2016/11/10 21.70 22.90 21.70 22.80 
2016/11/11 22.30 22.55 22.00 22.45 
2016/11/14 22.30 23.05 22.05 22.90 
2016/11/15 22.85 23.05 22.65 22.75 
2016/11/16 23.15 24.10 23.15 23.75 
2016/11/17 23.75 23.75 23.25 23.50 
2016/11/18 23.50 23.60 23.30 23.35 
2016/11/21 23.90 23.90 23.30 23.40 
2016/11/22 23.50 23.85 23.15 23.15 
2016/11/23 23.55 23.55 22.85 23.25 
2016/11/24 23.00 23.40 23.00 23.30 
2016/11/25 23.05 23.30 22.95 23.00 
2016/11/28 23.10 23.25 23.00 23.10 
2016/11/29 23.20 23.35 23.00 23.10 
2016/11/30 23.25 23.25 22.90 23.10 
2016/12/01 23.00 23.25 22.90 23.00 
2016/12/02 22.75 23.05 22.50 23.05 
2016/12/05 23.10 23.20 22.75 22.80 
2016/12/06 22.90 23.15 22.75 22.90 
2016/12/07 23.00 23.05 22.80 23.05 
2016/12/08 22.90 23.60 22.90 23.30 
2016/12/09 23.50 23.50 23.05 23.30 
2016/12/12 24.70 24.70 23.40 23.40 
2016/12/13 23.50 23.50 23.20 23.50 
2016/12/14 23.30 23.40 23.05 23.40 
2016/12/15 23.40 23.40 23.15 23.35 
2016/12/16 23.40 23.70 23.35 23.50 
2016/12/19 23.50 23.50 23.30 23.35 
2016/12/20 23.25 23.30 22.90 23.15 
2016/12/21 22.95 23.10 22.95 23.10 
2016/12/22 22.95 23.05 22.90 23.05 
2016/12/23 23.00 23.10 22.85 23.10 
2016/12/26 23.30 23.30 22.90 23.20 
2016/12/27 23.10 23.30 22.50 23.20 
2016/12/28 23.10 23.20 22.90 22.90 
2016/12/29 22.95 23.10 22.95 23.10 
2016/12/30 23.10 23.10 22.95 23.10 
2017/01/03 23.40 23.40 23.15 23.30 
2017/01/04 24.00 24.00 23.40 23.40 
2017/01/05 23.60 24.10 23.50 24.00 
2017/01/06 24.00 24.05 23.65 23.65 
2017/01/09 23.70 24.15 23.70 23.90 
2017/01/10 23.60 23.60 23.30 23.30 
2017/01/11 23.40 23.45 23.00 23.30 
2017/01/12 23.05 23.40 23.00 23.40 
2017/01/13 23.30 23.30 23.05 23.15 
2017/01/16 22.90 23.15 22.90 23.15 
2017/01/17 23.15 23.15 23.10 23.10 
2017/01/18 24.00 24.00 23.05 23.10 
2017/01/19 23.10 23.70 23.10 23.30 
2017/01/20 23.15 23.35 23.10 23.35 
2017/01/23 23.30 23.30 23.05 23.10 
2017/01/24 23.05 23.70 23.05 23.40 
2017/02/02 23.50 23.55 23.00 23.10 
2017/02/03 23.30 24.00 23.20 23.80 
2017/02/06 24.00 24.20 23.70 23.85 
2017/02/07 24.30 24.30 23.90 24.05 
2017/02/08 24.00 24.00 23.80 23.90 
