2016/07/01 60.40 60.60 58.70 58.80 
2016/07/04 58.80 59.60 57.70 59.30 
2016/07/05 59.80 59.80 58.40 58.50 
2016/07/06 58.00 58.30 56.90 57.00 
2016/07/07 57.30 57.60 55.30 56.10 
2016/07/11 57.00 57.50 55.80 56.20 
2016/07/12 55.00 56.50 55.00 56.20 
2016/07/13 56.40 57.40 55.80 56.70 
2016/07/14 56.70 58.60 56.10 57.60 
2016/07/15 57.60 58.30 56.80 57.00 
2016/07/18 56.80 57.70 56.30 56.90 
2016/07/19 57.30 57.30 56.60 57.00 
2016/07/20 57.00 57.00 54.90 55.00 
2016/07/21 55.50 56.40 55.10 55.70 
2016/07/22 55.80 57.00 55.70 56.60 
2016/07/25 55.50 55.60 54.20 54.40 
2016/07/26 54.40 55.40 53.30 55.10 
2016/07/27 55.10 56.20 54.60 55.30 
2016/07/28 55.50 55.80 54.90 55.40 
2016/07/29 55.40 58.10 55.20 57.70 
2016/08/01 58.40 62.50 58.10 61.80 
2016/08/02 61.90 63.10 61.00 62.10 
2016/08/03 61.50 64.00 61.30 62.40 
2016/08/04 63.00 66.50 62.10 66.20 
2016/08/05 66.20 69.50 65.30 69.50 
2016/08/08 69.70 69.70 66.20 66.60 
2016/08/09 66.00 66.00 62.20 63.60 
2016/08/10 69.90 69.90 69.90 69.90 
2016/08/11 67.90 67.90 63.50 64.00 
2016/08/12 64.50 67.40 64.10 66.00 
2016/08/15 67.00 68.10 66.30 68.00 
2016/08/16 68.50 69.80 66.90 67.90 
2016/08/17 67.90 69.10 67.40 69.00 
2016/08/18 68.60 68.90 67.90 68.20 
2016/08/19 68.50 68.60 66.60 66.60 
2016/08/22 66.90 68.40 66.50 68.20 
2016/08/23 68.90 69.50 67.80 68.20 
2016/08/24 67.60 67.80 67.00 67.30 
2016/08/25 67.30 68.40 67.00 67.50 
2016/08/26 67.20 73.40 67.20 72.70 
2016/08/29 72.90 73.00 70.60 71.50 
2016/08/30 71.20 72.20 70.70 71.10 
2016/08/31 71.50 73.70 70.80 71.00 
2016/09/01 70.70 71.00 69.20 69.60 
2016/09/02 69.80 70.10 65.20 66.30 
2016/09/05 66.90 68.30 66.40 67.80 
2016/09/06 68.00 68.40 67.30 67.80 
2016/09/07 68.20 69.00 67.50 67.50 
2016/09/08 67.10 67.90 66.50 67.60 
2016/09/09 67.00 68.00 66.50 68.00 
2016/09/10 67.20 69.40 67.10 68.20 
2016/09/12 68.60 68.60 66.50 66.50 
2016/09/13 67.10 67.30 64.40 64.70 
2016/09/14 64.30 65.80 64.30 65.40 
2016/09/19 65.70 66.90 65.60 66.10 
2016/09/20 66.30 67.50 66.10 66.30 
2016/09/21 66.50 66.80 65.30 66.80 
2016/09/22 67.30 67.30 65.50 65.60 
2016/09/23 65.80 66.40 64.80 65.60 
2016/09/26 65.50 66.30 65.20 65.20 
2016/09/29 65.60 65.60 63.30 63.50 
2016/09/30 63.10 64.90 63.00 64.70 
2016/10/03 65.10 65.20 64.10 64.50 
2016/10/04 64.90 66.20 64.30 66.00 
2016/10/05 66.00 66.70 65.00 65.60 
2016/10/06 66.20 66.40 65.60 65.70 
2016/10/07 66.20 66.30 64.10 64.20 
2016/10/11 63.20 63.20 58.50 58.60 
2016/10/12 58.50 59.50 58.20 58.20 
2016/10/13 58.20 58.40 56.60 57.10 
2016/10/14 56.80 58.30 56.20 56.90 
2016/10/17 56.70 57.30 56.30 56.50 
2016/10/18 56.50 56.90 55.30 55.40 
2016/10/19 56.00 58.60 55.90 58.20 
2016/10/20 58.70 58.80 57.50 57.50 
2016/10/21 57.10 58.40 57.10 58.10 
2016/10/24 58.00 58.30 57.20 57.20 
2016/10/25 57.50 57.80 57.00 57.50 
2016/10/26 57.20 57.70 56.80 56.90 
2016/10/27 57.00 57.40 56.10 56.70 
2016/10/28 56.60 57.30 56.30 56.30 
2016/10/31 56.20 57.40 55.70 57.40 
2016/11/01 57.20 57.90 56.60 56.70 
2016/11/02 56.80 57.50 56.20 56.80 
2016/11/03 56.70 56.90 52.60 52.60 
2016/11/04 52.30 54.30 52.10 53.50 
2016/11/07 54.70 55.40 54.00 55.30 
2016/11/08 55.60 55.60 52.70 54.50 
2016/11/09 57.80 58.80 55.00 56.80 
2016/11/10 58.70 58.70 57.10 57.10 
2016/11/11 56.00 56.40 54.10 55.00 
2016/11/14 54.80 56.30 54.40 55.30 
2016/11/15 56.10 59.50 56.10 58.60 
2016/11/16 59.00 59.50 57.60 57.80 
2016/11/17 58.10 58.70 57.30 57.70 
2016/11/18 58.00 58.30 57.40 57.70 
2016/11/21 58.50 59.80 58.20 58.40 
2016/11/22 58.40 58.90 57.70 58.00 
2016/11/23 57.80 59.30 57.80 58.20 
2016/11/24 58.10 58.60 57.80 58.00 
2016/11/25 58.10 59.00 58.00 58.00 
2016/11/28 58.30 58.70 58.10 58.60 
2016/11/29 59.30 61.60 59.10 59.40 
2016/11/30 59.50 59.90 58.60 58.70 
2016/12/01 58.70 59.40 57.80 58.00 
2016/12/02 57.60 57.90 57.00 57.10 
2016/12/05 57.20 57.50 56.70 57.30 
2016/12/06 57.80 57.80 56.60 56.70 
2016/12/07 56.90 57.60 56.50 57.40 
2016/12/08 57.90 58.70 57.20 57.20 
2016/12/09 57.50 57.60 57.10 57.30 
2016/12/12 57.30 58.20 57.00 57.40 
2016/12/13 57.50 57.80 57.10 57.10 
2016/12/14 57.30 57.60 56.40 56.70 
2016/12/15 56.40 56.50 55.80 56.20 
2016/12/16 56.40 57.40 56.30 56.50 
2016/12/19 56.30 56.60 55.80 55.90 
2016/12/20 56.00 56.20 55.30 55.60 
2016/12/21 55.60 56.70 55.60 55.90 
2016/12/22 56.10 57.00 56.10 56.30 
2016/12/23 56.10 56.20 55.50 55.60 
2016/12/26 55.80 56.10 55.40 56.00 
2016/12/27 55.90 56.00 55.60 55.60 
2016/12/28 56.00 56.00 55.50 55.60 
2016/12/29 55.80 57.60 55.60 56.70 
2016/12/30 57.10 57.30 56.60 57.00 
2017/01/03 57.20 57.70 56.90 57.20 
2017/01/04 57.60 58.40 57.10 57.90 
2017/01/05 58.20 58.40 57.50 57.90 
2017/01/06 58.00 58.00 57.30 57.40 
2017/01/09 57.80 57.80 56.60 56.80 
2017/01/10 58.20 60.00 58.20 59.30 
2017/01/11 60.10 60.70 59.50 60.00 
2017/01/12 60.30 60.80 59.60 60.20 
2017/01/13 60.50 63.20 60.40 61.80 
2017/01/16 62.50 62.80 61.30 62.10 
2017/01/17 62.10 63.00 61.60 63.00 
2017/01/18 63.00 63.40 62.20 62.40 
2017/01/19 62.40 62.70 61.20 61.30 
2017/01/20 61.50 62.20 61.40 61.50 
2017/01/23 61.90 62.50 61.20 61.50 
2017/01/24 61.80 61.80 61.00 61.20 
2017/02/02 61.90 61.90 60.70 60.80 
2017/02/03 61.20 64.40 60.80 63.60 
2017/02/06 63.10 63.30 62.00 62.50 
2017/02/07 62.40 62.40 61.30 61.60 
2017/02/08 61.90 63.60 61.40 62.10 
