2016/07/01 12.25 13.60 12.10 13.60 
2016/07/04 13.60 14.05 12.90 13.35 
2016/07/05 13.10 13.10 12.70 13.10 
2016/07/06 12.75 14.40 12.70 12.70 
2016/07/07 12.60 12.65 12.55 12.55 
2016/07/11 12.55 13.75 12.50 12.65 
2016/07/12 12.85 13.30 12.65 12.65 
2016/07/13 12.70 12.85 12.40 12.40 
2016/07/14 12.40 12.80 12.15 12.20 
2016/07/15 12.25 12.70 12.20 12.50 
2016/07/18 12.50 12.50 12.40 12.40 
2016/07/19 12.65 12.90 12.45 12.90 
2016/07/20 13.00 13.00 12.70 12.80 
2016/07/21 12.95 13.30 12.85 12.90 
2016/07/22 12.85 12.85 12.85 12.85 
2016/07/25 12.80 12.85 12.70 12.85 
2016/07/26 12.95 12.95 12.45 12.55 
2016/07/27 12.75 13.05 12.70 13.05 
2016/07/28 12.65 13.05 12.55 12.55 
2016/07/29 12.70 12.95 12.60 12.95 
2016/08/01 13.20 14.20 13.00 14.20 
2016/08/02 15.10 15.60 14.55 15.60 
2016/08/03 15.60 16.20 15.20 15.60 
2016/08/04 15.70 15.85 15.30 15.55 
2016/08/05 15.50 17.00 15.30 15.70 
2016/08/08 15.80 16.00 15.75 15.85 
2016/08/09 15.70 15.90 15.70 15.75 
2016/08/10 15.75 15.75 15.65 15.70 
2016/08/11 15.65 15.65 15.00 15.00 
2016/08/12 15.00 15.10 14.90 14.90 
2016/08/15 14.50 14.90 14.50 14.90 
2016/08/16 14.80 14.80 14.60 14.60 
2016/08/17 14.40 14.50 14.40 14.50 
2016/08/18 14.30 14.35 14.10 14.20 
2016/08/19 14.20 14.50 14.20 14.35 
2016/08/22 14.25 14.30 14.20 14.25 
2016/08/23 14.25 14.55 14.25 14.55 
2016/08/24 14.35 14.50 14.35 14.50 
2016/08/25 14.70 15.15 14.70 14.90 
2016/08/26 14.95 15.40 14.90 15.30 
2016/08/29 15.55 16.20 15.55 16.00 
2016/08/30 16.00 16.05 15.50 15.50 
2016/08/31 15.85 16.15 15.75 16.15 
2016/09/01 16.25 16.25 15.90 16.15 
2016/09/02 15.25 16.00 15.25 16.00 
2016/09/05 15.60 15.90 15.60 15.65 
2016/09/06 15.50 15.50 15.45 15.45 
2016/09/07 15.45 15.85 15.40 15.85 
2016/09/08 15.85 16.05 15.80 16.05 
2016/09/09 15.95 15.95 15.50 15.95 
2016/09/12 15.90 16.80 15.25 16.05 
2016/09/13 16.00 16.00 15.65 16.00 
2016/09/14 16.05 16.05 16.00 16.00 
2016/09/19 15.80 15.80 15.50 15.80 
2016/09/21 15.90 15.90 15.80 15.80 
2016/09/22 15.35 15.65 15.25 15.60 
2016/09/26 15.20 15.60 15.20 15.60 
2016/09/29 15.05 15.45 15.05 15.45 
2016/09/30 15.55 16.00 15.55 16.00 
2016/10/03 16.00 16.00 15.30 15.30 
2016/10/04 15.45 15.95 15.45 15.95 
2016/10/06 15.55 16.00 15.40 16.00 
2016/10/07 15.60 15.90 15.60 15.90 
2016/10/11 15.60 15.90 15.55 15.90 
2016/10/13 15.40 15.70 15.25 15.70 
2016/10/17 15.30 15.60 15.30 15.60 
2016/10/18 15.65 15.65 15.20 15.50 
2016/10/19 15.50 15.70 15.50 15.70 
2016/10/20 15.30 15.70 15.15 15.70 
2016/10/21 15.35 15.45 15.30 15.45 
2016/10/25 15.00 15.10 15.00 15.10 
2016/10/26 15.35 15.40 15.35 15.40 
2016/10/27 15.40 15.40 15.10 15.35 
2016/10/28 15.10 15.15 15.00 15.15 
2016/10/31 15.30 15.90 15.30 15.80 
2016/11/01 16.00 16.00 15.55 15.55 
2016/11/02 15.20 15.20 15.10 15.10 
2016/11/03 15.00 15.15 14.85 15.15 
2016/11/04 15.40 15.40 15.40 15.40 
2016/11/07 15.45 15.45 14.55 15.10 
2016/11/08 14.60 15.35 14.55 15.35 
2016/11/09 15.65 15.65 15.65 15.65 
2016/11/14 14.90 16.75 14.05 16.50 
2016/11/15 15.35 15.35 15.00 15.10 
2016/11/21 15.00 15.00 14.90 14.95 
2016/11/24 14.95 14.95 14.50 14.75 
2016/11/25 14.40 14.85 14.40 14.85 
2016/11/29 14.90 14.90 14.90 14.90 
2016/11/30 15.00 16.10 15.00 16.10 
2016/12/01 16.10 16.10 15.15 15.60 
2016/12/02 15.25 15.25 15.05 15.20 
2016/12/05 15.10 15.10 15.00 15.00 
2016/12/06 15.05 15.05 15.00 15.05 
2016/12/07 15.00 15.00 14.85 14.85 
2016/12/08 14.90 15.00 14.90 15.00 
2016/12/12 14.55 14.95 14.50 14.95 
2016/12/14 14.60 14.60 14.60 14.60 
2016/12/15 14.60 14.60 14.50 14.50 
2016/12/16 14.50 14.50 14.50 14.50 
2016/12/20 14.50 14.70 14.50 14.70 
2016/12/21 14.75 14.75 14.50 14.50 
2016/12/23 14.50 14.65 14.05 14.10 
2016/12/26 14.10 14.55 14.10 14.55 
2016/12/27 14.50 14.80 14.50 14.50 
2016/12/28 14.75 14.75 14.50 14.60 
2016/12/29 14.80 14.90 14.80 14.90 
2016/12/30 15.00 15.30 14.95 15.30 
2017/01/03 15.05 15.05 15.00 15.00 
2017/01/04 15.00 15.00 14.70 15.00 
2017/01/05 14.80 14.95 14.80 14.95 
2017/01/06 15.10 15.10 14.80 14.90 
2017/01/09 15.00 15.10 15.00 15.00 
2017/01/10 14.70 15.00 14.50 15.00 
2017/01/11 14.60 14.60 14.60 14.60 
2017/01/12 14.80 15.15 14.60 15.15 
2017/01/13 15.75 15.75 14.75 14.75 
2017/01/16 14.75 14.75 14.75 14.75 
2017/01/17 14.50 14.70 14.40 14.70 
2017/01/18 14.80 15.00 14.80 14.80 
2017/01/19 15.00 15.00 15.00 15.00 
2017/01/20 15.00 16.10 15.00 15.55 
2017/01/23 15.50 15.60 15.50 15.60 
2017/01/24 15.50 16.10 15.20 16.00 
2017/02/02 16.00 16.00 15.40 15.40 
2017/02/03 15.30 15.40 15.30 15.40 
2017/02/06 15.40 15.60 15.35 15.40 
2017/02/07 15.40 15.55 15.40 15.55 
2017/02/08 15.30 15.50 15.00 15.50 
