2016/07/01 262.50 262.50 257.00 259.00 
2016/07/04 261.50 261.50 257.00 257.00 
2016/07/05 258.00 259.00 256.50 256.50 
2016/07/06 258.50 258.50 255.00 255.00 
2016/07/07 257.00 262.00 249.50 255.00 
2016/07/11 259.50 261.50 258.00 259.50 
2016/07/12 250.00 252.50 249.50 250.00 
2016/07/13 249.50 250.00 245.50 245.50 
2016/07/14 247.00 247.50 240.00 244.00 
2016/07/15 244.50 245.50 242.00 243.00 
2016/07/18 242.50 245.00 242.50 244.00 
2016/07/19 245.00 245.50 239.50 241.00 
2016/07/20 240.00 244.00 238.50 242.00 
2016/07/21 244.00 257.00 243.50 256.00 
2016/07/22 254.50 255.50 251.00 255.00 
2016/07/25 254.50 255.00 249.50 252.00 
2016/07/26 252.00 255.00 251.50 255.00 
2016/07/27 255.50 255.50 250.50 250.50 
2016/07/28 253.00 274.00 253.00 267.00 
2016/07/29 267.00 270.50 265.50 265.50 
2016/08/01 264.50 269.50 261.50 269.00 
2016/08/02 269.00 277.00 266.00 271.00 
2016/08/03 267.00 275.00 266.50 270.50 
2016/08/04 273.00 273.50 265.00 265.00 
2016/08/05 269.50 269.50 261.50 263.00 
2016/08/08 263.50 270.50 263.00 266.50 
2016/08/09 261.00 261.00 240.00 245.50 
2016/08/10 250.00 250.50 245.00 245.00 
2016/08/11 245.00 245.00 234.50 239.00 
2016/08/12 240.00 245.00 237.50 237.50 
2016/08/15 238.00 240.00 237.00 237.00 
2016/08/16 238.00 240.00 228.50 232.50 
2016/08/17 231.50 235.50 228.00 230.00 
2016/08/18 232.00 239.00 232.00 235.50 
2016/08/19 234.50 241.00 233.50 233.50 
2016/08/22 233.50 233.50 229.50 230.00 
2016/08/23 230.00 235.00 230.00 231.00 
2016/08/24 233.50 234.00 230.00 232.00 
2016/08/25 234.00 234.00 228.00 232.50 
2016/08/26 232.00 232.50 230.00 231.00 
2016/08/29 231.00 232.50 229.00 231.00 
2016/08/30 232.50 235.00 231.50 233.00 
2016/08/31 233.50 233.50 231.00 231.50 
2016/09/01 231.50 236.00 229.00 236.00 
2016/09/02 236.00 237.50 233.00 233.00 
2016/09/05 233.00 238.00 232.50 236.00 
2016/09/06 239.00 243.00 238.00 240.00 
2016/09/07 240.50 241.50 239.00 239.00 
2016/09/08 239.00 244.00 238.00 242.00 
2016/09/09 247.00 256.50 245.00 247.00 
2016/09/10 246.00 249.00 239.00 244.50 
2016/09/12 246.50 247.00 240.00 240.00 
2016/09/13 245.00 245.00 233.50 234.00 
2016/09/14 234.00 235.50 233.00 235.00 
2016/09/19 239.00 241.00 234.00 235.50 
2016/09/20 238.50 238.50 234.00 234.50 
2016/09/21 234.50 235.00 231.50 234.00 
2016/09/22 237.00 239.00 234.00 237.00 
2016/09/23 239.50 239.50 235.00 237.00 
2016/09/26 235.50 244.50 235.00 241.00 
2016/09/29 241.50 242.50 237.50 237.50 
2016/09/30 239.50 240.00 237.50 239.00 
2016/10/03 238.00 240.50 236.00 237.00 
2016/10/04 236.00 239.50 235.00 236.50 
2016/10/05 236.50 241.50 234.50 234.50 
2016/10/06 235.00 236.50 234.00 235.00 
2016/10/07 236.00 236.00 232.00 232.00 
2016/10/11 236.00 237.50 226.00 230.00 
2016/10/12 231.00 233.00 229.00 229.50 
2016/10/13 228.00 231.00 227.50 229.00 
2016/10/14 229.00 230.00 221.50 222.00 
2016/10/17 222.00 227.00 218.50 225.50 
2016/10/18 225.00 227.00 222.50 224.00 
2016/10/19 222.00 229.00 222.00 227.00 
2016/10/20 225.00 231.00 225.00 230.00 
2016/10/21 234.50 234.50 229.00 230.50 
2016/10/24 235.00 240.50 234.00 237.50 
2016/10/25 239.50 240.00 231.00 238.00 
2016/10/26 234.50 236.00 233.00 234.00 
2016/10/27 236.50 236.50 230.50 232.00 
2016/10/28 232.00 234.00 230.00 232.00 
2016/10/31 232.00 232.00 229.50 230.00 
2016/11/01 233.00 233.00 231.50 233.00 
2016/11/02 230.00 230.00 225.00 228.00 
2016/11/03 230.00 230.00 220.00 222.00 
2016/11/04 223.00 226.00 223.00 224.50 
2016/11/07 224.50 226.00 222.00 223.00 
2016/11/08 223.00 224.50 221.50 222.00 
2016/11/09 222.50 222.50 213.00 216.50 
2016/11/10 221.00 222.50 217.50 219.50 
2016/11/11 217.00 219.50 206.00 218.00 
2016/11/14 214.00 214.50 211.00 211.50 
2016/11/15 211.00 211.00 209.00 210.00 
2016/11/16 209.50 212.00 206.50 207.50 
2016/11/17 209.00 209.00 202.00 205.50 
2016/11/18 205.50 205.50 199.50 201.50 
2016/11/21 203.00 203.00 200.00 203.00 
2016/11/22 204.00 214.00 204.00 211.00 
2016/11/23 213.00 213.00 207.50 210.00 
2016/11/24 210.00 210.00 203.50 205.00 
2016/11/25 204.00 210.00 204.00 205.00 
2016/11/28 204.50 209.00 204.00 207.00 
2016/11/29 208.50 209.00 206.50 207.00 
2016/11/30 207.00 209.00 205.50 207.00 
2016/12/01 207.00 209.00 205.00 205.00 
2016/12/02 205.50 205.50 202.00 204.00 
2016/12/05 207.00 212.50 206.50 210.50 
2016/12/06 212.50 212.50 209.50 210.50 
2016/12/07 208.50 210.50 208.00 210.00 
2016/12/08 213.00 217.00 209.00 209.50 
2016/12/09 219.50 221.50 214.50 217.50 
2016/12/12 218.00 219.00 215.00 216.50 
2016/12/13 218.00 227.50 218.00 225.00 
2016/12/14 227.50 242.00 226.00 232.00 
2016/12/15 232.00 242.00 229.50 242.00 
2016/12/16 243.50 251.00 242.00 249.00 
2016/12/19 254.00 257.00 245.00 245.00 
2016/12/20 245.00 246.00 239.00 246.00 
2016/12/21 249.00 250.00 244.00 246.00 
2016/12/22 247.50 247.50 241.00 242.50 
2016/12/23 242.50 246.50 242.00 245.00 
2016/12/26 245.00 246.00 242.00 242.00 
2016/12/27 241.50 242.50 236.50 237.50 
2016/12/28 241.50 245.00 239.00 240.50 
2016/12/29 239.00 243.50 239.00 242.00 
2016/12/30 241.00 244.50 241.00 243.50 
2017/01/03 242.00 246.00 242.00 244.50 
2017/01/04 244.50 247.50 242.50 244.00 
2017/01/05 247.50 250.50 245.00 250.50 
2017/01/06 254.50 255.00 249.00 252.00 
2017/01/09 253.00 253.50 246.00 249.50 
2017/01/10 253.00 253.50 248.50 248.50 
2017/01/11 250.50 250.50 247.00 249.50 
2017/01/12 252.00 253.00 250.00 251.00 
2017/01/13 251.00 251.00 246.00 246.00 
2017/01/16 246.00 246.00 241.00 243.00 
2017/01/17 242.00 242.50 239.50 241.50 
2017/01/18 240.00 245.50 240.00 245.00 
2017/01/19 243.00 254.00 243.00 248.50 
2017/01/20 248.00 249.00 247.00 248.50 
2017/01/23 249.00 250.00 246.50 248.50 
2017/01/24 249.00 251.00 248.50 250.00 
2017/02/02 250.00 253.00 250.00 250.00 
2017/02/03 252.50 268.00 252.50 265.00 
2017/02/06 266.00 267.50 261.00 265.00 
2017/02/07 266.00 269.50 263.00 269.50 
2017/02/08 269.00 270.50 266.00 269.00 
