2016/07/01 116.50 121.50 116.50 118.00 
2016/07/04 117.50 118.00 116.00 117.00 
2016/07/05 117.50 119.00 115.00 116.50 
2016/07/06 115.00 116.00 110.50 112.00 
2016/07/07 113.00 114.00 110.50 111.50 
2016/07/11 112.00 114.00 108.00 113.00 
2016/07/12 113.00 113.50 111.00 112.00 
2016/07/13 112.50 117.50 112.50 116.00 
2016/07/14 116.00 118.50 115.50 116.50 
2016/07/15 117.50 123.00 117.00 120.00 
2016/07/18 118.00 121.50 118.00 118.50 
2016/07/19 119.50 119.50 113.00 114.50 
2016/07/20 114.50 116.00 113.50 114.00 
2016/07/21 114.00 115.50 113.50 113.50 
2016/07/22 113.50 115.00 112.00 113.50 
2016/07/25 114.00 114.50 112.50 113.00 
2016/07/26 113.00 116.50 112.50 113.00 
2016/07/27 115.50 115.50 112.50 113.00 
2016/07/28 113.50 114.50 111.00 112.00 
2016/07/29 113.50 113.50 112.00 113.00 
2016/08/01 113.00 123.00 113.00 120.50 
2016/08/02 121.00 121.00 116.00 117.50 
2016/08/03 117.00 121.50 116.00 119.50 
2016/08/04 121.00 124.00 118.50 121.50 
2016/08/05 122.00 133.50 120.50 128.00 
2016/08/08 128.00 132.50 125.50 130.50 
2016/08/09 133.00 135.50 128.00 134.50 
2016/08/10 134.00 135.00 128.50 130.00 
2016/08/11 128.00 128.00 120.00 122.50 
2016/08/12 123.50 126.00 122.50 124.00 
2016/08/15 125.50 127.00 123.00 125.50 
2016/08/16 127.50 132.00 127.00 127.00 
2016/08/17 127.50 128.00 124.50 126.00 
2016/08/18 126.00 127.50 126.00 126.00 
2016/08/19 128.00 129.50 126.00 126.00 
2016/08/22 126.00 127.00 121.50 122.50 
2016/08/23 123.00 126.00 122.00 126.00 
2016/08/24 124.50 127.50 124.50 126.00 
2016/08/25 126.00 130.50 125.50 129.50 
2016/08/26 129.50 133.00 128.50 130.50 
2016/08/29 130.50 131.00 127.00 128.50 
2016/08/30 128.50 129.00 125.50 127.00 
2016/08/31 128.50 128.50 123.00 124.50 
2016/09/01 126.00 126.00 124.50 125.50 
2016/09/02 126.00 126.00 119.00 121.00 
2016/09/05 122.50 126.00 120.50 124.50 
2016/09/06 126.00 128.50 124.50 126.00 
2016/09/07 128.00 128.00 124.50 124.50 
2016/09/08 124.50 129.00 124.00 127.00 
2016/09/09 127.00 131.00 126.50 129.50 
2016/09/10 125.00 125.00 121.00 121.00 
2016/09/12 122.50 122.50 116.50 116.50 
2016/09/13 118.50 118.50 113.50 114.50 
2016/09/14 116.50 116.50 113.50 114.50 
2016/09/19 114.50 118.00 113.50 117.00 
2016/09/20 117.00 117.50 115.00 115.50 
2016/09/21 115.00 117.00 115.00 116.50 
2016/09/22 117.50 117.50 115.00 115.00 
2016/09/23 115.00 117.50 115.00 116.50 
2016/09/26 116.00 116.50 113.50 114.00 
2016/09/29 115.50 115.50 111.00 112.00 
2016/09/30 112.00 113.00 111.00 113.00 
2016/10/03 113.00 113.00 111.50 111.50 
2016/10/04 113.00 113.50 112.00 112.50 
2016/10/05 115.00 120.00 114.00 115.00 
2016/10/06 117.50 117.50 115.00 115.50 
2016/10/07 117.50 117.50 114.00 114.00 
2016/10/11 116.50 116.50 111.50 111.50 
2016/10/12 103.00 103.50 100.50 100.50 
2016/10/13 98.60 98.90 91.20 92.10 
2016/10/14 92.50 93.50 89.20 91.20 
2016/10/17 92.20 92.20 89.10 90.60 
2016/10/18 91.00 91.60 90.00 90.40 
2016/10/19 90.90 91.00 89.60 89.80 
2016/10/20 89.90 90.50 89.50 89.80 
2016/10/21 90.00 91.90 89.80 91.90 
2016/10/24 91.90 93.30 91.40 92.70 
2016/10/25 93.50 93.90 92.80 92.90 
2016/10/26 93.00 93.30 92.30 92.30 
2016/10/27 92.30 92.80 91.60 91.80 
2016/10/28 92.50 93.60 90.00 90.10 
2016/10/31 89.80 90.70 89.50 90.40 
2016/11/01 90.10 91.50 90.10 90.50 
2016/11/02 90.10 90.20 89.60 89.60 
2016/11/03 90.00 90.00 86.50 86.90 
2016/11/04 86.00 87.90 85.10 87.50 
2016/11/07 87.60 90.00 87.10 87.90 
2016/11/08 88.90 89.70 86.60 87.70 
2016/11/09 87.80 88.20 84.10 84.10 
2016/11/10 85.00 86.50 84.80 86.10 
2016/11/11 86.90 90.60 86.70 89.50 
2016/11/14 90.00 93.30 89.50 92.00 
2016/11/15 92.00 92.70 91.00 91.80 
2016/11/16 92.10 94.60 92.10 93.70 
2016/11/17 94.00 94.60 92.70 93.50 
2016/11/18 94.20 97.90 93.80 96.20 
2016/11/21 97.90 97.90 95.70 96.00 
2016/11/22 96.70 96.70 95.50 95.50 
2016/11/23 95.20 96.50 94.70 95.00 
2016/11/24 95.00 95.00 93.20 93.20 
2016/11/25 94.50 94.50 93.60 93.90 
2016/11/28 94.00 94.50 93.20 94.50 
2016/11/29 94.50 96.00 94.50 95.90 
2016/11/30 95.30 96.50 95.10 95.10 
2016/12/01 96.10 96.10 95.10 95.80 
2016/12/02 96.00 96.90 95.20 95.90 
2016/12/05 97.50 97.50 95.00 95.70 
2016/12/06 97.00 97.00 95.30 95.60 
2016/12/07 96.00 96.40 95.50 96.30 
2016/12/08 96.70 97.70 96.10 96.70 
2016/12/09 96.80 98.50 96.20 97.60 
2016/12/12 98.60 99.40 97.00 97.10 
2016/12/13 98.60 104.00 98.50 99.00 
2016/12/14 100.00 102.00 99.70 102.00 
2016/12/15 100.00 104.50 100.00 102.50 
2016/12/16 103.00 103.50 101.50 102.00 
2016/12/19 103.00 103.00 101.00 101.00 
2016/12/20 102.50 103.50 101.50 101.50 
2016/12/21 102.50 102.50 100.00 100.00 
2016/12/22 100.00 100.50 98.10 98.90 
2016/12/23 98.50 102.00 98.00 100.50 
2016/12/26 100.00 100.50 99.00 100.50 
2016/12/27 100.50 101.00 99.60 99.80 
2016/12/28 100.00 101.00 99.90 100.00 
2016/12/29 100.00 100.50 99.40 100.50 
2016/12/30 100.50 101.00 99.00 99.50 
2017/01/03 99.80 99.80 98.50 99.30 
2017/01/04 99.90 100.00 99.20 99.90 
2017/01/05 99.80 100.50 99.30 99.40 
2017/01/06 99.50 100.50 99.50 100.00 
2017/01/09 100.50 101.00 97.60 98.70 
2017/01/10 98.40 98.40 94.90 96.00 
2017/01/11 98.00 98.20 96.00 96.80 
2017/01/12 97.80 98.90 97.00 98.90 
2017/01/13 99.40 105.50 98.90 103.50 
2017/01/16 104.00 104.00 101.50 102.00 
2017/01/17 103.50 103.50 100.00 103.00 
2017/01/18 102.50 102.50 100.50 101.00 
2017/01/19 102.00 103.50 100.00 102.00 
2017/01/20 101.50 102.50 100.50 101.00 
2017/01/23 101.50 101.50 100.00 100.50 
2017/01/24 100.00 101.00 99.80 101.00 
2017/02/02 101.00 101.50 100.00 101.00 
2017/02/03 101.00 103.00 100.00 102.50 
2017/02/06 102.00 102.50 101.00 102.00 
2017/02/07 100.50 103.50 100.50 102.00 
2017/02/08 101.00 102.00 100.50 102.00 
