2016/07/01 10.40 11.20 10.30 11.20 
2016/07/04 11.65 11.80 11.50 11.60 
2016/07/05 11.75 12.75 11.60 12.75 
2016/07/06 13.00 13.70 12.85 13.00 
2016/07/07 13.45 13.50 12.80 12.90 
2016/07/11 13.30 13.30 12.80 13.05 
2016/07/12 13.40 13.65 13.00 13.00 
2016/07/13 13.10 13.10 12.45 12.50 
2016/07/14 12.60 12.90 12.50 12.60 
2016/07/15 12.75 12.75 12.50 12.50 
2016/07/18 12.45 12.60 12.25 12.60 
2016/07/19 12.70 13.25 12.60 12.80 
2016/07/20 12.70 12.90 12.35 12.35 
2016/07/21 12.45 12.85 12.45 12.55 
2016/07/22 12.55 13.80 12.55 13.80 
2016/07/25 14.50 14.75 14.05 14.10 
2016/07/26 14.00 14.00 13.50 13.75 
2016/07/27 13.95 13.95 13.30 13.30 
2016/07/28 13.35 13.55 13.20 13.35 
2016/07/29 13.45 13.45 12.85 12.90 
2016/08/01 12.90 13.10 12.90 12.95 
2016/08/02 13.20 14.10 13.20 13.45 
2016/08/03 13.25 13.55 13.25 13.30 
2016/08/04 13.55 13.80 13.35 13.35 
2016/08/05 13.45 13.45 13.15 13.15 
2016/08/08 13.35 13.75 13.35 13.60 
2016/08/09 13.90 13.90 13.30 13.35 
2016/08/10 13.50 13.55 13.05 13.10 
2016/08/11 13.10 13.30 12.70 12.75 
2016/08/12 12.85 13.00 12.65 12.80 
2016/08/15 12.85 13.05 12.80 13.00 
2016/08/16 13.05 13.50 12.90 13.40 
2016/08/17 13.45 13.50 13.25 13.30 
2016/08/18 13.40 14.60 13.35 13.80 
2016/08/19 14.15 14.15 13.75 13.85 
2016/08/22 14.00 14.00 13.65 13.80 
2016/08/23 13.95 14.70 13.85 14.25 
2016/08/24 14.35 15.50 14.25 15.05 
2016/08/25 15.30 15.85 14.80 14.80 
2016/08/26 15.00 15.50 14.70 15.35 
2016/08/29 15.80 16.10 15.40 15.45 
2016/08/30 15.65 15.70 14.90 14.95 
2016/08/31 15.15 15.35 14.90 15.05 
2016/09/01 15.05 15.20 14.75 14.75 
2016/09/02 14.90 14.90 14.00 14.10 
2016/09/05 14.40 14.40 14.10 14.20 
2016/09/06 14.30 14.65 14.25 14.60 
2016/09/07 14.75 14.75 14.50 14.50 
2016/09/08 14.60 14.60 14.40 14.50 
2016/09/09 14.50 15.20 14.45 14.85 
2016/09/10 14.70 14.70 14.45 14.50 
2016/09/12 14.75 14.80 14.50 14.50 
2016/09/13 14.65 14.65 14.35 14.45 
2016/09/14 14.45 14.55 13.60 14.05 
2016/09/19 14.15 14.30 14.10 14.30 
2016/09/20 14.35 14.45 14.15 14.15 
2016/09/21 14.30 14.50 14.20 14.30 
2016/09/22 14.55 14.55 14.35 14.50 
2016/09/23 14.50 14.60 14.45 14.45 
2016/09/26 14.45 14.60 14.25 14.50 
2016/09/29 14.55 14.60 14.40 14.50 
2016/09/30 14.55 14.55 14.30 14.35 
2016/10/03 14.35 14.55 14.10 14.15 
2016/10/04 14.05 14.20 14.00 14.15 
2016/10/05 14.10 14.30 14.00 14.15 
2016/10/06 14.20 14.20 14.00 14.05 
2016/10/07 14.20 14.20 13.60 13.60 
2016/10/11 13.40 13.40 12.25 12.25 
2016/10/12 12.25 12.45 12.15 12.20 
2016/10/13 12.00 12.25 11.95 12.00 
2016/10/14 12.00 12.00 11.55 11.60 
2016/10/17 11.60 11.95 11.55 11.90 
2016/10/18 11.90 12.15 11.90 12.10 
2016/10/19 12.10 12.30 12.05 12.15 
2016/10/20 12.25 12.30 12.15 12.20 
2016/10/21 12.35 12.40 12.20 12.25 
2016/10/24 12.15 12.35 12.15 12.30 
2016/10/25 12.20 12.50 12.20 12.35 
2016/10/26 12.30 12.40 12.25 12.30 
2016/10/27 12.35 12.35 12.15 12.15 
2016/10/28 12.15 12.15 11.90 12.05 
2016/10/31 11.90 12.10 11.90 12.05 
2016/11/01 11.95 12.25 11.95 11.95 
2016/11/02 11.95 12.00 11.80 11.85 
2016/11/03 11.85 11.95 11.70 11.85 
2016/11/04 12.05 12.10 11.85 11.85 
2016/11/07 11.90 12.05 11.80 11.80 
2016/11/08 11.90 11.95 11.80 11.85 
2016/11/09 12.10 12.15 11.70 11.70 
2016/11/10 11.95 12.10 11.75 11.90 
2016/11/11 11.90 12.00 11.30 11.30 
2016/11/14 11.15 11.45 11.15 11.30 
2016/11/15 11.20 11.50 11.20 11.35 
2016/11/16 11.40 11.65 11.35 11.35 
2016/11/17 11.40 11.55 11.25 11.30 
2016/11/18 11.50 11.60 11.30 11.40 
2016/11/21 11.50 11.60 11.45 11.60 
2016/11/22 11.60 11.75 11.50 11.50 
2016/11/23 11.70 11.70 11.45 11.50 
2016/11/24 11.50 11.55 11.40 11.45 
2016/11/25 11.50 11.55 11.40 11.45 
2016/11/28 11.50 11.65 11.45 11.50 
2016/11/29 11.60 11.80 11.60 11.80 
2016/11/30 11.85 12.50 11.85 12.10 
2016/12/01 12.30 12.30 12.05 12.10 
2016/12/02 12.25 12.25 12.05 12.05 
2016/12/05 12.15 12.15 12.05 12.10 
2016/12/06 12.20 12.20 12.05 12.10 
2016/12/07 12.20 12.20 11.90 12.00 
2016/12/08 12.00 12.30 12.00 12.05 
2016/12/09 12.15 12.30 12.05 12.10 
2016/12/12 12.15 12.15 11.80 11.85 
2016/12/13 11.95 12.15 11.95 11.95 
2016/12/14 12.05 12.15 11.90 11.90 
2016/12/15 11.90 12.10 11.90 12.10 
2016/12/16 12.15 12.45 12.10 12.30 
2016/12/19 12.40 12.65 12.30 12.30 
2016/12/20 12.30 12.55 12.20 12.25 
2016/12/21 12.30 12.60 12.30 12.45 
2016/12/22 12.55 12.55 12.05 12.15 
2016/12/23 12.15 12.25 11.90 11.90 
2016/12/26 11.90 12.10 11.80 11.85 
2016/12/27 11.95 12.05 11.80 11.80 
2016/12/28 11.85 12.00 11.80 11.90 
2016/12/29 11.90 12.00 11.90 11.90 
2016/12/30 11.95 12.45 11.95 12.25 
2017/01/03 12.35 12.35 12.15 12.25 
2017/01/04 12.25 12.40 12.15 12.20 
2017/01/05 12.30 12.35 12.25 12.25 
2017/01/06 12.25 12.40 12.25 12.35 
2017/01/09 12.35 12.50 12.20 12.25 
2017/01/10 12.15 12.25 12.00 12.00 
2017/01/11 12.05 12.05 12.00 12.05 
2017/01/12 12.15 12.15 12.05 12.10 
2017/01/13 12.10 12.15 12.05 12.15 
2017/01/16 12.15 12.20 12.10 12.10 
2017/01/17 12.25 12.35 12.10 12.35 
2017/01/18 12.35 12.45 12.35 12.35 
2017/01/19 12.50 12.55 12.40 12.40 
2017/01/20 12.50 12.50 12.35 12.40 
2017/01/23 12.50 12.50 12.40 12.40 
2017/01/24 12.40 12.45 12.30 12.40 
2017/02/02 12.50 12.55 12.30 12.55 
2017/02/03 12.55 13.80 12.55 13.80 
2017/02/06 14.20 14.35 13.90 14.10 
2017/02/07 14.10 14.10 13.65 13.80 
2017/02/08 13.85 14.35 13.75 14.00 
