2016/07/01 60.60 60.90 60.00 60.10 
2016/07/04 60.20 61.30 59.60 60.50 
2016/07/05 60.80 62.20 60.50 61.60 
2016/07/06 63.00 66.40 62.00 63.40 
2016/07/07 63.90 65.80 63.90 64.70 
2016/07/11 66.00 68.80 66.00 66.00 
2016/07/12 65.00 67.20 63.80 67.00 
2016/07/13 68.00 69.90 66.20 66.80 
2016/07/14 67.00 68.40 67.00 67.30 
2016/07/15 68.00 68.40 67.60 67.80 
2016/07/18 68.00 68.20 66.40 66.70 
2016/07/19 66.60 66.60 64.80 65.00 
2016/07/20 65.10 65.80 64.10 64.10 
2016/07/21 63.90 66.70 63.60 64.80 
2016/07/22 64.80 66.00 64.80 64.90 
2016/07/25 65.40 65.80 62.50 64.90 
2016/07/26 64.90 65.30 64.30 64.60 
2016/07/27 64.70 65.80 64.40 64.40 
2016/07/28 64.40 64.80 63.60 63.80 
2016/07/29 64.60 66.10 64.60 65.50 
2016/08/01 65.60 68.60 65.60 67.50 
2016/08/02 68.50 68.90 67.70 68.40 
2016/08/03 68.70 69.80 68.00 69.00 
2016/08/04 69.70 69.70 68.10 68.80 
2016/08/05 69.20 70.70 68.90 69.50 
2016/08/08 70.20 71.80 69.30 70.30 
2016/08/09 71.10 73.20 70.50 71.80 
2016/08/10 72.50 72.50 70.40 70.70 
2016/08/11 71.20 71.20 67.70 68.20 
2016/08/12 68.60 69.40 67.80 67.80 
2016/08/15 68.00 69.50 68.00 68.50 
2016/08/16 68.80 68.80 67.90 68.40 
2016/08/17 68.40 68.40 67.30 67.60 
2016/08/18 67.60 68.80 67.60 68.70 
2016/08/19 69.30 71.80 69.30 70.50 
2016/08/22 71.80 72.80 71.00 72.60 
2016/08/23 74.00 74.50 69.10 69.40 
2016/08/24 69.70 70.50 68.90 69.00 
2016/08/25 69.60 70.00 68.40 68.60 
2016/08/26 68.70 69.60 68.00 69.30 
2016/08/29 69.60 71.20 69.50 70.80 
2016/08/30 66.80 67.40 65.70 66.10 
2016/08/31 66.80 66.80 66.10 66.10 
2016/09/01 66.70 66.70 65.30 65.40 
2016/09/02 65.40 65.40 64.20 64.20 
2016/09/05 64.40 64.60 63.20 63.40 
2016/09/06 63.50 64.70 63.00 63.80 
2016/09/07 64.00 66.30 64.00 64.80 
2016/09/08 65.60 65.60 64.80 65.50 
2016/09/09 65.00 65.80 64.70 65.00 
2016/09/10 64.50 64.50 63.40 63.70 
2016/09/12 64.00 64.00 61.80 62.40 
2016/09/13 62.10 62.90 61.30 61.50 
2016/09/14 61.80 61.80 60.60 60.60 
2016/09/19 60.70 61.20 60.50 61.10 
2016/09/20 61.50 61.80 61.00 61.10 
2016/09/21 61.50 61.50 60.50 61.20 
2016/09/22 60.80 61.20 60.60 61.10 
2016/09/23 61.10 61.10 60.60 61.10 
2016/09/26 60.60 60.60 60.50 60.50 
2016/09/29 60.50 60.50 59.80 60.20 
2016/09/30 59.70 60.00 59.30 59.30 
2016/10/03 59.30 59.30 58.30 59.00 
2016/10/04 59.00 59.00 58.30 58.50 
2016/10/05 58.30 58.30 56.20 56.90 
2016/10/06 56.80 56.80 52.60 53.50 
2016/10/07 53.30 56.00 53.30 54.70 
2016/10/11 55.90 55.90 53.70 54.20 
2016/10/12 54.00 54.00 52.90 53.10 
2016/10/13 52.50 53.90 51.60 52.20 
2016/10/14 52.20 52.40 51.20 51.30 
2016/10/17 51.30 51.80 50.40 51.20 
2016/10/18 51.20 51.70 50.70 50.80 
2016/10/19 51.20 52.60 51.20 51.30 
2016/10/20 51.90 52.10 51.40 52.00 
2016/10/21 52.00 53.50 52.00 53.40 
2016/10/24 53.80 54.20 53.20 53.50 
2016/10/25 53.50 53.90 53.00 53.00 
2016/10/26 52.20 52.90 52.20 52.80 
2016/10/27 52.80 53.20 52.70 52.80 
2016/10/28 53.40 53.40 52.90 53.00 
2016/10/31 53.10 54.50 53.10 54.30 
2016/11/01 54.30 54.90 53.80 54.70 
2016/11/02 54.10 54.10 53.60 53.70 
2016/11/03 53.00 53.80 52.10 53.20 
2016/11/04 52.60 53.60 51.20 52.50 
2016/11/07 52.80 53.60 52.80 53.30 
2016/11/08 53.30 53.50 53.30 53.50 
2016/11/09 53.50 53.50 51.50 51.50 
2016/11/10 51.80 53.40 51.80 52.00 
2016/11/11 52.00 52.00 51.00 51.50 
2016/11/14 52.20 52.60 51.90 52.60 
2016/11/15 52.60 52.70 51.30 51.70 
2016/11/16 51.90 52.50 51.90 52.30 
2016/11/17 52.50 52.50 52.30 52.30 
2016/11/18 52.40 52.90 52.40 52.40 
2016/11/21 52.50 53.00 52.50 52.60 
2016/11/22 52.60 53.20 52.50 53.20 
2016/11/23 53.20 53.50 53.00 53.10 
2016/11/24 53.50 53.50 53.10 53.10 
2016/11/25 53.20 53.80 52.90 53.80 
2016/11/28 53.50 55.10 53.40 55.10 
2016/11/29 54.50 55.10 54.40 54.80 
2016/11/30 55.40 56.20 55.00 55.50 
2016/12/01 55.90 56.60 55.50 55.50 
2016/12/02 55.60 55.60 55.10 55.50 
2016/12/05 55.70 55.70 54.70 55.40 
2016/12/06 55.30 55.40 55.00 55.10 
2016/12/07 55.40 55.40 54.90 55.10 
2016/12/08 55.80 55.80 54.60 55.10 
2016/12/09 55.20 55.50 55.00 55.20 
2016/12/12 56.30 56.30 55.30 55.30 
2016/12/13 55.40 55.50 55.20 55.30 
2016/12/14 55.40 55.60 55.20 55.20 
2016/12/15 54.50 54.50 54.10 54.20 
2016/12/16 54.20 54.20 53.80 53.80 
2016/12/19 53.80 54.20 53.80 53.90 
2016/12/20 53.90 54.00 53.80 54.00 
2016/12/21 54.30 54.30 53.50 54.00 
2016/12/22 53.90 54.00 53.00 53.00 
2016/12/23 52.60 52.60 52.10 52.20 
2016/12/26 52.20 52.50 51.80 52.20 
2016/12/27 52.20 52.70 52.00 52.60 
2016/12/28 52.60 52.80 52.00 52.00 
2016/12/29 51.30 51.90 51.30 51.50 
2016/12/30 52.60 53.40 52.00 53.40 
2017/01/03 53.00 53.00 52.20 52.50 
2017/01/04 52.30 52.70 52.30 52.30 
2017/01/05 52.40 52.40 52.20 52.20 
2017/01/06 52.30 53.00 52.30 52.30 
2017/01/09 52.50 52.50 52.00 52.00 
2017/01/10 51.90 51.90 51.20 51.30 
2017/01/11 51.10 51.90 50.70 51.00 
2017/01/12 51.30 51.30 51.00 51.00 
2017/01/13 51.00 51.30 51.00 51.30 
2017/01/16 51.90 51.90 50.80 51.20 
2017/01/17 50.80 50.90 50.40 50.70 
2017/01/18 50.30 50.40 49.35 49.45 
2017/01/19 49.00 49.00 48.40 48.50 
2017/01/20 48.10 48.60 47.90 48.45 
2017/01/23 48.85 49.70 48.45 48.60 
2017/01/24 48.30 48.50 48.00 48.20 
2017/02/02 48.20 48.20 47.75 47.80 
2017/02/03 47.75 47.75 46.75 47.50 
2017/02/06 47.50 48.20 47.35 47.80 
2017/02/07 47.80 48.50 47.80 48.10 
2017/02/08 48.15 49.50 48.00 49.40 
