2016/07/01 44.50 44.65 44.30 44.30 
2016/07/04 44.30 44.30 43.80 44.10 
2016/07/05 43.50 44.40 43.50 44.30 
2016/07/06 43.90 44.35 43.90 44.05 
2016/07/07 43.85 45.50 43.85 44.70 
2016/07/11 46.30 48.20 46.30 47.00 
2016/07/12 46.90 47.30 46.80 47.10 
2016/07/13 48.30 48.30 46.80 46.85 
2016/07/14 47.20 48.30 46.95 47.50 
2016/07/15 47.50 47.90 47.10 47.50 
2016/07/18 47.80 48.45 47.15 47.60 
2016/07/19 47.60 47.65 47.30 47.35 
2016/07/20 47.35 47.40 47.05 47.30 
2016/07/21 47.30 47.70 47.30 47.60 
2016/07/22 47.45 47.45 46.75 47.40 
2016/07/25 46.90 47.30 46.85 46.85 
2016/07/26 46.85 46.85 46.45 46.75 
2016/07/27 46.60 47.60 46.60 47.30 
2016/07/28 47.65 47.65 46.95 47.30 
2016/07/29 47.20 47.35 47.00 47.15 
2016/08/01 47.15 47.30 47.05 47.20 
2016/08/02 47.40 47.40 47.00 47.35 
2016/08/03 47.05 47.50 46.75 47.50 
2016/08/04 47.65 48.00 47.30 47.60 
2016/08/05 47.25 48.00 47.25 48.00 
2016/08/08 48.05 48.05 47.55 47.60 
2016/08/09 48.25 48.25 47.60 48.00 
2016/08/10 48.00 48.10 47.60 48.00 
2016/08/11 47.95 47.95 46.70 47.20 
2016/08/12 47.45 47.45 46.90 47.30 
2016/08/15 47.00 47.00 46.30 46.65 
2016/08/16 46.45 46.80 46.30 46.80 
2016/08/17 46.85 46.85 46.00 46.50 
2016/08/18 46.10 46.80 45.55 46.50 
2016/08/19 46.10 46.30 45.80 45.80 
2016/08/22 45.80 46.00 45.45 45.45 
2016/08/23 45.45 46.50 45.40 46.50 
2016/08/24 46.50 46.50 45.70 46.00 
2016/08/25 43.00 43.50 43.00 43.15 
2016/08/26 43.15 43.15 42.75 42.75 
2016/08/29 42.75 42.75 42.50 42.70 
2016/08/30 42.70 44.00 42.70 43.85 
2016/08/31 43.90 43.90 43.10 43.55 
2016/09/01 43.10 43.75 43.00 43.35 
2016/09/02 43.35 43.90 43.00 43.90 
2016/09/05 44.40 44.40 43.10 43.85 
2016/09/06 43.35 44.10 43.35 43.85 
2016/09/07 44.30 44.30 43.50 43.60 
2016/09/08 43.40 44.10 43.25 43.60 
2016/09/09 43.85 43.85 43.45 43.60 
2016/09/10 43.25 43.55 43.00 43.55 
2016/09/12 43.65 43.65 42.90 43.45 
2016/09/13 43.15 43.40 43.00 43.40 
2016/09/14 42.65 43.30 42.65 43.30 
2016/09/19 42.80 43.35 42.75 43.30 
2016/09/20 42.75 43.50 42.75 43.30 
2016/09/21 42.75 43.25 42.60 43.05 
2016/09/22 42.80 43.00 42.80 43.00 
2016/09/23 42.90 43.05 42.35 42.60 
2016/09/26 42.30 42.60 42.30 42.60 
2016/09/29 42.60 43.00 42.30 43.00 
2016/09/30 42.35 43.00 42.35 43.00 
2016/10/03 43.00 43.35 42.70 43.15 
2016/10/04 43.30 44.05 43.10 43.95 
2016/10/05 44.00 44.00 43.50 43.95 
2016/10/06 44.60 44.60 43.80 44.00 
2016/10/07 43.80 44.00 43.60 43.60 
2016/10/11 43.60 44.10 43.05 43.75 
2016/10/12 44.00 44.00 43.00 43.60 
2016/10/13 43.15 43.35 43.00 43.30 
2016/10/14 43.10 43.10 42.80 42.95 
2016/10/17 42.60 42.80 42.40 42.80 
2016/10/18 42.50 42.75 42.50 42.75 
2016/10/19 42.60 42.95 42.35 42.95 
2016/10/20 42.70 43.00 42.50 43.00 
2016/10/21 42.60 42.75 42.55 42.75 
2016/10/24 42.70 42.95 42.25 42.75 
2016/10/25 42.75 42.95 42.50 42.95 
2016/10/26 42.75 42.85 42.75 42.85 
2016/10/27 43.10 43.10 42.50 43.00 
2016/10/28 43.00 43.00 42.55 42.55 
2016/10/31 42.55 42.55 42.40 42.50 
2016/11/01 42.10 42.50 42.10 42.50 
2016/11/02 42.15 42.50 42.10 42.10 
2016/11/03 41.80 42.10 41.80 41.80 
2016/11/04 41.60 42.40 41.50 42.40 
2016/11/07 42.10 42.80 41.90 42.80 
2016/11/08 42.50 42.50 42.00 42.20 
2016/11/09 41.60 42.10 39.50 41.85 
2016/11/10 40.25 41.50 40.25 40.85 
2016/11/11 40.75 40.75 38.10 39.00 
2016/11/14 39.50 39.90 39.00 39.50 
2016/11/15 37.40 39.40 37.40 39.20 
2016/11/16 39.40 39.40 38.50 38.50 
2016/11/17 38.00 38.45 38.00 38.45 
2016/11/18 38.40 38.40 37.50 38.15 
2016/11/21 37.90 37.90 37.50 37.90 
2016/11/22 37.90 37.95 37.75 37.95 
2016/11/23 37.60 37.95 37.60 37.90 
2016/11/24 37.60 37.90 37.50 37.80 
2016/11/25 37.80 38.40 37.55 38.15 
2016/11/28 38.00 38.15 37.85 38.15 
2016/11/29 38.00 38.40 37.65 38.15 
2016/11/30 38.05 38.05 37.55 38.00 
2016/12/01 38.00 38.35 37.80 38.30 
2016/12/02 38.30 38.30 37.85 38.30 
2016/12/05 38.45 38.45 37.90 38.20 
2016/12/06 38.10 38.20 38.00 38.00 
2016/12/07 38.00 38.30 38.00 38.30 
2016/12/08 38.30 38.45 38.10 38.30 
2016/12/09 38.10 38.60 38.10 38.50 
2016/12/12 38.30 38.95 38.20 38.80 
2016/12/13 38.80 39.10 38.80 38.80 
2016/12/14 39.05 39.05 38.60 38.90 
2016/12/15 39.00 39.35 38.70 38.70 
2016/12/16 39.05 39.05 38.70 38.95 
2016/12/19 39.00 39.30 38.25 38.70 
2016/12/20 38.40 38.50 37.80 38.35 
2016/12/21 38.10 38.35 38.10 38.35 
2016/12/22 38.05 38.30 38.00 38.25 
2016/12/23 38.20 38.20 37.90 38.20 
2016/12/26 38.20 38.20 37.90 38.15 
2016/12/27 38.15 38.60 38.00 38.50 
2016/12/28 38.50 38.85 38.25 38.70 
2016/12/29 38.70 38.90 38.40 38.80 
2016/12/30 38.80 39.00 38.60 39.00 
2017/01/03 38.90 39.05 38.80 38.95 
2017/01/04 39.30 39.30 38.90 39.00 
2017/01/05 39.00 39.00 38.70 38.70 
2017/01/06 38.70 38.80 38.55 38.80 
2017/01/09 38.80 39.10 38.55 39.10 
2017/01/10 39.75 41.20 39.30 40.65 
2017/01/11 40.10 40.60 39.75 40.50 
2017/01/12 40.40 40.65 40.05 40.45 
2017/01/13 41.00 41.00 40.35 40.50 
2017/01/16 40.00 40.45 40.00 40.45 
2017/01/17 40.45 40.45 39.10 40.45 
2017/01/18 40.30 40.80 39.85 40.70 
2017/01/19 40.00 40.95 40.00 40.95 
2017/01/20 40.90 40.90 40.35 40.65 
2017/01/23 40.85 40.85 40.40 40.40 
2017/01/24 39.85 40.60 39.85 40.60 
2017/02/02 40.60 41.20 40.60 41.00 
2017/02/03 41.00 41.20 40.55 41.20 
2017/02/06 41.50 41.50 41.00 41.40 
2017/02/07 41.40 42.40 41.40 42.25 
2017/02/08 42.75 42.75 41.70 42.20 
