2016/07/01 17.20 17.35 16.50 17.25 
2016/07/04 17.35 17.35 17.30 17.30 
2016/07/05 17.40 17.80 17.35 17.80 
2016/07/06 17.80 18.00 17.20 17.75 
2016/07/07 17.50 18.15 17.25 18.10 
2016/07/11 17.80 17.90 17.75 17.75 
2016/07/12 17.55 17.75 17.50 17.60 
2016/07/13 17.50 17.50 17.10 17.20 
2016/07/14 17.15 17.20 17.00 17.20 
2016/07/15 17.40 17.40 17.20 17.20 
2016/07/18 17.35 17.50 17.35 17.50 
2016/07/19 17.20 17.55 17.20 17.50 
2016/07/20 17.50 17.50 16.80 17.50 
2016/07/21 17.35 17.35 17.30 17.35 
2016/07/22 17.20 17.25 17.15 17.15 
2016/07/25 16.80 17.30 16.80 17.15 
2016/07/26 16.85 17.20 16.85 17.20 
2016/07/27 17.00 17.20 17.00 17.20 
2016/07/28 17.60 17.60 17.00 17.40 
2016/07/29 17.20 17.20 16.90 17.20 
2016/08/01 17.20 17.30 17.20 17.30 
2016/08/02 17.10 17.30 17.10 17.30 
2016/08/03 16.85 17.30 16.85 17.30 
2016/08/04 17.40 17.50 17.40 17.50 
2016/08/05 17.85 19.25 17.85 19.25 
2016/08/08 20.50 21.15 20.15 21.15 
2016/08/09 20.90 20.90 19.60 20.05 
2016/08/10 20.00 20.30 19.60 20.00 
2016/08/11 20.20 20.75 20.00 20.50 
2016/08/12 20.80 20.80 19.70 19.75 
2016/08/15 19.80 19.85 19.40 19.65 
2016/08/16 19.55 19.55 18.85 18.85 
2016/08/17 18.75 18.75 18.45 18.75 
2016/08/18 19.15 19.80 18.75 19.80 
2016/08/19 21.35 21.75 20.90 21.75 
2016/08/22 22.20 23.90 22.20 23.65 
2016/08/23 24.10 24.10 22.40 22.85 
2016/08/24 22.50 23.35 22.50 22.80 
2016/08/25 22.80 22.80 22.05 22.30 
2016/08/26 22.00 22.35 21.80 22.00 
2016/08/29 22.00 22.00 21.20 21.40 
2016/08/30 21.50 23.40 21.50 22.30 
2016/08/31 21.80 22.70 21.80 22.35 
2016/09/01 21.75 22.75 21.75 22.20 
2016/09/02 22.30 22.30 20.75 20.80 
2016/09/05 21.00 21.15 20.15 20.15 
2016/09/06 19.70 20.55 19.70 20.30 
2016/09/07 20.30 20.60 20.30 20.60 
2016/09/08 20.60 20.60 20.20 20.20 
2016/09/09 20.65 20.65 19.80 19.85 
2016/09/10 20.00 20.00 19.50 20.00 
2016/09/12 20.00 20.35 19.30 20.00 
2016/09/13 20.20 21.50 20.20 21.30 
2016/09/14 21.30 22.60 20.80 22.60 
2016/09/19 22.55 22.70 22.15 22.25 
2016/09/20 22.15 23.00 22.10 22.95 
2016/09/21 23.10 23.80 22.60 23.80 
2016/09/22 23.50 24.40 23.20 24.40 
2016/09/23 23.90 24.50 23.90 24.50 
2016/09/26 24.10 24.50 23.70 24.00 
2016/09/29 24.00 24.00 22.75 23.95 
2016/09/30 23.75 26.00 22.90 26.00 
2016/10/03 25.35 25.85 24.80 25.40 
2016/10/04 25.15 25.40 24.50 25.00 
2016/10/05 24.60 24.65 24.35 24.55 
2016/10/06 24.30 24.55 24.20 24.20 
2016/10/07 24.00 24.05 23.50 23.55 
2016/10/11 23.20 23.70 22.60 23.50 
2016/10/12 23.45 23.45 22.95 23.00 
2016/10/13 22.10 23.00 22.00 23.00 
2016/10/14 23.25 23.25 22.35 22.35 
2016/10/17 22.10 23.20 22.00 23.20 
2016/10/18 22.60 23.00 22.50 23.00 
2016/10/19 22.60 23.00 22.60 23.00 
2016/10/20 23.30 24.10 23.10 24.00 
2016/10/21 24.50 24.50 23.45 24.00 
2016/10/24 23.05 23.40 22.60 23.00 
2016/10/25 22.60 23.10 22.60 23.10 
2016/10/26 23.65 23.65 22.55 22.60 
2016/10/27 23.00 23.00 22.60 22.60 
2016/10/28 22.60 22.95 22.60 22.95 
2016/10/31 22.60 22.95 22.60 22.95 
2016/11/01 22.95 23.00 22.95 23.00 
2016/11/02 22.60 24.30 22.50 24.30 
2016/11/03 24.30 25.10 23.70 24.95 
2016/11/04 24.90 24.95 24.30 24.90 
2016/11/07 24.35 24.70 24.15 24.70 
2016/11/08 25.15 25.20 24.30 24.80 
2016/11/09 24.10 26.20 23.20 26.20 
2016/11/10 25.90 26.00 25.25 25.25 
2016/11/11 24.60 25.50 23.80 25.45 
2016/11/14 24.60 25.50 24.60 25.50 
2016/11/15 25.50 25.90 25.10 25.75 
2016/11/16 25.40 25.70 25.00 25.70 
2016/11/17 25.70 25.70 25.20 25.20 
2016/11/18 24.80 24.80 24.60 24.60 
2016/11/21 23.95 24.50 23.95 24.50 
2016/11/22 24.80 24.90 24.65 24.65 
2016/11/23 24.65 24.65 24.40 24.45 
2016/11/24 24.25 24.55 24.25 24.45 
2016/11/25 24.30 24.45 24.00 24.00 
2016/11/28 23.40 24.35 23.40 24.10 
2016/11/29 24.30 24.55 24.10 24.30 
2016/11/30 24.30 24.30 23.95 24.00 
2016/12/01 24.10 24.20 23.70 24.00 
2016/12/02 23.70 24.00 23.50 23.95 
2016/12/05 23.60 24.20 23.60 24.20 
2016/12/06 24.35 24.60 24.35 24.45 
2016/12/07 24.75 24.75 24.05 24.40 
2016/12/08 24.25 24.25 24.25 24.25 
2016/12/09 24.05 24.50 24.05 24.15 
2016/12/12 24.20 24.30 23.80 23.90 
2016/12/13 23.95 23.95 23.60 23.90 
2016/12/14 23.90 23.90 22.80 23.60 
2016/12/15 23.50 23.60 23.50 23.60 
2016/12/16 23.80 24.10 23.60 23.85 
2016/12/19 23.85 23.85 23.40 23.70 
2016/12/20 23.45 23.70 23.45 23.70 
2016/12/21 23.20 23.70 23.05 23.40 
2016/12/22 23.35 23.45 23.10 23.10 
2016/12/23 23.00 23.30 23.00 23.10 
2016/12/26 23.55 23.60 23.00 23.30 
2016/12/27 23.05 23.35 22.90 23.35 
2016/12/28 23.55 23.60 23.20 23.30 
2016/12/29 23.40 23.55 23.40 23.55 
2016/12/30 23.55 23.60 23.55 23.60 
2017/01/03 23.40 23.65 23.35 23.65 
2017/01/04 23.65 23.65 23.65 23.65 
2017/01/05 23.60 23.60 23.25 23.25 
2017/01/06 23.30 23.30 23.25 23.25 
2017/01/09 23.30 23.55 23.05 23.10 
2017/01/10 22.05 23.40 22.05 23.35 
2017/01/11 23.15 23.35 23.15 23.35 
2017/01/12 22.60 22.90 22.20 22.20 
2017/01/13 21.75 22.20 21.75 22.10 
2017/01/16 22.10 22.40 21.40 22.30 
2017/01/17 22.45 23.00 22.40 23.00 
2017/01/18 23.00 23.75 23.00 23.75 
2017/01/19 23.75 24.80 23.75 24.40 
2017/01/20 23.90 24.40 23.75 24.35 
2017/01/23 23.70 24.25 23.70 24.10 
2017/01/24 24.10 24.20 23.55 23.55 
2017/02/02 23.55 23.55 23.45 23.45 
2017/02/03 23.55 23.95 23.55 23.95 
2017/02/06 23.95 23.95 23.30 23.50 
2017/02/07 23.90 24.10 23.50 23.55 
2017/02/08 23.55 25.90 23.55 25.90 
