2016/07/01 17.90 18.00 17.90 18.00 
2016/07/04 18.20 18.20 17.60 18.20 
2016/07/05 18.25 18.65 18.25 18.40 
2016/07/06 18.40 18.40 18.10 18.30 
2016/07/07 18.35 18.50 18.35 18.40 
2016/07/11 18.65 20.20 18.65 20.20 
2016/07/12 20.80 22.10 19.50 20.85 
2016/07/13 20.80 20.80 19.80 20.45 
2016/07/14 19.80 21.65 19.75 21.05 
2016/07/15 21.00 21.35 20.35 20.35 
2016/07/18 20.20 20.40 19.05 19.55 
2016/07/19 19.55 19.90 19.55 19.65 
2016/07/20 19.40 20.00 19.30 19.30 
2016/07/21 19.30 19.30 19.00 19.00 
2016/07/22 19.45 19.50 19.05 19.20 
2016/07/25 19.30 19.35 19.20 19.25 
2016/07/26 19.25 19.35 18.95 19.25 
2016/07/27 19.35 19.40 19.15 19.25 
2016/07/28 19.25 19.35 18.90 19.20 
2016/07/29 19.20 19.30 19.20 19.20 
2016/08/01 19.20 19.30 19.15 19.20 
2016/08/02 19.20 19.30 19.20 19.20 
2016/08/03 19.15 19.25 19.15 19.20 
2016/08/04 19.30 19.35 19.25 19.25 
2016/08/05 19.35 19.35 19.20 19.35 
2016/08/08 19.45 19.45 19.20 19.40 
2016/08/09 19.40 19.45 19.35 19.35 
2016/08/11 19.45 19.45 19.35 19.40 
2016/08/12 19.40 19.45 19.40 19.40 
2016/08/15 19.50 19.55 19.30 19.50 
2016/08/16 19.50 19.55 19.50 19.50 
2016/08/17 19.65 19.65 19.50 19.60 
2016/08/18 19.75 19.80 19.60 19.65 
2016/08/19 19.80 19.80 19.55 19.65 
2016/08/22 19.75 19.75 19.70 19.70 
2016/08/23 19.75 19.80 19.75 19.80 
2016/08/24 19.90 19.90 19.50 19.80 
2016/08/25 19.90 19.90 19.85 19.90 
2016/08/26 19.95 20.20 19.95 20.20 
2016/08/29 20.55 20.75 20.55 20.75 
2016/08/30 20.60 20.95 20.60 20.95 
2016/08/31 21.00 21.00 20.70 20.80 
2016/09/01 21.25 21.25 20.70 20.70 
2016/09/02 20.70 20.75 20.50 20.75 
2016/09/05 20.90 20.90 20.65 20.65 
2016/09/06 20.75 20.75 20.60 20.60 
2016/09/07 20.30 20.70 20.30 20.65 
2016/09/08 20.85 20.85 20.70 20.70 
2016/09/09 20.95 20.95 20.75 20.75 
2016/09/10 20.65 21.00 20.65 21.00 
2016/09/12 21.10 21.80 21.10 21.55 
2016/09/13 21.45 21.95 21.45 21.55 
2016/09/14 20.35 21.50 20.35 21.50 
2016/09/19 21.95 22.00 21.10 21.70 
2016/09/20 21.80 21.80 21.75 21.75 
2016/09/21 21.95 22.00 21.75 21.80 
2016/09/22 21.85 21.85 21.85 21.85 
2016/09/23 21.85 21.95 21.80 21.95 
2016/09/26 21.55 22.00 21.55 22.00 
2016/09/29 22.00 22.00 21.55 22.00 
2016/09/30 21.90 22.00 21.90 22.00 
2016/10/03 22.05 22.05 22.00 22.00 
2016/10/04 21.90 22.15 21.70 22.00 
2016/10/06 21.90 22.30 21.90 22.20 
2016/10/07 21.80 22.20 21.80 22.05 
2016/10/11 22.10 22.30 22.00 22.20 
2016/10/13 22.10 22.25 22.05 22.05 
2016/10/14 22.30 22.30 22.00 22.10 
2016/10/17 22.20 22.20 22.00 22.00 
2016/10/18 22.15 22.15 21.95 21.95 
2016/10/19 22.10 22.10 21.95 21.95 
2016/10/20 22.00 22.00 21.95 21.95 
2016/10/21 22.00 22.00 21.90 21.95 
2016/10/24 22.00 22.00 21.95 21.95 
2016/10/25 22.00 22.00 21.50 22.00 
2016/10/26 21.95 21.95 21.95 21.95 
2016/10/27 22.00 22.00 21.90 21.90 
2016/10/28 21.90 21.90 21.90 21.90 
2016/10/31 21.95 22.35 21.90 22.00 
2016/11/01 22.00 22.25 21.70 21.70 
2016/11/02 21.95 21.95 21.75 21.75 
2016/11/03 21.95 21.95 21.50 21.55 
2016/11/04 21.50 21.85 21.50 21.85 
2016/11/07 21.90 21.90 21.85 21.85 
2016/11/08 21.85 21.85 21.85 21.85 
2016/11/09 21.50 21.50 21.50 21.50 
2016/11/10 22.00 22.00 21.50 21.90 
2016/11/11 21.85 21.85 21.50 21.50 
2016/11/14 21.90 21.90 21.60 21.60 
2016/11/15 21.70 21.70 21.70 21.70 
2016/11/16 21.70 21.80 21.70 21.70 
2016/11/17 21.70 21.85 21.60 21.70 
2016/11/18 21.60 21.60 21.60 21.60 
2016/11/21 21.55 21.80 21.50 21.80 
2016/11/22 21.90 21.90 21.55 21.80 
2016/11/23 22.50 22.50 21.70 21.70 
2016/11/24 22.15 22.15 21.80 21.80 
2016/11/25 22.00 22.00 22.00 22.00 
2016/11/28 21.90 22.00 21.90 22.00 
2016/11/29 22.00 22.20 21.90 22.00 
2016/11/30 22.00 22.10 22.00 22.10 
2016/12/01 22.15 22.20 22.15 22.20 
2016/12/02 22.20 22.25 21.60 22.20 
2016/12/05 22.20 22.35 22.10 22.35 
2016/12/06 22.25 22.80 22.25 22.70 
2016/12/07 22.55 22.70 22.55 22.70 
2016/12/08 22.95 23.20 22.70 23.20 
2016/12/09 22.75 23.50 22.75 23.30 
2016/12/12 23.70 23.95 23.35 23.95 
2016/12/13 24.00 26.30 24.00 26.30 
2016/12/14 28.10 28.40 25.05 25.05 
2016/12/15 25.35 25.65 25.35 25.50 
2016/12/16 25.95 27.45 25.65 26.65 
2016/12/19 27.20 27.50 26.30 26.90 
2016/12/20 27.40 29.40 27.40 28.00 
2016/12/21 28.45 30.20 28.45 30.20 
2016/12/22 31.00 33.20 30.70 33.20 
2016/12/23 33.70 36.50 32.20 33.00 
2016/12/26 31.70 34.25 31.70 32.40 
2016/12/27 32.80 33.30 31.85 32.60 
2016/12/28 32.60 32.95 30.30 31.10 
2016/12/29 31.10 31.60 30.45 30.75 
2016/12/30 31.00 33.45 30.65 33.00 
2017/01/03 33.10 34.00 32.40 32.40 
2017/01/04 32.60 32.75 32.00 32.05 
2017/01/05 32.50 33.30 32.30 33.00 
2017/01/06 33.40 33.60 32.50 32.60 
2017/01/09 33.15 33.15 31.00 31.00 
2017/01/10 31.30 31.50 30.50 31.10 
2017/01/11 31.10 31.10 30.50 30.50 
2017/01/12 30.90 30.90 29.30 29.40 
2017/01/13 29.30 29.90 29.25 29.60 
2017/01/16 30.00 30.15 28.40 28.55 
2017/01/17 28.20 28.55 27.50 27.80 
2017/01/18 27.10 28.45 27.10 27.60 
2017/01/19 27.90 28.25 27.65 27.70 
2017/01/20 27.50 27.80 27.30 27.50 
2017/01/23 27.40 27.65 27.40 27.50 
2017/01/24 27.95 27.95 27.40 27.45 
2017/02/02 27.65 27.65 27.05 27.05 
2017/02/03 27.00 27.30 26.60 27.15 
2017/02/06 27.10 27.45 27.10 27.45 
2017/02/07 27.35 28.00 27.35 28.00 
2017/02/08 28.20 28.25 27.30 27.55 
