2016/07/01 102.00 102.50 101.50 101.50 
2016/07/04 102.00 102.50 96.20 97.80 
2016/07/05 97.80 99.80 96.30 98.40 
2016/07/06 98.40 99.00 96.70 97.20 
2016/07/07 97.50 100.50 97.50 98.60 
2016/07/11 99.00 100.50 98.00 98.00 
2016/07/12 98.90 101.00 98.70 100.00 
2016/07/13 99.90 101.00 98.50 98.50 
2016/07/14 99.00 99.60 97.70 98.00 
2016/07/15 99.10 102.00 99.10 102.00 
2016/07/18 103.00 106.00 102.50 104.00 
2016/07/19 104.50 105.50 103.00 103.00 
2016/07/20 103.00 106.50 103.00 105.50 
2016/07/21 106.00 107.50 105.50 106.00 
2016/07/22 106.50 110.00 106.50 109.50 
2016/07/25 115.00 115.50 110.50 110.50 
2016/07/26 111.00 112.00 106.50 107.00 
2016/07/27 107.00 108.00 105.00 106.00 
2016/07/28 107.00 108.00 105.00 105.00 
2016/07/29 105.00 106.50 103.00 103.00 
2016/08/01 104.50 105.00 103.00 103.50 
2016/08/02 104.00 104.50 102.00 103.00 
2016/08/03 102.00 102.50 101.00 102.00 
2016/08/04 103.00 105.00 102.50 105.00 
2016/08/05 105.50 106.00 103.50 103.50 
2016/08/08 104.50 106.50 104.50 105.50 
2016/08/09 105.50 106.00 104.00 104.50 
2016/08/10 104.50 106.00 104.00 104.50 
2016/08/11 105.00 107.00 104.50 107.00 
2016/08/12 108.50 110.50 108.00 108.50 
2016/08/15 109.00 109.00 107.00 107.50 
2016/08/16 107.00 108.50 106.50 107.00 
2016/08/17 107.00 107.50 96.50 98.00 
2016/08/18 97.00 105.50 97.00 105.50 
2016/08/19 107.00 107.50 99.50 99.50 
2016/08/22 90.00 94.70 89.60 89.60 
2016/08/23 91.10 91.90 88.30 90.80 
2016/08/24 90.60 90.60 82.10 84.20 
2016/08/25 82.50 92.60 81.90 92.60 
2016/08/26 84.70 87.80 83.50 83.50 
2016/08/29 81.10 81.10 76.10 76.40 
2016/08/30 80.00 81.50 74.70 78.00 
2016/08/31 70.20 70.20 70.20 70.20 
2016/09/01 63.20 63.20 63.20 63.20 
2016/09/02 56.90 56.90 56.90 56.90 
2016/09/05 51.30 51.30 51.30 51.30 
2016/09/06 46.20 46.20 46.20 46.20 
2016/09/07 41.60 41.60 41.60 41.60 
2016/09/08 37.45 45.75 37.45 45.75 
2016/09/09 41.00 44.65 41.00 44.65 
2016/09/10 44.65 44.65 41.10 41.50 
2016/09/12 40.50 40.50 38.50 39.00 
2016/09/13 39.20 40.50 39.20 39.20 
2016/09/14 39.20 39.20 35.40 35.90 
2016/09/19 35.90 39.45 35.90 39.45 
2016/09/20 40.50 42.50 40.50 40.50 
2016/09/21 41.40 41.80 40.70 41.05 
2016/09/22 42.00 42.00 38.50 39.80 
2016/09/23 39.65 41.50 38.80 40.50 
2016/09/26 37.65 38.50 36.60 37.00 
2016/09/29 38.05 38.20 37.05 37.40 
2016/09/30 36.20 36.60 33.70 33.80 
2016/10/03 30.45 30.45 30.45 30.45 
2016/10/04 27.45 27.45 27.45 27.45 
2016/10/05 24.75 27.20 24.75 26.60 
2016/10/06 24.25 25.80 23.95 23.95 
2016/10/07 21.60 21.60 21.60 21.60 
2016/10/11 19.45 19.45 19.45 19.45 
2016/10/12 17.55 17.55 17.55 17.55 
2016/10/13 15.80 15.80 15.80 15.80 
2016/10/14 14.25 17.35 14.25 17.30 
2016/10/17 15.60 16.75 15.60 15.65 
2016/10/18 15.85 17.20 15.45 17.20 
2016/10/19 17.50 18.90 17.50 18.90 
2016/10/20 20.75 20.75 20.75 20.75 
2016/10/21 22.80 22.80 18.70 19.10 
2016/10/24 19.10 19.75 17.30 17.85 
2016/10/25 17.30 17.90 16.10 16.20 
2016/10/26 16.05 16.90 15.60 16.10 
2016/10/27 16.10 16.20 14.50 14.50 
2016/10/28 13.05 13.95 13.05 13.05 
2016/10/31 11.80 12.35 11.75 11.75 
2016/11/01 12.90 12.90 12.90 12.90 
2016/11/02 14.15 14.15 14.15 14.15 
2016/11/03 15.55 15.55 14.25 15.55 
2016/11/04 15.00 15.65 14.00 14.00 
2016/11/07 12.80 13.70 12.60 12.65 
2016/11/08 11.80 12.40 11.70 12.05 
2016/11/09 12.05 12.05 10.85 11.05 
2016/11/10 11.80 12.15 11.50 12.15 
2016/11/11 11.20 11.50 10.95 10.95 
2016/11/14 9.86 12.00 9.86 11.80 
2016/11/15 11.20 12.90 11.15 12.45 
2016/11/16 12.55 13.35 12.55 13.20 
