2016/07/01 21.20 22.65 21.15 21.30 
2016/07/04 21.30 21.60 21.05 21.45 
2016/07/05 22.05 23.55 22.05 23.55 
2016/07/06 24.15 24.60 23.55 23.85 
2016/07/07 23.90 24.40 23.50 24.15 
2016/07/11 24.45 24.60 22.25 22.30 
2016/07/12 22.40 22.55 21.40 21.65 
2016/07/13 21.75 21.90 21.30 21.40 
2016/07/14 21.45 21.85 21.20 21.30 
2016/07/15 21.70 21.70 21.05 21.15 
2016/07/18 21.25 21.50 20.80 20.80 
2016/07/19 20.90 22.00 20.80 21.10 
2016/07/20 21.30 21.85 21.20 21.30 
2016/07/21 21.35 22.00 21.35 21.50 
2016/07/22 21.30 21.50 21.20 21.40 
2016/07/25 21.65 21.65 20.85 20.85 
2016/07/26 20.90 20.95 20.50 20.60 
2016/07/27 21.15 21.30 20.85 20.85 
2016/07/28 21.00 21.20 20.80 20.80 
2016/07/29 20.75 22.20 20.70 21.40 
2016/08/01 21.80 22.10 21.50 21.90 
2016/08/02 22.65 23.50 22.50 22.65 
2016/08/03 23.00 23.70 22.20 22.40 
2016/08/04 24.00 24.45 22.55 22.55 
2016/08/05 23.45 23.50 22.70 23.20 
2016/08/08 23.45 23.55 22.60 22.60 
2016/08/09 22.70 23.00 21.55 21.55 
2016/08/10 21.55 21.55 21.05 21.05 
2016/08/11 21.10 21.10 20.60 21.05 
2016/08/12 20.95 21.65 20.90 21.25 
2016/08/15 21.55 21.55 20.85 20.85 
2016/08/16 21.15 21.15 20.50 20.50 
2016/08/17 20.50 20.85 20.40 20.70 
2016/08/18 20.80 20.85 20.60 20.70 
2016/08/19 21.00 21.00 20.50 20.55 
2016/08/22 20.60 20.60 20.20 20.30 
2016/08/23 20.30 20.50 20.20 20.45 
2016/08/24 20.40 20.65 20.40 20.65 
2016/08/25 20.80 22.70 20.70 22.70 
2016/08/26 23.20 23.40 22.35 22.35 
2016/08/29 22.80 23.25 22.45 23.00 
2016/08/30 22.80 23.20 22.70 23.20 
2016/08/31 23.30 23.45 22.80 22.85 
2016/09/01 23.00 23.05 22.55 22.65 
2016/09/02 22.70 22.95 22.50 22.55 
2016/09/05 22.60 22.90 22.55 22.55 
2016/09/06 21.90 21.90 20.30 20.30 
2016/09/07 20.30 20.50 19.95 20.35 
2016/09/08 20.35 20.45 20.00 20.00 
2016/09/09 20.15 20.15 20.00 20.00 
2016/09/10 20.00 20.00 19.55 19.55 
2016/09/12 19.45 19.80 19.20 19.25 
2016/09/13 19.25 19.50 19.00 19.20 
2016/09/14 19.20 19.35 19.00 19.15 
2016/09/19 19.35 19.50 19.30 19.35 
2016/09/20 19.50 19.70 19.50 19.60 
2016/09/21 19.55 20.00 19.55 20.00 
2016/09/22 20.00 20.10 19.60 19.75 
2016/09/23 19.85 19.90 19.40 19.75 
2016/09/26 19.50 19.75 19.10 19.50 
2016/09/29 19.45 19.70 19.45 19.50 
2016/09/30 19.65 19.65 19.40 19.55 
2016/10/03 19.40 19.80 19.40 19.80 
2016/10/04 20.00 20.00 19.80 19.80 
2016/10/05 21.75 21.75 21.75 21.75 
2016/10/06 22.15 22.95 21.75 21.75 
2016/10/07 21.75 22.30 21.55 21.55 
2016/10/11 21.25 21.90 20.70 20.70 
2016/10/12 20.75 21.30 20.50 20.80 
2016/10/13 20.60 21.30 20.60 21.05 
2016/10/14 21.05 21.20 20.15 20.15 
2016/10/17 20.05 20.60 19.80 20.30 
2016/10/18 20.15 20.40 20.10 20.40 
2016/10/19 20.55 21.20 20.55 20.80 
2016/10/20 21.10 21.10 20.55 20.55 
2016/10/21 20.55 20.70 20.40 20.50 
2016/10/24 20.70 21.00 20.35 20.75 
2016/10/25 20.95 21.90 20.75 21.60 
2016/10/26 21.65 21.75 21.10 21.35 
2016/10/27 21.50 21.50 21.25 21.30 
2016/10/28 21.25 21.30 20.75 20.75 
2016/10/31 20.75 21.50 20.65 21.00 
2016/11/01 20.75 21.25 20.70 20.75 
2016/11/02 20.75 20.80 19.85 20.15 
2016/11/03 20.20 20.60 19.60 20.30 
2016/11/04 20.05 20.35 19.70 19.70 
2016/11/07 19.50 20.25 19.40 19.80 
2016/11/08 20.55 21.30 20.45 20.45 
2016/11/09 20.80 20.80 19.70 19.75 
2016/11/10 20.40 20.60 20.05 20.15 
2016/11/11 19.90 20.50 19.90 20.40 
2016/11/14 20.80 20.80 20.20 20.30 
2016/11/15 20.30 21.00 20.30 20.50 
2016/11/16 20.80 21.15 20.35 20.50 
2016/11/17 20.40 20.80 20.40 20.60 
2016/11/18 20.45 22.60 20.45 21.20 
2016/11/21 21.35 21.35 20.80 21.00 
2016/11/22 21.25 21.80 20.90 20.90 
2016/11/23 20.95 21.45 20.90 21.15 
2016/11/24 21.00 21.60 20.90 21.15 
2016/11/25 21.40 21.40 20.70 20.95 
2016/11/28 20.95 21.40 20.65 20.70 
2016/11/29 20.90 21.20 20.65 20.85 
2016/11/30 20.80 20.95 20.75 20.90 
2016/12/01 21.00 21.70 21.00 21.05 
2016/12/02 20.95 21.20 20.75 20.75 
2016/12/05 20.65 20.95 20.65 20.85 
2016/12/06 20.75 20.95 20.50 20.55 
2016/12/07 20.50 20.95 20.50 20.60 
2016/12/08 20.60 20.85 20.45 20.70 
2016/12/09 20.70 20.80 20.55 20.55 
2016/12/12 20.50 20.80 19.85 19.85 
2016/12/13 19.90 20.00 19.60 19.65 
2016/12/14 19.70 19.90 19.65 19.65 
2016/12/15 19.60 20.20 19.55 19.90 
2016/12/16 20.10 20.45 19.80 20.05 
2016/12/19 20.30 20.30 19.90 20.00 
2016/12/20 20.00 20.15 19.95 19.95 
2016/12/21 20.05 20.50 20.00 20.05 
2016/12/22 20.10 20.30 19.75 19.90 
2016/12/23 19.80 20.20 19.80 19.90 
2016/12/26 20.35 20.35 19.90 19.90 
2016/12/27 19.90 20.00 19.85 20.00 
2016/12/28 20.20 20.35 19.90 20.00 
2016/12/29 20.00 20.35 19.95 20.10 
2016/12/30 20.15 20.15 19.95 20.00 
2017/01/03 20.00 20.10 20.00 20.00 
2017/01/04 20.00 20.40 19.95 20.00 
2017/01/05 20.40 21.25 20.15 20.55 
2017/01/06 20.70 20.95 20.50 20.55 
2017/01/09 20.75 20.75 20.50 20.50 
2017/01/10 20.45 20.50 20.30 20.30 
2017/01/11 20.30 20.30 20.25 20.25 
2017/01/12 20.20 20.95 20.20 20.70 
2017/01/13 20.80 22.75 20.50 21.95 
2017/01/16 21.40 21.80 20.95 21.55 
2017/01/17 21.50 21.90 21.25 21.45 
2017/01/18 21.50 21.85 21.20 21.30 
2017/01/19 21.30 21.60 21.00 21.25 
2017/01/20 21.30 21.30 21.00 21.00 
2017/01/23 21.10 21.60 21.10 21.25 
2017/01/24 21.40 21.90 21.25 21.40 
2017/02/02 21.60 21.60 21.25 21.25 
2017/02/03 21.10 21.70 21.10 21.35 
2017/02/06 21.60 22.35 21.35 22.10 
2017/02/07 22.15 23.95 22.05 23.70 
2017/02/08 23.95 24.30 22.70 22.75 
