2016/07/01 53.90 53.90 52.80 52.80 
2016/07/04 53.60 54.10 53.00 53.30 
2016/07/05 55.10 55.20 53.70 54.10 
2016/07/06 54.60 54.60 53.90 54.30 
2016/07/07 54.90 55.00 54.30 54.30 
2016/07/11 55.10 55.30 54.50 55.00 
2016/07/12 54.70 55.00 53.80 54.40 
2016/07/13 54.80 54.80 53.80 54.30 
2016/07/14 54.60 54.90 54.40 54.70 
2016/07/15 55.00 56.00 55.00 55.70 
2016/07/18 56.10 56.90 55.70 55.70 
2016/07/19 55.70 56.00 54.50 55.50 
2016/07/20 51.50 51.50 50.30 50.90 
2016/07/21 50.90 50.90 50.20 50.30 
2016/07/22 50.30 50.40 50.10 50.20 
2016/07/25 50.10 50.60 49.60 49.80 
2016/07/26 49.80 49.85 49.50 49.80 
2016/07/27 51.00 51.10 50.20 50.80 
2016/07/28 50.80 51.20 50.70 51.20 
2016/07/29 51.10 52.60 50.50 52.60 
2016/08/01 57.80 57.80 57.60 57.80 
2016/08/02 59.70 63.00 59.30 62.30 
2016/08/03 62.00 65.40 61.10 62.20 
2016/08/04 62.80 63.00 61.50 62.10 
2016/08/05 63.20 66.30 63.20 64.10 
2016/08/08 65.80 66.50 64.20 64.30 
2016/08/09 64.70 65.70 62.50 63.00 
2016/08/10 64.20 69.30 63.60 69.30 
2016/08/11 69.40 73.00 66.00 67.70 
2016/08/12 68.60 70.10 67.30 70.10 
2016/08/15 71.50 73.80 70.70 73.00 
2016/08/16 74.50 74.80 72.10 72.40 
2016/08/17 72.80 73.50 69.40 69.90 
2016/08/18 70.90 71.40 70.20 70.40 
2016/08/19 71.00 71.20 68.20 68.40 
2016/08/22 69.30 69.70 68.60 69.30 
2016/08/23 69.90 70.90 69.40 70.70 
2016/08/24 71.80 76.90 71.80 75.70 
2016/08/25 75.70 76.00 73.60 74.50 
2016/08/26 75.00 75.80 73.00 73.00 
2016/08/29 72.30 74.50 72.10 72.10 
2016/08/30 74.20 75.80 73.20 75.80 
2016/08/31 76.80 77.60 74.20 74.30 
2016/09/01 76.30 76.30 74.00 74.70 
2016/09/02 75.70 75.70 73.30 74.50 
2016/09/05 74.70 75.70 73.80 74.60 
2016/09/06 75.80 76.00 74.20 74.50 
2016/09/07 75.40 79.30 75.40 77.40 
2016/09/08 77.30 77.40 76.00 76.50 
2016/09/09 77.00 77.00 75.50 76.50 
2016/09/10 75.00 75.20 74.10 74.60 
2016/09/12 76.00 76.10 74.60 74.60 
2016/09/13 75.90 76.00 70.00 72.10 
2016/09/14 73.00 73.60 72.10 73.00 
2016/09/19 74.00 77.00 73.70 76.10 
2016/09/20 76.40 78.40 76.00 76.00 
2016/09/21 77.00 77.40 76.40 77.20 
2016/09/22 78.30 78.30 75.10 75.80 
2016/09/23 76.00 76.30 74.20 74.80 
2016/09/26 75.00 75.30 73.50 74.20 
2016/09/29 74.40 74.40 72.20 72.50 
2016/09/30 72.70 75.40 72.70 74.60 
2016/10/03 75.70 75.80 73.70 73.70 
2016/10/04 75.00 75.60 74.10 75.10 
2016/10/05 75.50 76.80 75.00 76.20 
2016/10/06 76.50 77.00 75.80 75.80 
2016/10/07 75.80 76.70 75.80 76.70 
2016/10/11 76.70 76.70 70.70 72.40 
2016/10/12 72.30 74.50 71.10 72.60 
2016/10/13 74.00 74.00 72.60 72.80 
2016/10/14 73.00 73.50 71.00 72.10 
2016/10/17 72.90 73.50 72.20 72.90 
2016/10/18 72.90 73.40 72.50 73.40 
2016/10/19 74.20 74.20 72.70 72.90 
2016/10/20 73.70 73.70 72.20 72.50 
2016/10/21 72.80 72.80 71.60 71.80 
2016/10/24 71.50 74.30 71.50 73.50 
2016/10/25 74.20 80.40 74.20 77.80 
2016/10/26 78.00 78.00 76.00 76.80 
2016/10/27 76.90 77.70 76.10 76.30 
2016/10/28 77.60 78.40 76.00 76.40 
2016/10/31 77.60 83.30 77.20 81.10 
2016/11/01 81.50 84.90 80.00 81.00 
2016/11/02 80.50 81.90 78.10 79.10 
2016/11/03 79.50 80.90 72.90 76.30 
2016/11/04 77.00 78.60 76.20 77.00 
2016/11/07 79.50 79.90 78.00 78.60 
2016/11/08 78.80 78.80 76.30 76.70 
2016/11/09 76.70 77.80 73.60 73.80 
2016/11/10 76.00 76.80 75.50 76.20 
2016/11/11 75.10 75.10 72.00 72.30 
2016/11/14 70.40 72.80 70.30 72.80 
2016/11/15 73.00 73.30 71.40 71.60 
2016/11/16 72.70 72.70 71.00 71.10 
2016/11/17 71.60 72.00 71.40 71.90 
2016/11/18 71.70 72.40 71.10 71.50 
2016/11/21 71.20 72.40 71.20 71.50 
2016/11/22 71.50 74.60 71.50 73.60 
2016/11/23 73.60 74.60 72.40 72.50 
2016/11/24 72.40 73.40 72.30 72.70 
2016/11/25 72.00 72.30 71.50 71.60 
2016/11/28 71.50 73.10 71.50 71.70 
2016/11/29 71.70 72.50 70.90 71.20 
2016/11/30 71.00 71.00 68.00 68.40 
2016/12/01 68.00 68.00 65.60 66.50 
2016/12/02 66.40 66.40 65.00 65.20 
2016/12/05 65.60 69.40 65.00 69.00 
2016/12/06 69.80 69.90 67.80 68.50 
2016/12/07 68.80 69.20 68.30 68.50 
2016/12/08 68.50 69.10 68.30 68.50 
2016/12/09 67.90 68.40 67.70 67.80 
2016/12/12 70.00 70.80 69.30 70.30 
2016/12/13 71.10 71.10 69.90 69.90 
2016/12/14 70.10 70.50 69.60 70.00 
2016/12/15 70.50 72.10 70.10 71.10 
2016/12/16 71.50 72.40 71.20 71.20 
2016/12/19 71.30 71.90 70.00 70.50 
2016/12/20 70.00 71.00 69.60 70.40 
2016/12/21 70.50 70.60 69.70 69.70 
2016/12/22 69.70 70.20 69.60 69.80 
2016/12/23 69.60 70.00 69.40 69.40 
2016/12/26 69.60 69.90 67.90 68.90 
2016/12/27 69.00 69.80 69.00 69.60 
2016/12/28 69.60 70.30 69.60 70.30 
2016/12/29 70.00 70.60 70.00 70.00 
2016/12/30 70.30 71.30 70.30 70.80 
2017/01/03 70.80 71.00 70.00 70.00 
2017/01/04 69.90 71.30 69.90 71.00 
2017/01/05 71.10 73.60 71.10 73.00 
2017/01/06 73.30 73.30 72.50 73.00 
2017/01/09 73.00 73.50 71.20 71.60 
2017/01/10 71.60 72.40 71.30 72.00 
2017/01/11 71.40 72.00 71.40 71.40 
2017/01/12 71.50 72.10 71.50 71.70 
2017/01/13 71.40 72.30 71.40 72.10 
2017/01/16 71.80 72.20 71.50 71.50 
2017/01/17 72.00 73.00 72.00 72.10 
2017/01/18 72.10 72.20 71.60 71.80 
2017/01/19 71.80 72.70 71.70 71.90 
2017/01/20 71.90 72.30 71.70 71.70 
2017/01/23 72.00 72.20 71.50 71.50 
2017/01/24 71.50 72.00 71.50 71.90 
2017/02/02 72.60 72.60 71.60 71.70 
2017/02/03 71.70 72.50 71.70 71.90 
2017/02/06 73.40 74.30 72.40 74.30 
2017/02/07 74.20 74.40 73.40 73.50 
2017/02/08 73.40 73.40 72.90 73.10 
