2016/07/01 502.00 502.00 493.00 493.00 
2016/07/04 489.00 497.00 487.00 493.50 
2016/07/05 495.00 502.00 495.00 495.00 
2016/07/06 493.50 497.00 490.00 497.00 
2016/07/07 501.00 505.00 497.00 497.00 
2016/07/11 501.00 501.00 494.00 498.00 
2016/07/12 500.00 510.00 500.00 502.00 
2016/07/13 508.00 508.00 502.00 505.00 
2016/07/14 507.00 510.00 504.00 507.00 
2016/07/15 492.00 495.00 490.00 492.00 
2016/07/18 493.00 502.00 490.00 498.00 
2016/07/19 496.00 499.00 492.00 492.50 
2016/07/20 490.00 494.00 475.00 477.00 
2016/07/21 480.00 480.00 470.00 470.50 
2016/07/22 465.50 477.00 462.50 470.50 
2016/07/25 469.00 473.00 460.00 460.00 
2016/07/26 459.00 460.00 452.00 459.00 
2016/07/27 462.00 471.00 460.00 462.00 
2016/07/28 462.50 464.50 453.00 455.00 
2016/07/29 458.00 459.00 451.50 458.00 
2016/08/01 461.50 469.50 461.50 464.00 
2016/08/02 466.00 466.00 458.50 461.00 
2016/08/03 456.00 459.00 456.00 459.00 
2016/08/04 462.00 463.00 455.50 456.00 
2016/08/05 456.00 456.00 452.50 453.00 
2016/08/08 448.00 448.00 430.50 432.50 
2016/08/09 431.50 445.50 431.50 437.00 
2016/08/10 439.00 440.00 432.00 432.00 
2016/08/11 429.00 434.50 407.50 409.00 
2016/08/12 413.00 418.00 402.50 406.00 
2016/08/15 407.00 408.00 390.00 390.00 
2016/08/16 393.50 404.00 393.50 397.50 
2016/08/17 401.00 401.00 390.00 392.00 
2016/08/18 394.00 402.00 394.00 398.50 
2016/08/19 403.00 403.00 395.00 396.50 
2016/08/22 396.50 399.00 392.50 396.50 
2016/08/23 397.00 398.50 391.50 393.00 
2016/08/24 395.00 408.50 393.00 405.00 
2016/08/25 403.00 408.50 401.00 408.50 
2016/08/26 406.50 407.00 401.00 405.50 
2016/08/29 405.50 406.50 397.00 398.00 
2016/08/30 401.00 406.00 398.00 399.50 
2016/08/31 400.00 400.00 393.00 396.00 
2016/09/01 395.00 402.00 393.50 393.50 
2016/09/02 393.50 396.00 370.50 371.00 
2016/09/05 372.00 381.00 372.00 378.50 
2016/09/06 380.00 380.00 373.00 376.00 
2016/09/07 363.00 379.00 352.00 379.00 
2016/09/08 381.50 389.00 377.00 385.00 
2016/09/09 385.00 387.50 380.50 380.50 
2016/09/10 371.00 380.00 371.00 374.00 
2016/09/12 377.00 384.50 374.50 374.50 
2016/09/13 378.00 381.00 365.00 371.50 
2016/09/14 371.50 377.00 370.50 374.00 
2016/09/19 374.00 378.00 367.00 368.00 
2016/09/20 364.00 364.00 356.00 358.00 
2016/09/21 360.00 369.00 360.00 365.50 
2016/09/22 368.50 377.00 366.00 377.00 
2016/09/23 380.00 380.50 373.00 373.50 
2016/09/26 373.00 373.00 370.00 371.00 
2016/09/29 375.50 377.00 371.50 372.00 
2016/09/30 368.50 370.00 364.00 370.00 
2016/10/03 373.50 376.00 371.50 374.00 
2016/10/04 375.00 398.50 375.00 395.50 
2016/10/05 393.50 396.50 390.50 393.50 
2016/10/06 391.50 410.00 391.50 402.00 
2016/10/07 403.00 405.00 397.50 399.50 
2016/10/11 408.00 412.00 393.00 401.50 
2016/10/12 406.00 406.00 397.50 406.00 
2016/10/13 413.50 423.00 413.50 418.00 
2016/10/14 418.00 418.50 408.50 410.50 
2016/10/17 415.00 421.50 410.50 417.00 
2016/10/18 419.00 420.50 412.00 415.00 
2016/10/19 415.00 419.50 410.50 410.50 
2016/10/20 414.00 417.50 412.00 412.50 
2016/10/21 409.50 413.50 402.00 404.50 
2016/10/24 405.00 406.00 396.50 404.00 
2016/10/25 403.00 404.50 399.00 404.50 
2016/10/26 405.50 408.50 404.00 408.00 
2016/10/27 409.50 410.00 401.50 401.50 
2016/10/28 401.50 402.50 396.50 397.00 
2016/10/31 395.00 399.00 393.00 398.50 
2016/11/01 393.00 396.50 390.50 391.50 
2016/11/02 388.50 395.00 375.00 375.00 
2016/11/03 375.00 378.50 366.00 366.50 
2016/11/04 365.00 373.50 363.00 373.00 
2016/11/07 370.00 375.00 356.50 366.00 
2016/11/08 369.00 370.50 358.00 370.00 
2016/11/09 372.00 373.00 342.50 343.00 
2016/11/10 354.00 358.00 346.50 357.50 
2016/11/11 358.00 358.00 334.00 350.00 
2016/11/14 353.00 357.50 343.50 351.50 
2016/11/15 350.00 352.50 343.00 351.00 
2016/11/16 353.50 358.50 352.50 353.00 
2016/11/17 353.00 353.00 339.00 345.00 
2016/11/18 347.50 353.00 341.50 352.00 
2016/11/21 350.50 350.50 346.50 348.00 
2016/11/22 350.00 357.50 350.00 354.00 
2016/11/23 355.50 359.00 353.00 357.50 
2016/11/24 361.50 370.00 360.50 360.50 
2016/11/25 362.00 362.00 358.50 362.00 
2016/11/28 367.00 367.00 362.00 362.00 
2016/11/29 364.50 368.50 360.50 362.00 
2016/11/30 362.50 366.50 361.00 361.50 
2016/12/01 369.00 374.00 367.50 367.50 
2016/12/02 367.50 367.50 357.50 359.50 
2016/12/05 361.00 363.00 356.00 356.00 
2016/12/06 365.50 365.50 357.50 360.50 
2016/12/07 362.50 363.00 358.00 360.50 
2016/12/08 370.00 370.00 365.50 366.00 
2016/12/09 364.00 365.50 362.00 365.00 
2016/12/12 368.00 368.00 361.00 361.00 
2016/12/13 362.50 362.50 358.00 358.00 
2016/12/14 361.00 365.00 358.00 364.00 
2016/12/15 360.00 361.00 357.00 360.00 
2016/12/16 359.50 362.50 359.50 362.50 
2016/12/19 365.00 373.00 363.00 363.00 
2016/12/20 365.50 367.50 362.00 367.00 
2016/12/21 368.00 368.50 363.00 365.00 
2016/12/22 366.50 366.50 359.00 359.50 
2016/12/23 358.00 359.50 354.00 357.00 
2016/12/26 357.00 366.50 357.00 361.00 
2016/12/27 363.00 368.00 362.00 363.00 
2016/12/28 367.50 371.50 366.50 369.50 
2016/12/29 368.00 369.00 365.00 367.50 
2016/12/30 372.00 387.00 372.00 383.00 
2017/01/03 385.50 388.50 380.00 388.50 
2017/01/04 390.00 393.00 382.00 382.50 
2017/01/05 383.00 388.00 382.50 384.50 
2017/01/06 389.00 391.00 384.50 385.00 
2017/01/09 375.00 376.00 346.50 346.50 
2017/01/10 346.50 350.00 340.00 350.00 
2017/01/11 348.00 350.00 330.00 331.00 
2017/01/12 335.00 343.00 332.00 338.50 
2017/01/13 337.00 339.00 330.00 339.00 
2017/01/16 341.50 341.50 334.00 338.00 
2017/01/17 340.50 343.00 337.00 337.00 
2017/01/18 336.00 344.50 336.00 342.00 
2017/01/19 342.00 356.00 342.00 346.50 
2017/01/20 347.00 351.50 347.00 348.00 
2017/01/23 351.00 353.00 345.50 345.50 
2017/01/24 352.50 352.50 348.00 349.00 
2017/02/02 353.00 353.00 342.00 350.00 
2017/02/03 350.00 357.00 350.00 357.00 
2017/02/06 362.00 362.50 357.00 357.00 
2017/02/07 358.00 364.00 358.00 361.00 
2017/02/08 357.50 360.00 351.50 354.00 
