2016/07/01 15.70 15.70 15.35 15.35 
2016/07/04 15.30 15.55 15.10 15.50 
2016/07/05 15.50 15.50 15.00 15.20 
2016/07/06 15.05 15.20 14.85 14.85 
2016/07/07 15.00 15.10 14.85 14.85 
2016/07/11 14.95 15.45 14.90 15.05 
2016/07/12 15.05 15.10 14.60 14.70 
2016/07/13 14.70 14.85 14.70 14.70 
2016/07/14 14.70 14.90 14.65 14.70 
2016/07/15 14.70 15.10 14.70 14.80 
2016/07/18 14.90 16.25 14.85 15.75 
2016/07/19 15.70 17.10 15.60 16.15 
2016/07/20 16.20 16.45 16.10 16.25 
2016/07/21 16.50 16.95 16.40 16.70 
2016/07/22 17.20 17.50 16.50 16.55 
2016/07/25 16.60 17.10 16.55 16.70 
2016/07/26 16.85 17.65 16.85 17.15 
2016/07/27 17.80 18.10 17.35 17.50 
2016/07/28 18.00 18.00 17.35 17.60 
2016/07/29 17.60 17.90 17.10 17.25 
2016/08/01 17.25 17.45 17.15 17.20 
2016/08/02 17.40 17.50 17.15 17.30 
2016/08/03 17.35 18.10 17.35 17.70 
2016/08/04 17.65 18.00 17.55 17.75 
2016/08/05 17.75 17.90 17.40 17.45 
2016/08/08 17.60 17.65 17.30 17.50 
2016/08/09 17.60 18.30 17.40 17.75 
2016/08/10 17.95 18.10 17.25 17.80 
2016/08/11 17.65 17.70 16.60 17.00 
2016/08/12 17.25 17.50 16.75 17.00 
2016/08/15 16.90 17.10 16.40 16.45 
2016/08/16 16.30 16.75 16.30 16.50 
2016/08/17 16.70 16.70 16.10 16.40 
2016/08/18 16.40 16.95 16.35 16.80 
2016/08/19 17.00 17.05 16.55 16.75 
2016/08/22 16.80 16.95 16.50 16.85 
2016/08/23 16.90 17.15 16.80 16.95 
2016/08/24 17.35 17.65 17.20 17.35 
2016/08/25 17.60 17.60 16.60 16.80 
2016/08/26 16.80 17.05 16.30 16.55 
2016/08/29 16.55 16.85 16.25 16.45 
2016/08/30 16.40 17.25 16.40 17.00 
2016/08/31 17.00 17.65 17.00 17.30 
2016/09/01 17.15 17.30 17.05 17.15 
2016/09/02 17.15 17.25 16.85 16.90 
2016/09/05 16.90 17.25 16.80 16.95 
2016/09/06 17.00 17.30 17.00 17.05 
2016/09/07 17.20 17.20 16.85 16.85 
2016/09/08 16.80 17.05 16.75 16.80 
2016/09/09 16.80 17.00 16.80 16.80 
2016/09/10 16.65 16.65 15.85 16.00 
2016/09/12 15.95 16.20 15.95 16.05 
2016/09/13 16.25 16.25 15.00 15.50 
2016/09/14 15.20 15.45 15.00 15.05 
2016/09/19 15.35 15.35 15.00 15.05 
2016/09/20 15.25 15.25 15.05 15.10 
2016/09/21 15.10 16.15 15.05 16.00 
2016/09/22 16.15 16.30 15.80 16.05 
2016/09/23 15.90 16.05 15.75 15.75 
2016/09/26 15.70 16.00 15.70 15.70 
2016/09/29 15.75 15.90 15.60 15.65 
2016/09/30 15.60 15.80 15.60 15.60 
2016/10/03 15.60 15.65 15.50 15.60 
2016/10/04 15.60 15.60 15.30 15.35 
2016/10/05 15.60 16.10 15.45 15.60 
2016/10/06 15.60 15.60 15.40 15.50 
2016/10/07 15.50 15.50 15.25 15.45 
2016/10/11 15.55 15.55 14.90 15.05 
2016/10/12 15.15 15.15 15.00 15.15 
2016/10/13 15.10 15.30 15.00 15.10 
2016/10/14 15.10 15.15 14.75 14.90 
2016/10/17 14.80 15.05 14.60 14.90 
2016/10/18 14.95 14.95 14.80 14.95 
2016/10/19 14.95 15.10 14.85 14.85 
2016/10/20 14.85 15.05 14.80 14.80 
2016/10/21 15.05 15.05 14.80 14.95 
2016/10/24 14.90 14.90 14.80 14.80 
2016/10/25 14.80 15.20 14.70 15.05 
2016/10/26 14.85 15.00 14.75 14.80 
2016/10/27 14.80 14.85 14.75 14.75 
2016/10/28 14.80 14.80 14.65 14.65 
2016/10/31 14.70 15.00 14.65 14.90 
2016/11/01 15.00 15.00 14.70 14.70 
2016/11/02 14.60 14.80 14.50 14.70 
2016/11/03 14.70 14.70 14.45 14.50 
2016/11/04 14.50 14.65 14.40 14.40 
2016/11/07 14.50 14.50 14.35 14.45 
2016/11/08 14.60 14.60 14.20 14.20 
2016/11/09 14.45 14.45 13.60 13.75 
2016/11/10 14.10 14.50 14.10 14.20 
2016/11/11 14.20 14.20 13.50 13.50 
2016/11/14 13.70 13.70 13.00 13.05 
2016/11/15 13.05 13.30 13.05 13.15 
2016/11/16 13.40 13.65 13.30 13.50 
2016/11/17 13.50 13.50 13.20 13.30 
2016/11/18 13.30 13.55 13.25 13.55 
2016/11/21 13.45 13.50 13.30 13.40 
2016/11/22 13.50 13.90 13.50 13.60 
2016/11/23 13.60 13.60 13.25 13.40 
2016/11/24 13.45 13.55 13.20 13.35 
2016/11/25 13.40 13.45 13.30 13.45 
2016/11/28 13.50 13.60 13.40 13.40 
2016/11/29 13.50 13.55 13.35 13.50 
2016/11/30 13.70 14.40 13.70 13.80 
2016/12/01 14.20 14.25 13.95 14.05 
2016/12/02 13.95 13.95 13.80 13.85 
2016/12/05 13.90 13.90 13.75 13.80 
2016/12/06 13.85 14.00 13.85 13.90 
2016/12/07 13.90 14.00 13.85 14.00 
2016/12/08 14.20 14.20 13.90 14.00 
2016/12/09 14.00 14.00 13.80 13.90 
2016/12/12 13.80 13.80 13.60 13.65 
2016/12/13 13.55 13.80 13.50 13.80 
2016/12/14 13.70 13.90 13.65 13.75 
2016/12/15 13.70 13.80 13.60 13.75 
2016/12/16 13.70 14.10 13.65 14.10 
2016/12/19 14.10 15.15 14.10 14.65 
2016/12/20 14.65 14.70 14.10 14.35 
2016/12/21 14.45 14.50 14.10 14.25 
2016/12/22 14.20 14.25 13.90 14.00 
2016/12/23 14.00 14.40 14.00 14.10 
2016/12/26 14.05 14.05 13.75 13.90 
2016/12/27 13.85 14.00 13.80 13.80 
2016/12/28 14.00 14.00 13.85 13.95 
2016/12/29 13.85 13.95 13.80 13.90 
2016/12/30 14.05 14.15 13.95 14.00 
2017/01/03 14.05 14.25 13.95 14.10 
2017/01/04 14.15 14.55 14.10 14.50 
2017/01/05 14.60 14.60 14.40 14.50 
2017/01/06 14.30 14.55 14.25 14.35 
2017/01/09 14.55 15.30 14.50 14.50 
2017/01/10 14.55 14.55 14.30 14.30 
2017/01/11 14.35 14.45 14.10 14.20 
2017/01/12 14.40 14.40 14.00 14.10 
2017/01/13 14.35 14.40 14.10 14.20 
2017/01/16 14.35 14.80 14.20 14.50 
2017/01/17 14.50 14.80 14.30 14.35 
2017/01/18 14.35 14.55 14.20 14.25 
2017/01/19 14.30 14.40 14.10 14.10 
2017/01/20 14.10 14.40 14.10 14.15 
2017/01/23 14.15 14.30 14.00 14.05 
2017/01/24 14.00 14.30 14.00 14.20 
2017/02/02 14.20 14.30 14.00 14.30 
2017/02/03 14.20 14.70 14.20 14.55 
2017/02/06 14.55 15.80 14.55 15.25 
2017/02/07 15.30 15.45 15.15 15.35 
2017/02/08 15.35 15.95 15.35 15.50 
