2016/07/01 37.70 37.70 37.30 37.40 
2016/07/04 37.20 37.60 37.05 37.45 
2016/07/05 37.45 37.50 37.10 37.40 
2016/07/06 37.40 37.80 37.30 37.70 
2016/07/07 37.80 37.90 37.50 37.85 
2016/07/11 38.00 39.35 37.95 38.95 
2016/07/12 39.20 39.90 38.90 39.00 
2016/07/13 39.00 39.30 38.55 39.30 
2016/07/14 39.35 39.75 39.20 39.55 
2016/07/15 39.80 40.20 39.70 40.20 
2016/07/18 40.10 40.30 39.90 40.10 
2016/07/19 40.30 40.50 40.10 40.50 
2016/07/20 40.60 40.80 40.40 40.75 
2016/07/21 40.75 41.10 40.75 40.90 
2016/07/22 40.65 41.10 40.65 41.00 
2016/07/25 41.00 41.00 40.15 40.60 
2016/07/26 40.55 40.70 40.40 40.70 
2016/07/27 40.70 40.75 40.50 40.75 
2016/07/28 40.60 40.70 40.50 40.60 
2016/07/29 40.60 40.60 40.35 40.60 
2016/08/01 38.70 38.75 38.30 38.40 
2016/08/02 38.80 40.00 38.80 40.00 
2016/08/03 39.15 39.20 38.30 38.80 
2016/08/04 38.80 39.00 38.35 38.90 
2016/08/05 39.05 39.25 38.85 39.05 
2016/08/08 39.20 39.25 38.35 38.95 
2016/08/09 38.95 39.10 38.75 39.10 
2016/08/10 38.90 38.90 38.40 38.75 
2016/08/11 38.65 38.65 38.25 38.40 
2016/08/12 38.55 38.55 38.25 38.45 
2016/08/15 38.45 38.50 37.90 38.00 
2016/08/16 38.25 38.30 38.05 38.30 
2016/08/17 38.30 38.45 38.00 38.25 
2016/08/18 38.20 38.75 38.05 38.75 
2016/08/19 38.75 38.90 38.40 38.40 
2016/08/22 38.40 38.40 37.90 38.25 
2016/08/23 38.05 38.20 38.00 38.10 
2016/08/24 38.25 38.30 38.05 38.25 
2016/08/25 38.25 38.45 38.10 38.45 
2016/08/26 38.25 38.40 38.05 38.20 
2016/08/29 38.00 38.20 37.70 37.95 
2016/08/30 38.00 38.00 37.60 37.75 
2016/08/31 37.60 37.75 37.05 37.75 
2016/09/01 37.75 37.75 37.15 37.40 
2016/09/02 37.40 37.55 36.90 36.95 
2016/09/05 36.90 37.25 36.65 37.00 
2016/09/06 37.00 37.55 36.90 37.50 
2016/09/07 37.50 37.70 37.25 37.30 
2016/09/08 37.50 37.65 37.25 37.65 
2016/09/09 37.65 37.90 37.50 37.85 
2016/09/10 37.25 37.50 37.25 37.30 
2016/09/12 37.15 37.15 36.80 36.80 
2016/09/13 36.80 37.00 36.30 36.35 
2016/09/14 36.20 36.60 36.00 36.00 
2016/09/19 36.25 36.45 35.95 36.10 
2016/09/20 36.20 36.50 36.20 36.50 
2016/09/21 36.50 36.65 36.30 36.60 
2016/09/22 36.70 36.75 36.35 36.50 
2016/09/23 36.60 37.40 36.55 37.40 
2016/09/26 37.40 37.55 37.05 37.40 
2016/09/29 37.75 37.80 37.50 37.65 
2016/09/30 37.60 37.60 36.65 37.10 
2016/10/03 37.30 37.30 36.95 37.00 
2016/10/04 37.25 37.45 37.10 37.45 
2016/10/05 37.15 37.35 37.10 37.35 
2016/10/06 37.35 37.35 37.10 37.10 
2016/10/07 37.10 37.35 36.80 36.80 
2016/10/11 37.30 37.30 36.50 36.70 
2016/10/12 36.70 36.75 36.45 36.55 
2016/10/13 36.55 36.90 36.50 36.90 
2016/10/14 36.80 36.85 36.50 36.50 
2016/10/17 36.60 36.85 36.20 36.85 
2016/10/18 36.80 37.45 36.70 37.40 
2016/10/19 37.45 37.55 37.25 37.40 
2016/10/20 37.40 37.40 36.90 37.00 
2016/10/21 36.90 37.20 36.85 36.85 
2016/10/24 36.90 37.05 36.60 36.85 
2016/10/25 36.85 37.20 36.70 37.15 
2016/10/26 36.90 37.15 36.90 37.00 
2016/10/27 37.00 37.05 36.75 36.80 
2016/10/28 36.75 36.95 36.75 36.90 
2016/10/31 36.65 37.00 36.50 37.00 
2016/11/01 36.70 37.00 36.60 36.90 
2016/11/02 36.90 37.40 36.80 37.25 
2016/11/03 37.20 37.20 36.80 36.80 
2016/11/04 36.85 37.30 36.70 37.25 
2016/11/07 37.45 37.90 37.45 37.70 
2016/11/08 38.05 38.30 37.95 38.20 
2016/11/09 38.65 38.70 37.55 37.85 
2016/11/10 38.45 38.60 38.15 38.25 
2016/11/11 37.75 37.80 37.20 37.50 
2016/11/14 37.45 37.80 37.30 37.50 
2016/11/15 37.50 37.80 37.45 37.50 
2016/11/16 37.60 38.00 37.60 37.80 
2016/11/17 38.00 38.00 37.60 37.80 
2016/11/18 37.95 38.00 37.70 37.70 
2016/11/21 37.85 37.95 37.65 37.65 
2016/11/22 37.90 38.35 37.80 38.30 
2016/11/23 38.45 38.50 38.20 38.25 
2016/11/24 38.25 38.45 38.00 38.20 
2016/11/25 38.40 38.50 38.25 38.35 
2016/11/28 38.50 39.30 38.50 39.15 
2016/11/29 39.15 39.25 38.65 38.80 
2016/11/30 38.85 39.45 38.70 39.45 
2016/12/01 39.85 40.30 39.65 39.65 
2016/12/02 39.25 39.35 38.70 39.00 
2016/12/05 39.00 39.00 37.90 38.05 
2016/12/06 38.15 38.50 38.10 38.20 
2016/12/07 38.25 38.30 37.70 37.75 
2016/12/08 37.90 38.50 37.80 38.50 
2016/12/09 38.50 38.65 38.35 38.40 
2016/12/12 38.50 38.50 38.05 38.10 
2016/12/13 38.15 38.60 38.05 38.60 
2016/12/14 38.70 38.70 38.35 38.55 
2016/12/15 38.50 38.80 38.45 38.65 
2016/12/16 38.60 38.75 38.45 38.55 
2016/12/19 38.55 38.55 38.20 38.30 
2016/12/20 38.30 38.40 38.20 38.20 
2016/12/21 38.25 38.35 37.90 38.00 
2016/12/22 37.90 37.95 37.70 37.70 
2016/12/23 37.65 37.65 37.35 37.45 
2016/12/26 37.45 37.50 37.20 37.35 
2016/12/27 37.30 37.65 37.25 37.55 
2016/12/28 37.40 37.85 37.40 37.85 
2016/12/29 37.80 37.90 37.60 37.60 
2016/12/30 37.80 38.05 37.75 38.00 
2017/01/03 38.00 38.00 37.45 37.75 
2017/01/04 37.85 38.00 37.45 38.00 
2017/01/05 37.90 38.00 37.70 38.00 
2017/01/06 37.90 38.10 37.80 38.05 
2017/01/09 38.10 38.10 37.75 37.85 
2017/01/10 37.85 37.85 37.55 37.75 
2017/01/11 37.85 37.85 37.50 37.50 
2017/01/12 37.55 37.90 37.40 37.90 
2017/01/13 37.90 37.90 37.30 37.65 
2017/01/16 37.60 37.60 37.30 37.35 
2017/01/17 37.30 37.55 37.30 37.55 
2017/01/18 37.40 37.45 37.25 37.30 
2017/01/19 37.40 37.40 37.10 37.30 
2017/01/20 37.20 37.35 37.15 37.25 
2017/01/23 37.40 37.50 37.20 37.25 
2017/01/24 37.25 37.50 37.20 37.40 
2017/02/02 37.05 37.35 37.00 37.15 
2017/02/03 37.20 37.45 37.15 37.45 
2017/02/06 37.45 38.30 37.45 38.20 
2017/02/07 38.05 38.25 37.85 38.00 
2017/02/08 37.65 38.30 37.65 38.30 
