2016/07/01 47.50 47.75 47.05 47.40 
2016/07/04 47.85 48.15 47.40 48.00 
2016/07/05 48.00 48.30 47.95 48.20 
2016/07/06 48.05 48.05 47.70 47.90 
2016/07/07 48.00 48.55 48.00 48.15 
2016/07/11 48.50 49.00 48.25 49.00 
2016/07/12 49.00 49.10 48.60 48.75 
2016/07/13 46.70 46.90 46.50 46.85 
2016/07/14 46.85 46.85 46.50 46.70 
2016/07/15 46.80 46.90 46.30 46.50 
2016/07/18 46.50 46.90 46.50 46.85 
2016/07/19 46.80 47.00 46.65 46.95 
2016/07/20 46.80 47.20 46.70 47.10 
2016/07/21 47.10 47.25 46.90 46.90 
2016/07/22 46.75 47.35 46.75 47.20 
2016/07/25 47.20 47.35 46.70 46.95 
2016/07/26 46.70 46.80 46.55 46.55 
2016/07/27 46.65 46.70 46.10 46.50 
2016/07/28 46.65 46.65 46.45 46.60 
2016/07/29 46.60 46.70 46.10 46.60 
2016/08/01 46.70 46.70 46.30 46.60 
2016/08/02 46.60 46.75 46.40 46.40 
2016/08/03 46.60 46.60 46.20 46.35 
2016/08/04 46.15 46.35 46.10 46.30 
2016/08/05 46.20 46.40 46.15 46.15 
2016/08/08 46.15 46.60 46.15 46.30 
2016/08/09 46.15 46.50 46.15 46.25 
2016/08/10 46.25 46.50 46.00 46.45 
2016/08/11 46.45 46.70 46.30 46.45 
2016/08/12 46.50 47.30 46.45 47.15 
2016/08/15 47.50 47.70 47.30 47.45 
2016/08/16 47.80 47.80 47.40 47.45 
2016/08/17 47.45 47.50 47.15 47.40 
2016/08/18 47.25 47.70 47.25 47.35 
2016/08/19 47.35 47.65 47.20 47.20 
2016/08/22 47.10 47.30 46.75 47.30 
2016/08/23 46.90 47.50 46.85 47.00 
2016/08/24 47.00 47.25 46.90 46.90 
2016/08/25 46.90 47.25 46.75 47.20 
2016/08/26 47.00 47.40 47.00 47.25 
2016/08/29 47.30 47.50 46.95 47.40 
2016/08/30 47.00 47.40 46.80 47.30 
2016/08/31 47.30 47.45 47.00 47.45 
2016/09/01 47.45 47.65 47.10 47.20 
2016/09/02 47.20 47.35 46.90 47.30 
2016/09/05 47.40 47.50 47.05 47.25 
2016/09/06 47.05 47.50 47.05 47.50 
2016/09/07 47.10 47.70 47.10 47.65 
2016/09/08 47.65 47.80 47.55 47.80 
2016/09/09 47.70 48.00 47.50 47.95 
2016/09/10 47.60 47.90 47.50 47.90 
2016/09/12 47.90 47.90 47.30 47.30 
2016/09/13 47.40 47.40 47.00 47.15 
2016/09/14 47.00 47.30 46.95 47.20 
2016/09/19 47.40 47.50 47.30 47.30 
2016/09/20 47.50 47.70 47.20 47.60 
2016/09/21 47.50 47.95 47.40 47.95 
2016/09/22 47.85 47.90 47.45 47.70 
2016/09/23 47.70 47.70 47.50 47.70 
2016/09/26 47.70 47.90 47.65 47.90 
2016/09/29 47.90 48.65 47.90 48.15 
2016/09/30 48.15 48.20 47.75 47.75 
2016/10/03 47.75 47.75 47.30 47.35 
2016/10/04 47.50 47.65 47.35 47.45 
2016/10/05 47.40 47.75 47.35 47.75 
2016/10/06 47.95 48.00 47.65 47.80 
2016/10/07 47.80 47.80 47.45 47.55 
2016/10/11 47.65 47.90 47.50 47.80 
2016/10/12 47.65 47.75 47.45 47.60 
2016/10/13 47.45 47.45 47.10 47.10 
2016/10/14 47.00 47.10 46.65 46.75 
2016/10/17 46.90 47.05 46.70 46.90 
2016/10/18 47.00 47.10 46.80 46.85 
2016/10/19 46.85 47.15 46.80 46.85 
2016/10/20 46.80 47.10 46.80 46.95 
2016/10/21 47.10 47.30 46.70 46.70 
2016/10/24 47.00 47.20 46.75 46.95 
2016/10/25 46.95 47.20 46.90 47.00 
2016/10/26 47.20 47.20 46.85 47.15 
2016/10/27 47.00 47.00 46.90 47.00 
2016/10/28 47.00 47.00 46.75 46.90 
2016/10/31 46.85 47.00 46.70 46.95 
2016/11/01 46.95 46.95 46.50 46.65 
2016/11/02 46.65 46.80 46.45 46.50 
2016/11/03 46.50 46.95 46.35 46.50 
2016/11/04 46.45 46.65 46.40 46.50 
2016/11/07 46.65 46.85 46.35 46.60 
2016/11/08 46.60 47.00 46.60 46.70 
2016/11/09 46.95 46.95 46.35 46.35 
2016/11/10 46.35 46.85 46.35 46.70 
2016/11/11 46.00 46.30 45.40 45.70 
2016/11/14 45.50 45.70 44.90 45.00 
2016/11/15 45.20 45.50 45.20 45.20 
2016/11/16 45.20 45.65 45.20 45.50 
2016/11/17 45.85 45.85 45.10 45.40 
2016/11/18 45.50 45.60 45.35 45.50 
2016/11/21 45.50 45.70 45.35 45.55 
2016/11/22 45.55 45.90 45.40 45.55 
2016/11/23 45.55 45.75 45.40 45.70 
2016/11/24 45.60 45.80 45.35 45.50 
2016/11/25 45.60 45.75 45.60 45.75 
2016/11/28 45.70 45.85 45.50 45.70 
2016/11/29 45.65 45.65 45.55 45.60 
2016/11/30 45.60 46.50 45.05 46.30 
2016/12/01 46.00 46.35 45.90 45.95 
2016/12/02 45.60 45.90 45.60 45.90 
2016/12/05 45.80 46.05 45.60 45.80 
2016/12/06 45.80 45.85 45.60 45.70 
2016/12/07 45.85 45.95 45.50 45.85 
2016/12/08 45.85 46.05 45.60 46.05 
2016/12/09 46.10 46.20 45.80 46.00 
2016/12/12 46.00 46.20 45.85 46.20 
2016/12/13 46.20 46.20 45.85 45.85 
2016/12/14 46.00 46.00 45.25 45.55 
2016/12/15 45.50 45.80 45.30 45.80 
2016/12/16 45.90 46.20 45.30 46.20 
2016/12/19 45.70 46.30 45.60 45.80 
2016/12/20 45.65 46.15 45.55 45.75 
2016/12/21 45.75 45.90 45.50 45.70 
2016/12/22 45.60 45.70 45.60 45.60 
2016/12/23 45.60 46.00 45.60 45.80 
2016/12/26 45.80 45.80 45.25 45.40 
2016/12/27 45.70 45.70 45.40 45.50 
2016/12/28 45.40 45.50 45.35 45.40 
2016/12/29 45.50 45.60 45.45 45.50 
2016/12/30 45.60 45.80 45.60 45.65 
2017/01/03 45.70 46.00 45.65 45.80 
2017/01/04 45.90 45.95 45.50 45.90 
2017/01/05 45.90 45.90 45.65 45.75 
2017/01/06 45.65 45.85 45.50 45.55 
2017/01/09 45.35 45.70 45.25 45.50 
2017/01/10 45.60 45.60 45.20 45.40 
2017/01/11 45.35 45.50 45.20 45.50 
2017/01/12 45.40 45.65 45.35 45.55 
2017/01/13 45.80 45.80 45.30 45.40 
2017/01/16 45.40 45.40 45.05 45.20 
2017/01/17 45.40 45.40 45.15 45.35 
2017/01/18 45.40 45.75 45.35 45.65 
2017/01/19 45.75 45.80 45.45 45.60 
2017/01/20 45.75 45.75 45.35 45.40 
2017/01/23 45.40 45.75 45.20 45.25 
2017/01/24 45.30 45.65 45.15 45.40 
2017/02/02 45.40 45.75 45.30 45.50 
2017/02/03 45.70 45.90 45.50 45.80 
2017/02/06 45.90 46.00 45.70 45.95 
2017/02/07 46.05 46.15 45.90 46.00 
2017/02/08 46.15 46.20 45.90 45.95 
