2016/07/01 23.85 23.95 23.55 23.55 
2016/07/04 23.60 23.90 23.55 23.85 
2016/07/05 23.85 23.90 23.75 23.80 
2016/07/06 23.60 23.65 23.45 23.45 
2016/07/07 23.65 23.75 23.40 23.45 
2016/07/11 23.80 23.80 23.60 23.75 
2016/07/12 23.70 23.70 23.50 23.55 
2016/07/13 23.90 24.30 23.80 24.05 
2016/07/14 24.50 24.70 24.20 24.20 
2016/07/15 24.30 24.55 24.30 24.30 
2016/07/18 24.35 24.45 24.20 24.35 
2016/07/19 24.35 25.10 24.25 24.90 
2016/07/20 24.95 25.45 24.80 24.95 
2016/07/21 25.10 25.45 25.05 25.15 
2016/07/22 25.30 26.25 25.20 26.05 
2016/07/25 26.30 26.80 26.10 26.80 
2016/07/26 26.90 27.20 26.60 27.15 
2016/07/27 27.15 27.60 26.90 27.45 
2016/07/28 27.60 27.85 27.30 27.85 
2016/07/29 27.70 27.75 27.40 27.70 
2016/08/01 27.70 27.95 27.40 27.55 
2016/08/02 27.55 27.60 27.05 27.30 
2016/08/03 27.50 28.80 27.50 28.60 
2016/08/04 29.00 29.35 28.70 28.70 
2016/08/05 29.00 29.10 28.70 28.80 
2016/08/08 29.05 29.15 28.80 28.95 
2016/08/09 29.90 30.45 29.10 29.10 
2016/08/10 29.20 29.95 29.15 29.90 
2016/08/11 30.00 30.30 29.30 30.20 
2016/08/12 30.30 30.30 29.40 29.40 
2016/08/15 29.50 29.50 28.90 29.50 
2016/08/16 29.70 29.90 29.50 29.60 
2016/08/17 29.70 30.10 29.30 30.00 
2016/08/18 30.00 30.25 29.75 30.10 
2016/08/19 30.20 30.20 29.50 29.50 
2016/08/22 29.50 30.10 29.20 29.90 
2016/08/23 30.10 31.70 29.75 31.40 
2016/08/24 31.95 31.95 30.85 30.90 
2016/08/25 31.60 31.75 31.10 31.20 
2016/08/26 31.60 32.20 31.35 31.80 
2016/08/29 31.95 33.50 31.95 33.15 
2016/08/30 33.50 34.00 32.95 33.10 
2016/08/31 33.05 33.10 32.20 32.40 
2016/09/01 32.45 33.30 32.45 32.60 
2016/09/02 30.80 30.80 29.60 29.60 
2016/09/05 30.30 31.65 30.10 31.60 
2016/09/06 32.30 32.30 31.05 31.65 
2016/09/07 31.80 32.15 31.65 31.95 
2016/09/08 32.35 32.60 32.10 32.35 
2016/09/09 32.15 32.15 31.75 32.05 
2016/09/10 32.05 32.10 30.40 31.70 
2016/09/12 31.80 32.00 31.40 31.40 
2016/09/13 31.80 31.95 30.30 30.65 
2016/09/14 30.80 31.40 30.70 31.20 
2016/09/19 31.75 32.90 31.60 32.50 
2016/09/20 32.45 32.85 31.85 32.60 
2016/09/21 32.55 33.15 32.30 32.95 
2016/09/22 33.20 33.30 32.25 32.45 
2016/09/23 32.65 32.80 32.10 32.30 
2016/09/26 32.30 32.75 32.10 32.40 
2016/09/29 33.80 33.80 32.65 32.65 
2016/09/30 32.70 32.95 32.20 32.30 
2016/10/03 32.35 32.50 32.00 32.15 
2016/10/04 32.40 32.40 31.40 31.75 
2016/10/05 31.80 32.25 31.50 31.65 
2016/10/06 31.75 31.95 31.00 31.25 
2016/10/07 31.00 31.15 30.50 30.85 
2016/10/11 30.85 30.90 27.95 28.70 
2016/10/12 28.80 30.00 28.40 29.70 
2016/10/13 30.15 30.20 29.50 29.80 
2016/10/14 29.50 29.50 28.35 28.60 
2016/10/17 28.60 29.20 28.00 29.00 
2016/10/18 29.00 29.70 28.85 29.25 
2016/10/19 29.25 29.45 29.00 29.30 
2016/10/20 29.45 30.70 29.35 30.25 
2016/10/21 30.10 30.10 29.65 29.75 
2016/10/24 29.80 29.90 29.45 29.55 
2016/10/25 29.65 30.55 29.45 30.20 
2016/10/26 30.00 30.20 29.70 29.95 
2016/10/27 29.80 29.80 29.15 29.30 
2016/10/28 29.50 29.65 29.40 29.60 
2016/10/31 29.70 30.20 29.70 29.90 
2016/11/01 29.85 30.15 29.65 29.95 
2016/11/02 29.75 29.80 28.75 28.90 
2016/11/03 28.80 28.90 27.80 28.50 
2016/11/04 28.50 28.65 28.15 28.30 
2016/11/07 28.40 28.55 27.80 27.95 
2016/11/08 28.00 28.25 27.60 28.25 
2016/11/09 29.00 29.20 26.85 27.40 
2016/11/10 28.10 29.15 28.10 29.00 
2016/11/11 28.60 28.80 28.20 28.80 
2016/11/14 28.65 29.55 28.35 29.50 
2016/11/15 29.35 29.80 29.15 29.70 
2016/11/16 29.80 29.95 29.50 29.65 
2016/11/17 29.80 29.95 29.65 29.65 
2016/11/18 29.90 30.40 29.85 30.20 
2016/11/21 30.40 31.40 30.25 31.30 
2016/11/22 31.30 31.80 31.15 31.70 
2016/11/23 31.70 32.75 31.60 31.90 
2016/11/24 32.00 32.20 31.65 31.75 
2016/11/25 31.70 32.20 31.70 32.00 
2016/11/28 32.30 32.90 32.20 32.60 
2016/11/29 33.10 33.40 31.90 32.00 
2016/11/30 32.10 32.45 31.95 32.45 
2016/12/01 32.20 32.45 32.00 32.05 
2016/12/02 31.85 31.90 31.50 31.70 
2016/12/05 31.85 32.00 31.60 31.95 
2016/12/06 32.20 32.30 31.60 31.65 
2016/12/07 31.60 32.10 31.60 31.90 
2016/12/08 32.15 32.30 32.00 32.00 
2016/12/09 32.20 32.40 31.90 32.40 
2016/12/12 32.85 33.00 32.30 32.30 
2016/12/13 32.70 33.20 32.40 33.00 
2016/12/14 33.10 33.20 32.70 32.70 
2016/12/15 32.70 33.00 32.60 32.65 
2016/12/16 32.80 32.85 32.10 32.10 
2016/12/19 31.70 31.80 31.00 31.30 
2016/12/20 31.35 31.50 30.85 31.20 
2016/12/21 31.15 31.50 30.90 31.30 
2016/12/22 31.10 31.20 30.90 31.10 
2016/12/23 30.95 31.00 30.70 30.90 
2016/12/26 30.90 31.00 30.50 30.80 
2016/12/27 30.55 31.00 30.50 30.90 
2016/12/28 30.80 31.25 30.80 31.00 
2016/12/29 30.85 30.95 30.55 30.80 
2016/12/30 30.65 31.05 30.65 31.00 
2017/01/03 30.95 31.00 30.75 30.85 
2017/01/04 31.00 32.20 30.95 31.85 
2017/01/05 31.80 31.90 31.55 31.90 
2017/01/06 31.90 32.10 31.65 31.90 
2017/01/09 32.10 32.25 31.80 31.80 
2017/01/10 32.30 32.90 32.00 32.70 
2017/01/11 33.20 33.25 32.80 33.05 
2017/01/12 33.05 33.20 32.75 32.95 
2017/01/13 32.80 32.85 32.40 32.60 
2017/01/16 32.50 32.50 31.80 32.00 
2017/01/17 31.90 32.25 31.90 32.10 
2017/01/18 32.20 33.05 32.00 33.00 
2017/01/19 33.25 34.25 33.20 33.45 
2017/01/20 33.65 34.20 33.50 33.50 
2017/01/23 33.55 33.95 33.50 33.55 
2017/01/24 33.65 34.80 33.65 34.45 
2017/02/02 34.80 35.20 34.30 34.30 
2017/02/03 34.45 35.20 34.40 34.80 
2017/02/06 35.10 36.45 35.10 35.90 
2017/02/07 35.90 35.95 35.25 35.50 
2017/02/08 35.50 35.60 35.25 35.35 
