2016/07/01 8.25 8.31 8.25 8.28 
2016/07/04 8.28 8.32 8.25 8.30 
2016/07/05 8.30 8.34 8.29 8.34 
2016/07/06 8.30 8.30 8.20 8.23 
2016/07/07 8.23 8.28 8.20 8.23 
2016/07/11 8.30 8.34 8.27 8.32 
2016/07/12 8.35 8.46 8.34 8.40 
2016/07/13 8.43 8.46 8.39 8.46 
2016/07/14 8.47 8.47 8.41 8.46 
2016/07/15 8.49 8.62 8.48 8.62 
2016/07/18 8.68 8.78 8.68 8.74 
2016/07/19 8.78 8.78 8.69 8.74 
2016/07/20 8.74 8.74 8.68 8.69 
2016/07/21 8.70 8.82 8.70 8.75 
2016/07/22 8.78 8.80 8.69 8.77 
2016/07/25 8.77 8.79 8.69 8.76 
2016/07/26 8.72 8.78 8.71 8.78 
2016/07/27 8.78 8.81 8.75 8.75 
2016/07/28 8.76 8.79 8.73 8.77 
2016/07/29 8.77 8.80 8.70 8.72 
2016/08/01 8.71 8.79 8.69 8.77 
2016/08/02 8.77 8.78 8.73 8.73 
2016/08/03 8.71 8.75 8.70 8.72 
2016/08/04 8.74 8.75 8.71 8.74 
2016/08/05 8.74 8.76 8.72 8.76 
2016/08/08 8.77 8.78 8.74 8.78 
2016/08/09 8.77 8.78 8.73 8.75 
2016/08/10 8.77 8.84 8.74 8.82 
2016/08/11 8.37 8.39 8.31 8.32 
2016/08/12 8.37 8.39 8.33 8.35 
2016/08/15 8.33 8.33 8.29 8.32 
2016/08/16 8.34 8.36 8.29 8.35 
2016/08/17 8.35 8.35 8.27 8.34 
2016/08/18 8.30 8.33 8.28 8.31 
2016/08/19 8.31 8.31 8.18 8.19 
2016/08/22 8.19 8.19 8.10 8.11 
2016/08/23 8.11 8.13 8.09 8.11 
2016/08/24 8.12 8.15 8.09 8.09 
2016/08/25 8.09 8.12 8.08 8.12 
2016/08/26 8.12 8.14 8.11 8.14 
2016/08/29 8.15 8.17 8.09 8.16 
2016/08/30 8.15 8.19 8.09 8.10 
2016/08/31 8.10 8.12 8.04 8.04 
2016/09/01 8.04 8.09 8.03 8.04 
2016/09/02 8.09 8.09 8.03 8.06 
2016/09/05 8.03 8.11 8.03 8.08 
2016/09/06 8.10 8.24 8.07 8.24 
2016/09/07 8.19 8.27 8.19 8.24 
2016/09/08 8.25 8.26 8.22 8.26 
2016/09/09 8.25 8.26 8.16 8.25 
2016/09/10 8.19 8.20 8.12 8.15 
2016/09/12 8.15 8.19 8.12 8.15 
2016/09/13 8.16 8.17 8.11 8.12 
2016/09/14 8.11 8.23 8.09 8.23 
2016/09/19 8.21 8.25 8.20 8.23 
2016/09/20 8.23 8.25 8.18 8.20 
2016/09/21 8.20 8.28 8.20 8.26 
2016/09/22 8.26 8.28 8.18 8.25 
2016/09/23 8.25 8.28 8.22 8.26 
2016/09/26 8.26 8.26 8.19 8.20 
2016/09/29 8.20 8.23 8.20 8.20 
2016/09/30 8.20 8.21 8.15 8.16 
2016/10/03 8.15 8.20 8.15 8.18 
2016/10/04 8.18 8.18 8.14 8.17 
2016/10/05 8.17 8.17 8.11 8.14 
2016/10/06 8.13 8.17 8.09 8.14 
2016/10/07 8.14 8.16 8.07 8.11 
2016/10/11 8.11 8.11 8.04 8.04 
2016/10/12 8.04 8.07 8.04 8.05 
2016/10/13 8.05 8.05 8.00 8.02 
2016/10/14 8.00 8.02 7.94 7.95 
2016/10/17 7.97 7.99 7.91 7.91 
2016/10/18 7.91 7.97 7.90 7.94 
2016/10/19 7.94 8.00 7.93 7.94 
2016/10/20 7.96 8.01 7.94 7.98 
2016/10/21 8.00 8.02 7.80 7.92 
2016/10/24 7.94 8.00 7.92 7.92 
2016/10/25 7.96 7.96 7.92 7.93 
2016/10/26 7.97 7.97 7.91 7.93 
2016/10/27 7.93 7.97 7.91 7.97 
2016/10/28 7.97 7.99 7.94 7.94 
2016/10/31 7.96 7.96 7.90 7.90 
2016/11/01 7.91 7.96 7.91 7.95 
2016/11/02 7.91 7.93 7.88 7.90 
2016/11/03 7.91 7.92 7.86 7.88 
2016/11/04 7.88 7.93 7.87 7.88 
2016/11/07 7.90 7.93 7.88 7.91 
2016/11/08 7.93 7.98 7.92 7.97 
2016/11/09 7.93 7.99 7.85 7.88 
2016/11/10 7.92 7.98 7.89 7.97 
2016/11/11 7.95 7.97 7.88 7.88 
2016/11/14 8.14 8.22 8.03 8.12 
2016/11/15 8.13 8.34 8.13 8.34 
2016/11/16 8.34 8.43 8.31 8.37 
2016/11/17 8.40 8.43 8.36 8.40 
2016/11/18 8.42 8.43 8.39 8.43 
2016/11/21 8.45 8.47 8.43 8.46 
2016/11/22 8.47 8.55 8.46 8.55 
2016/11/23 8.55 8.66 8.55 8.66 
2016/11/24 8.66 8.75 8.63 8.70 
2016/11/25 8.70 8.76 8.69 8.76 
2016/11/28 8.76 8.85 8.76 8.84 
2016/11/29 8.82 8.87 8.77 8.87 
2016/11/30 8.85 8.95 8.85 8.95 
2016/12/01 8.98 9.11 8.96 9.09 
2016/12/02 9.08 9.23 9.06 9.19 
2016/12/05 9.21 9.30 9.16 9.16 
2016/12/06 9.14 9.21 8.92 9.20 
2016/12/07 9.16 9.27 9.16 9.23 
2016/12/08 9.23 9.27 9.22 9.27 
2016/12/09 9.25 9.30 9.25 9.30 
2016/12/12 9.30 9.33 9.28 9.33 
2016/12/13 9.33 9.39 9.33 9.38 
2016/12/14 9.40 9.42 9.38 9.39 
2016/12/15 9.38 9.42 9.37 9.40 
2016/12/16 9.40 9.43 9.35 9.42 
2016/12/19 9.40 9.42 9.35 9.39 
2016/12/20 9.37 9.41 9.32 9.40 
2016/12/21 9.40 9.40 9.35 9.40 
2016/12/22 9.38 9.38 9.34 9.34 
2016/12/23 9.32 9.35 9.23 9.27 
2016/12/26 9.35 9.36 9.31 9.35 
2016/12/27 9.28 9.36 9.28 9.35 
2016/12/28 9.35 9.42 9.32 9.42 
2016/12/29 9.39 9.45 9.39 9.44 
2016/12/30 9.45 9.74 9.45 9.69 
2017/01/03 9.62 9.62 9.37 9.45 
2017/01/04 9.43 9.43 9.19 9.29 
2017/01/05 9.25 9.31 9.12 9.30 
2017/01/06 9.23 9.30 9.21 9.30 
2017/01/09 9.29 9.31 9.22 9.28 
2017/01/10 9.21 9.23 9.16 9.17 
2017/01/11 9.12 9.12 9.05 9.05 
2017/01/12 9.06 9.20 9.05 9.20 
2017/01/13 9.19 9.19 9.05 9.06 
2017/01/16 9.06 9.07 8.96 8.97 
2017/01/17 8.97 8.97 8.91 8.95 
2017/01/18 8.96 9.08 8.88 9.06 
2017/01/19 9.03 9.06 8.96 9.01 
2017/01/20 9.00 9.01 8.92 8.92 
2017/01/23 9.00 9.00 8.92 8.93 
2017/01/24 8.95 9.00 8.91 9.00 
2017/02/02 9.04 9.22 9.00 9.21 
2017/02/03 9.23 9.27 9.17 9.22 
2017/02/06 9.22 9.30 9.18 9.30 
2017/02/07 9.29 9.33 9.26 9.32 
2017/02/08 9.32 9.35 9.30 9.35 
