2016/07/01 6.19 6.22 6.16 6.17 
2016/07/04 6.19 6.24 6.15 6.23 
2016/07/05 6.23 6.24 6.18 6.19 
2016/07/06 6.19 6.19 6.14 6.14 
2016/07/07 6.18 6.19 6.14 6.19 
2016/07/11 6.19 6.29 6.19 6.29 
2016/07/12 6.29 6.36 6.27 6.35 
2016/07/13 6.35 6.36 6.29 6.34 
2016/07/14 6.34 6.41 6.29 6.41 
2016/07/15 6.41 6.58 6.36 6.58 
2016/07/18 6.58 6.72 6.56 6.72 
2016/07/19 6.71 6.72 6.61 6.65 
2016/07/20 6.60 6.71 6.60 6.69 
2016/07/21 6.73 6.84 6.68 6.81 
2016/07/22 6.80 6.84 6.73 6.84 
2016/07/25 6.79 6.84 6.76 6.84 
2016/07/26 6.80 6.90 6.78 6.90 
2016/07/27 6.87 6.96 6.84 6.96 
2016/07/28 6.92 7.00 6.90 6.96 
2016/07/29 6.96 7.01 6.86 6.86 
2016/08/01 6.86 6.94 6.85 6.92 
2016/08/02 6.87 6.98 6.87 6.91 
2016/08/03 6.86 6.95 6.83 6.92 
2016/08/04 6.88 7.01 6.88 6.97 
2016/08/05 6.92 7.06 6.92 6.99 
2016/08/08 7.04 7.06 7.00 7.04 
2016/08/09 7.04 7.09 7.03 7.06 
2016/08/10 7.06 7.09 7.04 7.06 
2016/08/11 7.04 7.04 6.93 6.97 
2016/08/12 6.97 7.06 6.97 7.03 
2016/08/15 6.95 7.05 6.95 7.02 
2016/08/16 7.02 7.05 6.97 7.02 
2016/08/17 6.99 7.04 6.98 7.03 
2016/08/18 7.03 7.03 6.97 7.02 
2016/08/19 6.99 7.04 6.94 6.96 
2016/08/22 6.93 6.93 6.81 6.81 
2016/08/23 6.78 6.95 6.78 6.89 
2016/08/24 6.85 6.89 6.83 6.88 
2016/08/25 6.89 6.90 6.83 6.87 
2016/08/26 6.82 6.84 6.77 6.77 
2016/08/29 6.73 6.74 6.65 6.68 
2016/08/30 6.68 6.68 6.55 6.56 
2016/08/31 6.56 6.56 6.47 6.55 
2016/09/01 6.56 6.63 6.48 6.48 
2016/09/02 6.48 6.52 6.45 6.46 
2016/09/05 6.47 6.50 6.46 6.46 
2016/09/06 6.45 6.47 6.41 6.46 
2016/09/07 6.44 6.56 6.44 6.48 
2016/09/08 6.48 6.51 6.45 6.47 
2016/09/09 6.44 6.47 6.43 6.45 
2016/09/10 6.42 6.45 6.40 6.42 
2016/09/12 6.43 6.47 6.41 6.43 
2016/09/13 6.46 6.49 6.38 6.38 
2016/09/14 6.41 6.55 6.37 6.55 
2016/09/19 6.32 6.35 6.28 6.28 
2016/09/20 6.28 6.35 6.24 6.24 
2016/09/21 6.24 6.24 6.21 6.23 
2016/09/22 6.28 6.28 6.17 6.20 
2016/09/23 6.20 6.23 6.17 6.18 
2016/09/26 6.15 6.15 6.08 6.10 
2016/09/29 6.10 6.17 6.08 6.12 
2016/09/30 6.12 6.13 6.06 6.08 
2016/10/03 6.08 6.10 6.07 6.10 
2016/10/04 6.06 6.07 6.05 6.05 
2016/10/05 6.05 6.05 6.00 6.01 
2016/10/06 6.10 6.10 6.02 6.05 
2016/10/07 6.05 6.05 6.02 6.02 
2016/10/11 6.02 6.05 5.95 5.95 
2016/10/12 5.94 6.00 5.91 5.95 
2016/10/13 5.95 5.95 5.91 5.93 
2016/10/14 5.91 5.91 5.86 5.87 
2016/10/17 5.86 5.86 5.82 5.85 
2016/10/18 5.82 5.83 5.71 5.77 
2016/10/19 5.77 5.80 5.70 5.76 
2016/10/20 5.76 5.87 5.76 5.87 
2016/10/21 5.89 5.93 5.89 5.91 
2016/10/24 5.92 5.98 5.92 5.93 
2016/10/25 5.95 6.00 5.94 5.95 
2016/10/26 5.96 5.98 5.90 5.91 
2016/10/27 5.90 5.92 5.90 5.92 
2016/10/28 6.11 6.22 6.11 6.19 
2016/10/31 6.19 6.21 6.14 6.20 
2016/11/01 6.20 6.26 6.20 6.24 
2016/11/02 6.22 6.24 6.17 6.17 
2016/11/03 6.15 6.17 6.13 6.15 
2016/11/04 6.15 6.20 6.15 6.15 
2016/11/07 6.16 6.25 6.16 6.24 
2016/11/08 6.24 6.29 6.23 6.28 
2016/11/09 6.28 6.28 6.16 6.17 
2016/11/10 6.19 6.25 6.19 6.21 
2016/11/11 6.22 6.22 6.16 6.16 
2016/11/14 6.18 6.26 6.17 6.23 
2016/11/15 6.25 6.28 6.23 6.27 
2016/11/16 6.26 6.33 6.25 6.31 
2016/11/17 6.30 6.35 6.27 6.35 
2016/11/18 6.34 6.52 6.33 6.45 
2016/11/21 6.45 6.57 6.40 6.51 
2016/11/22 6.50 6.57 6.50 6.54 
2016/11/23 6.54 6.66 6.48 6.66 
2016/11/24 6.66 6.77 6.61 6.72 
2016/11/25 6.71 6.80 6.70 6.79 
2016/11/28 6.79 6.85 6.75 6.82 
2016/11/29 6.82 6.82 6.75 6.76 
2016/11/30 6.68 6.72 6.55 6.58 
2016/12/01 6.58 6.64 6.57 6.58 
2016/12/02 6.57 6.64 6.55 6.59 
2016/12/05 6.60 6.63 6.57 6.61 
2016/12/06 6.57 6.70 6.57 6.67 
2016/12/07 6.68 6.78 6.67 6.73 
2016/12/08 6.74 6.83 6.72 6.76 
2016/12/09 6.77 6.84 6.71 6.77 
2016/12/12 6.72 6.83 6.72 6.79 
2016/12/13 6.77 6.84 6.77 6.82 
2016/12/14 6.83 6.86 6.80 6.83 
2016/12/15 6.83 6.86 6.80 6.84 
2016/12/16 6.87 6.87 6.71 6.84 
2016/12/19 6.84 6.84 6.67 6.67 
2016/12/20 6.66 6.70 6.63 6.68 
2016/12/21 6.69 6.72 6.66 6.68 
2016/12/22 6.68 6.74 6.66 6.69 
2016/12/23 6.66 6.76 6.54 6.73 
2016/12/26 6.65 6.73 6.65 6.72 
2016/12/27 6.63 6.73 6.60 6.60 
2016/12/28 6.60 6.61 6.53 6.55 
2016/12/29 6.53 6.53 6.41 6.42 
2016/12/30 6.42 6.79 6.42 6.65 
2017/01/03 6.71 6.71 6.54 6.55 
2017/01/04 6.48 6.61 6.48 6.50 
2017/01/05 6.50 6.54 6.47 6.52 
2017/01/06 6.53 6.53 6.48 6.48 
2017/01/09 6.49 6.49 6.30 6.32 
2017/01/10 6.31 6.31 6.26 6.31 
2017/01/11 6.30 6.40 6.27 6.29 
2017/01/12 6.26 6.44 6.26 6.32 
2017/01/13 6.32 6.40 6.31 6.33 
2017/01/16 6.30 6.30 6.25 6.25 
2017/01/17 6.25 6.40 6.21 6.24 
2017/01/18 6.24 6.33 6.23 6.26 
2017/01/19 6.25 6.30 6.24 6.24 
2017/01/20 6.24 6.29 6.23 6.26 
2017/01/23 6.26 6.30 6.26 6.27 
2017/01/24 6.26 6.31 6.26 6.30 
2017/02/02 6.31 6.60 6.30 6.48 
2017/02/03 6.54 6.54 6.42 6.44 
2017/02/06 6.51 6.70 6.50 6.66 
2017/02/07 6.64 6.70 6.61 6.63 
2017/02/08 6.63 6.65 6.58 6.63 
