2016/07/01 12.20 12.90 12.20 12.40 
2016/07/04 12.30 12.40 12.05 12.40 
2016/07/05 12.30 12.30 12.00 12.25 
2016/07/06 12.20 12.20 12.00 12.00 
2016/07/07 12.10 12.10 12.10 12.10 
2016/07/11 12.10 12.40 12.10 12.35 
2016/07/12 12.35 12.35 12.15 12.35 
2016/07/13 12.35 12.35 12.10 12.30 
2016/07/14 12.35 12.35 12.10 12.10 
2016/07/15 12.20 12.50 12.20 12.45 
2016/07/18 12.55 12.85 12.55 12.80 
2016/07/19 12.70 12.90 12.70 12.70 
2016/07/20 12.70 12.70 12.40 12.65 
2016/07/21 12.50 12.85 12.50 12.75 
2016/07/22 12.70 12.70 12.50 12.70 
2016/07/25 12.70 12.70 12.50 12.50 
2016/07/26 12.60 12.60 12.50 12.50 
2016/07/27 12.50 12.65 12.40 12.65 
2016/07/28 12.60 12.60 12.60 12.60 
2016/07/29 12.60 12.60 12.25 12.40 
2016/08/01 12.50 12.50 12.30 12.50 
2016/08/02 12.50 12.50 12.30 12.50 
2016/08/03 12.40 12.70 12.30 12.45 
2016/08/04 12.50 12.60 12.35 12.50 
2016/08/05 12.50 12.50 12.40 12.50 
2016/08/08 12.50 12.80 12.50 12.50 
2016/08/09 12.10 12.55 12.10 12.20 
2016/08/10 12.30 12.30 12.00 12.20 
2016/08/11 12.20 12.20 12.15 12.20 
2016/08/12 12.30 12.30 12.10 12.25 
2016/08/15 12.25 12.45 12.10 12.20 
2016/08/16 12.20 12.20 12.10 12.10 
2016/08/17 12.15 12.35 12.00 12.00 
2016/08/18 12.10 12.25 12.05 12.05 
2016/08/19 12.10 12.10 12.00 12.00 
2016/08/22 12.05 12.05 12.00 12.00 
2016/08/23 12.00 12.00 11.90 12.00 
2016/08/24 12.00 12.00 12.00 12.00 
2016/08/25 12.00 12.25 12.00 12.05 
2016/08/26 12.00 12.25 12.00 12.25 
2016/08/29 12.10 12.10 12.00 12.00 
2016/08/30 12.00 12.25 12.00 12.00 
2016/08/31 12.00 12.00 11.90 12.00 
2016/09/01 12.00 12.00 11.95 12.00 
2016/09/02 12.00 12.00 11.90 11.90 
2016/09/05 12.00 12.00 11.90 11.90 
2016/09/06 12.00 12.25 11.90 12.00 
2016/09/07 12.00 12.25 12.00 12.25 
2016/09/08 12.20 12.20 12.05 12.05 
2016/09/09 12.00 12.05 12.00 12.05 
2016/09/10 12.00 12.00 11.95 11.95 
2016/09/12 12.00 12.00 11.80 11.80 
2016/09/13 11.90 11.90 11.70 11.90 
2016/09/14 11.80 11.85 11.80 11.80 
2016/09/19 11.85 12.15 11.85 12.05 
2016/09/20 11.90 11.95 11.80 11.90 
2016/09/21 11.90 11.95 11.80 11.95 
2016/09/22 12.00 12.00 11.90 11.95 
2016/09/23 12.00 12.00 11.90 12.00 
2016/09/26 11.90 11.90 11.90 11.90 
2016/09/29 11.90 11.90 11.90 11.90 
2016/09/30 11.80 11.90 11.75 11.90 
2016/10/03 12.00 12.00 11.80 11.95 
2016/10/04 11.90 12.05 11.80 12.00 
2016/10/05 11.90 12.00 11.80 11.95 
2016/10/06 12.00 12.00 11.90 11.95 
2016/10/07 12.05 12.05 11.80 11.80 
2016/10/11 11.90 11.90 11.80 11.80 
2016/10/12 11.80 11.80 11.80 11.80 
2016/10/13 11.80 11.80 11.80 11.80 
2016/10/14 11.80 11.80 11.70 11.70 
2016/10/17 11.80 11.80 11.70 11.70 
2016/10/18 11.70 11.70 11.70 11.70 
2016/10/19 11.70 11.85 11.60 11.85 
2016/10/20 11.80 11.85 11.75 11.80 
2016/10/21 11.80 11.80 11.80 11.80 
2016/10/24 11.80 11.80 11.50 11.80 
2016/10/25 11.80 11.80 11.80 11.80 
2016/10/26 11.80 11.80 11.60 11.80 
2016/10/27 11.80 11.80 11.70 11.80 
2016/10/28 11.80 11.80 11.80 11.80 
2016/10/31 11.70 11.70 11.70 11.70 
2016/11/01 11.70 11.70 11.60 11.70 
2016/11/02 11.60 11.75 11.55 11.75 
2016/11/03 11.70 11.80 11.60 11.70 
2016/11/04 11.70 11.70 11.50 11.70 
2016/11/07 11.70 11.70 11.60 11.65 
2016/11/08 11.70 11.70 11.55 11.65 
2016/11/09 11.70 11.70 11.40 11.40 
2016/11/10 11.65 11.75 11.60 11.75 
2016/11/11 11.95 11.95 11.70 11.70 
2016/11/14 11.70 11.75 11.70 11.75 
2016/11/15 11.75 11.75 11.70 11.70 
2016/11/16 11.70 11.80 11.60 11.70 
2016/11/17 11.70 11.70 11.70 11.70 
2016/11/18 11.70 11.80 11.65 11.80 
2016/11/21 11.80 11.80 11.70 11.75 
2016/11/22 11.85 11.95 11.75 11.85 
2016/11/23 12.05 12.05 11.85 11.90 
2016/11/24 11.90 11.90 11.70 11.75 
2016/11/25 11.80 11.80 11.75 11.80 
2016/11/28 11.85 11.90 11.70 11.70 
2016/11/29 11.70 11.70 11.70 11.70 
2016/11/30 11.80 11.80 11.70 11.70 
2016/12/01 11.80 11.85 11.70 11.80 
2016/12/02 11.80 11.85 11.80 11.80 
2016/12/05 11.80 11.80 11.70 11.80 
2016/12/06 11.80 11.95 11.80 11.85 
2016/12/07 11.90 11.90 11.90 11.90 
2016/12/08 11.90 12.10 11.80 12.00 
2016/12/09 12.10 12.10 11.95 11.95 
2016/12/12 12.00 12.00 11.95 11.95 
2016/12/13 11.95 12.00 11.95 11.95 
2016/12/14 12.10 12.10 11.90 12.00 
2016/12/15 12.00 12.10 11.90 12.00 
2016/12/16 12.05 12.15 12.05 12.05 
2016/12/19 12.10 12.10 12.00 12.00 
2016/12/20 12.00 12.00 11.95 11.95 
2016/12/21 12.00 12.00 11.95 11.95 
2016/12/22 12.00 12.00 11.90 11.90 
2016/12/23 12.00 12.00 11.90 11.90 
2016/12/26 12.10 12.10 11.95 11.95 
2016/12/27 12.00 12.00 11.90 11.90 
2016/12/28 12.10 12.10 11.80 11.90 
2016/12/29 11.90 11.90 11.90 11.90 
2016/12/30 12.05 12.45 12.00 12.10 
2017/01/03 12.25 12.25 12.00 12.00 
2017/01/04 12.00 12.00 11.85 12.00 
2017/01/05 12.00 12.10 12.00 12.10 
2017/01/06 12.10 12.10 12.10 12.10 
2017/01/09 12.00 12.00 11.80 11.80 
2017/01/10 11.90 11.90 11.90 11.90 
2017/01/11 11.95 11.95 11.80 11.85 
2017/01/12 11.85 12.10 11.85 11.95 
2017/01/13 11.90 12.10 11.80 11.95 
2017/01/16 11.90 12.10 11.90 12.10 
2017/01/17 11.90 12.05 11.90 12.05 
2017/01/18 11.90 11.90 11.85 11.90 
2017/01/19 11.90 12.00 11.90 11.90 
2017/01/20 11.90 11.90 11.85 11.85 
2017/01/23 12.00 12.00 11.90 11.90 
2017/01/24 12.00 12.00 11.85 11.95 
2017/02/02 12.00 12.00 12.00 12.00 
2017/02/03 12.10 12.10 11.90 11.90 
2017/02/06 12.00 12.35 12.00 12.35 
2017/02/07 12.35 12.35 12.20 12.25 
2017/02/08 12.30 12.30 12.25 12.25 
