2016/07/01 36.10 36.15 35.75 36.00 
2016/07/04 36.00 36.50 36.00 36.45 
2016/07/05 36.40 36.60 36.10 36.60 
2016/07/06 36.40 36.60 36.25 36.60 
2016/07/07 36.70 36.80 36.45 36.55 
2016/07/11 36.60 36.60 36.20 36.35 
2016/07/12 36.20 36.70 36.20 36.60 
2016/07/13 36.60 36.65 36.30 36.35 
2016/07/14 36.40 36.50 36.40 36.50 
2016/07/15 36.60 36.75 36.50 36.65 
2016/07/18 36.70 36.95 36.65 36.70 
2016/07/19 36.60 36.70 36.50 36.65 
2016/07/20 36.55 36.55 36.25 36.45 
2016/07/21 36.50 36.50 36.25 36.25 
2016/07/22 36.25 36.50 36.20 36.45 
2016/07/25 36.45 36.65 36.45 36.60 
2016/07/26 36.50 36.80 36.50 36.70 
2016/07/27 36.80 36.90 36.70 36.80 
2016/07/28 36.80 37.85 36.80 37.75 
2016/07/29 37.75 37.90 37.45 37.85 
2016/08/01 37.75 39.35 37.70 39.35 
2016/08/02 39.20 40.00 39.00 39.65 
2016/08/03 39.30 39.40 38.85 39.30 
2016/08/04 39.50 39.85 39.00 39.40 
2016/08/05 39.40 39.50 38.90 39.15 
2016/08/08 39.35 39.40 38.70 39.00 
2016/08/09 38.80 38.80 38.55 38.70 
2016/08/10 38.50 38.90 38.30 38.80 
2016/08/11 38.80 38.90 38.30 38.40 
2016/08/12 38.70 38.90 38.55 38.85 
2016/08/15 38.90 39.00 38.75 38.90 
2016/08/16 39.25 39.80 39.10 39.45 
2016/08/17 39.50 39.50 38.95 39.35 
2016/08/18 39.40 39.45 39.10 39.25 
2016/08/19 39.20 39.95 39.20 39.20 
2016/08/22 39.40 39.40 38.70 38.95 
2016/08/23 39.10 39.10 38.50 39.00 
2016/08/24 39.00 39.10 38.90 38.90 
2016/08/25 38.90 38.90 38.80 38.90 
2016/08/26 38.90 38.95 38.70 38.90 
2016/08/29 38.90 38.95 38.60 38.70 
2016/08/30 38.90 39.20 38.70 38.90 
2016/08/31 39.30 39.40 38.70 39.15 
2016/09/01 39.35 39.35 39.00 39.00 
2016/09/02 39.05 39.45 39.00 39.20 
2016/09/05 39.30 39.40 39.05 39.10 
2016/09/06 39.05 39.05 38.80 38.90 
2016/09/07 39.00 39.10 38.85 38.90 
2016/09/08 38.95 38.95 38.55 38.75 
2016/09/09 38.80 38.85 38.50 38.65 
2016/09/10 38.40 38.70 38.30 38.65 
2016/09/12 38.40 38.50 38.15 38.30 
2016/09/13 38.40 38.40 37.35 37.60 
2016/09/14 37.30 37.40 36.80 37.00 
2016/09/19 36.85 37.10 36.80 37.10 
2016/09/20 37.10 37.20 37.00 37.00 
2016/09/21 37.10 37.90 37.05 37.80 
2016/09/22 37.95 38.05 37.65 37.80 
2016/09/23 37.80 37.90 37.60 37.90 
2016/09/26 37.80 38.10 37.70 38.00 
2016/09/29 38.00 38.00 37.60 37.70 
2016/09/30 37.35 37.35 36.90 37.20 
2016/10/03 37.00 37.10 36.80 37.00 
2016/10/04 37.00 37.00 36.10 36.65 
2016/10/05 36.65 37.15 36.60 37.15 
2016/10/06 37.10 37.10 36.75 37.00 
2016/10/07 36.95 37.35 36.95 37.05 
2016/10/11 37.20 37.30 36.70 36.90 
2016/10/12 37.10 37.10 36.65 36.95 
2016/10/13 36.85 36.95 36.80 36.90 
2016/10/14 36.90 36.90 36.40 36.70 
2016/10/17 36.70 36.80 36.40 36.80 
2016/10/18 36.75 36.75 36.45 36.60 
2016/10/19 36.55 36.65 36.55 36.65 
2016/10/20 36.65 37.10 36.65 37.00 
2016/10/21 37.00 37.00 36.80 37.00 
2016/10/24 37.00 37.00 36.85 36.85 
2016/10/25 36.90 37.00 36.85 37.00 
2016/10/26 37.00 37.00 36.90 37.00 
2016/10/27 37.00 37.00 36.85 37.00 
2016/10/28 37.00 37.00 36.65 37.00 
2016/10/31 36.80 37.00 36.75 37.00 
2016/11/01 36.85 36.90 36.80 36.85 
2016/11/02 36.85 36.85 36.55 36.80 
2016/11/03 36.80 36.80 36.40 36.50 
2016/11/04 36.40 36.60 36.40 36.60 
2016/11/07 36.60 36.80 36.60 36.70 
2016/11/08 36.70 36.80 36.65 36.80 
2016/11/09 36.70 36.85 36.40 36.85 
2016/11/10 36.90 37.20 36.90 37.20 
2016/11/11 37.25 37.25 36.80 37.00 
2016/11/14 37.00 37.05 36.70 36.85 
2016/11/15 36.85 36.95 36.80 36.85 
2016/11/16 36.95 37.05 36.85 36.85 
2016/11/17 36.85 36.95 36.75 36.90 
2016/11/18 37.00 37.15 37.00 37.10 
2016/11/21 37.15 37.20 37.00 37.05 
2016/11/22 37.05 37.25 37.00 37.10 
2016/11/23 37.20 37.20 36.90 37.15 
2016/11/24 37.05 37.20 37.00 37.20 
2016/11/25 37.25 37.25 37.10 37.15 
2016/11/28 37.15 37.20 37.10 37.20 
2016/11/29 37.30 37.45 37.15 37.35 
2016/11/30 37.35 37.55 37.25 37.55 
2016/12/01 37.60 37.60 37.30 37.60 
2016/12/02 37.60 37.70 37.60 37.70 
2016/12/05 37.75 38.30 37.75 38.25 
2016/12/06 38.25 38.45 38.20 38.35 
2016/12/07 38.45 38.45 38.10 38.10 
2016/12/08 38.30 38.30 38.15 38.20 
2016/12/09 38.25 38.40 38.20 38.25 
2016/12/12 38.40 38.45 38.25 38.30 
2016/12/13 38.35 38.55 38.35 38.55 
2016/12/14 38.60 39.15 38.60 38.90 
2016/12/15 38.90 39.15 38.85 38.95 
2016/12/16 39.00 39.00 38.70 38.75 
2016/12/19 38.70 38.70 38.25 38.40 
2016/12/20 38.40 38.40 38.00 38.15 
2016/12/21 38.10 38.15 38.00 38.05 
2016/12/22 38.00 38.00 37.25 37.40 
2016/12/23 37.25 37.35 37.20 37.35 
2016/12/26 37.40 37.60 37.30 37.45 
2016/12/27 37.50 37.70 37.45 37.70 
2016/12/28 36.90 36.90 36.15 36.50 
2016/12/29 36.45 36.60 36.30 36.30 
2016/12/30 36.25 36.30 36.20 36.25 
2017/01/03 36.20 36.60 36.20 36.35 
2017/01/04 36.50 36.50 36.35 36.40 
2017/01/05 36.40 36.70 36.35 36.60 
2017/01/06 36.75 36.80 36.60 36.65 
2017/01/09 36.65 36.75 36.55 36.65 
2017/01/10 36.60 36.60 36.45 36.50 
2017/01/11 36.50 36.50 36.15 36.20 
2017/01/12 36.10 36.25 36.00 36.20 
2017/01/13 36.25 36.25 36.10 36.25 
2017/01/16 36.20 36.25 36.05 36.10 
2017/01/17 36.10 36.20 36.05 36.10 
2017/01/18 36.10 36.50 36.10 36.50 
2017/01/19 36.50 36.50 36.25 36.40 
2017/01/20 36.35 36.45 36.30 36.30 
2017/01/23 36.30 36.45 36.30 36.40 
2017/01/24 36.40 36.50 36.35 36.50 
2017/02/02 36.50 36.75 36.45 36.60 
2017/02/03 36.60 37.30 36.60 37.30 
2017/02/06 37.50 37.75 37.40 37.60 
2017/02/07 37.80 37.95 37.30 37.35 
2017/02/08 36.80 36.80 36.00 36.65 
