2016/07/01 8.10 8.10 8.01 8.01 
2016/07/04 8.10 8.10 8.10 8.10 
2016/07/05 8.10 8.42 8.10 8.20 
2016/07/06 8.13 8.13 8.10 8.10 
2016/07/07 8.00 8.48 8.00 8.05 
2016/07/11 8.20 8.20 8.13 8.13 
2016/07/12 8.20 8.35 8.01 8.10 
2016/07/13 8.16 8.16 8.03 8.03 
2016/07/14 8.09 8.44 8.03 8.03 
2016/07/15 8.15 8.17 8.05 8.17 
2016/07/18 8.23 8.48 8.23 8.42 
2016/07/19 8.38 8.38 8.16 8.23 
2016/07/20 8.17 8.23 8.16 8.16 
2016/07/21 8.17 8.25 8.16 8.23 
2016/07/22 8.25 8.25 8.24 8.25 
2016/07/25 8.26 8.30 8.23 8.30 
2016/07/26 8.04 8.05 8.04 8.05 
2016/07/27 8.05 8.05 7.97 8.05 
2016/07/28 8.05 8.05 8.00 8.00 
2016/07/29 8.04 8.04 8.04 8.04 
2016/08/02 8.02 8.02 7.95 8.00 
2016/08/03 8.00 8.00 8.00 8.00 
2016/08/04 8.00 8.00 7.88 7.95 
2016/08/05 7.90 8.00 7.90 8.00 
2016/08/08 7.82 7.99 7.82 7.99 
2016/08/09 8.05 8.05 8.00 8.00 
2016/08/11 7.89 7.90 7.87 7.90 
2016/08/12 7.98 7.98 7.90 7.97 
2016/08/15 7.97 7.97 7.95 7.95 
2016/08/16 7.90 7.90 7.85 7.86 
2016/08/17 7.92 7.92 7.82 7.88 
2016/08/18 7.88 7.93 7.81 7.81 
2016/08/19 7.77 7.95 7.77 7.95 
2016/08/22 7.95 7.95 7.85 7.86 
2016/08/23 7.81 7.86 7.80 7.80 
2016/08/24 7.75 7.81 7.75 7.80 
2016/08/25 7.88 7.88 7.80 7.80 
2016/08/26 7.85 7.94 7.80 7.80 
2016/08/29 7.80 7.80 7.75 7.78 
2016/08/30 7.79 7.79 7.79 7.79 
2016/08/31 7.77 7.85 7.75 7.78 
2016/09/01 7.78 7.84 7.78 7.80 
2016/09/02 7.80 7.87 7.75 7.87 
2016/09/05 7.97 7.97 7.87 7.87 
2016/09/06 7.87 7.90 7.87 7.90 
2016/09/07 7.86 7.91 7.84 7.90 
2016/09/08 7.86 7.87 7.86 7.87 
2016/09/09 7.85 7.90 7.85 7.90 
2016/09/10 7.86 7.90 7.84 7.84 
2016/09/12 7.83 7.95 7.74 7.74 
2016/09/13 7.82 7.88 7.80 7.88 
2016/09/14 7.86 7.86 7.78 7.78 
2016/09/20 7.81 7.81 7.80 7.81 
2016/09/21 7.86 7.86 7.83 7.83 
2016/09/22 7.93 7.98 7.89 7.89 
2016/09/23 7.84 8.00 7.84 8.00 
2016/09/26 7.98 8.00 7.98 8.00 
2016/09/29 7.99 7.99 7.95 7.95 
2016/09/30 7.95 7.95 7.95 7.95 
2016/10/03 7.90 7.94 7.87 7.87 
2016/10/04 7.98 7.99 7.83 7.83 
2016/10/05 7.85 7.85 7.85 7.85 
2016/10/06 7.85 7.85 7.80 7.80 
2016/10/07 7.81 7.81 7.78 7.78 
2016/10/11 7.78 7.80 7.71 7.71 
2016/10/12 7.75 7.75 7.75 7.75 
2016/10/13 7.70 7.70 7.70 7.70 
2016/10/14 7.64 7.64 7.50 7.62 
2016/10/17 7.70 7.70 7.70 7.70 
2016/10/18 7.61 7.61 7.52 7.60 
2016/10/19 7.65 7.65 7.60 7.60 
2016/10/20 7.51 7.60 7.50 7.50 
2016/10/21 7.50 7.50 7.45 7.47 
2016/10/24 7.61 7.61 7.48 7.48 
2016/10/25 7.59 7.59 7.59 7.59 
2016/10/26 7.55 7.67 7.55 7.65 
2016/10/27 7.61 7.61 7.61 7.61 
2016/10/28 7.54 7.60 7.52 7.60 
2016/10/31 7.52 7.57 7.50 7.57 
2016/11/01 7.51 7.62 7.48 7.62 
2016/11/02 7.59 7.59 7.50 7.54 
2016/11/03 7.43 7.43 7.43 7.43 
2016/11/04 7.65 7.65 7.50 7.50 
2016/11/07 7.50 7.52 7.40 7.42 
2016/11/08 7.47 7.49 7.46 7.49 
2016/11/09 7.45 7.45 7.33 7.33 
2016/11/10 7.48 7.50 7.35 7.35 
2016/11/11 7.32 7.45 7.31 7.33 
2016/11/14 7.40 7.43 7.40 7.41 
2016/11/15 7.41 7.60 7.41 7.52 
2016/11/16 7.52 7.55 7.44 7.47 
2016/11/17 7.37 7.47 7.14 7.47 
2016/11/18 7.47 7.49 7.40 7.43 
2016/11/21 7.43 7.60 7.43 7.50 
2016/11/22 7.60 7.60 7.50 7.50 
2016/11/23 7.50 7.58 7.49 7.53 
2016/11/24 7.53 7.59 7.53 7.58 
2016/11/25 7.53 7.70 7.53 7.65 
2016/11/28 7.70 7.75 7.65 7.73 
2016/11/29 7.79 7.79 7.67 7.68 
2016/11/30 7.70 7.70 7.68 7.68 
2016/12/01 7.78 7.78 7.65 7.66 
2016/12/02 7.68 7.82 7.65 7.70 
2016/12/05 7.75 7.75 7.64 7.65 
2016/12/06 7.67 7.67 7.65 7.65 
2016/12/07 7.65 7.65 7.65 7.65 
2016/12/08 7.68 8.00 7.65 7.89 
2016/12/09 7.79 7.90 7.79 7.88 
2016/12/12 7.89 7.89 7.80 7.80 
2016/12/13 7.81 7.83 7.71 7.82 
2016/12/14 7.83 7.84 7.82 7.84 
2016/12/15 7.84 7.85 7.84 7.85 
2016/12/16 7.90 8.02 7.90 7.93 
2016/12/19 7.90 7.90 7.89 7.89 
2016/12/20 7.95 7.95 7.88 7.88 
2016/12/21 7.97 7.97 7.82 7.82 
2016/12/22 7.88 7.90 7.82 7.82 
2016/12/23 7.82 7.96 7.82 7.92 
2016/12/26 7.88 7.88 7.82 7.82 
2016/12/27 7.77 7.80 7.77 7.79 
2016/12/28 7.79 7.81 7.79 7.81 
2017/01/03 8.02 8.02 7.89 7.89 
2017/01/04 7.85 7.90 7.82 7.82 
2017/01/05 7.80 7.90 7.80 7.82 
2017/01/06 7.82 7.92 7.82 7.91 
2017/01/09 7.93 7.93 7.84 7.90 
2017/01/11 7.86 7.90 7.86 7.90 
2017/01/12 7.90 7.99 7.83 7.94 
2017/01/13 7.91 7.91 7.90 7.90 
2017/01/16 7.90 7.92 7.89 7.89 
2017/01/17 7.86 7.95 7.85 7.86 
2017/01/18 7.84 7.96 7.83 7.96 
2017/01/19 7.89 7.99 7.89 7.97 
2017/01/20 7.93 7.96 7.91 7.96 
2017/01/23 7.93 7.98 7.91 7.98 
2017/01/24 7.92 8.05 7.92 8.02 
2017/02/02 8.08 8.12 8.00 8.03 
2017/02/03 8.03 8.10 8.01 8.10 
2017/02/06 8.13 8.60 8.13 8.51 
2017/02/07 8.52 8.60 8.41 8.41 
2017/02/08 8.49 8.55 8.37 8.55 
