2016/07/01 15.70 15.70 15.20 15.20 
2016/07/04 15.85 15.85 15.10 15.10 
2016/07/05 15.30 15.30 15.10 15.10 
2016/07/06 15.05 15.15 14.90 15.00 
2016/07/07 15.50 15.60 15.00 15.05 
2016/07/11 15.00 15.00 14.45 14.45 
2016/07/12 14.85 14.85 14.25 14.25 
2016/07/13 14.25 15.45 14.25 15.45 
2016/07/14 15.50 15.90 15.45 15.60 
2016/07/15 15.55 15.90 15.05 15.05 
2016/07/18 15.05 15.05 14.50 14.50 
2016/07/19 14.55 15.95 14.55 15.05 
2016/07/20 14.80 14.95 14.00 14.95 
2016/07/21 14.95 15.00 14.50 14.60 
2016/07/22 14.60 14.60 14.60 14.60 
2016/07/25 14.80 15.10 14.50 14.60 
2016/07/26 14.10 14.50 14.05 14.50 
2016/07/27 14.20 14.35 14.20 14.25 
2016/07/28 14.25 14.35 14.20 14.35 
2016/07/29 14.60 14.90 14.25 14.25 
2016/08/01 14.25 14.25 14.05 14.05 
2016/08/02 14.10 14.20 14.05 14.20 
2016/08/03 14.20 15.60 14.20 15.60 
2016/08/04 15.40 17.15 15.35 17.00 
2016/08/05 17.00 17.00 16.30 16.45 
2016/08/08 16.45 16.45 16.00 16.15 
2016/08/09 15.60 16.30 15.60 16.05 
2016/08/10 15.90 16.05 15.50 16.00 
2016/08/11 15.55 16.30 15.55 15.90 
2016/08/12 15.55 15.95 15.55 15.85 
2016/08/15 15.55 15.70 15.50 15.70 
2016/08/16 14.70 15.50 14.70 14.70 
2016/08/17 14.35 15.00 14.35 15.00 
2016/08/18 14.60 14.90 14.60 14.90 
2016/08/19 14.90 15.00 14.60 14.60 
2016/08/22 14.55 15.20 14.50 15.20 
2016/08/23 15.20 15.20 14.75 14.75 
2016/08/24 14.85 14.85 14.85 14.85 
2016/08/25 14.80 14.80 14.50 14.50 
2016/08/26 14.60 14.60 14.30 14.50 
2016/08/29 14.40 14.40 14.15 14.20 
2016/08/30 14.10 14.30 14.00 14.00 
2016/08/31 14.00 14.05 13.85 13.90 
2016/09/01 13.80 13.80 13.80 13.80 
2016/09/02 13.55 13.55 13.05 13.35 
2016/09/05 13.35 13.35 13.15 13.20 
2016/09/06 13.20 13.70 13.20 13.20 
2016/09/07 13.20 13.45 13.20 13.45 
2016/09/08 13.45 13.55 13.45 13.55 
2016/09/09 13.25 13.55 13.25 13.55 
2016/09/10 13.80 13.80 13.55 13.75 
2016/09/12 13.80 13.95 13.80 13.90 
2016/09/13 14.00 14.00 13.70 13.70 
2016/09/14 13.70 13.80 13.25 13.70 
2016/09/19 13.50 13.60 13.40 13.40 
2016/09/20 13.40 13.40 12.80 13.10 
2016/09/21 13.00 13.10 12.85 13.00 
2016/09/22 13.00 13.40 12.70 13.40 
2016/09/23 13.40 13.80 13.40 13.70 
2016/09/26 13.85 14.20 13.80 14.10 
2016/09/29 14.15 14.50 14.10 14.50 
2016/09/30 14.30 14.85 14.20 14.65 
2016/10/03 14.20 14.80 14.10 14.80 
2016/10/04 14.75 15.05 14.75 15.05 
2016/10/05 15.05 16.25 15.00 15.50 
2016/10/06 15.90 16.20 15.65 15.80 
2016/10/07 15.85 15.90 15.80 15.80 
2016/10/11 15.60 15.60 15.00 15.20 
2016/10/12 15.55 15.90 15.35 15.35 
2016/10/13 15.65 15.65 14.95 15.65 
2016/10/14 15.60 15.95 15.40 15.40 
2016/10/17 15.15 15.70 15.15 15.25 
2016/10/18 15.60 15.60 15.30 15.50 
2016/10/19 15.90 15.90 15.45 15.70 
2016/10/20 15.60 15.60 15.35 15.40 
2016/10/21 15.60 15.65 15.25 15.25 
2016/10/24 15.10 15.35 14.80 15.35 
2016/10/25 15.35 15.35 15.00 15.30 
2016/10/26 15.45 15.45 15.40 15.45 
2016/10/27 15.45 15.45 15.20 15.20 
2016/10/28 15.25 15.50 15.20 15.50 
2016/10/31 15.50 15.50 15.20 15.45 
2016/11/01 15.50 15.55 15.35 15.50 
2016/11/02 15.20 15.20 15.15 15.15 
2016/11/03 15.00 15.30 14.95 15.30 
2016/11/04 15.45 15.50 15.45 15.50 
2016/11/07 15.60 15.60 15.25 15.30 
2016/11/08 15.20 15.30 15.20 15.30 
2016/11/09 15.30 15.30 15.00 15.20 
2016/11/10 15.15 15.35 15.10 15.10 
2016/11/11 15.10 15.15 15.00 15.15 
2016/11/14 15.00 15.00 14.90 14.90 
2016/11/15 14.80 14.80 14.70 14.70 
2016/11/16 14.70 14.75 14.40 14.75 
2016/11/17 14.70 14.70 14.70 14.70 
2016/11/18 14.70 14.70 14.65 14.70 
2016/11/21 13.65 14.00 13.65 13.90 
2016/11/22 14.05 14.15 14.05 14.10 
2016/11/23 14.25 14.25 14.15 14.25 
2016/11/24 14.20 14.25 14.20 14.25 
2016/11/25 14.05 14.25 13.90 13.90 
2016/11/28 13.75 14.50 13.75 14.45 
2016/11/29 14.70 14.75 14.40 14.75 
2016/11/30 14.80 15.35 14.80 15.35 
2016/12/01 15.35 15.35 15.35 15.35 
2016/12/02 15.45 15.45 15.05 15.05 
2016/12/05 15.15 15.20 15.00 15.00 
2016/12/06 14.80 15.00 14.80 14.90 
2016/12/07 15.00 15.40 15.00 15.40 
2016/12/08 15.55 16.70 15.40 15.80 
2016/12/09 15.95 16.20 15.50 15.50 
2016/12/12 15.50 16.40 15.30 16.00 
2016/12/13 15.75 15.90 15.45 15.45 
2016/12/14 15.50 15.80 15.50 15.65 
2016/12/15 15.85 15.85 15.25 15.65 
2016/12/16 15.85 16.00 15.40 16.00 
2016/12/19 16.00 16.05 15.50 15.95 
2016/12/20 15.90 16.10 15.60 16.00 
2016/12/21 16.00 16.50 16.00 16.50 
2016/12/22 16.80 18.15 16.80 18.15 
2016/12/23 18.80 19.95 18.80 19.95 
2016/12/26 20.50 21.90 20.50 21.90 
2016/12/27 21.90 22.15 20.10 20.40 
2016/12/28 20.40 20.90 19.75 20.90 
2016/12/29 21.40 21.40 20.00 20.00 
2016/12/30 19.40 20.00 19.30 19.35 
2017/01/03 19.15 19.70 19.15 19.70 
2017/01/04 19.40 19.60 19.20 19.60 
2017/01/05 19.30 19.55 19.30 19.55 
2017/01/06 19.80 20.15 19.80 20.05 
2017/01/09 20.20 20.20 19.60 19.60 
2017/01/10 20.00 20.00 19.65 19.80 
2017/01/11 20.10 20.15 19.25 19.70 
2017/01/12 19.60 19.65 19.25 19.60 
2017/01/13 19.55 20.00 19.50 20.00 
2017/01/16 20.00 20.00 19.70 20.00 
2017/01/17 19.50 19.95 19.15 19.45 
2017/01/18 19.45 19.80 19.45 19.80 
2017/01/19 19.70 19.90 19.50 19.90 
2017/01/20 19.95 21.20 19.95 20.10 
2017/01/23 19.75 20.50 19.50 20.45 
2017/01/24 20.90 22.45 20.55 22.45 
2017/02/02 24.60 24.60 22.30 22.90 
2017/02/03 22.90 23.35 22.60 23.10 
2017/02/06 23.30 24.50 23.00 24.30 
2017/02/07 25.00 25.60 24.00 24.85 
2017/02/08 25.60 25.60 24.40 24.90 
