2016/07/01 15.40 15.50 15.35 15.45 
2016/07/04 15.45 15.45 15.40 15.45 
2016/07/05 15.50 15.50 15.40 15.45 
2016/07/06 15.45 15.45 15.30 15.35 
2016/07/07 15.40 15.75 15.40 15.70 
2016/07/11 15.85 16.35 15.80 16.15 
2016/07/12 16.20 16.20 15.55 15.75 
2016/07/13 15.80 15.80 15.65 15.80 
2016/07/14 16.00 16.05 15.80 16.00 
2016/07/15 16.10 16.15 15.90 15.95 
2016/07/18 16.15 16.30 16.05 16.25 
2016/07/19 16.30 16.35 16.20 16.30 
2016/07/20 16.30 16.30 16.15 16.20 
2016/07/21 16.20 16.50 16.20 16.25 
2016/07/22 16.20 16.20 16.00 16.15 
2016/07/25 16.20 16.20 16.00 16.00 
2016/07/26 16.00 16.10 15.90 16.00 
2016/07/27 16.10 16.30 16.00 16.00 
2016/07/28 16.00 16.25 16.00 16.10 
2016/07/29 16.10 16.20 16.10 16.10 
2016/08/01 16.30 17.70 16.30 17.40 
2016/08/02 17.35 17.40 17.10 17.40 
2016/08/03 17.20 17.55 17.05 17.20 
2016/08/04 17.30 17.55 17.20 17.20 
2016/08/05 17.30 17.95 17.30 17.90 
2016/08/08 18.30 18.70 18.00 18.40 
2016/08/09 18.50 18.55 18.00 18.20 
2016/08/10 18.35 18.50 18.05 18.45 
2016/08/11 18.90 18.90 18.15 18.35 
2016/08/12 18.50 18.95 18.50 18.85 
2016/08/15 19.15 19.20 18.85 18.90 
2016/08/16 19.00 19.25 18.85 18.85 
2016/08/17 18.85 19.15 18.60 18.60 
2016/08/18 18.75 18.85 18.00 18.25 
2016/08/19 18.35 18.70 18.15 18.40 
2016/08/22 18.55 19.30 18.50 19.05 
2016/08/23 19.15 19.20 18.70 18.70 
2016/08/24 18.85 19.65 18.80 19.55 
2016/08/25 19.55 19.65 19.20 19.40 
2016/08/26 19.50 19.85 19.45 19.45 
2016/08/29 19.50 19.50 19.20 19.35 
2016/08/30 19.35 19.50 19.15 19.15 
2016/08/31 19.25 19.25 18.90 19.05 
2016/09/01 19.05 19.10 18.85 18.90 
2016/09/02 18.90 19.05 18.70 18.70 
2016/09/05 18.90 19.20 18.90 19.05 
2016/09/06 19.20 19.25 19.00 19.15 
2016/09/07 19.20 19.60 19.10 19.40 
2016/09/08 19.45 19.55 19.30 19.30 
2016/09/09 19.40 19.40 19.05 19.20 
2016/09/10 19.45 19.85 19.30 19.30 
2016/09/12 19.50 19.60 19.40 19.55 
2016/09/13 19.75 19.80 19.10 19.20 
2016/09/14 19.20 19.20 18.90 19.15 
2016/09/19 19.20 19.50 19.15 19.25 
2016/09/20 19.25 19.55 19.25 19.45 
2016/09/21 19.35 19.65 19.25 19.40 
2016/09/22 19.50 19.50 19.30 19.35 
2016/09/23 19.40 19.55 19.40 19.50 
2016/09/26 19.50 20.55 19.50 20.35 
2016/09/29 20.70 22.20 20.65 21.90 
2016/09/30 22.10 22.50 21.55 21.90 
2016/10/03 22.05 22.15 21.35 21.80 
2016/10/04 22.00 22.90 22.00 22.20 
2016/10/05 22.45 22.80 22.35 22.40 
2016/10/06 22.40 22.40 21.40 21.90 
2016/10/07 21.95 21.95 21.30 21.50 
2016/10/11 21.80 21.90 20.30 20.95 
2016/10/12 20.55 21.15 20.40 20.95 
2016/10/13 21.05 21.25 20.95 21.05 
2016/10/14 21.05 21.05 20.45 20.65 
2016/10/17 20.75 22.70 20.70 21.60 
2016/10/18 21.95 23.00 21.30 21.30 
2016/10/19 21.30 21.60 21.05 21.50 
2016/10/20 21.70 22.55 21.70 22.20 
2016/10/21 22.20 22.50 21.75 22.30 
2016/10/24 22.45 22.45 22.20 22.30 
2016/10/25 22.45 22.65 22.25 22.65 
2016/10/26 23.05 23.60 22.65 22.65 
2016/10/27 22.35 22.70 21.80 22.10 
2016/10/28 22.00 22.40 21.85 22.20 
2016/10/31 22.00 22.50 21.90 22.35 
2016/11/01 22.55 23.10 22.40 22.40 
2016/11/02 22.30 22.60 21.70 21.95 
2016/11/03 21.80 22.20 21.80 22.00 
2016/11/04 22.00 22.20 21.80 21.80 
2016/11/07 22.10 22.10 21.70 22.10 
2016/11/08 22.45 22.45 21.80 22.00 
2016/11/09 22.00 22.05 20.95 20.95 
2016/11/10 21.45 22.40 21.45 22.25 
2016/11/11 21.90 22.25 21.70 22.00 
2016/11/14 22.00 22.20 21.75 22.15 
2016/11/15 23.15 23.40 22.75 22.85 
2016/11/16 23.10 23.45 22.90 23.00 
2016/11/17 23.25 24.75 23.05 24.75 
2016/11/18 24.75 24.80 24.25 24.45 
2016/11/21 24.60 25.10 24.20 24.25 
2016/11/22 24.40 24.65 24.20 24.20 
2016/11/23 24.45 24.45 23.50 23.75 
2016/11/24 23.60 23.95 23.55 23.60 
2016/11/25 23.75 24.15 23.70 23.80 
2016/11/28 23.80 24.70 23.80 24.70 
2016/11/29 24.80 25.40 24.60 24.60 
2016/11/30 24.85 25.00 24.50 25.00 
2016/12/01 25.15 25.70 25.10 25.15 
2016/12/02 25.10 25.35 24.80 24.80 
2016/12/05 24.95 25.50 24.60 25.30 
2016/12/06 25.45 25.70 25.15 25.70 
2016/12/07 25.95 26.00 25.35 25.35 
2016/12/08 25.60 25.70 25.25 25.25 
2016/12/09 25.50 25.85 25.40 25.70 
2016/12/12 26.00 26.45 25.80 25.80 
2016/12/13 25.95 26.75 25.90 26.60 
2016/12/14 27.00 27.70 26.65 26.90 
2016/12/15 26.75 27.80 26.75 27.70 
2016/12/16 27.70 27.90 27.25 27.40 
2016/12/19 27.40 27.75 27.20 27.20 
2016/12/20 27.20 27.50 26.65 26.90 
2016/12/21 27.20 27.40 27.00 27.35 
2016/12/22 27.50 27.60 26.30 26.50 
2016/12/23 26.30 26.90 26.30 26.55 
2016/12/26 26.65 26.95 26.60 26.70 
2016/12/27 26.70 26.95 26.50 26.50 
2016/12/28 26.85 26.90 26.30 26.75 
2016/12/29 26.75 27.75 26.75 27.25 
2016/12/30 27.50 27.55 27.20 27.35 
2017/01/03 27.40 28.70 27.40 28.20 
2017/01/04 28.30 28.40 28.05 28.10 
2017/01/05 28.20 28.70 28.20 28.55 
2017/01/06 28.70 28.75 28.35 28.50 
2017/01/09 28.70 28.70 27.70 28.00 
2017/01/10 28.10 28.45 28.00 28.40 
2017/01/11 28.05 28.10 27.00 27.50 
2017/01/12 27.55 27.80 26.95 27.15 
2017/01/13 27.10 27.10 26.10 26.40 
2017/01/16 26.40 27.10 26.40 26.85 
2017/01/17 26.90 27.10 26.80 27.00 
2017/01/18 27.00 27.45 26.95 27.40 
2017/01/19 27.50 28.15 27.35 28.00 
2017/01/20 27.55 28.00 27.55 27.70 
2017/01/23 27.90 27.90 27.20 27.20 
2017/01/24 27.30 27.45 27.10 27.10 
2017/02/02 27.35 27.80 27.20 27.70 
2017/02/03 27.75 28.10 27.75 27.80 
2017/02/06 28.00 28.05 27.70 27.75 
2017/02/07 27.70 27.70 27.35 27.50 
2017/02/08 27.50 27.85 27.25 27.85 
