2016/07/01 96.10 97.20 93.30 93.50 
2016/07/04 93.50 94.50 91.80 91.80 
2016/07/05 92.60 94.00 91.60 91.70 
2016/07/06 91.50 91.80 89.20 89.50 
2016/07/07 90.30 91.10 88.60 88.60 
2016/07/11 91.00 91.70 89.50 89.90 
2016/07/12 94.50 98.80 94.10 98.80 
2016/07/13 99.00 101.00 95.90 95.90 
2016/07/14 94.60 95.70 92.70 92.70 
2016/07/15 93.80 95.00 93.10 93.30 
2016/07/18 94.50 94.50 92.80 93.50 
2016/07/19 93.70 96.30 93.70 94.10 
2016/07/20 94.80 94.90 92.10 92.50 
2016/07/21 93.90 94.40 92.50 92.60 
2016/07/22 93.80 93.80 92.00 92.30 
2016/07/25 93.50 96.60 92.20 92.30 
2016/07/26 93.50 93.50 91.00 93.00 
2016/07/27 93.50 93.80 91.60 91.70 
2016/07/28 92.30 92.30 91.10 91.10 
2016/07/29 91.40 93.80 91.40 91.70 
2016/08/01 92.90 97.70 92.10 95.70 
2016/08/02 99.00 99.80 95.80 95.80 
2016/08/03 95.80 98.00 95.30 96.60 
2016/08/04 97.50 97.90 95.80 96.30 
2016/08/05 96.90 102.00 96.60 99.30 
2016/08/08 102.50 105.00 99.50 99.50 
2016/08/09 99.50 99.90 93.30 93.30 
2016/08/10 94.20 95.40 92.70 93.10 
2016/08/11 90.00 91.10 88.90 90.50 
2016/08/12 92.80 92.80 90.60 90.60 
2016/08/15 91.00 91.20 89.80 90.50 
2016/08/16 90.20 91.60 90.20 90.60 
2016/08/17 91.00 91.00 87.20 89.10 
2016/08/18 89.10 91.70 88.60 90.70 
2016/08/19 90.90 91.60 90.20 90.20 
2016/08/22 90.20 92.70 89.60 92.20 
2016/08/23 92.30 95.30 92.30 94.00 
2016/08/24 95.00 95.20 93.20 94.20 
2016/08/25 94.80 97.50 94.50 97.00 
2016/08/26 96.40 99.70 96.40 97.30 
2016/08/29 96.70 98.80 96.20 98.10 
2016/08/30 98.10 99.80 97.80 98.70 
2016/08/31 98.30 99.50 97.90 99.30 
2016/09/01 99.30 103.00 99.30 99.50 
2016/09/02 98.20 99.70 96.50 97.80 
2016/09/05 98.90 101.50 98.90 101.50 
2016/09/06 102.00 102.50 100.50 102.50 
2016/09/07 102.50 108.00 101.50 108.00 
2016/09/08 110.00 111.00 107.00 108.50 
2016/09/09 108.00 112.00 106.50 112.00 
2016/09/10 110.00 112.00 107.00 109.00 
2016/09/12 106.00 108.50 105.50 108.00 
2016/09/13 110.00 111.00 107.00 110.00 
2016/09/14 108.50 111.50 108.50 111.50 
2016/09/19 113.00 116.00 112.00 116.00 
2016/09/20 117.00 122.00 115.00 120.50 
2016/09/21 121.50 122.00 118.00 121.50 
2016/09/22 122.00 122.00 120.50 121.00 
2016/09/23 121.00 123.00 119.50 123.00 
2016/09/26 123.00 123.50 121.50 122.00 
2016/09/29 123.00 126.00 123.00 126.00 
2016/09/30 126.50 127.50 124.50 125.00 
2016/10/03 125.00 126.00 124.00 125.00 
2016/10/04 125.00 126.00 125.00 126.00 
2016/10/05 126.00 130.50 125.50 127.00 
2016/10/06 127.00 127.00 126.00 126.50 
2016/10/07 126.50 126.50 121.50 126.00 
2016/10/11 126.00 126.50 120.00 122.50 
2016/10/12 120.50 124.00 117.50 123.50 
2016/10/13 123.50 125.00 122.00 123.50 
2016/10/14 124.00 124.00 119.00 120.00 
2016/10/17 122.50 125.00 121.00 125.00 
2016/10/18 125.00 126.00 123.50 124.00 
2016/10/19 124.50 126.50 123.00 124.00 
2016/10/20 125.00 127.00 123.00 124.00 
2016/10/21 124.00 125.00 124.00 124.00 
2016/10/24 124.00 125.50 121.50 125.00 
2016/10/25 125.00 126.00 123.50 125.00 
2016/10/26 125.00 125.50 123.50 125.00 
2016/10/27 128.50 137.50 127.50 137.50 
2016/10/28 137.50 138.00 124.00 124.00 
2016/10/31 125.00 125.00 121.50 123.00 
2016/11/01 123.00 123.00 121.50 122.50 
2016/11/02 121.50 122.00 117.50 117.50 
2016/11/03 117.00 119.00 107.50 113.50 
2016/11/04 113.50 115.50 111.00 113.00 
2016/11/07 113.50 115.00 111.00 112.00 
2016/11/08 113.00 114.00 111.00 114.00 
2016/11/09 114.50 114.50 108.00 110.50 
2016/11/10 115.00 116.50 113.00 114.00 
2016/11/11 111.00 113.00 109.00 112.00 
2016/11/14 112.50 112.50 110.00 112.50 
2016/11/15 112.00 113.00 111.50 113.00 
2016/11/16 113.50 114.00 112.50 112.50 
2016/11/17 113.50 120.50 113.50 118.50 
2016/11/18 119.00 119.00 117.50 118.50 
2016/11/21 118.50 122.00 118.00 120.50 
2016/11/22 124.00 125.50 119.50 119.50 
2016/11/23 120.00 120.50 118.00 119.00 
2016/11/24 118.50 119.00 118.50 119.00 
2016/11/25 120.00 121.50 118.50 118.50 
2016/11/28 119.50 120.00 118.00 119.00 
2016/11/29 120.00 120.00 119.00 119.50 
2016/11/30 119.50 119.50 118.50 119.50 
2016/12/01 120.00 120.00 118.50 119.50 
2016/12/02 119.50 121.50 118.00 121.00 
2016/12/05 123.00 127.50 122.50 122.50 
2016/12/06 122.50 122.50 119.00 121.00 
2016/12/07 121.00 122.00 119.00 119.50 
2016/12/08 120.00 120.00 118.00 118.50 
2016/12/09 120.00 120.00 117.00 118.00 
2016/12/12 118.00 119.00 117.00 118.50 
2016/12/13 119.50 121.50 115.50 116.00 
2016/12/14 117.00 117.00 116.00 116.50 
2016/12/15 117.00 118.00 115.50 117.50 
2016/12/16 117.50 120.50 116.00 118.50 
2016/12/19 119.00 120.50 116.00 116.00 
2016/12/20 116.00 116.50 111.50 115.00 
2016/12/21 113.50 115.00 113.50 115.00 
2016/12/22 115.00 115.00 113.00 114.50 
2016/12/23 113.00 115.00 112.00 114.00 
2016/12/26 113.00 114.50 113.00 114.50 
2016/12/27 115.00 118.00 112.00 115.50 
2016/12/28 115.00 116.00 113.00 115.00 
2016/12/29 117.00 117.00 113.00 116.50 
2016/12/30 115.00 115.50 115.00 115.50 
2017/01/03 116.50 116.50 113.00 113.50 
2017/01/04 113.50 114.50 113.00 114.50 
2017/01/05 114.00 114.50 113.50 114.50 
2017/01/06 114.50 114.50 113.00 114.50 
2017/01/09 116.00 117.00 113.50 114.50 
2017/01/10 114.00 114.50 113.00 114.50 
2017/01/11 113.50 114.50 113.00 114.50 
2017/01/12 114.50 115.00 114.00 115.00 
2017/01/13 117.00 117.00 115.00 115.50 
2017/01/16 116.00 116.00 114.50 114.50 
2017/01/17 116.00 116.00 114.50 114.50 
2017/01/18 116.00 116.50 114.50 115.00 
2017/01/19 116.00 116.50 115.00 115.00 
2017/01/20 116.00 117.00 114.50 115.50 
2017/01/23 115.50 115.50 114.00 114.00 
2017/01/24 115.00 115.00 113.50 114.00 
2017/02/02 113.00 114.00 113.00 113.00 
2017/02/03 113.00 115.50 113.00 115.50 
2017/02/06 113.50 115.00 113.50 114.50 
2017/02/07 113.50 114.50 113.00 114.00 
2017/02/08 114.00 122.00 114.00 116.50 
