2016/07/01 44.50 45.25 44.10 45.25 
2016/07/04 45.60 45.80 44.50 45.50 
2016/07/07 45.40 45.50 45.30 45.30 
2016/07/12 49.80 49.80 48.00 49.80 
2016/07/13 51.90 53.60 50.30 50.80 
2016/07/14 50.80 50.90 49.40 49.40 
2016/07/15 50.20 51.50 50.20 51.10 
2016/07/18 51.50 52.50 51.10 51.10 
2016/07/19 52.00 52.50 51.10 51.10 
2016/07/20 51.10 52.00 51.10 51.50 
2016/07/21 52.00 52.00 50.90 51.20 
2016/07/22 51.70 52.20 51.40 51.40 
2016/07/25 54.00 54.00 51.80 52.00 
2016/07/26 52.00 52.30 52.00 52.30 
2016/07/27 53.00 53.40 52.50 52.80 
2016/07/28 52.80 53.60 52.80 53.50 
2016/07/29 53.70 57.60 53.60 57.20 
2016/08/01 58.00 59.00 55.30 56.40 
2016/08/02 56.10 57.10 55.30 55.60 
2016/08/03 55.40 55.40 53.60 53.70 
2016/08/04 46.90 48.40 46.90 47.80 
2016/08/05 47.80 47.80 47.00 47.35 
2016/08/08 47.40 47.40 45.75 45.75 
2016/08/09 45.30 45.70 45.00 45.00 
2016/08/10 43.70 47.60 43.50 47.60 
2016/08/11 48.25 48.25 46.05 46.05 
2016/08/12 46.60 46.60 45.20 45.20 
2016/08/15 46.25 46.25 45.20 45.40 
2016/08/16 45.40 45.50 44.90 44.90 
2016/08/17 45.60 45.60 44.85 45.00 
2016/08/18 45.00 45.60 44.75 45.60 
2016/08/19 45.80 46.80 45.00 45.00 
2016/08/22 45.50 45.60 45.05 45.50 
2016/08/23 45.70 46.25 45.50 45.70 
2016/08/24 45.80 45.80 44.80 45.20 
2016/08/25 45.20 45.20 44.70 44.70 
2016/08/26 45.20 45.75 44.45 44.45 
2016/08/29 44.35 45.15 44.35 45.15 
2016/08/30 45.50 46.30 45.50 45.90 
2016/08/31 45.40 46.10 45.40 46.10 
2016/09/01 46.30 46.30 45.60 45.60 
2016/09/02 45.95 45.95 44.90 45.00 
2016/09/05 44.90 45.00 44.50 44.55 
2016/09/06 44.50 44.55 44.25 44.25 
2016/09/07 44.50 44.95 44.30 44.95 
2016/09/08 44.90 44.90 44.30 44.30 
2016/09/09 44.30 44.60 44.30 44.50 
2016/09/10 44.50 45.00 44.40 44.40 
2016/09/12 48.80 48.80 47.80 48.80 
2016/09/13 49.70 52.60 49.60 49.60 
2016/09/14 49.60 49.75 48.20 48.35 
2016/09/19 48.60 48.75 48.00 48.30 
2016/09/20 48.40 48.50 47.10 47.60 
2016/09/21 47.95 50.10 47.95 49.45 
2016/09/22 49.60 49.60 48.70 49.00 
2016/09/23 48.50 48.50 48.15 48.30 
2016/09/26 48.10 49.90 48.10 48.80 
2016/09/29 49.40 49.40 48.80 48.80 
2016/09/30 48.00 48.80 47.80 48.30 
2016/10/03 48.50 50.00 48.30 48.50 
2016/10/04 48.55 49.35 48.30 49.20 
2016/10/05 49.45 49.50 49.00 49.20 
2016/10/06 49.40 49.70 49.20 49.70 
2016/10/07 49.70 49.70 49.30 49.35 
2016/10/11 49.80 50.50 48.00 48.10 
2016/10/12 51.20 52.80 50.10 50.30 
2016/10/13 51.80 52.00 50.50 51.20 
2016/10/14 51.90 56.30 51.70 56.30 
2016/10/17 60.00 61.90 59.40 61.90 
2016/10/18 64.00 64.10 58.20 60.10 
2016/10/19 60.10 62.00 59.20 59.20 
2016/10/20 60.50 65.10 60.30 65.10 
2016/10/21 67.00 71.30 65.70 67.10 
2016/10/24 68.60 70.80 67.50 67.50 
2016/10/25 60.80 61.70 60.80 60.80 
2016/10/26 58.00 59.50 56.30 56.90 
2016/10/27 57.90 59.00 56.90 56.90 
2016/10/28 56.50 57.30 51.50 53.30 
2016/10/31 53.50 54.50 51.60 51.80 
2016/11/01 51.80 52.60 50.50 51.90 
2016/11/02 51.20 52.00 48.20 48.60 
2016/11/03 48.60 49.70 48.50 49.10 
2016/11/04 48.80 49.70 48.80 49.00 
2016/11/07 49.60 52.00 49.50 51.40 
2016/11/08 52.00 52.00 50.50 50.80 
2016/11/09 51.80 51.80 48.70 49.50 
2016/11/10 51.00 52.40 49.90 51.30 
2016/11/11 51.60 55.60 51.60 53.40 
2016/11/14 52.70 53.20 51.60 52.00 
2016/11/15 52.90 52.90 51.50 51.60 
2016/11/16 51.80 52.70 51.70 51.70 
2016/11/17 51.70 52.20 51.20 51.50 
2016/11/18 51.60 51.70 51.00 51.10 
2016/11/21 52.20 56.20 51.90 56.20 
2016/11/22 58.00 58.50 55.30 55.70 
2016/11/23 56.00 57.00 55.00 55.00 
2016/11/24 56.50 59.00 55.50 56.40 
2016/11/25 56.60 57.30 55.20 56.50 
2016/11/28 56.80 57.50 56.10 56.10 
2016/11/29 56.80 56.80 54.60 54.70 
2016/11/30 55.80 57.40 55.30 56.80 
2016/12/01 57.90 58.00 55.90 57.00 
2016/12/02 56.40 57.40 55.70 55.80 
2016/12/05 56.00 56.00 54.40 55.30 
2016/12/06 55.40 56.80 55.40 55.70 
2016/12/07 56.60 58.50 56.00 57.70 
2016/12/08 58.40 59.40 57.70 57.90 
2016/12/09 58.30 58.80 57.50 57.90 
2016/12/12 61.50 63.00 59.30 59.30 
2016/12/13 59.40 59.90 58.60 58.80 
2016/12/14 59.70 59.70 58.40 58.40 
2016/12/15 58.50 58.50 57.10 57.80 
2016/12/16 58.30 59.40 58.00 59.00 
2016/12/19 59.00 59.30 57.40 57.60 
2016/12/20 58.00 58.40 57.60 57.60 
2016/12/21 57.80 57.90 57.30 57.40 
2016/12/22 57.50 57.50 55.20 56.00 
2016/12/23 55.90 56.40 55.40 55.60 
2016/12/26 55.60 56.20 55.30 55.30 
2016/12/27 55.60 56.20 55.50 55.60 
2016/12/28 55.80 56.80 55.80 56.60 
2016/12/29 56.70 57.30 56.70 57.20 
2016/12/30 57.80 57.80 56.70 57.10 
2017/01/03 57.00 57.00 55.60 55.70 
2017/01/04 57.00 57.00 56.00 56.30 
2017/01/05 56.50 56.50 56.10 56.30 
2017/01/06 56.80 58.90 56.40 57.90 
2017/01/09 58.30 58.60 57.20 58.50 
2017/01/10 58.50 59.20 58.00 59.10 
2017/01/11 57.10 58.30 57.00 57.40 
2017/01/12 57.80 57.90 57.30 57.30 
2017/01/13 57.20 57.20 55.20 55.50 
2017/01/16 56.00 56.00 54.70 54.80 
2017/01/17 54.80 55.20 54.10 54.60 
2017/01/18 54.40 55.40 54.40 55.10 
2017/01/19 54.80 55.00 54.80 54.90 
2017/01/20 54.80 54.90 54.50 54.60 
2017/01/23 55.70 55.70 54.80 55.30 
2017/01/24 55.30 55.30 54.50 54.50 
2017/02/02 54.50 54.50 52.00 54.00 
2017/02/03 54.00 54.00 52.80 53.30 
2017/02/06 54.50 55.40 53.70 55.30 
2017/02/07 55.80 57.00 54.90 55.00 
2017/02/08 55.20 55.20 54.20 55.00 
