2016/07/01 41.80 41.85 41.60 41.70 
2016/07/04 41.80 41.85 41.65 41.80 
2016/07/05 41.80 41.85 41.65 41.70 
2016/07/06 41.70 41.70 41.10 41.10 
2016/07/07 41.25 41.60 41.25 41.50 
2016/07/11 41.60 41.70 41.20 41.35 
2016/07/12 41.50 41.75 41.35 41.50 
2016/07/13 41.50 41.60 41.40 41.50 
2016/07/14 41.50 41.70 41.35 41.65 
2016/07/15 41.70 41.70 41.50 41.60 
2016/07/18 41.65 42.00 41.65 42.00 
2016/07/19 42.00 42.10 41.65 41.70 
2016/07/20 41.75 41.80 41.60 41.80 
2016/07/21 39.00 39.85 39.00 39.50 
2016/07/22 39.90 39.90 38.80 38.90 
2016/07/25 38.90 39.00 38.70 38.95 
2016/07/26 39.00 39.50 38.95 39.20 
2016/07/27 39.20 39.20 38.60 38.65 
2016/07/28 38.65 38.70 38.20 38.70 
2016/07/29 38.70 39.15 38.60 39.05 
2016/08/01 39.05 39.35 39.05 39.15 
2016/08/02 39.20 39.30 39.15 39.30 
2016/08/03 39.30 39.30 39.05 39.30 
2016/08/04 39.30 39.50 39.15 39.15 
2016/08/05 39.15 39.20 38.85 38.90 
2016/08/08 38.90 38.90 38.50 38.70 
2016/08/09 38.70 39.00 38.55 39.00 
2016/08/10 38.80 39.30 38.80 38.95 
2016/08/11 39.30 39.50 39.05 39.10 
2016/08/12 39.10 39.40 39.10 39.30 
2016/08/15 39.50 39.50 39.35 39.40 
2016/08/16 39.40 40.10 39.40 40.00 
2016/08/17 40.10 40.20 39.90 40.20 
2016/08/18 40.25 40.50 40.15 40.50 
2016/08/19 40.50 40.90 40.35 40.40 
2016/08/22 40.20 40.60 40.05 40.15 
2016/08/23 40.15 40.15 39.90 39.95 
2016/08/24 39.95 40.10 39.95 39.95 
2016/08/25 40.00 41.00 39.95 40.95 
2016/08/26 40.95 41.00 40.75 41.00 
2016/08/29 42.05 43.10 42.05 42.75 
2016/08/30 43.00 43.20 42.90 42.95 
2016/08/31 42.90 42.90 42.10 42.60 
2016/09/01 42.60 42.60 42.10 42.50 
2016/09/02 42.50 42.50 41.70 41.80 
2016/09/05 41.90 42.40 41.90 42.15 
2016/09/06 42.15 42.55 41.95 42.45 
2016/09/07 42.60 43.05 42.60 42.85 
2016/09/08 43.00 43.05 42.85 43.00 
2016/09/09 43.10 43.10 42.55 42.90 
2016/09/10 42.60 42.90 42.40 42.85 
2016/09/12 42.70 42.80 42.35 42.65 
2016/09/13 42.35 42.65 41.45 42.00 
2016/09/14 41.40 41.95 40.80 41.30 
2016/09/19 41.80 41.85 41.50 41.80 
2016/09/20 42.20 42.35 41.60 42.00 
2016/09/21 42.05 42.40 42.05 42.40 
2016/09/22 42.60 42.60 42.20 42.40 
2016/09/23 42.50 42.50 42.20 42.40 
2016/09/26 42.30 42.50 42.30 42.30 
2016/09/29 42.50 42.50 42.10 42.10 
2016/09/30 42.30 42.35 41.55 42.10 
2016/10/03 42.25 42.30 42.00 42.15 
2016/10/04 42.15 42.35 41.90 42.20 
2016/10/05 42.20 42.40 42.20 42.30 
2016/10/06 41.70 42.40 41.70 42.40 
2016/10/07 42.30 42.45 42.10 42.15 
2016/10/11 42.40 42.40 41.80 42.10 
2016/10/12 42.00 42.30 41.70 42.30 
2016/10/13 42.50 42.50 41.80 42.00 
2016/10/14 42.00 43.35 42.00 42.60 
2016/10/17 43.00 43.50 42.05 43.15 
2016/10/18 44.00 46.95 44.00 45.80 
2016/10/19 46.30 47.50 45.20 45.20 
2016/10/20 45.50 46.30 44.25 44.70 
2016/10/21 44.65 46.60 44.65 45.30 
2016/10/24 46.20 46.20 44.80 45.00 
2016/10/25 45.45 45.50 44.20 44.50 
2016/10/26 44.50 44.80 44.30 44.35 
2016/10/27 44.55 44.60 44.25 44.25 
2016/10/28 44.25 44.25 43.50 43.60 
2016/10/31 43.20 44.35 43.20 44.05 
2016/11/01 44.05 44.45 43.65 43.75 
2016/11/02 43.60 43.85 43.15 43.60 
2016/11/03 43.60 43.75 43.00 43.00 
2016/11/04 43.00 43.30 42.80 42.95 
2016/11/07 43.45 43.45 43.00 43.25 
2016/11/08 43.50 43.50 43.20 43.35 
2016/11/09 43.35 43.70 42.20 42.20 
2016/11/10 42.60 43.15 42.60 43.10 
2016/11/11 43.25 43.25 43.00 43.20 
2016/11/14 43.10 43.80 43.00 43.70 
2016/11/15 43.80 44.00 43.55 44.00 
2016/11/16 44.05 44.40 43.55 43.75 
2016/11/17 43.75 43.90 43.40 43.40 
2016/11/18 43.50 45.70 43.50 45.70 
2016/11/21 45.70 45.70 44.90 45.00 
2016/11/22 45.00 45.50 44.80 45.00 
2016/11/23 45.45 45.45 44.95 45.00 
2016/11/24 45.30 45.40 44.75 44.80 
2016/11/25 44.80 45.30 44.80 45.00 
2016/11/28 45.30 45.85 45.00 45.20 
2016/11/29 45.20 45.40 45.05 45.20 
2016/11/30 45.20 45.20 45.05 45.10 
2016/12/01 45.10 45.30 44.50 44.80 
2016/12/02 44.75 45.00 44.50 44.80 
2016/12/05 44.85 44.90 44.60 44.75 
2016/12/06 45.00 45.35 45.00 45.10 
2016/12/07 45.15 45.15 45.00 45.05 
2016/12/08 45.10 45.10 45.00 45.05 
2016/12/09 45.10 45.20 44.85 44.95 
2016/12/12 44.95 44.95 44.70 44.75 
2016/12/13 44.70 44.70 44.00 44.40 
2016/12/14 44.40 44.80 44.25 44.80 
2016/12/15 44.70 44.70 44.35 44.40 
2016/12/16 44.40 44.60 44.30 44.50 
2016/12/19 44.50 44.50 44.10 44.10 
2016/12/20 44.10 44.70 44.05 44.55 
2016/12/21 44.20 44.50 44.10 44.15 
2016/12/22 44.15 44.15 44.10 44.15 
2016/12/23 44.10 44.60 44.10 44.20 
2016/12/26 44.30 44.35 44.10 44.15 
2016/12/27 44.15 44.20 44.05 44.15 
2016/12/28 44.15 44.35 44.10 44.30 
2016/12/29 44.30 44.40 44.30 44.40 
2016/12/30 44.50 44.65 44.40 44.50 
2017/01/03 44.50 44.70 44.20 44.50 
2017/01/04 44.50 44.60 44.20 44.30 
2017/01/05 44.30 44.60 44.25 44.45 
2017/01/06 44.80 44.80 44.50 44.50 
2017/01/09 44.80 44.80 44.40 44.40 
2017/01/10 44.50 44.50 44.20 44.25 
2017/01/11 44.15 44.75 44.10 44.25 
2017/01/12 44.25 44.50 44.15 44.20 
2017/01/13 44.20 44.50 44.20 44.20 
2017/01/16 44.20 44.40 44.15 44.20 
2017/01/17 44.05 44.45 44.05 44.35 
2017/01/18 44.10 44.55 44.10 44.25 
2017/01/19 44.25 44.45 44.15 44.30 
2017/01/20 44.30 44.50 44.30 44.35 
2017/01/23 44.40 44.65 44.35 44.60 
2017/01/24 44.60 44.80 44.40 44.70 
2017/02/02 44.70 44.80 44.55 44.75 
2017/02/03 44.60 44.90 44.55 44.80 
2017/02/06 44.80 45.15 44.80 45.10 
2017/02/07 45.10 45.20 44.90 45.05 
2017/02/08 44.90 45.10 44.90 44.95 
