2016/07/01 8.42 8.75 8.08 8.08 
2016/07/04 8.00 8.24 7.96 8.15 
2016/07/05 8.10 8.16 8.08 8.15 
2016/07/06 8.11 8.11 7.77 7.78 
2016/07/07 7.82 8.32 7.82 8.10 
2016/07/11 8.11 8.29 7.81 8.09 
2016/07/12 7.83 7.93 7.65 7.65 
2016/07/13 7.60 7.97 7.60 7.82 
2016/07/14 7.80 8.01 7.80 7.95 
2016/07/15 7.90 8.06 7.84 7.90 
2016/07/18 7.90 7.94 7.79 7.79 
2016/07/19 7.77 7.90 7.70 7.88 
2016/07/20 8.00 8.21 7.80 7.80 
2016/07/21 7.83 7.83 7.63 7.78 
2016/07/22 7.71 7.93 7.71 7.83 
2016/07/25 7.83 7.83 7.72 7.74 
2016/07/26 7.71 7.74 7.63 7.70 
2016/07/27 7.70 7.78 7.70 7.70 
2016/07/28 7.70 7.90 7.53 7.86 
2016/07/29 7.86 7.89 7.69 7.77 
2016/08/01 7.80 7.86 7.72 7.72 
2016/08/02 7.72 7.79 7.63 7.63 
2016/08/03 7.58 7.80 7.57 7.62 
2016/08/04 7.72 7.72 7.54 7.62 
2016/08/05 7.55 7.69 7.53 7.54 
2016/08/08 7.73 7.73 7.54 7.54 
2016/08/09 7.55 7.64 7.51 7.63 
2016/08/10 7.63 7.63 7.32 7.32 
2016/08/11 7.40 7.40 7.05 7.15 
2016/08/12 7.15 7.30 7.13 7.20 
2016/08/15 7.20 7.69 7.15 7.30 
2016/08/16 7.35 7.49 7.17 7.34 
2016/08/17 7.39 7.43 7.21 7.29 
2016/08/18 7.24 7.36 7.21 7.36 
2016/08/19 7.36 7.49 7.25 7.35 
2016/08/22 7.42 7.46 7.21 7.32 
2016/08/23 7.37 7.39 7.24 7.36 
2016/08/24 7.38 7.50 7.24 7.46 
2016/08/25 7.44 7.44 7.25 7.25 
2016/08/26 7.25 7.25 7.23 7.23 
2016/08/29 7.21 7.25 7.20 7.20 
2016/08/30 7.23 7.25 7.18 7.21 
2016/08/31 7.28 7.28 7.19 7.21 
2016/09/01 7.21 7.21 7.16 7.16 
2016/09/02 7.15 7.26 7.15 7.20 
2016/09/05 7.21 7.26 7.18 7.26 
2016/09/06 7.26 7.26 7.20 7.25 
2016/09/07 7.21 7.25 7.18 7.25 
2016/09/08 7.25 7.36 7.25 7.35 
2016/09/09 7.35 7.35 7.30 7.35 
2016/09/10 7.33 7.47 7.27 7.44 
2016/09/12 7.44 7.77 7.40 7.62 
2016/09/13 7.62 7.62 7.48 7.48 
2016/09/14 7.42 7.58 7.36 7.47 
2016/09/19 7.47 7.50 7.42 7.50 
2016/09/20 7.48 7.58 7.43 7.55 
2016/09/21 7.55 7.57 7.45 7.56 
2016/09/22 7.56 7.62 7.55 7.58 
2016/09/23 7.60 7.68 7.57 7.67 
2016/09/26 7.69 7.84 7.66 7.83 
2016/09/29 7.90 8.60 7.90 8.23 
2016/09/30 8.30 8.33 8.01 8.15 
2016/10/03 8.24 8.39 8.22 8.30 
2016/10/04 8.40 8.40 8.29 8.31 
2016/10/05 8.38 8.43 8.32 8.38 
2016/10/06 8.41 8.56 8.38 8.51 
2016/10/07 8.57 9.05 8.57 8.95 
2016/10/11 9.14 9.40 8.92 9.10 
2016/10/12 9.10 9.10 8.80 8.83 
2016/10/13 8.84 9.05 8.59 8.59 
2016/10/14 8.48 8.48 8.06 8.29 
2016/10/17 8.18 8.23 8.08 8.08 
2016/10/18 8.06 8.18 8.03 8.18 
2016/10/19 8.20 8.20 8.13 8.18 
2016/10/20 8.20 8.35 8.15 8.15 
2016/10/21 8.17 8.31 8.15 8.19 
2016/10/24 8.22 8.22 8.02 8.05 
2016/10/25 8.19 8.37 8.10 8.20 
2016/10/26 8.19 8.20 8.10 8.13 
2016/10/27 8.20 8.58 8.18 8.21 
2016/10/28 8.30 8.52 8.25 8.30 
2016/10/31 8.35 8.35 8.20 8.28 
2016/11/01 8.25 8.31 8.24 8.30 
2016/11/02 8.20 8.20 8.04 8.18 
2016/11/03 8.18 8.38 8.07 8.07 
2016/11/04 8.04 8.22 8.03 8.13 
2016/11/07 8.12 8.25 8.10 8.25 
2016/11/08 8.15 8.26 8.15 8.24 
2016/11/09 8.49 8.88 8.30 8.42 
2016/11/10 8.42 8.52 8.41 8.45 
2016/11/11 8.50 8.54 8.43 8.50 
2016/11/14 8.55 8.88 8.51 8.60 
2016/11/15 8.65 8.75 8.60 8.71 
2016/11/16 8.89 8.89 8.67 8.75 
2016/11/17 8.75 8.84 8.75 8.78 
2016/11/18 8.82 9.02 8.71 9.00 
2016/11/21 9.10 9.90 9.10 9.90 
2016/11/22 10.10 10.50 10.00 10.20 
2016/11/23 10.10 10.10 9.80 10.05 
2016/11/24 10.15 10.40 9.95 9.95 
2016/11/25 10.05 10.10 9.92 9.97 
2016/11/28 9.99 10.00 9.84 9.99 
2016/11/29 9.98 9.98 9.89 9.98 
2016/11/30 9.97 10.25 9.94 9.94 
2016/12/01 9.97 9.97 9.91 9.92 
2016/12/02 9.90 9.92 9.82 9.85 
2016/12/05 9.80 9.85 9.72 9.85 
2016/12/06 9.86 10.10 9.86 9.92 
2016/12/07 9.79 9.91 9.79 9.90 
2016/12/08 9.90 9.98 9.85 9.94 
2016/12/09 9.94 10.15 9.94 9.99 
2016/12/12 10.00 10.15 9.93 9.95 
2016/12/13 10.10 10.15 9.85 9.92 
2016/12/14 9.91 9.95 9.91 9.95 
2016/12/15 9.91 9.95 9.89 9.95 
2016/12/16 9.93 10.15 9.92 10.00 
2016/12/19 10.00 10.05 9.95 9.98 
2016/12/20 9.99 9.99 9.83 9.96 
2016/12/21 9.96 9.96 9.85 9.85 
2016/12/22 9.89 9.95 9.81 9.93 
2016/12/23 9.98 9.98 9.90 9.94 
2016/12/26 9.99 9.99 9.86 9.96 
2016/12/27 9.87 9.99 9.87 9.90 
2016/12/28 9.90 9.99 9.90 9.91 
2016/12/29 9.91 9.97 9.80 9.97 
2016/12/30 9.99 10.05 9.95 9.98 
2017/01/03 9.99 9.99 9.91 9.98 
2017/01/04 9.95 9.98 9.91 9.98 
2017/01/05 9.92 9.99 9.92 9.99 
2017/01/06 9.94 10.00 9.93 9.99 
2017/01/09 9.97 10.15 9.97 9.99 
2017/01/10 10.00 10.10 9.98 10.10 
2017/01/11 10.50 10.90 10.15 10.15 
2017/01/12 10.20 10.30 10.20 10.30 
2017/01/13 10.30 10.45 10.25 10.30 
2017/01/16 10.30 10.40 10.20 10.25 
2017/01/17 10.30 10.45 10.25 10.45 
2017/01/18 10.40 10.45 10.35 10.35 
2017/01/19 10.40 10.50 10.35 10.45 
2017/01/20 10.45 10.50 10.30 10.35 
2017/01/23 10.35 10.35 10.25 10.35 
2017/01/24 10.35 10.40 10.25 10.40 
2017/02/02 10.35 10.45 10.25 10.45 
2017/02/03 10.35 10.40 10.30 10.35 
2017/02/06 10.40 10.40 10.30 10.35 
2017/02/07 10.40 10.75 10.35 10.50 
2017/02/08 10.70 10.70 10.40 10.60 
