2016/07/01 19.90 20.25 19.85 20.10 
2016/07/04 20.00 20.00 19.90 19.90 
2016/07/05 20.00 20.25 19.85 19.85 
2016/07/06 19.75 19.90 19.20 19.60 
2016/07/07 19.70 20.10 19.60 20.00 
2016/07/11 20.20 20.20 19.70 19.95 
2016/07/12 19.85 19.90 19.75 19.90 
2016/07/13 20.00 20.00 20.00 20.00 
2016/07/14 20.05 20.30 20.00 20.00 
2016/07/15 20.30 20.30 19.50 20.15 
2016/07/18 20.00 20.15 19.95 19.95 
2016/07/19 20.00 20.95 20.00 20.60 
2016/07/20 20.60 20.75 20.35 20.55 
2016/07/21 20.50 20.70 20.05 20.40 
2016/07/22 20.50 22.40 20.40 22.40 
2016/07/25 22.55 23.80 22.55 22.60 
2016/07/26 22.65 22.65 21.75 21.75 
2016/07/27 22.00 22.75 22.00 22.05 
2016/07/28 22.10 22.10 21.25 21.35 
2016/07/29 21.30 21.30 20.70 20.70 
2016/08/01 21.00 21.80 21.00 21.50 
2016/08/02 21.55 21.55 20.15 20.70 
2016/08/03 20.80 21.00 20.60 20.60 
2016/08/04 20.90 20.90 20.45 20.70 
2016/08/05 20.70 21.50 20.55 21.00 
2016/08/08 21.25 23.10 21.25 23.10 
2016/08/09 24.00 25.40 24.00 25.40 
2016/08/10 27.00 27.90 26.60 27.90 
2016/08/11 29.00 30.65 27.25 30.65 
2016/08/12 31.20 33.70 30.80 33.70 
2016/08/15 35.00 35.00 33.45 34.00 
2016/08/16 33.50 34.50 33.50 34.20 
2016/08/17 35.00 35.20 33.65 33.85 
2016/08/18 32.50 34.90 32.50 34.20 
2016/08/19 33.70 34.25 33.70 34.25 
2016/08/22 35.00 36.10 34.70 36.10 
2016/08/23 36.10 36.80 36.10 36.60 
2016/08/24 36.50 38.20 36.50 37.85 
2016/08/25 38.95 38.95 36.90 36.90 
2016/08/26 36.00 37.00 36.00 36.95 
2016/08/29 36.30 37.50 36.30 37.50 
2016/08/30 36.80 38.00 36.80 37.60 
2016/08/31 37.00 38.20 37.00 38.20 
2016/09/01 38.20 38.20 34.40 34.40 
2016/09/02 33.00 34.80 31.00 34.35 
2016/09/05 31.95 34.50 31.80 34.50 
2016/09/06 35.00 35.00 33.60 33.80 
2016/09/07 34.00 34.00 33.00 33.30 
2016/09/08 32.80 34.80 32.20 33.50 
2016/09/09 33.70 34.20 32.35 32.85 
2016/09/10 32.00 33.80 32.00 32.30 
2016/09/12 32.40 32.85 30.60 30.90 
2016/09/13 31.10 31.10 29.50 29.90 
2016/09/14 30.30 30.40 28.10 30.40 
2016/09/19 30.45 31.55 30.40 30.85 
2016/09/20 31.00 31.05 30.40 30.40 
2016/09/21 30.80 30.80 30.10 30.60 
2016/09/22 31.00 33.65 31.00 33.65 
2016/09/23 34.45 34.45 31.70 31.70 
2016/09/26 32.05 32.70 31.50 31.50 
2016/09/29 31.05 32.00 30.60 31.10 
2016/09/30 30.50 31.05 30.50 30.80 
2016/10/03 31.50 31.50 30.70 30.85 
2016/10/04 30.80 32.50 30.80 31.85 
2016/10/05 31.85 31.85 31.30 31.40 
2016/10/06 31.10 31.25 30.70 31.15 
2016/10/07 31.20 31.20 30.15 30.80 
2016/10/11 30.80 31.50 29.15 31.50 
2016/10/12 31.10 32.60 31.00 31.70 
2016/10/13 31.90 32.30 31.70 32.10 
2016/10/14 32.10 32.30 30.30 30.75 
2016/10/17 31.55 31.70 31.10 31.35 
2016/10/18 32.10 32.50 31.35 32.50 
2016/10/19 32.50 32.80 32.40 32.70 
2016/10/20 32.70 33.40 31.70 32.35 
2016/10/21 32.35 32.35 31.45 31.50 
2016/10/24 32.65 32.95 31.80 31.80 
2016/10/25 32.00 32.00 31.50 31.65 
2016/10/26 32.35 32.35 30.90 30.90 
2016/10/27 30.90 30.90 30.70 30.70 
2016/10/28 30.65 30.70 29.60 30.25 
2016/10/31 30.10 30.45 30.00 30.45 
2016/11/01 29.80 29.85 29.70 29.75 
2016/11/02 29.65 30.35 29.65 30.15 
2016/11/03 30.30 30.30 29.20 30.10 
2016/11/04 30.80 30.80 29.35 30.65 
2016/11/07 30.40 30.40 30.05 30.25 
2016/11/08 29.55 30.20 29.50 30.20 
2016/11/09 30.20 30.20 28.60 28.60 
2016/11/10 29.80 30.00 28.25 29.25 
2016/11/11 29.25 29.25 29.25 29.25 
2016/11/14 29.95 29.95 29.15 29.75 
2016/11/15 28.65 31.00 28.65 30.30 
2016/11/16 29.90 30.65 29.90 30.30 
2016/11/17 30.80 30.80 29.80 30.45 
2016/11/18 30.00 30.40 29.75 30.40 
2016/11/21 29.85 30.25 29.50 29.90 
2016/11/22 29.90 30.05 29.05 29.05 
2016/11/23 29.05 29.05 28.60 28.70 
2016/11/24 28.60 28.60 28.30 28.35 
2016/11/25 28.30 28.30 28.00 28.00 
2016/11/28 28.00 28.65 27.70 27.70 
2016/11/29 27.70 28.65 27.70 27.70 
2016/11/30 27.60 27.60 26.70 26.90 
2016/12/01 26.60 29.25 26.05 28.80 
2016/12/02 28.80 28.80 27.50 27.50 
2016/12/05 27.50 27.50 27.05 27.05 
2016/12/06 27.00 28.00 26.80 28.00 
2016/12/07 29.00 29.45 28.50 28.50 
2016/12/08 29.80 29.80 28.75 28.80 
2016/12/09 29.40 29.45 28.80 28.80 
2016/12/12 28.80 29.15 27.90 28.50 
2016/12/13 28.70 28.70 27.55 28.50 
2016/12/14 27.65 28.90 27.65 28.90 
2016/12/15 28.30 28.85 28.30 28.85 
2016/12/16 28.45 29.85 28.45 28.80 
2016/12/19 28.90 28.90 28.85 28.85 
2016/12/20 28.50 28.90 28.50 28.90 
2016/12/21 28.90 28.90 28.90 28.90 
2016/12/22 29.35 29.35 28.50 29.05 
2016/12/23 29.10 29.10 28.80 28.80 
2016/12/26 29.85 29.85 28.55 29.20 
2016/12/27 29.25 29.45 28.45 29.15 
2016/12/28 29.50 29.50 28.65 29.30 
2016/12/29 29.65 29.65 29.25 29.25 
2016/12/30 29.95 30.20 29.95 30.20 
2017/01/03 30.20 30.20 30.10 30.10 
2017/01/04 30.70 30.70 30.70 30.70 
2017/01/05 29.40 29.80 29.20 29.45 
2017/01/06 29.40 29.70 28.65 29.50 
2017/01/09 32.45 32.45 29.40 29.40 
2017/01/10 29.75 30.50 28.50 28.60 
2017/01/11 28.55 28.80 28.40 28.50 
2017/01/12 28.95 28.95 28.30 28.50 
2017/01/13 28.10 28.75 27.60 28.25 
2017/01/16 28.25 29.30 28.20 29.00 
2017/01/17 29.30 29.30 28.80 29.15 
2017/01/18 29.10 29.15 29.00 29.00 
2017/01/19 29.00 29.30 28.60 28.95 
2017/01/20 28.95 29.00 28.70 28.70 
2017/01/23 28.10 28.80 28.00 28.75 
2017/01/24 28.90 28.90 28.90 28.90 
2017/02/02 28.50 29.70 28.50 28.80 
2017/02/03 28.80 29.25 28.80 29.25 
2017/02/06 29.65 29.65 28.80 29.00 
2017/02/07 29.50 29.50 28.70 28.70 
2017/02/08 28.70 28.70 28.05 28.05 
