2016/07/01 12.70 12.95 12.65 12.65 
2016/07/04 12.85 13.40 12.80 13.05 
2016/07/05 13.15 13.20 12.90 13.00 
2016/07/06 13.00 13.25 12.95 13.00 
2016/07/07 13.00 13.15 12.90 13.00 
2016/07/11 11.90 12.20 11.80 12.00 
2016/07/12 12.00 12.20 11.90 11.95 
2016/07/13 11.90 12.10 11.90 12.00 
2016/07/14 12.60 12.60 12.15 12.25 
2016/07/15 12.35 12.35 12.15 12.15 
2016/07/18 12.20 12.25 12.15 12.20 
2016/07/19 12.35 12.35 12.20 12.20 
2016/07/20 12.20 12.25 12.15 12.20 
2016/07/21 12.30 12.30 12.20 12.30 
2016/07/22 12.30 12.35 12.10 12.20 
2016/07/25 12.25 12.30 12.10 12.20 
2016/07/26 12.25 12.30 12.15 12.25 
2016/07/27 11.85 11.85 11.75 11.75 
2016/07/28 11.80 11.95 11.70 11.70 
2016/07/29 11.65 11.75 11.65 11.70 
2016/08/01 11.75 11.80 11.65 11.65 
2016/08/02 11.70 11.75 11.65 11.70 
2016/08/03 11.65 12.05 11.65 11.95 
2016/08/04 11.95 11.95 11.75 11.80 
2016/08/05 11.85 12.00 11.70 12.00 
2016/08/08 11.90 11.95 11.80 11.90 
2016/08/09 11.80 11.90 11.70 11.75 
2016/08/10 11.75 11.80 11.65 11.70 
2016/08/11 11.70 11.70 11.55 11.55 
2016/08/12 11.55 11.60 11.50 11.55 
2016/08/15 11.65 11.65 11.55 11.55 
2016/08/16 11.65 12.00 11.65 11.90 
2016/08/17 12.00 12.00 11.80 11.85 
2016/08/18 11.90 11.95 11.80 11.85 
2016/08/19 11.95 11.95 11.75 11.80 
2016/08/22 11.85 11.85 11.75 11.75 
2016/08/23 11.85 11.85 11.75 11.80 
2016/08/24 11.85 12.35 11.75 12.25 
2016/08/25 12.25 12.30 12.10 12.20 
2016/08/26 12.10 12.20 12.10 12.10 
2016/08/29 12.10 12.20 12.05 12.10 
2016/08/30 12.15 12.50 12.10 12.25 
2016/08/31 12.25 12.25 12.10 12.20 
2016/09/01 12.20 12.35 12.10 12.20 
2016/09/02 12.20 12.20 11.95 11.95 
2016/09/05 12.10 12.10 11.90 11.95 
2016/09/06 11.90 12.05 11.90 12.00 
2016/09/07 12.00 12.10 11.95 12.05 
2016/09/08 12.10 12.10 12.00 12.10 
2016/09/09 12.05 12.10 11.95 12.05 
2016/09/10 12.00 12.00 11.85 11.95 
2016/09/12 11.95 12.00 11.90 12.00 
2016/09/13 12.00 12.05 11.80 11.85 
2016/09/14 11.80 11.90 11.75 11.85 
2016/09/19 12.00 12.00 11.90 11.90 
2016/09/20 11.95 11.95 11.80 11.90 
2016/09/21 12.10 12.10 11.90 11.95 
2016/09/22 11.95 12.00 11.85 11.85 
2016/09/23 11.90 11.95 11.85 11.90 
2016/09/26 12.00 12.00 11.90 11.95 
2016/09/29 12.00 12.00 11.85 11.90 
2016/09/30 11.90 11.95 11.80 11.85 
2016/10/03 11.90 11.90 11.80 11.85 
2016/10/04 11.90 11.95 11.85 11.90 
2016/10/05 11.95 12.00 11.90 12.00 
2016/10/06 12.05 12.15 12.00 12.10 
2016/10/07 12.15 12.20 12.10 12.10 
2016/10/11 12.00 12.00 11.60 11.80 
2016/10/12 11.80 11.85 11.70 11.75 
2016/10/13 11.80 11.90 11.70 11.75 
2016/10/14 11.75 11.80 11.60 11.65 
2016/10/17 11.65 11.70 11.55 11.70 
2016/10/18 11.70 11.70 11.60 11.70 
2016/10/19 11.75 11.75 11.65 11.70 
2016/10/20 11.75 11.75 11.65 11.70 
2016/10/21 11.75 11.75 11.65 11.75 
2016/10/24 11.70 11.70 11.65 11.70 
2016/10/25 11.70 11.75 11.65 11.75 
2016/10/26 11.70 11.75 11.60 11.70 
2016/10/27 11.75 11.75 11.60 11.75 
2016/10/28 11.70 11.75 11.70 11.75 
2016/10/31 11.75 11.75 11.55 11.70 
2016/11/01 11.75 11.75 11.60 11.70 
2016/11/02 11.65 11.65 11.35 11.50 
2016/11/03 11.40 11.50 11.30 11.50 
2016/11/04 11.45 11.45 11.35 11.45 
2016/11/07 11.35 11.45 11.30 11.40 
2016/11/08 11.45 11.45 11.30 11.45 
2016/11/09 11.40 11.40 10.90 11.15 
2016/11/10 11.25 11.30 11.20 11.30 
2016/11/11 11.40 11.40 11.05 11.10 
2016/11/14 10.55 10.60 9.99 10.15 
2016/11/15 10.15 10.20 10.10 10.10 
2016/11/16 10.10 10.75 10.05 10.70 
2016/11/17 10.70 10.70 10.50 10.60 
2016/11/18 10.60 10.80 10.60 10.80 
2016/11/21 10.80 10.80 10.60 10.75 
2016/11/22 10.80 10.80 10.65 10.80 
2016/11/23 10.80 10.80 10.60 10.70 
2016/11/24 10.75 10.75 10.65 10.70 
2016/11/25 10.70 10.70 10.65 10.70 
2016/11/28 10.75 10.75 10.60 10.70 
2016/11/29 10.65 10.70 10.55 10.70 
2016/11/30 10.70 10.70 10.60 10.60 
2016/12/01 10.70 10.70 10.55 10.60 
2016/12/02 10.55 10.65 10.50 10.60 
2016/12/05 10.50 10.60 10.45 10.55 
2016/12/06 10.55 10.60 10.45 10.55 
2016/12/07 10.55 10.55 10.45 10.55 
2016/12/08 10.60 10.80 10.50 10.60 
2016/12/09 10.80 10.80 10.60 10.60 
2016/12/12 10.60 10.70 10.45 10.60 
2016/12/13 10.50 10.60 10.45 10.60 
2016/12/14 10.60 10.90 10.55 10.70 
2016/12/15 10.70 10.70 10.55 10.70 
2016/12/16 10.75 10.75 10.60 10.70 
2016/12/19 10.80 10.95 10.75 10.80 
2016/12/20 10.95 10.95 10.75 10.85 
2016/12/21 10.95 10.95 10.75 10.90 
2016/12/22 10.80 10.80 10.60 10.65 
2016/12/23 10.65 10.80 10.65 10.65 
2016/12/26 10.70 10.70 10.55 10.70 
2016/12/27 10.70 10.70 10.50 10.60 
2016/12/28 10.70 10.70 10.55 10.70 
2016/12/29 10.60 10.70 10.55 10.55 
2016/12/30 10.65 10.75 10.55 10.60 
2017/01/03 10.60 10.65 10.50 10.60 
2017/01/04 10.55 10.65 10.50 10.60 
2017/01/05 10.65 10.70 10.60 10.60 
2017/01/06 10.70 11.05 10.65 10.90 
2017/01/09 11.05 11.05 10.85 10.90 
2017/01/10 10.95 10.95 10.75 10.80 
2017/01/11 10.75 10.80 10.70 10.75 
2017/01/12 10.75 10.80 10.70 10.70 
2017/01/13 10.70 10.70 10.50 10.60 
2017/01/16 10.60 10.60 10.45 10.55 
2017/01/17 10.55 10.70 10.50 10.55 
2017/01/18 10.55 10.60 10.55 10.60 
2017/01/19 10.60 10.70 10.55 10.55 
2017/01/20 10.60 10.65 10.55 10.60 
2017/01/23 10.65 10.65 10.55 10.60 
2017/01/24 10.60 10.65 10.55 10.65 
2017/02/02 10.65 10.70 10.50 10.60 
2017/02/03 10.50 10.85 10.50 10.70 
2017/02/06 10.70 10.75 10.60 10.65 
2017/02/07 10.65 10.95 10.65 10.90 
2017/02/08 10.90 10.95 10.70 10.75 
