2016/07/01 9.49 9.58 9.30 9.35 
2016/07/04 9.35 9.40 9.31 9.36 
2016/07/05 9.36 9.49 9.30 9.43 
2016/07/06 9.37 9.43 9.32 9.43 
2016/07/07 9.43 9.44 9.33 9.41 
2016/07/11 9.49 10.35 9.46 10.35 
2016/07/12 10.80 10.95 10.00 10.25 
2016/07/13 10.05 10.25 9.96 10.10 
2016/07/14 10.15 10.75 10.00 10.35 
2016/07/15 10.40 10.60 10.30 10.40 
2016/07/18 10.55 11.40 10.55 11.35 
2016/07/19 11.20 11.85 11.00 11.45 
2016/07/20 11.65 12.25 11.10 12.20 
2016/07/21 12.50 12.65 11.80 11.95 
2016/07/22 11.95 12.25 11.85 12.20 
2016/07/25 12.40 12.50 11.55 11.55 
2016/07/26 11.30 11.60 11.30 11.55 
2016/07/27 11.55 11.75 11.45 11.50 
2016/07/28 11.60 11.60 11.30 11.30 
2016/07/29 11.30 11.50 11.25 11.40 
2016/08/01 11.40 11.70 11.40 11.50 
2016/08/02 11.40 11.50 11.35 11.45 
2016/08/03 11.45 12.25 11.40 12.15 
2016/08/04 12.05 12.05 11.60 11.90 
2016/08/05 11.90 12.05 11.80 11.80 
2016/08/08 11.85 12.05 11.75 11.95 
2016/08/09 12.05 13.10 12.05 12.55 
2016/08/10 12.35 12.60 12.15 12.35 
2016/08/11 12.00 12.15 11.55 11.90 
2016/08/12 11.95 12.15 11.80 12.00 
2016/08/15 12.00 12.00 11.65 11.80 
2016/08/16 11.80 11.85 11.65 11.85 
2016/08/17 11.70 11.75 11.60 11.70 
2016/08/18 11.70 11.75 11.50 11.65 
2016/08/19 11.75 11.80 11.55 11.60 
2016/08/22 11.60 11.60 11.35 11.40 
2016/08/23 11.40 11.70 11.40 11.55 
2016/08/24 11.50 11.70 11.45 11.55 
2016/08/25 11.50 11.60 11.40 11.55 
2016/08/26 11.55 11.60 11.45 11.55 
2016/08/29 11.60 11.70 11.55 11.60 
2016/08/30 11.60 12.10 11.60 11.90 
2016/08/31 11.90 11.95 11.65 11.65 
2016/09/01 11.65 11.70 11.30 11.45 
2016/09/02 11.50 11.65 11.40 11.45 
2016/09/05 11.60 11.60 11.45 11.45 
2016/09/06 11.50 11.60 11.30 11.40 
2016/09/07 11.40 11.60 11.35 11.40 
2016/09/08 11.40 12.10 11.40 11.75 
2016/09/09 11.80 11.85 11.60 11.85 
2016/09/10 11.80 11.95 11.65 11.85 
2016/09/12 11.85 11.85 11.55 11.55 
2016/09/13 11.60 11.75 11.50 11.65 
2016/09/14 11.65 11.65 11.40 11.45 
2016/09/19 11.55 11.60 11.45 11.60 
2016/09/20 11.45 11.65 11.45 11.50 
2016/09/21 11.60 12.65 11.60 12.65 
2016/09/22 13.45 13.90 13.40 13.90 
2016/09/23 13.90 14.15 13.40 13.70 
2016/09/26 13.70 13.70 13.05 13.20 
2016/09/29 13.55 14.50 13.40 14.50 
2016/09/30 14.75 14.95 14.20 14.30 
2016/10/03 14.05 14.40 13.65 13.70 
2016/10/04 13.85 14.25 13.50 14.10 
2016/10/05 14.00 14.00 13.75 13.75 
2016/10/06 13.55 13.90 13.55 13.60 
2016/10/07 13.75 14.10 13.55 13.65 
2016/10/11 13.70 13.95 12.40 12.55 
2016/10/12 12.20 12.65 12.20 12.40 
2016/10/13 12.35 12.55 12.35 12.45 
2016/10/14 12.45 12.45 11.80 11.80 
2016/10/17 11.70 12.10 11.70 11.95 
2016/10/18 11.95 12.05 11.75 11.75 
2016/10/19 11.75 11.95 11.65 11.65 
2016/10/20 11.70 12.10 11.70 11.75 
2016/10/21 11.80 11.95 11.75 11.85 
2016/10/24 11.90 12.20 11.90 12.00 
2016/10/25 12.00 12.05 11.85 12.00 
2016/10/26 11.95 12.00 11.55 11.70 
2016/10/27 11.80 11.90 11.65 11.65 
2016/10/28 11.70 11.70 11.50 11.60 
2016/10/31 11.55 11.60 11.50 11.55 
2016/11/01 11.50 11.55 11.45 11.50 
2016/11/02 11.50 11.55 11.30 11.40 
2016/11/03 11.35 11.50 10.90 11.00 
2016/11/04 11.00 11.25 10.90 11.20 
2016/11/07 11.15 11.45 11.05 11.15 
2016/11/08 11.40 11.40 11.00 11.15 
2016/11/09 11.30 11.30 10.65 10.65 
2016/11/10 10.90 11.65 10.90 11.55 
2016/11/11 11.15 11.50 11.05 11.25 
2016/11/14 11.25 11.65 11.25 11.55 
2016/11/15 11.50 11.65 11.45 11.55 
2016/11/16 11.70 11.70 11.55 11.55 
2016/11/17 11.55 11.65 11.45 11.45 
2016/11/18 11.55 11.55 11.45 11.50 
2016/11/21 11.65 11.65 11.50 11.50 
2016/11/22 11.50 11.65 11.50 11.60 
2016/11/23 11.75 12.75 11.75 12.75 
2016/11/24 12.75 13.10 12.30 12.30 
2016/11/25 12.30 12.80 12.20 12.75 
2016/11/28 12.80 12.95 12.45 12.45 
2016/11/29 12.45 12.45 12.20 12.30 
2016/11/30 12.20 12.75 12.20 12.30 
2016/12/01 12.35 12.45 12.25 12.40 
2016/12/02 12.30 12.85 12.30 12.50 
2016/12/05 12.70 13.40 12.70 12.70 
2016/12/06 12.90 13.00 12.60 12.90 
2016/12/07 12.70 12.90 12.45 12.45 
2016/12/08 12.60 12.65 12.40 12.45 
2016/12/09 12.50 12.50 12.35 12.40 
2016/12/12 12.40 12.45 12.30 12.35 
2016/12/13 12.35 12.40 12.20 12.20 
2016/12/14 12.25 12.40 12.20 12.25 
2016/12/15 12.30 12.35 12.05 12.15 
2016/12/16 12.30 12.35 12.15 12.20 
2016/12/19 12.40 12.45 12.15 12.15 
2016/12/20 12.20 12.40 12.05 12.35 
2016/12/21 12.45 13.55 12.45 13.55 
2016/12/22 13.80 14.45 13.35 13.40 
2016/12/23 13.05 13.85 13.05 13.65 
2016/12/26 13.85 14.70 13.85 14.00 
2016/12/27 14.00 14.35 13.40 13.50 
2016/12/28 13.70 13.95 13.55 13.60 
2016/12/29 13.65 13.70 13.25 13.25 
2016/12/30 13.50 14.15 13.40 13.45 
2017/01/03 13.45 13.85 13.30 13.35 
2017/01/04 13.55 13.75 13.30 13.65 
2017/01/05 13.65 13.95 13.55 13.55 
2017/01/06 13.70 13.90 13.55 13.70 
2017/01/09 13.75 13.85 13.50 13.50 
2017/01/10 13.65 13.65 13.25 13.25 
2017/01/11 13.30 13.50 13.25 13.30 
2017/01/12 13.45 13.65 13.30 13.35 
2017/01/13 13.45 13.45 13.35 13.40 
2017/01/16 13.40 13.40 13.35 13.35 
2017/01/17 13.40 14.00 13.35 13.65 
2017/01/18 13.70 13.70 13.50 13.50 
2017/01/19 13.50 13.95 13.50 13.55 
2017/01/20 13.70 14.15 13.65 13.65 
2017/01/23 13.60 13.85 13.25 13.30 
2017/01/24 13.40 13.45 12.60 12.75 
2017/02/02 12.85 13.05 12.80 12.80 
2017/02/03 12.90 13.20 12.90 13.00 
2017/02/06 13.00 13.15 12.95 13.10 
2017/02/07 13.20 13.75 13.10 13.60 
2017/02/08 13.85 13.85 13.35 13.40 
