2016/07/01 7.60 7.76 7.59 7.65 
2016/07/04 7.67 7.91 7.62 7.68 
2016/07/05 7.67 7.71 7.56 7.64 
2016/07/06 7.65 7.70 7.51 7.58 
2016/07/07 7.58 7.60 7.45 7.45 
2016/07/11 7.60 7.67 7.41 7.41 
2016/07/12 7.46 8.14 7.46 7.96 
2016/07/13 8.02 8.04 7.72 7.75 
2016/07/14 7.75 8.52 7.71 8.52 
2016/07/15 8.75 9.20 8.54 8.62 
2016/07/18 8.62 8.76 8.51 8.52 
2016/07/19 8.52 9.30 8.52 9.04 
2016/07/20 9.18 9.18 8.83 8.97 
2016/07/21 9.10 9.16 8.99 9.00 
2016/07/22 9.00 9.60 8.85 9.25 
2016/07/25 9.40 9.48 9.06 9.43 
2016/07/26 9.40 9.40 9.18 9.18 
2016/07/27 9.25 9.35 8.88 8.98 
2016/07/28 9.01 9.01 8.62 8.62 
2016/07/29 8.60 8.94 8.60 8.79 
2016/08/01 8.92 8.92 8.74 8.75 
2016/08/02 8.87 8.87 8.72 8.72 
2016/08/03 8.53 8.77 8.53 8.64 
2016/08/04 8.68 9.17 8.68 9.08 
2016/08/05 9.15 9.20 8.85 9.09 
2016/08/08 9.08 9.85 9.00 9.68 
2016/08/09 9.50 9.50 9.03 9.16 
2016/08/10 9.08 9.11 8.75 8.77 
2016/08/11 8.76 9.00 8.55 8.55 
2016/08/12 8.61 8.76 8.42 8.49 
2016/08/15 8.40 8.53 8.40 8.43 
2016/08/16 8.60 8.60 8.45 8.47 
2016/08/17 8.47 8.56 8.43 8.52 
2016/08/18 8.58 8.59 8.50 8.57 
2016/08/19 8.61 8.61 8.45 8.50 
2016/08/22 8.51 8.51 8.25 8.29 
2016/08/23 8.29 8.38 8.29 8.29 
2016/08/24 8.31 9.00 8.29 8.68 
2016/08/25 8.67 9.30 8.63 9.24 
2016/08/26 9.32 9.55 9.05 9.05 
2016/08/29 9.06 9.63 8.89 9.52 
2016/08/30 9.98 10.45 9.98 10.45 
2016/08/31 10.40 10.65 10.10 10.50 
2016/09/01 10.60 10.65 10.20 10.25 
2016/09/02 10.30 10.30 9.92 10.00 
2016/09/05 10.25 10.35 10.05 10.20 
2016/09/06 10.30 10.30 10.05 10.20 
2016/09/07 10.30 10.40 10.05 10.05 
2016/09/08 9.99 10.10 9.80 9.90 
2016/09/09 9.95 10.20 9.92 9.92 
2016/09/10 9.86 9.90 9.50 9.57 
2016/09/12 9.61 9.75 9.36 9.61 
2016/09/13 9.62 9.62 9.37 9.40 
2016/09/14 9.33 9.50 9.30 9.41 
2016/09/19 9.41 9.85 9.41 9.45 
2016/09/20 9.63 9.73 9.56 9.57 
2016/09/21 9.69 9.69 9.57 9.58 
2016/09/22 9.61 9.72 9.58 9.59 
2016/09/23 9.68 9.73 9.45 9.55 
2016/09/26 9.60 9.63 9.38 9.38 
2016/09/29 9.36 9.40 9.16 9.17 
2016/09/30 9.10 9.25 9.10 9.18 
2016/10/03 9.22 9.85 9.22 9.60 
2016/10/04 9.60 9.82 9.46 9.46 
2016/10/05 9.46 9.50 9.37 9.39 
2016/10/06 9.42 9.42 9.30 9.32 
2016/10/07 9.31 9.31 9.19 9.22 
2016/10/11 9.20 9.20 8.56 8.61 
2016/10/12 8.61 8.65 8.51 8.55 
2016/10/13 8.55 8.71 8.53 8.53 
2016/10/14 8.31 8.50 8.26 8.27 
2016/10/17 8.28 8.40 8.13 8.39 
2016/10/18 8.39 8.39 8.29 8.31 
2016/10/19 8.31 8.50 8.31 8.41 
2016/10/20 8.40 8.58 8.30 8.50 
2016/10/21 8.51 9.03 8.48 8.87 
2016/10/24 9.06 9.11 8.81 8.85 
2016/10/25 8.86 8.98 8.57 8.58 
2016/10/26 8.50 8.70 8.50 8.55 
2016/10/27 8.59 8.67 8.40 8.40 
2016/10/28 8.40 8.45 8.36 8.36 
2016/10/31 8.32 8.37 8.22 8.25 
2016/11/01 8.25 8.35 8.21 8.21 
2016/11/02 8.16 8.29 8.10 8.10 
2016/11/03 8.12 8.15 7.95 7.96 
2016/11/04 7.93 7.97 7.92 7.92 
2016/11/07 7.95 8.69 7.95 8.43 
2016/11/08 8.40 8.40 8.20 8.20 
2016/11/09 8.22 8.25 7.81 7.85 
2016/11/10 7.91 8.08 7.91 8.03 
2016/11/11 7.98 7.98 7.65 7.72 
2016/11/14 7.91 7.91 7.63 7.77 
2016/11/15 7.77 7.82 7.75 7.82 
2016/11/16 7.79 7.85 7.70 7.70 
2016/11/17 7.72 7.72 7.63 7.70 
2016/11/18 7.73 7.97 7.71 7.89 
2016/11/21 7.96 7.96 7.82 7.87 
2016/11/22 7.92 8.11 7.84 7.94 
2016/11/23 7.93 8.03 7.90 7.94 
2016/11/24 7.91 7.91 7.83 7.85 
2016/11/25 7.88 7.93 7.81 7.82 
2016/11/28 7.88 7.93 7.81 7.85 
2016/11/29 7.88 8.12 7.87 8.07 
2016/11/30 8.07 8.17 8.01 8.06 
2016/12/01 8.14 8.27 8.02 8.12 
2016/12/02 8.12 8.19 8.02 8.09 
2016/12/05 7.81 8.10 7.81 8.00 
2016/12/06 8.05 8.05 7.97 8.02 
2016/12/07 8.09 8.74 8.03 8.74 
2016/12/08 8.75 9.19 8.72 9.09 
2016/12/09 9.01 9.09 8.83 8.87 
2016/12/12 8.83 8.85 8.60 8.60 
2016/12/13 8.55 8.70 8.55 8.67 
2016/12/14 8.56 8.67 8.55 8.55 
2016/12/15 8.55 8.76 8.51 8.57 
2016/12/16 8.66 8.71 8.55 8.56 
2016/12/19 8.58 8.64 8.45 8.45 
2016/12/20 8.40 8.45 8.35 8.38 
2016/12/21 8.49 8.49 8.38 8.38 
2016/12/22 8.39 8.45 8.28 8.28 
2016/12/23 8.37 8.37 8.25 8.29 
2016/12/26 8.31 8.40 8.27 8.31 
2016/12/27 8.31 8.48 8.29 8.34 
2016/12/28 8.44 8.60 8.36 8.37 
2016/12/29 8.40 8.40 8.25 8.27 
2016/12/30 8.37 8.42 8.30 8.32 
2017/01/03 8.35 8.35 8.28 8.32 
2017/01/04 8.35 8.36 8.31 8.32 
2017/01/05 8.37 8.37 8.30 8.35 
2017/01/06 8.40 8.70 8.35 8.51 
2017/01/09 8.51 8.62 8.32 8.32 
2017/01/10 8.35 8.38 8.31 8.31 
2017/01/11 8.32 8.49 8.29 8.45 
2017/01/12 8.50 8.55 8.36 8.36 
2017/01/13 8.36 8.43 8.33 8.40 
2017/01/16 8.42 8.60 8.40 8.42 
2017/01/17 8.41 8.59 8.37 8.59 
2017/01/18 8.62 8.76 8.51 8.51 
2017/01/19 8.59 8.59 8.45 8.45 
2017/01/20 8.52 8.52 8.37 8.37 
2017/01/23 8.38 8.43 8.33 8.33 
2017/01/24 8.35 8.42 8.33 8.35 
2017/02/02 8.35 8.56 8.35 8.40 
2017/02/03 8.46 9.18 8.41 8.95 
2017/02/06 9.00 9.19 8.90 8.92 
2017/02/07 8.92 9.07 8.81 8.87 
2017/02/08 8.89 9.56 8.86 9.55 
