2016/07/01 24.35 24.40 24.20 24.35 
2016/07/04 24.35 24.60 24.25 24.55 
2016/07/05 24.55 24.85 24.55 24.80 
2016/07/06 24.65 24.95 24.15 24.25 
2016/07/07 24.80 26.65 24.75 26.65 
2016/07/11 27.40 29.00 27.20 29.00 
2016/07/12 28.60 28.95 28.05 28.40 
2016/07/13 28.40 29.80 28.10 28.50 
2016/07/14 28.60 29.15 28.20 28.95 
2016/07/15 29.35 29.80 28.65 28.65 
2016/07/18 28.75 28.80 27.55 27.90 
2016/07/19 27.90 28.45 27.90 28.15 
2016/07/20 28.30 28.60 27.85 28.00 
2016/07/21 28.55 29.50 28.55 28.85 
2016/07/22 28.95 29.20 28.75 28.80 
2016/07/25 29.30 29.40 28.10 28.45 
2016/07/26 28.90 28.95 28.45 28.80 
2016/07/27 29.10 29.65 28.70 28.95 
2016/07/28 29.00 29.90 28.60 29.30 
2016/07/29 29.45 30.00 29.05 29.40 
2016/08/01 29.40 29.80 29.20 29.20 
2016/08/02 29.25 29.55 29.15 29.35 
2016/08/03 29.10 29.20 28.65 28.75 
2016/08/04 29.00 29.30 28.55 29.20 
2016/08/05 29.20 29.65 28.90 29.10 
2016/08/08 29.50 31.20 29.40 30.20 
2016/08/09 30.30 30.45 28.70 29.20 
2016/08/10 29.45 29.45 28.90 29.00 
2016/08/11 28.90 29.00 27.80 28.10 
2016/08/12 28.45 28.70 28.30 28.50 
2016/08/15 27.65 28.10 27.50 27.90 
2016/08/16 27.90 28.05 27.75 27.80 
2016/08/17 27.75 28.15 27.60 27.75 
2016/08/18 27.70 27.95 27.55 27.75 
2016/08/19 27.75 28.00 27.60 27.65 
2016/08/22 27.55 27.65 27.20 27.30 
2016/08/23 27.35 27.80 27.35 27.75 
2016/08/24 27.80 28.20 27.75 28.15 
2016/08/25 27.00 27.15 26.80 27.00 
2016/08/26 26.90 27.40 26.90 27.15 
2016/08/29 27.30 27.35 26.75 27.00 
2016/08/30 27.00 27.30 26.95 27.05 
2016/08/31 27.10 27.65 27.05 27.40 
2016/09/01 27.50 27.65 27.35 27.50 
2016/09/02 27.70 27.70 27.05 27.05 
2016/09/05 27.20 27.65 27.15 27.50 
2016/09/06 27.65 27.70 27.40 27.50 
2016/09/07 27.60 28.20 27.60 28.05 
2016/09/08 29.40 30.15 29.05 29.05 
2016/09/09 29.15 29.60 28.80 29.55 
2016/09/10 29.00 29.30 28.60 29.25 
2016/09/12 29.50 30.60 29.25 29.85 
2016/09/13 30.40 30.60 29.15 29.50 
2016/09/14 29.30 29.65 28.95 29.05 
2016/09/19 29.40 30.20 29.40 29.65 
2016/09/20 29.65 30.15 29.50 29.50 
2016/09/21 29.75 30.35 29.45 30.30 
2016/09/22 30.80 30.85 29.90 29.90 
2016/09/23 30.05 30.35 29.80 29.80 
2016/09/26 29.80 30.10 29.55 29.60 
2016/09/29 29.60 30.40 29.60 29.60 
2016/09/30 29.55 29.55 29.15 29.45 
2016/10/03 29.55 30.25 29.55 30.05 
2016/10/04 30.20 30.40 29.85 30.35 
2016/10/05 30.35 30.50 30.00 30.40 
2016/10/06 30.65 31.10 30.25 30.25 
2016/10/07 30.20 30.35 29.65 30.15 
2016/10/11 30.15 31.00 29.30 29.45 
2016/10/12 29.25 29.65 28.95 29.30 
2016/10/13 29.20 29.95 29.15 29.80 
2016/10/14 29.70 29.95 28.75 29.00 
2016/10/17 29.00 29.20 28.80 29.00 
2016/10/18 29.05 29.20 28.95 29.20 
2016/10/19 29.20 29.35 29.00 29.00 
2016/10/20 29.00 29.40 28.90 29.15 
2016/10/21 29.30 29.30 28.95 29.10 
2016/10/24 29.10 29.10 28.75 28.90 
2016/10/25 28.90 29.25 28.65 29.05 
2016/10/26 29.00 29.00 28.80 28.80 
2016/10/27 28.80 29.00 28.70 28.75 
2016/10/28 28.75 28.95 28.30 28.40 
2016/10/31 28.30 28.85 27.80 28.75 
2016/11/01 28.60 29.00 28.30 28.70 
2016/11/02 28.40 28.40 27.90 27.90 
2016/11/03 27.55 28.00 27.25 27.45 
2016/11/04 27.35 28.15 27.20 27.70 
2016/11/07 28.15 28.40 27.90 28.15 
2016/11/08 28.35 28.40 27.95 28.25 
2016/11/09 28.25 28.40 25.60 26.85 
2016/11/10 28.35 28.40 27.70 28.05 
2016/11/11 27.70 27.95 27.35 27.85 
2016/11/14 28.20 28.25 27.50 27.75 
2016/11/15 27.95 28.25 27.70 28.10 
2016/11/16 28.15 28.35 27.90 27.90 
2016/11/17 28.05 28.05 27.65 27.95 
2016/11/18 28.00 28.15 27.80 28.05 
2016/11/21 28.20 28.60 28.15 28.30 
2016/11/22 28.30 28.85 28.30 28.30 
2016/11/23 28.40 28.45 28.05 28.15 
2016/11/24 28.20 28.25 27.85 28.05 
2016/11/25 28.15 28.45 28.10 28.30 
2016/11/28 28.40 28.60 27.90 28.05 
2016/11/29 28.15 28.55 27.90 28.40 
2016/11/30 28.40 28.65 28.30 28.40 
2016/12/01 28.40 29.30 28.25 29.30 
2016/12/02 29.40 29.50 28.90 29.05 
2016/12/05 29.05 29.35 28.85 29.20 
2016/12/06 29.45 29.45 29.05 29.40 
2016/12/07 29.55 29.95 29.45 29.60 
2016/12/08 29.85 30.00 29.35 29.40 
2016/12/09 29.50 29.85 29.30 29.80 
2016/12/12 30.05 30.35 29.85 30.15 
2016/12/13 30.35 30.55 30.10 30.55 
2016/12/14 30.80 32.00 30.70 31.35 
2016/12/15 31.80 33.35 31.45 32.60 
2016/12/16 32.90 33.70 32.70 32.70 
2016/12/19 33.00 33.25 32.30 32.60 
2016/12/20 32.80 33.55 32.25 32.25 
2016/12/21 32.50 32.95 32.25 32.50 
2016/12/22 32.65 32.65 31.50 31.60 
2016/12/23 31.75 32.05 31.45 31.85 
2016/12/26 32.35 32.40 31.80 31.80 
2016/12/27 31.80 32.00 31.45 31.45 
2016/12/28 31.50 32.15 31.45 31.85 
2016/12/29 31.80 32.65 31.80 32.45 
2016/12/30 32.75 32.75 32.05 32.70 
2017/01/03 32.90 33.05 32.50 32.55 
2017/01/04 32.50 32.90 32.25 32.40 
2017/01/05 32.70 32.85 32.40 32.45 
2017/01/06 32.70 33.30 32.30 33.10 
2017/01/09 33.10 33.10 30.75 30.80 
2017/01/10 30.80 31.10 30.30 30.65 
2017/01/11 30.80 31.00 30.55 30.55 
2017/01/12 30.55 30.85 30.35 30.55 
2017/01/13 30.55 30.70 30.40 30.45 
2017/01/16 30.30 30.30 29.55 29.90 
2017/01/17 29.90 30.15 29.80 30.05 
2017/01/18 30.15 30.60 30.05 30.50 
2017/01/19 30.35 30.75 30.20 30.60 
2017/01/20 30.50 30.80 30.30 30.30 
2017/01/23 30.35 30.65 30.30 30.55 
2017/01/24 30.50 30.70 30.20 30.45 
2017/02/02 30.45 30.85 30.35 30.60 
2017/02/03 30.65 31.60 30.50 31.60 
2017/02/06 31.60 31.95 31.35 31.35 
2017/02/07 31.30 32.60 31.30 32.20 
2017/02/08 32.85 34.00 32.35 34.00 
