2016/07/01 66.70 67.40 66.20 66.30 
2016/07/04 66.30 67.60 66.20 67.30 
2016/07/05 66.80 68.30 66.50 68.00 
2016/07/06 69.00 72.00 68.20 70.50 
2016/07/07 70.90 72.40 70.90 71.50 
2016/07/11 72.10 73.70 71.70 73.20 
2016/07/12 73.20 73.60 72.10 72.20 
2016/07/13 72.70 73.90 71.60 73.60 
2016/07/14 74.60 79.50 74.50 78.20 
2016/07/15 79.80 80.50 77.60 79.00 
2016/07/18 79.80 80.50 77.10 77.30 
2016/07/19 77.60 80.20 76.50 79.20 
2016/07/20 79.00 81.40 78.50 79.60 
2016/07/21 80.50 80.70 78.50 79.00 
2016/07/22 79.00 79.00 76.60 77.10 
2016/07/25 77.10 77.60 75.20 76.40 
2016/07/26 76.70 76.70 74.50 75.00 
2016/07/27 75.60 77.00 74.70 76.40 
2016/07/28 76.90 76.90 75.80 76.10 
2016/07/29 76.60 78.50 76.00 78.20 
2016/08/01 78.20 80.70 77.50 80.30 
2016/08/02 80.50 80.50 79.40 79.50 
2016/08/03 78.60 79.40 77.50 77.50 
2016/08/04 78.80 78.90 77.00 78.00 
2016/08/05 78.80 78.90 77.40 78.00 
2016/08/08 78.10 78.10 73.50 74.80 
2016/08/09 74.10 75.70 72.00 75.20 
2016/08/10 75.00 75.40 74.00 75.00 
2016/08/11 73.30 73.30 71.50 71.70 
2016/08/12 72.00 73.00 71.40 71.50 
2016/08/15 71.50 72.50 70.40 72.40 
2016/08/16 72.40 72.60 71.60 72.00 
2016/08/17 72.40 72.40 71.00 71.40 
2016/08/18 71.30 73.30 71.30 73.10 
2016/08/19 73.30 75.90 73.30 74.00 
2016/08/22 74.00 74.00 72.30 72.50 
2016/08/23 72.50 73.80 72.50 73.60 
2016/08/24 73.80 74.50 73.20 73.80 
2016/08/25 74.50 75.40 74.00 74.80 
2016/08/26 75.00 75.40 74.50 74.60 
2016/08/29 74.70 74.70 73.40 73.90 
2016/08/30 74.40 74.40 73.70 73.80 
2016/08/31 74.50 75.40 73.60 75.00 
2016/09/01 74.40 75.00 74.10 74.60 
2016/09/02 75.00 75.10 71.90 72.10 
2016/09/05 71.60 72.60 69.80 70.00 
2016/09/06 72.40 72.40 70.20 70.20 
2016/09/07 70.70 71.40 69.70 71.00 
2016/09/08 71.00 71.00 70.20 70.80 
2016/09/09 71.00 71.50 70.60 71.00 
2016/09/10 70.00 70.40 69.80 70.40 
2016/09/12 70.40 70.40 68.80 68.80 
2016/09/13 69.10 69.60 68.30 68.30 
2016/09/14 67.50 68.40 65.00 65.20 
2016/09/19 65.30 66.40 64.50 66.30 
2016/09/20 66.40 66.50 64.90 65.60 
2016/09/21 65.60 65.90 63.90 65.00 
2016/09/22 65.50 65.70 64.30 65.70 
2016/09/23 66.20 66.40 65.50 66.00 
2016/09/26 66.00 66.00 63.60 63.80 
2016/09/29 64.00 64.20 60.70 62.90 
2016/09/30 62.90 64.30 62.90 64.00 
2016/10/03 65.00 65.00 62.90 63.40 
2016/10/04 63.90 63.90 62.30 62.70 
2016/10/05 63.40 64.00 62.80 63.00 
2016/10/06 63.00 63.30 62.70 62.80 
2016/10/07 62.40 64.00 62.10 62.10 
2016/10/11 62.40 62.50 58.80 61.70 
2016/10/12 61.20 61.80 59.90 60.40 
2016/10/13 60.00 60.50 59.10 60.00 
2016/10/14 60.40 60.40 58.10 58.80 
2016/10/17 58.80 63.90 58.00 63.10 
2016/10/18 64.00 64.10 62.50 62.50 
2016/10/19 62.50 63.30 61.80 62.70 
2016/10/20 63.00 64.00 62.70 62.70 
2016/10/21 63.00 63.30 62.10 62.20 
2016/10/24 62.20 62.90 62.20 62.40 
2016/10/25 62.80 63.00 62.20 62.20 
2016/10/26 61.70 62.50 61.70 62.00 
2016/10/27 62.30 63.30 62.30 62.70 
2016/10/28 62.90 63.20 61.90 63.00 
2016/10/31 63.20 63.20 62.40 63.00 
2016/11/01 63.50 63.50 62.60 62.60 
2016/11/02 62.20 62.20 59.70 59.90 
2016/11/03 60.40 60.60 58.50 59.00 
2016/11/04 58.60 59.70 58.60 59.20 
2016/11/07 59.50 60.00 59.10 59.40 
2016/11/08 59.90 59.90 58.90 59.00 
2016/11/09 59.20 59.30 56.00 56.60 
2016/11/10 57.10 60.90 57.10 60.50 
2016/11/11 59.50 61.90 58.20 59.90 
2016/11/14 61.10 63.00 60.30 62.50 
2016/11/15 62.30 64.60 62.10 64.20 
2016/11/16 64.90 64.90 63.70 63.70 
2016/11/17 63.80 64.10 62.70 63.10 
2016/11/18 63.80 64.40 63.00 63.60 
2016/11/21 64.00 65.40 63.20 64.30 
2016/11/22 64.80 65.60 63.70 64.80 
2016/11/23 65.60 68.50 64.80 67.70 
2016/11/24 67.70 68.00 66.50 66.50 
2016/11/25 67.20 68.40 66.80 67.20 
2016/11/28 67.50 67.50 65.70 65.70 
2016/11/29 65.50 66.50 65.30 65.30 
2016/11/30 64.80 65.10 63.10 64.60 
2016/12/01 64.90 65.40 64.30 64.90 
2016/12/02 64.00 64.50 63.60 64.00 
2016/12/05 64.10 65.30 63.90 64.70 
2016/12/06 64.50 66.30 64.50 65.30 
2016/12/07 65.90 66.40 65.60 66.00 
2016/12/08 66.60 68.50 65.80 68.40 
2016/12/09 68.50 70.00 67.40 69.30 
2016/12/12 69.70 70.20 68.20 68.50 
2016/12/13 67.20 68.70 66.30 66.50 
2016/12/14 66.90 66.90 65.70 66.40 
2016/12/15 66.00 66.70 64.30 65.40 
2016/12/16 65.80 67.30 65.00 66.70 
2016/12/19 66.90 67.80 66.30 66.70 
2016/12/20 66.70 66.90 66.00 66.30 
2016/12/21 66.30 66.80 65.60 65.80 
2016/12/22 66.20 66.20 65.00 65.00 
2016/12/23 64.90 65.40 64.40 64.60 
2016/12/26 64.50 65.80 64.40 64.80 
2016/12/27 65.20 66.70 65.00 66.50 
2016/12/28 66.50 67.50 66.10 67.10 
2016/12/29 67.10 68.30 67.10 68.30 
2016/12/30 68.60 69.40 68.50 69.30 
2017/01/03 69.30 70.70 69.20 70.70 
2017/01/04 70.50 71.60 70.00 71.40 
2017/01/05 71.60 72.00 70.00 70.10 
2017/01/06 70.10 70.60 68.90 70.00 
2017/01/09 71.00 71.00 69.30 69.60 
2017/01/10 69.30 69.30 68.00 68.30 
2017/01/11 66.80 68.50 66.20 67.60 
2017/01/12 67.90 69.50 67.60 68.00 
2017/01/13 67.50 69.80 67.50 69.70 
2017/01/16 70.40 70.40 68.00 68.00 
2017/01/17 68.20 69.60 68.20 68.90 
2017/01/18 68.90 69.70 68.40 68.80 
2017/01/19 69.40 70.80 68.90 69.60 
2017/01/20 69.50 69.70 68.30 68.70 
2017/01/23 68.60 69.00 68.00 68.30 
2017/01/24 68.20 68.30 67.00 67.30 
2017/02/02 67.30 67.50 65.70 66.00 
2017/02/03 66.00 66.20 64.80 65.30 
2017/02/06 65.50 66.40 64.70 65.80 
2017/02/07 65.70 65.70 63.30 63.70 
2017/02/08 64.00 64.00 61.80 62.00 
