2016/07/01 8.20 8.35 8.20 8.35 
2016/07/04 8.54 8.54 8.54 8.54 
2016/07/06 8.50 8.50 8.50 8.50 
2016/07/12 8.00 8.30 7.57 7.94 
2016/07/13 7.90 8.21 7.57 8.21 
2016/07/14 8.29 8.29 8.29 8.29 
2016/07/19 8.00 8.28 8.00 8.28 
2016/07/29 8.00 8.16 8.00 8.16 
2016/08/03 8.28 8.28 8.28 8.28 
2016/08/05 7.90 8.14 7.90 8.14 
2016/08/10 7.91 7.91 7.90 7.90 
2016/08/11 8.07 8.07 8.07 8.07 
2016/08/12 7.80 8.30 7.80 8.30 
2016/08/15 8.29 8.95 8.29 8.95 
2016/08/16 8.30 8.59 8.29 8.59 
2016/08/17 8.44 8.56 8.44 8.56 
2016/08/18 8.88 8.88 8.88 8.88 
2016/08/19 9.50 9.50 8.60 8.60 
2016/08/25 9.40 9.40 9.40 9.40 
2016/08/26 8.70 8.70 8.60 8.70 
2016/08/29 8.40 8.70 7.90 8.65 
2016/08/30 8.11 8.62 8.11 8.57 
2016/08/31 8.55 8.70 8.51 8.70 
2016/09/01 9.20 9.20 9.20 9.20 
2016/09/02 8.28 8.81 8.28 8.80 
2016/09/05 9.12 9.17 9.12 9.17 
2016/09/07 8.30 9.04 8.30 9.04 
2016/09/08 9.27 9.55 9.27 9.55 
2016/09/09 9.50 9.50 9.50 9.50 
2016/09/10 9.85 9.85 9.85 9.85 
2016/09/12 8.90 9.39 8.90 9.39 
2016/09/13 9.00 9.35 9.00 9.35 
2016/09/14 8.43 9.10 8.43 9.10 
2016/09/19 8.31 8.31 8.31 8.31 
2016/09/20 8.95 8.95 8.63 8.64 
2016/09/22 8.40 8.94 8.40 8.94 
2016/09/23 8.29 9.72 8.29 9.72 
2016/09/30 9.90 9.90 9.90 9.90 
2016/10/04 9.58 9.58 8.89 9.58 
2016/10/06 9.20 9.48 9.20 9.48 
2016/10/07 9.10 9.13 9.10 9.10 
2016/10/11 9.36 9.36 9.36 9.36 
2016/10/12 9.00 9.27 9.00 9.27 
2016/10/18 9.24 9.24 9.24 9.24 
2016/10/19 9.24 9.24 9.24 9.24 
2016/10/20 9.24 9.24 9.24 9.24 
2016/10/21 9.24 9.24 9.24 9.24 
2016/10/25 9.19 9.19 9.19 9.19 
2016/10/31 9.26 9.26 9.26 9.26 
2016/11/09 9.10 9.10 9.10 9.10 
2016/11/10 9.10 9.10 9.10 9.10 
2016/11/14 8.47 8.47 8.47 8.47 
2016/11/17 9.18 9.18 9.18 9.18 
2016/11/25 8.21 8.21 8.20 8.20 
2016/11/28 8.19 8.20 8.19 8.20 
2016/11/30 8.28 8.28 8.27 8.27 
2016/12/02 8.15 8.45 8.15 8.45 
2016/12/05 8.75 8.75 8.75 8.75 
2016/12/06 8.64 9.62 8.64 9.62 
2016/12/07 9.51 9.51 9.04 9.40 
2016/12/08 9.88 9.88 9.88 9.88 
2016/12/09 8.93 9.53 8.92 9.53 
2016/12/12 9.77 9.77 9.77 9.77 
2016/12/13 8.90 9.36 8.90 9.36 
2016/12/14 9.66 9.66 9.66 9.66 
2016/12/16 9.62 9.62 9.62 9.62 
2016/12/19 9.55 10.25 9.55 10.00 
2016/12/20 9.50 10.05 9.02 10.00 
2016/12/21 9.80 10.00 9.80 10.00 
2016/12/22 9.70 10.00 9.69 10.00 
2016/12/27 9.21 9.90 9.20 9.90 
2016/12/29 9.20 9.67 9.20 9.67 
2016/12/30 9.20 9.48 9.20 9.48 
2017/01/04 10.35 10.85 10.20 10.20 
2017/01/05 10.25 10.30 10.00 10.00 
2017/01/09 9.34 9.99 9.34 9.99 
2017/01/10 9.00 9.88 9.00 9.88 
2017/01/19 9.45 9.45 9.45 9.45 
2017/01/23 9.39 9.60 9.39 9.60 
2017/01/24 9.70 9.70 9.70 9.70 
2017/02/02 9.71 10.65 9.71 10.65 
2017/02/03 10.70 10.70 10.15 10.50 
2017/02/06 10.30 10.90 10.20 10.90 
2017/02/07 10.85 10.90 10.65 10.90 
2017/02/08 10.85 11.30 10.85 11.30 
