2016/07/01 166.50 167.00 165.00 165.50 
2016/07/04 165.00 165.50 164.00 164.50 
2016/07/05 164.00 164.00 163.50 163.50 
2016/07/06 163.50 163.50 162.00 163.00 
2016/07/07 163.00 165.00 163.00 164.50 
2016/07/11 164.50 172.00 164.50 170.50 
2016/07/12 171.00 172.00 170.50 170.50 
2016/07/13 170.00 170.00 167.50 170.00 
2016/07/14 170.00 171.00 168.50 169.50 
2016/07/15 169.50 173.00 169.50 171.00 
2016/07/18 171.00 173.00 171.00 171.50 
2016/07/19 171.50 171.50 168.50 170.00 
2016/07/20 170.00 174.50 170.00 173.00 
2016/07/21 173.00 176.50 173.00 176.50 
2016/07/22 174.00 177.00 174.00 176.50 
2016/07/25 173.00 177.00 173.00 175.50 
2016/07/26 175.50 178.50 175.50 178.00 
2016/07/27 180.00 180.00 176.50 178.50 
2016/07/28 178.50 180.00 178.00 179.50 
2016/07/29 179.50 181.50 179.00 179.00 
2016/08/01 179.00 180.00 177.00 177.50 
2016/08/02 177.50 179.50 177.50 179.00 
2016/08/03 180.00 180.00 178.00 180.00 
2016/08/04 181.50 181.50 178.00 178.00 
2016/08/05 178.00 179.50 178.00 178.50 
2016/08/08 177.00 178.00 177.00 177.00 
2016/08/09 177.50 178.00 175.00 175.00 
2016/08/10 175.00 176.00 172.50 175.00 
2016/08/11 175.00 177.00 175.00 177.00 
2016/08/12 177.50 179.50 177.50 178.00 
2016/08/15 177.00 180.00 176.00 179.00 
2016/08/16 179.00 179.00 177.00 177.00 
2016/08/17 176.00 178.00 175.00 175.00 
2016/08/18 175.00 176.00 175.00 175.00 
2016/08/19 176.00 181.50 174.00 176.50 
2016/08/22 173.00 175.50 171.50 173.00 
2016/08/23 175.00 175.00 173.00 174.00 
2016/08/24 167.00 168.50 166.00 166.00 
2016/08/25 165.00 167.00 165.00 165.50 
2016/08/26 166.00 166.00 165.00 165.00 
2016/08/29 165.50 167.00 164.50 165.50 
2016/08/30 165.50 165.50 165.00 165.00 
2016/08/31 165.50 166.00 165.00 166.00 
2016/09/01 165.50 168.00 165.00 167.00 
2016/09/02 168.00 168.00 166.50 167.50 
2016/09/05 167.50 167.50 167.50 167.50 
2016/09/06 168.00 170.50 168.00 170.50 
2016/09/07 170.50 170.50 169.00 170.00 
2016/09/08 168.00 171.00 168.00 170.00 
2016/09/09 168.50 168.50 166.50 167.00 
2016/09/10 167.00 167.50 165.50 166.50 
2016/09/12 166.50 167.50 166.50 167.00 
2016/09/13 167.00 167.50 165.00 165.00 
2016/09/14 165.00 165.50 164.50 165.50 
2016/09/19 165.50 166.00 165.50 166.00 
2016/09/20 166.00 166.00 165.00 165.00 
2016/09/21 164.00 164.00 162.00 164.00 
2016/09/22 165.50 166.50 163.00 163.50 
2016/09/23 165.00 167.50 165.00 167.50 
2016/09/26 167.00 167.00 164.00 164.50 
2016/09/29 162.50 163.00 160.50 161.50 
2016/09/30 161.50 161.50 155.50 157.00 
2016/10/03 158.00 160.00 156.00 156.50 
2016/10/04 156.50 157.00 156.00 156.50 
2016/10/05 156.50 157.00 153.50 157.00 
2016/10/06 158.00 158.00 155.00 157.00 
2016/10/07 158.50 158.50 156.00 157.50 
2016/10/11 157.50 157.50 150.50 150.50 
2016/10/12 150.50 152.50 145.50 146.00 
2016/10/13 145.50 146.50 143.50 144.50 
2016/10/14 146.00 155.50 145.50 154.00 
2016/10/17 154.00 158.50 154.00 157.50 
2016/10/18 157.50 158.50 156.00 157.50 
2016/10/19 157.00 157.50 155.50 156.50 
2016/10/20 156.00 158.50 156.00 158.50 
2016/10/21 156.00 158.50 156.00 158.00 
2016/10/24 157.00 159.00 156.00 158.00 
2016/10/25 157.50 158.00 156.00 157.00 
2016/10/26 157.00 157.50 157.00 157.50 
2016/10/27 156.00 156.00 150.00 151.00 
2016/10/28 152.00 153.50 150.50 151.00 
2016/10/31 152.00 156.00 150.00 151.00 
2016/11/01 151.00 154.50 151.00 154.50 
2016/11/02 154.50 154.50 151.00 152.50 
2016/11/03 152.50 154.00 151.50 151.50 
2016/11/04 151.50 153.50 151.50 153.00 
2016/11/07 153.00 154.50 152.50 154.50 
2016/11/08 153.00 154.50 152.50 154.00 
2016/11/09 154.00 154.00 150.50 153.00 
2016/11/10 154.00 155.00 152.00 152.00 
2016/11/11 152.50 152.50 149.00 150.00 
2016/11/14 151.00 152.00 150.00 150.50 
2016/11/15 151.00 153.50 151.00 153.00 
2016/11/16 154.00 158.00 154.00 158.00 
2016/11/17 158.00 168.00 158.00 168.00 
2016/11/18 165.50 168.00 165.50 166.00 
2016/11/21 167.00 168.00 167.00 168.00 
2016/11/22 169.50 171.00 168.50 170.00 
2016/11/23 170.00 170.00 168.50 168.50 
2016/11/24 168.00 168.50 168.00 168.50 
2016/11/25 168.00 169.50 168.00 169.00 
2016/11/28 169.00 170.00 168.50 169.50 
2016/11/29 169.50 169.50 167.00 167.00 
2016/11/30 164.50 168.00 164.50 166.50 
2016/12/01 166.50 166.50 166.00 166.50 
2016/12/02 166.00 169.00 166.00 168.00 
2016/12/05 168.00 169.50 168.00 169.00 
2016/12/06 170.00 170.00 169.00 169.50 
2016/12/07 169.00 172.00 169.00 172.00 
2016/12/08 172.00 172.00 169.50 170.00 
2016/12/09 170.50 171.00 169.50 170.00 
2016/12/12 170.00 170.00 167.00 167.00 
2016/12/13 167.00 175.00 167.00 170.00 
2016/12/14 168.50 172.00 168.50 169.00 
2016/12/15 169.00 171.50 167.00 168.00 
2016/12/16 168.00 171.50 168.00 170.00 
2016/12/19 170.50 170.50 167.00 167.00 
2016/12/20 167.00 169.50 167.00 168.00 
2016/12/21 168.00 168.00 168.00 168.00 
2016/12/22 170.50 170.50 169.00 169.00 
2016/12/23 168.50 168.50 168.50 168.50 
2016/12/26 169.00 170.50 168.50 168.50 
2016/12/27 168.50 168.50 168.50 168.50 
2016/12/28 167.00 168.50 167.00 167.50 
2016/12/29 167.00 167.50 167.00 167.50 
2016/12/30 169.50 171.00 169.50 170.50 
2017/01/03 170.00 172.00 168.00 171.00 
2017/01/04 171.00 173.00 171.00 173.00 
2017/01/05 171.50 174.00 171.50 173.00 
2017/01/06 173.00 175.00 173.00 174.00 
2017/01/09 174.00 174.00 172.50 174.00 
2017/01/10 172.00 174.50 172.00 174.50 
2017/01/11 172.00 174.50 172.00 174.00 
2017/01/12 174.00 174.00 172.00 173.00 
2017/01/13 173.50 173.50 170.50 171.00 
2017/01/16 172.50 172.50 170.50 170.50 
2017/01/17 170.50 173.50 170.50 170.50 
2017/01/18 170.00 174.00 170.00 171.50 
2017/01/19 170.00 171.50 170.00 171.50 
2017/01/20 171.00 171.00 171.00 171.00 
2017/01/23 171.00 172.00 171.00 171.50 
2017/01/24 173.00 175.00 173.00 175.00 
2017/02/02 175.00 180.00 174.00 178.50 
2017/02/03 179.50 180.00 178.00 178.00 
2017/02/06 173.00 176.50 173.00 176.00 
2017/02/07 176.50 177.00 175.00 176.00 
2017/02/08 176.00 177.00 174.00 174.00 
