2016/07/01 7.64 7.65 7.60 7.62 
2016/07/04 7.68 7.80 7.68 7.75 
2016/07/05 7.70 7.76 7.70 7.76 
2016/07/06 7.76 8.48 7.76 8.05 
2016/07/07 8.42 8.44 8.00 8.05 
2016/07/11 8.40 8.83 8.25 8.35 
2016/07/12 8.35 9.18 8.35 9.10 
2016/07/13 9.20 9.50 9.10 9.12 
2016/07/14 9.12 9.12 8.80 8.86 
2016/07/15 8.78 8.80 8.70 8.71 
2016/07/18 8.80 8.92 8.75 8.92 
2016/07/19 9.00 9.07 8.95 8.98 
2016/07/20 8.98 9.00 8.88 8.89 
2016/07/21 9.00 9.00 8.89 8.90 
2016/07/22 8.90 8.90 8.83 8.83 
2016/07/25 9.00 9.09 8.90 9.00 
2016/07/26 8.90 9.00 8.88 8.89 
2016/07/27 8.89 9.15 8.89 8.91 
2016/07/28 8.93 9.15 8.93 9.04 
2016/07/29 9.10 9.25 9.05 9.13 
2016/08/01 8.91 10.00 8.89 9.62 
2016/08/02 9.50 9.60 9.20 9.45 
2016/08/03 9.45 9.45 9.21 9.23 
2016/08/04 9.70 9.99 9.30 9.40 
2016/08/05 9.45 9.53 9.10 9.15 
2016/08/08 9.05 9.05 8.80 8.81 
2016/08/09 8.81 9.00 8.81 8.88 
2016/08/10 8.88 9.49 8.88 9.22 
2016/08/11 8.85 9.20 8.85 9.20 
2016/08/12 9.15 9.17 8.88 9.03 
2016/08/15 9.02 9.02 8.88 8.95 
2016/08/16 8.85 8.95 8.85 8.95 
2016/08/17 8.95 9.00 8.83 8.98 
2016/08/18 8.98 9.07 8.80 8.88 
2016/08/19 8.99 8.99 8.94 8.94 
2016/08/22 9.00 9.00 8.80 8.94 
2016/08/23 8.80 8.90 8.80 8.90 
2016/08/24 8.90 9.04 8.80 9.04 
2016/08/25 9.04 9.05 8.88 9.00 
2016/08/26 9.00 9.42 9.00 9.11 
2016/08/29 9.11 9.29 9.06 9.20 
2016/08/30 9.10 9.19 9.08 9.17 
2016/08/31 9.05 9.05 8.91 9.00 
2016/09/01 8.99 9.05 8.99 9.00 
2016/09/02 8.96 9.11 8.96 9.01 
2016/09/05 9.05 9.05 8.94 8.95 
2016/09/06 8.88 9.00 8.88 9.00 
2016/09/07 9.00 9.04 9.00 9.04 
2016/09/08 9.20 9.90 9.20 9.45 
2016/09/09 9.62 10.20 9.62 9.71 
2016/09/10 9.45 9.76 9.24 9.38 
2016/09/12 9.40 9.40 9.20 9.31 
2016/09/13 9.40 9.40 9.23 9.26 
2016/09/14 9.26 9.75 9.23 9.45 
2016/09/19 9.49 9.70 9.49 9.62 
2016/09/20 9.60 9.60 9.42 9.58 
2016/09/21 9.50 9.66 9.49 9.64 
2016/09/22 9.70 9.70 9.42 9.58 
2016/09/23 9.58 9.98 9.58 9.95 
2016/09/26 10.20 10.90 10.20 10.90 
2016/09/29 11.95 11.95 11.95 11.95 
2016/09/30 11.95 12.80 11.00 12.20 
2016/10/03 12.10 12.20 11.30 11.75 
2016/10/04 11.90 12.20 11.50 11.80 
2016/10/05 12.00 12.95 11.60 12.95 
2016/10/06 13.30 14.10 13.15 13.50 
2016/10/07 13.15 14.00 12.50 13.35 
2016/10/11 13.40 13.40 12.05 12.40 
2016/10/12 12.20 12.50 11.85 11.95 
2016/10/13 12.30 12.50 11.85 12.10 
2016/10/14 11.90 12.35 11.50 11.90 
2016/10/17 11.65 12.95 11.60 12.95 
2016/10/18 12.50 13.95 12.50 13.50 
2016/10/19 13.80 13.90 12.50 12.50 
2016/11/03 20.85 20.85 18.75 18.75 
2016/11/04 17.80 18.20 17.00 17.05 
2016/11/07 17.05 18.60 16.20 18.60 
2016/11/08 18.60 18.90 17.55 18.55 
2016/11/09 18.60 18.70 16.80 16.80 
2016/11/10 17.35 17.60 17.05 17.10 
2016/11/11 16.00 16.25 15.60 16.05 
2016/11/14 16.15 16.15 15.80 15.95 
2016/11/15 16.15 16.15 15.80 15.90 
2016/11/16 15.70 16.00 15.70 15.75 
2016/11/17 15.75 17.30 15.60 17.30 
2016/11/18 17.00 18.20 16.80 17.60 
2016/11/21 17.50 17.50 16.85 17.05 
2016/11/22 17.05 17.35 16.85 17.05 
2016/11/23 17.05 17.40 16.95 17.10 
2016/11/24 16.90 17.20 16.90 17.00 
2016/11/25 17.00 17.80 17.00 17.40 
2016/11/28 17.40 17.40 16.90 17.15 
2016/11/29 17.10 17.20 17.00 17.05 
2016/11/30 17.05 17.05 16.65 16.70 
2016/12/01 16.60 16.80 16.55 16.55 
2016/12/02 16.50 16.50 16.00 16.10 
2016/12/05 16.05 16.30 16.00 16.05 
2016/12/06 16.05 16.50 16.05 16.20 
2016/12/07 16.20 17.30 16.20 17.00 
2016/12/08 16.95 16.95 16.50 16.50 
2016/12/09 16.65 17.10 16.55 16.55 
2016/12/12 16.35 17.10 16.35 16.65 
2016/12/13 16.35 16.90 16.35 16.65 
2016/12/14 16.65 16.70 16.45 16.50 
2016/12/15 16.50 16.75 16.50 16.55 
2016/12/16 16.55 16.80 16.30 16.30 
2016/12/19 16.30 16.70 16.25 16.60 
2016/12/20 16.55 16.55 16.30 16.40 
2016/12/21 16.40 16.70 16.20 16.20 
2016/12/22 16.20 16.30 16.20 16.25 
2016/12/23 16.25 16.30 16.20 16.30 
2016/12/26 16.30 16.30 16.20 16.20 
2016/12/27 16.20 16.30 16.15 16.20 
2016/12/28 16.35 16.50 16.30 16.30 
2016/12/29 16.25 16.30 16.10 16.25 
2016/12/30 16.30 16.50 16.25 16.30 
2017/01/03 16.70 16.70 16.30 16.30 
2017/01/04 16.30 16.30 16.25 16.25 
2017/01/05 16.25 16.45 16.25 16.35 
2017/01/06 16.45 16.45 16.30 16.45 
2017/01/09 16.40 16.45 16.30 16.45 
2017/01/10 16.45 18.05 16.45 17.65 
2017/01/11 17.50 17.50 16.60 16.75 
2017/01/12 16.75 16.80 16.65 16.70 
2017/01/13 16.60 16.70 16.50 16.70 
2017/01/16 16.60 16.60 16.45 16.55 
2017/01/17 16.60 16.60 16.50 16.55 
2017/01/18 16.55 16.55 16.45 16.50 
2017/01/19 16.50 17.15 16.50 16.65 
2017/01/20 16.65 17.60 16.65 16.70 
2017/01/23 16.65 17.30 16.60 16.65 
2017/01/24 16.75 16.85 16.60 16.60 
2017/02/02 16.65 17.30 16.65 17.20 
2017/02/03 17.35 18.90 17.35 18.90 
2017/02/06 20.75 20.75 20.75 20.75 
2017/02/07 22.80 22.80 21.60 22.80 
2017/02/08 22.90 23.10 22.20 22.70 
