2016/07/01 23.80 24.05 23.75 23.80 
2016/07/04 23.85 23.85 23.60 23.80 
2016/07/05 23.80 23.90 23.65 23.90 
2016/07/06 23.70 23.80 23.50 23.60 
2016/07/07 23.55 23.60 23.35 23.60 
2016/07/11 23.50 23.50 23.10 23.30 
2016/07/12 23.30 23.35 23.15 23.30 
2016/07/13 23.30 24.05 23.15 24.05 
2016/07/14 23.90 24.05 23.65 24.00 
2016/07/15 24.00 24.00 23.80 24.00 
2016/07/18 24.00 24.00 23.85 23.95 
2016/07/19 23.95 24.05 23.85 23.95 
2016/07/20 23.85 23.85 23.60 23.70 
2016/07/21 23.75 24.25 23.75 24.05 
2016/07/22 24.10 24.30 23.90 24.15 
2016/07/25 24.15 25.10 24.10 25.00 
2016/07/26 25.15 25.50 24.65 24.95 
2016/07/27 24.95 25.05 24.70 24.75 
2016/07/28 24.75 24.75 24.60 24.60 
2016/07/29 24.60 24.80 24.55 24.75 
2016/08/01 24.75 24.85 24.65 24.75 
2016/08/02 24.70 25.00 24.60 24.90 
2016/08/03 24.80 25.05 24.80 25.05 
2016/08/04 25.15 25.15 24.90 25.05 
2016/08/05 25.05 25.05 24.80 24.85 
2016/08/08 24.85 24.85 24.35 24.40 
2016/08/09 24.55 24.55 23.90 24.30 
2016/08/10 24.25 24.25 23.75 23.75 
2016/08/11 23.85 23.85 23.60 23.75 
2016/08/12 23.75 23.95 23.65 23.95 
2016/08/15 23.95 23.95 23.50 23.70 
2016/08/16 23.70 23.70 23.35 23.50 
2016/08/17 23.50 23.60 23.45 23.60 
2016/08/18 23.50 23.80 23.50 23.75 
2016/08/19 23.85 23.85 23.65 23.75 
2016/08/22 23.70 23.70 23.50 23.60 
2016/08/23 23.50 23.55 23.40 23.40 
2016/08/24 23.35 23.45 23.30 23.30 
2016/08/25 23.20 23.60 23.20 23.60 
2016/08/26 23.45 23.60 23.45 23.55 
2016/08/29 23.55 23.55 23.30 23.45 
2016/08/30 23.45 23.50 23.40 23.50 
2016/08/31 23.50 23.55 23.30 23.45 
2016/09/01 23.40 23.40 23.25 23.30 
2016/09/02 23.25 23.25 22.80 22.90 
2016/09/05 22.90 23.15 22.90 23.00 
2016/09/06 23.00 23.05 22.90 23.05 
2016/09/07 23.05 23.25 23.05 23.25 
2016/09/08 23.20 23.25 23.00 23.10 
2016/09/09 22.95 23.25 22.95 23.25 
2016/09/10 23.20 23.25 23.00 23.15 
2016/09/12 23.20 23.20 23.00 23.15 
2016/09/13 23.10 23.20 22.90 23.10 
2016/09/14 23.05 23.05 22.85 22.95 
2016/09/19 23.00 23.15 23.00 23.10 
2016/09/20 23.00 23.05 22.95 23.05 
2016/09/21 23.00 23.15 23.00 23.10 
2016/09/22 23.30 23.65 23.20 23.50 
2016/09/23 23.60 23.60 23.20 23.40 
2016/09/26 23.40 23.45 23.40 23.45 
2016/09/29 23.60 23.60 23.30 23.40 
2016/09/30 23.45 23.50 23.25 23.50 
2016/10/03 23.50 23.55 23.40 23.55 
2016/10/04 23.60 23.70 23.50 23.60 
2016/10/05 23.60 23.65 23.40 23.60 
2016/10/06 23.60 23.60 23.40 23.40 
2016/10/07 23.40 23.45 23.20 23.30 
2016/10/11 23.30 23.30 22.70 23.00 
2016/10/12 23.00 23.10 22.85 23.00 
2016/10/13 23.00 23.00 22.70 22.90 
2016/10/14 22.80 22.80 22.40 22.60 
2016/10/17 22.50 22.50 22.15 22.45 
2016/10/18 22.45 22.60 22.35 22.60 
2016/10/19 22.70 22.70 22.55 22.65 
2016/10/20 22.70 22.80 22.65 22.75 
2016/10/21 22.75 22.75 22.65 22.70 
2016/10/24 22.70 22.70 22.55 22.70 
2016/10/25 22.75 22.80 22.65 22.75 
2016/10/26 22.75 22.80 22.60 22.80 
2016/10/27 22.80 22.85 22.75 22.85 
2016/10/28 22.65 23.20 22.65 23.20 
2016/10/31 23.25 23.25 23.00 23.25 
2016/11/01 23.05 23.15 23.00 23.05 
2016/11/02 22.80 23.00 22.80 22.80 
2016/11/03 22.70 23.00 22.65 22.70 
2016/11/04 22.70 22.95 22.70 22.80 
2016/11/07 22.90 23.00 22.85 22.95 
2016/11/08 23.05 23.05 22.85 23.00 
2016/11/09 22.95 23.05 22.50 22.70 
2016/11/10 23.05 23.75 23.05 23.70 
2016/11/11 23.60 23.60 23.15 23.25 
2016/11/14 23.10 23.15 22.90 22.90 
2016/11/15 23.10 23.10 22.85 23.00 
2016/11/16 23.10 23.25 23.10 23.20 
2016/11/17 23.20 23.25 23.05 23.25 
2016/11/18 23.10 23.40 23.10 23.35 
2016/11/21 23.35 23.40 23.25 23.40 
2016/11/22 23.30 23.45 23.25 23.30 
2016/11/23 23.40 23.40 23.20 23.35 
2016/11/24 23.35 23.40 23.25 23.40 
2016/11/25 23.40 23.45 23.30 23.40 
2016/11/28 23.60 24.10 23.60 23.85 
2016/11/29 23.95 23.95 23.70 23.90 
2016/11/30 23.95 23.95 23.80 23.80 
2016/12/01 23.70 23.80 23.55 23.75 
2016/12/02 23.75 23.75 23.55 23.55 
2016/12/05 23.55 23.65 23.40 23.40 
2016/12/06 23.50 23.55 23.40 23.50 
2016/12/07 23.55 23.75 23.55 23.75 
2016/12/08 23.80 24.15 23.75 24.15 
2016/12/09 24.20 24.40 24.20 24.20 
2016/12/12 24.45 24.85 24.35 24.65 
2016/12/13 24.65 25.20 24.40 25.15 
2016/12/14 26.00 26.25 25.80 25.85 
2016/12/15 25.85 26.10 25.50 25.90 
2016/12/16 25.80 26.30 25.80 26.00 
2016/12/19 26.45 26.45 25.85 25.90 
2016/12/20 26.00 26.00 25.40 25.75 
2016/12/21 25.70 25.75 25.45 25.50 
2016/12/22 25.45 25.60 25.00 25.00 
2016/12/23 24.95 25.10 24.80 25.00 
2016/12/26 25.00 25.40 24.80 25.30 
2016/12/27 25.45 25.75 25.40 25.65 
2016/12/28 25.80 25.90 25.45 25.45 
2016/12/29 25.30 25.40 25.20 25.35 
2016/12/30 25.45 25.45 25.20 25.45 
2017/01/03 25.45 25.95 25.45 25.95 
2017/01/04 25.95 26.10 25.85 26.05 
2017/01/05 26.05 26.10 25.70 25.90 
2017/01/06 25.90 25.95 25.70 25.80 
2017/01/09 26.00 26.30 25.70 26.15 
2017/01/10 26.00 26.00 25.70 25.85 
2017/01/11 25.80 25.90 25.65 25.70 
2017/01/12 25.75 25.85 25.45 25.65 
2017/01/13 25.55 25.65 25.25 25.25 
2017/01/16 25.10 25.15 24.75 24.85 
2017/01/17 24.80 25.10 24.80 25.10 
2017/01/18 25.05 25.10 24.90 25.00 
2017/01/19 25.00 25.25 24.80 25.00 
2017/01/20 25.00 25.05 24.85 25.05 
2017/01/23 24.90 25.10 24.90 25.00 
2017/01/24 24.90 25.05 24.90 25.00 
2017/02/02 25.10 25.15 24.90 25.00 
2017/02/03 25.05 25.10 24.90 25.00 
2017/02/06 25.10 25.50 25.05 25.35 
2017/02/07 25.45 25.70 25.45 25.50 
2017/02/08 25.50 25.50 25.25 25.50 
