2016/07/01 10.20 10.30 10.20 10.20 
2016/07/04 10.20 10.20 10.10 10.10 
2016/07/05 10.35 10.35 10.10 10.20 
2016/07/06 10.35 10.35 10.10 10.10 
2016/07/07 10.15 10.85 10.10 10.85 
2016/07/11 10.95 11.05 10.20 10.35 
2016/07/12 10.50 10.65 10.25 10.25 
2016/07/13 10.25 10.30 10.20 10.25 
2016/07/14 10.50 10.55 10.25 10.45 
2016/07/15 10.50 10.50 10.30 10.35 
2016/07/18 10.25 10.40 10.25 10.35 
2016/07/19 10.25 10.35 10.15 10.35 
2016/07/20 10.35 10.35 10.10 10.25 
2016/07/21 10.20 10.50 10.20 10.35 
2016/07/22 10.35 10.45 10.30 10.30 
2016/07/25 10.30 10.55 10.25 10.30 
2016/07/26 10.30 10.40 10.30 10.30 
2016/07/27 10.30 10.35 10.20 10.25 
2016/07/28 10.10 10.30 10.10 10.15 
2016/07/29 10.25 10.50 10.15 10.30 
2016/08/01 10.45 10.45 10.20 10.25 
2016/08/02 10.30 10.40 10.30 10.30 
2016/08/03 10.20 10.30 10.20 10.25 
2016/08/04 10.25 10.30 10.20 10.25 
2016/08/05 10.25 10.75 10.25 10.50 
2016/08/08 10.80 11.15 10.65 10.90 
2016/08/09 11.05 11.05 10.50 10.55 
2016/08/10 10.55 10.55 10.20 10.35 
2016/08/11 10.30 10.30 10.05 10.10 
2016/08/12 10.10 10.15 10.05 10.05 
2016/08/15 10.05 10.05 9.85 9.89 
2016/08/16 9.90 9.94 9.84 9.84 
2016/08/17 9.77 9.79 9.65 9.79 
2016/08/18 10.00 10.20 9.90 9.92 
2016/08/19 9.96 9.96 9.85 9.85 
2016/08/22 9.94 9.94 9.71 9.78 
2016/08/23 9.70 9.79 9.68 9.76 
2016/08/24 9.70 9.76 9.65 9.66 
2016/08/25 9.72 9.72 9.52 9.52 
2016/08/26 9.62 9.73 9.61 9.70 
2016/08/29 9.70 9.82 9.66 9.75 
2016/08/30 9.60 9.86 9.60 9.86 
2016/08/31 9.86 9.90 9.70 9.90 
2016/09/01 9.90 9.90 9.82 9.82 
2016/09/02 9.78 9.78 9.69 9.73 
2016/09/05 9.80 9.80 9.65 9.72 
2016/09/06 9.70 9.74 9.65 9.70 
2016/09/07 9.60 9.70 9.60 9.70 
2016/09/08 9.75 9.85 9.71 9.84 
2016/09/09 9.80 9.80 9.67 9.68 
2016/09/10 9.66 9.70 9.62 9.70 
2016/09/12 9.65 9.65 9.56 9.57 
2016/09/13 9.56 9.56 9.26 9.42 
2016/09/14 9.42 9.42 9.19 9.20 
2016/09/19 9.22 9.40 9.22 9.25 
2016/09/20 9.24 9.25 9.00 9.12 
2016/09/21 9.02 9.90 9.00 9.78 
2016/09/22 9.80 9.85 9.66 9.74 
2016/09/23 9.80 10.35 9.80 10.10 
2016/09/26 10.15 10.25 9.90 9.91 
2016/09/29 10.00 10.15 9.91 10.00 
2016/09/30 9.88 10.05 9.88 9.90 
2016/10/03 9.90 9.99 9.86 9.86 
2016/10/04 9.81 9.93 9.81 9.87 
2016/10/05 9.88 9.95 9.82 9.90 
2016/10/06 9.93 9.93 9.73 9.74 
2016/10/07 9.85 9.85 9.56 9.57 
2016/10/11 9.57 9.57 9.26 9.38 
2016/10/12 9.40 9.40 9.30 9.32 
2016/10/13 9.37 9.46 9.28 9.40 
2016/10/14 9.44 9.48 9.33 9.40 
2016/10/17 9.51 9.60 9.40 9.55 
2016/10/18 9.50 9.60 9.50 9.51 
2016/10/19 9.56 9.60 9.51 9.59 
2016/10/20 9.59 9.68 9.58 9.65 
2016/10/21 9.60 9.65 9.60 9.61 
2016/10/24 9.62 9.65 9.61 9.61 
2016/10/25 9.68 9.68 9.52 9.57 
2016/10/26 9.72 9.80 9.57 9.64 
2016/10/27 9.70 9.70 9.49 9.49 
2016/10/28 9.51 9.51 9.42 9.42 
2016/10/31 9.43 9.43 9.34 9.34 
2016/11/01 9.30 9.36 9.27 9.28 
2016/11/02 9.26 9.42 9.23 9.31 
2016/11/03 9.30 9.30 9.20 9.28 
2016/11/04 9.25 9.28 9.12 9.28 
2016/11/07 9.40 9.48 9.22 9.47 
2016/11/08 9.49 9.60 9.42 9.50 
2016/11/09 9.46 9.46 8.90 9.10 
2016/11/10 9.22 9.40 9.22 9.30 
2016/11/11 9.28 9.28 9.10 9.20 
2016/11/14 9.30 9.47 9.30 9.39 
2016/11/15 9.40 9.54 9.35 9.35 
2016/11/16 9.40 9.44 9.37 9.38 
2016/11/17 9.42 9.42 9.25 9.27 
2016/11/18 9.27 9.53 9.27 9.42 
2016/11/21 9.42 9.49 9.42 9.44 
2016/11/22 9.44 9.44 9.38 9.38 
2016/11/23 9.38 9.49 9.35 9.39 
2016/11/24 9.40 9.40 9.26 9.30 
2016/11/25 9.33 9.37 9.27 9.37 
2016/11/28 9.30 9.41 9.28 9.31 
2016/11/29 9.26 9.41 9.26 9.30 
2016/11/30 9.33 9.40 9.25 9.25 
2016/12/01 9.38 9.43 9.32 9.39 
2016/12/02 9.38 9.41 9.36 9.41 
2016/12/05 9.50 9.80 9.45 9.78 
2016/12/06 9.78 9.82 9.65 9.65 
2016/12/07 9.65 9.79 9.65 9.75 
2016/12/08 9.93 10.35 9.93 10.10 
2016/12/09 10.10 10.10 9.99 10.10 
2016/12/12 10.20 10.30 9.95 10.00 
2016/12/13 10.00 10.10 9.94 10.00 
2016/12/14 10.00 10.00 9.84 9.87 
2016/12/15 9.82 9.98 9.78 9.86 
2016/12/16 9.81 9.89 9.70 9.80 
2016/12/19 9.96 10.70 9.96 10.15 
2016/12/20 10.30 10.40 10.00 10.05 
2016/12/21 10.20 10.20 9.85 10.00 
2016/12/22 10.10 10.10 9.90 10.00 
2016/12/23 9.98 10.00 9.98 9.98 
2016/12/26 10.00 10.10 9.91 10.05 
2016/12/27 10.15 10.20 10.00 10.00 
2016/12/28 10.00 10.00 9.95 9.97 
2016/12/29 9.97 10.00 9.93 9.93 
2016/12/30 9.98 10.00 9.93 9.99 
2017/01/03 10.00 10.05 9.97 9.97 
2017/01/04 9.95 10.15 9.95 10.10 
2017/01/05 10.15 10.20 10.10 10.15 
2017/01/06 10.20 10.25 10.10 10.15 
2017/01/09 10.05 10.10 9.91 10.05 
2017/01/10 9.98 9.99 9.87 9.90 
2017/01/11 9.90 9.90 9.74 9.86 
2017/01/12 9.90 9.95 9.85 9.91 
2017/01/13 9.91 10.05 9.85 9.97 
2017/01/16 9.99 10.10 9.86 9.86 
2017/01/17 9.86 10.05 9.86 9.96 
2017/01/18 9.96 10.25 9.96 10.05 
2017/01/19 10.10 10.10 9.95 9.95 
2017/01/20 10.10 10.10 9.95 9.95 
2017/01/23 9.99 9.99 9.92 9.93 
2017/01/24 9.99 9.99 9.85 9.85 
2017/02/02 9.95 9.95 9.72 9.73 
2017/02/03 9.70 10.40 9.70 10.25 
2017/02/06 10.45 11.20 10.35 10.90 
2017/02/07 10.90 11.15 10.75 10.90 
2017/02/08 10.80 10.80 10.55 10.60 
