2016/07/01 16.75 16.95 16.65 16.75 
2016/07/04 16.75 17.10 16.70 17.05 
2016/07/05 17.10 17.20 16.95 17.05 
2016/07/06 16.90 16.95 16.75 16.80 
2016/07/07 16.80 17.00 16.80 16.85 
2016/07/11 16.90 17.00 16.85 16.85 
2016/07/12 16.95 17.05 16.85 16.90 
2016/07/13 16.95 17.15 16.85 17.15 
2016/07/14 17.25 17.45 17.15 17.45 
2016/07/15 17.50 17.75 17.45 17.50 
2016/07/18 17.65 17.75 17.35 17.45 
2016/07/19 17.60 17.75 17.40 17.70 
2016/07/20 17.70 18.30 17.70 18.00 
2016/07/21 18.05 18.30 18.05 18.20 
2016/07/22 18.25 18.50 18.00 18.40 
2016/07/25 18.50 18.60 17.65 18.00 
2016/07/26 18.00 18.00 17.50 17.75 
2016/07/27 17.85 18.20 17.85 18.05 
2016/07/28 18.05 18.35 17.80 17.80 
2016/07/29 18.20 18.20 17.85 18.05 
2016/08/01 18.10 18.20 18.00 18.20 
2016/08/02 18.30 19.30 18.25 18.95 
2016/08/03 18.70 19.40 18.50 19.10 
2016/08/04 19.20 19.40 19.00 19.15 
2016/08/05 19.30 19.30 19.00 19.10 
2016/08/08 19.15 19.25 19.05 19.15 
2016/08/09 19.25 19.40 19.15 19.20 
2016/08/10 19.20 19.30 18.65 18.70 
2016/08/11 18.60 19.00 18.60 18.85 
2016/08/12 18.90 19.30 18.90 19.20 
2016/08/15 19.25 19.75 19.20 19.60 
2016/08/16 19.70 19.70 19.05 19.20 
2016/08/17 19.20 19.25 18.85 18.95 
2016/08/18 19.00 19.05 18.85 19.00 
2016/08/19 19.10 19.30 18.90 18.90 
2016/08/22 18.90 19.10 18.40 19.05 
2016/08/23 19.10 20.00 19.05 19.60 
2016/08/24 19.75 20.60 19.60 20.40 
2016/08/25 20.40 20.45 19.90 20.05 
2016/08/26 20.10 20.10 19.70 19.80 
2016/08/29 19.90 19.90 19.40 19.70 
2016/08/30 19.50 19.65 19.50 19.55 
2016/08/31 19.55 19.55 19.20 19.20 
2016/09/01 18.30 18.45 18.20 18.20 
2016/09/02 18.25 18.40 17.90 18.05 
2016/09/05 18.00 18.05 17.40 17.55 
2016/09/06 17.55 18.25 17.55 18.25 
2016/09/07 18.35 18.65 18.30 18.60 
2016/09/08 18.60 19.05 18.60 19.00 
2016/09/09 18.90 19.15 18.65 18.95 
2016/09/10 18.45 18.70 18.45 18.60 
2016/09/12 18.55 18.60 18.40 18.50 
2016/09/13 18.45 18.65 18.35 18.60 
2016/09/14 18.80 19.00 18.60 19.00 
2016/09/19 20.30 20.40 19.50 19.50 
2016/09/20 19.80 20.60 19.65 20.55 
2016/09/21 20.40 20.55 20.20 20.55 
2016/09/22 20.70 20.90 20.30 20.30 
2016/09/23 20.40 20.70 20.20 20.70 
2016/09/26 20.70 21.05 20.25 20.25 
2016/09/29 20.55 20.80 20.50 20.80 
2016/09/30 21.00 21.00 20.35 20.55 
2016/10/03 20.70 20.95 20.55 20.90 
2016/10/04 20.90 21.35 20.90 21.00 
2016/10/05 21.10 21.80 21.05 21.50 
2016/10/06 21.50 21.60 21.10 21.20 
2016/10/07 21.25 21.30 20.85 21.10 
2016/10/11 21.10 21.25 19.40 20.00 
2016/10/12 20.00 20.20 19.65 19.85 
2016/10/13 20.00 20.45 19.95 20.10 
2016/10/14 20.10 20.20 19.45 19.50 
2016/10/17 19.55 19.85 19.50 19.75 
2016/10/18 19.85 19.85 19.55 19.60 
2016/10/19 19.70 19.90 19.60 19.65 
2016/10/20 19.85 20.40 19.75 20.30 
2016/10/21 20.55 20.65 20.15 20.25 
2016/10/24 20.30 20.55 20.25 20.55 
2016/10/25 20.85 21.45 20.80 21.20 
2016/10/26 21.00 21.10 20.80 20.90 
2016/10/27 21.00 21.20 20.65 20.75 
2016/10/28 20.75 20.80 20.10 20.15 
2016/10/31 20.05 20.15 19.85 20.15 
2016/11/01 20.20 20.30 20.05 20.20 
2016/11/02 20.15 20.40 20.05 20.15 
2016/11/03 20.40 20.40 20.05 20.10 
2016/11/04 20.25 20.25 19.85 19.85 
2016/11/07 20.10 20.15 20.00 20.10 
2016/11/08 20.25 20.30 19.00 19.75 
2016/11/09 19.80 19.85 18.50 18.50 
2016/11/10 19.00 19.50 19.00 19.30 
2016/11/11 19.10 19.40 18.85 19.20 
2016/11/14 18.80 19.10 18.05 18.30 
2016/11/15 17.95 18.30 17.80 17.95 
2016/11/16 18.00 18.20 18.00 18.00 
2016/11/17 18.20 18.30 17.90 17.90 
2016/11/18 17.70 17.70 17.10 17.70 
2016/11/21 17.70 17.90 17.40 17.90 
2016/11/22 18.05 18.25 18.00 18.20 
2016/11/23 18.20 18.35 18.10 18.15 
2016/11/24 18.15 18.20 18.00 18.00 
2016/11/25 17.90 18.15 17.90 18.10 
2016/11/28 18.15 18.35 18.00 18.00 
2016/11/29 18.10 18.15 17.75 17.85 
2016/11/30 17.85 18.10 17.75 18.10 
2016/12/01 18.25 18.55 18.25 18.40 
2016/12/02 18.45 18.50 18.15 18.40 
2016/12/05 18.40 18.50 17.95 18.10 
2016/12/06 18.10 18.35 18.10 18.25 
2016/12/07 18.25 18.65 18.25 18.35 
2016/12/08 18.55 18.65 18.45 18.55 
2016/12/09 18.60 19.20 18.60 19.20 
2016/12/12 19.50 19.70 19.10 19.15 
2016/12/13 19.15 19.30 18.90 19.05 
2016/12/14 19.10 19.20 18.70 18.70 
2016/12/15 18.60 18.90 18.50 18.60 
2016/12/16 18.55 18.75 18.50 18.60 
2016/12/19 18.65 18.75 18.50 18.55 
2016/12/20 18.60 18.70 18.55 18.65 
2016/12/21 18.65 18.85 18.55 18.80 
2016/12/22 18.85 18.85 18.50 18.55 
2016/12/23 18.55 18.65 18.40 18.40 
2016/12/26 18.30 18.40 17.90 17.95 
2016/12/27 18.00 18.10 17.95 17.95 
2016/12/28 18.05 18.10 17.90 17.95 
2016/12/29 17.95 18.20 17.90 17.90 
2016/12/30 17.90 18.10 17.90 17.95 
2017/01/03 18.00 18.10 17.95 18.00 
2017/01/04 17.95 18.05 17.90 17.90 
2017/01/05 18.00 18.20 17.90 18.15 
2017/01/06 18.20 18.35 18.05 18.05 
2017/01/09 18.20 18.20 17.85 17.85 
2017/01/10 17.85 17.90 17.85 17.90 
2017/01/11 17.90 17.90 17.80 17.80 
2017/01/12 17.80 17.95 17.70 17.70 
2017/01/13 17.80 17.90 17.75 17.80 
2017/01/16 17.85 17.85 17.70 17.75 
2017/01/17 17.80 17.85 17.70 17.75 
2017/01/18 17.80 17.90 17.70 17.75 
2017/01/19 17.80 17.85 17.65 17.70 
2017/01/20 17.70 17.80 17.40 17.45 
2017/01/23 17.45 17.60 17.45 17.55 
2017/01/24 17.55 17.70 17.45 17.65 
2017/02/02 17.70 18.50 17.70 18.10 
2017/02/03 18.10 18.35 18.05 18.20 
2017/02/06 18.50 18.65 18.40 18.50 
2017/02/07 18.50 18.55 18.30 18.35 
2017/02/08 18.35 18.60 18.30 18.50 
