2016/07/01 31.05 31.05 30.20 30.20 
2016/07/04 30.20 30.50 30.20 30.50 
2016/07/05 30.80 30.95 29.85 30.20 
2016/07/06 30.20 30.20 29.55 29.70 
2016/07/07 29.90 31.50 29.90 30.65 
2016/07/11 31.45 31.80 30.65 31.60 
2016/07/12 31.80 31.80 30.80 30.85 
2016/07/13 31.05 31.20 30.50 30.70 
2016/07/14 30.10 30.30 29.80 30.15 
2016/07/15 30.45 33.15 30.30 33.15 
2016/07/18 34.25 34.30 32.70 32.75 
2016/07/19 32.75 36.00 32.75 34.95 
2016/07/20 35.50 36.40 34.65 35.10 
2016/07/21 35.25 35.50 34.70 35.25 
2016/07/22 35.25 36.80 34.70 35.40 
2016/07/25 35.40 35.50 33.65 34.30 
2016/07/26 34.30 34.70 33.95 34.30 
2016/07/27 34.95 35.20 33.80 33.80 
2016/07/28 33.90 34.65 33.35 34.40 
2016/07/29 34.40 34.50 33.55 34.35 
2016/08/01 34.25 34.25 33.75 34.00 
2016/08/02 33.80 34.75 33.50 34.00 
2016/08/03 34.30 35.30 34.00 34.35 
2016/08/04 34.50 34.55 33.40 33.50 
2016/08/05 33.45 34.50 33.30 33.80 
2016/08/08 34.10 34.10 33.50 33.80 
2016/08/09 33.80 33.80 30.45 30.45 
2016/08/10 30.15 30.45 29.65 29.85 
2016/08/11 29.15 29.55 28.30 28.50 
2016/08/12 29.15 29.15 28.40 28.60 
2016/08/15 28.65 30.25 28.65 29.65 
2016/08/16 29.80 29.80 29.05 29.10 
2016/08/17 29.15 29.40 28.65 28.65 
2016/08/18 28.65 28.65 28.40 28.45 
2016/08/19 28.45 28.55 27.65 28.10 
2016/08/22 28.10 28.10 27.65 27.75 
2016/08/23 27.75 29.10 27.70 29.05 
2016/08/24 29.10 29.40 28.80 28.80 
2016/08/25 28.90 29.00 28.75 28.80 
2016/08/26 28.90 28.90 28.75 28.75 
2016/08/29 28.75 28.90 28.10 28.10 
2016/08/30 28.05 28.25 27.75 27.75 
2016/08/31 27.75 28.00 27.75 27.75 
2016/09/01 27.75 28.45 27.75 27.75 
2016/09/02 27.75 27.85 27.30 27.35 
2016/09/05 27.40 27.50 27.35 27.35 
2016/09/06 27.35 27.70 27.35 27.40 
2016/09/07 27.60 29.15 27.35 28.60 
2016/09/08 28.80 29.70 28.65 29.10 
2016/09/09 29.30 29.30 28.65 28.90 
2016/09/10 28.60 29.35 28.50 29.30 
2016/09/12 29.30 29.30 28.90 28.90 
2016/09/13 29.30 29.40 28.45 28.45 
2016/09/14 28.45 28.60 28.30 28.40 
2016/09/19 28.80 29.05 28.25 28.25 
2016/09/20 28.60 28.60 28.15 28.25 
2016/09/21 28.45 28.60 28.25 28.25 
2016/09/22 28.25 28.50 28.20 28.25 
2016/09/23 28.50 28.70 28.25 28.40 
2016/09/26 28.90 30.35 28.45 30.20 
2016/09/29 30.25 30.30 29.45 29.60 
2016/09/30 29.30 29.40 28.00 28.65 
2016/10/03 28.75 28.75 28.00 28.50 
2016/10/04 28.75 28.75 28.15 28.15 
2016/10/05 28.15 28.50 28.05 28.05 
2016/10/06 28.10 28.40 27.95 27.95 
2016/10/07 28.20 28.30 27.70 27.70 
2016/10/11 27.85 27.85 26.50 26.50 
2016/10/12 26.50 27.10 26.10 26.65 
2016/10/13 26.50 26.65 25.50 25.50 
2016/10/14 25.10 25.30 23.40 24.20 
2016/10/17 24.00 24.90 24.00 24.25 
2016/10/18 24.05 24.50 24.05 24.10 
2016/10/19 23.75 24.35 23.75 24.20 
2016/10/20 24.30 24.35 24.05 24.05 
2016/10/21 24.05 24.75 24.05 24.35 
2016/10/24 24.75 24.75 24.25 24.25 
2016/10/25 24.20 24.30 24.15 24.30 
2016/10/26 24.30 24.30 23.95 24.10 
2016/10/27 24.15 24.15 23.90 23.90 
2016/10/28 24.00 24.00 23.40 23.60 
2016/10/31 23.55 23.90 23.55 23.75 
2016/11/01 23.80 23.90 23.65 23.70 
2016/11/02 23.65 23.70 22.80 22.80 
2016/11/03 22.00 22.45 21.55 21.55 
2016/11/04 21.50 21.55 20.95 20.95 
2016/11/07 21.15 21.15 20.50 20.65 
2016/11/08 20.65 20.85 20.45 20.85 
2016/11/09 21.15 21.15 20.10 20.85 
2016/11/10 20.90 21.45 20.90 21.15 
2016/11/11 20.60 21.00 20.50 21.00 
2016/11/14 21.95 21.95 20.60 20.95 
2016/11/15 21.00 21.20 20.15 20.50 
2016/11/16 20.50 21.70 20.50 21.70 
2016/11/17 21.70 22.95 21.60 22.90 
2016/11/18 23.10 23.20 22.50 22.65 
2016/11/21 22.90 24.60 22.90 24.10 
2016/11/22 24.25 24.25 23.70 23.85 
2016/11/23 24.20 24.30 23.40 23.70 
2016/11/24 24.15 24.15 23.50 23.65 
2016/11/25 23.65 23.85 23.40 23.85 
2016/11/28 23.65 23.90 23.45 23.45 
2016/11/29 23.80 23.80 23.15 23.45 
2016/11/30 23.40 23.70 23.40 23.60 
2016/12/01 23.40 23.60 23.30 23.60 
2016/12/02 23.40 23.40 22.80 22.85 
2016/12/05 22.90 23.00 22.50 22.60 
2016/12/06 23.30 23.30 22.60 22.60 
2016/12/07 22.80 23.00 22.70 22.70 
2016/12/08 23.10 23.60 22.75 23.30 
2016/12/09 23.70 24.20 23.60 24.00 
2016/12/12 23.80 24.00 23.50 23.50 
2016/12/13 23.90 24.00 23.50 23.60 
2016/12/14 23.50 23.60 23.30 23.30 
2016/12/15 23.30 23.30 23.05 23.05 
2016/12/16 23.00 23.60 23.00 23.55 
2016/12/19 23.30 23.30 23.00 23.05 
2016/12/20 23.25 23.60 22.60 23.05 
2016/12/21 23.95 23.95 23.05 23.05 
2016/12/22 23.20 23.40 23.00 23.00 
2016/12/23 23.20 23.90 23.15 23.35 
2016/12/26 23.65 23.65 23.35 23.60 
2016/12/27 23.50 25.95 23.50 25.95 
2016/12/28 26.70 27.75 26.50 27.50 
2016/12/29 27.20 27.45 26.95 27.20 
2016/12/30 27.40 28.00 27.25 27.50 
2017/01/03 27.50 28.35 27.25 28.00 
2017/01/04 27.90 28.70 27.75 28.05 
2017/01/05 28.10 28.10 27.65 27.65 
2017/01/06 27.75 27.75 27.40 27.40 
2017/01/09 27.40 27.90 27.10 27.40 
2017/01/10 27.40 27.65 27.25 27.40 
2017/01/11 27.40 27.50 27.15 27.20 
2017/01/12 27.15 27.20 26.50 26.65 
2017/01/13 26.60 26.60 25.85 26.20 
2017/01/16 26.20 26.90 26.05 26.20 
2017/01/17 26.20 26.20 25.95 26.05 
2017/01/18 26.10 26.10 25.50 25.50 
2017/01/19 25.65 26.45 25.45 26.00 
2017/01/20 26.30 26.30 25.75 25.80 
2017/01/23 25.85 25.85 25.40 25.45 
2017/01/24 25.45 25.60 25.30 25.30 
2017/02/02 25.20 25.70 25.20 25.45 
2017/02/03 26.20 26.20 25.60 26.00 
2017/02/06 26.00 26.35 25.80 25.85 
2017/02/07 26.15 26.15 25.85 26.00 
2017/02/08 26.55 26.55 26.00 26.05 
