2016/07/01 12.40 12.40 12.10 12.15 
2016/07/04 12.15 12.40 12.10 12.40 
2016/07/05 12.40 12.40 12.15 12.15 
2016/07/06 12.00 12.60 12.00 12.25 
2016/07/07 12.80 12.95 12.30 12.35 
2016/07/11 12.35 12.50 12.05 12.05 
2016/07/12 12.05 12.20 12.05 12.10 
2016/07/13 12.10 12.30 12.10 12.25 
2016/07/14 12.25 12.25 12.15 12.15 
2016/07/15 12.20 12.30 12.10 12.20 
2016/07/18 12.20 12.30 12.15 12.20 
2016/07/19 12.20 12.35 12.20 12.35 
2016/07/20 12.40 12.40 12.30 12.35 
2016/07/21 12.40 12.65 12.40 12.60 
2016/07/22 12.50 12.90 12.50 12.70 
2016/07/25 12.80 12.85 12.50 12.65 
2016/07/26 12.65 12.75 12.55 12.75 
2016/07/27 12.25 12.30 12.05 12.05 
2016/07/28 12.15 12.25 12.05 12.15 
2016/07/29 12.15 12.20 12.00 12.20 
2016/08/01 12.20 12.20 12.10 12.20 
2016/08/02 12.10 12.20 12.05 12.20 
2016/08/03 12.20 12.20 12.00 12.10 
2016/08/04 12.05 12.10 11.90 12.05 
2016/08/05 12.00 12.10 11.80 11.80 
2016/08/08 11.80 11.90 11.55 11.55 
2016/08/09 11.70 11.80 11.60 11.75 
2016/08/10 11.75 11.75 11.30 11.45 
2016/08/11 11.40 11.55 11.30 11.35 
2016/08/12 11.60 12.15 11.60 11.90 
2016/08/15 12.10 12.15 11.95 11.95 
2016/08/16 12.05 12.25 12.05 12.05 
2016/08/17 12.10 12.10 11.95 12.10 
2016/08/18 12.25 12.25 11.95 12.20 
2016/08/19 12.20 12.20 11.90 11.90 
2016/08/22 12.00 12.10 11.90 11.95 
2016/08/23 11.95 12.20 11.95 12.10 
2016/08/24 12.00 12.15 11.95 12.00 
2016/08/25 12.10 12.30 12.00 12.30 
2016/08/26 12.35 12.60 12.35 12.35 
2016/08/29 12.50 12.60 12.20 12.45 
2016/08/30 12.50 12.65 12.45 12.55 
2016/08/31 12.55 12.65 12.50 12.50 
2016/09/01 12.75 13.20 12.70 12.70 
2016/09/02 12.80 12.80 12.35 12.45 
2016/09/05 12.60 12.70 12.30 12.50 
2016/09/06 12.55 12.60 12.45 12.45 
2016/09/07 12.60 12.65 12.45 12.60 
2016/09/08 12.70 13.00 12.65 13.00 
2016/09/09 13.05 13.70 12.90 13.50 
2016/09/10 13.45 13.45 13.00 13.40 
2016/09/12 13.35 13.40 13.20 13.20 
2016/09/13 13.30 13.30 13.00 13.05 
2016/09/14 13.00 13.00 12.75 12.75 
2016/09/19 12.90 12.90 12.75 12.75 
2016/09/20 12.80 12.95 12.75 12.80 
2016/09/21 12.80 12.90 12.75 12.80 
2016/09/22 12.90 12.90 12.60 12.65 
2016/09/23 12.90 13.10 12.80 12.80 
2016/09/26 12.80 12.80 12.60 12.70 
2016/09/29 12.70 12.70 12.55 12.60 
2016/09/30 12.55 12.60 12.40 12.50 
2016/10/03 12.55 12.60 12.50 12.55 
2016/10/04 12.50 12.75 12.50 12.65 
2016/10/05 12.65 12.85 12.55 12.60 
2016/10/06 12.80 12.95 12.60 12.70 
2016/10/07 12.65 12.70 12.60 12.60 
2016/10/11 12.65 12.65 12.15 12.25 
2016/10/12 12.25 12.45 12.10 12.35 
2016/10/13 12.35 12.35 12.25 12.25 
2016/10/14 12.25 12.25 12.05 12.15 
2016/10/17 12.15 12.30 12.15 12.20 
2016/10/18 12.15 12.50 12.15 12.35 
2016/10/19 12.60 12.60 12.40 12.50 
2016/10/20 12.50 12.50 12.35 12.40 
2016/10/21 12.40 12.45 12.30 12.45 
2016/10/24 12.40 12.40 12.35 12.40 
2016/10/25 12.35 12.50 12.35 12.40 
2016/10/26 12.45 12.45 12.15 12.30 
2016/10/27 12.25 12.30 12.20 12.30 
2016/10/28 12.30 12.30 12.15 12.15 
2016/10/31 12.15 12.15 11.95 12.10 
2016/11/01 12.10 12.10 12.00 12.00 
2016/11/02 11.95 12.00 11.85 11.85 
2016/11/03 11.90 11.90 11.50 11.65 
2016/11/04 11.60 11.75 11.60 11.65 
2016/11/07 11.70 11.85 11.70 11.85 
2016/11/08 12.20 12.25 12.10 12.15 
2016/11/09 12.15 12.15 11.70 11.80 
2016/11/10 11.85 12.10 11.85 12.10 
2016/11/11 12.55 13.05 12.55 12.80 
2016/11/14 13.15 13.20 12.90 12.95 
2016/11/15 12.90 13.10 12.85 13.05 
2016/11/16 13.05 13.20 12.95 13.15 
2016/11/17 13.10 13.40 13.10 13.25 
2016/11/18 13.35 13.40 13.20 13.40 
2016/11/21 13.40 13.45 13.30 13.45 
2016/11/22 13.40 13.60 13.25 13.40 
2016/11/23 13.35 13.45 13.30 13.45 
2016/11/24 13.50 13.50 13.25 13.30 
2016/11/25 13.30 13.50 13.30 13.45 
2016/11/28 13.55 13.60 13.50 13.60 
2016/11/29 13.60 13.80 13.60 13.75 
2016/11/30 13.75 14.05 13.75 14.00 
2016/12/01 14.10 14.15 14.00 14.10 
2016/12/02 14.10 14.30 14.10 14.30 
2016/12/05 14.30 14.50 14.30 14.50 
2016/12/06 14.55 14.70 14.55 14.70 
2016/12/07 14.80 15.00 14.80 15.00 
2016/12/08 15.15 15.20 14.50 14.75 
2016/12/09 14.65 14.85 14.60 14.85 
2016/12/12 14.95 15.05 14.75 14.85 
2016/12/13 14.95 14.95 14.65 14.85 
2016/12/14 14.85 14.90 14.65 14.75 
2016/12/15 14.70 14.80 14.70 14.75 
2016/12/16 14.75 14.85 14.55 14.70 
2016/12/19 14.55 14.75 14.45 14.55 
2016/12/20 14.40 14.50 14.35 14.45 
2016/12/21 14.30 14.30 13.90 14.00 
2016/12/22 13.85 13.90 13.35 13.50 
2016/12/23 13.45 14.15 13.40 13.95 
2016/12/26 13.85 14.05 13.85 13.85 
2016/12/27 13.80 14.10 13.80 14.10 
2016/12/28 14.10 14.35 14.05 14.25 
2016/12/29 14.45 14.45 14.15 14.30 
2016/12/30 14.25 14.45 14.25 14.45 
2017/01/03 14.30 14.70 14.15 14.70 
2017/01/04 14.70 14.80 14.50 14.65 
2017/01/05 14.65 15.00 14.55 14.55 
2017/01/06 14.70 14.70 14.15 14.30 
2017/01/09 14.10 14.40 13.90 14.00 
2017/01/10 14.10 14.10 13.90 13.95 
2017/01/11 13.70 13.95 13.70 13.75 
2017/01/12 13.95 13.95 13.80 13.90 
2017/01/13 14.00 14.20 13.90 14.10 
2017/01/16 14.10 14.20 14.00 14.05 
2017/01/17 14.20 14.20 13.95 14.15 
2017/01/18 14.30 14.30 14.05 14.15 
2017/01/19 14.30 14.30 14.00 14.15 
2017/01/20 14.20 14.20 14.05 14.15 
2017/01/23 14.20 14.20 14.00 14.00 
2017/01/24 14.10 14.10 13.95 13.95 
2017/02/02 13.90 14.00 13.90 13.95 
2017/02/03 14.00 14.10 13.90 14.10 
2017/02/06 13.95 14.00 13.85 14.00 
2017/02/07 13.95 14.00 13.80 13.80 
2017/02/08 13.80 13.80 13.50 13.55 
