2016/07/01 9.70 9.70 9.65 9.66 
2016/07/05 9.99 10.00 9.99 10.00 
2016/07/06 10.00 10.00 9.90 9.90 
2016/07/07 10.00 10.00 9.84 9.95 
2016/07/11 9.95 10.50 9.95 9.98 
2016/07/12 10.00 10.30 9.99 10.00 
2016/07/13 10.00 10.40 10.00 10.40 
2016/07/14 10.35 11.40 10.35 11.40 
2016/07/15 12.10 12.50 12.05 12.50 
2016/07/18 13.75 13.75 12.90 13.10 
2016/07/19 13.05 13.45 12.95 13.45 
2016/07/20 13.15 14.75 13.10 14.15 
2016/07/21 13.85 14.65 13.85 14.60 
2016/07/22 14.50 14.50 13.15 13.80 
2016/07/25 13.60 13.60 12.60 13.60 
2016/07/26 13.40 14.00 13.40 13.40 
2016/07/27 13.40 14.70 13.40 14.70 
2016/07/28 16.10 16.15 15.10 16.15 
2016/07/29 16.45 17.65 16.40 17.45 
2016/08/01 18.00 18.00 17.10 17.55 
2016/08/02 17.95 17.95 17.20 17.25 
2016/08/03 17.80 17.80 17.20 17.40 
2016/08/04 17.10 17.60 17.10 17.50 
2016/08/05 17.50 17.50 16.15 16.40 
2016/08/08 16.50 17.00 15.45 15.45 
2016/08/09 15.40 15.60 14.80 14.90 
2016/08/10 15.30 15.80 15.10 15.30 
2016/08/11 15.10 15.80 14.65 15.80 
2016/08/12 15.60 17.00 14.80 17.00 
2016/08/15 16.95 17.20 15.30 15.85 
2016/08/16 15.30 15.55 14.90 14.95 
2016/08/17 14.75 15.60 14.75 15.20 
2016/08/18 15.30 15.35 15.10 15.35 
2016/08/19 15.40 15.40 14.85 15.05 
2016/08/22 15.10 15.50 14.35 14.95 
2016/08/23 14.90 14.90 13.60 14.65 
2016/08/24 14.65 14.65 13.85 13.95 
2016/08/25 13.85 14.35 13.85 14.25 
2016/08/26 14.35 14.55 14.25 14.50 
2016/08/29 14.20 14.50 14.20 14.50 
2016/08/30 14.30 14.30 14.10 14.10 
2016/08/31 14.40 14.50 14.40 14.50 
2016/09/01 14.40 14.60 14.25 14.60 
2016/09/02 14.00 14.60 14.00 14.40 
2016/09/05 14.70 14.70 14.15 14.50 
2016/09/06 14.45 15.95 14.20 15.95 
2016/09/07 16.80 16.95 16.00 16.00 
2016/09/08 15.50 16.90 15.50 16.70 
2016/09/09 16.50 17.40 16.00 17.00 
2016/09/10 16.90 18.00 16.90 17.50 
2016/09/12 17.70 17.70 16.80 16.90 
2016/09/13 16.80 17.05 16.05 16.90 
2016/09/14 16.90 16.90 16.80 16.90 
2016/09/19 16.60 16.90 16.60 16.85 
2016/09/20 16.85 17.10 16.60 16.95 
2016/09/21 17.00 17.35 16.65 16.80 
2016/09/22 16.60 16.90 16.50 16.90 
2016/09/23 17.15 17.15 16.80 16.95 
2016/09/26 16.95 17.00 16.55 16.90 
2016/09/29 17.00 17.00 16.70 16.80 
2016/09/30 16.60 17.75 16.50 17.70 
2016/10/03 17.00 19.45 17.00 19.45 
2016/10/04 21.00 21.30 20.50 20.85 
2016/10/05 21.25 21.25 20.10 20.85 
2016/10/06 20.90 20.90 20.55 20.85 
2016/10/07 21.35 21.35 20.80 20.90 
2016/10/11 20.95 21.00 19.20 19.60 
2016/10/12 18.30 19.50 18.30 19.30 
2016/10/13 19.65 19.65 19.00 19.00 
2016/10/14 18.60 18.95 18.50 18.50 
2016/10/17 18.90 18.90 18.00 18.55 
2016/10/18 18.55 18.90 18.30 18.30 
2016/10/19 18.75 20.10 18.05 20.10 
2016/10/20 18.60 19.90 18.60 19.60 
2016/10/21 19.10 19.70 17.70 18.90 
2016/10/24 17.55 18.40 17.20 17.55 
2016/10/25 16.40 17.60 16.20 17.20 
2016/10/26 16.60 17.45 16.60 17.20 
2016/10/27 17.20 17.20 16.70 16.70 
2016/10/28 17.20 17.20 16.60 16.60 
2016/10/31 16.60 16.80 16.55 16.80 
2016/11/01 16.90 17.05 16.90 16.90 
2016/11/02 16.90 16.90 16.30 16.75 
2016/11/03 16.55 16.60 16.30 16.50 
2016/11/04 16.60 16.60 16.05 16.05 
2016/11/07 15.80 17.00 15.80 16.45 
2016/11/08 16.20 16.45 16.00 16.45 
2016/11/09 16.00 16.00 15.75 16.00 
2016/11/10 16.35 16.35 16.00 16.25 
2016/11/11 16.35 16.35 16.35 16.35 
2016/11/14 15.70 16.00 15.50 15.85 
2016/11/15 14.65 16.00 14.65 16.00 
2016/11/16 15.65 15.65 15.50 15.60 
2016/11/17 15.95 15.95 15.00 15.85 
2016/11/18 14.55 15.50 14.55 15.50 
2016/11/21 15.50 15.60 15.40 15.40 
2016/11/22 15.05 15.40 15.00 15.00 
2016/11/23 14.80 15.00 14.70 14.70 
2016/11/24 14.55 14.55 13.70 13.80 
2016/11/25 13.90 14.20 13.90 14.05 
2016/11/28 14.25 14.45 14.05 14.05 
2016/11/29 14.05 14.05 12.65 12.90 
2016/11/30 13.00 13.35 12.90 13.15 
2016/12/01 13.20 14.45 13.20 14.25 
2016/12/02 14.25 14.25 13.80 13.80 
2016/12/05 13.25 13.75 13.25 13.50 
2016/12/06 14.00 14.15 13.55 14.15 
2016/12/07 13.80 14.30 13.80 14.30 
2016/12/08 14.30 14.30 13.40 14.00 
2016/12/09 13.55 13.70 13.40 13.70 
2016/12/12 13.70 13.70 13.00 13.70 
2016/12/13 13.00 13.60 13.00 13.55 
2016/12/14 13.30 13.45 13.30 13.45 
2016/12/15 13.40 13.50 13.30 13.40 
2016/12/16 13.40 13.50 13.30 13.45 
2016/12/19 14.15 14.15 13.40 13.40 
2016/12/20 13.00 13.00 13.00 13.00 
2016/12/21 13.00 13.20 12.90 12.90 
2016/12/22 12.90 13.10 12.90 13.10 
2016/12/23 14.10 14.40 13.60 14.40 
2016/12/26 15.00 15.80 14.50 15.80 
2016/12/27 15.85 16.70 15.50 15.80 
2016/12/28 14.90 15.70 14.90 15.40 
2016/12/29 15.40 15.40 15.00 15.30 
2016/12/30 15.30 15.70 15.15 15.40 
2017/01/03 15.40 15.70 15.10 15.70 
2017/01/04 15.70 15.70 15.25 15.25 
2017/01/05 15.25 15.50 15.15 15.50 
2017/01/06 14.85 15.40 14.85 15.40 
2017/01/09 15.05 15.20 13.90 13.90 
2017/01/10 13.90 14.40 13.85 14.00 
2017/01/11 14.10 14.10 13.65 14.00 
2017/01/12 13.70 13.90 13.70 13.90 
2017/01/13 14.05 14.05 13.60 13.70 
2017/01/16 13.70 13.70 13.00 13.50 
2017/01/17 13.30 13.80 13.30 13.75 
2017/01/18 13.50 13.70 13.30 13.50 
2017/01/19 13.35 13.45 13.30 13.45 
2017/01/20 13.50 13.50 13.20 13.20 
2017/01/23 13.20 13.35 13.00 13.30 
2017/01/24 13.20 14.10 13.00 13.65 
2017/02/02 13.65 15.00 13.55 15.00 
2017/02/03 15.70 16.50 15.40 16.50 
2017/02/06 17.40 18.15 17.05 18.15 
2017/02/07 17.60 19.05 17.60 18.60 
2017/02/08 18.60 19.90 18.60 19.40 
