2016/07/01 7.00 7.03 6.92 6.93 
2016/07/04 6.98 6.98 6.75 6.80 
2016/07/05 6.80 6.89 6.77 6.77 
2016/07/06 6.76 6.77 6.65 6.71 
2016/07/07 6.77 7.18 6.77 7.06 
2016/07/11 7.06 7.06 6.90 6.93 
2016/07/12 6.93 7.05 6.90 6.97 
2016/07/13 6.97 7.02 6.81 6.81 
2016/07/14 6.84 7.00 6.81 6.86 
2016/07/15 6.87 6.93 6.81 6.82 
2016/07/18 6.90 6.94 6.75 6.78 
2016/07/19 6.78 6.97 6.78 6.86 
2016/07/20 6.85 6.96 6.80 6.81 
2016/07/21 6.82 7.48 6.82 7.40 
2016/07/22 7.50 7.59 7.25 7.25 
2016/07/25 7.26 7.34 6.98 7.03 
2016/07/26 7.03 7.40 7.01 7.30 
2016/07/27 7.45 7.45 7.10 7.10 
2016/07/28 7.12 7.28 7.06 7.19 
2016/07/29 7.12 7.35 7.12 7.33 
2016/08/01 7.46 7.55 7.33 7.43 
2016/08/02 7.46 7.75 7.41 7.65 
2016/08/03 7.55 7.95 7.50 7.88 
2016/08/04 8.06 8.50 7.88 8.50 
2016/08/05 8.80 8.80 8.10 8.30 
2016/08/08 8.14 8.37 8.14 8.28 
2016/08/09 8.28 8.28 7.77 7.82 
2016/08/10 7.82 8.15 7.82 8.01 
2016/08/11 8.00 8.13 7.79 7.86 
2016/08/12 7.95 8.07 7.87 7.90 
2016/08/15 7.85 7.98 7.83 7.88 
2016/08/16 7.89 8.00 7.76 7.80 
2016/08/17 7.82 7.82 7.47 7.50 
2016/08/18 7.50 7.80 7.42 7.69 
2016/08/19 7.68 7.79 7.51 7.51 
2016/08/22 7.60 7.63 7.44 7.60 
2016/08/23 7.63 7.63 7.52 7.54 
2016/08/24 7.57 7.98 7.57 7.96 
2016/08/25 7.93 8.19 7.82 7.98 
2016/08/26 7.99 8.10 7.95 7.95 
2016/08/29 7.90 7.99 7.87 7.88 
2016/08/30 7.89 8.00 7.89 7.95 
2016/08/31 7.96 8.01 7.81 7.82 
2016/09/01 7.80 7.80 7.62 7.65 
2016/09/02 7.66 7.70 7.45 7.50 
2016/09/05 7.50 7.60 7.47 7.53 
2016/09/06 7.63 7.63 7.50 7.53 
2016/09/07 7.54 7.70 7.54 7.70 
2016/09/08 7.72 7.96 7.70 7.85 
2016/09/09 7.60 7.68 7.52 7.54 
2016/09/10 7.35 7.50 7.26 7.26 
2016/09/12 7.24 7.35 7.03 7.10 
2016/09/13 7.15 7.25 6.95 6.99 
2016/09/14 6.95 6.99 6.88 6.90 
2016/09/19 6.93 7.06 6.93 7.04 
2016/09/20 7.04 7.04 6.90 6.99 
2016/09/21 7.08 7.09 7.01 7.09 
2016/09/22 7.10 7.13 6.90 6.95 
2016/09/23 6.95 7.07 6.95 7.00 
2016/09/26 6.95 6.99 6.89 6.90 
2016/09/29 7.00 7.01 6.91 6.94 
2016/09/30 6.98 6.98 6.91 6.91 
2016/10/03 6.92 6.95 6.88 6.91 
2016/10/04 6.91 6.91 6.65 6.73 
2016/10/05 6.70 6.70 6.50 6.50 
2016/10/06 6.51 6.79 6.51 6.60 
2016/10/07 6.67 6.67 6.51 6.53 
2016/10/11 6.49 6.49 6.01 6.08 
2016/10/12 6.10 6.15 6.04 6.10 
2016/10/13 6.09 6.10 6.05 6.06 
2016/10/14 6.03 6.05 5.80 5.81 
2016/10/17 5.84 6.08 5.80 6.08 
2016/10/18 6.09 6.23 6.08 6.13 
2016/10/19 6.18 6.33 6.18 6.24 
2016/10/20 6.29 6.29 6.13 6.13 
2016/10/21 6.13 6.21 6.12 6.21 
2016/10/24 6.21 6.25 6.07 6.08 
2016/10/25 6.16 6.18 6.09 6.14 
2016/10/26 6.14 6.75 6.10 6.75 
2016/10/27 6.60 6.86 6.58 6.58 
2016/10/28 6.58 6.60 6.42 6.43 
2016/10/31 6.35 6.47 6.20 6.38 
2016/11/01 6.35 6.42 6.23 6.33 
2016/11/02 6.27 6.33 6.15 6.15 
2016/11/03 6.15 6.19 6.06 6.09 
2016/11/04 6.05 6.20 5.87 6.15 
2016/11/07 6.15 6.27 6.11 6.14 
2016/11/08 6.14 6.24 6.11 6.11 
2016/11/09 6.13 6.13 5.80 5.80 
2016/11/10 6.36 6.36 6.14 6.22 
2016/11/11 6.25 6.38 6.20 6.30 
2016/11/14 6.31 6.49 6.31 6.35 
2016/11/15 6.47 6.50 6.40 6.40 
2016/11/16 6.50 6.50 6.38 6.38 
2016/11/17 6.45 6.45 6.38 6.41 
2016/11/18 6.45 6.46 6.33 6.34 
2016/11/21 6.34 6.42 6.32 6.35 
2016/11/22 6.36 6.39 6.34 6.35 
2016/11/23 6.35 6.35 6.19 6.20 
2016/11/24 6.20 6.20 6.10 6.17 
2016/11/25 6.18 6.25 6.17 6.24 
2016/11/28 6.24 6.60 6.24 6.57 
2016/11/29 6.65 6.76 6.50 6.57 
2016/11/30 6.60 6.66 6.51 6.51 
2016/12/01 6.51 6.64 6.51 6.58 
2016/12/02 6.59 6.60 6.47 6.53 
2016/12/05 6.59 6.84 6.53 6.80 
2016/12/06 6.90 7.00 6.78 6.78 
2016/12/07 6.78 6.93 6.75 6.77 
2016/12/08 6.77 6.82 6.65 6.65 
2016/12/09 6.97 6.97 6.69 6.79 
2016/12/12 6.73 6.84 6.60 6.64 
2016/12/13 6.58 6.69 6.58 6.66 
2016/12/14 6.67 6.72 6.60 6.60 
2016/12/15 6.60 6.67 6.55 6.57 
2016/12/16 6.59 6.67 6.57 6.62 
2016/12/19 6.62 6.63 6.45 6.45 
2016/12/20 6.43 6.50 6.43 6.49 
2016/12/21 6.55 6.55 6.43 6.45 
2016/12/22 6.45 6.50 6.36 6.38 
2016/12/23 6.38 6.42 6.34 6.34 
2016/12/26 6.36 6.37 6.30 6.31 
2016/12/27 6.37 6.43 6.32 6.38 
2016/12/28 6.38 6.45 6.38 6.38 
2016/12/29 6.41 6.45 6.35 6.35 
2016/12/30 6.36 6.43 6.36 6.40 
2017/01/03 6.40 6.46 6.38 6.42 
2017/01/04 6.45 6.47 6.43 6.43 
2017/01/05 6.43 6.57 6.43 6.56 
2017/01/06 6.64 6.87 6.61 6.80 
2017/01/09 6.80 6.94 6.72 6.75 
2017/01/10 6.75 6.75 6.60 6.60 
2017/01/11 6.62 6.64 6.40 6.40 
2017/01/12 6.40 6.55 6.40 6.46 
2017/01/13 6.48 6.50 6.40 6.46 
2017/01/16 6.46 6.56 6.46 6.54 
2017/01/17 6.58 6.60 6.50 6.52 
2017/01/18 6.52 6.57 6.50 6.53 
2017/01/19 6.59 6.61 6.52 6.53 
2017/01/20 6.52 6.58 6.52 6.53 
2017/01/23 6.59 6.66 6.54 6.56 
2017/01/24 6.57 6.65 6.56 6.65 
2017/02/02 6.80 7.17 6.72 7.08 
2017/02/03 7.08 7.50 6.96 7.42 
2017/02/06 7.47 7.74 7.46 7.61 
2017/02/07 7.67 7.67 7.38 7.58 
2017/02/08 7.56 7.60 7.42 7.50 
