2016/07/01 10.50 10.80 10.35 10.65 
2016/07/04 10.50 10.65 10.40 10.60 
2016/07/05 10.60 10.60 10.40 10.50 
2016/07/06 10.50 10.50 10.05 10.05 
2016/07/07 10.10 10.40 10.10 10.15 
2016/07/11 10.25 10.45 10.00 10.05 
2016/07/12 10.15 10.15 10.00 10.10 
2016/07/13 10.10 10.20 9.99 10.05 
2016/07/14 10.10 10.10 9.99 9.99 
2016/07/15 10.00 10.15 10.00 10.00 
2016/07/18 10.15 10.20 10.05 10.10 
2016/07/19 10.05 10.20 10.00 10.05 
2016/07/20 10.10 10.60 10.10 10.50 
2016/07/21 10.50 10.80 10.45 10.50 
2016/07/22 10.60 11.00 10.60 10.60 
2016/07/25 10.50 10.60 10.20 10.20 
2016/07/26 10.20 10.40 10.20 10.35 
2016/07/27 10.40 10.45 10.15 10.35 
2016/07/28 10.40 10.40 10.15 10.15 
2016/07/29 10.10 10.20 9.96 9.96 
2016/08/01 9.97 10.10 9.97 10.05 
2016/08/02 10.10 10.15 10.00 10.05 
2016/08/03 10.00 10.00 9.97 10.00 
2016/08/04 10.05 10.25 10.00 10.15 
2016/08/05 10.15 10.20 10.05 10.05 
2016/08/08 10.10 10.15 9.95 10.00 
2016/08/09 10.05 10.05 9.82 9.82 
2016/08/10 9.82 9.85 9.48 9.58 
2016/08/11 9.46 9.47 9.28 9.32 
2016/08/12 9.30 9.54 9.30 9.40 
2016/08/15 9.30 9.44 9.22 9.22 
2016/08/16 9.20 9.35 9.20 9.29 
2016/08/17 9.28 9.28 9.05 9.21 
2016/08/18 9.21 9.30 9.18 9.20 
2016/08/19 9.30 9.30 9.06 9.15 
2016/08/22 9.15 9.19 9.06 9.09 
2016/08/23 9.05 9.14 9.00 9.07 
2016/08/24 9.08 9.13 9.01 9.05 
2016/08/25 9.02 9.18 9.01 9.13 
2016/08/26 9.22 9.23 9.13 9.17 
2016/08/29 9.20 9.20 9.09 9.09 
2016/08/30 9.15 9.25 9.15 9.20 
2016/08/31 9.25 9.67 9.25 9.62 
2016/09/01 9.60 9.87 9.55 9.64 
2016/09/02 9.65 9.66 9.38 9.39 
2016/09/05 9.46 9.50 9.37 9.50 
2016/09/06 9.54 9.54 9.46 9.46 
2016/09/07 9.46 9.50 9.35 9.38 
2016/09/08 9.45 9.52 9.45 9.47 
2016/09/09 9.50 9.51 9.34 9.35 
2016/09/10 9.21 9.30 9.21 9.22 
2016/09/12 9.22 9.33 9.20 9.20 
2016/09/13 9.30 9.30 9.20 9.20 
2016/09/14 9.13 9.21 9.13 9.20 
2016/09/19 9.20 9.30 9.20 9.25 
2016/09/20 9.21 9.33 9.21 9.26 
2016/09/21 9.24 9.38 9.24 9.38 
2016/09/22 9.42 9.42 9.35 9.35 
2016/09/23 9.42 9.45 9.28 9.28 
2016/09/26 9.27 9.31 9.27 9.28 
2016/09/29 9.30 9.42 9.30 9.31 
2016/09/30 9.30 9.37 9.30 9.37 
2016/10/03 9.37 9.48 9.37 9.44 
2016/10/04 9.49 9.50 9.38 9.45 
2016/10/05 9.40 9.45 9.40 9.40 
2016/10/06 9.50 9.50 9.40 9.41 
2016/10/07 9.40 9.42 9.33 9.33 
2016/10/11 9.33 9.35 9.12 9.20 
2016/10/12 9.07 9.33 9.07 9.27 
2016/10/13 9.31 9.35 9.25 9.31 
2016/10/14 9.30 9.30 9.16 9.17 
2016/10/17 9.12 9.23 9.12 9.18 
2016/10/18 9.21 9.21 9.13 9.18 
2016/10/19 9.18 9.29 9.18 9.20 
2016/10/20 9.20 9.29 9.20 9.28 
2016/10/21 9.26 9.38 9.26 9.32 
2016/10/24 9.30 9.40 9.30 9.32 
2016/10/25 9.35 9.51 9.35 9.49 
2016/10/26 9.50 9.52 9.42 9.42 
2016/10/27 9.42 9.45 9.34 9.40 
2016/10/28 9.41 9.41 9.34 9.39 
2016/10/31 9.32 9.39 9.32 9.37 
2016/11/01 9.36 9.37 9.31 9.32 
2016/11/02 9.28 9.32 9.13 9.16 
2016/11/03 9.15 9.23 9.01 9.12 
2016/11/04 9.10 9.13 9.04 9.07 
2016/11/07 9.05 9.13 9.05 9.08 
2016/11/08 9.12 9.16 9.07 9.09 
2016/11/09 9.11 9.11 8.70 8.94 
2016/11/10 8.95 9.17 8.95 9.05 
2016/11/11 9.00 9.17 8.87 9.10 
2016/11/14 9.25 9.25 9.13 9.20 
2016/11/15 9.24 9.24 9.19 9.19 
2016/11/16 9.15 9.26 9.12 9.22 
2016/11/17 9.18 9.23 9.07 9.20 
2016/11/18 9.20 9.23 9.18 9.21 
2016/11/21 9.25 9.51 9.25 9.48 
2016/11/22 9.60 9.60 9.40 9.40 
2016/11/23 9.41 9.50 9.41 9.43 
2016/11/24 9.44 9.55 9.44 9.44 
2016/11/25 9.40 9.40 9.34 9.34 
2016/11/28 9.35 9.40 9.35 9.40 
2016/11/29 9.49 9.49 9.38 9.43 
2016/11/30 9.44 9.50 9.41 9.44 
2016/12/01 9.44 9.51 9.42 9.48 
2016/12/02 9.54 9.54 9.45 9.45 
2016/12/05 9.54 10.35 9.45 10.35 
2016/12/06 10.30 10.50 10.15 10.25 
2016/12/07 10.20 10.80 10.20 10.40 
2016/12/08 10.70 10.70 10.10 10.15 
2016/12/09 10.20 10.30 10.10 10.30 
2016/12/12 10.35 10.35 10.00 10.10 
2016/12/13 10.10 10.15 9.98 10.10 
2016/12/14 10.10 10.10 9.95 10.05 
2016/12/15 9.98 10.00 9.89 9.92 
2016/12/16 10.00 10.20 9.94 10.10 
2016/12/19 10.10 10.20 10.05 10.05 
2016/12/20 10.05 10.70 10.05 10.45 
2016/12/21 10.50 11.45 10.50 11.35 
2016/12/22 11.80 11.80 10.80 10.85 
2016/12/23 11.00 11.20 10.55 10.55 
2016/12/26 10.65 10.70 10.15 10.30 
2016/12/27 10.35 10.55 10.30 10.40 
2016/12/28 10.45 10.50 10.40 10.40 
2016/12/29 10.45 10.75 10.45 10.60 
2016/12/30 10.75 10.85 10.75 10.85 
2017/01/03 11.10 11.40 11.00 11.15 
2017/01/04 11.30 11.30 11.05 11.10 
2017/01/05 11.35 11.55 11.30 11.40 
2017/01/06 11.30 11.50 11.25 11.30 
2017/01/09 11.40 11.50 11.25 11.25 
2017/01/10 11.25 11.35 11.10 11.15 
2017/01/11 11.15 11.15 10.85 10.90 
2017/01/12 10.90 11.10 10.90 11.00 
2017/01/13 11.00 11.00 10.90 11.00 
2017/01/16 11.00 11.00 10.85 10.90 
2017/01/17 10.90 10.90 10.65 10.80 
2017/01/18 10.70 11.00 10.70 11.00 
2017/01/19 11.10 11.10 10.85 10.95 
2017/01/20 10.80 11.05 10.80 11.00 
2017/01/23 11.10 11.10 11.00 11.05 
2017/01/24 11.05 11.05 10.95 11.00 
2017/02/02 11.00 11.00 10.85 10.90 
2017/02/03 10.80 11.00 10.80 10.90 
2017/02/06 10.90 11.25 10.90 11.25 
2017/02/07 11.25 11.25 11.05 11.05 
2017/02/08 11.00 11.05 10.90 11.00 
