2016/07/01 29.95 29.95 29.35 29.35 
2016/07/04 29.10 29.50 28.65 29.00 
2016/07/05 28.80 29.10 28.65 28.80 
2016/07/06 28.80 29.00 28.20 28.20 
2016/07/07 28.20 28.20 27.60 27.70 
2016/07/11 29.00 29.40 28.05 28.70 
2016/07/12 28.60 29.00 28.50 28.55 
2016/07/13 28.60 28.60 28.10 28.15 
2016/07/14 28.50 28.55 28.15 28.25 
2016/07/15 28.50 29.25 28.30 28.65 
2016/07/18 28.80 29.40 28.80 29.30 
2016/07/19 29.90 29.90 29.00 29.05 
2016/07/20 29.00 30.20 29.00 29.70 
2016/07/21 29.70 29.90 29.30 29.30 
2016/07/22 28.60 29.00 28.55 28.80 
2016/07/25 28.80 30.50 28.80 29.65 
2016/07/26 30.00 30.10 28.90 29.20 
2016/07/27 29.50 30.30 29.40 29.70 
2016/07/28 30.00 31.00 29.80 30.00 
2016/07/29 30.00 30.00 29.05 29.55 
2016/08/01 29.70 29.70 28.90 29.10 
2016/08/02 29.10 29.35 29.00 29.00 
2016/08/03 29.00 30.80 29.00 29.90 
2016/08/04 30.20 32.85 30.20 32.85 
2016/08/05 34.90 36.10 34.85 36.10 
2016/08/08 38.30 38.90 36.00 37.70 
2016/08/09 36.25 36.50 33.95 33.95 
2016/08/10 33.80 34.00 32.30 32.80 
2016/08/11 33.30 33.30 30.55 31.65 
2016/08/12 31.65 32.75 31.00 31.70 
2016/08/15 32.10 32.80 31.35 32.25 
2016/08/16 32.00 32.00 30.10 30.70 
2016/08/17 30.10 30.80 29.10 29.55 
2016/08/18 29.55 29.60 28.45 29.60 
2016/08/19 29.55 29.55 28.85 29.45 
2016/08/22 29.45 29.45 28.90 29.00 
2016/08/23 29.10 31.90 29.10 31.90 
2016/08/24 31.90 31.90 30.50 30.80 
2016/08/25 30.60 31.10 30.30 30.85 
2016/08/26 31.00 31.75 30.90 30.90 
2016/08/29 30.30 30.90 29.90 29.95 
2016/08/30 29.95 30.05 29.55 29.80 
2016/08/31 30.00 30.10 29.20 29.30 
2016/09/01 29.25 29.70 29.25 29.35 
2016/09/02 29.70 29.90 29.20 29.20 
2016/09/05 29.10 30.00 29.10 30.00 
2016/09/06 30.00 30.00 29.70 29.70 
2016/09/07 29.85 30.40 29.60 29.70 
2016/09/08 29.70 31.35 29.70 30.20 
2016/09/09 30.00 30.20 29.70 29.90 
2016/09/10 29.90 29.90 29.15 29.25 
2016/09/12 30.30 30.30 29.30 29.30 
2016/09/13 29.35 29.50 29.25 29.40 
2016/09/14 29.75 29.75 29.10 29.10 
2016/09/19 29.90 29.90 29.20 29.80 
2016/09/20 29.35 29.70 29.25 29.30 
2016/09/21 29.10 29.40 29.10 29.30 
2016/09/22 29.50 29.50 29.10 29.15 
2016/09/23 29.15 31.00 29.15 30.00 
2016/09/26 29.60 29.60 29.20 29.50 
2016/09/29 29.35 29.80 29.30 29.30 
2016/09/30 29.15 29.60 28.80 29.60 
2016/10/03 29.60 30.30 29.25 29.25 
2016/10/04 29.30 29.70 29.30 29.40 
2016/10/05 29.85 29.85 29.20 29.20 
2016/10/06 29.30 29.75 29.30 29.40 
2016/10/07 29.60 29.80 29.20 29.25 
2016/10/11 29.20 29.60 27.65 27.80 
2016/10/12 28.80 28.80 27.55 27.90 
2016/10/13 27.90 28.00 26.40 27.50 
2016/10/14 27.50 27.50 26.70 26.70 
2016/10/17 26.70 26.70 25.70 26.30 
2016/10/18 26.00 26.55 26.00 26.30 
2016/10/19 26.55 27.40 26.55 27.00 
2016/10/20 26.90 27.00 26.60 26.75 
2016/10/21 26.80 27.40 26.80 26.80 
2016/10/24 28.00 29.45 28.00 29.45 
2016/10/25 29.45 30.70 28.80 28.85 
2016/10/26 28.00 28.80 28.00 28.20 
2016/10/27 28.50 28.50 27.50 28.10 
2016/10/28 27.80 28.00 27.70 27.85 
2016/10/31 27.30 27.90 27.30 27.40 
2016/11/01 27.55 27.90 27.50 27.80 
2016/11/02 28.00 28.00 27.10 27.10 
2016/11/03 27.05 27.10 26.50 26.70 
2016/11/04 26.85 27.15 26.50 26.60 
2016/11/07 26.60 27.25 26.55 27.25 
2016/11/08 27.30 27.80 27.00 27.80 
2016/11/09 27.80 27.80 26.50 26.55 
2016/11/10 26.90 27.95 26.90 27.05 
2016/11/11 27.10 27.10 26.20 27.00 
2016/11/14 26.70 26.70 26.30 26.60 
2016/11/15 26.50 26.65 26.50 26.65 
2016/11/16 26.65 27.10 26.55 27.10 
2016/11/17 26.70 26.70 26.20 26.60 
2016/11/18 27.40 27.40 26.70 26.70 
2016/11/21 26.90 26.90 26.50 26.65 
2016/11/22 27.35 29.20 26.80 27.55 
2016/11/23 27.30 27.30 26.20 26.75 
2016/11/24 26.80 27.95 26.75 27.00 
2016/11/25 27.15 27.30 26.00 26.60 
2016/11/28 26.85 27.25 26.80 26.90 
2016/11/29 26.90 26.90 26.80 26.90 
2016/11/30 27.00 27.10 26.50 26.65 
2016/12/01 26.50 26.90 26.40 26.45 
2016/12/02 26.20 26.35 25.90 26.05 
2016/12/05 26.00 26.80 26.00 26.10 
2016/12/06 26.00 26.40 26.00 26.00 
2016/12/07 26.00 26.40 26.00 26.20 
2016/12/08 26.50 26.50 26.30 26.30 
2016/12/09 26.30 26.30 26.00 26.20 
2016/12/12 26.50 26.60 26.20 26.20 
2016/12/13 26.20 26.60 26.20 26.60 
2016/12/14 26.80 27.00 26.80 26.95 
2016/12/15 26.90 26.90 26.75 26.75 
2016/12/16 27.00 28.50 26.90 28.50 
2016/12/19 28.90 29.00 27.00 28.10 
2016/12/20 27.50 27.50 27.20 27.20 
2016/12/21 27.30 27.80 27.20 27.20 
2016/12/22 27.25 27.45 27.10 27.10 
2016/12/23 27.10 27.40 27.00 27.20 
2016/12/26 27.30 27.30 26.70 26.70 
2016/12/27 27.30 27.30 26.65 26.65 
2016/12/28 26.60 27.10 26.50 26.55 
2016/12/29 26.50 26.80 26.50 26.80 
2016/12/30 26.60 27.00 26.60 26.70 
2017/01/03 26.95 27.35 26.95 27.00 
2017/01/04 27.00 27.00 26.20 26.70 
2017/01/05 26.80 27.00 26.80 26.80 
2017/01/06 27.00 27.25 26.65 27.00 
2017/01/09 27.40 27.40 26.90 27.00 
2017/01/10 26.60 26.90 26.50 26.60 
2017/01/11 27.50 27.50 26.55 26.55 
2017/01/12 27.30 27.30 26.80 27.00 
2017/01/13 27.30 27.40 27.05 27.05 
2017/01/16 27.45 27.55 27.15 27.50 
2017/01/17 27.60 27.80 27.50 27.65 
2017/01/18 27.80 29.10 27.80 28.50 
2017/01/19 28.00 28.00 27.10 27.10 
2017/01/20 28.80 28.80 27.40 27.50 
2017/01/23 27.50 27.50 27.15 27.15 
2017/01/24 27.15 27.30 26.80 26.90 
2017/02/02 26.90 26.90 26.30 26.30 
2017/02/03 27.00 27.00 26.00 26.35 
2017/02/06 26.80 26.90 26.20 26.60 
2017/02/07 26.50 26.50 26.05 26.15 
2017/02/08 26.25 27.00 26.25 26.40 
