2016/07/01 14.05 14.15 13.90 13.90 
2016/07/04 13.90 14.00 13.80 13.95 
2016/07/05 13.95 14.65 13.90 14.50 
2016/07/06 14.50 14.55 14.10 14.15 
2016/07/07 14.35 14.45 14.20 14.25 
2016/07/11 14.45 15.05 14.30 15.00 
2016/07/12 14.90 15.25 14.80 14.80 
2016/07/13 14.90 15.05 14.65 14.85 
2016/07/14 14.80 14.90 14.70 14.85 
2016/07/15 14.90 15.00 14.70 14.70 
2016/07/18 14.85 14.85 14.70 14.75 
2016/07/19 14.80 14.90 14.70 14.80 
2016/07/20 14.55 14.60 14.25 14.25 
2016/07/21 14.40 14.60 14.25 14.45 
2016/07/22 14.40 14.55 14.40 14.40 
2016/07/25 14.55 15.10 14.50 15.00 
2016/07/26 15.10 15.70 14.85 15.60 
2016/07/27 16.00 16.30 15.45 15.45 
2016/07/28 15.55 15.60 15.20 15.35 
2016/07/29 15.45 16.15 15.35 16.15 
2016/08/01 16.95 17.75 16.70 17.45 
2016/08/02 17.30 18.10 16.95 18.00 
2016/08/03 17.60 18.20 17.45 17.60 
2016/08/04 17.90 18.15 17.65 17.65 
2016/08/05 17.80 17.95 17.20 17.25 
2016/08/08 17.30 17.40 16.95 17.20 
2016/08/09 17.30 17.80 17.05 17.15 
2016/08/10 17.15 17.15 16.30 16.75 
2016/08/11 16.75 17.10 16.35 16.55 
2016/08/12 16.65 16.95 16.20 16.80 
2016/08/15 16.85 17.90 16.75 17.80 
2016/08/16 18.00 18.10 17.55 17.65 
2016/08/17 17.50 17.65 16.90 17.20 
2016/08/18 17.30 17.50 16.95 17.50 
2016/08/19 17.60 17.80 17.05 17.05 
2016/08/22 17.00 17.10 16.35 16.50 
2016/08/23 16.50 17.15 16.50 17.05 
2016/08/24 17.10 17.35 17.00 17.00 
2016/08/25 16.95 17.05 16.75 16.95 
2016/08/26 17.00 17.65 17.00 17.20 
2016/08/29 17.30 17.40 17.00 17.40 
2016/08/30 17.60 18.00 17.35 18.00 
2016/08/31 18.75 19.70 17.90 18.00 
2016/09/01 18.05 18.15 17.45 17.45 
2016/09/02 17.40 17.65 16.95 17.00 
2016/09/05 17.25 17.50 17.05 17.30 
2016/09/06 17.30 17.40 17.20 17.30 
2016/09/07 17.40 18.05 17.40 17.60 
2016/09/08 17.95 18.30 17.80 17.95 
2016/09/09 17.95 18.15 17.75 17.90 
2016/09/10 17.50 17.75 17.40 17.40 
2016/09/12 17.50 17.65 17.25 17.30 
2016/09/13 17.45 17.45 16.65 16.75 
2016/09/14 16.70 17.10 16.65 16.80 
2016/09/19 16.95 17.40 16.95 17.40 
2016/09/20 17.40 17.65 17.40 17.50 
2016/09/21 17.60 17.90 17.55 17.85 
2016/09/22 18.00 18.70 18.00 18.40 
2016/09/23 18.60 19.45 18.10 18.10 
2016/09/26 18.20 18.25 17.90 17.90 
2016/09/29 18.00 18.05 17.50 17.55 
2016/09/30 17.40 18.25 17.30 18.15 
2016/10/03 18.15 18.25 17.90 17.95 
2016/10/04 18.10 18.10 17.70 17.75 
2016/10/05 17.80 17.95 17.70 17.70 
2016/10/06 17.75 18.35 17.75 17.90 
2016/10/07 17.90 17.95 17.50 17.65 
2016/10/11 17.70 17.80 16.65 16.90 
2016/10/12 16.90 17.25 16.70 17.15 
2016/10/13 17.10 17.20 16.50 16.60 
2016/10/14 16.60 16.75 16.30 16.65 
2016/10/17 16.65 17.15 16.55 17.15 
2016/10/18 17.00 17.20 16.95 17.05 
2016/10/19 17.05 17.25 17.05 17.05 
2016/10/20 17.10 17.20 17.00 17.05 
2016/10/21 17.15 17.60 17.10 17.40 
2016/10/24 17.50 17.70 17.35 17.40 
2016/10/25 17.55 17.65 17.40 17.55 
2016/10/26 17.55 18.15 17.50 17.80 
2016/10/27 17.90 17.95 17.30 17.30 
2016/10/28 17.30 17.40 16.90 16.90 
2016/10/31 16.85 17.15 16.70 17.10 
2016/11/01 17.10 17.10 16.90 16.90 
2016/11/02 16.90 16.90 16.40 16.45 
2016/11/03 16.40 16.65 15.85 16.05 
2016/11/04 15.95 16.30 15.90 15.95 
2016/11/07 16.00 16.15 15.90 15.95 
2016/11/08 16.05 16.20 15.45 15.45 
2016/11/09 15.60 15.75 14.50 14.60 
2016/11/10 15.00 15.30 15.00 15.15 
2016/11/11 15.00 15.10 14.75 14.90 
2016/11/14 14.90 15.00 14.60 15.00 
2016/11/15 14.95 15.25 14.95 15.15 
2016/11/16 15.25 15.25 15.05 15.15 
2016/11/17 15.20 15.20 14.95 15.05 
2016/11/18 15.10 15.25 14.95 15.25 
2016/11/21 15.30 16.40 15.30 16.40 
2016/11/22 16.40 16.55 16.00 16.10 
2016/11/23 16.20 16.25 15.80 16.05 
2016/11/24 16.05 16.10 15.90 15.90 
2016/11/25 16.10 16.20 15.70 15.75 
2016/11/28 15.75 16.00 15.75 15.80 
2016/11/29 15.85 16.30 15.70 16.05 
2016/11/30 16.15 16.40 16.05 16.20 
2016/12/01 16.25 16.30 16.05 16.10 
2016/12/02 16.00 16.00 15.70 15.80 
2016/12/05 15.80 15.90 15.65 15.65 
2016/12/06 15.80 16.25 15.75 16.15 
2016/12/07 16.20 16.35 16.15 16.20 
2016/12/08 16.35 16.40 16.15 16.20 
2016/12/09 16.20 16.30 16.10 16.10 
2016/12/12 16.20 16.65 16.10 16.40 
2016/12/13 16.50 16.55 16.30 16.30 
2016/12/14 16.45 16.45 16.15 16.20 
2016/12/15 16.15 16.20 15.95 16.05 
2016/12/16 16.10 16.80 16.05 16.60 
2016/12/19 16.55 16.70 16.20 16.20 
2016/12/20 16.30 16.30 16.05 16.10 
2016/12/21 16.15 16.30 16.10 16.15 
2016/12/22 16.20 16.35 15.45 15.55 
2016/12/23 15.40 15.70 15.40 15.40 
2016/12/26 15.45 15.60 15.40 15.50 
2016/12/27 15.55 15.55 15.10 15.15 
2016/12/28 15.10 15.35 15.10 15.25 
2016/12/29 15.20 15.45 15.20 15.30 
2016/12/30 15.40 15.55 15.35 15.40 
2017/01/03 15.50 15.50 15.45 15.45 
2017/01/04 15.50 15.60 15.45 15.55 
2017/01/05 15.55 15.80 15.55 15.70 
2017/01/06 15.65 15.75 15.50 15.65 
2017/01/09 15.75 15.75 15.35 15.35 
2017/01/10 15.35 15.45 15.20 15.25 
2017/01/11 15.30 15.35 15.20 15.25 
2017/01/12 15.25 15.40 15.20 15.25 
2017/01/13 15.20 15.25 15.15 15.15 
2017/01/16 15.15 15.20 15.05 15.05 
2017/01/17 15.20 15.30 15.10 15.20 
2017/01/18 15.30 15.55 15.25 15.45 
2017/01/19 15.55 16.10 15.55 15.90 
2017/01/20 16.05 16.30 15.75 15.75 
2017/01/23 15.85 15.90 15.55 15.60 
2017/01/24 15.65 15.75 15.60 15.65 
2017/02/02 15.75 16.05 15.70 15.95 
2017/02/03 16.00 16.45 15.95 16.25 
2017/02/06 16.40 17.60 16.30 17.00 
2017/02/07 17.00 17.10 16.65 16.80 
2017/02/08 16.95 17.40 16.95 17.10 
