2016/07/01 15.40 15.40 14.90 14.90 
2016/07/04 14.90 15.00 14.90 15.00 
2016/07/05 15.30 15.50 15.20 15.25 
2016/07/06 15.05 15.05 14.90 14.90 
2016/07/07 14.90 15.20 14.75 15.20 
2016/07/11 16.00 16.00 15.05 15.05 
2016/07/12 15.20 15.20 15.05 15.05 
2016/07/13 15.10 15.10 15.10 15.10 
2016/07/14 15.00 15.45 14.90 15.20 
2016/07/15 14.80 15.10 14.80 14.90 
2016/07/18 15.00 15.00 14.90 14.90 
2016/07/19 14.75 14.85 14.60 14.85 
2016/07/20 14.95 15.70 14.95 15.25 
2016/07/21 15.25 15.25 15.00 15.00 
2016/07/22 15.10 15.10 14.85 14.85 
2016/07/25 15.20 15.20 14.90 15.10 
2016/07/26 15.05 15.35 14.90 15.20 
2016/07/27 14.95 15.25 14.90 15.10 
2016/07/28 15.00 15.00 15.00 15.00 
2016/07/29 15.00 15.00 15.00 15.00 
2016/08/02 15.00 15.95 15.00 15.35 
2016/08/03 14.80 15.15 14.80 15.15 
2016/08/04 15.20 15.20 14.85 15.15 
2016/08/05 15.25 15.80 15.25 15.40 
2016/08/08 15.75 15.80 15.40 15.60 
2016/08/09 15.50 15.50 15.40 15.40 
2016/08/10 15.40 16.10 15.40 15.65 
2016/08/11 15.55 15.65 15.50 15.60 
2016/08/12 15.60 15.95 15.30 15.70 
2016/08/15 15.80 16.15 15.80 16.00 
2016/08/16 16.00 16.10 15.10 15.60 
2016/08/17 15.70 15.70 15.50 15.65 
2016/08/18 15.70 16.70 15.70 15.80 
2016/08/19 15.90 16.20 15.90 16.00 
2016/08/22 16.15 16.40 16.05 16.05 
2016/08/23 16.25 16.25 16.10 16.20 
2016/08/24 16.15 16.15 15.60 15.90 
2016/08/25 14.90 15.00 14.80 14.90 
2016/08/26 15.05 15.40 14.90 14.90 
2016/08/29 14.80 14.95 14.75 14.95 
2016/08/30 14.75 14.80 14.30 14.35 
2016/08/31 14.45 14.75 14.35 14.70 
2016/09/01 14.75 14.95 14.50 14.95 
2016/09/02 14.95 15.35 14.75 14.90 
2016/09/05 14.95 15.40 14.90 15.10 
2016/09/06 15.10 15.25 14.65 15.00 
2016/09/07 15.25 15.25 14.90 15.00 
2016/09/08 15.20 15.30 14.90 15.20 
2016/09/10 15.00 15.45 14.55 15.15 
2016/09/12 15.30 15.40 15.15 15.20 
2016/09/13 15.35 15.35 15.35 15.35 
2016/09/14 15.35 15.45 15.00 15.20 
2016/09/19 15.60 15.60 15.00 15.00 
2016/09/20 15.15 15.45 15.15 15.30 
2016/09/21 15.30 15.40 15.00 15.05 
2016/09/22 15.20 16.25 15.20 16.10 
2016/09/23 16.10 16.10 15.75 16.05 
2016/09/26 15.95 16.55 15.60 16.10 
2016/09/29 16.00 16.00 15.80 15.85 
2016/09/30 15.85 15.85 15.50 15.55 
2016/10/03 15.65 15.70 15.40 15.40 
2016/10/04 15.70 15.70 15.45 15.60 
2016/10/05 15.60 15.70 15.55 15.60 
2016/10/06 15.70 15.70 15.55 15.55 
2016/10/07 15.55 15.55 15.40 15.50 
2016/10/11 15.35 15.50 14.05 15.10 
2016/10/12 14.80 15.35 14.80 15.00 
2016/10/13 15.00 15.00 14.50 14.50 
2016/10/14 14.30 14.70 14.30 14.30 
2016/10/17 15.00 15.00 14.35 14.90 
2016/10/18 15.00 15.15 14.95 14.95 
2016/10/19 15.10 15.10 15.05 15.05 
2016/10/20 15.10 15.10 15.00 15.00 
2016/10/21 14.75 15.05 14.65 15.05 
2016/10/24 14.95 15.00 14.95 15.00 
2016/10/25 15.05 15.05 14.45 14.80 
2016/10/26 14.90 15.00 14.80 14.80 
2016/10/27 14.70 14.95 14.55 14.60 
2016/10/28 14.80 14.80 14.75 14.75 
2016/10/31 14.80 14.80 14.80 14.80 
2016/11/01 14.60 14.80 14.60 14.80 
2016/11/02 14.40 14.75 14.40 14.75 
2016/11/03 14.45 14.55 14.35 14.35 
2016/11/04 14.60 14.60 14.20 14.45 
2016/11/07 14.50 14.65 14.50 14.60 
2016/11/08 14.65 14.65 14.30 14.45 
2016/11/09 14.60 14.60 13.95 14.45 
2016/11/10 13.95 14.50 13.95 14.50 
2016/11/11 14.20 14.20 13.95 14.10 
2016/11/14 14.20 14.20 13.80 14.05 
2016/11/15 14.20 14.20 14.00 14.10 
2016/11/16 14.20 14.20 13.85 14.00 
2016/11/17 13.90 14.10 13.85 14.05 
2016/11/18 14.10 14.10 13.95 14.00 
2016/11/21 14.00 14.05 13.85 14.00 
2016/11/22 14.00 14.35 13.90 13.95 
2016/11/23 14.10 14.30 14.10 14.10 
2016/11/24 14.20 14.20 14.00 14.20 
2016/11/25 14.05 14.20 14.05 14.15 
2016/11/28 14.20 14.20 14.00 14.15 
2016/11/29 14.05 14.20 14.05 14.20 
2016/11/30 14.25 14.25 14.10 14.25 
2016/12/01 14.20 14.25 14.20 14.25 
2016/12/02 14.30 14.30 14.30 14.30 
2016/12/05 14.10 14.30 14.05 14.05 
2016/12/06 14.10 14.10 14.10 14.10 
2016/12/07 14.10 14.25 14.00 14.25 
2016/12/08 14.25 14.30 14.25 14.25 
2016/12/09 14.30 14.30 14.30 14.30 
2016/12/12 14.30 14.30 14.20 14.20 
2016/12/13 14.30 14.30 14.25 14.25 
2016/12/14 14.30 14.40 14.20 14.40 
2016/12/15 14.25 14.40 14.15 14.40 
2016/12/16 14.45 14.45 14.45 14.45 
2016/12/19 14.50 14.50 14.50 14.50 
2016/12/20 14.45 14.45 14.45 14.45 
2016/12/21 14.50 14.65 14.50 14.65 
2016/12/22 14.70 14.70 14.35 14.40 
2016/12/23 14.50 14.55 14.35 14.55 
2016/12/26 14.55 14.65 14.50 14.50 
2016/12/27 14.60 14.60 14.40 14.55 
2016/12/28 14.60 14.75 14.50 14.60 
2016/12/29 14.70 14.80 14.65 14.75 
2016/12/30 14.80 14.80 14.45 14.70 
2017/01/03 14.75 14.80 14.40 14.65 
2017/01/04 14.70 14.70 14.10 14.35 
2017/01/05 14.25 14.40 14.25 14.40 
2017/01/06 14.50 14.50 14.30 14.50 
2017/01/09 14.55 14.55 14.15 14.30 
2017/01/10 14.15 14.30 14.10 14.30 
2017/01/11 14.35 14.40 14.35 14.40 
2017/01/12 14.40 14.50 14.30 14.50 
2017/01/13 14.50 14.60 14.10 14.30 
2017/01/16 14.40 14.40 14.15 14.30 
2017/01/17 14.20 14.35 14.20 14.35 
2017/01/18 14.40 14.60 14.25 14.25 
2017/01/19 14.35 14.70 14.30 14.60 
2017/01/20 14.70 16.05 14.70 15.20 
2017/01/23 15.20 15.45 14.60 15.25 
2017/01/24 15.30 15.30 14.95 15.25 
2017/02/02 15.30 15.40 14.95 14.95 
2017/02/03 14.95 15.30 14.90 15.20 
2017/02/06 15.25 15.50 15.00 15.15 
2017/02/07 15.00 15.20 15.00 15.15 
2017/02/08 15.20 15.20 15.00 15.20 
