2016/07/01 12.95 13.10 12.25 12.45 
2016/07/04 12.45 12.55 12.15 12.45 
2016/07/05 12.35 12.50 12.25 12.35 
2016/07/06 12.20 12.20 12.00 12.00 
2016/07/07 12.10 12.20 11.95 11.95 
2016/07/11 12.40 13.10 12.40 13.05 
2016/07/12 13.05 13.05 12.65 12.90 
2016/07/13 12.90 12.95 12.80 12.95 
2016/07/14 13.00 13.95 13.00 13.50 
2016/07/15 13.50 13.70 13.40 13.60 
2016/07/18 13.60 14.00 13.60 13.65 
2016/07/19 13.80 15.00 13.80 15.00 
2016/07/20 15.00 15.00 14.20 14.45 
2016/07/21 14.50 14.70 14.30 14.45 
2016/07/22 14.50 14.60 14.15 14.20 
2016/07/25 14.05 14.40 14.05 14.30 
2016/07/26 14.20 14.45 14.15 14.40 
2016/07/27 14.35 14.50 14.05 14.05 
2016/07/28 14.10 14.40 14.10 14.25 
2016/07/29 14.25 14.35 14.05 14.05 
2016/08/01 14.10 14.25 14.00 14.05 
2016/08/02 14.05 14.10 13.80 13.85 
2016/08/03 13.80 14.05 13.60 14.00 
2016/08/04 13.85 14.30 13.85 14.15 
2016/08/05 14.10 14.20 14.10 14.10 
2016/08/08 14.05 14.10 13.60 14.05 
2016/08/09 14.00 14.00 13.80 13.90 
2016/08/10 13.75 13.90 13.70 13.75 
2016/08/11 13.75 13.75 13.30 13.40 
2016/08/12 13.40 13.80 13.35 13.80 
2016/08/15 13.90 14.40 13.85 14.40 
2016/08/16 14.40 14.60 14.20 14.25 
2016/08/17 14.35 14.50 14.15 14.50 
2016/08/18 14.75 15.20 14.65 14.80 
2016/08/19 14.80 15.00 14.60 15.00 
2016/08/22 14.70 15.00 14.65 14.95 
2016/08/23 14.80 14.85 14.45 14.50 
2016/08/24 14.35 14.55 14.35 14.55 
2016/08/25 14.60 14.85 14.45 14.65 
2016/08/26 14.60 14.70 14.45 14.60 
2016/08/29 14.60 14.60 14.25 14.25 
2016/08/30 14.35 14.50 13.90 13.95 
2016/08/31 13.95 14.00 13.80 13.80 
2016/09/01 13.95 13.95 13.75 13.75 
2016/09/02 13.85 13.90 13.75 13.75 
2016/09/05 13.90 14.00 13.75 13.85 
2016/09/06 13.95 13.95 13.75 13.75 
2016/09/07 14.10 14.10 13.90 13.90 
2016/09/08 14.25 14.40 14.20 14.40 
2016/09/09 14.35 14.45 14.15 14.15 
2016/09/10 14.05 14.15 13.90 13.90 
2016/09/12 14.10 14.20 13.95 13.95 
2016/09/13 13.95 13.95 13.80 13.80 
2016/09/14 13.70 13.90 13.60 13.70 
2016/09/19 13.80 14.10 13.75 14.05 
2016/09/20 13.65 13.80 13.50 13.70 
2016/09/21 13.70 13.70 13.50 13.60 
2016/09/22 13.70 13.75 13.65 13.70 
2016/09/23 13.65 13.80 13.60 13.60 
2016/09/26 13.70 13.70 13.45 13.45 
2016/09/29 13.50 13.55 13.40 13.50 
2016/09/30 13.45 13.70 13.45 13.70 
2016/10/03 13.65 13.90 13.60 13.80 
2016/10/04 14.00 14.00 13.70 13.70 
2016/10/05 13.65 13.65 13.65 13.65 
2016/10/06 13.60 13.65 13.50 13.60 
2016/10/07 13.80 13.90 13.70 13.90 
2016/10/11 13.90 14.20 13.80 13.80 
2016/10/12 14.10 14.10 13.80 13.80 
2016/10/13 13.90 14.40 13.80 13.90 
2016/10/14 13.85 13.85 13.60 13.60 
2016/10/17 13.70 13.70 13.45 13.65 
2016/10/18 13.50 13.70 13.50 13.60 
2016/10/19 13.60 13.80 13.55 13.70 
2016/10/20 13.65 13.65 13.50 13.50 
2016/10/21 13.50 13.50 13.45 13.45 
2016/10/24 13.40 13.40 13.30 13.40 
2016/10/25 13.50 13.50 13.20 13.35 
2016/10/26 13.20 13.25 13.00 13.00 
2016/10/27 12.85 13.05 12.85 12.90 
2016/10/28 12.85 12.90 12.80 12.90 
2016/10/31 13.00 13.00 12.80 13.00 
2016/11/01 13.00 13.00 12.90 12.90 
2016/11/02 12.90 12.90 12.60 12.60 
2016/11/03 12.90 12.90 12.60 12.60 
2016/11/04 13.30 13.30 12.75 12.90 
2016/11/07 12.85 12.95 12.85 12.90 
2016/11/08 13.00 13.05 12.90 13.00 
2016/11/09 12.85 12.85 12.60 12.75 
2016/11/10 12.75 13.20 12.75 13.00 
2016/11/11 13.00 13.15 12.70 13.10 
2016/11/14 13.10 13.35 13.00 13.25 
2016/11/15 13.40 13.50 13.40 13.45 
2016/11/16 13.60 13.60 13.25 13.50 
2016/11/17 13.30 13.45 13.20 13.20 
2016/11/18 13.45 13.60 13.35 13.60 
2016/11/21 13.40 13.60 13.40 13.60 
2016/11/22 13.70 13.85 13.40 13.60 
2016/11/23 13.60 13.60 13.40 13.60 
2016/11/24 13.40 13.65 13.40 13.65 
2016/11/25 13.50 13.65 13.50 13.65 
2016/11/28 13.60 13.60 13.45 13.50 
2016/11/29 13.40 13.50 13.35 13.40 
2016/11/30 13.35 13.55 13.35 13.45 
2016/12/01 13.55 13.55 13.40 13.40 
2016/12/02 13.40 13.40 13.25 13.25 
2016/12/05 13.25 13.70 13.25 13.30 
2016/12/06 13.40 13.40 13.35 13.35 
2016/12/07 13.40 13.40 12.80 13.30 
2016/12/08 13.40 13.65 13.40 13.40 
2016/12/09 13.50 13.50 13.40 13.40 
2016/12/12 13.50 13.50 13.35 13.35 
2016/12/13 13.35 13.35 13.25 13.25 
2016/12/14 13.45 13.45 13.20 13.25 
2016/12/15 13.40 13.40 13.35 13.35 
2016/12/16 13.55 13.55 13.30 13.50 
2016/12/19 13.45 13.50 13.35 13.50 
2016/12/20 13.45 13.55 13.40 13.55 
2016/12/21 13.50 13.60 13.50 13.55 
2016/12/22 13.50 13.55 13.45 13.50 
2016/12/23 13.45 13.60 13.45 13.60 
2016/12/26 13.65 13.65 13.50 13.50 
2016/12/27 13.70 13.70 13.55 13.70 
2016/12/28 13.55 13.75 13.55 13.75 
2016/12/29 13.60 13.60 13.50 13.50 
2016/12/30 13.45 13.60 13.45 13.55 
2017/01/03 13.60 13.75 13.55 13.65 
2017/01/04 13.70 13.90 13.70 13.85 
2017/01/05 13.90 14.00 13.90 13.90 
2017/01/06 14.00 14.05 13.85 13.85 
2017/01/09 14.00 15.20 13.85 15.20 
2017/01/10 16.00 16.15 15.35 15.90 
2017/01/11 15.65 16.35 15.60 16.35 
2017/01/12 16.25 16.60 16.20 16.50 
2017/01/13 16.60 16.85 16.35 16.80 
2017/01/16 16.80 16.85 16.20 16.55 
2017/01/17 16.55 17.70 16.45 17.70 
2017/01/18 17.80 18.30 17.35 17.80 
2017/01/19 17.70 18.00 17.50 18.00 
2017/01/20 18.00 18.75 18.00 18.25 
2017/01/23 18.40 18.50 17.75 18.10 
2017/01/24 17.80 18.20 17.65 17.95 
2017/02/02 17.95 18.30 17.95 18.15 
2017/02/03 18.30 18.30 17.85 18.10 
2017/02/06 18.20 18.30 17.80 18.25 
2017/02/07 18.25 18.35 18.15 18.20 
2017/02/08 18.30 19.35 18.30 18.70 
