2016/07/01 50.80 51.50 50.20 51.10 
2016/07/04 51.20 51.70 51.00 51.40 
2016/07/05 51.60 51.70 50.90 51.10 
2016/07/06 50.60 50.60 49.90 49.90 
2016/07/07 50.10 51.00 49.95 50.50 
2016/07/11 51.20 51.30 50.60 50.70 
2016/07/12 51.10 51.20 50.50 50.70 
2016/07/13 51.00 53.70 50.80 53.20 
2016/07/14 53.70 56.30 53.20 56.00 
2016/07/15 56.90 57.00 55.00 55.70 
2016/07/18 55.70 56.80 55.20 56.20 
2016/07/19 56.40 56.60 55.70 55.90 
2016/07/20 51.60 52.40 51.60 51.70 
2016/07/21 52.20 54.30 51.80 53.10 
2016/07/22 53.00 53.00 52.00 52.10 
2016/07/25 52.60 52.70 50.20 50.50 
2016/07/26 50.40 51.30 50.20 50.80 
2016/07/27 51.40 51.70 50.80 50.90 
2016/07/28 51.20 51.40 50.40 50.50 
2016/07/29 51.30 51.50 50.60 51.10 
2016/08/01 51.30 51.80 51.10 51.20 
2016/08/02 51.90 54.30 51.80 53.40 
2016/08/03 52.90 53.80 52.50 53.30 
2016/08/04 54.10 54.40 53.00 53.00 
2016/08/05 53.40 53.60 52.60 52.70 
2016/08/08 53.40 53.50 52.80 53.10 
2016/08/09 53.20 53.30 52.00 52.20 
2016/08/10 52.50 52.60 51.50 51.80 
2016/08/11 51.70 51.70 51.10 51.30 
2016/08/12 51.80 52.00 51.20 51.30 
2016/08/15 51.60 51.70 50.80 51.60 
2016/08/16 51.90 53.40 51.80 52.60 
2016/08/17 52.40 52.80 51.70 51.80 
2016/08/18 51.80 52.50 51.30 52.10 
2016/08/19 52.50 52.60 51.70 51.80 
2016/08/22 52.00 52.70 50.60 50.80 
2016/08/23 51.00 51.20 50.20 50.50 
2016/08/24 50.80 50.90 50.40 50.40 
2016/08/25 50.70 51.20 49.90 50.90 
2016/08/26 50.90 51.40 50.80 51.00 
2016/08/29 51.00 51.20 50.60 51.10 
2016/08/30 51.30 52.00 51.10 51.80 
2016/08/31 52.00 52.90 51.70 52.10 
2016/09/01 52.30 52.60 51.60 51.60 
2016/09/02 51.80 52.00 50.40 50.80 
2016/09/05 51.20 51.80 51.00 51.20 
2016/09/06 50.80 51.40 50.80 51.00 
2016/09/07 51.40 52.00 51.30 51.80 
2016/09/08 52.20 52.60 51.90 52.30 
2016/09/09 52.40 52.60 51.80 52.20 
2016/09/10 51.60 51.80 51.30 51.70 
2016/09/12 51.50 52.00 51.00 51.00 
2016/09/13 51.40 51.40 50.00 50.30 
2016/09/14 50.10 51.50 50.10 51.50 
2016/09/19 52.30 53.30 52.20 52.20 
2016/09/20 52.30 52.80 52.00 52.40 
2016/09/21 52.50 52.80 52.10 52.30 
2016/09/22 52.80 52.80 52.10 52.20 
2016/09/23 52.20 52.50 51.80 51.80 
2016/09/26 51.80 52.70 51.80 51.90 
2016/09/29 52.20 52.50 51.60 51.60 
2016/09/30 51.50 51.60 50.70 50.90 
2016/10/03 51.30 51.90 51.00 51.80 
2016/10/04 52.10 52.30 51.80 51.90 
2016/10/05 51.90 51.90 51.40 51.60 
2016/10/06 51.20 51.20 50.30 50.60 
2016/10/07 50.60 50.70 49.05 49.10 
2016/10/11 49.15 49.50 45.00 46.00 
2016/10/12 45.70 47.20 45.45 47.05 
2016/10/13 47.15 47.20 46.40 46.50 
2016/10/14 46.50 46.80 45.60 45.65 
2016/10/17 45.50 46.10 45.45 45.80 
2016/10/18 45.60 45.80 45.20 45.75 
2016/10/19 45.85 46.25 45.55 45.55 
2016/10/20 45.80 47.70 45.80 47.50 
2016/10/21 48.00 48.90 48.00 48.65 
2016/10/24 49.00 49.40 48.35 48.65 
2016/10/25 49.15 49.40 48.75 49.00 
2016/10/26 48.90 50.00 48.90 49.50 
2016/10/27 49.45 49.85 49.05 49.30 
2016/10/28 51.60 52.50 51.30 51.70 
2016/10/31 52.80 53.40 52.10 53.30 
2016/11/01 53.60 53.70 52.70 53.00 
2016/11/02 53.00 53.70 52.60 52.70 
2016/11/03 53.20 53.50 52.70 53.20 
2016/11/04 53.70 54.60 53.30 54.10 
2016/11/07 54.90 55.10 54.10 54.40 
2016/11/08 54.90 55.40 54.60 55.30 
2016/11/09 55.70 55.90 53.00 53.30 
2016/11/10 55.70 57.90 54.80 57.50 
2016/11/11 55.90 57.40 55.30 56.90 
2016/11/14 57.30 57.50 55.60 56.50 
2016/11/15 56.50 58.30 55.90 56.60 
2016/11/16 57.80 58.20 56.10 57.00 
2016/11/17 57.20 57.40 56.20 56.30 
2016/11/18 56.60 57.40 56.30 57.40 
2016/11/21 58.20 59.30 57.60 59.30 
2016/11/22 59.40 59.60 58.50 58.70 
2016/11/23 59.00 59.20 58.40 58.90 
2016/11/24 58.50 58.50 56.30 56.50 
2016/11/25 57.00 58.10 57.00 57.50 
2016/11/28 58.00 58.50 57.60 57.60 
2016/11/29 58.00 58.30 57.70 58.10 
2016/11/30 58.40 59.20 58.00 58.20 
2016/12/01 58.00 58.00 57.10 57.30 
2016/12/02 56.80 56.80 55.00 56.00 
2016/12/05 56.50 56.50 55.60 56.30 
2016/12/06 57.50 57.80 57.10 57.40 
2016/12/07 58.20 58.90 57.80 58.40 
2016/12/08 59.00 59.00 58.00 58.10 
2016/12/09 58.30 58.60 57.90 58.20 
2016/12/12 58.80 58.90 57.20 57.20 
2016/12/13 57.30 57.90 56.80 57.20 
2016/12/14 57.80 57.80 57.20 57.40 
2016/12/15 57.40 58.40 57.10 58.30 
2016/12/16 58.50 58.60 57.80 58.20 
2016/12/19 57.80 57.90 57.30 57.40 
2016/12/20 58.00 58.00 57.40 57.80 
2016/12/21 57.90 58.00 57.40 57.60 
2016/12/22 58.00 58.00 57.20 57.50 
2016/12/23 57.50 57.80 56.70 57.00 
2016/12/26 57.00 57.60 56.50 56.80 
2016/12/27 56.80 56.80 56.00 56.10 
2016/12/28 56.10 56.60 56.10 56.50 
2016/12/29 56.40 56.60 56.20 56.40 
2016/12/30 56.50 56.80 56.00 56.20 
2017/01/03 56.20 56.30 55.10 56.00 
2017/01/04 56.40 56.80 56.00 56.70 
2017/01/05 56.70 56.90 56.20 56.90 
2017/01/06 56.90 58.00 56.90 58.00 
2017/01/09 58.40 58.50 56.30 56.60 
2017/01/10 56.60 56.90 56.10 56.80 
2017/01/11 57.10 57.20 56.60 56.80 
2017/01/12 56.90 56.90 56.40 56.80 
2017/01/13 56.80 56.80 56.50 56.70 
2017/01/16 56.70 56.70 55.30 55.80 
2017/01/17 55.70 56.30 55.50 55.90 
2017/01/18 55.90 56.00 55.60 55.80 
2017/01/19 55.80 56.60 55.60 56.50 
2017/01/20 56.60 57.40 56.50 56.70 
2017/01/23 56.90 57.10 56.50 57.00 
2017/01/24 57.20 57.20 56.60 56.60 
2017/02/02 57.20 57.60 56.60 57.50 
2017/02/03 57.80 61.50 57.20 61.00 
2017/02/06 60.60 61.70 60.00 61.30 
2017/02/07 60.90 61.00 60.30 60.70 
2017/02/08 61.70 62.50 60.70 60.70 
