2016/07/01 23.30 23.30 23.10 23.15 
2016/07/04 23.25 23.25 23.10 23.25 
2016/07/05 23.20 23.35 23.15 23.25 
2016/07/06 23.30 23.30 23.05 23.15 
2016/07/07 23.20 23.30 23.15 23.20 
2016/07/11 23.30 23.40 23.15 23.25 
2016/07/12 23.20 23.30 23.10 23.30 
2016/07/13 23.30 23.30 23.15 23.25 
2016/07/14 23.25 23.30 23.15 23.20 
2016/07/15 23.20 23.30 23.15 23.25 
2016/07/18 23.05 23.30 23.05 23.25 
2016/07/19 23.30 23.30 23.15 23.15 
2016/07/20 23.25 23.25 23.15 23.20 
2016/07/21 23.25 23.30 23.20 23.25 
2016/07/22 23.25 23.30 23.20 23.25 
2016/07/25 23.30 23.30 23.15 23.25 
2016/07/26 23.35 23.40 23.30 23.35 
2016/07/27 23.40 24.80 23.40 24.10 
2016/07/28 24.65 24.65 24.10 24.20 
2016/07/29 24.30 24.35 24.20 24.25 
2016/08/01 24.50 24.60 24.25 24.35 
2016/08/02 24.35 24.90 24.35 24.80 
2016/08/03 24.85 24.85 24.40 24.65 
2016/08/04 24.95 24.95 24.80 24.95 
2016/08/05 25.00 25.10 24.50 24.50 
2016/08/08 24.70 24.85 24.35 24.40 
2016/08/09 24.55 24.55 24.00 24.30 
2016/08/10 24.75 24.75 24.20 24.30 
2016/08/11 24.55 24.55 24.25 24.40 
2016/08/12 24.50 24.75 24.40 24.70 
2016/08/15 24.80 25.00 24.70 24.70 
2016/08/16 24.80 24.80 24.20 24.40 
2016/08/17 24.45 24.50 24.10 24.40 
2016/08/18 21.40 21.40 20.75 21.00 
2016/08/19 21.00 21.00 20.50 20.60 
2016/08/22 20.60 20.60 20.05 20.35 
2016/08/23 20.35 20.35 20.25 20.30 
2016/08/24 20.30 20.55 20.20 20.45 
2016/08/25 20.45 20.50 20.30 20.40 
2016/08/26 20.50 20.50 20.30 20.50 
2016/08/29 20.40 20.40 20.20 20.25 
2016/08/30 20.25 20.85 20.25 20.80 
2016/08/31 20.80 20.85 20.50 20.60 
2016/09/01 20.60 20.60 20.30 20.30 
2016/09/02 20.40 20.55 20.25 20.35 
2016/09/05 20.35 20.60 20.20 20.40 
2016/09/06 20.40 20.55 20.30 20.35 
2016/09/07 20.35 20.45 20.30 20.30 
2016/09/08 20.30 20.50 20.30 20.35 
2016/09/09 20.30 20.50 20.30 20.35 
2016/09/10 20.25 20.30 20.20 20.25 
2016/09/12 20.20 20.50 20.20 20.35 
2016/09/13 20.35 20.40 20.25 20.35 
2016/09/14 20.30 20.55 20.25 20.40 
2016/09/19 20.40 20.60 20.40 20.55 
2016/09/20 20.60 20.65 20.40 20.40 
2016/09/21 20.60 20.85 20.40 20.80 
2016/09/22 20.80 20.80 20.55 20.70 
2016/09/23 20.70 20.70 20.50 20.55 
2016/09/26 20.55 20.60 20.35 20.35 
2016/09/29 20.50 20.50 20.35 20.35 
2016/09/30 20.60 20.60 20.25 20.30 
2016/10/03 20.30 20.50 20.15 20.25 
2016/10/04 20.25 20.35 20.20 20.25 
2016/10/05 20.25 20.35 20.25 20.30 
2016/10/06 20.25 20.35 20.20 20.30 
2016/10/07 20.25 20.35 20.25 20.35 
2016/10/11 20.50 20.50 20.20 20.25 
2016/10/12 20.20 20.25 20.10 20.20 
2016/10/13 20.20 20.30 20.10 20.15 
2016/10/14 20.15 20.25 20.10 20.15 
2016/10/17 20.15 20.15 19.95 19.95 
2016/10/18 19.95 19.95 19.75 19.75 
2016/10/19 19.55 19.70 19.55 19.55 
2016/10/20 19.50 20.00 19.50 19.95 
2016/10/21 19.90 19.95 19.80 19.85 
2016/10/24 19.95 20.05 19.95 19.95 
2016/10/25 20.05 20.05 19.85 19.90 
2016/10/26 19.90 19.90 19.80 19.90 
2016/10/27 19.90 19.90 19.75 19.90 
2016/10/28 19.90 19.90 19.75 19.80 
2016/10/31 19.80 19.90 19.75 19.85 
2016/11/01 19.80 19.90 19.80 19.85 
2016/11/02 19.90 20.00 19.75 19.80 
2016/11/03 19.75 19.80 19.55 19.70 
2016/11/04 19.70 19.75 19.65 19.70 
2016/11/07 19.65 19.85 19.65 19.85 
2016/11/08 19.60 19.70 19.60 19.70 
2016/11/09 19.60 19.65 19.25 19.25 
2016/11/10 19.25 19.50 19.25 19.45 
2016/11/11 19.55 19.55 19.35 19.40 
2016/11/14 19.40 19.50 19.35 19.35 
2016/11/15 19.30 19.65 19.30 19.50 
2016/11/16 19.50 19.60 19.40 19.60 
2016/11/17 19.55 19.60 19.50 19.60 
2016/11/18 19.60 19.60 19.50 19.55 
2016/11/21 19.55 19.55 19.50 19.50 
2016/11/22 19.60 19.70 19.55 19.65 
2016/11/23 19.65 19.65 19.35 19.50 
2016/11/24 19.65 19.65 19.45 19.45 
2016/11/25 19.50 19.50 19.40 19.45 
2016/11/28 19.50 19.55 19.45 19.45 
2016/11/29 19.55 19.65 19.45 19.55 
2016/11/30 19.55 20.20 19.55 19.80 
2016/12/01 20.00 20.00 19.60 19.60 
2016/12/02 19.60 20.10 19.60 20.05 
2016/12/05 20.10 20.10 19.85 19.85 
2016/12/06 20.00 20.00 19.75 19.75 
2016/12/07 19.75 19.80 19.65 19.80 
2016/12/08 19.90 19.90 19.65 19.80 
2016/12/09 19.80 19.80 19.65 19.80 
2016/12/12 19.80 19.80 19.50 19.75 
2016/12/13 19.70 19.70 19.60 19.70 
2016/12/14 19.70 19.75 19.65 19.65 
2016/12/15 19.65 19.75 19.60 19.75 
2016/12/16 19.70 19.70 19.55 19.60 
2016/12/19 19.40 19.70 19.40 19.70 
2016/12/20 19.70 19.70 19.50 19.70 
2016/12/21 19.70 19.70 19.55 19.55 
2016/12/22 19.45 19.50 19.35 19.35 
2016/12/23 19.35 19.45 19.35 19.45 
2016/12/26 19.50 19.50 19.35 19.35 
2016/12/27 19.45 19.45 19.35 19.45 
2016/12/28 19.45 19.45 19.20 19.40 
2016/12/29 19.45 19.45 19.25 19.40 
2016/12/30 19.40 20.50 19.40 19.50 
2017/01/03 19.50 19.65 19.40 19.50 
2017/01/04 19.50 20.00 19.45 19.80 
2017/01/05 19.80 20.00 19.75 19.90 
2017/01/06 19.90 19.95 19.70 19.90 
2017/01/09 19.90 19.95 19.75 19.80 
2017/01/10 19.85 20.00 19.75 19.90 
2017/01/11 19.85 19.90 19.80 19.85 
2017/01/12 19.85 19.95 19.80 19.80 
2017/01/13 19.80 20.00 19.75 19.85 
2017/01/16 19.80 19.85 19.75 19.85 
2017/01/17 19.80 19.85 19.75 19.75 
2017/01/18 19.80 19.85 19.75 19.85 
2017/01/19 19.85 19.85 19.70 19.80 
2017/01/20 19.80 19.80 19.20 19.70 
2017/01/23 19.70 19.70 19.45 19.60 
2017/01/24 19.60 19.80 19.50 19.80 
2017/02/02 19.80 20.00 19.70 19.85 
2017/02/03 19.95 20.00 19.75 20.00 
2017/02/06 20.00 21.30 20.00 20.80 
2017/02/07 20.80 20.80 20.60 20.65 
2017/02/08 20.60 21.00 20.60 20.70 
