2016/07/01 35.25 35.30 35.15 35.25 
2016/07/04 35.10 35.55 35.10 35.45 
2016/07/05 35.35 35.60 35.35 35.45 
2016/07/06 35.40 35.50 35.30 35.50 
2016/07/07 35.70 35.70 35.50 35.60 
2016/07/11 36.25 36.80 35.55 35.55 
2016/07/12 36.15 38.20 36.15 37.60 
2016/07/13 37.80 38.15 37.20 38.00 
2016/07/14 35.65 37.80 35.65 37.60 
2016/07/15 37.70 38.90 37.70 38.15 
2016/07/18 38.20 38.60 38.00 38.25 
2016/07/19 38.30 38.40 37.85 38.20 
2016/07/20 38.15 38.25 38.00 38.20 
2016/07/21 38.20 38.25 38.15 38.15 
2016/07/22 38.15 38.30 38.05 38.15 
2016/07/25 38.15 39.45 38.05 38.40 
2016/07/26 38.85 38.85 38.45 38.75 
2016/07/27 38.85 40.85 38.75 39.85 
2016/07/28 39.60 43.80 39.60 43.00 
2016/07/29 43.75 43.90 43.30 43.70 
2016/08/01 43.70 43.85 42.60 43.85 
2016/08/02 44.00 44.50 43.85 44.50 
2016/08/03 44.10 44.70 44.00 44.70 
2016/08/04 46.00 49.15 46.00 49.15 
2016/08/05 50.00 50.10 47.40 48.00 
2016/08/08 48.00 49.05 48.00 48.40 
2016/08/09 48.70 48.70 47.40 48.00 
2016/08/10 49.00 50.60 46.60 46.65 
2016/08/11 46.80 47.15 44.75 46.40 
2016/08/12 46.75 47.50 46.05 46.50 
2016/08/15 46.60 46.60 46.10 46.45 
2016/08/16 46.60 48.30 45.80 46.10 
2016/08/17 46.95 46.95 45.85 46.40 
2016/08/18 46.50 48.35 46.05 47.90 
2016/08/19 47.95 49.20 47.95 48.50 
2016/08/22 48.80 48.80 47.00 48.30 
2016/08/23 50.40 50.50 47.50 48.30 
2016/08/24 48.75 48.75 47.70 47.70 
2016/08/25 47.75 47.75 47.00 47.45 
2016/08/26 47.40 47.70 47.30 47.70 
2016/08/29 48.50 48.50 47.40 47.60 
2016/08/30 47.50 47.75 47.40 47.70 
2016/08/31 47.60 47.80 47.30 47.35 
2016/09/01 47.25 47.75 47.25 47.50 
2016/09/02 47.50 47.70 47.30 47.70 
2016/09/05 47.65 47.90 47.45 47.70 
2016/09/06 47.75 48.80 47.75 48.50 
2016/09/07 48.50 48.75 48.50 48.75 
2016/09/08 48.90 48.95 47.90 48.35 
2016/09/09 47.90 48.15 47.70 47.95 
2016/09/10 47.90 47.90 47.20 47.70 
2016/09/12 48.20 48.20 47.75 47.90 
2016/09/13 48.00 48.00 47.00 47.65 
2016/09/14 47.20 47.40 47.00 47.40 
2016/09/19 47.45 47.55 47.00 47.50 
2016/09/20 47.10 47.85 47.10 47.70 
2016/09/21 47.70 48.95 47.70 48.70 
2016/09/22 49.00 49.50 48.65 49.20 
2016/09/23 49.20 49.40 49.10 49.25 
2016/09/26 49.00 49.00 48.45 48.70 
2016/09/29 49.00 49.05 48.50 48.50 
2016/09/30 48.80 50.40 48.65 49.95 
2016/10/03 50.00 51.20 49.50 51.20 
2016/10/04 51.70 53.30 51.70 52.00 
2016/10/05 52.40 52.40 51.50 51.90 
2016/10/06 51.50 51.50 50.70 51.00 
2016/10/07 50.90 51.00 49.85 51.00 
2016/10/11 53.00 53.00 48.95 49.05 
2016/10/12 49.20 51.00 49.00 50.80 
2016/10/13 50.80 51.80 50.60 51.80 
2016/10/14 51.50 51.90 50.10 50.60 
2016/10/17 50.60 50.70 49.90 50.30 
2016/10/18 50.40 51.00 50.30 50.50 
2016/10/19 50.70 50.90 50.50 50.50 
2016/10/20 50.60 50.80 50.50 50.80 
2016/10/21 51.00 52.50 50.90 51.00 
2016/10/24 50.80 51.50 50.70 50.90 
2016/10/25 51.20 54.70 51.00 53.30 
2016/10/26 54.00 54.80 52.50 52.50 
2016/10/27 53.00 53.20 52.20 52.90 
2016/10/28 53.40 53.80 52.50 52.80 
2016/10/31 53.00 53.00 52.50 52.70 
2016/11/01 52.70 53.00 52.10 52.20 
2016/11/02 52.50 52.50 49.00 51.30 
2016/11/03 51.20 51.20 49.20 50.30 
2016/11/04 50.70 50.70 49.90 50.10 
2016/11/07 50.10 50.90 50.10 50.30 
2016/11/08 50.40 51.20 49.80 50.70 
2016/11/09 50.30 50.70 48.60 50.70 
2016/11/10 51.40 52.00 51.20 52.00 
2016/11/11 51.30 51.30 49.80 50.20 
2016/11/14 50.20 51.40 49.20 50.60 
2016/11/15 50.80 51.30 49.95 50.40 
2016/11/16 50.00 51.00 50.00 50.30 
2016/11/17 50.60 50.90 50.00 50.90 
2016/11/18 50.90 51.00 50.00 50.70 
2016/11/21 50.70 50.70 49.90 49.90 
2016/11/22 50.30 50.90 49.65 50.00 
2016/11/23 49.90 50.30 49.70 49.85 
2016/11/24 49.90 50.20 49.50 50.00 
2016/11/25 50.00 50.20 49.40 49.50 
2016/11/28 50.00 50.10 49.30 49.50 
2016/11/29 49.50 49.90 49.20 49.80 
2016/11/30 49.60 49.60 48.90 49.10 
2016/12/01 49.00 49.15 48.80 49.00 
2016/12/02 49.00 49.40 48.85 48.85 
2016/12/05 48.85 49.50 48.80 49.10 
2016/12/06 49.10 49.35 49.00 49.30 
2016/12/07 49.30 49.30 48.95 49.00 
2016/12/08 49.00 49.10 48.70 48.80 
2016/12/09 49.00 49.20 48.70 48.95 
2016/12/12 49.10 50.30 49.10 49.55 
2016/12/13 49.55 49.55 49.10 49.20 
2016/12/14 49.20 49.70 49.00 49.05 
2016/12/15 49.30 49.50 48.80 49.10 
2016/12/16 49.50 49.50 48.85 48.90 
2016/12/19 49.50 49.85 49.10 49.20 
2016/12/20 49.30 49.60 48.85 49.10 
2016/12/21 49.30 49.30 48.80 49.00 
2016/12/22 49.00 49.50 48.50 49.10 
2016/12/23 48.80 49.50 48.80 49.35 
2016/12/26 49.50 49.75 49.20 49.45 
2016/12/27 49.45 49.50 49.10 49.50 
2016/12/28 49.20 49.70 49.00 49.50 
2016/12/29 49.70 50.10 49.40 49.50 
2016/12/30 49.75 49.90 49.50 49.90 
2017/01/03 49.90 49.90 49.65 49.90 
2017/01/04 49.90 49.90 49.60 49.60 
2017/01/05 49.60 50.70 49.60 50.30 
2017/01/06 50.30 52.10 50.30 51.70 
2017/01/09 52.00 53.40 52.00 52.20 
2017/01/10 52.20 52.40 51.00 51.80 
2017/01/11 51.80 53.00 51.70 52.20 
2017/01/12 54.20 54.90 52.70 53.20 
2017/01/13 53.10 53.80 52.10 53.40 
2017/01/16 53.40 56.80 53.40 55.10 
2017/01/17 55.70 56.40 55.00 55.60 
2017/01/18 55.60 55.80 54.70 55.30 
2017/01/19 55.40 55.50 54.40 54.50 
2017/01/20 54.60 55.30 54.40 54.50 
2017/01/23 54.50 54.60 53.90 54.50 
2017/01/24 54.50 55.80 54.00 54.70 
2017/02/02 54.70 55.40 54.40 54.50 
2017/02/03 54.50 54.50 53.10 53.90 
2017/02/06 54.00 54.10 51.90 53.00 
2017/02/07 52.10 53.30 52.10 53.30 
2017/02/08 53.30 53.60 51.90 53.10 
