2016/07/01 32.20 32.45 31.90 32.15 
2016/07/04 32.25 32.30 31.80 32.05 
2016/07/05 31.90 32.25 31.90 31.90 
2016/07/06 32.10 32.25 31.50 31.65 
2016/07/07 32.00 32.00 31.50 31.50 
2016/07/11 31.60 31.85 31.25 31.30 
2016/07/12 31.10 31.60 31.10 31.45 
2016/07/13 31.50 31.55 30.90 31.15 
2016/07/14 31.05 31.40 31.05 31.35 
2016/07/15 31.45 31.85 31.40 31.75 
2016/07/18 32.45 32.70 32.20 32.70 
2016/07/19 33.20 33.70 32.60 33.70 
2016/07/20 34.80 37.00 34.80 35.45 
2016/07/21 36.00 36.35 35.25 35.35 
2016/07/22 35.50 35.80 34.55 34.60 
2016/07/25 35.00 36.00 35.00 35.40 
2016/07/26 36.10 36.10 35.20 35.30 
2016/07/27 35.80 36.00 35.40 35.75 
2016/07/28 36.00 36.05 35.20 35.30 
2016/07/29 35.35 35.50 34.35 34.45 
2016/08/01 34.85 34.85 33.95 34.10 
2016/08/02 34.20 34.95 34.20 34.95 
2016/08/03 34.95 36.00 34.65 35.55 
2016/08/04 34.95 35.00 34.10 34.60 
2016/08/05 33.40 34.15 33.20 33.70 
2016/08/08 34.30 34.70 34.10 34.10 
2016/08/09 34.75 34.75 33.10 33.35 
2016/08/10 33.90 34.05 33.55 33.55 
2016/08/11 33.55 33.65 32.60 32.70 
2016/08/12 33.00 33.20 31.70 32.05 
2016/08/15 32.00 32.40 32.00 32.20 
2016/08/16 32.50 32.50 31.65 31.75 
2016/08/17 31.70 32.00 30.80 31.20 
2016/08/18 31.20 31.55 31.00 31.45 
2016/08/19 31.50 31.75 31.45 31.70 
2016/08/22 31.75 31.75 31.00 31.10 
2016/08/23 31.25 31.40 31.05 31.15 
2016/08/24 31.30 31.40 30.70 30.70 
2016/08/25 31.00 31.30 30.80 31.30 
2016/08/26 31.20 31.50 31.05 31.15 
2016/08/29 30.60 30.90 30.25 30.50 
2016/08/30 30.60 30.90 30.20 30.35 
2016/08/31 30.15 30.20 29.80 30.00 
2016/09/01 30.00 30.05 28.25 28.80 
2016/09/02 28.50 28.65 26.00 26.60 
2016/09/05 26.65 28.40 26.65 28.40 
2016/09/06 29.40 29.40 28.85 29.15 
2016/09/07 29.20 29.30 28.50 29.30 
2016/09/08 29.00 30.80 28.95 30.40 
2016/09/09 30.00 30.50 29.80 30.20 
2016/09/10 30.00 30.10 29.50 30.10 
2016/09/12 29.60 30.20 29.25 30.20 
2016/09/13 30.50 30.50 29.70 30.00 
2016/09/14 29.80 30.00 29.50 29.70 
2016/09/19 29.65 30.00 29.65 29.90 
2016/09/20 29.70 29.95 29.70 29.90 
2016/09/21 29.75 29.90 29.70 29.85 
2016/09/22 29.95 29.95 29.75 29.75 
2016/09/23 29.85 30.45 29.70 30.15 
2016/09/26 30.20 30.20 29.70 29.85 
2016/09/29 29.85 29.90 29.55 29.55 
2016/09/30 29.55 29.75 29.40 29.55 
2016/10/03 28.35 29.35 27.25 29.35 
2016/10/04 28.20 28.80 27.70 28.70 
2016/10/05 28.60 29.70 28.40 29.20 
2016/10/06 29.20 29.25 28.55 28.65 
2016/10/07 28.70 28.75 28.10 28.20 
2016/10/11 28.20 28.30 27.20 28.00 
2016/10/12 27.90 28.50 27.90 28.40 
2016/10/13 28.40 28.65 28.30 28.40 
2016/10/14 28.35 28.95 28.35 28.50 
2016/10/17 28.50 28.70 28.40 28.50 
2016/10/18 28.80 28.90 28.30 28.70 
2016/10/19 28.70 29.50 28.70 29.15 
2016/10/20 29.50 29.50 28.95 29.15 
2016/10/21 29.40 30.65 29.20 29.60 
2016/10/24 29.65 29.75 29.20 29.35 
2016/10/25 29.20 29.30 28.70 28.75 
2016/10/26 28.75 29.00 28.60 28.95 
2016/10/27 28.95 29.00 28.70 28.70 
2016/10/28 28.55 28.75 28.55 28.60 
2016/10/31 28.55 28.55 28.25 28.45 
2016/11/01 28.70 29.25 28.70 28.85 
2016/11/02 28.85 28.90 28.00 28.05 
2016/11/03 28.10 28.40 27.85 28.40 
2016/11/04 27.90 28.90 27.90 28.90 
2016/11/07 28.75 28.85 28.30 28.55 
2016/11/08 28.70 29.60 28.40 29.40 
2016/11/09 29.90 30.20 28.35 28.70 
2016/11/10 29.20 30.30 29.00 30.30 
2016/11/11 30.00 30.25 29.50 29.75 
2016/11/14 29.70 29.75 28.30 28.85 
2016/11/15 29.00 29.05 28.70 28.75 
2016/11/16 28.75 29.35 28.25 28.60 
2016/11/17 28.80 28.80 28.05 28.20 
2016/11/18 28.30 28.60 28.25 28.55 
2016/11/21 28.65 28.65 28.25 28.45 
2016/11/22 28.60 28.75 28.25 28.45 
2016/11/23 28.70 29.00 28.35 28.35 
2016/11/24 28.55 28.60 28.30 28.35 
2016/11/25 28.35 28.65 28.30 28.65 
2016/11/28 28.70 28.85 28.30 28.35 
2016/11/29 28.45 28.70 28.35 28.55 
2016/11/30 28.60 28.70 28.35 28.50 
2016/12/01 28.60 28.65 28.40 28.65 
2016/12/02 28.70 29.00 28.55 28.90 
2016/12/05 29.10 29.20 28.90 29.10 
2016/12/06 29.10 29.10 28.75 28.90 
2016/12/07 28.90 29.00 28.75 28.85 
2016/12/08 29.00 29.00 28.75 28.85 
2016/12/09 28.95 28.95 28.65 28.80 
2016/12/12 28.95 28.95 28.60 28.60 
2016/12/13 28.60 28.70 28.40 28.60 
2016/12/14 28.80 28.80 28.50 28.55 
2016/12/15 28.60 28.75 28.50 28.75 
2016/12/16 28.75 30.50 28.65 30.10 
2016/12/19 30.35 30.95 30.10 30.45 
2016/12/20 30.60 30.60 29.55 29.60 
2016/12/21 29.90 30.10 29.50 29.55 
2016/12/22 29.50 29.55 29.10 29.20 
2016/12/23 29.50 29.50 29.20 29.30 
2016/12/26 29.30 29.50 28.90 28.95 
2016/12/27 29.20 29.30 28.95 29.10 
2016/12/28 29.10 29.50 29.05 29.45 
2016/12/29 29.30 29.40 28.65 28.65 
2016/12/30 29.00 29.40 28.85 29.40 
2017/01/03 29.70 29.70 29.30 29.50 
2017/01/04 29.60 29.65 29.25 29.35 
2017/01/05 29.60 29.60 29.30 29.35 
2017/01/06 29.35 29.50 29.35 29.50 
2017/01/09 29.75 29.75 29.30 29.35 
2017/01/10 29.35 29.40 28.70 29.15 
2017/01/11 29.20 29.30 28.95 29.15 
2017/01/12 29.35 29.70 29.20 29.55 
2017/01/13 29.70 29.90 29.25 29.35 
2017/01/16 29.60 29.60 29.20 29.25 
2017/01/17 29.25 29.40 29.10 29.20 
2017/01/18 29.40 29.95 29.40 29.55 
2017/01/19 29.55 29.55 29.15 29.15 
2017/01/20 29.20 29.30 29.10 29.15 
2017/01/23 29.40 29.40 29.00 29.05 
2017/01/24 29.30 29.30 28.75 28.75 
2017/02/02 29.00 29.00 28.50 28.50 
2017/02/03 28.50 28.95 28.50 28.70 
2017/02/06 28.90 29.15 28.70 29.05 
2017/02/07 29.05 29.10 28.75 28.75 
2017/02/08 28.90 28.90 28.60 28.70 
