2016/07/01 10.00 10.25 9.95 10.00 
2016/07/04 9.91 9.95 9.85 9.85 
2016/07/05 9.86 9.95 9.86 9.90 
2016/07/06 10.05 10.05 9.85 9.85 
2016/07/07 9.99 10.05 9.86 9.86 
2016/07/11 9.95 9.98 9.85 9.86 
2016/07/12 9.95 10.10 9.91 10.00 
2016/07/13 10.00 10.05 9.95 10.05 
2016/07/14 10.10 10.10 9.95 9.95 
2016/07/15 10.05 10.10 9.98 9.98 
2016/07/18 10.10 10.15 9.99 10.00 
2016/07/19 10.05 10.10 9.93 9.94 
2016/07/20 9.96 9.99 9.90 9.91 
2016/07/21 9.95 10.05 9.93 9.98 
2016/07/22 10.05 10.25 10.00 10.10 
2016/07/25 10.20 10.20 9.95 9.95 
2016/07/26 9.95 10.00 9.93 9.96 
2016/07/27 10.05 10.05 9.94 9.94 
2016/07/28 9.94 9.95 9.72 9.73 
2016/07/29 9.76 9.83 9.67 9.74 
2016/08/01 10.00 10.20 9.86 10.00 
2016/08/02 10.25 10.25 9.96 9.96 
2016/08/03 9.92 9.92 9.84 9.85 
2016/08/04 9.90 9.94 9.81 9.81 
2016/08/05 9.85 9.85 9.76 9.76 
2016/08/08 9.78 9.87 9.75 9.75 
2016/08/09 9.77 9.85 9.68 9.68 
2016/08/10 9.70 9.77 9.62 9.62 
2016/08/11 9.63 9.73 9.51 9.51 
2016/08/12 9.54 9.59 9.44 9.44 
2016/08/15 9.46 9.48 9.14 9.18 
2016/08/16 9.18 9.55 9.18 9.44 
2016/08/17 9.46 9.51 9.25 9.28 
2016/08/18 9.31 9.46 9.31 9.38 
2016/08/19 9.40 9.46 9.27 9.27 
2016/08/22 9.25 9.32 9.18 9.19 
2016/08/23 9.23 9.25 9.16 9.19 
2016/08/24 9.20 9.29 9.18 9.19 
2016/08/25 9.29 9.30 9.19 9.28 
2016/08/26 9.24 9.29 9.20 9.20 
2016/08/29 9.20 9.25 9.16 9.19 
2016/08/30 9.13 9.29 9.13 9.18 
2016/08/31 9.20 9.24 9.15 9.24 
2016/09/01 9.24 9.29 9.20 9.20 
2016/09/02 9.21 9.21 9.01 9.01 
2016/09/05 9.07 9.11 9.02 9.02 
2016/09/06 9.03 9.10 9.03 9.05 
2016/09/07 9.03 9.09 9.02 9.04 
2016/09/08 9.03 9.14 9.03 9.06 
2016/09/09 9.10 9.16 9.04 9.04 
2016/09/10 9.04 9.04 8.99 9.00 
2016/09/12 9.03 9.27 9.03 9.07 
2016/09/13 9.11 9.17 8.88 8.93 
2016/09/14 9.04 9.04 8.91 8.94 
2016/09/19 8.92 8.96 8.90 8.90 
2016/09/20 8.90 8.90 8.55 8.59 
2016/09/21 8.60 8.75 8.60 8.70 
2016/09/22 8.73 8.83 8.70 8.72 
2016/09/23 8.79 8.81 8.74 8.74 
2016/09/26 8.84 8.84 8.74 8.75 
2016/09/29 8.82 8.89 8.78 8.78 
2016/09/30 8.75 8.75 8.65 8.65 
2016/10/03 8.73 8.76 8.69 8.69 
2016/10/04 8.70 8.90 8.69 8.88 
2016/10/05 8.91 8.99 8.90 8.93 
2016/10/06 9.02 9.25 9.02 9.22 
2016/10/07 9.23 9.30 9.12 9.12 
2016/10/11 9.24 9.26 8.93 8.93 
2016/10/12 8.95 9.09 8.95 9.04 
2016/10/13 9.06 9.15 9.00 9.00 
2016/10/14 9.00 9.06 8.88 8.88 
2016/10/17 8.88 9.00 8.87 8.90 
2016/10/18 8.90 8.90 8.84 8.86 
2016/10/19 8.88 8.91 8.82 8.83 
2016/10/20 8.98 9.03 8.91 8.91 
2016/10/21 9.01 9.01 8.91 8.92 
2016/10/24 8.92 8.93 8.83 8.83 
2016/10/25 8.85 8.93 8.82 8.86 
2016/10/26 8.86 8.95 8.86 8.86 
2016/10/27 8.87 8.90 8.83 8.83 
2016/10/28 8.85 8.85 8.74 8.74 
2016/10/31 8.80 8.80 8.72 8.73 
2016/11/01 8.72 8.78 8.69 8.74 
2016/11/02 8.74 8.88 8.70 8.72 
2016/11/03 8.74 8.78 8.57 8.60 
2016/11/04 8.59 9.40 8.59 9.24 
2016/11/07 9.28 9.30 9.08 9.10 
2016/11/08 9.15 9.17 9.01 9.05 
2016/11/09 9.08 9.12 8.50 8.55 
2016/11/10 8.80 9.05 8.71 8.92 
2016/11/11 8.87 8.87 8.65 8.67 
2016/11/14 8.65 8.68 8.50 8.58 
2016/11/15 8.58 8.66 8.58 8.60 
2016/11/16 8.65 9.08 8.64 9.08 
2016/11/17 9.10 9.18 8.94 9.18 
2016/11/18 9.25 9.48 9.21 9.35 
2016/11/21 9.32 9.36 9.27 9.28 
2016/11/22 9.28 9.88 9.28 9.55 
2016/11/23 9.60 9.69 9.46 9.46 
2016/11/24 9.50 9.68 9.30 9.30 
2016/11/25 9.40 9.99 9.36 9.97 
2016/11/28 10.00 10.10 9.68 9.70 
2016/11/29 9.70 9.84 9.67 9.69 
2016/11/30 9.69 9.83 9.68 9.69 
2016/12/01 9.77 9.94 9.75 9.78 
2016/12/02 9.80 9.85 9.48 9.48 
2016/12/05 9.45 9.59 9.42 9.42 
2016/12/06 9.55 9.66 9.46 9.46 
2016/12/07 9.48 9.54 9.31 9.39 
2016/12/08 9.52 9.85 9.52 9.70 
2016/12/09 9.74 9.85 9.65 9.66 
2016/12/12 9.70 9.74 9.53 9.53 
2016/12/13 9.53 9.65 9.51 9.51 
2016/12/14 9.53 10.15 9.53 9.95 
2016/12/15 9.90 10.35 9.72 10.30 
2016/12/16 10.60 11.30 10.50 11.30 
2016/12/19 11.40 12.15 11.40 11.45 
2016/12/20 11.50 12.55 11.25 12.45 
2016/12/21 12.45 13.00 12.00 12.75 
2016/12/22 12.70 13.00 12.55 12.80 
2016/12/23 12.70 12.75 12.35 12.60 
2016/12/26 12.85 13.25 12.60 12.60 
2016/12/27 12.70 12.90 12.20 12.75 
2016/12/28 12.60 13.65 12.55 13.40 
2016/12/29 13.30 13.60 13.15 13.15 
2016/12/30 13.35 14.45 13.25 14.40 
2017/01/03 14.30 14.60 14.10 14.35 
2017/01/04 14.40 14.85 14.25 14.25 
2017/01/05 14.40 14.65 14.15 14.45 
2017/01/06 14.60 14.70 14.15 14.15 
2017/01/09 14.25 14.35 13.80 14.10 
2017/01/10 14.20 14.25 13.70 13.80 
2017/01/11 13.90 14.05 13.75 13.80 
2017/01/12 14.00 14.65 13.90 13.95 
2017/01/13 13.85 14.05 13.55 13.85 
2017/01/16 13.90 14.05 13.75 13.85 
2017/01/17 13.90 14.00 13.65 13.75 
2017/01/18 13.75 14.40 13.75 14.05 
2017/01/19 14.05 15.10 14.05 14.40 
2017/01/20 14.65 14.70 14.05 14.05 
2017/01/23 14.20 14.75 14.05 14.50 
2017/01/24 14.65 14.70 14.20 14.20 
2017/02/02 14.40 15.60 14.25 15.30 
2017/02/03 15.70 16.50 15.00 15.45 
2017/02/06 15.40 16.20 15.15 15.90 
2017/02/07 15.90 16.75 15.85 16.20 
2017/02/08 16.40 16.90 16.05 16.70 
