2016/07/01 26.25 26.25 26.15 26.15 
2016/07/04 26.20 26.25 26.20 26.20 
2016/07/05 26.20 26.30 26.20 26.30 
2016/07/06 26.25 26.25 26.05 26.10 
2016/07/07 26.40 26.50 26.40 26.40 
2016/07/11 26.40 26.40 26.30 26.30 
2016/07/12 26.30 26.35 26.30 26.35 
2016/07/13 26.40 26.40 26.25 26.25 
2016/07/14 26.30 26.40 26.25 26.30 
2016/07/15 26.30 26.30 26.20 26.20 
2016/07/18 26.45 26.45 26.15 26.30 
2016/07/19 26.30 26.30 26.15 26.25 
2016/07/20 26.30 26.30 26.15 26.20 
2016/07/21 26.20 26.40 26.20 26.40 
2016/07/22 26.40 26.40 26.25 26.40 
2016/07/25 26.50 26.70 26.40 26.45 
2016/07/26 26.50 26.50 26.40 26.40 
2016/07/27 26.70 26.90 26.50 26.80 
2016/07/28 26.70 26.70 26.35 26.60 
2016/07/29 26.40 26.70 26.40 26.70 
2016/08/01 26.70 26.90 26.70 26.80 
2016/08/02 26.80 26.90 26.35 26.90 
2016/08/03 26.40 26.80 26.40 26.80 
2016/08/04 26.80 26.85 26.65 26.85 
2016/08/05 26.85 26.95 26.40 26.70 
2016/08/08 26.85 26.95 26.80 26.90 
2016/08/09 27.00 27.00 26.55 26.90 
2016/08/10 26.90 26.95 26.60 26.95 
2016/08/11 26.75 26.75 26.70 26.75 
2016/08/12 26.70 27.15 26.70 27.15 
2016/08/15 27.15 27.80 27.15 27.70 
2016/08/16 27.60 27.60 27.20 27.20 
2016/08/17 27.20 27.40 26.95 27.20 
2016/08/18 27.00 27.80 27.00 27.30 
2016/08/19 27.30 27.40 27.10 27.35 
2016/08/22 27.00 27.25 26.75 27.25 
2016/08/23 27.25 27.30 27.15 27.25 
2016/08/24 27.80 27.80 27.25 27.40 
2016/08/25 27.70 27.70 27.35 27.45 
2016/08/26 26.25 26.40 26.00 26.25 
2016/08/29 26.25 26.25 25.90 26.15 
2016/08/30 25.90 26.00 25.90 26.00 
2016/08/31 25.80 26.00 25.80 26.00 
2016/09/01 25.80 25.80 25.60 25.60 
2016/09/02 25.50 25.60 25.30 25.40 
2016/09/05 25.50 25.80 25.50 25.75 
2016/09/06 26.20 26.20 25.65 25.65 
2016/09/07 25.65 25.65 25.65 25.65 
2016/09/08 25.65 25.65 25.55 25.55 
2016/09/09 25.70 25.75 25.70 25.75 
2016/09/10 25.85 25.90 25.80 25.85 
2016/09/12 25.90 25.90 25.50 25.75 
2016/09/13 25.60 25.70 25.60 25.70 
2016/09/14 25.80 25.80 25.80 25.80 
2016/09/19 25.90 25.95 25.90 25.95 
2016/09/20 26.00 26.20 25.80 25.85 
2016/09/21 26.00 26.65 25.80 26.60 
2016/09/22 26.80 26.80 26.65 26.65 
2016/09/23 26.75 26.75 26.55 26.55 
2016/09/26 26.30 26.35 26.10 26.35 
2016/09/29 26.30 26.30 26.20 26.20 
2016/09/30 26.55 26.55 26.50 26.50 
2016/10/03 26.20 26.25 26.05 26.20 
2016/10/04 26.10 26.20 26.10 26.20 
2016/10/05 26.05 26.05 26.05 26.05 
2016/10/06 26.05 26.05 26.00 26.00 
2016/10/07 26.00 26.30 25.90 26.30 
2016/10/11 26.05 26.30 26.05 26.30 
2016/10/12 26.00 26.10 25.95 26.10 
2016/10/13 26.00 26.25 25.95 26.25 
2016/10/14 26.00 26.15 25.95 26.15 
2016/10/17 26.00 26.20 26.00 26.20 
2016/10/18 26.00 26.10 26.00 26.10 
2016/10/19 26.10 26.15 26.00 26.15 
2016/10/20 26.15 26.15 26.05 26.10 
2016/10/21 26.10 26.10 26.00 26.05 
2016/10/24 26.00 26.00 25.95 26.00 
2016/10/25 26.10 26.10 25.90 26.10 
2016/10/26 26.10 26.20 26.00 26.20 
2016/10/27 26.10 26.10 26.00 26.10 
2016/10/28 26.00 26.15 25.80 26.15 
2016/10/31 25.90 26.15 25.90 26.15 
2016/11/01 26.20 26.20 26.20 26.20 
2016/11/02 26.00 26.20 26.00 26.10 
2016/11/03 26.00 26.00 25.90 26.00 
2016/11/04 26.10 26.10 25.80 25.95 
2016/11/07 25.90 26.10 25.75 25.90 
2016/11/08 25.80 25.80 25.50 25.65 
2016/11/09 25.50 25.80 25.35 25.60 
2016/11/10 26.05 26.05 25.55 25.75 
2016/11/11 25.50 25.90 25.50 25.90 
2016/11/14 25.90 25.90 25.55 25.55 
2016/11/15 25.55 25.90 25.50 25.90 
2016/11/16 25.70 25.85 25.60 25.60 
2016/11/17 26.00 26.00 25.20 25.45 
2016/11/18 25.40 25.50 25.30 25.50 
2016/11/21 25.40 25.40 25.35 25.40 
2016/11/22 25.30 25.75 25.30 25.75 
2016/11/23 25.40 25.70 25.40 25.70 
2016/11/24 25.50 25.60 25.00 25.60 
2016/11/25 25.30 25.60 25.30 25.60 
2016/11/28 25.50 25.65 25.45 25.45 
2016/11/29 25.50 25.50 25.50 25.50 
2016/11/30 25.50 25.60 25.50 25.55 
2016/12/01 25.40 25.90 25.40 25.55 
2016/12/02 25.50 25.80 25.50 25.80 
2016/12/05 25.80 25.80 25.50 25.50 
2016/12/06 25.60 25.70 25.30 25.70 
2016/12/07 25.55 25.70 25.50 25.70 
2016/12/08 25.65 25.85 25.55 25.65 
2016/12/09 25.65 25.80 25.55 25.80 
2016/12/12 25.80 25.80 25.55 25.55 
2016/12/13 25.50 25.60 25.50 25.55 
2016/12/14 25.75 25.75 25.60 25.60 
2016/12/15 25.60 25.70 25.55 25.60 
2016/12/16 25.90 25.90 25.60 25.60 
2016/12/19 25.65 25.65 25.55 25.60 
2016/12/20 25.65 25.65 25.60 25.60 
2016/12/21 25.65 25.75 25.60 25.75 
2016/12/22 25.80 25.80 25.60 25.60 
2016/12/23 25.65 25.65 25.60 25.65 
2016/12/26 25.65 25.65 25.65 25.65 
2016/12/27 25.70 25.75 25.65 25.65 
2016/12/28 25.70 25.70 25.65 25.70 
2016/12/29 25.65 25.70 25.65 25.70 
2016/12/30 25.75 25.80 25.65 25.65 
2017/01/03 25.70 25.80 25.70 25.80 
2017/01/04 25.90 25.90 25.70 25.75 
2017/01/05 25.75 26.10 25.70 26.10 
2017/01/06 26.00 26.25 26.00 26.25 
2017/01/09 26.00 26.35 26.00 26.20 
2017/01/10 26.10 26.25 26.00 26.00 
2017/01/11 26.10 26.30 26.00 26.20 
2017/01/12 26.10 26.25 26.10 26.20 
2017/01/13 26.20 26.55 26.20 26.25 
2017/01/16 26.30 26.50 26.30 26.45 
2017/01/17 26.45 26.50 26.45 26.50 
2017/01/18 26.45 26.55 26.00 26.50 
2017/01/19 26.40 26.60 26.40 26.50 
2017/01/20 26.40 26.60 26.35 26.50 
2017/01/23 26.30 26.35 26.20 26.35 
2017/01/24 26.40 26.60 26.35 26.60 
2017/02/02 26.40 26.40 26.00 26.35 
2017/02/03 26.15 26.60 26.15 26.60 
2017/02/06 26.40 26.40 26.30 26.30 
2017/02/07 26.30 26.45 26.30 26.30 
2017/02/08 26.35 26.35 26.30 26.30 
