2016/07/01 19.20 19.35 19.20 19.20 
2016/07/04 19.35 19.40 19.15 19.25 
2016/07/05 19.30 19.30 19.15 19.25 
2016/07/06 19.25 19.25 18.90 18.95 
2016/07/07 18.95 19.15 18.90 18.90 
2016/07/11 18.90 18.90 18.55 18.70 
2016/07/12 18.70 19.05 18.60 18.80 
2016/07/13 18.90 18.95 18.65 18.80 
2016/07/14 19.00 19.10 18.85 18.95 
2016/07/15 19.00 19.00 18.80 18.90 
2016/07/18 18.90 18.90 18.70 18.80 
2016/07/19 18.80 18.95 18.70 18.95 
2016/07/20 19.00 19.20 19.00 19.00 
2016/07/21 19.20 19.40 19.15 19.35 
2016/07/22 19.45 19.45 19.30 19.35 
2016/07/25 19.60 19.75 19.40 19.60 
2016/07/26 19.60 19.65 19.45 19.50 
2016/07/27 19.50 19.60 19.45 19.45 
2016/07/28 19.45 19.55 19.10 19.35 
2016/07/29 19.20 19.40 19.15 19.40 
2016/08/01 19.20 19.25 19.15 19.25 
2016/08/02 19.20 19.20 19.10 19.20 
2016/08/03 19.10 19.15 19.00 19.15 
2016/08/04 19.20 19.20 19.00 19.10 
2016/08/05 19.10 19.35 19.05 19.20 
2016/08/08 19.25 19.35 19.10 19.15 
2016/08/09 19.20 19.20 19.00 19.05 
2016/08/10 19.05 19.20 19.00 19.15 
2016/08/11 19.20 19.20 19.00 19.10 
2016/08/12 19.25 19.35 19.15 19.30 
2016/08/15 19.40 19.45 19.20 19.30 
2016/08/16 19.55 19.55 19.20 19.25 
2016/08/17 19.25 19.30 19.00 19.15 
2016/08/18 19.15 19.30 19.05 19.30 
2016/08/19 19.25 19.45 19.10 19.15 
2016/08/22 19.20 19.20 19.05 19.10 
2016/08/23 19.10 19.15 19.05 19.05 
2016/08/24 19.05 19.25 19.05 19.20 
2016/08/25 19.20 19.25 19.05 19.20 
2016/08/26 19.20 19.30 19.10 19.10 
2016/08/29 19.10 20.45 19.10 20.40 
2016/08/30 20.70 21.10 20.50 20.70 
2016/08/31 20.55 20.70 20.05 20.30 
2016/09/01 20.30 20.35 20.05 20.30 
2016/09/02 20.20 20.30 19.85 20.10 
2016/09/05 20.20 20.20 20.00 20.00 
2016/09/06 20.00 20.15 19.95 19.95 
2016/09/07 20.10 20.55 19.95 20.40 
2016/09/08 20.40 20.40 20.15 20.30 
2016/09/09 20.55 21.25 20.55 20.70 
2016/09/10 20.50 20.55 20.25 20.35 
2016/09/12 20.35 20.45 20.15 20.15 
2016/09/13 20.30 20.35 19.75 20.00 
2016/09/14 20.00 20.15 19.90 20.10 
2016/09/19 20.30 20.50 20.15 20.40 
2016/09/20 20.40 20.40 20.25 20.25 
2016/09/21 20.35 20.45 20.30 20.40 
2016/09/22 20.55 20.55 20.35 20.45 
2016/09/23 20.50 20.60 20.40 20.60 
2016/09/26 20.60 20.60 20.25 20.30 
2016/09/29 20.30 20.40 20.20 20.20 
2016/09/30 20.20 20.30 20.10 20.15 
2016/10/03 20.15 20.25 20.10 20.15 
2016/10/04 20.15 20.45 20.10 20.15 
2016/10/05 20.15 20.25 20.10 20.20 
2016/10/06 20.25 20.25 20.10 20.10 
2016/10/07 20.15 20.25 20.05 20.20 
2016/10/11 20.40 20.40 19.75 19.95 
2016/10/12 19.90 20.30 19.90 20.15 
2016/10/13 20.30 20.30 19.80 19.90 
2016/10/14 19.80 19.90 19.70 19.75 
2016/10/17 19.75 19.90 19.70 19.90 
2016/10/18 20.00 20.00 19.80 19.90 
2016/10/19 20.00 20.00 19.80 19.85 
2016/10/20 19.85 19.95 19.75 19.90 
2016/10/21 19.95 19.95 19.80 19.90 
2016/10/24 20.00 20.10 19.95 20.00 
2016/10/25 20.00 20.20 20.00 20.15 
2016/10/26 20.15 20.25 20.15 20.20 
2016/10/27 20.20 20.20 20.00 20.05 
2016/10/28 20.05 20.10 19.95 20.05 
2016/10/31 20.05 20.05 19.80 20.00 
2016/11/01 19.90 20.00 19.80 19.85 
2016/11/02 20.20 20.90 20.15 20.15 
2016/11/03 20.15 20.35 20.10 20.15 
2016/11/04 20.10 20.25 20.00 20.20 
2016/11/07 20.25 20.45 20.20 20.30 
2016/11/08 20.40 20.40 20.15 20.15 
2016/11/09 20.20 20.20 19.55 19.55 
2016/11/10 19.80 20.00 19.80 19.95 
2016/11/11 19.90 20.05 19.65 19.95 
2016/11/14 20.05 20.05 19.70 19.90 
2016/11/15 19.90 19.95 19.80 19.95 
2016/11/16 19.90 20.10 19.90 19.95 
2016/11/17 20.00 20.05 19.95 20.00 
2016/11/18 20.00 20.10 19.95 19.95 
2016/11/21 20.00 20.40 20.00 20.30 
2016/11/22 20.30 20.40 20.15 20.15 
2016/11/23 20.25 20.30 20.15 20.15 
2016/11/24 20.20 20.80 20.20 20.65 
2016/11/25 20.80 20.90 20.45 20.60 
2016/11/28 20.65 20.70 20.50 20.55 
2016/11/29 20.55 20.55 20.40 20.40 
2016/11/30 20.60 20.60 20.35 20.35 
2016/12/01 20.50 20.60 20.40 20.55 
2016/12/02 20.55 20.65 20.35 20.60 
2016/12/05 20.60 20.70 20.50 20.60 
2016/12/06 20.65 20.90 20.65 20.70 
2016/12/07 20.70 20.75 20.65 20.65 
2016/12/08 20.75 21.20 20.65 20.90 
2016/12/09 20.90 20.95 20.50 20.65 
2016/12/12 20.55 20.70 20.50 20.60 
2016/12/13 20.60 20.65 20.60 20.65 
2016/12/14 20.65 20.95 20.65 20.90 
2016/12/15 20.90 21.05 20.70 20.95 
2016/12/16 20.85 21.55 20.85 21.35 
2016/12/19 21.60 22.00 21.10 21.80 
2016/12/20 21.90 22.30 21.55 21.90 
2016/12/21 22.00 22.00 21.55 21.70 
2016/12/22 21.60 21.65 21.40 21.50 
2016/12/23 21.50 21.65 21.25 21.40 
2016/12/26 21.50 22.25 21.50 22.05 
2016/12/27 22.25 22.50 21.85 22.00 
2016/12/28 22.00 22.15 21.85 22.15 
2016/12/29 22.15 22.15 21.85 21.95 
2016/12/30 22.10 22.25 21.90 21.95 
2017/01/03 22.00 22.10 21.70 21.70 
2017/01/04 21.70 21.75 21.65 21.70 
2017/01/05 21.70 21.80 21.60 21.60 
2017/01/06 21.60 21.80 21.60 21.80 
2017/01/09 21.45 21.60 21.45 21.45 
2017/01/10 21.35 21.35 20.90 21.10 
2017/01/11 21.25 21.35 21.15 21.20 
2017/01/12 21.45 21.45 21.30 21.35 
2017/01/13 21.30 21.45 21.20 21.25 
2017/01/16 21.25 21.25 21.00 21.20 
2017/01/17 21.20 21.65 21.10 21.50 
2017/01/18 21.50 21.60 21.45 21.45 
2017/01/19 21.50 21.85 21.50 21.75 
2017/01/20 21.80 21.85 21.70 21.75 
2017/01/23 21.90 21.90 21.55 21.60 
2017/01/24 21.55 21.55 21.35 21.45 
2017/02/02 21.50 21.50 21.30 21.40 
2017/02/03 21.45 21.75 21.45 21.65 
2017/02/06 21.70 22.05 21.70 22.00 
2017/02/07 22.00 22.15 21.85 21.95 
2017/02/08 22.00 22.05 21.80 22.00 
