2016/07/01 25.00 25.10 24.80 24.90 
2016/07/04 24.75 25.00 24.75 24.90 
2016/07/05 24.90 24.95 24.70 24.85 
2016/07/06 24.75 24.75 24.35 24.35 
2016/07/07 24.35 24.55 24.30 24.50 
2016/07/11 24.65 24.70 24.50 24.50 
2016/07/12 24.45 24.60 24.35 24.60 
2016/07/13 24.55 24.60 24.45 24.60 
2016/07/14 24.60 24.65 24.50 24.60 
2016/07/15 24.55 24.70 24.55 24.60 
2016/07/18 24.60 24.60 24.30 24.40 
2016/07/19 24.40 24.45 24.15 24.25 
2016/07/20 24.20 24.40 24.05 24.40 
2016/07/21 24.25 24.40 24.20 24.35 
2016/07/22 24.45 24.50 24.20 24.40 
2016/07/25 24.50 24.65 24.40 24.50 
2016/07/26 24.60 24.60 24.50 24.50 
2016/07/27 24.75 24.75 24.50 24.65 
2016/07/28 24.75 24.75 24.50 24.50 
2016/07/29 24.55 24.55 24.45 24.45 
2016/08/01 24.45 24.65 24.45 24.60 
2016/08/02 24.65 24.65 24.40 24.40 
2016/08/03 24.40 24.55 24.30 24.35 
2016/08/04 24.45 25.20 24.35 24.95 
2016/08/05 25.10 25.10 24.70 24.95 
2016/08/08 25.05 25.50 25.05 25.30 
2016/08/09 25.35 25.35 24.95 25.10 
2016/08/10 25.15 25.55 25.15 25.40 
2016/08/11 25.50 25.85 25.40 25.75 
2016/08/12 25.90 26.05 25.75 25.85 
2016/08/15 25.90 26.00 25.80 25.95 
2016/08/16 25.95 26.05 25.75 25.75 
2016/08/17 25.75 25.75 25.40 25.60 
2016/08/18 25.75 25.75 25.50 25.60 
2016/08/19 25.65 25.70 25.45 25.55 
2016/08/22 25.60 25.65 25.50 25.60 
2016/08/23 25.70 25.70 25.55 25.65 
2016/08/24 25.65 25.80 25.60 25.75 
2016/08/25 22.00 22.55 21.80 22.45 
2016/08/26 22.50 23.15 22.45 23.10 
2016/08/29 23.40 23.50 23.05 23.30 
2016/08/30 23.45 23.45 23.10 23.10 
2016/08/31 23.15 23.25 22.70 23.10 
2016/09/01 22.90 23.10 22.80 23.10 
2016/09/02 22.90 23.05 22.65 22.70 
2016/09/05 23.05 23.30 22.95 22.95 
2016/09/06 23.00 23.10 22.80 22.80 
2016/09/07 22.80 23.10 22.80 22.90 
2016/09/08 23.00 23.00 22.80 22.95 
2016/09/09 22.95 22.95 22.65 22.65 
2016/09/10 22.40 22.95 22.40 22.95 
2016/09/12 22.65 22.85 22.60 22.60 
2016/09/13 22.80 22.85 22.40 22.60 
2016/09/14 22.35 22.60 22.25 22.30 
2016/09/19 22.35 22.65 22.25 22.30 
2016/09/20 22.30 22.50 22.20 22.45 
2016/09/21 22.35 22.65 22.30 22.65 
2016/09/22 22.60 22.60 22.40 22.50 
2016/09/23 22.40 22.45 22.25 22.30 
2016/09/26 22.30 22.50 22.20 22.50 
2016/09/29 22.50 22.50 22.25 22.50 
2016/09/30 22.30 22.60 22.30 22.60 
2016/10/03 22.50 22.55 22.45 22.50 
2016/10/04 22.45 22.50 22.25 22.40 
2016/10/05 22.50 22.80 22.35 22.60 
2016/10/06 22.50 22.50 22.30 22.35 
2016/10/07 22.45 22.45 22.20 22.35 
2016/10/11 22.55 22.55 22.20 22.25 
2016/10/12 22.40 22.45 22.30 22.40 
2016/10/13 22.50 22.50 22.35 22.35 
2016/10/14 22.35 22.50 22.20 22.35 
2016/10/17 22.40 22.45 22.30 22.45 
2016/10/18 22.45 22.45 22.20 22.30 
2016/10/19 22.30 22.50 22.25 22.45 
2016/10/20 22.35 22.75 22.35 22.75 
2016/10/21 22.70 22.85 22.50 22.85 
2016/10/24 22.90 22.90 22.60 22.70 
2016/10/25 22.80 22.90 22.60 22.90 
2016/10/26 22.70 22.90 22.65 22.80 
2016/10/27 22.80 22.80 22.40 22.40 
2016/10/28 22.40 22.65 22.25 22.60 
2016/10/31 22.60 22.60 22.35 22.40 
2016/11/01 22.40 22.50 22.30 22.30 
2016/11/02 22.30 22.30 22.10 22.20 
2016/11/03 22.15 22.30 21.80 22.30 
2016/11/04 22.05 22.30 21.90 22.30 
2016/11/07 22.30 22.50 22.25 22.45 
2016/11/08 22.60 22.60 22.10 22.10 
2016/11/09 22.20 22.25 21.15 21.70 
2016/11/10 21.95 22.10 21.20 22.00 
2016/11/11 21.80 21.90 21.70 21.70 
2016/11/14 21.80 21.80 21.40 21.60 
2016/11/15 21.60 22.35 21.60 22.10 
2016/11/16 22.10 22.20 21.90 22.05 
2016/11/17 22.30 22.30 21.70 21.75 
2016/11/18 21.75 21.95 21.55 21.95 
2016/11/21 21.80 21.80 21.60 21.80 
2016/11/22 21.75 21.85 21.60 21.70 
2016/11/23 21.70 21.70 21.50 21.70 
2016/11/24 21.65 21.65 21.40 21.45 
2016/11/25 21.45 21.80 21.45 21.80 
2016/11/28 21.80 21.95 21.55 21.60 
2016/11/29 21.60 22.80 21.60 22.60 
2016/11/30 22.60 22.60 22.30 22.50 
2016/12/01 22.50 22.50 21.70 22.10 
2016/12/02 22.00 22.25 21.90 22.25 
2016/12/05 22.15 22.15 21.80 22.00 
2016/12/06 22.20 22.40 22.10 22.25 
2016/12/07 22.00 22.25 22.00 22.20 
2016/12/08 22.10 22.40 22.00 22.05 
2016/12/09 22.20 22.25 22.05 22.10 
2016/12/12 22.40 22.50 22.20 22.40 
2016/12/13 22.30 22.40 22.15 22.40 
2016/12/14 22.35 22.35 22.15 22.30 
2016/12/15 22.15 22.40 22.10 22.40 
2016/12/16 22.30 22.40 22.25 22.30 
2016/12/19 22.40 22.95 22.30 22.95 
2016/12/20 22.90 22.90 22.50 22.60 
2016/12/21 22.65 22.65 22.40 22.40 
2016/12/22 22.35 22.60 22.20 22.35 
2016/12/23 22.35 22.45 22.25 22.45 
2016/12/26 22.60 22.60 22.30 22.60 
2016/12/27 22.45 22.75 22.35 22.45 
2016/12/28 22.45 22.55 22.20 22.30 
2016/12/29 22.20 22.40 22.10 22.15 
2016/12/30 22.45 22.55 22.20 22.30 
2017/01/03 22.30 22.35 22.20 22.30 
2017/01/04 22.20 22.50 22.20 22.50 
2017/01/05 22.50 22.70 22.35 22.70 
2017/01/06 22.60 22.60 22.35 22.50 
2017/01/09 22.50 22.50 22.35 22.35 
2017/01/10 22.35 22.45 22.20 22.20 
2017/01/11 22.10 22.35 22.00 22.00 
2017/01/12 22.00 22.35 22.00 22.10 
2017/01/13 22.10 22.20 22.05 22.10 
2017/01/16 22.05 22.10 22.00 22.00 
2017/01/17 22.20 22.20 21.95 22.00 
2017/01/18 22.20 22.25 22.00 22.15 
2017/01/19 22.15 22.30 22.00 22.30 
2017/01/20 22.50 22.50 22.15 22.15 
2017/01/23 22.40 22.40 22.05 22.30 
2017/01/24 22.30 22.35 22.15 22.35 
2017/02/02 22.35 22.40 22.20 22.35 
2017/02/03 22.35 22.45 22.20 22.35 
2017/02/06 22.40 23.80 22.40 23.60 
2017/02/07 23.60 23.60 23.20 23.25 
2017/02/08 23.30 23.30 22.90 23.00 
