2016/07/01 7.19 7.20 7.10 7.16 
2016/07/04 7.17 7.50 7.17 7.32 
2016/07/05 7.49 7.97 7.32 7.90 
2016/07/06 7.90 8.29 7.76 8.03 
2016/07/07 8.00 8.40 8.00 8.25 
2016/07/11 8.25 8.50 7.81 8.10 
2016/07/12 8.15 8.15 7.80 8.09 
2016/07/13 7.89 8.50 7.89 8.25 
2016/07/14 8.25 8.28 7.95 8.04 
2016/07/15 8.10 8.10 7.96 7.97 
2016/07/18 8.10 8.76 8.05 8.76 
2016/07/19 8.95 9.10 8.39 8.76 
2016/07/20 8.60 8.82 8.48 8.69 
2016/07/21 8.69 8.88 8.60 8.65 
2016/07/22 8.90 9.06 8.55 8.58 
2016/07/25 8.82 8.88 8.36 8.40 
2016/07/26 8.43 8.52 8.36 8.43 
2016/07/27 8.43 8.43 8.12 8.12 
2016/07/28 8.16 8.16 8.03 8.04 
2016/07/29 8.30 8.32 8.11 8.18 
2016/08/01 8.17 8.34 8.17 8.26 
2016/08/02 8.26 8.58 8.26 8.45 
2016/08/03 8.43 8.60 8.38 8.47 
2016/08/04 8.50 8.58 8.40 8.50 
2016/08/05 8.50 8.55 8.41 8.48 
2016/08/08 8.60 8.79 8.40 8.77 
2016/08/09 9.04 9.64 8.83 9.43 
2016/08/10 9.40 9.40 9.00 9.40 
2016/08/11 9.47 10.20 9.24 9.65 
2016/08/12 9.96 10.00 9.36 9.45 
2016/08/15 9.51 9.98 9.48 9.85 
2016/08/16 10.00 10.10 9.72 9.80 
2016/08/17 9.62 9.90 9.62 9.78 
2016/08/18 9.80 10.50 9.80 10.15 
2016/08/19 10.20 10.45 10.15 10.45 
2016/08/22 10.60 10.60 10.10 10.35 
2016/08/23 10.35 10.50 10.15 10.30 
2016/08/24 10.40 10.60 10.20 10.40 
2016/08/25 10.35 10.60 10.30 10.30 
2016/08/26 10.40 10.85 10.30 10.60 
2016/08/29 10.80 11.65 10.80 11.65 
2016/08/30 12.35 12.75 11.85 12.45 
2016/08/31 12.45 12.85 12.30 12.40 
2016/09/01 12.55 12.60 11.95 12.00 
2016/09/02 12.10 12.45 11.80 12.05 
2016/09/05 12.20 12.60 12.05 12.35 
2016/09/06 12.30 12.30 11.95 12.15 
2016/09/07 12.30 12.30 12.05 12.20 
2016/09/08 12.20 12.20 12.00 12.10 
2016/09/09 12.10 12.60 12.10 12.40 
2016/09/10 12.10 12.25 12.00 12.10 
2016/09/12 12.25 12.25 11.65 11.65 
2016/09/13 12.10 12.15 11.50 11.65 
2016/09/14 11.65 11.75 11.35 11.50 
2016/09/19 11.60 12.10 11.60 11.90 
2016/09/20 11.80 12.35 11.70 12.15 
2016/09/21 12.20 12.30 11.95 12.05 
2016/09/22 12.15 12.45 12.00 12.05 
2016/09/23 12.15 12.20 12.00 12.10 
2016/09/26 12.00 12.05 11.75 11.80 
2016/09/29 12.05 12.50 12.05 12.25 
2016/09/30 12.65 13.30 12.65 13.05 
2016/10/03 13.40 13.40 12.95 13.00 
2016/10/04 13.00 13.05 12.80 13.00 
2016/10/05 13.20 13.30 12.95 12.95 
2016/10/06 13.00 13.10 12.85 12.95 
2016/10/07 13.00 13.05 12.85 12.85 
2016/10/11 12.90 12.95 11.65 11.75 
2016/10/12 11.90 12.10 11.75 11.95 
2016/10/13 12.00 12.05 11.85 11.85 
2016/10/14 11.70 11.75 11.10 11.20 
2016/10/17 11.20 11.40 11.05 11.30 
2016/10/18 11.40 12.30 11.35 12.20 
2016/10/19 12.10 12.20 11.95 12.10 
2016/10/20 12.20 12.30 12.00 12.05 
2016/10/21 12.10 12.50 12.10 12.30 
2016/10/24 12.45 12.45 12.05 12.20 
2016/10/25 12.20 12.25 12.10 12.20 
2016/10/26 12.30 12.80 12.20 12.55 
2016/10/27 12.60 12.80 12.40 12.75 
2016/10/28 12.65 12.65 11.90 11.90 
2016/10/31 11.80 12.05 11.50 11.90 
2016/11/01 11.90 12.00 11.85 11.85 
2016/11/02 11.85 11.85 11.50 11.50 
2016/11/03 11.50 11.70 11.40 11.60 
2016/11/04 11.50 11.70 11.50 11.55 
2016/11/07 11.55 11.75 11.55 11.75 
2016/11/08 11.70 11.80 11.65 11.65 
2016/11/09 11.60 11.70 10.65 10.75 
2016/11/10 11.30 11.50 11.25 11.40 
2016/11/11 11.40 11.40 11.15 11.30 
2016/11/14 11.30 11.50 11.20 11.40 
2016/11/15 11.40 11.45 11.20 11.20 
2016/11/16 11.20 11.35 11.20 11.25 
2016/11/17 11.35 11.35 11.10 11.10 
2016/11/18 11.15 11.50 11.10 11.45 
2016/11/21 11.45 11.70 11.40 11.55 
2016/11/22 11.60 11.70 11.45 11.45 
2016/11/23 11.50 11.70 11.45 11.70 
2016/11/24 11.70 11.75 11.55 11.55 
2016/11/25 11.65 11.65 11.40 11.45 
2016/11/28 11.45 11.55 11.40 11.45 
2016/11/29 11.50 11.60 11.45 11.50 
2016/11/30 11.50 11.55 11.35 11.40 
2016/12/01 11.35 11.55 11.35 11.40 
2016/12/02 11.40 11.40 11.25 11.30 
2016/12/05 11.45 11.45 11.30 11.30 
2016/12/06 11.35 11.40 11.30 11.30 
2016/12/07 11.40 11.40 11.30 11.35 
2016/12/08 11.35 11.85 11.35 11.80 
2016/12/09 11.95 12.25 11.90 12.05 
2016/12/12 12.10 12.10 11.75 11.85 
2016/12/13 11.90 11.90 11.75 11.80 
2016/12/14 11.80 12.15 11.80 11.90 
2016/12/15 11.90 12.35 11.90 12.35 
2016/12/16 12.35 12.40 12.20 12.35 
2016/12/19 12.35 12.35 12.05 12.05 
2016/12/20 12.05 12.20 11.95 12.05 
2016/12/21 12.15 12.15 12.05 12.10 
2016/12/22 12.20 12.20 11.95 12.00 
2016/12/23 12.10 12.35 11.95 12.15 
2016/12/26 12.10 12.20 11.95 12.05 
2016/12/27 12.15 12.15 11.95 12.05 
2016/12/28 12.10 12.60 12.10 12.25 
2016/12/29 12.30 12.35 12.10 12.15 
2016/12/30 12.25 12.25 12.05 12.10 
2017/01/03 12.15 12.30 12.15 12.25 
2017/01/04 12.20 12.40 12.20 12.30 
2017/01/05 12.45 12.80 12.35 12.80 
2017/01/06 12.80 12.80 12.50 12.50 
2017/01/09 12.60 12.75 12.25 12.35 
2017/01/10 12.35 12.45 12.10 12.15 
2017/01/11 12.15 12.40 12.05 12.10 
2017/01/12 12.30 12.40 12.15 12.20 
2017/01/13 12.20 12.25 12.15 12.20 
2017/01/16 12.20 12.25 11.90 11.95 
2017/01/17 11.90 12.10 11.85 12.00 
2017/01/18 11.95 12.20 11.95 12.20 
2017/01/19 12.20 12.30 12.00 12.00 
2017/01/20 12.00 12.10 11.90 11.95 
2017/01/23 11.95 12.10 11.90 11.95 
2017/01/24 11.95 12.00 11.85 11.95 
2017/02/02 12.00 12.10 11.90 12.00 
2017/02/03 12.20 12.20 12.05 12.20 
2017/02/06 12.45 12.80 12.35 12.45 
2017/02/07 12.50 12.55 12.40 12.50 
2017/02/08 12.60 12.60 12.30 12.40 
