2016/07/01 48.10 48.80 47.60 48.80 
2016/07/04 48.40 48.80 48.20 48.20 
2016/07/05 48.30 48.70 48.00 48.40 
2016/07/06 48.00 48.55 47.80 48.55 
2016/07/07 44.90 44.90 44.15 44.80 
2016/07/11 44.80 44.80 44.20 44.40 
2016/07/12 44.50 44.50 43.90 43.90 
2016/07/13 43.90 43.90 43.50 43.60 
2016/07/14 43.70 43.70 43.15 43.50 
2016/07/15 43.75 44.90 43.00 44.10 
2016/07/18 44.20 44.75 44.00 44.40 
2016/07/19 44.50 44.50 44.00 44.45 
2016/07/20 44.15 44.45 43.65 44.35 
2016/07/21 44.35 44.55 43.80 44.35 
2016/07/22 44.30 44.30 43.50 43.50 
2016/07/25 43.50 43.95 43.40 43.40 
2016/07/26 43.80 43.80 43.35 43.80 
2016/07/27 43.80 43.80 43.45 43.80 
2016/07/28 43.75 43.80 43.50 43.80 
2016/07/29 43.90 44.10 43.65 44.00 
2016/08/01 44.20 44.70 44.20 44.55 
2016/08/02 44.55 44.55 44.10 44.55 
2016/08/03 44.50 44.50 44.00 44.00 
2016/08/04 44.00 44.00 43.55 43.55 
2016/08/05 43.55 43.90 43.55 43.60 
2016/08/08 43.60 43.90 43.60 43.90 
2016/08/09 43.80 43.80 43.50 43.80 
2016/08/10 43.60 43.60 43.45 43.45 
2016/08/11 43.40 43.90 42.90 43.90 
2016/08/12 44.00 44.00 43.20 43.30 
2016/08/15 43.30 43.30 42.50 43.20 
2016/08/16 43.00 43.00 42.50 42.50 
2016/08/17 42.55 42.55 41.80 42.30 
2016/08/18 42.20 43.55 42.00 43.55 
2016/08/19 46.00 46.15 44.95 45.00 
2016/08/22 46.15 46.20 45.00 46.20 
2016/08/23 46.80 50.40 46.80 49.70 
2016/08/24 50.00 50.40 48.50 48.50 
2016/08/25 49.90 50.00 48.50 49.40 
2016/08/26 49.40 49.80 48.50 48.50 
2016/08/29 48.70 48.70 46.00 46.70 
2016/08/30 47.30 47.60 46.60 47.10 
2016/08/31 47.00 48.50 46.30 47.00 
2016/09/01 47.30 47.60 46.80 47.60 
2016/09/02 47.25 47.85 46.60 47.65 
2016/09/05 47.35 48.10 47.35 47.65 
2016/09/06 47.60 48.50 47.60 48.10 
2016/09/07 48.10 48.20 47.75 48.00 
2016/09/08 48.10 48.10 47.70 47.85 
2016/09/09 47.55 48.60 47.50 48.25 
2016/09/10 47.10 49.40 46.90 48.80 
2016/09/12 48.80 48.80 47.50 47.65 
2016/09/13 47.70 47.70 47.00 47.15 
2016/09/14 47.65 47.65 45.50 45.50 
2016/09/19 45.50 46.20 45.50 45.80 
2016/09/20 46.00 46.50 45.80 45.80 
2016/09/21 46.10 46.50 46.10 46.20 
2016/09/22 46.50 46.50 46.10 46.50 
2016/09/23 46.50 46.50 46.05 46.05 
2016/09/26 46.00 46.25 45.50 46.20 
2016/09/29 46.25 46.35 46.20 46.20 
2016/09/30 46.50 47.15 46.50 46.50 
2016/10/03 46.30 48.00 46.20 47.50 
2016/10/04 48.20 48.70 48.10 48.10 
2016/10/05 48.20 48.60 47.00 47.00 
2016/10/06 47.10 48.00 47.10 47.90 
2016/10/07 48.10 48.10 47.65 48.00 
2016/10/11 48.00 48.00 47.30 47.70 
2016/10/12 48.55 48.70 47.45 47.85 
2016/10/13 47.85 47.85 47.00 47.80 
2016/10/14 47.30 51.30 47.30 49.50 
2016/10/17 50.00 50.70 49.10 49.10 
2016/10/18 49.10 51.10 49.10 51.10 
2016/10/19 51.10 51.10 50.20 50.50 
2016/10/20 50.50 51.90 50.00 51.90 
2016/10/21 52.00 52.90 51.20 51.20 
2016/10/24 51.30 51.30 50.60 50.60 
2016/10/25 50.60 50.90 50.10 50.80 
2016/10/26 50.80 51.00 50.60 50.90 
2016/10/27 51.00 51.10 50.80 51.00 
2016/10/28 50.30 50.50 48.65 49.95 
2016/10/31 50.00 50.00 49.40 49.80 
2016/11/01 49.50 49.60 49.15 49.40 
2016/11/02 49.30 49.30 48.20 48.80 
2016/11/03 48.15 49.50 48.10 49.50 
2016/11/04 48.85 48.85 48.20 48.65 
2016/11/07 48.80 49.40 48.25 49.40 
2016/11/08 49.40 49.40 48.15 49.30 
2016/11/09 49.30 49.30 47.60 48.10 
2016/11/10 49.25 50.00 49.00 49.80 
2016/11/11 49.80 49.80 48.50 49.35 
2016/11/14 48.55 49.10 48.55 49.10 
2016/11/15 48.60 48.70 48.50 48.50 
2016/11/16 48.50 48.50 47.50 48.40 
2016/11/17 48.00 49.00 47.50 49.00 
2016/11/18 48.80 49.05 48.10 48.10 
2016/11/21 48.10 48.10 47.90 48.00 
2016/11/22 47.75 48.20 47.50 48.20 
2016/11/23 48.25 48.25 47.50 48.15 
2016/11/24 47.55 48.05 47.30 47.95 
2016/11/25 47.60 48.15 47.00 47.75 
2016/11/28 47.80 47.80 46.50 47.10 
2016/11/29 47.10 47.50 46.55 47.50 
2016/11/30 47.50 49.00 47.40 48.75 
2016/12/01 48.30 48.40 47.80 48.00 
2016/12/02 47.90 48.45 47.90 47.95 
2016/12/05 47.95 47.95 47.50 47.50 
2016/12/06 47.35 47.90 47.30 47.70 
2016/12/07 47.50 47.70 47.05 47.05 
2016/12/08 47.70 47.70 47.00 47.20 
2016/12/09 47.50 47.50 47.00 47.35 
2016/12/12 47.50 47.50 47.20 47.30 
2016/12/13 47.25 48.05 47.25 48.00 
2016/12/14 47.75 49.45 47.50 49.20 
2016/12/15 49.30 49.40 48.10 49.00 
2016/12/16 49.00 49.20 48.35 48.35 
2016/12/19 48.60 48.60 48.05 48.55 
2016/12/20 48.25 48.60 48.20 48.30 
2016/12/21 48.30 48.50 48.30 48.45 
2016/12/22 48.45 48.45 48.05 48.10 
2016/12/23 48.10 48.40 47.85 48.20 
2016/12/26 48.20 48.50 47.90 48.00 
2016/12/27 48.10 48.10 48.00 48.00 
2016/12/28 48.00 48.00 47.65 47.90 
2016/12/29 48.00 48.00 47.50 47.50 
2016/12/30 47.80 47.85 47.50 47.60 
2017/01/03 47.60 47.60 47.50 47.50 
2017/01/04 47.65 49.00 47.65 48.25 
2017/01/05 48.25 48.60 48.00 48.20 
2017/01/06 48.20 48.45 48.05 48.10 
2017/01/09 48.10 48.10 47.70 47.75 
2017/01/10 48.70 50.20 48.35 48.35 
2017/01/11 48.50 48.50 47.90 48.00 
2017/01/12 48.00 48.00 47.80 47.90 
2017/01/13 47.90 48.05 47.90 47.90 
2017/01/16 47.90 48.15 47.70 47.70 
2017/01/17 47.70 48.10 47.70 47.90 
2017/01/18 47.90 48.00 47.65 47.85 
2017/01/19 47.85 47.85 47.70 47.80 
2017/01/20 47.80 47.80 47.35 47.35 
2017/01/23 47.50 48.10 47.30 47.80 
2017/01/24 47.80 48.00 47.80 47.80 
2017/02/02 47.80 47.80 47.50 47.70 
2017/02/03 47.70 49.45 47.70 48.95 
2017/02/06 49.30 50.50 49.00 50.10 
2017/02/07 50.40 50.40 49.40 49.50 
2017/02/08 49.50 49.80 49.20 49.70 
