2016/07/01 53.60 54.10 53.40 53.80 
2016/07/04 53.80 54.40 53.60 54.30 
2016/07/05 54.30 54.30 53.80 54.20 
2016/07/06 53.80 53.90 53.50 53.50 
2016/07/07 53.50 54.10 53.50 53.90 
2016/07/11 54.30 54.60 54.00 54.40 
2016/07/12 54.50 54.60 53.80 54.00 
2016/07/13 54.30 54.50 54.00 54.20 
2016/07/14 54.10 54.50 53.90 53.90 
2016/07/15 54.10 54.70 53.70 53.90 
2016/07/18 54.00 54.20 53.80 54.00 
2016/07/19 54.00 54.10 53.70 53.90 
2016/07/20 54.00 54.20 53.90 54.00 
2016/07/21 54.20 54.60 54.10 54.60 
2016/07/22 54.60 55.50 54.50 55.00 
2016/07/25 55.50 55.60 54.50 55.30 
2016/07/26 55.10 55.10 53.60 53.70 
2016/07/27 53.90 53.90 53.00 53.20 
2016/07/28 53.20 53.30 52.90 52.90 
2016/07/29 53.10 53.30 52.90 53.10 
2016/08/01 53.10 54.20 53.10 54.10 
2016/08/02 54.20 54.60 54.10 54.40 
2016/08/03 54.20 54.40 54.00 54.20 
2016/08/04 50.80 50.90 50.30 50.40 
2016/08/05 50.50 50.60 50.10 50.10 
2016/08/08 50.50 50.50 50.20 50.30 
2016/08/09 50.60 50.60 49.80 50.10 
2016/08/10 50.10 50.20 49.50 49.65 
2016/08/11 49.50 49.60 49.25 49.30 
2016/08/12 49.00 49.80 49.00 49.80 
2016/08/15 49.80 50.10 49.65 50.10 
2016/08/16 50.10 50.20 49.45 49.95 
2016/08/17 49.85 49.95 49.50 49.70 
2016/08/18 49.70 49.90 49.55 49.60 
2016/08/19 49.90 49.90 49.65 49.75 
2016/08/22 49.75 49.75 49.00 49.30 
2016/08/23 49.30 49.50 49.20 49.50 
2016/08/24 49.70 49.70 49.15 49.20 
2016/08/25 49.20 49.50 49.10 49.30 
2016/08/26 49.50 49.50 49.20 49.30 
2016/08/29 49.30 49.60 49.25 49.40 
2016/08/30 49.50 50.60 49.50 50.50 
2016/08/31 50.70 50.70 50.20 50.50 
2016/09/01 50.20 50.40 49.95 49.95 
2016/09/02 49.80 50.00 49.70 49.80 
2016/09/05 49.70 49.80 49.40 49.50 
2016/09/06 49.50 49.90 49.45 49.60 
2016/09/07 49.60 49.90 49.55 49.55 
2016/09/08 49.55 50.00 49.50 49.95 
2016/09/09 49.95 49.95 49.75 49.90 
2016/09/10 49.50 49.50 49.30 49.35 
2016/09/12 49.40 49.65 49.35 49.35 
2016/09/13 49.35 49.50 49.30 49.35 
2016/09/14 49.10 49.70 49.05 49.70 
2016/09/19 49.70 49.75 49.50 49.65 
2016/09/20 49.80 50.10 49.80 50.00 
2016/09/21 50.50 50.80 50.30 50.50 
2016/09/22 50.80 50.90 50.60 50.60 
2016/09/23 50.70 50.70 50.30 50.60 
2016/09/26 50.60 50.60 50.10 50.20 
2016/09/29 50.40 50.40 50.00 50.00 
2016/09/30 50.20 50.50 49.70 50.20 
2016/10/03 50.60 51.00 50.50 50.60 
2016/10/04 50.60 52.00 50.60 51.40 
2016/10/05 51.50 51.50 50.90 51.30 
2016/10/06 51.30 51.50 51.00 51.40 
2016/10/07 51.40 52.00 50.60 51.00 
2016/10/11 51.40 51.50 50.20 50.30 
2016/10/12 50.10 50.80 50.10 50.40 
2016/10/13 50.40 50.50 49.85 50.50 
2016/10/14 50.40 50.40 49.90 49.95 
2016/10/17 49.90 49.90 49.70 49.75 
2016/10/18 49.75 49.95 49.60 49.80 
2016/10/19 50.00 50.20 49.70 49.70 
2016/10/20 49.70 49.95 49.70 49.70 
2016/10/21 49.70 49.85 49.60 49.75 
2016/10/24 49.75 50.60 49.75 50.20 
2016/10/25 50.30 50.30 49.80 49.95 
2016/10/26 50.00 50.00 49.85 49.85 
2016/10/27 49.85 50.00 49.70 49.75 
2016/10/28 50.00 50.00 49.65 49.70 
2016/10/31 49.80 50.00 49.65 49.90 
2016/11/01 50.00 50.20 49.75 49.75 
2016/11/02 49.70 49.75 49.05 49.40 
2016/11/03 49.10 49.70 49.10 49.30 
2016/11/04 49.15 49.50 49.15 49.50 
2016/11/07 49.40 49.75 49.40 49.60 
2016/11/08 49.80 49.80 49.10 49.25 
2016/11/09 49.40 49.50 48.05 48.30 
2016/11/10 48.90 49.05 48.65 48.80 
2016/11/11 48.80 49.15 48.25 48.45 
2016/11/14 48.30 48.35 47.70 47.95 
2016/11/15 47.70 47.85 47.35 47.75 
2016/11/16 47.70 47.85 47.45 47.55 
2016/11/17 47.70 47.75 47.60 47.60 
2016/11/18 47.70 48.45 47.60 48.25 
2016/11/21 48.30 48.85 48.30 48.85 
2016/11/22 48.85 48.95 48.65 48.75 
2016/11/23 48.90 49.00 48.55 48.80 
2016/11/24 49.00 49.05 48.55 48.70 
2016/11/25 48.70 49.00 48.15 48.70 
2016/11/28 48.70 48.90 48.60 48.75 
2016/11/29 48.75 49.00 48.60 48.75 
2016/11/30 49.10 49.10 48.20 48.20 
2016/12/01 48.75 48.80 48.25 48.35 
2016/12/02 48.20 48.25 48.00 48.10 
2016/12/05 48.50 48.55 48.10 48.35 
2016/12/06 48.35 48.60 48.25 48.45 
2016/12/07 48.55 48.70 48.40 48.65 
2016/12/08 48.90 48.90 48.60 48.60 
2016/12/09 49.10 49.20 48.65 49.15 
2016/12/12 49.40 49.80 49.00 49.70 
2016/12/13 49.90 50.50 49.70 50.30 
2016/12/14 50.70 50.70 49.90 49.90 
2016/12/15 49.90 49.90 49.40 49.55 
2016/12/16 49.45 49.90 49.40 49.90 
2016/12/19 49.45 49.85 49.40 49.40 
2016/12/20 49.40 49.50 49.30 49.50 
2016/12/21 49.30 49.50 49.05 49.10 
2016/12/22 49.10 49.20 48.80 48.80 
2016/12/23 48.90 49.00 48.80 49.00 
2016/12/26 49.40 49.50 49.00 49.00 
2016/12/27 49.00 49.10 49.00 49.00 
2016/12/28 49.00 49.10 48.90 48.90 
2016/12/29 49.00 49.00 48.60 48.60 
2016/12/30 48.65 49.45 48.65 49.45 
2017/01/03 49.50 49.80 49.45 49.70 
2017/01/04 49.70 49.70 49.35 49.50 
2017/01/05 49.75 49.80 49.55 49.75 
2017/01/06 49.85 50.30 49.85 49.95 
2017/01/09 49.95 50.20 49.80 49.90 
2017/01/10 50.10 50.10 49.55 49.55 
2017/01/11 49.95 50.40 49.65 50.40 
2017/01/12 50.50 50.50 49.95 49.95 
2017/01/13 49.70 50.00 49.70 49.90 
2017/01/16 49.80 49.80 49.20 49.45 
2017/01/17 49.60 49.70 49.50 49.70 
2017/01/18 49.65 49.65 49.40 49.60 
2017/01/19 49.60 49.80 49.50 49.55 
2017/01/20 49.55 49.80 49.40 49.45 
2017/01/23 49.40 49.80 49.40 49.70 
2017/01/24 49.70 49.90 49.60 49.90 
2017/02/02 50.00 50.80 50.00 50.80 
2017/02/03 50.80 50.80 50.30 50.30 
2017/02/06 50.50 51.40 50.50 50.80 
2017/02/07 50.90 51.50 50.80 51.50 
2017/02/08 51.90 52.40 51.70 52.30 
