2016/07/01 21.85 21.85 21.55 21.70 
2016/07/04 21.70 21.70 21.40 21.55 
2016/07/05 21.80 21.80 21.35 21.35 
2016/07/06 21.35 21.70 21.30 21.40 
2016/07/07 21.40 21.40 21.40 21.40 
2016/07/11 21.20 21.35 21.00 21.25 
2016/07/12 21.00 21.20 21.00 21.20 
2016/07/13 21.20 21.35 21.20 21.35 
2016/07/14 21.30 21.40 21.30 21.40 
2016/07/18 21.40 21.60 21.20 21.60 
2016/07/19 21.50 21.65 21.40 21.65 
2016/07/20 21.55 21.55 21.35 21.35 
2016/07/21 21.35 21.40 21.30 21.40 
2016/07/22 21.45 21.45 21.30 21.30 
2016/07/25 21.30 21.45 21.15 21.45 
2016/07/26 21.20 21.20 21.00 21.10 
2016/07/27 21.25 21.25 21.05 21.20 
2016/07/28 21.05 21.30 21.00 21.00 
2016/07/29 21.40 21.40 21.40 21.40 
2016/08/01 21.25 21.25 21.20 21.20 
2016/08/02 21.20 21.20 20.70 21.10 
2016/08/03 20.90 21.10 20.90 21.10 
2016/08/04 21.00 21.00 21.00 21.00 
2016/08/05 20.90 20.90 20.40 20.40 
2016/08/08 20.45 20.65 20.45 20.65 
2016/08/09 20.65 20.65 20.65 20.65 
2016/08/10 20.70 20.70 20.70 20.70 
2016/08/11 21.00 21.15 20.95 21.15 
2016/08/12 21.25 21.25 21.15 21.15 
2016/08/15 21.10 21.10 20.55 20.70 
2016/08/16 20.90 21.10 20.70 20.85 
2016/08/17 20.90 21.00 20.70 20.85 
2016/08/18 21.00 21.00 20.80 21.00 
2016/08/19 20.80 20.95 20.70 20.95 
2016/08/22 21.10 21.15 20.70 20.70 
2016/08/23 20.90 20.90 20.65 20.75 
2016/08/24 20.70 20.75 20.65 20.70 
2016/08/25 20.70 20.85 20.65 20.65 
2016/08/26 20.85 20.90 20.60 20.75 
2016/08/29 20.85 20.85 20.85 20.85 
2016/08/30 20.70 20.85 20.60 20.70 
2016/08/31 20.85 20.85 20.65 20.80 
2016/09/01 20.70 20.80 20.65 20.80 
2016/09/02 20.20 20.20 20.00 20.00 
2016/09/05 20.15 20.15 20.15 20.15 
2016/09/06 20.25 20.25 20.00 20.25 
2016/09/07 20.30 20.30 19.90 20.15 
2016/09/08 20.10 20.20 20.10 20.20 
2016/09/09 20.10 20.15 19.95 20.15 
2016/09/10 20.00 20.10 19.85 20.10 
2016/09/12 20.00 20.10 19.60 20.10 
2016/09/13 20.00 20.00 20.00 20.00 
2016/09/14 20.10 20.15 19.85 20.05 
2016/09/19 19.85 20.05 19.85 20.05 
2016/09/20 20.05 20.10 20.05 20.10 
2016/09/21 20.05 20.10 20.05 20.10 
2016/09/22 20.10 20.10 20.10 20.10 
2016/09/23 20.10 20.10 20.10 20.10 
2016/09/26 20.00 20.00 20.00 20.00 
2016/09/29 20.10 20.10 20.10 20.10 
2016/09/30 19.90 20.00 19.80 20.00 
2016/10/03 20.00 20.05 20.00 20.05 
2016/10/04 20.05 20.05 20.05 20.05 
2016/10/05 20.05 20.10 20.05 20.10 
2016/10/06 20.10 20.15 20.10 20.15 
2016/10/07 20.15 20.20 20.15 20.20 
2016/10/11 20.10 20.10 20.00 20.00 
2016/10/12 20.00 20.00 20.00 20.00 
2016/10/13 19.90 20.05 19.90 20.05 
2016/10/14 20.05 20.05 20.05 20.05 
2016/10/17 20.05 20.05 20.05 20.05 
2016/10/18 20.00 20.05 20.00 20.05 
2016/10/19 19.90 20.05 19.85 20.05 
2016/10/20 19.90 19.95 19.90 19.95 
2016/10/21 19.90 20.00 19.85 20.00 
2016/10/24 20.00 20.00 19.85 20.00 
2016/10/25 19.80 20.05 19.80 20.05 
2016/10/26 20.00 20.05 20.00 20.05 
2016/10/27 19.90 20.00 19.85 20.00 
2016/10/28 20.00 20.00 19.85 20.00 
2016/10/31 19.90 20.20 19.90 20.20 
2016/11/01 20.20 20.20 20.20 20.20 
2016/11/02 20.10 20.10 20.10 20.10 
2016/11/03 20.10 20.10 20.10 20.10 
2016/11/04 20.00 20.00 20.00 20.00 
2016/11/07 19.80 19.90 19.75 19.90 
2016/11/08 19.75 19.85 19.70 19.85 
2016/11/09 19.80 19.80 19.75 19.75 
2016/11/10 19.90 19.90 19.90 19.90 
2016/11/11 19.90 20.00 19.90 20.00 
2016/11/14 19.40 19.90 19.40 19.70 
2016/11/15 19.50 19.85 19.50 19.85 
2016/11/16 19.90 20.00 19.90 20.00 
2016/11/17 19.75 20.00 19.50 20.00 
2016/11/18 19.75 19.85 19.45 19.75 
2016/11/21 19.70 19.85 19.70 19.85 
2016/11/22 19.60 19.60 19.55 19.60 
2016/11/23 19.50 19.85 19.50 19.85 
2016/11/24 19.80 19.80 19.80 19.80 
2016/11/25 19.80 19.85 19.80 19.85 
2016/11/28 19.90 19.90 19.90 19.90 
2016/11/29 19.65 19.90 19.65 19.90 
2016/11/30 19.95 19.95 19.95 19.95 
2016/12/01 19.90 19.90 19.90 19.90 
2016/12/02 19.60 19.80 19.50 19.55 
2016/12/05 19.90 19.90 19.90 19.90 
2016/12/06 19.65 19.90 19.60 19.80 
2016/12/07 19.80 19.85 19.80 19.85 
2016/12/08 20.00 20.20 20.00 20.20 
2016/12/09 20.20 20.20 20.20 20.20 
2016/12/12 20.30 20.30 20.30 20.30 
2016/12/13 20.35 20.35 20.35 20.35 
2016/12/14 19.85 20.40 19.85 20.40 
2016/12/15 20.35 20.35 20.30 20.35 
2016/12/16 20.35 20.40 20.35 20.40 
2016/12/19 20.70 20.70 20.70 20.70 
2016/12/20 20.50 20.50 20.50 20.50 
2016/12/21 20.00 20.15 20.00 20.15 
2016/12/22 20.10 20.10 20.10 20.10 
2016/12/23 20.10 20.20 20.00 20.20 
2016/12/26 20.20 20.20 20.00 20.20 
2016/12/27 20.45 20.45 20.45 20.45 
2016/12/28 20.40 20.40 20.40 20.40 
2016/12/29 20.30 20.30 20.30 20.30 
2016/12/30 20.25 20.25 20.00 20.20 
2017/01/03 20.20 20.35 20.20 20.35 
2017/01/04 20.45 20.45 19.85 19.95 
2017/01/05 19.95 20.10 19.95 20.10 
2017/01/06 20.20 20.20 19.85 20.15 
2017/01/09 20.10 20.10 20.10 20.10 
2017/01/10 20.10 20.10 20.10 20.10 
2017/01/11 19.80 20.20 19.80 20.00 
2017/01/12 19.90 20.00 19.90 20.00 
2017/01/13 19.85 20.00 19.85 20.00 
2017/01/16 20.00 20.00 19.75 19.75 
2017/01/17 19.95 20.00 19.80 20.00 
2017/01/18 19.95 19.95 19.85 19.85 
2017/01/19 19.90 20.00 19.85 20.00 
2017/01/20 19.95 19.95 19.85 19.95 
2017/01/23 20.00 20.00 19.80 19.85 
2017/01/24 20.00 20.00 20.00 20.00 
2017/02/02 19.90 20.15 19.80 20.15 
2017/02/03 20.05 20.10 20.00 20.10 
2017/02/06 20.05 20.10 20.05 20.10 
2017/02/07 20.10 20.75 20.10 20.65 
2017/02/08 20.70 20.70 20.30 20.65 
