2016/07/01 27.60 27.60 27.10 27.40 
2016/07/04 27.40 27.50 27.20 27.25 
2016/07/05 27.40 28.00 27.25 27.90 
2016/07/06 28.00 28.00 27.05 27.15 
2016/07/07 27.30 27.65 27.15 27.20 
2016/07/11 25.00 25.00 24.80 24.80 
2016/07/12 25.00 25.40 25.00 25.10 
2016/07/13 25.20 25.45 25.15 25.20 
2016/07/14 25.70 26.55 25.60 25.65 
2016/07/15 26.80 27.00 25.85 25.95 
2016/07/18 26.00 26.40 25.80 25.90 
2016/07/19 25.90 27.05 25.90 26.95 
2016/07/20 26.95 27.20 26.50 27.00 
2016/07/21 27.10 27.60 27.10 27.55 
2016/07/22 27.60 27.60 27.20 27.50 
2016/07/25 27.65 27.65 26.75 27.15 
2016/07/26 27.00 27.55 26.70 27.05 
2016/07/27 27.10 27.30 26.85 27.05 
2016/07/28 27.20 27.20 26.60 27.05 
2016/07/29 27.00 27.35 27.00 27.35 
2016/08/01 27.50 27.55 27.05 27.40 
2016/08/02 27.40 27.45 27.15 27.25 
2016/08/03 27.30 27.30 27.10 27.25 
2016/08/04 27.20 27.25 27.10 27.25 
2016/08/05 27.30 27.30 26.80 27.05 
2016/08/08 27.40 27.60 27.20 27.45 
2016/08/09 27.50 27.60 27.10 27.20 
2016/08/10 27.00 27.00 26.65 26.90 
2016/08/11 26.90 27.10 26.65 27.05 
2016/08/12 27.10 27.10 26.75 26.90 
2016/08/15 27.10 27.10 26.90 26.90 
2016/08/16 27.10 27.25 26.85 26.95 
2016/08/17 26.85 27.10 26.85 27.05 
2016/08/18 27.05 29.40 26.95 28.00 
2016/08/19 28.45 28.45 27.30 27.40 
2016/08/22 27.60 28.70 27.60 28.00 
2016/08/23 28.30 29.25 28.20 28.75 
2016/08/24 28.85 29.95 28.85 29.80 
2016/08/25 30.00 30.30 29.10 29.80 
2016/08/26 29.80 30.20 29.55 30.20 
2016/08/29 30.20 31.25 30.10 31.15 
2016/08/30 31.15 31.25 30.50 31.15 
2016/08/31 31.15 31.20 30.50 30.70 
2016/09/01 30.70 30.70 29.70 30.45 
2016/09/02 30.60 30.60 29.65 29.80 
2016/09/05 29.80 30.10 29.50 29.80 
2016/09/06 29.50 30.80 29.30 30.70 
2016/09/07 31.25 31.25 30.40 30.70 
2016/09/08 30.40 30.40 30.00 30.05 
2016/09/09 30.10 30.70 30.00 30.70 
2016/09/10 30.00 31.00 30.00 31.00 
2016/09/12 30.90 30.90 30.40 30.50 
2016/09/13 30.50 30.85 30.20 30.60 
2016/09/14 30.60 30.95 30.00 30.95 
2016/09/19 30.95 32.30 30.75 32.30 
2016/09/20 33.60 33.60 29.20 30.95 
2016/09/21 30.90 31.00 30.25 31.00 
2016/09/22 30.90 30.90 30.00 30.00 
2016/09/23 30.30 30.70 30.10 30.70 
2016/09/26 30.75 30.75 30.35 30.50 
2016/09/29 30.75 30.85 30.15 30.85 
2016/09/30 30.80 30.90 30.40 30.90 
2016/10/03 30.90 30.90 30.50 30.70 
2016/10/04 30.80 31.30 30.80 31.10 
2016/10/05 31.10 32.00 31.10 31.25 
2016/10/06 31.70 31.70 31.05 31.45 
2016/10/07 31.45 31.45 30.70 30.95 
2016/10/11 30.95 30.95 29.75 30.35 
2016/10/12 30.35 30.75 30.20 30.65 
2016/10/13 30.65 30.75 30.40 30.75 
2016/10/14 30.75 30.75 30.15 30.15 
2016/10/17 30.15 30.80 30.00 30.80 
2016/10/18 30.60 30.75 30.50 30.65 
2016/10/19 30.45 30.65 30.10 30.50 
2016/10/20 30.50 30.60 30.20 30.20 
2016/10/21 30.45 30.45 30.05 30.05 
2016/10/24 30.50 30.50 30.05 30.15 
2016/10/25 30.65 30.65 30.10 30.40 
2016/10/26 30.60 30.60 30.40 30.40 
2016/10/27 30.40 30.50 30.10 30.40 
2016/10/28 30.45 30.70 30.30 30.40 
2016/10/31 30.30 30.40 30.10 30.40 
2016/11/01 30.60 30.60 30.25 30.45 
2016/11/02 30.45 30.45 30.00 30.10 
2016/11/03 30.30 30.30 29.35 29.90 
2016/11/04 29.75 29.75 29.20 29.65 
2016/11/07 29.65 30.20 29.65 29.90 
2016/11/08 30.10 30.10 29.85 30.00 
2016/11/09 30.05 30.20 27.75 28.80 
2016/11/10 29.50 30.65 29.00 30.60 
2016/11/11 30.90 30.90 29.40 29.65 
2016/11/14 30.10 30.10 29.35 29.40 
2016/11/15 29.85 29.90 29.40 29.80 
2016/11/16 30.00 30.20 29.85 29.90 
2016/11/17 30.35 30.35 29.95 29.95 
2016/11/18 29.95 30.05 29.95 29.95 
2016/11/21 30.15 30.25 30.00 30.00 
2016/11/22 29.40 30.10 29.40 30.05 
2016/11/23 30.20 30.20 29.60 29.65 
2016/11/24 29.85 29.85 29.60 29.60 
2016/11/25 29.60 29.75 29.55 29.70 
2016/11/28 29.60 29.95 29.50 29.55 
2016/11/29 29.60 29.75 29.50 29.50 
2016/11/30 29.60 29.95 29.55 29.60 
2016/12/01 29.80 29.80 29.65 29.70 
2016/12/02 29.65 29.80 29.50 29.60 
2016/12/05 29.50 29.60 29.30 29.35 
2016/12/06 29.40 29.60 29.40 29.55 
2016/12/07 29.55 29.65 29.50 29.60 
2016/12/08 29.80 29.80 29.50 29.50 
2016/12/09 30.10 30.40 29.80 30.20 
2016/12/12 30.50 30.60 30.10 30.10 
2016/12/13 29.80 30.00 29.75 29.80 
2016/12/14 29.85 30.00 29.55 29.55 
2016/12/15 29.50 29.90 29.45 29.70 
2016/12/16 29.60 29.90 29.60 29.80 
2016/12/19 29.95 30.35 29.80 29.80 
2016/12/20 30.10 30.10 29.60 30.00 
2016/12/21 29.80 30.05 29.65 29.75 
2016/12/22 29.95 29.95 29.50 29.50 
2016/12/23 29.50 29.70 29.40 29.40 
2016/12/26 29.50 29.50 29.40 29.45 
2016/12/27 29.45 29.45 29.35 29.35 
2016/12/28 29.50 29.50 29.25 29.35 
2016/12/29 29.25 29.50 29.20 29.30 
2016/12/30 29.35 29.40 29.30 29.30 
2017/01/03 29.60 29.60 29.25 29.35 
2017/01/04 29.40 30.10 29.30 29.80 
2017/01/05 29.95 30.15 29.90 30.05 
2017/01/06 30.05 30.45 29.90 30.35 
2017/01/09 30.20 30.45 30.05 30.05 
2017/01/10 29.80 30.10 29.80 30.00 
2017/01/11 29.75 29.75 29.50 29.60 
2017/01/12 29.40 29.75 29.40 29.70 
2017/01/13 29.55 29.70 29.50 29.60 
2017/01/16 29.50 29.50 29.40 29.40 
2017/01/17 29.25 29.55 29.25 29.40 
2017/01/18 29.35 29.55 29.25 29.55 
2017/01/19 29.50 29.55 29.30 29.55 
2017/01/20 29.35 29.50 29.35 29.45 
2017/01/23 29.35 29.50 29.35 29.45 
2017/01/24 29.45 29.80 29.45 29.80 
2017/02/02 29.85 29.85 29.40 29.60 
2017/02/03 29.70 29.80 29.50 29.70 
2017/02/06 29.70 30.00 29.65 30.00 
2017/02/07 30.00 30.20 29.90 30.20 
2017/02/08 30.20 30.20 30.00 30.00 
