2016/07/01 102.50 103.00 101.50 102.50 
2016/07/04 102.50 103.00 101.00 102.00 
2016/07/05 102.00 102.50 100.00 101.50 
2016/07/06 100.00 100.00 99.50 99.80 
2016/07/07 99.90 100.50 99.80 100.00 
2016/07/11 101.00 101.00 99.60 100.00 
2016/07/12 100.00 101.00 99.90 101.00 
2016/07/13 101.50 104.00 101.00 103.00 
2016/07/14 103.00 104.50 101.50 104.00 
2016/07/15 104.00 105.50 104.00 105.50 
2016/07/18 105.50 106.00 104.50 105.50 
2016/07/19 106.00 106.50 105.50 106.50 
2016/07/20 106.50 107.00 105.00 106.00 
2016/07/21 106.00 107.50 106.00 107.00 
2016/07/22 107.00 108.00 107.00 107.50 
2016/07/25 107.00 108.00 105.50 106.50 
2016/07/26 107.50 107.50 106.00 106.00 
2016/07/27 106.00 107.50 106.00 107.00 
2016/07/28 107.00 108.00 107.00 107.50 
2016/07/29 108.00 108.00 107.00 107.50 
2016/08/01 107.50 109.00 107.50 109.00 
2016/08/02 109.50 109.50 108.50 109.00 
2016/08/03 109.00 110.00 108.50 109.50 
2016/08/04 110.00 112.00 109.50 111.50 
2016/08/05 112.00 112.00 111.00 111.50 
2016/08/08 112.00 112.00 110.00 111.00 
2016/08/09 110.00 112.00 110.00 110.50 
2016/08/10 110.00 110.50 109.00 110.00 
2016/08/11 110.00 111.50 109.00 110.00 
2016/08/12 110.00 111.50 109.50 111.00 
2016/08/15 111.00 114.00 110.50 112.00 
2016/08/16 112.00 113.00 111.50 112.00 
2016/08/17 112.50 112.50 111.50 112.00 
2016/08/18 107.00 108.00 106.50 107.50 
2016/08/19 108.00 108.00 107.00 107.50 
2016/08/22 107.50 108.00 106.00 107.00 
2016/08/23 107.00 108.00 107.00 107.50 
2016/08/24 107.50 109.00 107.50 108.50 
2016/08/25 108.50 109.00 108.00 108.50 
2016/08/26 108.50 110.00 108.00 108.50 
2016/08/29 109.00 109.00 107.50 108.00 
2016/08/30 108.00 110.50 108.00 109.50 
2016/08/31 110.00 110.00 108.50 109.50 
2016/09/01 110.00 110.00 109.00 109.00 
2016/09/02 109.00 109.00 107.50 108.00 
2016/09/05 108.50 109.50 108.00 108.50 
2016/09/06 108.50 109.50 108.50 109.50 
2016/09/07 109.00 109.50 108.50 109.50 
2016/09/08 110.00 110.00 109.00 110.00 
2016/09/09 110.00 110.00 109.00 109.50 
2016/09/10 108.50 108.50 106.50 107.00 
2016/09/12 108.00 108.50 107.50 108.00 
2016/09/13 109.50 109.50 108.00 109.00 
2016/09/14 109.00 110.00 108.50 110.00 
2016/09/19 111.00 111.50 109.50 110.00 
2016/09/20 111.00 113.00 110.50 112.50 
2016/09/21 112.50 113.00 111.50 112.50 
2016/09/22 113.00 113.00 111.00 112.00 
2016/09/23 112.00 112.00 111.00 111.50 
2016/09/26 111.50 111.50 110.00 111.00 
2016/09/29 111.00 111.00 110.00 110.00 
2016/09/30 109.50 110.00 108.00 108.50 
2016/10/03 108.00 109.00 108.00 108.50 
2016/10/04 108.00 109.00 107.50 108.50 
2016/10/05 108.00 109.00 107.00 109.00 
2016/10/06 109.00 109.00 108.00 108.50 
2016/10/07 108.50 109.00 108.00 108.50 
2016/10/11 106.50 108.00 106.00 107.00 
2016/10/12 106.50 108.00 106.50 107.00 
2016/10/13 107.00 107.50 105.50 107.00 
2016/10/14 106.50 107.00 105.50 106.00 
2016/10/17 106.00 106.50 104.50 104.50 
2016/10/18 103.50 104.50 103.50 103.50 
2016/10/19 103.50 104.50 103.50 103.50 
2016/10/20 103.50 105.00 103.00 104.50 
2016/10/21 104.50 108.00 103.50 108.00 
2016/10/24 107.50 107.50 105.00 105.00 
2016/10/25 107.00 107.00 105.00 105.50 
2016/10/26 105.50 105.50 104.50 104.50 
2016/10/27 104.50 104.50 104.00 104.50 
2016/10/28 104.00 104.00 102.50 103.00 
2016/10/31 104.50 105.00 103.50 104.00 
2016/11/01 103.50 104.00 103.00 104.00 
2016/11/02 104.00 104.00 98.40 98.50 
2016/11/03 98.80 99.40 96.00 96.70 
2016/11/04 96.70 99.50 96.70 99.50 
2016/11/07 100.50 101.00 99.00 99.30 
2016/11/08 100.00 100.50 98.60 99.00 
2016/11/09 99.00 99.10 96.50 97.40 
2016/11/10 99.50 99.50 98.50 99.00 
2016/11/11 96.90 96.90 95.00 95.50 
2016/11/14 93.30 94.00 90.00 92.40 
2016/11/15 91.60 92.40 91.00 92.30 
2016/11/16 92.00 92.00 91.00 91.80 
2016/11/17 91.80 91.80 91.00 91.50 
2016/11/18 91.00 91.70 90.90 91.70 
2016/11/21 91.60 93.30 91.10 93.10 
2016/11/22 94.50 94.50 92.90 94.00 
2016/11/23 94.50 94.50 92.40 93.30 
2016/11/24 93.30 93.30 92.60 93.00 
2016/11/25 93.10 93.10 92.20 92.50 
2016/11/28 92.40 93.50 92.40 93.30 
2016/11/29 93.40 93.50 93.20 93.50 
2016/11/30 93.50 95.10 93.50 94.50 
2016/12/01 94.70 95.60 94.70 95.30 
2016/12/02 95.90 97.70 95.20 97.40 
2016/12/05 97.40 98.10 95.40 96.00 
2016/12/06 96.40 96.90 96.10 96.50 
2016/12/07 96.70 97.00 96.30 96.40 
2016/12/08 96.10 98.50 96.10 98.10 
2016/12/09 98.90 98.90 97.80 98.30 
2016/12/12 97.80 97.80 97.00 97.20 
2016/12/13 96.90 98.40 96.70 98.10 
2016/12/14 98.10 98.70 97.70 98.20 
2016/12/15 98.20 98.20 97.90 97.90 
2016/12/16 98.80 98.80 95.80 98.20 
2016/12/19 96.80 98.20 96.80 97.20 
2016/12/20 96.80 97.50 96.80 97.10 
2016/12/21 97.50 98.20 96.90 97.60 
2016/12/22 97.10 97.20 96.00 96.20 
2016/12/23 96.20 96.20 94.80 94.90 
2016/12/26 94.90 95.30 94.10 94.20 
2016/12/27 94.00 94.00 93.00 93.80 
2016/12/28 93.80 94.80 93.80 94.00 
2016/12/29 94.00 94.50 93.50 93.60 
2016/12/30 93.60 95.10 93.60 94.10 
2017/01/03 94.10 95.80 94.10 95.60 
2017/01/04 97.00 97.50 96.40 96.40 
2017/01/05 96.40 96.80 95.30 95.70 
2017/01/06 96.00 96.20 95.90 96.00 
2017/01/09 96.10 97.30 96.00 96.50 
2017/01/10 96.50 96.90 96.40 96.60 
2017/01/11 96.90 97.00 96.60 96.60 
2017/01/12 96.80 97.30 96.70 97.30 
2017/01/13 97.00 97.60 96.90 97.60 
2017/01/16 97.70 97.80 97.50 97.60 
2017/01/17 97.60 98.60 97.60 98.10 
2017/01/18 98.30 99.50 98.20 98.60 
2017/01/19 98.80 99.70 98.60 99.00 
2017/01/20 99.00 99.80 99.00 99.10 
2017/01/23 99.10 99.10 97.60 98.00 
2017/01/24 98.00 98.50 97.60 97.70 
2017/02/02 97.70 97.70 96.80 96.90 
2017/02/03 97.20 98.00 97.10 97.30 
2017/02/06 97.30 98.70 97.30 98.10 
2017/02/07 98.10 99.50 98.10 99.40 
2017/02/08 99.50 102.00 99.50 102.00 
