2016/07/01 29.40 29.75 29.35 29.35 
2016/07/04 31.80 31.80 31.80 31.80 
2016/07/06 31.10 31.10 31.10 31.10 
2016/07/07 29.05 29.75 29.00 29.75 
2016/07/12 30.70 30.70 30.70 30.70 
2016/07/15 30.00 30.30 29.05 30.20 
2016/07/18 31.70 31.70 30.00 30.35 
2016/07/19 31.40 31.40 31.40 31.40 
2016/07/20 31.40 31.40 30.15 30.15 
2016/07/21 31.20 31.20 30.05 30.05 
2016/07/22 30.80 30.80 30.00 30.00 
2016/07/25 30.00 30.00 30.00 30.00 
2016/07/26 30.00 30.00 30.00 30.00 
2016/07/27 30.00 30.00 30.00 30.00 
2016/07/28 30.90 30.90 30.90 30.90 
2016/07/29 31.85 31.85 31.85 31.85 
2016/08/01 30.95 30.95 30.00 30.00 
2016/08/02 31.25 31.25 30.00 30.85 
2016/08/03 29.35 30.65 29.35 29.75 
2016/08/04 29.75 30.20 29.75 30.20 
2016/08/05 30.75 30.75 29.50 29.50 
2016/08/08 30.55 30.55 29.50 29.90 
2016/08/09 29.85 29.85 29.85 29.85 
2016/08/10 29.90 29.90 29.90 29.90 
2016/08/12 29.55 29.90 29.55 29.90 
2016/08/15 30.70 30.70 30.70 30.70 
2016/08/16 30.55 30.55 29.20 29.85 
2016/08/17 30.55 30.55 30.55 30.55 
2016/08/18 29.50 29.95 29.50 29.95 
2016/08/19 29.50 29.50 29.50 29.50 
2016/08/22 29.40 29.85 29.40 29.50 
2016/08/23 30.75 30.75 30.75 30.75 
2016/08/25 29.80 29.80 29.80 29.80 
2016/08/26 30.60 30.60 30.00 30.00 
2016/08/29 30.00 30.00 30.00 30.00 
2016/08/30 30.45 30.45 30.00 30.00 
2016/08/31 30.00 30.00 30.00 30.00 
2016/09/01 33.00 33.00 30.20 32.15 
2016/09/05 30.65 31.45 30.60 31.45 
2016/09/06 31.15 31.15 31.15 31.15 
2016/09/07 30.90 30.90 30.80 30.80 
2016/09/08 30.90 30.90 30.90 30.90 
2016/09/09 30.50 30.85 30.50 30.85 
2016/09/10 30.85 30.85 30.85 30.85 
2016/09/12 32.70 32.70 30.50 30.95 
2016/09/13 30.90 30.90 30.90 30.90 
2016/09/14 30.90 31.00 30.50 31.00 
2016/09/20 28.95 30.50 28.65 28.65 
2016/09/21 29.20 30.85 29.20 30.20 
2016/09/22 32.80 33.20 30.00 30.25 
2016/09/23 30.05 30.75 30.05 30.75 
2016/09/29 30.50 30.50 30.00 30.25 
2016/09/30 30.25 30.25 30.25 30.25 
2016/10/03 30.20 30.90 30.20 30.90 
2016/10/05 30.50 30.50 30.50 30.50 
2016/10/06 30.50 30.50 30.50 30.50 
2016/10/07 30.50 30.50 30.50 30.50 
2016/10/12 33.00 33.00 32.00 32.00 
2016/10/14 30.25 30.25 30.25 30.25 
2016/10/17 29.70 30.05 29.70 30.05 
2016/10/18 30.10 30.50 30.10 30.50 
2016/10/19 30.50 30.90 30.50 30.50 
2016/10/20 30.25 30.60 30.25 30.60 
2016/10/21 30.50 30.50 30.50 30.50 
2016/10/25 30.50 30.50 30.50 30.50 
2016/10/26 30.50 30.50 30.50 30.50 
2016/10/27 30.50 31.00 30.00 31.00 
2016/10/31 30.05 30.05 30.00 30.00 
2016/11/01 30.55 30.55 30.55 30.55 
2016/11/02 30.05 30.25 30.05 30.25 
2016/11/03 30.95 30.95 30.95 30.95 
2016/11/04 32.80 32.80 31.30 32.20 
2016/11/07 30.00 30.45 30.00 30.45 
2016/11/08 30.00 30.45 30.00 30.45 
2016/11/09 30.00 30.50 30.00 30.00 
2016/11/16 30.00 30.95 30.00 30.95 
2016/11/17 30.00 30.50 30.00 30.20 
2016/11/18 30.00 30.50 30.00 30.50 
2016/11/22 32.55 32.55 30.05 30.50 
2016/11/23 30.00 30.05 30.00 30.05 
2016/11/24 30.05 30.05 30.05 30.05 
2016/11/29 29.60 30.50 29.60 30.50 
2016/11/30 31.45 31.45 31.45 31.45 
2016/12/09 29.65 30.50 29.65 30.50 
2016/12/12 32.45 32.45 30.10 30.70 
2016/12/13 30.55 31.40 30.55 31.40 
2016/12/14 30.05 30.10 30.05 30.10 
2016/12/15 30.10 30.10 30.10 30.10 
2016/12/16 30.10 30.10 30.10 30.10 
2016/12/19 29.50 30.00 29.50 30.00 
2016/12/22 31.25 31.25 31.25 31.25 
2016/12/27 31.20 31.20 30.05 30.90 
2017/01/05 30.15 30.15 30.05 30.05 
2017/01/06 30.10 30.10 30.05 30.10 
2017/01/09 30.00 30.00 30.00 30.00 
2017/01/10 31.40 31.40 31.40 31.40 
2017/01/11 30.05 30.05 30.00 30.00 
2017/01/12 30.00 30.50 30.00 30.50 
2017/01/16 30.05 30.50 30.00 30.50 
2017/01/17 30.00 30.80 30.00 30.80 
2017/01/19 30.45 30.45 30.45 30.45 
2017/01/20 30.00 30.00 30.00 30.00 
2017/01/23 30.00 30.00 30.00 30.00 
2017/01/24 30.00 30.25 30.00 30.25 
2017/02/03 30.05 30.05 30.05 30.05 
2017/02/06 30.00 30.00 30.00 30.00 
2017/02/08 29.55 29.95 29.50 29.50 
