2016/07/01 56.30 57.20 56.30 56.80 
2016/07/04 57.20 58.30 56.80 58.00 
2016/07/05 58.00 58.60 57.90 58.20 
2016/07/06 58.00 58.10 57.20 57.40 
2016/07/07 57.40 58.20 57.40 57.70 
2016/07/11 58.50 58.70 58.00 58.20 
2016/07/12 58.30 58.60 57.70 57.90 
2016/07/13 58.00 58.90 58.00 58.80 
2016/07/14 54.00 54.30 53.40 53.40 
2016/07/15 53.60 53.60 52.60 52.60 
2016/07/18 52.90 53.00 52.00 52.30 
2016/07/19 52.30 53.30 52.30 53.20 
2016/07/20 53.20 53.40 52.80 52.80 
2016/07/21 53.10 53.40 52.80 52.90 
2016/07/22 52.90 53.50 52.80 53.30 
2016/07/25 53.30 53.80 52.90 53.00 
2016/07/26 53.00 53.30 52.80 52.90 
2016/07/27 53.10 53.60 53.00 53.10 
2016/07/28 53.10 53.10 52.70 52.80 
2016/07/29 52.80 53.00 52.40 52.40 
2016/08/01 52.60 53.10 52.30 52.40 
2016/08/02 52.50 52.60 52.00 52.20 
2016/08/03 52.00 52.00 51.60 51.80 
2016/08/04 52.00 52.20 51.80 51.80 
2016/08/05 52.10 52.30 51.80 52.00 
2016/08/08 52.50 52.70 52.00 52.10 
2016/08/09 52.40 52.40 51.80 51.90 
2016/08/10 52.00 52.30 51.80 51.80 
2016/08/11 51.80 52.20 51.60 52.20 
2016/08/12 52.00 52.20 51.80 51.90 
2016/08/15 53.00 53.50 52.30 53.30 
2016/08/16 53.50 53.60 52.70 53.30 
2016/08/17 53.20 53.30 52.60 52.60 
2016/08/18 53.00 53.10 52.60 52.60 
2016/08/19 52.60 52.90 52.20 52.20 
2016/08/22 52.10 52.70 51.50 51.70 
2016/08/23 51.60 52.00 51.60 51.70 
2016/08/24 51.70 52.00 50.70 51.20 
2016/08/25 51.00 51.50 50.90 51.20 
2016/08/26 51.20 51.20 50.90 50.90 
2016/08/29 51.00 51.10 50.80 50.90 
2016/08/30 50.90 51.40 50.90 51.30 
2016/08/31 52.20 52.40 51.90 52.10 
2016/09/01 51.80 52.00 51.40 51.40 
2016/09/02 51.40 51.50 50.50 50.80 
2016/09/05 50.80 51.20 50.50 50.70 
2016/09/06 50.70 51.10 50.20 50.30 
2016/09/07 50.90 52.60 50.60 52.10 
2016/09/08 52.40 52.40 51.60 52.20 
2016/09/09 52.20 52.20 51.80 52.00 
2016/09/10 51.80 51.80 51.40 51.60 
2016/09/12 51.60 52.00 50.70 50.90 
2016/09/13 51.20 51.30 50.80 50.90 
2016/09/14 50.60 50.80 50.40 50.70 
2016/09/19 51.10 51.50 51.10 51.40 
2016/09/20 51.60 51.80 51.10 51.20 
2016/09/21 51.30 51.90 50.90 51.90 
2016/09/22 52.00 52.20 51.40 51.40 
2016/09/23 51.90 52.70 51.90 52.40 
2016/09/26 52.80 53.50 52.60 52.70 
2016/09/29 52.80 52.80 52.20 52.30 
2016/09/30 52.00 53.00 52.00 52.80 
2016/10/03 53.80 54.50 53.70 54.20 
2016/10/04 54.30 54.40 53.90 54.20 
2016/10/05 54.20 54.30 53.60 53.60 
2016/10/06 53.80 54.00 53.50 53.70 
2016/10/07 53.70 53.80 53.30 53.40 
2016/10/11 53.80 53.80 51.70 51.90 
2016/10/12 52.00 52.50 51.80 52.10 
2016/10/13 52.50 52.60 51.60 52.00 
2016/10/14 51.70 54.00 51.70 53.20 
2016/10/17 53.70 54.10 53.20 53.20 
2016/10/18 53.20 53.70 52.40 52.70 
2016/10/19 52.90 53.10 52.70 52.90 
2016/10/20 53.00 53.30 52.10 52.50 
2016/10/21 52.50 53.40 52.30 53.40 
2016/10/24 53.20 53.80 52.80 53.00 
2016/10/25 53.30 53.70 53.00 53.20 
2016/10/26 53.20 53.60 53.10 53.10 
2016/10/27 53.10 53.20 52.60 52.90 
2016/10/28 52.90 53.00 52.60 52.70 
2016/10/31 52.70 53.60 52.50 53.20 
2016/11/01 53.00 53.00 52.70 53.00 
2016/11/02 52.70 52.90 52.50 52.50 
2016/11/03 52.40 52.60 52.10 52.30 
2016/11/04 52.20 52.20 51.70 51.80 
2016/11/07 52.10 52.40 51.90 52.00 
2016/11/08 52.20 52.50 52.00 52.20 
2016/11/09 52.20 52.30 50.60 51.00 
2016/11/10 51.40 52.70 51.30 52.70 
2016/11/11 51.40 51.90 51.20 51.50 
2016/11/14 51.90 51.90 51.20 51.30 
2016/11/15 51.30 52.70 51.30 52.60 
2016/11/16 52.20 52.80 52.00 52.20 
2016/11/17 52.20 52.50 51.70 52.10 
2016/11/18 52.30 52.70 52.00 52.50 
2016/11/21 53.90 57.00 53.90 55.80 
2016/11/22 56.80 56.90 55.50 55.80 
2016/11/23 56.10 56.50 54.60 54.90 
2016/11/24 55.30 55.90 54.50 55.80 
2016/11/25 55.80 56.30 55.10 55.10 
2016/11/28 55.90 56.10 55.30 55.70 
2016/11/29 55.70 56.30 55.70 55.80 
2016/11/30 56.30 56.40 55.40 55.60 
2016/12/01 56.10 57.70 55.80 56.90 
2016/12/02 56.60 57.30 56.50 56.50 
2016/12/05 57.20 57.40 56.50 57.20 
2016/12/06 57.50 57.70 56.60 57.10 
2016/12/07 57.30 57.40 56.80 57.20 
2016/12/08 57.40 58.40 57.40 57.80 
2016/12/09 58.50 58.70 57.40 57.40 
2016/12/12 57.70 57.70 55.80 55.80 
2016/12/13 56.30 57.10 56.00 56.80 
2016/12/14 57.20 57.30 56.70 56.90 
2016/12/15 56.90 58.00 56.80 57.70 
2016/12/16 58.30 59.00 58.10 58.70 
2016/12/19 59.10 59.50 58.20 58.30 
2016/12/20 59.10 59.50 58.50 58.80 
2016/12/21 59.40 59.40 58.20 58.40 
2016/12/22 58.50 58.60 57.30 57.50 
2016/12/23 57.70 58.00 57.50 57.80 
2016/12/26 57.80 57.80 56.80 57.10 
2016/12/27 57.20 58.00 57.20 57.80 
2016/12/28 58.10 58.10 57.40 57.50 
2016/12/29 57.30 57.70 57.20 57.30 
2016/12/30 57.80 58.20 57.20 58.10 
2017/01/03 58.50 58.60 57.80 58.50 
2017/01/04 58.50 58.80 58.10 58.20 
2017/01/05 58.50 58.70 58.30 58.60 
2017/01/06 58.90 60.00 58.80 60.00 
2017/01/09 60.60 60.80 59.00 59.90 
2017/01/10 60.10 60.10 59.20 59.30 
2017/01/11 59.70 60.30 59.00 60.10 
2017/01/12 60.10 60.20 59.40 59.50 
2017/01/13 59.50 59.60 59.10 59.30 
2017/01/16 59.10 59.20 57.50 57.70 
2017/01/17 57.50 58.00 57.00 58.00 
2017/01/18 57.90 58.70 57.80 58.40 
2017/01/19 58.50 58.80 58.10 58.50 
2017/01/20 58.50 58.80 58.20 58.20 
2017/01/23 58.30 59.10 58.30 58.60 
2017/01/24 62.50 62.60 60.40 60.50 
2017/02/02 61.00 61.50 60.40 60.90 
2017/02/03 61.30 61.80 61.00 61.40 
2017/02/06 61.60 61.80 59.90 60.80 
2017/02/07 60.50 61.10 60.50 61.10 
2017/02/08 61.20 61.70 61.00 61.30 
