2016/07/01 15.70 16.60 15.60 16.40 
2016/07/04 16.60 17.10 16.50 16.80 
2016/07/05 16.70 17.05 16.30 16.60 
2016/07/06 16.80 17.30 16.45 16.65 
2016/07/07 17.00 17.35 16.65 17.15 
2016/07/11 15.80 16.00 15.25 15.25 
2016/07/12 15.30 15.30 14.50 14.55 
2016/07/13 14.80 14.80 14.50 14.60 
2016/07/14 14.80 14.90 14.60 14.60 
2016/07/15 14.65 14.95 14.55 14.55 
2016/07/18 14.55 14.75 14.20 14.20 
2016/07/19 14.20 14.70 13.95 14.60 
2016/07/20 14.35 14.60 14.25 14.25 
2016/07/21 14.45 14.60 14.30 14.55 
2016/07/22 14.55 15.00 14.35 14.70 
2016/07/25 14.95 14.95 14.40 14.45 
2016/07/26 14.45 14.50 14.15 14.30 
2016/07/27 14.35 14.50 14.15 14.15 
2016/07/28 14.25 14.40 14.15 14.30 
2016/07/29 14.35 14.35 14.05 14.15 
2016/08/01 14.15 14.45 14.00 14.25 
2016/08/02 14.25 14.55 14.10 14.40 
2016/08/03 14.35 14.45 14.20 14.40 
2016/08/04 14.50 15.25 14.50 15.15 
2016/08/05 15.10 15.25 14.90 15.00 
2016/08/08 15.00 15.70 14.90 15.55 
2016/08/09 15.50 15.50 14.90 15.10 
2016/08/10 15.10 15.20 14.85 14.85 
2016/08/11 14.20 14.20 13.40 13.70 
2016/08/12 13.70 14.50 13.60 13.75 
2016/08/15 13.75 14.15 13.60 14.10 
2016/08/16 14.10 14.10 13.80 14.00 
2016/08/17 14.00 14.00 13.80 13.85 
2016/08/18 13.90 14.15 13.80 14.05 
2016/08/19 14.15 14.35 14.00 14.05 
2016/08/22 14.00 14.15 13.90 14.10 
2016/08/23 14.00 14.40 13.90 14.40 
2016/08/24 14.40 14.40 14.15 14.15 
2016/08/25 14.20 14.60 14.20 14.45 
2016/08/26 14.45 14.90 14.40 14.65 
2016/08/29 14.75 14.80 14.50 14.70 
2016/08/30 14.65 15.40 14.55 15.30 
2016/08/31 15.40 15.60 15.00 15.05 
2016/09/01 15.05 15.60 15.05 15.35 
2016/09/02 15.30 15.30 14.60 14.60 
2016/09/05 14.60 14.85 14.45 14.60 
2016/09/06 15.00 15.00 14.40 14.65 
2016/09/07 14.65 14.85 14.40 14.85 
2016/09/08 14.80 15.00 14.70 15.00 
2016/09/09 14.90 15.00 14.80 14.95 
2016/09/10 14.45 14.45 13.85 14.05 
2016/09/12 13.95 14.15 13.90 14.10 
2016/09/13 14.10 14.10 13.65 14.00 
2016/09/14 13.90 13.95 13.60 13.95 
2016/09/19 13.90 14.15 13.90 14.00 
2016/09/20 13.75 14.10 13.75 13.80 
2016/09/21 13.75 14.75 13.75 14.50 
2016/09/22 14.60 14.60 14.15 14.50 
2016/09/23 14.70 14.70 14.40 14.60 
2016/09/26 14.40 14.65 14.30 14.65 
2016/09/29 14.45 14.50 14.10 14.25 
2016/09/30 14.25 14.25 14.05 14.25 
2016/10/03 14.25 14.30 13.90 13.90 
2016/10/04 13.95 14.10 13.80 13.90 
2016/10/05 14.00 14.00 13.70 13.90 
2016/10/06 13.95 14.05 13.85 13.95 
2016/10/07 14.00 14.00 13.70 13.85 
2016/10/11 13.70 13.75 12.50 12.50 
2016/10/12 12.40 12.40 12.05 12.15 
2016/10/13 12.20 12.50 12.20 12.40 
2016/10/14 12.25 12.40 12.10 12.15 
2016/10/17 12.05 12.15 11.90 12.15 
2016/10/18 12.15 12.20 12.05 12.15 
2016/10/19 12.25 12.25 12.10 12.15 
2016/10/20 12.15 12.40 12.15 12.40 
2016/10/21 12.30 12.50 12.30 12.35 
2016/10/24 12.40 12.50 12.25 12.30 
2016/10/25 12.30 12.40 12.20 12.30 
2016/10/26 12.35 12.40 12.20 12.20 
2016/10/27 12.25 12.25 12.05 12.10 
2016/10/28 12.15 12.20 12.05 12.05 
2016/10/31 12.05 12.10 11.95 12.05 
2016/11/01 12.00 12.10 11.90 12.10 
2016/11/02 12.00 12.05 11.80 11.80 
2016/11/03 11.80 11.85 11.70 11.85 
2016/11/04 11.80 11.85 11.70 11.80 
2016/11/07 12.00 12.05 11.85 11.85 
2016/11/08 11.90 11.95 11.75 11.90 
2016/11/09 11.90 11.90 11.35 11.40 
2016/11/10 11.50 11.90 11.50 11.85 
2016/11/11 11.70 11.95 11.50 11.95 
2016/11/14 11.50 11.65 11.35 11.55 
2016/11/15 11.45 11.95 11.45 11.80 
2016/11/16 11.80 12.15 11.80 12.15 
2016/11/17 12.20 12.20 11.90 12.15 
2016/11/18 12.20 12.20 12.00 12.05 
2016/11/21 12.00 12.20 11.90 12.15 
2016/11/22 12.10 12.15 12.00 12.00 
2016/11/23 12.00 12.10 11.90 12.00 
2016/11/24 11.90 11.95 11.85 11.95 
2016/11/25 11.85 11.85 11.60 11.75 
2016/11/28 11.75 11.85 11.65 11.85 
2016/11/29 11.70 11.85 11.70 11.85 
2016/11/30 11.75 11.95 11.75 11.90 
2016/12/01 11.90 12.60 11.80 12.40 
2016/12/02 12.20 12.35 12.20 12.35 
2016/12/05 12.20 12.40 12.10 12.35 
2016/12/06 12.35 12.35 12.20 12.30 
2016/12/07 12.30 12.95 12.20 12.70 
2016/12/08 12.70 12.75 12.50 12.50 
2016/12/09 13.10 13.10 12.70 12.80 
2016/12/12 12.85 12.85 12.50 12.80 
2016/12/13 12.75 12.75 12.55 12.55 
2016/12/14 12.60 12.65 12.50 12.65 
2016/12/15 12.60 12.90 12.45 12.90 
2016/12/16 13.00 13.00 12.70 12.80 
2016/12/19 12.75 12.75 12.50 12.50 
2016/12/20 12.55 12.70 12.45 12.60 
2016/12/21 12.70 12.75 12.50 12.70 
2016/12/22 12.70 12.70 12.45 12.60 
2016/12/23 12.60 12.60 12.30 12.55 
2016/12/26 12.55 12.55 12.30 12.55 
2016/12/27 12.35 12.50 12.35 12.50 
2016/12/28 12.50 12.50 12.35 12.50 
2016/12/29 12.45 12.45 12.15 12.15 
2016/12/30 12.20 12.25 12.15 12.25 
2017/01/03 12.30 12.35 12.10 12.25 
2017/01/04 12.25 12.30 12.10 12.25 
2017/01/05 12.25 12.75 12.25 12.75 
2017/01/06 12.90 12.90 12.65 12.80 
2017/01/09 12.80 12.80 12.60 12.75 
2017/01/10 12.75 12.75 12.45 12.55 
2017/01/11 12.45 12.55 12.30 12.55 
2017/01/12 12.40 12.50 12.10 12.10 
2017/01/13 12.05 12.20 12.05 12.15 
2017/01/16 12.20 12.25 12.05 12.25 
2017/01/17 12.25 12.25 12.15 12.15 
2017/01/18 12.15 12.25 12.10 12.10 
2017/01/19 12.15 12.20 12.10 12.15 
2017/01/20 12.20 12.25 12.15 12.20 
2017/01/23 12.30 12.30 12.20 12.25 
2017/01/24 12.30 12.30 12.25 12.30 
2017/02/02 12.40 12.40 12.25 12.30 
2017/02/03 12.40 12.45 12.35 12.40 
2017/02/06 12.45 12.60 12.40 12.50 
2017/02/07 12.55 12.90 12.45 12.85 
2017/02/08 12.95 12.95 12.70 12.70 
