2016/07/01 40.35 40.35 39.05 39.30 
2016/07/04 39.55 39.70 39.05 39.40 
2016/07/05 39.40 40.00 39.20 39.80 
2016/07/06 39.50 39.60 39.00 39.00 
2016/07/07 39.60 39.60 38.60 38.80 
2016/07/11 39.00 39.25 38.30 38.40 
2016/07/12 38.45 38.60 38.05 38.30 
2016/07/13 38.80 38.80 38.10 38.60 
2016/07/14 38.80 39.00 38.45 38.85 
2016/07/15 39.00 39.20 38.85 38.85 
2016/07/18 38.90 40.35 38.60 39.90 
2016/07/19 40.15 40.15 39.70 39.95 
2016/07/20 39.95 40.15 39.50 39.70 
2016/07/21 40.05 40.50 40.00 40.05 
2016/07/22 40.30 40.80 40.30 40.80 
2016/07/25 41.05 41.65 40.75 41.20 
2016/07/26 41.20 41.65 40.70 40.80 
2016/07/27 41.00 41.20 40.80 40.85 
2016/07/28 40.85 41.15 40.80 40.80 
2016/07/29 40.80 40.80 40.30 40.70 
2016/08/01 40.80 41.50 40.70 41.20 
2016/08/02 41.45 42.00 41.30 41.80 
2016/08/03 41.35 41.90 41.35 41.40 
2016/08/04 38.00 38.45 37.95 38.30 
2016/08/05 38.30 38.55 38.00 38.25 
2016/08/08 38.35 38.35 37.85 38.10 
2016/08/09 38.50 38.65 37.85 37.95 
2016/08/10 38.15 38.40 37.95 37.95 
2016/08/11 38.00 38.00 37.25 37.40 
2016/08/12 37.50 37.65 37.40 37.50 
2016/08/15 37.65 37.85 37.50 37.70 
2016/08/16 37.80 37.90 37.55 37.60 
2016/08/17 37.60 37.85 37.45 37.50 
2016/08/18 37.50 37.70 37.50 37.70 
2016/08/19 37.95 38.50 37.50 37.50 
2016/08/22 38.00 38.00 37.20 37.25 
2016/08/23 37.40 37.45 37.00 37.10 
2016/08/24 37.20 37.20 37.00 37.20 
2016/08/25 37.05 37.40 37.00 37.35 
2016/08/26 37.35 37.40 36.95 37.10 
2016/08/29 37.10 37.10 36.65 36.70 
2016/08/30 37.00 37.00 36.80 36.85 
2016/08/31 36.85 37.20 36.85 36.85 
2016/09/01 36.65 36.95 36.65 36.80 
2016/09/02 36.90 37.15 36.80 36.80 
2016/09/05 37.30 37.30 36.80 37.15 
2016/09/06 38.40 40.85 38.10 40.25 
2016/09/07 41.00 42.40 40.30 42.25 
2016/09/08 42.50 42.80 41.10 41.30 
2016/09/09 41.00 41.20 40.65 41.00 
2016/09/10 40.90 41.65 40.80 41.00 
2016/09/12 40.90 41.50 40.25 40.25 
2016/09/13 40.40 40.90 39.40 39.60 
2016/09/14 40.00 40.00 39.05 39.80 
2016/09/19 40.70 40.85 39.95 39.95 
2016/09/20 40.10 40.30 39.60 39.80 
2016/09/21 40.30 40.70 40.00 40.25 
2016/09/22 40.70 40.95 40.10 40.50 
2016/09/23 40.55 40.80 40.20 40.75 
2016/09/26 41.10 41.75 40.75 40.75 
2016/09/29 41.00 41.50 40.50 40.60 
2016/09/30 40.70 41.15 40.50 40.50 
2016/10/03 40.95 41.00 40.35 40.55 
2016/10/04 40.60 41.10 40.40 40.40 
2016/10/05 40.40 40.90 40.35 40.35 
2016/10/06 41.20 41.20 40.35 40.40 
2016/10/07 40.50 40.80 39.70 39.80 
2016/10/11 39.80 40.40 39.00 39.45 
2016/10/12 39.45 39.45 38.80 39.00 
2016/10/13 38.80 39.35 38.50 38.95 
2016/10/14 38.95 39.00 38.30 38.35 
2016/10/17 38.10 38.75 38.00 38.40 
2016/10/18 39.00 39.25 38.40 38.55 
2016/10/19 39.00 39.20 38.40 38.70 
2016/10/20 38.90 39.20 38.50 39.00 
2016/10/21 39.20 39.20 38.60 39.05 
2016/10/24 39.05 40.00 38.50 39.85 
2016/10/25 40.40 40.40 39.85 40.00 
2016/10/26 40.00 40.40 39.50 39.95 
2016/10/27 40.25 41.70 40.00 40.90 
2016/10/28 40.90 41.20 39.60 39.60 
2016/10/31 39.60 39.70 38.80 39.05 
2016/11/01 38.90 39.25 38.80 38.80 
2016/11/02 38.60 39.00 38.20 38.20 
2016/11/03 38.20 38.50 35.50 36.00 
2016/11/04 35.80 36.55 35.80 36.35 
2016/11/07 36.70 37.00 36.00 36.10 
2016/11/08 36.25 36.50 36.00 36.45 
2016/11/09 36.05 36.15 34.05 34.05 
2016/11/10 34.90 35.35 34.90 35.00 
2016/11/11 34.85 34.85 34.40 34.65 
2016/11/14 35.00 35.15 33.70 34.00 
2016/11/15 33.80 34.15 33.70 33.75 
2016/11/16 33.90 34.35 33.70 33.90 
2016/11/17 33.90 34.15 33.45 33.80 
2016/11/18 34.00 34.50 33.65 34.50 
2016/11/21 34.50 35.00 34.50 34.85 
2016/11/22 34.95 35.50 34.80 34.80 
2016/11/23 34.90 35.20 34.70 34.90 
2016/11/24 34.60 34.70 34.50 34.55 
2016/11/25 34.40 35.00 34.40 34.70 
2016/11/28 34.65 35.00 34.00 34.70 
2016/11/29 34.50 34.80 34.50 34.70 
2016/11/30 34.80 34.85 34.65 34.70 
2016/12/01 35.20 35.20 34.80 35.10 
2016/12/02 35.20 35.40 35.00 35.00 
2016/12/05 35.00 35.25 34.90 35.10 
2016/12/06 38.20 38.60 38.00 38.60 
2016/12/07 38.55 39.20 37.85 38.00 
2016/12/08 38.20 38.50 37.30 37.50 
2016/12/09 36.75 37.30 36.70 36.85 
2016/12/12 37.20 37.50 36.70 36.70 
2016/12/13 36.75 37.05 36.50 36.50 
2016/12/14 37.30 37.30 36.70 36.75 
2016/12/15 36.75 36.75 36.20 36.50 
2016/12/16 36.70 37.10 36.60 36.70 
2016/12/19 36.70 36.85 36.30 36.30 
2016/12/20 36.30 36.55 36.05 36.40 
2016/12/21 36.50 36.50 36.30 36.30 
2016/12/22 36.30 36.30 35.80 35.80 
2016/12/23 35.90 36.15 35.75 35.75 
2016/12/26 36.10 36.10 35.75 35.85 
2016/12/27 35.85 36.30 35.80 35.80 
2016/12/28 35.80 36.15 35.80 35.90 
2016/12/29 36.00 36.10 35.90 35.90 
2016/12/30 36.00 36.20 35.90 36.05 
2017/01/03 36.40 36.40 36.00 36.20 
2017/01/04 36.45 37.40 36.20 36.85 
2017/01/05 37.30 37.50 37.00 37.05 
2017/01/06 37.05 37.20 36.50 36.50 
2017/01/09 36.30 36.60 36.10 36.10 
2017/01/10 36.00 36.05 35.85 35.90 
2017/01/11 35.90 35.90 35.50 35.50 
2017/01/12 35.50 36.05 35.50 35.80 
2017/01/13 36.00 36.00 35.45 35.50 
2017/01/16 35.45 35.45 35.20 35.25 
2017/01/17 35.60 38.75 35.60 37.80 
2017/01/18 37.50 37.60 36.40 36.80 
2017/01/19 36.65 37.15 36.65 36.70 
2017/01/20 36.70 36.80 36.40 36.40 
2017/01/23 36.85 36.85 36.30 36.30 
2017/01/24 36.30 36.80 36.30 36.50 
2017/02/02 36.70 37.35 36.40 37.00 
2017/02/03 37.20 37.20 36.90 36.95 
2017/02/06 37.10 37.25 36.75 36.85 
2017/02/07 36.85 37.20 36.75 36.90 
2017/02/08 37.20 37.45 37.10 37.20 
