2016/07/01 17.25 17.25 16.75 16.95 
2016/07/04 17.10 17.10 17.00 17.00 
2016/07/05 17.00 17.05 16.95 17.00 
2016/07/06 17.10 17.20 16.90 16.95 
2016/07/07 17.00 17.30 16.95 17.20 
2016/07/11 17.20 17.75 17.20 17.50 
2016/07/12 19.25 19.25 19.25 19.25 
2016/07/13 20.30 21.15 20.10 21.15 
2016/07/14 21.15 21.70 20.65 21.15 
2016/07/15 21.20 23.25 21.20 23.25 
2016/07/18 23.80 25.55 23.10 25.55 
2016/07/19 26.50 26.50 24.35 24.70 
2016/07/20 23.70 24.35 23.30 23.95 
2016/07/21 24.35 24.35 23.30 23.60 
2016/07/22 24.00 24.00 23.40 23.60 
2016/07/25 23.60 23.60 22.60 22.80 
2016/07/26 23.00 23.30 22.70 23.25 
2016/07/27 23.25 23.50 22.05 22.05 
2016/07/28 22.10 22.60 21.15 21.50 
2016/07/29 21.90 22.00 21.50 21.75 
2016/08/01 22.20 23.80 22.20 23.80 
2016/08/02 23.80 23.80 23.20 23.75 
2016/08/03 23.75 24.35 22.70 22.75 
2016/08/04 22.75 23.05 22.05 22.05 
2016/08/05 22.40 22.60 21.15 21.65 
2016/08/08 21.75 21.75 20.60 20.75 
2016/08/09 20.75 21.60 20.35 20.35 
2016/08/10 19.80 19.90 18.60 19.00 
2016/08/11 19.10 19.20 18.30 18.30 
2016/08/12 18.60 18.65 17.70 17.85 
2016/08/15 18.00 18.40 17.50 18.15 
2016/08/16 18.30 18.35 17.85 17.90 
2016/08/17 17.90 18.10 17.85 17.90 
2016/08/18 18.05 19.15 18.05 18.80 
2016/08/19 18.85 18.95 18.30 18.45 
2016/08/22 18.50 18.50 18.20 18.25 
2016/08/23 18.35 18.50 18.25 18.45 
2016/08/24 18.50 18.50 17.85 18.00 
2016/08/25 18.00 18.55 17.95 18.45 
2016/08/26 18.45 18.75 18.25 18.55 
2016/08/29 18.55 18.55 18.15 18.35 
2016/08/30 18.50 18.95 18.45 18.65 
2016/08/31 18.65 18.85 18.50 18.50 
2016/09/01 18.50 18.50 18.30 18.40 
2016/09/02 18.40 18.50 18.15 18.15 
2016/09/05 18.15 18.20 18.05 18.15 
2016/09/06 18.20 18.20 18.05 18.10 
2016/09/07 18.05 18.20 18.05 18.05 
2016/09/08 18.10 18.55 18.10 18.40 
2016/09/09 17.60 17.60 17.30 17.45 
2016/09/10 17.20 17.55 17.05 17.35 
2016/09/12 17.40 17.45 17.30 17.30 
2016/09/13 17.45 17.45 16.90 17.00 
2016/09/14 17.15 17.45 17.00 17.35 
2016/09/19 17.40 17.45 17.30 17.45 
2016/09/20 17.60 17.75 17.50 17.75 
2016/09/21 17.75 17.85 17.60 17.60 
2016/09/22 17.80 17.80 17.60 17.70 
2016/09/23 17.70 17.75 17.55 17.70 
2016/09/26 17.75 17.75 17.55 17.65 
2016/09/29 17.70 17.70 17.55 17.55 
2016/09/30 17.70 17.70 17.50 17.60 
2016/10/03 17.70 17.75 17.50 17.70 
2016/10/04 17.70 18.75 17.60 18.65 
2016/10/05 18.90 18.90 18.25 18.40 
2016/10/06 18.60 18.65 18.40 18.65 
2016/10/07 18.60 18.60 18.15 18.15 
2016/10/11 18.20 18.30 17.80 17.80 
2016/10/12 18.85 19.55 18.65 19.55 
2016/10/13 19.85 20.70 19.75 19.90 
2016/10/14 19.45 20.10 18.40 18.50 
2016/10/17 18.40 19.40 18.40 19.00 
2016/10/18 19.10 19.10 18.65 18.65 
2016/10/19 18.65 18.95 18.65 18.65 
2016/10/20 18.65 18.80 18.50 18.70 
2016/10/21 18.90 20.55 18.85 20.55 
2016/10/24 20.75 21.10 19.80 20.25 
2016/10/25 20.20 20.60 19.85 19.95 
2016/10/26 20.20 20.20 19.15 19.15 
2016/10/27 19.20 19.45 19.15 19.20 
2016/10/28 19.45 19.45 18.90 18.90 
2016/10/31 18.80 18.80 18.50 18.65 
2016/11/01 18.70 19.15 18.65 18.70 
2016/11/02 18.70 18.85 18.40 18.45 
2016/11/03 18.45 18.70 17.95 18.60 
2016/11/04 18.60 18.80 18.50 18.50 
2016/11/07 18.80 18.80 18.45 18.50 
2016/11/08 18.50 18.55 18.35 18.50 
2016/11/09 18.70 18.70 17.80 18.50 
2016/11/10 18.50 18.85 18.50 18.50 
2016/11/11 18.50 18.70 18.50 18.55 
2016/11/14 18.60 18.60 18.45 18.50 
2016/11/15 18.55 18.65 18.40 18.50 
2016/11/16 18.50 18.65 18.45 18.50 
2016/11/17 18.50 18.70 18.50 18.60 
2016/11/18 18.85 20.20 18.85 19.00 
2016/11/21 19.40 19.40 18.75 18.90 
2016/11/22 18.80 19.15 18.80 18.95 
2016/11/23 19.00 19.10 18.70 18.70 
2016/11/24 19.00 19.00 18.60 18.70 
2016/11/25 18.85 18.90 18.55 18.60 
2016/11/28 18.85 18.85 18.65 18.65 
2016/11/29 18.65 18.75 18.50 18.55 
2016/11/30 18.60 18.70 18.55 18.70 
2016/12/01 18.70 18.90 18.70 18.80 
2016/12/02 19.00 19.00 18.60 18.80 
2016/12/05 18.80 18.80 18.60 18.70 
2016/12/06 18.80 18.85 18.55 18.75 
2016/12/07 18.70 18.75 18.55 18.75 
2016/12/08 18.65 18.80 18.60 18.75 
2016/12/09 18.60 18.65 18.55 18.60 
2016/12/12 18.50 18.70 18.50 18.50 
2016/12/13 18.50 18.70 18.45 18.55 
2016/12/14 18.70 18.70 18.50 18.60 
2016/12/15 18.60 18.70 18.55 18.70 
2016/12/16 18.75 18.80 18.50 18.70 
2016/12/19 18.70 18.70 18.60 18.70 
2016/12/20 18.75 19.20 18.65 18.95 
2016/12/21 18.95 18.95 18.75 18.85 
2016/12/22 18.75 18.90 18.75 18.80 
2016/12/23 18.80 18.90 18.70 18.85 
2016/12/26 18.80 18.90 18.80 18.90 
2016/12/27 18.90 18.90 18.80 18.85 
2016/12/28 18.90 19.15 18.90 18.90 
2016/12/29 18.95 19.20 18.95 19.05 
2016/12/30 19.15 19.70 19.00 19.25 
2017/01/03 19.30 19.45 19.10 19.25 
2017/01/04 19.20 19.30 19.15 19.30 
2017/01/05 19.20 19.30 19.15 19.30 
2017/01/06 19.45 19.45 19.20 19.30 
2017/01/09 19.30 19.40 19.20 19.30 
2017/01/10 19.30 19.60 19.25 19.30 
2017/01/11 19.90 20.00 19.25 19.25 
2017/01/12 19.30 19.40 19.00 19.00 
2017/01/13 19.00 19.20 19.00 19.00 
2017/01/16 19.00 19.20 18.85 19.15 
2017/01/17 19.20 19.20 19.05 19.15 
2017/01/18 19.15 19.15 19.00 19.00 
2017/01/19 19.10 19.15 19.00 19.00 
2017/01/20 19.10 19.10 18.90 19.00 
2017/01/23 19.00 19.15 18.85 18.90 
2017/01/24 18.90 18.90 18.75 18.90 
2017/02/02 18.85 19.05 18.85 18.90 
2017/02/03 18.90 19.05 18.80 18.95 
2017/02/06 19.00 19.20 18.95 18.95 
2017/02/07 19.15 19.55 18.95 19.00 
2017/02/08 19.10 19.30 18.95 19.00 
