2016/07/01 11.20 11.20 11.00 11.15 
2016/07/04 11.25 11.25 11.00 11.10 
2016/07/05 11.15 11.20 10.90 11.10 
2016/07/06 11.15 11.15 10.90 11.10 
2016/07/07 11.10 11.10 10.75 11.05 
2016/07/11 11.00 11.05 10.95 11.05 
2016/07/12 11.05 11.05 10.85 11.05 
2016/07/13 11.05 11.05 11.05 11.05 
2016/07/14 11.00 11.05 10.85 11.05 
2016/07/15 11.05 11.15 10.95 11.10 
2016/07/18 11.05 11.10 11.00 11.10 
2016/07/19 11.00 11.25 11.00 11.05 
2016/07/20 11.00 11.05 10.90 11.05 
2016/07/21 11.00 11.00 10.95 11.00 
2016/07/22 11.00 11.00 10.95 11.00 
2016/07/25 11.00 11.05 10.85 11.05 
2016/07/26 11.00 11.05 11.00 11.05 
2016/07/27 11.05 11.20 10.60 11.05 
2016/07/28 10.85 11.15 10.85 11.05 
2016/07/29 11.00 11.00 10.90 11.00 
2016/08/01 11.00 11.10 10.90 11.05 
2016/08/02 11.10 11.10 10.90 11.10 
2016/08/03 10.95 11.05 10.90 11.05 
2016/08/04 11.00 11.05 10.85 11.05 
2016/08/05 11.00 11.00 10.90 11.00 
2016/08/08 11.00 11.00 10.70 11.00 
2016/08/09 10.95 11.00 10.80 11.00 
2016/08/10 11.00 11.00 10.90 11.00 
2016/08/11 10.90 11.00 10.90 11.00 
2016/08/12 10.90 11.00 10.90 11.00 
2016/08/15 10.90 11.00 10.80 11.00 
2016/08/16 10.95 11.00 10.85 10.95 
2016/08/17 10.90 10.90 10.80 10.90 
2016/08/18 10.90 10.90 10.75 10.90 
2016/08/19 10.90 10.90 10.85 10.90 
2016/08/22 11.25 11.90 11.25 11.25 
2016/08/23 11.25 11.25 11.25 11.25 
2016/08/24 11.20 11.60 11.05 11.05 
2016/08/25 11.05 11.05 11.00 11.00 
2016/08/26 11.00 11.10 10.90 11.10 
2016/08/29 11.00 11.05 11.00 11.00 
2016/08/30 11.00 11.00 10.95 11.00 
2016/08/31 11.00 11.00 10.90 11.00 
2016/09/01 11.20 11.20 10.85 11.00 
2016/09/02 11.00 11.00 10.90 11.00 
2016/09/05 11.00 11.00 10.95 11.00 
2016/09/06 11.00 11.00 10.95 11.00 
2016/09/07 11.00 11.00 10.95 10.95 
2016/09/08 11.00 11.00 10.90 11.00 
2016/09/09 11.00 11.00 10.90 11.00 
2016/09/10 11.00 11.00 10.85 11.00 
2016/09/12 10.85 11.00 10.85 11.00 
2016/09/13 11.00 11.00 10.95 11.00 
2016/09/14 11.00 11.00 10.95 11.00 
2016/09/19 11.00 11.00 10.80 11.00 
2016/09/20 10.95 11.00 10.85 11.00 
2016/09/21 11.00 11.00 10.85 11.00 
2016/09/22 11.00 11.00 10.95 11.00 
2016/09/23 11.00 11.00 10.90 11.00 
2016/09/26 11.00 11.00 10.90 11.00 
2016/09/29 10.95 11.00 10.90 11.00 
2016/09/30 10.95 11.00 10.75 10.95 
2016/10/03 10.95 11.00 10.90 11.00 
2016/10/04 10.95 11.00 10.90 11.00 
2016/10/05 10.95 11.00 10.90 10.95 
2016/10/06 11.00 11.00 10.90 11.00 
2016/10/07 10.90 11.00 10.85 10.95 
2016/10/11 11.00 11.00 10.85 11.00 
2016/10/12 11.00 11.00 10.90 11.00 
2016/10/13 11.00 11.00 10.90 10.95 
2016/10/14 10.95 11.00 10.85 11.00 
2016/10/17 10.85 11.00 10.85 11.00 
2016/10/18 11.80 11.80 10.90 11.00 
2016/10/19 11.00 11.00 10.90 11.00 
2016/10/20 11.00 11.00 10.85 11.00 
2016/10/21 10.90 11.00 10.90 11.00 
2016/10/24 10.85 10.95 10.85 10.95 
2016/10/25 10.95 11.00 10.95 11.00 
2016/10/26 10.95 11.00 10.90 11.00 
2016/10/27 10.95 11.00 10.85 11.00 
2016/10/28 10.95 11.00 10.85 11.00 
2016/10/31 11.00 11.00 11.00 11.00 
2016/11/01 11.00 11.00 10.90 11.00 
2016/11/02 11.00 11.00 10.85 11.00 
2016/11/03 11.00 11.00 10.80 11.00 
2016/11/04 10.95 11.00 10.90 11.00 
2016/11/07 10.95 11.00 10.90 11.00 
2016/11/08 10.95 11.00 10.85 11.00 
2016/11/09 10.95 11.00 10.95 11.00 
2016/11/10 10.95 11.00 10.90 11.00 
2016/11/11 10.95 11.00 10.90 11.00 
2016/11/14 10.95 10.95 10.90 10.95 
2016/11/15 10.95 11.00 10.85 11.00 
2016/11/16 10.95 11.00 10.95 11.00 
2016/11/17 10.95 11.00 10.95 11.00 
2016/11/18 10.95 11.00 10.90 11.00 
2016/11/21 10.95 11.00 10.90 11.00 
2016/11/22 10.95 11.00 10.90 11.00 
2016/11/23 11.00 11.00 10.90 10.90 
2016/11/24 10.95 10.95 10.95 10.95 
2016/11/25 10.95 11.00 10.95 11.00 
2016/11/28 10.95 11.00 10.95 10.95 
2016/11/29 10.95 11.00 10.95 10.95 
2016/11/30 10.95 11.00 10.95 11.00 
2016/12/01 10.95 11.00 10.95 11.00 
2016/12/02 10.95 11.00 10.85 10.95 
2016/12/05 10.95 11.00 10.90 10.95 
2016/12/06 10.85 10.95 10.85 10.95 
2016/12/07 10.95 11.00 10.85 10.90 
2016/12/08 10.90 11.00 10.90 10.95 
2016/12/09 10.95 11.00 10.95 10.95 
2016/12/12 11.50 11.50 10.95 10.95 
2016/12/13 10.95 11.00 10.90 11.00 
2016/12/14 11.00 11.00 11.00 11.00 
2016/12/15 11.00 11.00 10.95 10.95 
2016/12/16 11.00 11.00 10.90 10.95 
2016/12/19 10.95 11.00 10.90 11.00 
2016/12/20 10.95 11.00 10.85 10.95 
2016/12/21 10.95 10.95 10.85 10.95 
2016/12/22 10.95 10.95 10.90 10.95 
2016/12/23 10.95 10.95 10.90 10.95 
2016/12/26 11.00 11.00 10.95 10.95 
2016/12/27 11.00 11.00 10.90 10.95 
2016/12/28 10.95 10.95 10.95 10.95 
2016/12/29 11.00 11.00 10.90 10.95 
2016/12/30 10.95 10.95 10.90 10.95 
2017/01/03 11.00 11.00 10.95 11.00 
2017/01/04 11.00 11.00 11.00 11.00 
2017/01/05 10.95 11.00 10.95 11.00 
2017/01/06 11.00 11.00 10.95 11.00 
2017/01/09 11.00 11.20 11.00 11.20 
2017/01/10 11.20 11.20 11.00 11.00 
2017/01/11 11.05 11.05 11.00 11.00 
2017/01/12 11.00 11.00 10.95 11.00 
2017/01/13 11.00 11.00 11.00 11.00 
2017/01/16 10.95 10.95 10.75 10.85 
2017/01/17 10.90 11.00 10.85 10.95 
2017/01/18 11.00 11.10 10.80 11.00 
2017/01/19 11.00 11.00 10.90 10.95 
2017/01/20 11.10 11.10 10.95 10.95 
2017/01/23 10.95 10.95 10.70 10.70 
2017/01/24 10.85 11.00 10.80 10.85 
2017/02/02 10.85 11.00 10.85 11.00 
2017/02/03 11.05 11.10 10.90 11.00 
2017/02/06 11.00 11.10 10.95 11.00 
2017/02/07 10.95 10.95 10.85 10.85 
2017/02/08 11.10 11.10 10.90 11.00 
