2016/07/01 16.35 16.65 16.15 16.20 
2016/07/04 16.10 16.50 16.10 16.30 
2016/07/05 16.20 16.50 16.20 16.50 
2016/07/06 16.40 16.75 16.10 16.30 
2016/07/07 16.15 16.35 16.05 16.15 
2016/07/11 16.15 17.10 16.15 16.40 
2016/07/12 16.55 16.55 16.15 16.20 
2016/07/13 16.25 16.90 16.25 16.80 
2016/07/14 16.70 16.85 16.60 16.65 
2016/07/15 16.70 17.15 16.70 17.00 
2016/07/18 17.50 18.00 17.00 17.00 
2016/07/19 17.30 17.65 17.15 17.60 
2016/07/20 17.65 18.00 17.60 17.70 
2016/07/21 17.80 18.20 17.80 17.90 
2016/07/22 18.25 18.70 18.10 18.65 
2016/07/25 18.60 18.60 17.75 18.35 
2016/07/26 18.50 18.95 18.30 18.40 
2016/07/27 18.40 18.55 17.95 18.05 
2016/07/28 18.05 18.15 18.00 18.00 
2016/07/29 18.10 19.00 18.10 18.70 
2016/08/01 19.00 19.35 18.85 19.35 
2016/08/02 19.55 19.95 19.05 19.15 
2016/08/03 18.80 19.20 18.80 19.00 
2016/08/04 19.10 19.20 18.85 19.00 
2016/08/05 19.00 19.40 18.95 18.95 
2016/08/08 19.10 19.10 18.65 18.80 
2016/08/09 18.80 18.90 18.20 18.30 
2016/08/10 18.40 19.25 18.40 18.90 
2016/08/11 19.05 19.05 18.20 18.60 
2016/08/12 18.95 18.95 18.50 18.90 
2016/08/15 19.10 19.20 18.70 18.75 
2016/08/16 18.95 19.00 18.70 18.70 
2016/08/17 18.70 19.20 18.65 19.20 
2016/08/18 19.35 19.70 19.10 19.50 
2016/08/19 19.50 19.55 19.05 19.05 
2016/08/22 19.00 19.00 18.45 18.60 
2016/08/23 18.60 18.85 18.55 18.85 
2016/08/24 18.90 19.00 18.75 18.80 
2016/08/25 18.80 19.45 18.70 19.25 
2016/08/26 19.35 20.35 19.35 20.15 
2016/08/29 20.45 21.35 20.45 20.90 
2016/08/30 21.25 21.85 21.05 21.85 
2016/08/31 22.00 22.30 20.80 21.25 
2016/09/01 21.25 22.00 21.15 21.25 
2016/09/02 21.50 21.60 20.55 21.20 
2016/09/05 21.90 23.30 21.55 23.30 
2016/09/06 23.00 23.50 22.60 23.20 
2016/09/07 24.05 25.35 23.85 25.00 
2016/09/08 24.50 25.45 24.20 24.70 
2016/09/09 25.00 25.85 24.70 25.30 
2016/09/10 24.90 25.95 24.85 25.80 
2016/09/12 25.65 25.75 24.50 24.50 
2016/09/13 25.35 25.60 24.25 25.20 
2016/09/14 25.45 25.60 24.70 25.05 
2016/09/19 25.35 25.90 25.10 25.30 
2016/09/20 25.55 27.60 25.55 26.35 
2016/09/21 26.35 27.15 26.05 27.00 
2016/09/22 27.25 28.30 26.70 27.65 
2016/09/23 28.55 28.95 28.10 28.40 
2016/09/26 28.50 29.80 28.15 29.70 
2016/09/29 30.50 30.65 29.25 29.35 
2016/09/30 29.40 29.75 29.15 29.35 
2016/10/03 29.45 30.45 29.45 29.95 
2016/10/04 30.20 30.35 28.15 28.80 
2016/10/05 28.90 29.60 28.20 29.50 
2016/10/06 29.85 31.00 29.20 31.00 
2016/10/07 31.10 31.50 30.15 30.30 
2016/10/11 30.00 31.00 28.40 31.00 
2016/10/12 31.00 31.75 30.30 30.90 
2016/10/13 30.75 33.20 30.30 32.70 
2016/10/14 33.60 34.45 33.15 33.80 
2016/10/17 33.65 36.05 33.40 36.05 
2016/10/18 35.70 36.45 34.75 35.65 
2016/10/19 35.25 36.90 34.75 36.35 
2016/10/20 36.95 37.10 35.80 37.00 
2016/10/21 36.50 37.80 36.50 37.35 
2016/10/24 37.70 37.75 36.95 36.95 
2016/10/25 36.90 36.95 35.65 35.80 
2016/10/26 36.35 39.25 36.35 38.55 
2016/10/27 38.85 38.95 37.75 38.30 
2016/10/28 38.35 39.45 36.90 37.60 
2016/10/31 37.00 37.30 35.75 36.50 
2016/11/01 37.00 37.55 35.85 36.40 
2016/11/02 36.80 37.50 35.40 35.80 
2016/11/03 35.80 36.40 33.60 35.70 
2016/11/04 36.20 36.50 35.25 35.55 
2016/11/07 36.00 37.50 35.30 37.20 
2016/11/08 37.35 37.40 36.30 36.70 
2016/11/09 36.70 36.90 34.05 34.10 
2016/11/10 36.10 37.40 35.20 37.40 
2016/11/11 36.00 37.00 35.65 36.50 
2016/11/14 37.00 37.00 35.00 35.45 
2016/11/16 38.95 38.95 38.95 38.95 
2016/11/17 42.80 42.80 42.80 42.80 
2016/11/18 43.00 47.00 42.75 46.95 
2016/11/21 46.40 47.45 46.05 47.45 
2016/11/22 47.45 50.80 46.25 49.50 
2016/11/23 51.00 52.50 49.95 50.00 
2016/11/24 50.00 50.80 48.60 50.30 
2016/11/25 51.00 53.00 50.30 53.00 
2016/11/28 53.10 53.10 51.10 51.90 
2016/11/29 51.80 52.60 50.20 51.10 
2016/11/30 51.00 52.40 51.00 51.10 
2016/12/01 51.50 52.00 51.00 51.30 
2016/12/02 51.30 52.70 51.30 52.00 
2016/12/05 52.10 55.00 51.50 55.00 
2016/12/06 55.00 58.00 54.50 55.50 
2016/12/07 55.50 57.40 55.00 55.90 
2016/12/08 55.40 56.00 52.50 53.60 
2016/12/09 53.50 55.30 52.80 54.30 
2016/12/12 54.90 56.40 53.70 54.40 
2016/12/13 54.50 55.20 53.30 53.40 
2016/12/14 53.40 55.00 52.20 52.50 
2016/12/15 52.80 54.10 52.40 53.20 
2016/12/16 53.60 54.00 51.50 51.50 
2016/12/19 51.80 51.80 46.80 47.60 
2016/12/20 48.10 49.40 48.10 48.80 
2016/12/21 49.10 49.70 48.15 48.30 
2016/12/22 48.60 48.65 45.85 46.60 
2016/12/23 47.85 51.20 47.65 51.20 
2016/12/26 54.80 56.30 54.10 56.30 
2016/12/27 57.90 57.90 55.00 55.20 
2016/12/28 55.30 60.70 54.60 59.40 
2016/12/29 59.40 61.60 58.80 60.30 
2016/12/30 61.00 61.40 60.00 60.10 
2017/01/03 60.40 60.80 59.60 59.80 
2017/01/04 60.50 65.70 60.00 65.70 
2017/01/05 65.90 67.10 63.30 63.50 
2017/01/06 63.50 65.00 63.10 64.80 
2017/01/09 66.40 66.40 62.80 63.50 
2017/01/10 64.10 64.60 63.10 63.10 
2017/01/11 65.30 65.80 59.90 60.90 
2017/01/12 60.60 62.90 59.40 62.10 
2017/01/13 62.50 62.70 60.30 60.30 
2017/01/16 59.40 60.30 58.50 59.80 
2017/01/17 60.80 63.00 60.30 62.00 
2017/01/18 61.70 62.80 61.40 61.60 
2017/01/19 61.90 65.60 61.40 61.40 
2017/01/20 62.00 62.90 61.00 61.30 
2017/01/23 61.90 62.80 61.00 61.60 
2017/01/24 62.10 62.50 59.60 60.70 
2017/02/02 60.70 61.20 59.40 59.60 
2017/02/03 60.10 63.30 60.10 61.40 
2017/02/06 62.00 62.40 60.60 61.20 
2017/02/07 61.20 67.30 61.00 67.30 
2017/02/08 68.50 72.40 65.40 66.10 
