2016/07/01 85.00 86.20 84.70 85.00 
2016/07/04 85.10 85.70 83.70 85.30 
2016/07/05 85.70 88.30 85.50 87.50 
2016/07/06 87.30 87.40 85.80 85.80 
2016/07/07 86.50 87.80 86.10 86.10 
2016/07/11 85.40 86.10 80.50 83.50 
2016/07/12 83.50 84.50 83.10 83.30 
2016/07/13 84.00 84.00 81.60 82.60 
2016/07/14 82.60 83.60 82.00 82.70 
2016/07/15 83.00 83.50 82.20 83.00 
2016/07/18 83.50 86.50 83.00 85.80 
2016/07/19 86.80 87.70 86.00 86.10 
2016/07/20 86.50 86.50 83.80 84.40 
2016/07/21 85.00 85.40 83.80 84.40 
2016/07/22 84.60 84.60 82.80 82.80 
2016/07/25 83.00 84.70 83.00 84.60 
2016/07/26 85.00 86.30 85.00 85.50 
2016/07/27 85.70 86.20 85.10 85.20 
2016/07/28 86.50 88.10 85.70 87.00 
2016/07/29 88.00 88.30 86.10 87.50 
2016/08/01 88.20 91.40 87.40 90.80 
2016/08/02 91.40 92.10 90.10 90.80 
2016/08/03 89.60 90.00 88.70 88.80 
2016/08/04 88.20 90.40 88.20 89.50 
2016/08/05 91.00 92.00 88.90 89.10 
2016/08/08 90.50 91.00 86.70 87.20 
2016/08/09 87.00 88.40 86.20 87.90 
2016/08/10 88.30 88.30 86.50 87.00 
2016/08/11 88.00 88.70 85.60 87.60 
2016/08/12 89.00 90.30 88.10 89.50 
2016/08/15 88.80 88.90 87.20 88.70 
2016/08/16 88.10 89.00 86.10 86.80 
2016/08/17 86.80 87.40 85.00 85.60 
2016/08/18 83.80 84.50 82.80 83.20 
2016/08/19 84.00 84.30 83.30 83.30 
2016/08/22 83.30 83.30 80.50 80.80 
2016/08/23 81.30 82.90 80.70 81.80 
2016/08/24 81.80 82.00 81.00 81.40 
2016/08/25 82.30 82.50 81.50 82.20 
2016/08/26 82.40 82.40 81.70 81.80 
2016/08/29 81.60 83.40 81.00 83.00 
2016/08/30 83.00 83.30 81.70 81.80 
2016/08/31 82.70 82.80 81.20 81.20 
2016/09/01 81.20 82.50 80.60 81.30 
2016/09/02 81.50 81.70 80.00 80.00 
2016/09/05 80.00 81.30 79.10 80.60 
2016/09/06 80.60 82.90 80.50 82.30 
2016/09/07 82.50 86.70 82.50 85.50 
2016/09/08 86.40 86.70 85.10 86.20 
2016/09/09 86.00 86.00 85.10 85.40 
2016/09/10 83.20 84.90 82.50 83.20 
2016/09/12 83.80 84.40 83.20 83.50 
2016/09/13 84.60 84.60 81.50 82.20 
2016/09/14 82.50 84.60 81.80 81.80 
2016/09/19 82.40 83.80 82.40 83.40 
2016/09/20 83.50 89.40 83.50 88.10 
2016/09/21 88.10 90.50 88.10 88.80 
2016/09/22 88.50 89.20 87.50 88.10 
2016/09/23 87.70 89.30 87.70 88.50 
2016/09/26 88.60 88.60 86.40 86.70 
2016/09/29 87.20 88.20 86.30 87.20 
2016/09/30 87.20 88.50 87.00 87.00 
2016/10/03 87.90 87.90 86.00 86.00 
2016/10/04 86.00 87.70 85.00 87.20 
2016/10/05 87.30 87.30 85.60 85.70 
2016/10/06 85.60 86.00 83.60 84.10 
2016/10/07 84.50 84.80 82.50 82.70 
2016/10/11 82.80 83.30 81.20 82.10 
2016/10/12 82.30 82.90 81.50 82.30 
2016/10/13 82.30 82.30 81.00 81.10 
2016/10/14 80.20 81.30 78.80 79.10 
2016/10/17 79.00 79.80 78.00 79.80 
2016/10/18 79.60 81.10 79.50 80.00 
2016/10/19 80.10 81.30 79.70 79.80 
2016/10/20 80.10 80.60 77.20 78.00 
2016/10/21 77.20 79.60 77.20 78.70 
2016/10/24 79.20 79.40 78.00 78.30 
2016/10/25 78.60 81.00 78.60 80.00 
2016/10/26 79.70 80.40 79.40 79.60 
2016/10/27 78.80 80.10 78.80 79.90 
2016/10/28 80.00 80.40 79.50 79.90 
2016/10/31 80.00 80.00 79.00 79.70 
2016/11/01 80.00 81.60 80.00 80.30 
2016/11/02 79.80 79.80 77.70 78.20 
2016/11/03 78.20 78.90 77.10 77.70 
2016/11/04 77.70 78.40 77.70 77.80 
2016/11/07 77.90 78.80 77.70 77.70 
2016/11/08 78.60 78.60 77.20 77.70 
2016/11/09 80.00 80.00 75.10 75.10 
2016/11/10 78.40 81.70 77.20 80.90 
2016/11/11 79.70 80.90 78.10 80.90 
2016/11/14 80.50 81.50 80.00 81.00 
2016/11/15 82.90 82.90 81.40 81.50 
2016/11/16 82.60 82.60 81.00 82.00 
2016/11/17 82.50 82.80 81.40 82.50 
2016/11/18 82.70 85.30 82.10 84.60 
2016/11/21 85.30 87.80 83.70 84.10 
2016/11/22 84.90 85.00 84.10 84.30 
2016/11/23 84.80 86.30 84.70 85.30 
2016/11/24 85.80 85.80 84.70 84.80 
2016/11/25 85.30 86.20 84.70 85.00 
2016/11/28 85.10 86.70 85.00 86.00 
2016/11/29 86.00 86.50 85.20 86.20 
2016/11/30 87.20 89.50 86.70 88.70 
2016/12/01 89.50 90.90 88.00 89.00 
2016/12/02 87.40 88.40 87.00 88.00 
2016/12/05 88.00 88.10 86.80 87.40 
2016/12/06 88.00 88.10 85.80 86.00 
2016/12/07 86.70 87.50 85.80 87.40 
2016/12/08 87.80 89.60 87.50 88.30 
2016/12/09 88.30 88.90 86.10 87.30 
2016/12/12 86.80 87.30 86.30 86.60 
2016/12/13 86.30 87.50 86.20 86.60 
2016/12/14 87.60 87.60 86.60 86.60 
2016/12/15 86.20 86.40 85.00 85.60 
2016/12/16 85.70 86.00 85.10 85.60 
2016/12/19 86.00 86.00 84.60 84.80 
2016/12/20 84.80 85.50 84.50 85.50 
2016/12/21 85.70 86.00 85.10 86.00 
2016/12/22 86.00 86.10 84.80 84.90 
2016/12/23 85.10 85.50 84.10 84.30 
2016/12/26 84.50 84.80 84.30 84.80 
2016/12/27 84.80 86.00 84.70 85.80 
2016/12/28 86.10 87.20 85.30 86.60 
2016/12/29 86.80 87.00 86.00 86.60 
2016/12/30 86.90 87.00 85.60 86.00 
2017/01/03 86.30 86.70 85.60 85.60 
2017/01/04 85.80 86.30 85.60 86.00 
2017/01/05 86.80 89.30 86.40 89.20 
2017/01/06 90.20 90.20 88.30 88.90 
2017/01/09 88.80 89.90 86.50 89.50 
2017/01/10 89.70 90.50 88.90 89.50 
2017/01/11 90.30 91.90 89.10 91.00 
2017/01/12 90.80 100.00 90.10 100.00 
2017/01/13 102.50 103.50 98.90 99.00 
2017/01/16 99.00 99.20 96.30 96.60 
2017/01/17 97.60 102.50 97.40 99.00 
2017/01/18 99.90 108.50 99.00 105.00 
2017/01/19 106.00 108.00 101.50 102.00 
2017/01/20 102.00 103.00 100.00 103.00 
2017/01/23 102.50 103.50 101.50 102.00 
2017/01/24 102.50 109.00 102.00 103.00 
2017/02/02 105.50 108.00 104.00 105.00 
2017/02/03 105.50 106.00 101.50 103.00 
2017/02/06 103.00 103.00 94.80 95.50 
2017/02/07 95.00 96.20 91.20 92.60 
2017/02/08 91.80 92.30 89.80 91.50 
