2016/07/01 58.30 58.40 58.00 58.30 
2016/07/04 59.00 60.10 59.00 59.80 
2016/07/05 60.20 60.20 59.40 59.60 
2016/07/06 59.60 59.70 59.10 59.50 
2016/07/07 60.00 60.50 59.80 60.00 
2016/07/11 56.00 56.50 55.80 56.30 
2016/07/12 56.60 56.70 55.70 55.90 
2016/07/13 56.00 56.20 55.00 56.00 
2016/07/14 56.10 56.30 55.80 55.90 
2016/07/15 56.00 56.00 55.20 55.40 
2016/07/18 55.50 56.00 55.40 55.40 
2016/07/19 55.80 55.80 55.40 55.70 
2016/07/20 55.70 56.10 55.50 56.10 
2016/07/21 56.10 56.20 55.90 56.00 
2016/07/22 56.00 56.00 55.70 55.70 
2016/07/25 55.80 56.50 55.80 55.90 
2016/07/26 56.00 56.40 56.00 56.30 
2016/07/27 56.50 56.50 56.00 56.00 
2016/07/28 56.30 56.30 55.70 55.90 
2016/07/29 55.70 56.00 55.70 55.80 
2016/08/01 55.80 56.20 55.80 56.10 
2016/08/02 56.20 56.90 56.00 56.90 
2016/08/03 56.70 56.90 56.40 56.60 
2016/08/04 56.90 58.00 56.80 57.50 
2016/08/05 57.60 57.90 57.30 57.60 
2016/08/08 58.50 59.10 58.40 59.10 
2016/08/09 59.00 59.50 58.80 58.90 
2016/08/10 59.20 59.80 59.10 59.10 
2016/08/11 58.60 59.30 58.50 58.70 
2016/08/12 59.10 59.50 59.00 59.10 
2016/08/15 59.20 59.40 59.00 59.20 
2016/08/16 59.20 59.80 59.10 59.50 
2016/08/17 59.50 59.80 58.90 59.00 
2016/08/18 59.30 59.50 58.80 59.30 
2016/08/19 59.30 59.60 59.00 59.10 
2016/08/22 59.10 59.20 58.50 58.70 
2016/08/23 58.70 58.70 58.50 58.50 
2016/08/24 59.00 60.40 59.00 60.20 
2016/08/25 60.60 60.70 60.00 60.30 
2016/08/26 60.40 60.50 60.10 60.30 
2016/08/29 60.40 60.40 59.60 60.00 
2016/08/30 60.10 60.30 59.90 59.90 
2016/08/31 59.90 59.90 59.40 59.70 
2016/09/01 59.70 59.70 58.70 59.20 
2016/09/02 59.20 59.20 58.30 58.60 
2016/09/05 58.60 58.90 58.60 58.80 
2016/09/06 58.80 59.50 58.80 59.10 
2016/09/07 59.10 59.30 58.80 59.00 
2016/09/08 59.30 59.30 58.50 59.20 
2016/09/09 59.00 59.20 58.70 59.20 
2016/09/10 58.50 58.70 58.40 58.40 
2016/09/12 59.20 59.20 58.30 58.30 
2016/09/13 58.30 58.40 58.00 58.40 
2016/09/14 58.20 58.50 58.00 58.20 
2016/09/19 58.50 58.90 58.50 58.60 
2016/09/20 58.60 58.90 58.50 58.60 
2016/09/21 60.00 62.30 59.90 61.60 
2016/09/22 61.60 62.40 61.60 61.70 
2016/09/23 62.20 62.30 61.70 62.10 
2016/09/26 62.30 63.90 62.30 63.30 
2016/09/29 63.60 63.90 62.50 62.50 
2016/09/30 62.60 62.80 61.90 62.00 
2016/10/03 62.40 62.90 62.10 62.30 
2016/10/04 62.40 62.40 61.90 62.00 
2016/10/05 61.90 62.40 61.80 62.00 
2016/10/06 62.20 62.40 61.70 62.00 
2016/10/07 62.00 62.20 61.80 62.10 
2016/10/11 62.10 62.60 59.60 60.00 
2016/10/12 60.00 60.50 59.10 59.70 
2016/10/13 59.70 60.20 59.60 60.10 
2016/10/14 60.20 60.50 59.20 59.30 
2016/10/17 59.40 60.10 58.30 59.30 
2016/10/18 59.10 59.80 59.00 59.80 
2016/10/19 60.00 60.20 59.80 59.80 
2016/10/20 59.80 60.10 59.40 60.10 
2016/10/21 60.10 60.10 59.80 60.10 
2016/10/24 60.10 60.20 59.80 60.10 
2016/10/25 60.10 60.80 60.10 60.50 
2016/10/26 60.90 60.90 60.50 60.60 
2016/10/27 60.90 60.90 60.00 60.20 
2016/10/28 60.00 60.20 59.80 60.00 
2016/10/31 59.60 60.00 59.60 60.00 
2016/11/01 59.60 59.90 59.60 59.60 
2016/11/02 59.00 59.40 58.40 58.80 
2016/11/03 58.80 58.80 58.30 58.80 
2016/11/04 58.50 58.70 58.50 58.70 
2016/11/07 58.80 58.90 58.70 58.70 
2016/11/08 57.70 57.90 57.00 57.60 
2016/11/09 57.60 57.60 56.00 56.00 
2016/11/10 56.60 58.00 56.60 57.00 
2016/11/11 57.00 57.20 56.20 57.10 
2016/11/14 57.10 57.50 57.00 57.50 
2016/11/15 57.50 57.60 56.90 57.10 
2016/11/16 57.20 57.70 57.00 57.00 
2016/11/17 57.80 57.80 57.10 57.10 
2016/11/18 57.70 57.70 57.20 57.50 
2016/11/21 57.50 57.70 57.30 57.50 
2016/11/22 57.50 57.70 57.50 57.70 
2016/11/23 57.90 57.90 57.50 57.80 
2016/11/24 57.80 57.80 57.60 57.60 
2016/11/25 57.80 57.80 56.90 57.20 
2016/11/28 57.40 57.40 57.10 57.10 
2016/11/29 57.20 57.60 57.10 57.40 
2016/11/30 57.40 57.60 57.40 57.60 
2016/12/01 58.20 58.30 57.70 58.00 
2016/12/02 58.00 58.20 57.90 58.10 
2016/12/05 58.30 58.50 58.10 58.40 
2016/12/06 58.40 58.40 58.20 58.30 
2016/12/07 58.50 58.50 58.20 58.20 
2016/12/08 58.40 58.50 58.10 58.30 
2016/12/09 58.50 58.50 58.10 58.20 
2016/12/12 58.40 58.40 58.20 58.30 
2016/12/13 58.30 59.00 58.10 58.80 
2016/12/14 58.90 59.00 58.80 58.80 
2016/12/15 59.10 59.10 58.10 58.30 
2016/12/16 58.30 58.90 58.30 58.60 
2016/12/19 58.60 58.60 58.00 58.30 
2016/12/20 58.50 58.50 58.00 58.10 
2016/12/21 58.10 58.20 58.00 58.20 
2016/12/22 58.50 58.60 57.80 57.90 
2016/12/23 57.90 58.00 57.80 57.80 
2016/12/26 57.90 58.00 57.90 57.90 
2016/12/27 58.00 58.30 57.90 58.00 
2016/12/28 58.00 58.50 58.00 58.10 
2016/12/29 58.80 58.80 57.90 58.00 
2016/12/30 58.10 58.40 58.00 58.40 
2017/01/03 58.50 58.60 58.50 58.60 
2017/01/04 58.70 58.80 58.50 58.60 
2017/01/05 58.80 58.80 58.50 58.60 
2017/01/06 58.70 58.90 58.50 58.70 
2017/01/09 59.00 59.00 58.60 58.80 
2017/01/10 58.80 58.80 58.50 58.70 
2017/01/11 58.70 58.70 58.40 58.50 
2017/01/12 58.50 58.60 58.30 58.40 
2017/01/13 58.50 58.50 58.30 58.50 
2017/01/16 58.40 58.40 57.80 58.00 
2017/01/17 58.00 58.40 57.70 57.90 
2017/01/18 57.90 58.10 57.50 58.10 
2017/01/19 58.00 58.50 57.80 58.30 
2017/01/20 58.30 58.40 57.90 57.90 
2017/01/23 57.90 58.20 57.80 58.20 
2017/01/24 58.00 58.50 58.00 58.30 
2017/02/02 58.30 58.40 58.10 58.30 
2017/02/03 58.80 59.80 58.80 59.60 
2017/02/06 59.70 60.30 59.70 60.00 
2017/02/07 59.40 59.40 58.50 58.80 
2017/02/08 58.80 58.80 58.50 58.50 
