2016/07/01 7.00 7.00 6.88 6.90 
2016/07/04 6.90 6.90 6.81 6.82 
2016/07/05 6.80 6.98 6.80 6.98 
2016/07/06 6.85 7.08 6.82 7.00 
2016/07/07 7.00 7.00 6.82 6.99 
2016/07/11 6.90 6.90 6.76 6.77 
2016/07/12 7.18 7.26 6.80 6.84 
2016/07/13 6.78 6.78 6.71 6.73 
2016/07/14 6.70 6.70 6.64 6.69 
2016/07/15 6.78 6.80 6.70 6.70 
2016/07/18 6.71 6.84 6.67 6.70 
2016/07/19 6.73 6.90 6.67 6.85 
2016/07/20 6.72 6.84 6.70 6.71 
2016/07/21 6.73 6.83 6.71 6.72 
2016/07/22 6.85 6.85 6.68 6.68 
2016/07/25 6.80 6.80 6.61 6.63 
2016/07/26 6.66 6.67 6.61 6.61 
2016/07/27 6.61 6.65 6.61 6.62 
2016/07/28 6.61 6.62 6.52 6.60 
2016/07/29 6.53 6.53 6.32 6.45 
2016/08/01 6.37 6.40 6.10 6.11 
2016/08/02 6.15 6.26 6.12 6.25 
2016/08/03 6.12 6.20 6.12 6.13 
2016/08/04 6.13 6.13 6.11 6.12 
2016/08/05 6.01 6.17 6.00 6.12 
2016/08/08 6.16 6.16 6.00 6.00 
2016/08/09 6.00 6.00 6.00 6.00 
2016/08/10 6.00 6.00 5.85 6.00 
2016/08/11 6.05 6.10 5.82 5.85 
2016/08/12 5.88 6.00 5.85 5.88 
2016/08/15 6.00 6.00 5.81 5.82 
2016/08/16 5.80 5.80 5.54 5.54 
2016/08/17 5.55 5.60 5.54 5.54 
2016/08/18 5.60 5.60 5.51 5.52 
2016/08/19 5.46 5.47 5.46 5.47 
2016/08/22 5.47 5.47 5.12 5.15 
2016/08/23 5.42 5.42 5.00 5.05 
2016/08/24 5.10 5.55 5.02 5.55 
2016/08/25 6.10 6.10 6.10 6.10 
2016/08/26 6.71 6.71 6.36 6.71 
2016/08/29 7.00 7.38 7.00 7.38 
2016/08/30 7.88 8.11 7.88 8.11 
2016/08/31 8.92 8.92 8.15 8.15 
2016/09/01 8.20 8.20 7.41 7.50 
2016/09/02 7.39 7.39 6.75 6.85 
2016/09/05 6.71 7.53 6.71 7.21 
2016/09/06 6.87 7.05 6.87 7.03 
2016/09/07 7.44 7.73 7.44 7.73 
2016/09/08 7.99 8.24 7.50 7.61 
2016/09/09 7.29 7.79 7.20 7.79 
2016/09/10 7.69 7.69 7.47 7.56 
2016/09/12 7.57 7.80 7.41 7.58 
2016/09/13 7.67 7.72 7.52 7.52 
2016/09/14 7.69 7.69 7.48 7.48 
2016/09/19 6.81 7.50 6.81 7.15 
2016/09/20 7.01 7.15 7.00 7.05 
2016/09/21 7.10 7.75 7.10 7.75 
2016/09/22 7.50 7.74 7.48 7.49 
2016/09/23 7.49 7.70 7.49 7.54 
2016/09/26 7.35 7.40 7.31 7.32 
2016/09/29 7.43 7.65 7.40 7.40 
2016/09/30 7.40 7.40 7.16 7.20 
2016/10/03 7.14 7.20 7.08 7.10 
2016/10/04 7.05 7.46 7.05 7.30 
2016/10/05 7.01 7.28 7.01 7.12 
2016/10/06 7.12 7.25 7.12 7.25 
2016/10/07 7.20 7.20 7.05 7.05 
2016/10/11 7.60 7.60 7.17 7.19 
2016/10/12 7.08 7.75 7.08 7.48 
2016/10/13 7.50 7.52 7.32 7.32 
2016/10/14 7.39 7.39 7.20 7.20 
2016/10/17 7.10 7.20 7.00 7.10 
2016/10/18 7.10 7.20 7.08 7.11 
2016/10/19 7.12 7.19 7.10 7.19 
2016/10/20 7.40 7.40 7.14 7.18 
2016/10/21 7.20 7.20 7.01 7.01 
2016/10/24 7.10 7.10 6.71 6.71 
2016/10/25 6.80 7.10 6.76 6.95 
2016/10/26 6.90 6.95 6.85 6.95 
2016/10/27 6.87 7.14 6.87 7.08 
2016/10/28 7.03 7.14 6.98 7.09 
2016/10/31 7.09 7.79 7.02 7.79 
2016/11/01 7.80 8.50 7.50 7.82 
2016/11/02 7.65 8.60 7.65 8.60 
2016/11/15 15.00 15.00 15.00 15.00 
2016/11/16 13.50 14.50 13.50 13.50 
2016/11/17 13.55 14.10 12.90 13.15 
2016/11/18 13.05 13.45 13.05 13.05 
2016/11/21 13.25 13.25 12.10 12.25 
2016/11/22 12.10 12.10 11.15 11.20 
2016/11/23 11.25 12.30 11.25 12.30 
2016/11/24 12.10 12.45 11.60 11.65 
2016/11/25 11.65 12.50 11.65 11.90 
2016/11/28 12.10 12.10 11.50 11.55 
2016/11/29 11.70 12.40 11.70 11.70 
2016/11/30 11.65 11.70 11.40 11.65 
2016/12/01 11.65 12.80 11.65 12.80 
2016/12/02 12.45 12.55 11.90 12.10 
2016/12/05 11.95 12.25 11.90 12.10 
2016/12/06 12.10 13.30 12.10 12.50 
2016/12/07 12.30 12.50 12.30 12.40 
2016/12/08 12.45 12.45 12.35 12.40 
2016/12/09 12.50 12.50 12.15 12.25 
2016/12/12 12.45 13.30 12.45 12.60 
2016/12/13 12.60 12.65 12.50 12.65 
2016/12/14 12.75 13.60 12.75 12.85 
2016/12/15 12.85 13.20 12.60 12.80 
2016/12/16 12.70 12.90 12.60 12.60 
2016/12/19 12.50 12.55 12.40 12.45 
2016/12/20 12.65 12.90 12.50 12.50 
2016/12/21 12.45 12.50 12.20 12.20 
2016/12/22 12.20 12.50 12.20 12.20 
2016/12/23 12.35 12.35 12.00 12.00 
2016/12/26 12.25 12.25 11.80 11.95 
2016/12/27 11.90 11.95 11.55 11.60 
2016/12/28 11.90 11.90 11.75 11.80 
2016/12/29 11.90 11.90 11.90 11.90 
2016/12/30 11.95 12.25 11.85 12.10 
2017/01/03 12.10 12.10 11.75 11.75 
2017/01/04 11.75 11.75 11.60 11.60 
2017/01/05 11.60 11.85 11.60 11.65 
2017/01/06 11.65 11.75 11.60 11.60 
2017/01/09 11.75 11.90 11.70 11.75 
2017/01/10 11.55 11.60 11.55 11.55 
2017/01/11 11.55 11.70 11.45 11.50 
2017/01/12 11.45 11.50 11.05 11.35 
2017/01/13 11.30 11.35 11.30 11.35 
2017/01/16 11.35 11.75 11.35 11.40 
2017/01/17 11.40 11.75 11.40 11.60 
2017/01/18 11.70 11.70 11.50 11.55 
2017/01/19 11.95 12.35 11.80 11.90 
2017/01/20 12.00 12.10 11.75 11.80 
2017/01/23 11.85 11.90 11.70 11.70 
2017/01/24 12.50 12.50 11.55 11.70 
2017/02/02 11.70 11.90 11.70 11.70 
2017/02/03 11.75 11.90 11.70 11.70 
2017/02/06 11.90 11.95 11.90 11.95 
2017/02/07 11.75 11.90 11.70 11.70 
2017/02/08 11.55 11.90 11.55 11.65 
