2016/07/01 71.20 71.30 70.30 70.60 
2016/07/04 70.60 71.80 70.30 71.80 
2016/07/05 71.80 72.00 70.30 70.50 
2016/07/06 70.20 70.20 69.00 69.30 
2016/07/07 70.10 71.80 70.00 71.10 
2016/07/11 71.80 72.20 71.30 72.20 
2016/07/12 72.20 72.50 70.90 71.10 
2016/07/13 72.50 74.30 72.50 73.90 
2016/07/14 73.60 73.70 72.10 72.50 
2016/07/15 72.50 73.80 72.10 73.80 
2016/07/18 73.60 73.80 72.80 73.00 
2016/07/19 73.40 73.40 72.30 72.90 
2016/07/20 73.10 73.50 72.30 72.50 
2016/07/21 73.00 73.80 72.70 73.50 
2016/07/22 72.70 74.00 72.70 74.00 
2016/07/25 74.00 74.20 72.70 73.70 
2016/07/26 73.90 74.90 73.60 74.50 
2016/07/27 76.40 81.30 76.40 79.40 
2016/07/28 80.90 82.80 80.10 82.20 
2016/07/29 82.00 83.00 80.90 81.20 
2016/08/01 82.20 83.60 81.20 82.40 
2016/08/02 82.00 82.50 80.60 81.00 
2016/08/03 80.20 83.00 80.10 82.80 
2016/08/04 82.90 83.50 82.00 82.70 
2016/08/05 82.80 82.80 81.80 82.80 
2016/08/08 82.80 82.80 81.70 82.30 
2016/08/09 82.40 83.40 81.50 81.90 
2016/08/10 82.50 82.50 81.10 82.40 
2016/08/11 82.50 82.50 81.40 82.30 
2016/08/12 83.90 85.50 83.90 85.50 
2016/08/15 85.50 85.50 80.70 81.00 
2016/08/16 82.50 82.50 79.50 80.00 
2016/08/17 80.70 81.40 79.00 80.00 
2016/08/18 80.30 82.40 80.30 81.90 
2016/08/19 82.00 82.20 80.80 81.30 
2016/08/22 81.70 82.20 81.00 82.10 
2016/08/23 82.10 82.10 80.60 81.10 
2016/08/24 81.60 81.70 81.10 81.30 
2016/08/25 81.80 82.90 80.90 82.90 
2016/08/26 82.70 82.70 81.60 82.50 
2016/08/29 82.20 82.30 81.10 81.20 
2016/08/30 81.50 82.60 81.20 82.60 
2016/08/31 82.60 82.90 81.40 82.80 
2016/09/01 82.60 82.60 81.30 81.30 
2016/09/02 82.00 82.20 80.40 81.70 
2016/09/05 81.30 82.70 81.30 82.30 
2016/09/06 82.50 83.80 82.40 83.80 
2016/09/07 83.30 83.60 82.60 83.10 
2016/09/08 83.50 83.60 82.00 83.00 
2016/09/09 82.60 82.60 81.40 81.40 
2016/09/10 79.90 80.60 79.70 80.10 
2016/09/12 79.70 81.30 79.30 80.70 
2016/09/13 80.70 81.10 79.30 79.80 
2016/09/14 79.30 79.90 77.40 77.40 
2016/09/19 78.60 79.60 78.00 79.20 
2016/09/20 79.00 80.40 78.70 80.40 
2016/09/21 80.40 81.00 79.90 81.00 
2016/09/22 81.40 82.20 80.80 82.20 
2016/09/23 82.80 82.80 81.60 82.50 
2016/09/26 81.50 82.30 80.70 82.00 
2016/09/29 82.30 82.40 81.30 81.30 
2016/09/30 81.00 81.60 80.70 81.30 
2016/10/03 82.00 83.30 81.60 83.00 
2016/10/04 82.90 83.40 82.40 83.20 
2016/10/05 82.20 83.30 82.20 82.70 
2016/10/06 82.50 83.60 81.80 83.50 
2016/10/07 83.50 83.60 82.80 83.60 
2016/10/11 83.70 83.70 82.80 83.50 
2016/10/12 83.50 84.80 83.50 84.40 
2016/10/13 84.40 84.40 82.20 82.30 
2016/10/14 82.50 83.40 81.80 82.20 
2016/10/17 82.50 83.80 81.40 83.60 
2016/10/18 83.40 83.60 82.80 83.50 
2016/10/19 83.10 84.70 83.00 84.60 
2016/10/20 84.50 86.90 84.20 86.60 
2016/10/21 86.60 89.50 86.60 88.80 
2016/10/24 88.80 90.30 87.60 88.50 
2016/10/25 88.40 92.50 88.10 91.40 
2016/10/26 90.40 90.60 88.90 89.70 
2016/10/27 89.30 90.80 89.30 90.20 
2016/10/28 90.10 90.90 89.90 90.10 
2016/10/31 89.80 91.40 89.40 90.10 
2016/11/01 89.60 89.90 89.10 89.10 
2016/11/02 88.50 89.40 87.80 87.80 
2016/11/03 87.80 88.30 86.00 86.30 
2016/11/04 86.30 87.90 86.10 87.60 
2016/11/07 87.00 87.90 85.60 87.10 
2016/11/08 88.20 89.50 87.60 88.50 
2016/11/09 89.60 90.20 85.50 85.80 
2016/11/10 88.00 88.90 87.40 87.40 
2016/11/11 85.30 85.90 81.40 81.80 
2016/11/14 82.10 83.00 81.00 81.30 
2016/11/15 81.00 83.30 80.50 81.30 
2016/11/16 82.10 84.00 81.30 84.00 
2016/11/17 83.10 83.60 82.10 82.90 
2016/11/18 82.90 84.90 82.50 84.80 
2016/11/21 85.80 86.50 84.00 84.10 
2016/11/22 84.30 87.30 84.30 87.20 
2016/11/23 86.30 87.00 85.50 85.60 
2016/11/24 86.10 86.20 85.20 85.20 
2016/11/25 85.10 87.50 85.00 87.30 
2016/11/28 86.60 86.60 85.40 85.40 
2016/11/29 84.50 85.30 82.90 83.10 
2016/11/30 83.00 84.00 81.90 81.90 
2016/12/01 82.20 86.70 82.20 85.20 
2016/12/02 85.20 86.20 83.40 84.80 
2016/12/05 83.50 84.00 81.80 81.80 
2016/12/06 83.30 84.80 82.30 82.50 
2016/12/07 83.30 84.30 82.80 84.00 
2016/12/08 85.60 90.60 85.60 88.90 
2016/12/09 88.50 89.00 87.80 89.00 
2016/12/12 89.70 89.70 87.20 89.00 
2016/12/13 88.70 88.80 87.70 88.20 
2016/12/14 88.50 90.40 88.40 89.40 
2016/12/15 89.00 89.20 87.80 88.00 
2016/12/16 88.50 88.70 86.50 86.50 
2016/12/19 86.90 87.10 85.30 85.70 
2016/12/20 87.30 87.40 85.40 85.60 
2016/12/21 85.60 86.90 85.20 85.70 
2016/12/22 85.90 86.70 84.70 84.70 
2016/12/23 85.20 85.80 84.20 84.20 
2016/12/26 84.60 85.10 84.20 84.60 
2016/12/27 84.80 85.30 84.10 84.20 
2016/12/28 84.90 84.90 83.70 84.30 
2016/12/29 84.30 85.20 83.80 84.40 
2016/12/30 85.10 87.00 84.40 87.00 
2017/01/03 86.50 86.90 85.70 86.60 
2017/01/04 86.60 86.90 86.00 86.70 
2017/01/05 86.20 87.10 85.60 86.00 
2017/01/06 86.10 86.60 85.50 86.00 
2017/01/09 86.80 87.40 85.90 87.00 
2017/01/10 86.70 86.70 85.10 85.60 
2017/01/11 85.60 86.10 85.20 85.70 
2017/01/12 86.50 86.80 85.90 86.60 
2017/01/13 86.40 86.40 85.00 85.40 
2017/01/16 85.00 85.60 83.40 84.60 
2017/01/17 84.30 85.00 83.90 84.40 
2017/01/18 84.40 84.80 83.90 83.90 
2017/01/19 83.90 84.00 82.90 83.10 
2017/01/20 83.10 84.30 83.00 84.00 
2017/01/23 84.80 85.20 83.60 84.40 
2017/01/24 84.80 86.60 84.80 85.50 
2017/02/02 85.40 89.00 85.40 88.90 
2017/02/03 89.80 94.50 89.60 92.00 
2017/02/06 94.00 94.50 92.60 93.30 
2017/02/07 92.30 93.80 91.90 92.50 
2017/02/08 93.00 93.90 91.10 93.10 
