2016/07/01 44.15 45.75 44.10 44.50 
2016/07/04 44.20 45.75 43.75 45.35 
2016/07/05 45.90 46.70 45.90 46.55 
2016/07/06 46.80 47.35 46.10 46.10 
2016/07/07 46.10 46.60 45.90 46.10 
2016/07/11 46.50 47.95 46.30 47.50 
2016/07/12 48.30 48.65 47.40 47.40 
2016/07/13 47.80 47.80 46.75 47.50 
2016/07/14 47.50 48.05 46.95 47.00 
2016/07/15 47.00 47.55 46.30 46.90 
2016/07/18 47.45 47.80 46.80 46.85 
2016/07/19 47.20 47.85 46.80 46.80 
2016/07/20 46.80 46.95 46.35 46.45 
2016/07/21 46.70 47.80 46.50 47.00 
2016/07/22 47.30 47.70 46.60 46.60 
2016/07/25 47.00 47.35 46.20 47.35 
2016/07/26 47.40 49.40 47.35 48.35 
2016/07/27 48.45 48.55 47.35 47.35 
2016/07/28 47.50 47.50 46.30 46.35 
2016/07/29 46.20 46.35 45.05 46.35 
2016/08/01 46.45 46.50 45.45 45.70 
2016/08/02 45.60 46.20 45.40 45.60 
2016/08/03 45.30 46.15 45.20 45.45 
2016/08/04 45.80 45.80 44.20 44.40 
2016/08/05 44.40 44.40 43.65 44.25 
2016/08/08 44.30 44.65 43.10 43.60 
2016/08/09 43.60 44.15 43.40 43.90 
2016/08/10 43.40 43.50 41.00 43.50 
2016/08/11 42.55 43.10 41.65 42.90 
2016/08/12 42.80 42.80 42.10 42.70 
2016/08/15 42.70 43.00 42.25 43.00 
2016/08/16 43.00 43.50 42.20 42.70 
2016/08/17 40.80 41.65 40.80 41.45 
2016/08/18 41.60 41.65 40.85 41.20 
2016/08/19 41.40 41.50 40.85 40.85 
2016/08/22 40.75 41.50 40.75 41.20 
2016/08/23 41.20 41.70 41.00 41.55 
2016/08/24 41.55 42.95 41.30 42.85 
2016/08/25 42.90 43.75 42.60 43.40 
2016/08/26 43.40 43.45 42.95 43.00 
2016/08/29 43.00 43.00 42.20 42.55 
2016/08/30 42.25 42.55 41.65 42.10 
2016/08/31 42.10 42.15 41.75 41.75 
2016/09/01 41.75 41.75 40.75 40.95 
2016/09/02 40.95 41.20 40.00 40.95 
2016/09/05 41.30 41.75 40.95 41.50 
2016/09/06 41.00 41.75 41.00 41.55 
2016/09/07 41.55 42.75 41.45 42.70 
2016/09/08 42.70 42.70 42.25 42.35 
2016/09/09 42.40 43.15 42.10 43.00 
2016/09/10 42.40 43.25 42.30 43.00 
2016/09/12 43.00 43.10 42.30 42.30 
2016/09/13 42.60 42.65 41.60 42.25 
2016/09/14 42.15 42.25 41.70 41.75 
2016/09/19 42.00 43.15 41.90 42.95 
2016/09/20 42.95 43.65 42.95 43.35 
2016/09/21 43.20 43.50 42.80 43.30 
2016/09/22 43.45 43.45 42.75 43.00 
2016/09/23 43.00 43.40 42.90 42.95 
2016/09/26 43.15 43.55 42.80 43.50 
2016/09/29 43.95 44.35 43.50 44.05 
2016/09/30 43.95 44.20 43.20 43.75 
2016/10/03 44.10 44.15 43.40 43.60 
2016/10/04 43.60 43.60 42.65 42.85 
2016/10/05 42.70 43.15 42.50 42.60 
2016/10/06 42.70 43.85 42.50 43.60 
2016/10/07 43.30 44.05 43.25 43.65 
2016/10/11 43.80 43.95 42.80 43.50 
2016/10/12 43.40 44.15 43.05 44.00 
2016/10/13 44.55 44.55 44.00 44.00 
2016/10/14 44.10 44.95 43.80 44.00 
2016/10/17 44.05 44.50 43.00 43.95 
2016/10/18 44.10 44.20 43.75 43.75 
2016/10/19 43.90 44.60 43.90 44.40 
2016/10/20 44.90 46.25 44.80 45.85 
2016/10/21 46.15 46.50 45.60 45.60 
2016/10/24 45.85 46.15 44.90 44.90 
2016/10/25 45.10 45.20 44.60 44.75 
2016/10/26 44.55 45.10 44.55 44.70 
2016/10/27 44.85 44.95 44.25 44.95 
2016/10/28 45.00 45.05 44.15 44.25 
2016/10/31 44.05 44.05 42.80 43.40 
2016/11/01 43.20 43.80 43.00 43.70 
2016/11/02 43.40 43.80 42.95 43.00 
2016/11/03 43.00 43.40 42.65 43.00 
2016/11/04 43.35 43.70 43.05 43.10 
2016/11/07 43.40 43.70 42.65 43.55 
2016/11/08 43.25 43.30 42.65 42.75 
2016/11/09 43.10 43.10 38.90 40.00 
2016/11/10 41.90 41.90 40.80 41.55 
2016/11/11 40.50 42.40 40.40 42.30 
2016/11/14 41.90 43.40 41.75 43.30 
2016/11/15 43.35 43.75 42.85 43.75 
2016/11/16 43.80 44.00 43.55 44.00 
2016/11/17 43.70 44.00 43.65 43.95 
2016/11/18 43.95 44.35 43.75 44.30 
2016/11/21 44.40 44.90 44.10 44.85 
2016/11/22 44.85 44.95 44.00 44.00 
2016/11/23 44.10 44.35 43.60 44.15 
2016/11/24 44.20 44.20 43.60 43.60 
2016/11/25 43.60 43.70 42.95 43.25 
2016/11/28 43.25 43.40 42.90 43.05 
2016/11/29 43.05 43.45 42.80 43.20 
2016/11/30 43.40 43.60 43.30 43.40 
2016/12/01 43.55 43.75 43.25 43.35 
2016/12/02 43.35 43.50 42.90 43.10 
2016/12/05 43.15 43.20 42.70 42.90 
2016/12/06 43.10 43.30 42.80 42.85 
2016/12/07 43.20 43.20 42.30 42.85 
2016/12/08 42.90 43.05 42.50 43.00 
2016/12/09 43.05 43.05 42.80 42.85 
2016/12/12 42.80 43.05 42.50 42.55 
2016/12/13 42.70 43.00 42.60 42.70 
2016/12/14 42.70 42.80 42.30 42.60 
2016/12/15 42.20 42.60 42.00 42.35 
2016/12/16 42.35 42.90 42.25 42.60 
2016/12/19 41.90 43.00 41.90 42.60 
2016/12/20 42.50 42.90 42.50 42.65 
2016/12/21 42.70 42.90 42.55 42.70 
2016/12/22 42.70 42.80 42.00 42.00 
2016/12/23 42.00 42.10 41.55 42.00 
2016/12/26 41.75 42.25 41.65 41.95 
2016/12/27 42.00 42.20 41.85 41.95 
2016/12/28 41.95 42.25 41.75 42.05 
2016/12/29 42.15 42.15 41.95 41.95 
2016/12/30 42.00 42.50 42.00 42.00 
2017/01/03 42.30 42.50 41.80 42.40 
2017/01/04 42.40 42.70 42.05 42.05 
2017/01/05 42.05 42.35 41.80 41.80 
2017/01/06 41.80 42.10 41.50 41.85 
2017/01/09 42.25 43.20 42.25 43.05 
2017/01/10 43.45 43.75 42.95 43.05 
2017/01/11 43.10 43.20 42.75 42.80 
2017/01/12 42.80 43.00 42.70 42.75 
2017/01/13 42.90 43.25 42.55 43.25 
2017/01/16 43.45 43.80 43.15 43.30 
2017/01/17 43.30 43.60 43.10 43.45 
2017/01/18 43.50 44.35 43.50 44.20 
2017/01/19 44.40 44.50 43.80 43.85 
2017/01/20 43.90 44.20 43.45 43.45 
2017/01/23 43.55 45.00 43.55 44.80 
2017/01/24 44.90 45.25 44.25 44.30 
2017/02/02 44.40 44.45 44.00 44.25 
2017/02/03 44.30 45.80 44.30 45.15 
2017/02/06 45.60 45.70 44.20 44.85 
2017/02/07 44.95 45.30 44.35 44.75 
2017/02/08 44.50 44.75 44.00 44.10 
