2016/07/01 3.19 3.25 3.19 3.25 
2016/07/04 3.36 3.36 3.05 3.33 
2016/07/05 3.40 3.40 3.20 3.20 
2016/07/06 3.20 3.20 3.20 3.20 
2016/07/07 3.50 3.50 3.20 3.20 
2016/07/11 3.20 3.20 3.19 3.19 
2016/07/12 3.20 3.50 3.20 3.22 
2016/07/13 3.22 3.22 3.22 3.22 
2016/07/14 3.22 3.40 3.22 3.30 
2016/07/15 3.30 3.50 3.30 3.50 
2016/07/18 3.74 3.74 3.21 3.50 
2016/07/19 3.49 3.68 3.41 3.41 
2016/07/20 3.41 3.56 3.25 3.49 
2016/07/21 3.49 3.65 3.20 3.40 
2016/07/22 3.30 3.41 3.30 3.40 
2016/07/25 3.50 3.50 3.21 3.43 
2016/07/26 3.50 3.50 3.26 3.26 
2016/07/27 3.36 3.36 3.26 3.28 
2016/07/28 3.39 3.39 3.35 3.35 
2016/07/29 3.30 3.35 3.30 3.30 
2016/08/01 3.46 3.46 3.30 3.30 
2016/08/02 3.37 3.37 3.22 3.25 
2016/08/03 3.37 3.37 3.11 3.20 
2016/08/04 3.35 3.35 3.03 3.19 
2016/08/05 3.19 3.19 3.03 3.03 
2016/08/08 3.18 3.33 3.18 3.33 
2016/08/09 3.32 3.60 3.31 3.35 
2016/08/10 3.45 3.51 3.20 3.20 
2016/08/11 3.36 3.36 3.06 3.20 
2016/08/12 3.36 3.36 3.20 3.20 
2016/08/15 3.35 3.35 3.25 3.28 
2016/08/16 3.33 3.35 3.16 3.21 
2016/08/17 3.30 3.30 3.17 3.20 
2016/08/18 3.30 3.30 3.20 3.20 
2016/08/19 3.20 3.20 3.20 3.20 
2016/08/22 3.20 3.27 3.06 3.11 
2016/08/23 3.14 3.25 3.14 3.25 
2016/08/24 3.30 3.30 3.30 3.30 
2016/08/25 3.40 3.40 3.40 3.40 
2016/08/26 3.73 3.73 3.50 3.65 
2016/08/29 3.60 3.60 3.50 3.50 
2016/08/30 3.50 3.50 3.50 3.50 
2016/08/31 3.50 3.60 3.50 3.60 
2016/09/01 3.60 3.60 3.50 3.57 
2016/09/02 3.40 3.55 3.30 3.55 
2016/09/05 3.50 3.50 3.40 3.50 
2016/09/06 3.40 3.40 3.31 3.31 
2016/09/07 3.40 3.45 3.40 3.45 
2016/09/08 3.40 3.45 3.40 3.40 
2016/09/09 3.35 3.45 3.35 3.45 
2016/09/10 3.45 3.45 3.32 3.45 
2016/09/12 3.45 3.45 3.13 3.44 
2016/09/13 3.26 3.44 3.26 3.44 
2016/09/19 3.25 3.25 3.22 3.22 
2016/09/20 3.44 3.44 3.32 3.32 
2016/09/21 3.32 3.44 3.32 3.44 
2016/09/22 3.44 3.44 3.28 3.44 
2016/09/23 3.44 3.68 3.44 3.68 
2016/09/26 3.68 3.70 3.50 3.70 
2016/09/29 3.70 3.70 3.70 3.70 
2016/09/30 3.70 3.70 3.70 3.70 
2016/10/03 3.70 3.80 3.70 3.80 
2016/10/04 3.80 3.95 3.80 3.80 
2016/10/05 3.75 3.85 3.75 3.85 
2016/10/06 3.85 3.90 3.80 3.90 
2016/10/07 3.90 3.95 3.90 3.90 
2016/10/11 3.51 3.58 3.51 3.58 
2016/10/12 3.40 3.55 3.40 3.40 
2016/10/13 3.06 3.40 3.06 3.15 
2016/10/14 3.20 3.20 3.03 3.15 
2016/10/17 3.16 3.20 3.05 3.05 
2016/10/18 3.03 3.15 3.03 3.06 
2016/10/31 21.00 21.00 21.00 21.00 
2016/11/01 23.10 23.10 23.10 23.10 
2016/11/02 25.40 25.40 23.10 23.50 
2016/11/03 23.40 24.00 23.40 24.00 
2016/11/04 26.00 26.30 26.00 26.20 
2016/11/07 26.10 28.00 26.10 26.30 
2016/11/08 26.20 26.20 24.20 24.20 
2016/11/09 24.20 24.20 22.55 22.55 
2016/11/10 24.75 24.80 24.75 24.80 
2016/11/11 24.00 24.00 24.00 24.00 
2016/11/14 24.00 24.50 24.00 24.50 
2016/11/15 25.00 26.00 24.50 25.10 
2016/11/16 24.85 24.85 24.50 24.50 
2016/11/17 24.30 24.40 24.20 24.20 
2016/11/18 24.00 24.50 24.00 24.50 
2016/11/21 22.20 24.50 22.20 24.50 
2016/11/22 24.15 24.50 22.65 24.15 
2016/11/23 24.10 24.10 23.00 23.00 
2016/11/24 22.80 23.00 22.30 22.30 
2016/11/25 23.00 23.70 22.30 23.70 
2016/11/28 23.00 23.00 22.80 22.80 
2016/11/29 22.75 22.90 22.05 22.05 
2016/11/30 21.00 21.00 20.05 20.60 
2016/12/01 22.00 22.00 20.50 20.50 
2016/12/05 21.00 21.00 21.00 21.00 
2016/12/06 20.00 20.00 19.05 19.05 
2016/12/07 20.40 20.50 20.00 20.00 
2016/12/08 20.50 20.60 20.50 20.60 
2016/12/14 20.70 21.40 20.10 20.15 
2016/12/15 20.00 20.20 20.00 20.15 
2016/12/16 20.15 20.20 20.15 20.20 
2016/12/20 20.20 20.20 20.20 20.20 
2016/12/21 20.20 20.20 20.20 20.20 
2016/12/22 20.00 20.20 19.50 20.20 
2016/12/23 20.20 20.20 20.20 20.20 
2016/12/26 20.20 20.20 20.20 20.20 
2016/12/27 20.20 20.20 20.20 20.20 
2016/12/28 20.20 20.20 20.20 20.20 
2016/12/29 20.20 20.20 20.20 20.20 
2016/12/30 20.00 20.00 18.70 19.45 
2017/01/03 19.30 19.30 17.80 17.80 
2017/01/04 17.80 18.15 17.80 18.15 
2017/01/05 18.15 18.50 18.00 18.50 
2017/01/06 18.10 18.10 18.10 18.10 
2017/01/09 17.00 18.10 17.00 18.10 
2017/01/10 18.10 18.10 18.10 18.10 
2017/01/11 18.10 18.10 18.05 18.10 
2017/01/12 19.40 19.40 19.40 19.40 
2017/01/17 19.50 20.80 18.90 20.80 
2017/01/18 20.50 21.00 20.50 20.80 
2017/01/19 21.00 21.00 20.75 20.75 
2017/01/20 20.60 20.60 20.50 20.50 
2017/02/02 21.10 21.10 21.10 21.10 
2017/02/03 21.40 21.40 21.25 21.25 
2017/02/06 23.00 23.35 23.00 23.00 
2017/02/07 23.00 24.00 23.00 23.95 
2017/02/08 25.80 25.80 23.00 23.00 
