2016/07/01 10.30 10.30 10.20 10.20 
2016/07/04 10.30 10.30 10.25 10.25 
2016/07/05 10.30 10.35 10.25 10.30 
2016/07/06 10.45 10.45 10.25 10.40 
2016/07/07 10.45 10.50 10.40 10.45 
2016/07/11 10.50 10.55 10.30 10.35 
2016/07/12 10.50 10.50 10.35 10.35 
2016/07/13 10.50 10.50 10.40 10.40 
2016/07/14 10.50 10.50 10.45 10.45 
2016/07/15 10.50 10.50 10.40 10.40 
2016/07/18 10.40 10.50 10.30 10.30 
2016/07/19 10.65 10.65 10.50 10.50 
2016/07/20 10.40 10.40 10.40 10.40 
2016/07/21 10.30 10.40 10.30 10.30 
2016/07/22 10.35 10.50 10.35 10.40 
2016/07/25 10.40 10.40 10.35 10.35 
2016/07/26 10.40 10.40 10.40 10.40 
2016/07/27 10.60 10.60 10.35 10.35 
2016/07/28 10.40 10.40 10.40 10.40 
2016/07/29 10.50 10.50 10.40 10.40 
2016/08/02 10.30 10.30 10.20 10.25 
2016/08/03 10.25 10.25 10.25 10.25 
2016/08/04 10.25 10.30 10.25 10.25 
2016/08/05 10.45 10.45 10.45 10.45 
2016/08/08 10.55 10.55 10.50 10.50 
2016/08/09 10.40 10.40 10.40 10.40 
2016/08/10 10.25 10.40 10.20 10.20 
2016/08/11 10.20 10.35 10.20 10.35 
2016/08/12 10.35 10.35 10.35 10.35 
2016/08/15 10.25 10.30 10.20 10.30 
2016/08/16 10.20 10.20 10.10 10.15 
2016/08/17 10.15 10.60 10.15 10.45 
2016/08/18 10.20 10.30 10.20 10.30 
2016/08/19 10.30 10.30 10.30 10.30 
2016/08/22 10.30 10.30 10.30 10.30 
2016/08/23 10.30 10.30 10.30 10.30 
2016/08/24 10.30 10.30 10.25 10.25 
2016/08/25 10.20 10.30 10.15 10.30 
2016/08/26 10.20 10.20 10.20 10.20 
2016/08/29 10.20 10.20 10.20 10.20 
2016/08/30 10.20 10.30 10.10 10.30 
2016/08/31 10.35 10.35 10.35 10.35 
2016/09/01 9.99 9.99 9.81 9.81 
2016/09/02 9.70 9.79 9.00 9.78 
2016/09/05 9.50 9.50 9.40 9.50 
2016/09/06 9.50 9.50 9.20 9.44 
2016/09/07 9.31 9.31 9.25 9.27 
2016/09/08 9.72 9.74 9.50 9.59 
2016/09/09 9.42 9.42 9.41 9.41 
2016/09/10 9.41 9.41 9.41 9.41 
2016/09/19 9.31 9.32 9.31 9.32 
2016/09/20 9.59 9.60 9.59 9.60 
2016/09/21 9.87 9.87 9.51 9.51 
2016/09/22 9.78 9.78 9.50 9.50 
2016/09/23 9.40 9.60 9.40 9.57 
2016/09/26 9.55 9.55 9.36 9.53 
2016/09/29 9.59 9.59 9.00 9.30 
2016/09/30 9.50 9.50 9.45 9.50 
2016/10/03 9.22 9.49 9.18 9.49 
2016/10/04 9.49 9.49 9.31 9.32 
2016/10/05 9.30 9.47 9.30 9.47 
2016/10/06 9.50 9.50 9.50 9.50 
2016/10/07 9.76 9.91 9.56 9.86 
2016/10/11 9.85 10.10 9.42 9.42 
2016/10/12 9.78 9.90 9.78 9.84 
2016/10/13 9.81 10.00 9.57 9.57 
2016/10/14 9.86 9.88 9.45 9.84 
2016/10/17 9.75 9.89 9.60 9.77 
2016/10/18 9.75 9.75 9.62 9.73 
2016/10/19 9.70 9.77 9.51 9.77 
2016/10/20 9.75 9.75 9.75 9.75 
2016/10/21 9.74 9.89 9.70 9.89 
2016/10/24 10.00 10.00 9.52 9.52 
2016/10/25 9.52 9.83 9.52 9.83 
2016/10/26 9.88 9.88 9.88 9.88 
2016/10/27 9.97 9.97 9.60 9.97 
2016/10/28 9.96 9.97 9.52 9.89 
2016/10/31 9.91 9.91 9.60 9.60 
2016/11/01 9.57 9.57 9.57 9.57 
2016/11/02 9.51 9.80 9.50 9.70 
2016/11/03 9.52 9.52 9.50 9.50 
2016/11/04 9.55 9.72 9.45 9.45 
2016/11/07 9.77 9.77 9.40 9.40 
2016/11/08 9.23 9.66 9.23 9.33 
2016/11/09 9.25 9.49 9.22 9.23 
2016/11/10 9.45 9.48 9.21 9.48 
2016/11/11 9.48 9.48 9.30 9.46 
2016/11/14 9.49 9.49 9.49 9.49 
2016/11/15 9.47 9.47 9.22 9.44 
2016/11/16 9.68 9.68 9.62 9.62 
2016/11/17 9.22 9.74 9.22 9.24 
2016/11/18 9.58 9.68 9.58 9.59 
2016/11/21 9.84 9.84 9.84 9.84 
2016/11/22 9.85 9.85 9.35 9.75 
2016/11/23 9.51 9.65 9.51 9.65 
2016/11/24 9.65 9.70 9.65 9.70 
2016/11/25 9.68 9.70 9.68 9.70 
2016/11/28 9.79 9.79 9.00 9.68 
2016/11/29 9.55 9.62 9.55 9.62 
2016/11/30 9.42 9.59 9.23 9.59 
2016/12/01 9.26 9.43 9.23 9.43 
2016/12/02 9.43 9.43 9.42 9.42 
2016/12/05 9.45 9.45 9.31 9.32 
2016/12/06 9.29 9.44 9.28 9.44 
2016/12/07 9.46 9.46 9.32 9.33 
2016/12/08 9.44 9.44 9.30 9.39 
2016/12/09 9.44 9.44 9.44 9.44 
2016/12/13 9.22 9.25 9.22 9.25 
2016/12/14 9.26 9.30 9.24 9.24 
2016/12/15 9.31 9.31 9.28 9.28 
2016/12/16 9.29 9.29 9.29 9.29 
2016/12/19 9.28 9.28 9.28 9.28 
2016/12/20 9.28 9.28 9.27 9.27 
2016/12/21 9.35 9.35 9.35 9.35 
2016/12/22 9.13 9.13 9.05 9.05 
2016/12/23 9.30 9.30 9.23 9.23 
2016/12/26 9.22 9.22 9.22 9.22 
2016/12/27 9.21 9.21 9.21 9.21 
2016/12/28 9.21 9.38 9.04 9.38 
2016/12/29 9.39 9.85 9.31 9.31 
2016/12/30 9.78 9.81 9.36 9.36 
2017/01/03 9.36 9.80 9.36 9.80 
2017/01/04 9.68 9.70 9.13 9.70 
2017/01/05 9.64 9.70 9.60 9.70 
2017/01/06 9.74 9.80 9.70 9.76 
2017/01/09 9.77 9.77 9.45 9.75 
2017/01/10 9.44 9.75 9.33 9.70 
2017/01/11 9.67 9.69 9.67 9.69 
2017/01/12 9.69 9.78 9.69 9.78 
2017/01/13 9.75 9.75 9.75 9.75 
2017/01/16 9.77 9.77 9.77 9.77 
2017/01/17 9.70 9.75 9.70 9.74 
2017/01/18 9.70 9.70 9.70 9.70 
2017/01/19 9.70 9.70 9.70 9.70 
2017/01/20 9.50 9.50 9.50 9.50 
2017/01/24 9.41 9.50 9.22 9.39 
2017/02/02 9.45 9.70 9.38 9.38 
2017/02/03 9.67 9.67 9.33 9.65 
2017/02/06 9.44 9.62 9.44 9.62 
