2016/07/01 25.85 25.85 25.05 25.70 
2016/07/04 25.10 25.50 25.00 25.00 
2016/07/05 24.40 24.45 23.60 24.45 
2016/07/06 24.40 24.40 24.40 24.40 
2016/07/07 24.70 24.70 24.70 24.70 
2016/07/12 24.90 24.90 24.90 24.90 
2016/07/15 24.65 24.85 24.65 24.85 
2016/07/18 25.45 25.45 24.65 24.65 
2016/07/19 24.95 25.55 24.95 25.55 
2016/07/20 26.20 26.20 24.80 25.40 
2016/07/21 26.60 26.60 25.20 26.00 
2016/07/22 26.85 26.85 26.85 26.85 
2016/07/25 25.05 25.30 24.70 24.70 
2016/07/26 25.50 25.60 25.45 25.45 
2016/07/27 24.55 25.20 24.55 25.20 
2016/07/28 24.95 24.95 24.95 24.95 
2016/07/29 24.20 24.80 23.10 24.80 
2016/08/01 24.55 24.55 24.55 24.55 
2016/08/03 24.25 24.30 24.25 24.25 
2016/08/04 24.80 26.60 24.00 25.45 
2016/08/05 26.85 26.85 24.00 24.80 
2016/08/08 24.70 24.75 24.70 24.75 
2016/08/09 24.75 24.75 24.15 24.15 
2016/08/10 24.70 24.70 24.70 24.70 
2016/08/12 24.75 24.75 23.50 23.75 
2016/08/15 24.60 24.60 24.20 24.20 
2016/08/16 24.20 24.20 24.20 24.20 
2016/08/17 24.60 24.60 24.25 24.30 
2016/08/18 23.45 23.95 23.45 23.95 
2016/08/22 24.70 24.70 24.00 24.00 
2016/08/23 24.05 24.05 23.85 23.85 
2016/08/24 24.05 24.05 24.05 24.05 
2016/08/25 24.00 24.05 23.95 23.95 
2016/08/26 23.90 23.90 23.90 23.90 
2016/08/29 23.70 23.70 23.70 23.70 
2016/08/30 23.50 23.50 23.50 23.50 
2016/09/01 23.80 23.80 23.80 23.80 
2016/09/02 23.50 23.80 23.50 23.80 
2016/09/08 23.30 23.50 23.30 23.50 
2016/09/09 23.15 23.50 23.05 23.50 
2016/09/10 23.50 23.50 23.00 23.00 
2016/09/12 22.90 23.35 22.90 23.35 
2016/09/14 23.15 23.15 23.15 23.15 
2016/09/19 23.10 23.10 23.10 23.10 
2016/09/20 23.75 23.85 23.75 23.85 
2016/09/21 23.55 23.55 23.45 23.45 
2016/09/22 23.25 23.25 23.25 23.25 
2016/09/23 22.95 23.55 22.90 23.45 
2016/09/26 23.15 23.40 23.15 23.40 
2016/09/29 23.35 23.35 23.05 23.05 
2016/09/30 23.35 23.55 23.15 23.15 
2016/10/03 23.20 23.20 23.20 23.20 
2016/10/04 23.30 23.40 23.30 23.35 
2016/10/05 23.35 23.75 23.35 23.70 
2016/10/06 23.30 23.30 23.30 23.30 
2016/10/07 23.65 23.65 23.40 23.40 
2016/10/11 23.70 23.70 23.40 23.50 
2016/10/12 23.50 24.75 23.50 24.75 
2016/10/13 23.70 24.35 23.55 23.55 
2016/10/14 23.75 24.20 23.75 24.10 
2016/10/17 23.15 23.35 22.50 22.50 
2016/10/19 22.40 22.45 22.20 22.45 
2016/10/20 22.45 22.65 22.45 22.65 
2016/10/21 23.45 23.45 23.45 23.45 
2016/10/25 22.75 23.00 22.75 23.00 
2016/10/26 22.70 22.70 22.70 22.70 
2016/10/28 22.70 22.70 22.70 22.70 
2016/11/01 22.70 22.70 22.60 22.60 
2016/11/02 23.50 23.50 22.60 23.05 
2016/11/03 22.75 22.75 22.70 22.75 
2016/11/04 22.65 22.65 22.65 22.65 
2016/11/07 22.65 22.95 22.65 22.95 
2016/11/09 22.55 22.55 22.35 22.35 
2016/11/10 22.75 22.75 22.60 22.60 
2016/11/11 23.00 23.00 22.60 22.60 
2016/11/14 22.60 22.65 22.60 22.60 
2016/11/17 22.30 22.30 22.25 22.25 
2016/11/18 22.10 22.20 22.00 22.20 
2016/11/21 22.00 22.00 21.60 21.60 
2016/11/22 21.50 21.85 21.50 21.85 
2016/11/24 21.15 21.85 21.15 21.40 
2016/11/25 21.20 21.20 21.15 21.15 
2016/11/29 20.65 20.65 20.60 20.60 
2016/11/30 20.15 20.30 20.15 20.25 
2016/12/01 20.40 20.45 20.00 20.00 
2016/12/02 20.00 20.00 20.00 20.00 
2016/12/05 20.05 20.05 20.00 20.00 
2016/12/06 20.00 20.00 19.95 19.95 
2016/12/07 19.45 20.10 19.45 20.00 
2016/12/08 20.15 20.45 19.95 20.45 
2016/12/09 19.95 20.40 19.95 20.40 
2016/12/12 20.80 20.80 20.20 20.20 
2016/12/13 20.60 20.60 20.60 20.60 
2016/12/14 20.40 20.55 20.25 20.55 
2016/12/15 20.20 20.20 20.20 20.20 
2016/12/16 20.20 20.20 20.00 20.00 
2016/12/19 20.25 20.25 20.25 20.25 
2016/12/20 19.90 19.90 19.90 19.90 
2016/12/22 19.90 20.05 19.85 20.05 
2016/12/23 20.10 20.10 19.90 19.90 
2016/12/27 20.10 20.25 20.05 20.25 
2016/12/28 20.00 20.10 20.00 20.10 
2016/12/29 20.20 20.30 19.95 20.20 
2016/12/30 20.00 20.20 20.00 20.20 
2017/01/03 19.95 20.10 19.95 20.10 
2017/01/04 20.10 20.30 20.10 20.30 
2017/01/05 20.25 20.45 20.25 20.45 
2017/01/06 20.25 20.40 20.25 20.40 
2017/01/09 20.25 20.50 20.25 20.50 
2017/01/10 20.35 20.35 20.30 20.35 
2017/01/11 20.35 20.35 20.00 20.00 
2017/01/12 20.30 20.35 20.00 20.35 
2017/01/13 20.35 20.35 20.35 20.35 
2017/01/16 20.35 20.35 20.35 20.35 
2017/01/17 20.50 20.55 20.40 20.55 
2017/01/18 20.55 20.80 20.55 20.60 
2017/01/19 20.60 21.00 20.60 20.65 
2017/01/20 20.65 20.70 20.65 20.70 
2017/01/23 21.30 21.50 21.30 21.50 
2017/01/24 21.90 21.90 21.90 21.90 
2017/02/03 21.90 21.90 21.90 21.90 
2017/02/06 21.30 21.55 21.30 21.55 
2017/02/07 21.50 21.55 21.50 21.55 
2017/02/08 21.50 22.00 21.50 21.65 
