2016/07/01 47.70 47.90 47.50 47.55 
2016/07/04 47.55 47.65 47.15 47.65 
2016/07/05 47.50 48.90 47.40 48.45 
2016/07/06 48.40 49.40 48.00 49.05 
2016/07/07 49.60 52.50 49.60 51.40 
2016/07/11 51.80 51.80 50.30 50.60 
2016/07/12 50.80 52.00 50.60 50.60 
2016/07/13 50.60 50.90 50.10 50.30 
2016/07/14 50.50 50.90 50.30 50.30 
2016/07/15 50.60 51.00 50.40 50.60 
2016/07/18 50.50 51.40 50.50 51.40 
2016/07/19 51.50 51.50 50.90 51.30 
2016/07/20 51.10 51.50 50.60 51.00 
2016/07/21 51.00 51.40 50.80 51.20 
2016/07/22 51.20 51.30 51.00 51.30 
2016/07/25 51.90 52.00 50.50 51.00 
2016/07/26 50.70 51.00 50.50 50.70 
2016/07/27 50.60 51.00 50.50 50.90 
2016/07/28 50.90 51.00 50.60 50.70 
2016/07/29 50.60 51.00 50.60 50.80 
2016/08/01 50.80 51.60 50.70 51.60 
2016/08/02 51.60 51.90 51.30 51.60 
2016/08/03 51.60 52.20 51.10 51.90 
2016/08/04 51.80 52.30 51.40 52.00 
2016/08/05 52.30 52.40 51.90 51.90 
2016/08/08 52.00 52.00 50.80 50.80 
2016/08/09 50.20 50.60 49.80 50.60 
2016/08/10 50.90 51.40 50.80 51.20 
2016/08/11 47.60 48.20 47.45 47.50 
2016/08/12 47.50 48.00 47.25 47.90 
2016/08/15 47.60 47.60 47.05 47.20 
2016/08/16 47.45 47.45 46.80 47.00 
2016/08/17 48.75 48.75 47.60 47.80 
2016/08/18 47.95 47.95 47.20 47.70 
2016/08/19 47.50 47.85 47.05 47.10 
2016/08/22 47.10 47.20 46.45 46.50 
2016/08/23 46.50 46.80 46.50 46.65 
2016/08/24 46.80 47.20 46.80 46.90 
2016/08/25 47.50 47.60 47.10 47.30 
2016/08/26 47.50 47.50 47.05 47.10 
2016/08/29 47.30 47.50 46.90 47.40 
2016/08/30 47.40 47.50 47.00 47.10 
2016/08/31 47.15 47.20 46.95 47.00 
2016/09/01 46.95 47.00 46.60 47.00 
2016/09/02 47.00 47.00 46.45 46.55 
2016/09/05 46.55 47.10 46.55 46.85 
2016/09/06 47.00 47.40 46.75 47.15 
2016/09/07 47.50 47.50 47.15 47.35 
2016/09/08 47.35 47.55 47.35 47.50 
2016/09/09 47.90 47.90 47.55 47.70 
2016/09/10 47.45 47.50 47.00 47.50 
2016/09/12 47.40 47.50 47.25 47.25 
2016/09/13 47.25 47.25 46.80 47.10 
2016/09/14 46.95 46.95 46.65 46.95 
2016/09/19 47.75 47.75 47.00 47.25 
2016/09/20 47.25 47.25 47.10 47.15 
2016/09/21 47.30 47.50 46.90 47.30 
2016/09/22 47.60 47.75 47.20 47.20 
2016/09/23 47.50 47.50 47.20 47.30 
2016/09/26 47.30 47.40 46.80 47.40 
2016/09/29 47.50 47.65 47.35 47.50 
2016/09/30 47.50 47.50 47.05 47.40 
2016/10/03 47.40 47.65 47.30 47.40 
2016/10/04 47.40 47.65 47.20 47.25 
2016/10/05 47.25 47.25 47.00 47.00 
2016/10/06 47.00 47.15 46.95 47.00 
2016/10/07 47.00 47.20 46.90 47.00 
2016/10/11 46.80 46.80 46.40 46.40 
2016/10/12 46.10 46.40 45.70 46.20 
2016/10/13 46.20 46.20 45.75 45.80 
2016/10/14 45.70 45.70 45.05 45.05 
2016/10/17 45.05 45.30 44.50 45.30 
2016/10/18 45.50 46.15 45.50 45.75 
2016/10/19 46.05 46.40 45.80 46.25 
2016/10/20 46.35 46.40 46.00 46.30 
2016/10/21 46.30 46.35 46.20 46.30 
2016/10/24 46.30 46.50 46.20 46.20 
2016/10/25 46.20 46.20 45.80 46.05 
2016/10/26 46.00 46.40 46.00 46.00 
2016/10/27 46.05 46.10 45.85 46.05 
2016/10/28 46.05 46.05 45.60 45.60 
2016/10/31 45.70 45.90 45.40 45.65 
2016/11/01 45.65 45.65 45.55 45.55 
2016/11/02 45.40 45.55 45.25 45.55 
2016/11/03 45.55 45.55 44.85 45.00 
2016/11/04 45.00 45.00 44.70 44.75 
2016/11/07 44.75 45.00 44.75 44.85 
2016/11/08 44.90 45.35 44.90 45.35 
2016/11/09 45.30 45.30 44.00 44.20 
2016/11/10 45.45 45.45 44.90 44.90 
2016/11/11 44.90 44.90 44.80 44.80 
2016/11/14 44.80 45.00 44.10 44.55 
2016/11/15 44.55 45.00 44.50 44.90 
2016/11/16 44.95 45.20 44.70 44.70 
2016/11/17 44.70 44.80 44.60 44.80 
2016/11/18 44.85 45.00 44.80 45.00 
2016/11/21 45.00 45.20 45.00 45.20 
2016/11/22 45.20 45.50 45.00 45.25 
2016/11/23 45.35 45.55 45.35 45.55 
2016/11/24 45.60 45.70 45.35 45.60 
2016/11/25 45.60 45.60 45.15 45.20 
2016/11/28 45.25 45.90 45.25 45.45 
2016/11/29 45.45 45.50 45.40 45.40 
2016/11/30 45.40 45.40 45.30 45.40 
2016/12/01 45.40 45.75 45.35 45.35 
2016/12/02 45.35 45.50 45.30 45.30 
2016/12/05 45.30 45.50 45.30 45.30 
2016/12/06 45.50 45.50 45.35 45.35 
2016/12/07 45.50 45.60 45.45 45.55 
2016/12/08 45.50 45.70 45.50 45.70 
2016/12/09 46.95 47.10 46.70 46.75 
2016/12/12 46.60 46.95 46.55 46.70 
2016/12/13 46.70 46.80 46.65 46.70 
2016/12/14 46.80 47.00 46.80 46.80 
2016/12/15 46.95 47.00 46.75 46.95 
2016/12/16 46.95 47.00 46.75 47.00 
2016/12/19 46.80 46.90 46.70 46.70 
2016/12/20 46.70 47.40 46.70 47.25 
2016/12/21 47.35 47.35 47.00 47.20 
2016/12/22 47.15 47.50 47.00 47.45 
2016/12/23 47.45 47.65 47.20 47.35 
2016/12/26 47.50 47.50 47.25 47.25 
2016/12/27 47.25 47.25 47.10 47.10 
2016/12/28 47.10 47.30 47.00 47.25 
2016/12/29 47.30 47.55 47.20 47.50 
2016/12/30 47.70 47.85 47.50 47.85 
2017/01/03 47.90 48.20 47.90 47.95 
2017/01/04 48.00 48.25 47.85 47.95 
2017/01/05 48.00 48.00 47.80 47.80 
2017/01/06 47.80 47.80 46.15 46.90 
2017/01/09 46.90 46.90 46.70 46.75 
2017/01/10 47.80 47.80 47.25 47.50 
2017/01/11 47.50 47.80 47.50 47.65 
2017/01/12 47.70 47.70 47.60 47.65 
2017/01/13 47.65 47.65 47.40 47.50 
2017/01/16 47.60 47.60 47.10 47.45 
2017/01/17 47.45 47.90 47.45 47.85 
2017/01/18 47.85 48.00 47.85 48.00 
2017/01/19 48.10 48.10 47.80 47.90 
2017/01/20 47.90 48.10 47.80 47.80 
2017/01/23 48.00 48.00 47.80 47.80 
2017/01/24 47.90 47.95 47.70 47.70 
2017/02/02 47.75 47.95 47.60 47.70 
2017/02/03 47.75 47.80 47.65 47.70 
2017/02/06 47.70 48.85 47.60 48.60 
2017/02/07 48.80 48.85 48.60 48.70 
2017/02/08 48.75 49.00 48.45 48.80 
