2016/07/01 7.23 7.33 7.23 7.29 
2016/07/04 7.32 7.44 7.29 7.29 
2016/07/05 7.35 7.39 7.28 7.30 
2016/07/06 7.45 7.45 7.21 7.29 
2016/07/07 7.29 7.37 7.25 7.35 
2016/07/11 7.35 7.39 7.25 7.34 
2016/07/12 7.34 7.43 7.20 7.32 
2016/07/13 7.32 7.37 7.26 7.37 
2016/07/14 7.37 7.43 7.30 7.35 
2016/07/15 7.35 7.36 7.31 7.35 
2016/07/18 7.35 7.38 7.27 7.35 
2016/07/19 7.35 7.38 7.29 7.34 
2016/07/20 7.26 7.32 7.26 7.28 
2016/07/21 7.28 7.53 7.28 7.45 
2016/07/22 7.79 8.19 7.71 7.83 
2016/07/25 7.84 7.90 7.67 7.76 
2016/07/26 7.77 8.01 7.77 7.88 
2016/07/27 7.88 7.98 7.88 7.88 
2016/07/28 7.97 7.97 7.82 7.82 
2016/07/29 7.80 7.81 7.68 7.75 
2016/08/01 7.79 7.79 7.73 7.75 
2016/08/02 7.95 7.95 7.80 7.81 
2016/08/03 7.83 7.83 7.62 7.75 
2016/08/04 7.82 7.83 7.77 7.78 
2016/08/05 7.80 7.92 7.80 7.88 
2016/08/08 7.93 8.18 7.93 7.95 
2016/08/09 8.00 8.04 7.91 7.92 
2016/08/10 8.03 8.04 7.90 7.91 
2016/08/11 7.87 7.94 7.71 7.75 
2016/08/12 7.76 7.89 7.76 7.86 
2016/08/15 7.90 7.90 7.78 7.86 
2016/08/16 7.81 7.88 7.78 7.82 
2016/08/17 7.79 7.84 7.71 7.75 
2016/08/18 7.75 7.86 7.75 7.81 
2016/08/19 7.80 7.81 7.70 7.70 
2016/08/22 7.35 7.35 7.17 7.17 
2016/08/23 7.35 7.35 7.17 7.20 
2016/08/24 7.20 7.29 7.20 7.20 
2016/08/25 7.23 7.23 7.11 7.22 
2016/08/26 7.32 7.32 7.17 7.25 
2016/08/29 7.25 7.25 7.15 7.16 
2016/08/30 7.16 7.28 7.16 7.21 
2016/08/31 7.27 7.27 7.21 7.21 
2016/09/01 7.17 7.22 7.17 7.20 
2016/09/02 7.20 7.20 7.06 7.06 
2016/09/05 7.06 7.15 7.06 7.14 
2016/09/06 7.19 7.19 7.10 7.16 
2016/09/07 7.20 7.20 7.09 7.20 
2016/09/08 7.22 7.22 7.09 7.16 
2016/09/09 7.18 7.18 7.12 7.16 
2016/09/10 7.13 7.18 7.10 7.11 
2016/09/12 7.18 7.28 7.16 7.16 
2016/09/13 7.17 7.20 7.14 7.18 
2016/09/14 7.12 7.23 7.12 7.13 
2016/09/19 7.15 7.25 7.14 7.20 
2016/09/20 7.12 7.23 7.12 7.23 
2016/09/21 7.22 7.23 7.15 7.23 
2016/09/22 7.23 7.29 7.20 7.25 
2016/09/23 7.25 7.33 7.20 7.28 
2016/09/26 7.30 7.39 7.29 7.32 
2016/09/29 7.40 7.40 7.29 7.35 
2016/09/30 7.35 7.35 7.23 7.29 
2016/10/03 7.31 7.31 7.25 7.25 
2016/10/04 7.27 7.45 7.26 7.39 
2016/10/05 7.32 7.39 7.30 7.39 
2016/10/06 7.45 8.10 7.45 7.80 
2016/10/07 7.80 7.80 7.39 7.47 
2016/10/11 7.50 7.57 7.27 7.27 
2016/10/12 7.27 7.39 7.26 7.28 
2016/10/13 7.28 7.30 7.25 7.30 
2016/10/14 7.47 7.47 7.15 7.29 
2016/10/17 7.27 7.29 7.14 7.29 
2016/10/18 7.26 7.30 7.22 7.26 
2016/10/19 7.33 7.33 7.20 7.23 
2016/10/20 7.30 7.30 7.23 7.28 
2016/10/21 7.27 7.47 7.19 7.43 
2016/10/24 7.43 7.62 7.43 7.55 
2016/10/25 7.55 7.61 7.50 7.50 
2016/10/26 7.50 7.90 7.36 7.79 
2016/10/27 7.80 8.03 7.75 7.79 
2016/10/28 7.80 7.80 7.52 7.62 
2016/10/31 7.57 7.66 7.50 7.59 
2016/11/01 7.55 7.55 7.45 7.45 
2016/11/02 7.45 7.45 7.32 7.36 
2016/11/03 7.51 7.51 7.30 7.38 
2016/11/04 7.38 7.47 7.35 7.35 
2016/11/07 7.38 7.38 7.25 7.27 
2016/11/08 7.26 7.44 7.23 7.36 
2016/11/09 7.27 7.37 7.03 7.10 
2016/11/10 7.10 7.24 7.10 7.16 
2016/11/11 7.16 7.16 6.91 6.99 
2016/11/14 6.96 6.96 6.63 6.76 
2016/11/15 6.77 6.83 6.75 6.77 
2016/11/16 6.73 6.82 6.72 6.77 
2016/11/17 6.70 6.79 6.68 6.79 
2016/11/18 6.71 6.80 6.71 6.77 
2016/11/21 6.88 7.17 6.85 6.93 
2016/11/22 6.95 7.09 6.91 6.99 
2016/11/23 6.93 7.00 6.93 6.93 
2016/11/24 6.93 6.96 6.90 6.90 
2016/11/25 6.84 6.86 6.70 6.80 
2016/11/28 6.74 6.97 6.74 6.79 
2016/11/29 6.79 6.88 6.79 6.88 
2016/11/30 6.83 6.89 6.80 6.88 
2016/12/01 6.79 6.88 6.72 6.83 
2016/12/02 6.77 6.86 6.75 6.76 
2016/12/05 6.76 6.88 6.74 6.81 
2016/12/06 6.76 7.10 6.75 7.00 
2016/12/07 7.08 7.08 6.98 6.99 
2016/12/08 7.00 7.10 6.99 7.05 
2016/12/09 6.99 7.09 6.90 7.07 
2016/12/12 7.09 7.10 6.96 6.97 
2016/12/13 6.97 7.09 6.95 6.95 
2016/12/14 6.95 7.37 6.95 7.13 
2016/12/15 7.40 7.68 7.38 7.56 
2016/12/16 7.56 7.80 7.35 7.69 
2016/12/19 7.69 7.93 7.50 7.57 
2016/12/20 7.58 7.58 7.40 7.41 
2016/12/21 7.37 7.42 7.33 7.35 
2016/12/22 7.30 7.44 7.24 7.24 
2016/12/23 7.17 7.29 7.17 7.22 
2016/12/26 7.25 7.32 7.23 7.30 
2016/12/27 7.40 7.40 7.25 7.31 
2016/12/28 7.26 7.32 7.22 7.30 
2016/12/29 7.24 7.33 7.23 7.23 
2016/12/30 7.21 7.29 7.21 7.23 
2017/01/03 7.23 7.36 7.23 7.28 
2017/01/04 7.30 7.54 7.30 7.50 
2017/01/05 7.50 7.55 7.32 7.39 
2017/01/06 7.40 7.45 7.39 7.45 
2017/01/09 7.42 7.42 7.33 7.40 
2017/01/10 7.52 7.59 7.43 7.55 
2017/01/11 7.57 7.67 7.45 7.60 
2017/01/12 7.50 7.63 7.49 7.55 
2017/01/13 7.58 7.80 7.55 7.66 
2017/01/16 7.61 7.69 7.45 7.46 
2017/01/17 7.51 7.54 7.45 7.47 
2017/01/18 7.43 7.54 7.43 7.50 
2017/01/19 7.50 7.56 7.44 7.49 
2017/01/20 7.47 7.47 7.38 7.38 
2017/01/23 7.40 7.42 7.26 7.37 
2017/01/24 7.36 7.43 7.33 7.37 
2017/02/02 7.40 7.40 7.26 7.28 
2017/02/03 7.29 7.57 7.29 7.44 
2017/02/06 7.50 7.54 7.45 7.52 
2017/02/07 7.52 7.73 7.52 7.62 
2017/02/08 7.70 7.70 7.58 7.63 
