2016/07/01 16.15 16.20 15.95 15.95 
2016/07/04 16.05 16.05 15.85 16.00 
2016/07/05 16.00 16.05 15.95 16.00 
2016/07/06 16.10 16.10 15.65 15.65 
2016/07/07 15.70 15.90 15.70 15.85 
2016/07/11 16.00 16.00 15.90 16.00 
2016/07/12 14.35 14.65 14.30 14.40 
2016/07/13 14.40 14.65 14.35 14.35 
2016/07/14 14.35 14.40 14.00 14.15 
2016/07/15 14.35 14.35 14.05 14.15 
2016/07/18 14.20 14.25 14.10 14.10 
2016/07/19 14.10 14.10 13.95 14.00 
2016/07/20 14.00 14.10 14.00 14.00 
2016/07/21 14.00 14.15 14.00 14.05 
2016/07/22 14.05 14.30 14.00 14.30 
2016/07/25 14.35 14.35 14.05 14.10 
2016/07/26 14.25 14.25 14.10 14.15 
2016/07/27 14.30 14.30 14.10 14.15 
2016/07/28 14.15 14.20 14.05 14.10 
2016/07/29 14.10 14.15 14.05 14.05 
2016/08/01 14.15 14.15 14.05 14.15 
2016/08/02 14.15 14.15 14.05 14.10 
2016/08/03 14.00 14.10 14.00 14.05 
2016/08/04 14.05 14.30 13.95 14.30 
2016/08/05 14.00 14.00 12.90 13.05 
2016/08/08 13.05 13.15 13.00 13.10 
2016/08/09 13.00 13.00 12.55 12.70 
2016/08/10 12.70 12.75 12.55 12.55 
2016/08/11 12.55 12.65 12.35 12.40 
2016/08/12 12.40 12.40 12.25 12.35 
2016/08/15 12.30 12.65 12.25 12.55 
2016/08/16 12.55 12.60 12.45 12.45 
2016/08/17 12.45 12.60 12.40 12.45 
2016/08/18 12.55 12.60 12.50 12.50 
2016/08/19 12.35 12.50 12.30 12.45 
2016/08/22 12.40 12.45 12.25 12.45 
2016/08/23 12.45 12.50 12.35 12.40 
2016/08/24 12.40 12.50 12.30 12.30 
2016/08/25 12.30 12.40 12.25 12.35 
2016/08/26 12.30 12.40 12.30 12.35 
2016/08/29 12.30 12.45 12.30 12.40 
2016/08/30 12.40 12.55 12.40 12.50 
2016/08/31 12.50 12.55 12.35 12.35 
2016/09/01 12.35 12.40 12.35 12.40 
2016/09/02 12.35 12.40 12.25 12.25 
2016/09/05 12.25 12.30 12.25 12.25 
2016/09/06 12.30 12.45 12.30 12.45 
2016/09/07 12.50 12.90 12.45 12.90 
2016/09/08 12.95 12.95 12.70 12.90 
2016/09/09 12.85 12.85 12.70 12.75 
2016/09/10 12.75 12.75 12.55 12.70 
2016/09/12 12.65 12.80 12.60 12.65 
2016/09/13 12.75 12.75 12.60 12.70 
2016/09/14 12.60 12.60 12.45 12.60 
2016/09/19 12.65 12.70 12.60 12.65 
2016/09/20 12.65 12.65 12.50 12.65 
2016/09/21 12.65 12.75 12.65 12.65 
2016/09/22 12.80 12.80 12.65 12.70 
2016/09/23 12.70 12.85 12.70 12.80 
2016/09/26 12.80 12.85 12.75 12.75 
2016/09/29 12.80 12.85 12.70 12.80 
2016/09/30 12.70 12.80 12.65 12.70 
2016/10/03 12.70 12.70 12.60 12.65 
2016/10/04 12.80 12.80 12.60 12.65 
2016/10/05 12.65 12.75 12.60 12.60 
2016/10/06 12.75 12.75 12.60 12.70 
2016/10/07 12.65 12.65 12.55 12.60 
2016/10/11 12.70 13.20 12.70 12.80 
2016/10/12 12.90 12.90 12.75 12.80 
2016/10/13 12.80 12.80 12.65 12.65 
2016/10/14 12.70 12.75 12.50 12.50 
2016/10/17 12.50 12.50 12.40 12.40 
2016/10/18 12.50 12.50 12.30 12.30 
2016/10/19 12.45 12.50 12.35 12.35 
2016/10/20 12.50 12.50 12.35 12.40 
2016/10/21 12.55 12.55 12.40 12.45 
2016/10/24 12.50 12.55 12.45 12.45 
2016/10/25 12.50 12.55 12.45 12.50 
2016/10/26 12.45 12.50 12.40 12.40 
2016/10/27 12.40 12.40 12.15 12.25 
2016/10/28 12.15 12.30 12.05 12.05 
2016/10/31 11.95 12.00 11.85 12.00 
2016/11/01 12.00 12.00 11.75 11.75 
2016/11/02 11.70 11.70 11.45 11.45 
2016/11/03 11.45 11.50 11.25 11.25 
2016/11/04 11.25 11.40 11.20 11.25 
2016/11/07 11.25 11.40 11.25 11.35 
2016/11/08 11.40 11.50 11.35 11.40 
2016/11/09 11.45 11.50 10.75 10.80 
2016/11/10 10.95 11.20 10.95 11.15 
2016/11/11 11.00 11.05 10.80 10.95 
2016/11/14 11.05 11.05 10.75 10.90 
2016/11/15 11.00 11.10 10.85 10.90 
2016/11/16 10.90 11.15 10.90 10.90 
2016/11/17 11.00 11.00 10.85 10.90 
2016/11/18 10.90 11.20 10.85 11.15 
2016/11/21 11.00 11.20 11.00 11.15 
2016/11/22 11.10 11.20 11.05 11.20 
2016/11/23 11.25 11.35 11.10 11.15 
2016/11/24 11.05 11.10 10.95 10.95 
2016/11/25 11.05 11.05 10.80 10.85 
2016/11/28 10.90 11.05 10.80 10.80 
2016/11/29 10.85 10.90 10.80 10.90 
2016/11/30 10.90 10.95 10.85 10.85 
2016/12/01 10.90 11.25 10.90 11.20 
2016/12/02 11.25 11.25 11.05 11.15 
2016/12/05 11.15 11.40 11.15 11.25 
2016/12/06 11.35 11.35 11.15 11.20 
2016/12/07 11.20 11.25 11.15 11.20 
2016/12/08 11.20 11.35 11.20 11.25 
2016/12/09 11.30 11.30 11.20 11.20 
2016/12/12 11.25 11.25 11.10 11.15 
2016/12/13 11.35 11.35 11.15 11.15 
2016/12/14 11.20 11.25 11.10 11.15 
2016/12/15 11.20 11.25 11.10 11.15 
2016/12/16 11.20 11.30 11.15 11.20 
2016/12/19 11.30 11.40 11.25 11.35 
2016/12/20 11.30 11.35 11.25 11.25 
2016/12/21 11.25 11.35 11.25 11.25 
2016/12/22 11.25 11.35 11.25 11.25 
2016/12/23 11.20 11.35 11.20 11.30 
2016/12/26 11.30 11.30 11.25 11.25 
2016/12/27 11.25 12.15 11.25 11.75 
2016/12/28 11.85 11.85 11.60 11.60 
2016/12/29 11.60 11.75 11.60 11.65 
2016/12/30 11.65 11.80 11.65 11.70 
2017/01/03 11.70 11.80 11.65 11.70 
2017/01/04 11.75 11.80 11.65 11.70 
2017/01/05 11.65 11.75 11.60 11.70 
2017/01/06 11.75 11.90 11.70 11.85 
2017/01/09 11.55 11.55 11.10 11.15 
2017/01/10 11.20 11.20 11.05 11.05 
2017/01/11 11.05 11.10 10.95 10.95 
2017/01/12 11.00 11.20 11.00 11.05 
2017/01/13 11.05 11.10 11.05 11.05 
2017/01/16 11.05 11.05 10.95 10.95 
2017/01/17 10.95 11.05 10.95 10.95 
2017/01/18 10.95 11.05 10.90 11.00 
2017/01/19 11.00 11.00 10.90 10.95 
2017/01/20 10.90 11.00 10.85 11.00 
2017/01/23 11.00 11.10 10.95 10.95 
2017/01/24 11.00 11.00 10.90 10.95 
2017/02/02 11.00 11.05 10.90 10.95 
2017/02/03 11.00 11.30 11.00 11.20 
2017/02/06 11.35 11.60 11.30 11.45 
2017/02/07 11.50 11.55 11.40 11.45 
2017/02/08 11.45 11.55 11.40 11.50 
