2016/07/01 10.45 10.60 10.45 10.50 
2016/07/04 10.45 10.60 10.45 10.55 
2016/07/05 10.55 10.55 10.50 10.55 
2016/07/06 10.50 10.50 10.45 10.50 
2016/07/07 10.50 10.60 10.50 10.55 
2016/07/11 10.55 10.80 10.55 10.65 
2016/07/12 10.70 11.05 10.70 10.80 
2016/07/13 10.90 10.90 10.75 10.85 
2016/07/14 10.35 10.40 10.35 10.35 
2016/07/15 10.30 10.45 10.30 10.40 
2016/07/18 10.40 10.55 10.40 10.45 
2016/07/19 10.45 10.45 10.35 10.45 
2016/07/20 10.45 10.55 10.45 10.55 
2016/07/21 10.55 10.65 10.50 10.60 
2016/07/22 10.60 11.10 10.50 10.90 
2016/07/25 11.00 11.30 10.75 10.90 
2016/07/26 10.80 10.95 10.75 10.75 
2016/07/27 10.75 10.80 10.65 10.75 
2016/07/28 10.90 11.30 10.90 11.10 
2016/07/29 11.30 11.40 11.05 11.10 
2016/08/01 11.10 11.10 10.90 11.00 
2016/08/02 11.00 11.00 10.75 10.85 
2016/08/03 10.90 10.90 10.70 10.80 
2016/08/04 10.85 10.90 10.80 10.85 
2016/08/05 10.85 10.95 10.85 10.95 
2016/08/08 10.95 10.95 10.80 10.90 
2016/08/09 10.80 10.85 10.50 10.55 
2016/08/10 10.55 10.55 10.40 10.50 
2016/08/11 10.40 10.50 10.30 10.35 
2016/08/12 10.40 10.50 10.35 10.50 
2016/08/15 10.50 10.90 10.50 10.65 
2016/08/16 10.75 10.80 10.60 10.70 
2016/08/17 10.70 10.70 10.50 10.60 
2016/08/18 10.45 10.55 10.40 10.50 
2016/08/19 10.50 10.65 10.45 10.45 
2016/08/22 10.45 10.50 10.35 10.45 
2016/08/23 10.45 10.45 10.35 10.45 
2016/08/24 10.40 10.40 10.35 10.35 
2016/08/25 10.35 10.60 10.35 10.50 
2016/08/26 10.55 10.55 10.40 10.40 
2016/08/29 10.40 10.45 10.35 10.40 
2016/08/30 10.45 10.50 10.35 10.35 
2016/08/31 10.40 10.45 10.35 10.40 
2016/09/01 10.35 10.40 10.35 10.40 
2016/09/02 10.40 10.40 10.35 10.35 
2016/09/05 10.35 10.40 10.30 10.40 
2016/09/06 10.40 10.45 10.35 10.45 
2016/09/07 10.35 10.45 10.35 10.45 
2016/09/08 10.45 10.50 10.40 10.45 
2016/09/09 10.45 10.45 10.40 10.45 
2016/09/10 10.35 10.40 10.30 10.40 
2016/09/12 10.40 10.40 10.20 10.35 
2016/09/13 10.35 10.35 10.30 10.30 
2016/09/14 10.25 10.30 10.25 10.25 
2016/09/19 10.25 10.35 10.25 10.30 
2016/09/20 10.30 10.35 10.25 10.35 
2016/09/21 10.30 10.40 10.30 10.40 
2016/09/22 10.40 10.45 10.40 10.45 
2016/09/23 10.40 10.45 10.35 10.45 
2016/09/26 10.50 10.50 10.40 10.40 
2016/09/29 10.40 10.45 10.35 10.35 
2016/09/30 10.35 10.35 10.30 10.30 
2016/10/03 10.30 10.40 10.25 10.40 
2016/10/04 10.35 10.40 10.35 10.35 
2016/10/05 10.35 10.40 10.30 10.40 
2016/10/06 10.35 10.40 10.30 10.40 
2016/10/07 10.30 10.35 10.30 10.35 
2016/10/11 10.40 10.40 10.25 10.25 
2016/10/12 10.30 10.35 10.25 10.30 
2016/10/13 10.35 10.35 10.30 10.30 
2016/10/14 10.30 10.30 10.20 10.30 
2016/10/17 10.20 10.20 10.10 10.15 
2016/10/18 10.15 10.20 10.10 10.20 
2016/10/19 10.20 10.25 10.15 10.25 
2016/10/20 10.15 10.25 10.15 10.25 
2016/10/21 10.25 10.25 10.20 10.20 
2016/10/24 10.20 10.30 10.20 10.30 
2016/10/25 10.35 10.35 10.25 10.35 
2016/10/26 10.30 10.35 10.25 10.25 
2016/10/27 10.25 10.25 10.20 10.25 
2016/10/28 10.25 10.35 10.25 10.30 
2016/10/31 10.25 10.40 10.20 10.30 
2016/11/01 10.30 10.30 10.20 10.30 
2016/11/02 10.15 10.20 10.10 10.10 
2016/11/03 10.05 10.20 10.00 10.00 
2016/11/04 10.00 10.20 10.00 10.05 
2016/11/07 10.10 10.10 10.05 10.05 
2016/11/08 10.05 10.15 10.00 10.15 
2016/11/09 10.00 10.10 9.83 10.00 
2016/11/10 10.00 10.10 9.95 10.05 
2016/11/11 9.98 9.98 9.90 9.96 
2016/11/14 9.96 10.10 9.91 10.00 
2016/11/15 9.98 9.98 9.92 9.95 
2016/11/16 10.05 10.10 9.95 10.00 
2016/11/17 9.95 10.10 9.95 10.00 
2016/11/18 9.96 10.00 9.96 10.00 
2016/11/21 10.00 10.10 10.00 10.10 
2016/11/22 10.15 10.20 10.05 10.05 
2016/11/23 10.05 10.30 10.05 10.20 
2016/11/24 10.20 10.20 10.05 10.05 
2016/11/25 10.10 10.10 10.00 10.10 
2016/11/28 10.05 10.10 10.00 10.10 
2016/11/29 10.10 10.15 10.05 10.10 
2016/11/30 10.05 10.10 10.05 10.10 
2016/12/01 10.15 10.20 10.10 10.10 
2016/12/02 10.10 10.15 10.10 10.10 
2016/12/05 10.05 10.15 10.05 10.10 
2016/12/06 10.15 10.15 10.05 10.15 
2016/12/07 10.15 10.15 10.15 10.15 
2016/12/08 10.10 10.20 10.10 10.20 
2016/12/09 10.20 10.25 10.20 10.20 
2016/12/12 10.25 10.25 10.10 10.25 
2016/12/13 10.25 10.30 10.20 10.25 
2016/12/14 10.25 10.25 10.25 10.25 
2016/12/15 10.25 10.25 10.20 10.25 
2016/12/16 10.25 10.25 10.15 10.25 
2016/12/19 10.25 10.25 10.20 10.20 
2016/12/20 10.15 10.20 10.05 10.15 
2016/12/21 10.15 10.20 10.15 10.20 
2016/12/22 10.10 10.20 10.10 10.20 
2016/12/23 10.10 10.15 10.10 10.15 
2016/12/26 10.15 10.20 10.15 10.20 
2016/12/27 10.20 10.45 10.10 10.20 
2016/12/28 10.20 10.20 10.10 10.15 
2016/12/29 10.20 10.35 10.20 10.20 
2016/12/30 10.25 10.25 10.15 10.25 
2017/01/03 10.20 10.45 10.20 10.30 
2017/01/04 10.35 10.45 10.30 10.30 
2017/01/05 10.35 10.35 10.25 10.30 
2017/01/06 10.35 10.55 10.35 10.45 
2017/01/09 10.65 10.85 10.55 10.55 
2017/01/10 10.65 10.70 10.50 10.60 
2017/01/11 10.70 10.70 10.55 10.55 
2017/01/12 10.60 10.60 10.55 10.60 
2017/01/13 10.50 10.60 10.45 10.55 
2017/01/16 10.60 10.60 10.45 10.45 
2017/01/17 10.40 10.50 10.40 10.50 
2017/01/18 10.40 10.60 10.40 10.50 
2017/01/19 10.50 10.60 10.45 10.55 
2017/01/20 10.60 10.60 10.50 10.50 
2017/01/23 10.50 10.65 10.50 10.60 
2017/01/24 10.60 10.65 10.55 10.60 
2017/02/02 10.60 10.70 10.60 10.70 
2017/02/03 10.70 10.70 10.55 10.65 
2017/02/06 10.65 10.70 10.60 10.70 
2017/02/07 10.70 10.75 10.65 10.70 
2017/02/08 10.70 10.80 10.60 10.60 
