2016/07/01 34.70 35.00 33.50 33.95 
2016/07/04 33.70 34.65 33.65 34.40 
2016/07/05 34.55 35.20 33.90 34.75 
2016/07/06 34.40 34.40 33.90 33.90 
2016/07/07 33.70 33.95 33.30 33.45 
2016/07/11 33.80 36.75 33.80 36.75 
2016/07/12 36.75 38.25 36.55 38.10 
2016/07/13 38.45 39.40 37.65 37.65 
2016/07/14 38.60 40.00 38.40 39.00 
2016/07/15 39.85 40.20 38.50 40.20 
2016/07/18 40.20 42.60 40.10 42.30 
2016/07/19 42.90 42.90 41.05 41.45 
2016/07/20 42.00 43.40 41.35 41.75 
2016/07/21 43.00 43.00 41.60 42.30 
2016/07/22 42.20 42.85 41.40 42.40 
2016/07/25 42.75 43.70 42.20 42.80 
2016/07/26 42.85 42.95 41.50 41.75 
2016/07/27 41.55 42.35 39.90 40.20 
2016/07/28 40.50 40.80 38.90 39.20 
2016/07/29 39.40 42.00 39.40 40.70 
2016/08/01 40.90 42.90 40.35 42.70 
2016/08/02 42.20 42.45 41.00 41.50 
2016/08/03 40.05 40.75 39.80 39.80 
2016/08/04 39.85 40.20 38.80 38.80 
2016/08/05 38.80 39.55 38.65 38.85 
2016/08/08 39.30 39.30 37.50 37.80 
2016/08/09 37.80 38.35 37.60 38.20 
2016/08/10 38.00 38.90 37.60 38.65 
2016/08/11 37.20 37.20 35.60 35.85 
2016/08/12 36.00 37.60 36.00 37.40 
2016/08/15 36.85 37.35 36.65 36.70 
2016/08/16 36.90 37.20 36.80 37.10 
2016/08/17 37.10 37.20 36.25 36.40 
2016/08/18 36.50 36.75 36.35 36.50 
2016/08/19 36.70 37.30 36.20 36.55 
2016/08/22 36.55 37.35 36.10 37.25 
2016/08/23 37.30 38.80 37.05 38.50 
2016/08/24 38.50 38.70 37.80 38.00 
2016/08/25 37.95 38.75 37.70 38.30 
2016/08/26 38.30 39.55 38.05 39.20 
2016/08/29 39.50 39.50 38.35 38.60 
2016/08/30 38.60 38.60 38.00 38.00 
2016/08/31 38.00 38.95 37.95 38.20 
2016/09/01 38.30 39.50 37.80 39.05 
2016/09/02 39.15 39.40 38.10 38.55 
2016/09/05 38.80 39.10 38.30 38.35 
2016/09/06 38.50 39.55 38.30 38.40 
2016/09/07 38.10 38.45 38.05 38.25 
2016/09/08 38.10 38.80 38.00 38.45 
2016/09/09 38.40 38.75 38.40 38.40 
2016/09/10 37.75 38.05 37.50 37.80 
2016/09/12 37.95 38.00 37.10 37.10 
2016/09/13 37.65 37.70 35.60 36.30 
2016/09/14 36.10 36.85 36.10 36.50 
2016/09/19 37.20 37.75 36.85 37.35 
2016/09/20 36.90 38.35 36.90 38.25 
2016/09/21 38.55 38.95 38.15 38.20 
2016/09/22 38.75 38.80 38.10 38.35 
2016/09/23 38.40 38.50 37.85 38.05 
2016/09/26 38.00 38.00 37.45 37.60 
2016/09/29 38.00 38.00 37.00 37.00 
2016/09/30 36.80 37.45 36.80 37.40 
2016/10/03 37.30 37.60 37.05 37.20 
2016/10/04 37.40 37.40 37.20 37.20 
2016/10/05 37.20 37.25 36.85 36.90 
2016/10/06 36.95 37.05 36.50 36.55 
2016/10/07 36.10 36.30 32.90 32.90 
2016/10/11 33.00 33.35 30.75 30.80 
2016/10/12 30.80 31.75 30.35 31.45 
2016/10/13 31.80 32.30 31.60 32.25 
2016/10/14 32.10 32.45 31.40 31.50 
2016/10/17 31.80 32.15 31.30 31.95 
2016/10/18 31.95 32.75 31.65 32.65 
2016/10/19 33.10 33.65 33.10 33.30 
2016/10/20 33.40 33.50 32.80 33.30 
2016/10/21 33.75 34.05 33.50 33.65 
2016/10/24 33.85 34.10 33.50 33.90 
2016/10/25 33.80 33.85 33.25 33.30 
2016/10/26 33.60 34.30 33.60 33.85 
2016/10/27 33.85 34.40 33.50 34.20 
2016/10/28 34.00 35.65 34.00 34.40 
2016/10/31 34.60 35.10 34.00 34.95 
2016/11/01 35.20 35.65 34.70 34.90 
2016/11/02 34.70 34.70 33.80 33.80 
2016/11/03 33.80 34.00 32.70 33.75 
2016/11/04 33.40 33.85 32.50 32.50 
2016/11/07 32.70 33.15 32.70 32.80 
2016/11/08 32.95 33.70 32.80 33.45 
2016/11/09 33.50 33.60 31.80 31.90 
2016/11/10 32.55 33.45 32.55 33.35 
2016/11/11 32.70 32.90 31.60 31.65 
2016/11/14 31.65 32.25 31.10 32.00 
2016/11/15 31.80 32.25 31.75 31.80 
2016/11/16 32.35 32.35 31.80 31.80 
2016/11/17 32.00 32.15 31.65 31.80 
2016/11/18 31.90 32.50 31.70 32.40 
2016/11/21 32.40 33.10 32.05 32.40 
2016/11/22 32.60 32.85 32.40 32.65 
2016/11/23 32.65 33.25 32.65 33.10 
2016/11/24 33.55 33.55 32.50 32.55 
2016/11/25 32.60 32.60 32.05 32.10 
2016/11/28 32.20 32.20 31.60 31.65 
2016/11/29 31.70 31.95 31.45 31.80 
2016/11/30 31.80 32.05 31.70 31.80 
2016/12/01 31.80 32.80 31.60 32.60 
2016/12/02 32.50 33.15 32.45 32.85 
2016/12/05 32.90 33.40 32.90 33.30 
2016/12/06 33.20 33.60 33.15 33.20 
2016/12/07 34.00 34.25 33.80 33.90 
2016/12/08 34.25 34.80 33.95 34.05 
2016/12/09 34.00 34.40 33.75 33.80 
2016/12/12 33.80 34.70 33.80 34.35 
2016/12/13 34.40 35.25 34.15 34.15 
2016/12/14 34.65 35.35 34.60 35.00 
2016/12/15 34.90 35.80 34.70 35.80 
2016/12/16 35.80 37.55 35.80 37.00 
2016/12/19 37.80 37.80 36.20 36.50 
2016/12/20 36.80 37.60 36.35 37.30 
2016/12/21 37.45 37.60 36.85 37.10 
2016/12/22 36.90 36.95 35.50 35.50 
2016/12/23 35.35 36.10 35.35 35.95 
2016/12/26 36.30 36.35 35.55 36.15 
2016/12/27 36.15 36.90 36.10 36.70 
2016/12/28 36.75 37.80 36.70 37.50 
2016/12/29 37.50 38.05 37.20 37.20 
2016/12/30 37.20 37.70 36.85 37.25 
2017/01/03 37.10 37.50 36.95 36.95 
2017/01/04 36.90 38.40 36.60 38.40 
2017/01/05 38.70 41.20 38.15 40.10 
2017/01/06 40.45 40.90 39.60 40.40 
2017/01/09 40.00 40.30 38.50 39.05 
2017/01/10 39.40 41.40 39.35 41.40 
2017/01/11 41.70 42.20 40.40 40.75 
2017/01/12 41.50 41.70 40.90 41.10 
2017/01/13 41.65 42.15 40.50 40.90 
2017/01/16 41.20 41.20 39.55 40.00 
2017/01/17 40.20 41.65 40.05 40.60 
2017/01/18 40.90 41.60 40.35 40.80 
2017/01/19 41.10 41.55 40.50 40.60 
2017/01/20 40.95 43.25 40.95 42.00 
2017/01/23 42.80 44.00 42.65 44.00 
2017/01/24 44.65 44.65 42.65 42.65 
2017/02/02 42.95 43.30 41.60 43.30 
2017/02/03 43.40 43.60 41.80 41.80 
2017/02/06 41.75 42.15 41.30 41.45 
2017/02/07 42.75 43.50 42.15 43.10 
2017/02/08 43.40 44.10 42.40 43.05 
