2016/07/01 14.30 14.30 14.10 14.10 
2016/07/04 14.25 14.30 14.00 14.10 
2016/07/05 14.10 14.20 14.05 14.10 
2016/07/06 14.15 14.40 14.10 14.30 
2016/07/07 14.30 14.40 14.10 14.15 
2016/07/11 14.20 14.20 13.90 14.15 
2016/07/12 14.15 14.20 14.05 14.05 
2016/07/13 14.10 14.10 13.95 14.00 
2016/07/14 13.95 14.10 13.95 13.95 
2016/07/15 14.00 14.10 13.95 13.95 
2016/07/18 14.00 14.00 13.90 13.95 
2016/07/19 13.95 14.00 13.90 13.95 
2016/07/20 14.00 14.20 14.00 14.10 
2016/07/21 14.15 14.50 14.10 14.35 
2016/07/22 14.35 14.40 14.25 14.40 
2016/07/25 14.40 14.55 14.25 14.30 
2016/07/26 14.40 14.75 14.20 14.55 
2016/07/27 14.55 14.65 14.20 14.25 
2016/07/28 14.30 14.55 14.20 14.50 
2016/07/29 14.50 14.55 14.35 14.35 
2016/08/01 14.50 14.55 14.35 14.40 
2016/08/02 14.40 14.50 14.30 14.30 
2016/08/03 14.20 14.35 14.20 14.20 
2016/08/04 14.35 14.35 14.20 14.25 
2016/08/05 14.30 15.50 14.30 15.10 
2016/08/08 15.35 15.90 14.90 15.50 
2016/08/09 15.10 15.20 14.80 15.15 
2016/08/10 15.80 15.80 14.85 15.00 
2016/08/11 15.00 15.05 14.40 14.65 
2016/08/12 14.65 14.70 14.25 14.50 
2016/08/15 15.15 15.60 14.60 15.25 
2016/08/16 15.30 16.60 15.25 16.20 
2016/08/17 16.60 17.50 16.30 17.10 
2016/08/18 17.40 17.45 16.60 16.80 
2016/08/19 16.80 16.80 16.00 16.00 
2016/08/22 16.00 16.30 15.60 15.70 
2016/08/23 15.85 16.25 15.80 16.10 
2016/08/24 16.20 16.40 15.45 15.45 
2016/08/25 15.55 15.85 15.30 15.70 
2016/08/26 15.60 15.70 15.50 15.55 
2016/08/29 15.70 16.40 15.70 16.20 
2016/08/30 16.30 16.35 16.00 16.00 
2016/08/31 16.05 16.30 15.95 16.00 
2016/09/01 16.00 16.70 16.00 16.35 
2016/09/02 16.50 16.50 16.00 16.00 
2016/09/05 16.20 16.20 16.05 16.15 
2016/09/06 16.40 16.40 16.00 16.10 
2016/09/07 16.20 16.20 15.80 16.00 
2016/09/08 15.85 15.95 15.65 15.70 
2016/09/09 15.75 16.20 15.75 15.75 
2016/09/10 15.60 15.75 15.45 15.60 
2016/09/12 15.60 15.80 15.50 15.50 
2016/09/13 15.50 15.60 15.25 15.25 
2016/09/14 15.20 15.40 15.00 15.35 
2016/09/19 15.45 15.60 15.35 15.40 
2016/09/20 15.50 15.60 15.35 15.50 
2016/09/21 15.55 15.60 15.30 15.45 
2016/09/22 15.50 15.55 15.35 15.40 
2016/09/23 15.50 15.60 15.45 15.55 
2016/09/26 15.55 15.65 15.55 15.55 
2016/09/29 15.60 15.60 15.35 15.35 
2016/09/30 15.35 15.35 15.15 15.20 
2016/10/03 15.20 15.35 15.15 15.15 
2016/10/04 15.15 15.25 14.80 14.80 
2016/10/05 14.80 14.90 14.60 14.60 
2016/10/06 14.65 14.85 14.40 14.65 
2016/10/07 14.75 14.80 14.35 14.35 
2016/10/11 14.40 14.40 13.85 13.90 
2016/10/12 14.00 14.20 13.95 14.20 
2016/10/13 14.20 14.40 14.10 14.20 
2016/10/14 14.25 14.25 13.90 14.20 
2016/10/17 14.05 14.25 13.90 14.15 
2016/10/18 14.15 14.35 14.15 14.20 
2016/10/19 14.30 14.30 14.00 14.20 
2016/10/20 14.20 14.25 14.05 14.05 
2016/10/21 14.10 14.25 14.10 14.20 
2016/10/24 14.80 15.40 14.60 15.30 
2016/10/25 15.40 15.40 15.00 15.10 
2016/10/26 15.15 15.15 14.75 14.75 
2016/10/27 14.70 14.90 14.60 14.60 
2016/10/28 14.50 14.60 14.30 14.35 
2016/10/31 14.35 14.35 14.10 14.15 
2016/11/01 14.20 14.20 14.05 14.05 
2016/11/02 14.15 14.15 13.90 13.90 
2016/11/03 14.00 14.15 13.90 13.95 
2016/11/04 13.80 14.15 13.65 14.10 
2016/11/07 14.10 14.30 14.10 14.10 
2016/11/08 14.20 14.45 14.15 14.15 
2016/11/09 14.40 14.40 13.80 13.80 
2016/11/10 13.90 14.25 13.90 14.00 
2016/11/11 14.05 14.45 14.05 14.30 
2016/11/14 14.30 14.45 14.10 14.10 
2016/11/15 13.95 14.25 13.95 14.00 
2016/11/16 14.20 14.20 14.10 14.15 
2016/11/17 14.15 14.20 14.00 14.10 
2016/11/18 14.15 14.15 14.00 14.15 
2016/11/21 13.95 14.20 13.95 14.20 
2016/11/22 14.20 14.25 14.10 14.20 
2016/11/23 14.25 14.35 14.15 14.25 
2016/11/24 14.20 14.30 14.20 14.25 
2016/11/25 14.30 14.35 14.20 14.25 
2016/11/28 14.30 14.30 14.15 14.15 
2016/11/29 14.15 14.25 14.10 14.15 
2016/11/30 14.25 14.25 14.15 14.25 
2016/12/01 14.30 14.45 14.20 14.20 
2016/12/02 14.20 14.75 14.20 14.55 
2016/12/05 14.65 14.90 14.65 14.90 
2016/12/06 14.95 14.95 14.65 14.80 
2016/12/07 14.80 14.85 14.60 14.70 
2016/12/08 14.90 14.90 14.70 14.70 
2016/12/09 14.80 14.90 14.75 14.80 
2016/12/12 15.00 15.10 14.85 14.90 
2016/12/13 15.00 15.00 14.75 14.75 
2016/12/14 14.95 14.95 14.75 14.80 
2016/12/15 14.70 14.70 14.50 14.70 
2016/12/16 14.50 14.80 14.50 14.80 
2016/12/19 14.90 14.90 14.55 14.65 
2016/12/20 14.60 14.75 14.50 14.70 
2016/12/21 14.70 14.85 14.45 14.50 
2016/12/22 14.50 14.55 14.40 14.40 
2016/12/23 14.60 14.60 14.35 14.50 
2016/12/26 14.50 14.50 14.20 14.40 
2016/12/27 14.40 14.50 14.30 14.30 
2016/12/28 14.60 14.60 14.35 14.45 
2016/12/29 14.50 14.55 14.35 14.55 
2016/12/30 14.60 14.65 14.45 14.45 
2017/01/03 14.55 14.60 14.40 14.55 
2017/01/04 14.55 14.90 14.40 14.90 
2017/01/05 15.00 15.10 14.55 14.55 
2017/01/06 14.70 14.70 14.60 14.65 
2017/01/09 14.85 15.05 14.70 14.80 
2017/01/10 14.80 14.80 14.65 14.70 
2017/01/11 14.50 14.50 14.35 14.45 
2017/01/12 14.50 14.60 14.35 14.60 
2017/01/13 14.60 14.60 14.45 14.60 
2017/01/16 14.55 14.60 14.40 14.45 
2017/01/17 14.40 14.60 14.40 14.60 
2017/01/18 14.60 14.65 14.50 14.65 
2017/01/19 14.65 14.70 14.50 14.60 
2017/01/20 14.60 14.60 14.45 14.60 
2017/01/23 14.80 14.95 14.70 14.85 
2017/01/24 14.90 14.90 14.70 14.75 
2017/02/02 14.70 14.90 14.50 14.55 
2017/02/03 14.50 14.80 14.50 14.80 
2017/02/06 14.80 14.85 14.70 14.70 
2017/02/07 14.95 15.30 14.75 14.90 
2017/02/08 14.85 15.10 14.85 15.10 
