2016/07/01 5.20 5.54 5.20 5.49 
2016/07/04 5.30 5.60 5.30 5.45 
2016/07/05 5.05 5.35 5.05 5.30 
2016/07/06 5.30 5.30 5.30 5.30 
2016/07/07 5.30 5.30 5.09 5.21 
2016/07/11 5.29 5.29 5.25 5.25 
2016/07/12 5.69 5.77 5.55 5.77 
2016/07/13 5.79 5.80 5.47 5.65 
2016/07/14 5.78 6.21 5.52 6.21 
2016/07/15 6.29 6.45 6.03 6.20 
2016/07/18 6.12 6.30 6.12 6.13 
2016/07/19 6.04 6.20 5.91 6.00 
2016/07/20 6.05 6.05 5.72 5.90 
2016/07/21 5.96 5.96 5.74 5.87 
2016/07/22 5.88 5.88 5.70 5.85 
2016/07/25 5.85 5.85 5.61 5.61 
2016/07/26 5.65 5.80 5.62 5.74 
2016/07/27 5.79 5.93 5.79 5.85 
2016/07/28 5.90 6.21 5.90 6.14 
2016/07/29 6.14 6.14 5.90 6.13 
2016/08/01 6.09 6.09 5.98 6.05 
2016/08/02 5.93 6.18 5.91 6.03 
2016/08/03 6.15 6.20 6.00 6.17 
2016/08/04 6.18 6.55 6.18 6.48 
2016/08/05 6.98 6.98 6.50 6.90 
2016/08/08 7.00 7.11 6.85 7.06 
2016/08/09 6.70 7.04 6.70 6.82 
2016/08/10 7.00 7.01 6.71 6.86 
2016/08/11 6.50 6.69 6.39 6.69 
2016/08/12 6.55 6.74 6.55 6.73 
2016/08/15 6.70 6.70 6.36 6.59 
2016/08/16 6.26 6.50 5.95 6.09 
2016/08/17 6.20 6.20 5.91 6.15 
2016/08/18 6.02 6.15 5.72 5.91 
2016/08/19 6.01 6.01 5.41 5.86 
2016/08/22 6.28 6.28 5.55 5.76 
2016/08/23 5.70 5.82 5.50 5.78 
2016/08/24 5.77 5.77 5.54 5.55 
2016/08/25 5.60 5.74 5.60 5.67 
2016/08/26 5.75 6.16 5.75 6.14 
2016/08/29 6.30 6.60 6.30 6.36 
2016/08/30 6.55 6.55 6.08 6.08 
2016/08/31 6.27 6.27 6.02 6.15 
2016/09/01 6.17 6.43 6.17 6.25 
2016/09/02 6.26 6.32 6.25 6.25 
2016/09/05 6.05 6.38 6.05 6.38 
2016/09/06 6.14 6.35 6.14 6.34 
2016/09/07 6.30 6.35 6.16 6.23 
2016/09/08 6.20 6.38 6.17 6.32 
2016/09/09 6.02 6.32 6.02 6.15 
2016/09/10 6.10 6.25 6.04 6.25 
2016/09/12 5.89 6.20 5.89 6.04 
2016/09/13 6.04 6.22 5.93 6.04 
2016/09/14 5.90 6.03 5.90 6.03 
2016/09/19 6.03 6.03 6.01 6.03 
2016/09/20 6.03 6.06 5.90 5.92 
2016/10/03 7.71 8.40 7.70 8.40 
2016/10/04 8.39 8.78 8.01 8.37 
2016/10/05 8.35 8.60 8.20 8.37 
2016/10/06 7.71 8.28 7.71 8.22 
2016/10/07 8.11 8.17 8.00 8.12 
2016/10/11 8.00 8.00 7.31 7.45 
2016/10/12 7.20 7.59 7.20 7.43 
2016/10/13 7.43 7.54 7.21 7.37 
2016/10/14 7.79 7.79 7.10 7.38 
2016/10/17 7.05 7.34 7.05 7.34 
2016/10/18 7.48 7.49 7.13 7.33 
2016/10/19 7.56 7.56 7.34 7.34 
2016/10/20 7.18 7.33 7.14 7.14 
2016/10/21 7.34 7.47 7.18 7.18 
2016/10/24 7.01 7.40 7.00 7.28 
2016/10/25 7.19 7.20 7.10 7.20 
2016/10/26 7.03 7.18 6.75 7.00 
2016/10/27 7.00 7.09 7.00 7.09 
2016/10/28 7.05 7.05 7.05 7.05 
2016/10/31 6.96 7.21 6.63 7.00 
2016/11/01 6.89 7.02 6.89 7.02 
2016/11/02 6.89 7.04 6.88 7.00 
2016/11/03 7.19 7.19 6.81 6.81 
2016/11/04 7.06 7.06 6.90 6.97 
2016/11/07 6.90 7.03 6.80 7.01 
2016/11/08 6.71 6.92 6.71 6.92 
2016/11/09 7.14 7.14 7.12 7.12 
2016/11/10 6.99 7.04 6.86 6.97 
2016/11/11 6.81 6.90 6.80 6.85 
2016/11/14 6.83 7.03 6.83 6.90 
2016/11/15 7.08 7.08 6.82 7.04 
2016/11/16 6.99 6.99 6.92 6.97 
2016/11/17 7.08 7.14 6.97 7.08 
2016/11/18 7.14 7.49 7.00 7.38 
2016/11/21 7.35 7.60 7.25 7.49 
2016/11/22 7.37 7.39 7.25 7.39 
2016/11/23 7.44 7.52 7.40 7.48 
2016/11/24 7.42 7.46 7.21 7.40 
2016/11/25 7.30 7.47 7.28 7.35 
2016/11/28 7.30 7.33 7.13 7.33 
2016/11/29 7.23 7.29 7.18 7.29 
2016/11/30 7.20 7.20 7.16 7.16 
2016/12/01 7.32 7.33 7.11 7.28 
2016/12/02 7.28 7.28 7.13 7.15 
2016/12/05 7.24 7.24 7.05 7.17 
2016/12/06 7.20 7.28 7.20 7.25 
2016/12/07 7.40 7.40 7.07 7.12 
2016/12/08 7.12 7.13 7.02 7.13 
2016/12/09 7.22 7.22 7.06 7.16 
2016/12/12 7.15 7.15 7.15 7.15 
2016/12/13 6.88 7.10 6.88 7.04 
2016/12/14 7.17 7.17 6.91 7.16 
2016/12/15 7.00 7.36 6.93 7.01 
2016/12/16 7.01 7.71 7.01 7.71 
2016/12/19 8.20 8.48 8.12 8.48 
2016/12/20 9.10 9.10 8.31 8.31 
2016/12/21 8.31 8.31 7.93 7.93 
2016/12/22 7.90 8.00 7.78 7.78 
2016/12/23 7.94 7.94 7.80 7.80 
2016/12/26 7.99 7.99 7.61 7.63 
2016/12/27 8.06 8.06 7.63 7.91 
2016/12/28 7.80 7.87 7.71 7.71 
2016/12/29 7.80 7.80 7.77 7.79 
2016/12/30 7.61 7.94 7.61 7.82 
2017/01/03 7.81 7.81 7.67 7.72 
2017/01/04 7.81 7.81 7.70 7.80 
2017/01/05 7.80 8.05 7.76 8.00 
2017/01/06 7.95 7.95 7.82 7.82 
2017/01/09 8.08 8.08 7.72 7.76 
2017/01/10 7.71 7.86 7.51 7.86 
2017/01/11 7.70 7.78 7.67 7.78 
2017/01/12 7.91 7.91 7.69 7.70 
2017/01/13 7.70 7.93 7.70 7.75 
2017/01/16 7.75 7.75 7.73 7.74 
2017/01/17 7.71 7.74 7.71 7.74 
2017/01/18 7.74 8.44 7.74 8.06 
2017/01/19 8.06 8.86 8.06 8.86 
2017/01/20 8.86 9.00 8.60 8.62 
2017/01/23 8.70 9.14 8.60 9.14 
2017/01/24 9.01 9.97 8.90 9.80 
2017/02/02 9.80 9.88 9.05 9.10 
2017/02/03 9.30 9.30 8.88 9.12 
2017/02/06 9.13 9.13 9.01 9.03 
2017/02/07 9.03 9.50 9.03 9.35 
2017/02/08 9.35 9.45 9.24 9.45 
