2016/07/01 27.60 27.85 27.60 27.70 
2016/07/04 26.40 26.45 26.05 26.30 
2016/07/05 26.30 26.30 26.10 26.20 
2016/07/06 26.05 26.05 25.60 25.60 
2016/07/07 25.60 25.85 25.60 25.60 
2016/07/11 25.85 26.10 25.80 26.05 
2016/07/12 26.10 26.20 25.95 26.20 
2016/07/13 26.20 26.25 26.05 26.20 
2016/07/14 26.35 26.35 26.10 26.15 
2016/07/15 26.30 26.60 26.20 26.50 
2016/07/18 26.55 27.15 26.50 27.05 
2016/07/19 27.20 27.35 26.90 27.00 
2016/07/20 27.15 27.20 26.70 26.90 
2016/07/21 26.90 27.25 26.65 27.05 
2016/07/22 27.10 27.10 26.85 26.95 
2016/07/25 26.95 27.20 26.75 27.00 
2016/07/26 27.00 27.00 26.80 26.90 
2016/07/27 26.90 27.00 26.80 26.90 
2016/07/28 26.95 27.50 26.90 27.40 
2016/07/29 27.40 27.40 27.00 27.05 
2016/08/01 27.05 27.20 26.90 26.90 
2016/08/02 27.00 27.10 26.90 26.95 
2016/08/03 26.95 27.25 26.80 27.00 
2016/08/04 27.10 27.30 26.90 27.05 
2016/08/05 27.10 27.20 26.95 26.95 
2016/08/08 27.60 28.70 27.50 28.70 
2016/08/09 28.00 28.10 27.20 27.80 
2016/08/10 27.50 27.70 27.10 27.10 
2016/08/11 27.05 27.05 26.50 26.50 
2016/08/12 27.30 27.30 26.50 26.65 
2016/08/15 26.65 26.65 26.25 26.35 
2016/08/16 26.35 26.45 26.10 26.35 
2016/08/17 26.25 26.45 26.10 26.25 
2016/08/18 26.25 26.80 26.25 26.60 
2016/08/19 26.80 26.80 26.50 26.60 
2016/08/22 26.50 26.60 26.35 26.55 
2016/08/23 26.70 26.70 26.40 26.45 
2016/08/24 26.60 26.65 26.30 26.30 
2016/08/25 26.35 26.60 26.20 26.40 
2016/08/26 26.40 26.60 26.35 26.40 
2016/08/29 26.30 26.65 26.10 26.60 
2016/08/30 26.65 27.15 26.55 27.10 
2016/08/31 27.10 27.20 26.90 27.15 
2016/09/01 27.15 27.20 26.95 27.05 
2016/09/02 27.05 27.05 26.05 26.30 
2016/09/05 26.40 26.45 26.25 26.30 
2016/09/06 26.70 26.95 26.40 26.80 
2016/09/07 27.00 27.35 26.80 27.25 
2016/09/08 27.30 27.70 27.15 27.50 
2016/09/09 27.45 27.45 27.20 27.30 
2016/09/10 27.30 27.30 26.95 27.00 
2016/09/12 27.10 27.10 26.80 26.80 
2016/09/13 26.85 26.95 26.40 26.45 
2016/09/14 26.30 26.55 26.30 26.45 
2016/09/19 26.60 26.70 26.40 26.65 
2016/09/20 26.75 26.80 26.55 26.70 
2016/09/21 26.70 26.70 26.45 26.60 
2016/09/22 26.70 26.75 26.35 26.35 
2016/09/23 26.55 26.60 26.40 26.50 
2016/09/26 26.40 26.50 26.20 26.20 
2016/09/29 26.30 26.75 26.30 26.55 
2016/09/30 26.55 26.55 26.30 26.35 
2016/10/03 26.60 26.65 26.45 26.60 
2016/10/04 26.70 27.30 26.50 27.30 
2016/10/05 27.70 28.30 27.60 28.00 
2016/10/06 28.00 28.00 27.60 27.60 
2016/10/07 27.50 27.80 27.50 27.60 
2016/10/11 27.70 27.70 26.85 26.95 
2016/10/12 26.75 27.15 26.65 26.90 
2016/10/13 26.95 27.00 26.65 26.85 
2016/10/14 26.80 26.80 26.30 26.30 
2016/10/17 26.30 26.60 26.15 26.50 
2016/10/18 26.35 26.60 26.35 26.40 
2016/10/19 26.40 26.60 26.35 26.45 
2016/10/20 26.40 26.65 26.35 26.50 
2016/10/21 26.40 26.65 26.15 26.30 
2016/10/24 26.30 26.90 26.30 26.70 
2016/10/25 26.70 26.90 26.70 26.75 
2016/10/26 26.70 26.95 26.60 26.85 
2016/10/27 26.90 27.15 26.70 26.85 
2016/10/28 26.85 27.00 26.65 26.75 
2016/10/31 26.50 26.50 26.20 26.30 
2016/11/01 26.35 26.40 26.20 26.25 
2016/11/02 26.20 26.20 26.05 26.05 
2016/11/03 26.00 26.05 25.70 25.85 
2016/11/04 25.85 26.00 25.70 26.00 
2016/11/07 26.05 26.10 25.80 25.85 
2016/11/08 26.10 26.10 25.90 25.95 
2016/11/09 25.95 26.05 25.00 25.05 
2016/11/10 25.45 25.65 25.45 25.60 
2016/11/11 25.55 25.65 25.30 25.35 
2016/11/14 25.30 25.80 25.10 25.35 
2016/11/15 25.15 25.95 25.15 25.75 
2016/11/16 25.50 25.80 25.50 25.75 
2016/11/17 25.75 25.80 25.55 25.55 
2016/11/18 25.60 25.80 25.30 25.80 
2016/11/21 25.95 25.95 25.70 25.90 
2016/11/22 25.90 26.05 25.85 25.95 
2016/11/23 26.15 26.30 26.00 26.25 
2016/11/24 26.25 26.35 26.05 26.10 
2016/11/25 26.20 26.20 26.00 26.00 
2016/11/28 26.15 26.25 25.90 25.95 
2016/11/29 26.00 26.15 25.80 25.85 
2016/11/30 25.85 26.00 25.75 25.80 
2016/12/01 26.20 26.45 26.05 26.05 
2016/12/02 26.05 26.25 25.90 26.20 
2016/12/05 26.20 26.30 26.05 26.10 
2016/12/06 26.45 26.70 26.35 26.50 
2016/12/07 26.70 26.75 26.50 26.65 
2016/12/08 26.80 26.85 26.65 26.70 
2016/12/09 26.80 26.80 26.60 26.70 
2016/12/12 26.85 26.85 26.40 26.40 
2016/12/13 26.50 26.60 26.30 26.50 
2016/12/14 26.50 26.60 26.35 26.35 
2016/12/15 26.50 26.50 26.25 26.50 
2016/12/16 26.50 26.65 26.30 26.65 
2016/12/19 26.65 26.70 26.35 26.55 
2016/12/20 26.65 26.75 26.50 26.55 
2016/12/21 26.80 26.80 26.45 26.45 
2016/12/22 26.55 26.55 26.25 26.35 
2016/12/23 26.40 26.40 26.20 26.20 
2016/12/26 26.25 26.30 26.05 26.20 
2016/12/27 26.40 26.40 26.00 26.05 
2016/12/28 26.05 26.25 26.00 26.25 
2016/12/29 26.20 26.35 26.05 26.30 
2016/12/30 26.30 26.45 26.25 26.40 
2017/01/03 26.40 26.60 26.40 26.45 
2017/01/04 26.65 26.80 26.55 26.65 
2017/01/05 26.85 26.85 26.60 26.70 
2017/01/06 26.85 26.90 26.40 26.50 
2017/01/09 26.60 26.65 26.25 26.30 
2017/01/10 26.40 26.40 26.10 26.15 
2017/01/11 26.15 26.20 26.10 26.15 
2017/01/12 26.40 26.45 26.15 26.30 
2017/01/13 26.30 26.35 26.15 26.25 
2017/01/16 26.25 26.30 26.10 26.15 
2017/01/17 26.25 26.30 26.10 26.30 
2017/01/18 26.30 26.35 26.05 26.30 
2017/01/19 26.30 26.30 26.00 26.05 
2017/01/20 26.10 26.20 26.00 26.00 
2017/01/23 26.15 26.15 25.90 25.95 
2017/01/24 26.15 26.15 25.95 26.05 
2017/02/02 26.10 26.30 26.00 26.05 
2017/02/03 26.10 26.70 26.10 26.70 
2017/02/06 26.80 26.90 26.50 26.60 
2017/02/07 26.60 26.70 26.45 26.50 
2017/02/08 26.60 26.90 26.55 26.75 
