2016/07/01 139.50 140.00 136.50 137.50 
2016/07/04 138.00 138.00 136.50 138.00 
2016/07/05 138.00 138.00 136.50 136.50 
2016/07/06 135.00 136.00 133.50 133.50 
2016/07/07 134.50 135.50 134.50 135.00 
2016/07/11 136.00 138.00 133.50 138.00 
2016/07/12 138.00 139.00 137.50 138.00 
2016/07/13 138.50 151.00 137.00 144.00 
2016/07/14 145.00 147.50 140.50 146.00 
2016/07/15 146.50 147.50 144.50 144.50 
2016/07/18 145.00 146.00 143.00 143.00 
2016/07/19 144.50 144.50 141.00 141.00 
2016/07/20 142.00 143.50 139.50 140.50 
2016/07/21 141.50 146.50 140.50 143.00 
2016/07/22 142.00 144.00 140.50 142.50 
2016/07/25 143.00 143.00 141.00 141.00 
2016/07/26 142.00 142.50 141.00 141.50 
2016/07/27 142.00 143.00 141.00 141.00 
2016/07/28 141.00 141.50 140.00 140.00 
2016/07/29 140.50 144.00 140.50 142.50 
2016/08/01 143.50 144.50 143.00 143.50 
2016/08/02 144.50 144.50 142.50 143.00 
2016/08/03 142.00 142.50 141.50 142.00 
2016/08/04 142.50 147.00 142.00 145.50 
2016/08/05 147.00 151.00 144.00 149.50 
2016/08/08 152.00 154.00 148.00 149.50 
2016/08/09 152.50 152.50 147.00 147.00 
2016/08/10 149.50 158.00 148.50 157.00 
2016/08/11 160.00 164.00 158.00 161.00 
2016/08/12 163.00 164.00 158.50 162.00 
2016/08/15 163.00 163.00 160.00 160.50 
2016/08/16 161.00 162.00 157.00 158.00 
2016/08/17 157.00 161.00 157.00 157.00 
2016/08/18 159.00 159.00 156.00 158.00 
2016/08/19 157.50 160.00 156.50 157.00 
2016/08/22 157.00 157.50 152.00 154.00 
2016/08/23 154.50 156.00 154.00 155.50 
2016/08/24 156.50 157.00 154.50 155.00 
2016/08/25 156.00 156.50 154.00 156.50 
2016/08/26 156.50 157.50 155.00 155.50 
2016/08/29 155.00 159.00 155.00 158.50 
2016/08/30 160.00 162.50 160.00 161.00 
2016/08/31 161.00 161.50 159.00 160.50 
2016/09/01 159.00 160.50 157.50 157.50 
2016/09/02 157.50 160.50 156.00 159.00 
2016/09/05 161.50 161.50 157.00 159.00 
2016/09/06 159.00 159.00 157.00 158.00 
2016/09/07 158.50 160.50 157.50 160.00 
2016/09/08 156.00 156.50 154.50 155.00 
2016/09/09 155.00 155.50 154.00 154.00 
2016/09/10 150.00 151.00 146.50 147.50 
2016/09/12 147.50 150.00 145.00 145.00 
2016/09/13 146.50 147.00 144.00 144.50 
2016/09/14 142.50 145.50 142.50 145.00 
2016/09/19 145.50 148.50 145.50 148.00 
2016/09/20 148.50 151.00 148.00 148.50 
2016/09/21 149.50 150.50 149.00 150.00 
2016/09/22 151.50 151.50 150.00 151.50 
2016/09/23 152.50 155.00 151.00 155.00 
2016/09/26 155.00 155.00 152.00 153.00 
2016/09/29 153.00 156.00 153.00 155.50 
2016/09/30 155.50 156.50 153.50 156.50 
2016/10/03 157.50 157.50 155.50 156.50 
2016/10/04 157.00 159.00 156.50 158.00 
2016/10/05 158.00 159.50 155.50 155.50 
2016/10/06 153.00 155.50 152.50 153.50 
2016/10/07 154.50 156.50 154.00 154.00 
2016/10/11 156.00 156.00 150.50 151.00 
2016/10/12 153.50 156.00 153.00 153.50 
2016/10/13 154.00 155.00 153.00 154.00 
2016/10/14 152.50 154.50 151.00 152.00 
2016/10/17 153.00 154.50 151.00 151.50 
2016/10/18 151.50 151.50 146.00 147.50 
2016/10/19 147.50 148.50 144.50 145.50 
2016/10/20 145.50 146.50 144.00 145.00 
2016/10/21 145.00 146.00 144.00 145.50 
2016/10/24 144.00 146.50 142.50 143.50 
2016/10/25 143.50 145.50 142.00 144.00 
2016/10/26 144.50 147.00 144.50 145.50 
2016/10/27 146.00 147.50 143.50 146.50 
2016/10/28 145.50 147.00 143.00 143.00 
2016/10/31 142.00 142.00 139.00 139.50 
2016/11/01 139.50 139.50 136.00 137.50 
2016/11/02 135.00 136.50 134.50 134.50 
2016/11/03 134.50 136.00 133.00 135.00 
2016/11/04 136.00 138.50 135.00 137.50 
2016/11/07 139.50 140.50 138.50 140.00 
2016/11/08 142.50 143.00 139.00 142.00 
2016/11/09 142.00 144.00 133.50 133.50 
2016/11/10 138.00 138.50 134.00 137.50 
2016/11/11 138.00 142.00 138.00 140.00 
2016/11/14 142.00 142.00 140.00 141.00 
2016/11/15 141.00 141.50 138.00 139.00 
2016/11/16 139.00 143.00 138.50 143.00 
2016/11/17 144.00 144.00 140.50 143.00 
2016/11/18 143.00 143.00 140.00 141.00 
2016/11/21 142.00 142.00 140.00 140.50 
2016/11/22 141.50 141.50 139.50 140.50 
2016/11/23 141.00 144.00 141.00 141.00 
2016/11/24 140.50 142.00 140.50 141.00 
2016/11/25 142.50 143.00 141.00 141.50 
2016/11/28 142.00 143.00 140.00 141.50 
2016/11/29 141.00 143.00 140.50 143.00 
2016/11/30 143.00 143.50 141.00 142.00 
2016/12/01 143.00 143.00 140.50 141.00 
2016/12/02 140.00 141.50 139.00 140.00 
2016/12/05 140.00 141.00 138.50 139.00 
2016/12/06 140.00 142.00 139.00 141.00 
2016/12/07 145.00 151.00 144.00 149.50 
2016/12/08 151.00 151.50 148.00 149.50 
2016/12/09 148.50 149.50 146.50 148.50 
2016/12/12 150.00 151.00 145.50 146.50 
2016/12/13 147.00 148.00 145.50 146.00 
2016/12/14 148.00 149.00 146.50 147.00 
2016/12/15 147.00 148.00 145.00 148.00 
2016/12/16 147.50 148.00 145.50 145.50 
2016/12/19 145.50 146.00 143.00 143.00 
2016/12/20 143.00 146.00 142.00 146.00 
2016/12/21 145.00 146.50 143.00 143.50 
2016/12/22 144.00 145.00 140.50 140.50 
2016/12/23 140.50 141.50 140.00 140.50 
2016/12/26 141.00 142.50 141.00 142.50 
2016/12/27 142.50 142.50 137.00 140.00 
2016/12/28 140.50 142.50 140.00 141.50 
2016/12/29 142.00 144.00 139.50 143.00 
2016/12/30 144.00 144.00 142.50 143.50 
2017/01/03 143.50 145.50 143.00 145.50 
2017/01/04 146.50 146.50 144.50 144.50 
2017/01/05 144.50 147.00 144.00 147.00 
2017/01/06 148.50 148.50 147.00 148.50 
2017/01/09 150.00 151.00 145.00 145.00 
2017/01/10 145.00 145.00 141.50 144.50 
2017/01/11 145.00 145.00 142.50 143.00 
2017/01/12 143.50 144.50 142.50 142.50 
2017/01/13 143.00 143.00 141.00 141.00 
2017/01/16 142.00 142.50 141.50 142.50 
2017/01/17 142.50 144.00 141.50 143.50 
2017/01/18 143.50 144.00 142.50 144.00 
2017/01/19 144.50 144.50 143.00 143.00 
2017/01/20 143.50 145.50 143.00 145.00 
2017/01/23 145.50 148.00 145.50 147.00 
2017/01/24 147.00 147.50 146.00 147.00 
2017/02/02 149.00 150.00 146.50 150.00 
2017/02/03 150.00 151.00 149.00 150.00 
2017/02/06 151.00 153.50 150.00 150.50 
2017/02/07 152.50 154.00 150.50 150.50 
2017/02/08 151.50 151.50 149.00 150.50 
