2016/07/01 57.20 57.30 57.00 57.10 
2016/07/04 57.00 57.20 56.80 56.80 
2016/07/05 57.10 57.10 56.90 56.90 
2016/07/06 56.90 57.00 56.80 56.90 
2016/07/07 57.00 57.30 56.80 57.00 
2016/07/11 57.00 57.20 56.70 57.20 
2016/07/12 57.10 57.50 57.10 57.30 
2016/07/13 57.30 57.50 57.10 57.50 
2016/07/14 57.60 58.60 57.50 58.50 
2016/07/15 58.80 58.80 58.30 58.40 
2016/07/18 58.40 58.60 58.40 58.40 
2016/07/19 58.30 58.80 58.30 58.80 
2016/07/20 58.50 58.70 58.40 58.70 
2016/07/21 58.70 58.80 58.40 58.40 
2016/07/22 58.50 58.80 58.40 58.70 
2016/07/25 58.70 59.00 58.30 58.40 
2016/07/26 58.50 58.50 58.30 58.30 
2016/07/27 58.40 58.50 58.30 58.50 
2016/07/28 58.50 58.80 58.40 58.80 
2016/07/29 58.80 58.80 58.50 58.80 
2016/08/01 58.80 58.80 58.50 58.70 
2016/08/02 58.50 58.70 58.40 58.40 
2016/08/03 58.40 58.50 58.30 58.50 
2016/08/04 58.70 58.70 58.40 58.60 
2016/08/05 58.80 58.80 58.30 58.30 
2016/08/08 58.30 58.40 58.10 58.20 
2016/08/09 58.30 58.60 58.30 58.60 
2016/08/10 58.80 60.20 58.60 60.10 
2016/08/11 60.10 60.10 59.00 59.40 
2016/08/12 59.50 59.90 59.50 59.90 
2016/08/15 60.00 60.20 59.70 60.10 
2016/08/16 60.00 60.10 59.50 59.70 
2016/08/17 60.00 60.40 59.70 60.40 
2016/08/18 60.40 60.50 60.20 60.40 
2016/08/19 60.40 60.50 60.40 60.50 
2016/08/22 60.50 60.50 60.00 60.50 
2016/08/23 60.50 60.50 60.00 60.40 
2016/08/24 60.00 60.40 59.70 60.40 
2016/08/25 59.90 60.40 59.90 60.30 
2016/08/26 60.40 60.40 60.30 60.30 
2016/08/29 60.30 60.30 60.00 60.00 
2016/08/30 60.00 60.50 59.90 60.50 
2016/08/31 60.50 60.50 60.00 60.30 
2016/09/01 60.30 60.60 60.30 60.50 
2016/09/02 60.50 60.90 60.00 60.50 
2016/09/05 60.50 60.80 60.20 60.50 
2016/09/06 60.80 60.80 60.30 60.50 
2016/09/07 60.50 60.50 60.30 60.50 
2016/09/08 60.50 60.50 60.20 60.20 
2016/09/09 60.20 60.20 60.00 60.00 
2016/09/10 59.90 60.30 59.90 60.30 
2016/09/12 60.30 60.30 60.00 60.30 
2016/09/13 60.30 60.30 60.00 60.00 
2016/09/14 60.40 60.40 60.00 60.00 
2016/09/19 60.00 60.20 59.90 60.00 
2016/09/20 60.00 60.00 59.90 60.00 
2016/09/21 60.00 60.80 59.90 60.70 
2016/09/22 60.70 60.70 60.10 60.60 
2016/09/23 60.20 60.50 60.10 60.50 
2016/09/26 60.00 60.10 60.00 60.10 
2016/09/29 60.00 60.10 59.90 60.00 
2016/09/30 60.20 60.20 60.00 60.10 
2016/10/03 60.10 60.10 59.90 59.90 
2016/10/04 59.90 60.00 59.90 60.00 
2016/10/05 59.90 60.00 59.90 59.90 
2016/10/06 59.90 60.50 59.90 60.10 
2016/10/07 60.10 60.60 60.00 60.00 
2016/10/11 60.00 60.60 60.00 60.10 
2016/10/12 60.00 60.60 60.00 60.30 
2016/10/13 60.30 60.50 60.00 60.40 
2016/10/14 60.50 60.50 60.00 60.00 
2016/10/17 60.00 60.30 59.90 60.30 
2016/10/18 60.40 60.50 60.30 60.30 
2016/10/19 60.50 60.50 60.30 60.50 
2016/10/20 60.00 60.30 59.90 60.30 
2016/10/21 60.00 60.40 59.90 60.40 
2016/10/24 60.60 60.60 60.00 60.50 
2016/10/25 60.10 60.50 60.00 60.50 
2016/10/26 60.20 60.50 60.00 60.50 
2016/10/27 60.10 60.40 60.10 60.40 
2016/10/28 60.50 60.50 60.10 60.40 
2016/10/31 60.30 60.40 60.00 60.40 
2016/11/01 60.40 60.40 59.80 59.80 
2016/11/02 60.00 60.00 59.80 59.90 
2016/11/03 59.80 59.90 59.20 59.80 
2016/11/04 59.80 59.80 59.30 59.60 
2016/11/07 59.60 60.00 59.30 60.00 
2016/11/08 60.00 60.10 59.30 59.50 
2016/11/09 59.40 59.40 59.30 59.30 
2016/11/10 59.30 60.30 59.20 60.30 
2016/11/11 60.30 60.30 59.40 60.00 
2016/11/14 60.00 60.10 59.60 59.80 
2016/11/15 60.00 60.40 59.70 60.40 
2016/11/16 60.50 60.50 60.30 60.40 
2016/11/17 60.30 60.60 60.00 60.60 
2016/11/18 60.60 60.60 60.50 60.50 
2016/11/21 60.50 60.50 60.10 60.10 
2016/11/22 60.10 60.40 60.10 60.40 
2016/11/23 60.40 60.40 60.20 60.40 
2016/11/24 60.40 60.40 60.20 60.20 
2016/11/25 60.50 60.50 60.10 60.10 
2016/11/28 60.10 61.00 60.10 60.70 
2016/11/29 60.70 61.00 60.70 60.70 
2016/11/30 60.80 60.80 60.70 60.80 
2016/12/01 60.60 61.00 60.50 60.90 
2016/12/02 60.90 61.00 60.90 60.90 
2016/12/05 60.50 60.90 60.40 60.80 
2016/12/06 60.80 60.80 60.70 60.70 
2016/12/07 60.70 60.70 60.70 60.70 
2016/12/08 60.70 60.80 60.50 60.60 
2016/12/09 60.60 60.60 60.50 60.50 
2016/12/12 60.10 60.50 60.10 60.30 
2016/12/13 60.30 60.50 60.10 60.30 
2016/12/14 60.20 60.50 60.10 60.20 
2016/12/15 60.20 60.50 60.20 60.50 
2016/12/16 60.50 60.60 60.30 60.30 
2016/12/19 60.30 60.70 60.30 60.40 
2016/12/20 60.40 60.50 60.30 60.30 
2016/12/21 60.30 60.80 60.30 60.80 
2016/12/22 60.50 61.00 60.40 60.90 
2016/12/23 60.30 60.50 60.30 60.50 
2016/12/26 60.50 65.70 59.70 62.00 
2016/12/27 62.20 62.20 61.50 61.90 
2016/12/28 62.00 62.00 61.30 61.30 
2016/12/29 61.20 62.00 61.20 61.50 
2016/12/30 61.50 64.20 61.50 64.20 
2017/01/03 63.30 63.30 62.70 62.90 
2017/01/04 62.90 62.90 62.70 62.90 
2017/01/05 62.90 62.90 62.80 62.90 
2017/01/06 62.90 62.90 62.70 62.80 
2017/01/09 62.90 62.90 62.70 62.70 
2017/01/10 62.50 62.50 61.70 61.90 
2017/01/11 61.90 62.40 61.90 62.30 
2017/01/12 62.30 62.30 62.00 62.10 
2017/01/13 62.00 62.10 62.00 62.00 
2017/01/16 61.80 62.00 61.70 62.00 
2017/01/17 62.00 62.00 61.70 62.00 
2017/01/18 61.90 62.50 61.80 62.50 
2017/01/19 62.40 62.40 62.10 62.20 
2017/01/20 62.20 62.20 62.00 62.10 
2017/01/23 62.00 62.50 61.80 62.50 
2017/01/24 62.10 62.40 61.80 62.40 
2017/02/02 62.40 62.40 62.00 62.10 
2017/02/03 62.10 62.50 62.10 62.50 
2017/02/06 62.50 62.60 62.50 62.50 
2017/02/07 62.60 62.80 62.30 62.30 
2017/02/08 62.10 62.30 62.10 62.20 
