2016/07/01 4.90 4.90 4.85 4.86 
2016/07/04 4.88 4.90 4.85 4.86 
2016/07/05 4.86 4.86 4.84 4.84 
2016/07/06 4.90 4.90 4.80 4.90 
2016/07/07 4.89 4.90 4.82 4.89 
2016/07/11 4.86 4.86 4.82 4.82 
2016/07/12 4.85 4.90 4.82 4.82 
2016/07/13 4.85 4.85 4.82 4.85 
2016/07/14 4.85 4.87 4.82 4.86 
2016/07/15 4.86 4.90 4.86 4.88 
2016/07/18 4.90 4.90 4.80 4.88 
2016/07/19 4.85 4.85 4.80 4.80 
2016/07/20 4.81 4.81 4.76 4.76 
2016/07/21 4.76 4.80 4.72 4.72 
2016/07/22 4.72 4.84 4.72 4.80 
2016/07/25 4.80 4.80 4.74 4.80 
2016/07/26 4.89 4.89 4.74 4.85 
2016/07/27 4.83 4.85 4.80 4.85 
2016/07/28 4.72 4.84 4.72 4.78 
2016/07/29 4.80 4.80 4.68 4.78 
2016/08/01 4.80 4.80 4.66 4.71 
2016/08/02 4.79 4.85 4.71 4.76 
2016/08/03 4.75 4.80 4.73 4.80 
2016/08/04 4.80 5.15 4.79 4.85 
2016/08/05 4.87 5.04 4.84 5.04 
2016/08/08 5.15 5.54 5.09 5.54 
2016/08/09 5.37 5.43 5.13 5.20 
2016/08/10 5.35 5.35 5.14 5.19 
2016/08/11 5.20 5.20 4.94 5.05 
2016/08/12 5.09 5.09 4.92 5.00 
2016/08/15 5.00 5.10 5.00 5.03 
2016/08/16 5.03 5.06 4.96 5.06 
2016/08/17 5.08 5.24 5.08 5.18 
2016/08/18 5.20 5.24 5.12 5.15 
2016/08/19 5.14 5.20 5.06 5.06 
2016/08/22 5.10 5.15 5.05 5.06 
2016/08/23 5.06 5.17 5.06 5.17 
2016/08/24 5.19 5.28 5.17 5.27 
2016/08/25 5.30 5.30 5.20 5.27 
2016/08/26 5.27 5.30 5.15 5.23 
2016/08/29 5.20 5.20 5.14 5.14 
2016/08/30 5.13 5.14 5.08 5.08 
2016/08/31 5.08 5.25 5.08 5.21 
2016/09/01 5.13 5.20 5.10 5.11 
2016/09/02 5.18 5.18 5.01 5.10 
2016/09/05 5.11 5.11 5.04 5.04 
2016/09/06 5.05 5.06 4.90 5.05 
2016/09/07 5.05 5.10 4.99 5.01 
2016/09/08 5.03 5.10 5.01 5.10 
2016/09/09 5.14 5.14 5.05 5.06 
2016/09/10 5.47 5.56 5.30 5.45 
2016/09/12 5.21 5.44 5.21 5.25 
2016/09/13 5.25 5.29 5.11 5.13 
2016/09/14 5.18 5.19 5.13 5.19 
2016/09/19 5.19 5.20 5.02 5.07 
2016/09/20 5.07 5.43 5.07 5.34 
2016/09/21 5.38 5.87 5.38 5.76 
2016/09/22 5.56 5.75 5.50 5.57 
2016/09/23 5.67 6.00 5.58 5.78 
2016/09/26 5.84 5.84 5.63 5.63 
2016/09/29 5.70 5.73 5.55 5.68 
2016/09/30 5.65 6.14 5.61 5.99 
2016/10/03 6.30 6.50 6.28 6.36 
2016/10/04 6.36 6.64 6.36 6.38 
2016/10/05 6.54 6.54 6.30 6.40 
2016/10/21 12.90 12.90 12.90 12.90 
2016/10/24 14.15 14.15 14.15 14.15 
2016/10/25 15.55 15.55 15.55 15.55 
2016/10/26 17.10 17.10 15.60 17.10 
2016/10/27 17.95 18.80 17.85 18.80 
2016/10/28 19.30 19.30 17.30 18.40 
2016/10/31 18.00 18.00 17.55 17.90 
2016/11/01 17.90 19.65 17.90 19.65 
2016/11/02 18.30 19.00 18.30 18.50 
2016/11/03 18.20 18.65 18.20 18.65 
2016/11/04 18.65 18.65 18.00 18.65 
2016/11/07 18.80 18.80 18.20 18.50 
2016/11/08 18.50 18.50 17.50 18.10 
2016/11/09 18.00 18.00 16.70 17.50 
2016/11/10 17.80 18.75 17.80 18.45 
2016/11/11 18.55 18.60 18.15 18.60 
2016/11/14 19.45 20.45 19.40 20.45 
2016/11/15 19.50 21.15 19.50 20.90 
2016/11/16 22.40 22.95 22.40 22.95 
2016/11/17 24.00 25.20 23.50 25.20 
2016/11/18 24.80 25.75 24.40 25.20 
2016/11/21 25.00 26.50 24.50 25.25 
2016/11/22 25.00 25.90 24.10 24.80 
2016/11/23 24.75 25.40 23.80 24.15 
2016/11/24 23.85 23.85 21.80 22.90 
2016/11/25 22.75 25.15 22.70 24.40 
2016/11/28 24.25 24.95 23.80 24.00 
2016/11/29 24.00 26.20 23.40 24.80 
2016/11/30 24.80 25.20 24.00 24.25 
2016/12/01 24.60 24.60 24.05 24.10 
2016/12/02 24.10 24.15 23.65 23.65 
2016/12/05 23.65 23.65 21.85 23.00 
2016/12/06 23.20 23.60 22.70 23.10 
2016/12/07 23.10 23.10 22.05 22.95 
2016/12/08 23.60 23.60 22.40 22.90 
2016/12/09 22.75 23.50 22.60 22.60 
2016/12/12 22.60 23.20 21.95 22.65 
2016/12/13 22.85 24.90 22.80 24.80 
2016/12/14 24.90 27.25 24.75 26.45 
2016/12/15 26.35 26.90 25.80 26.30 
2016/12/16 26.30 28.35 26.30 27.05 
2016/12/19 27.05 28.20 26.60 27.10 
2016/12/20 27.30 27.60 25.25 26.00 
2016/12/21 26.30 26.45 25.70 25.85 
2016/12/22 25.50 27.20 25.50 26.65 
2016/12/23 26.65 27.75 26.65 26.85 
2016/12/26 26.85 26.85 25.40 26.20 
2016/12/27 25.90 26.70 25.85 25.85 
2016/12/28 25.85 26.25 25.85 26.00 
2016/12/29 26.20 28.60 26.15 27.75 
2016/12/30 27.65 28.30 27.45 27.55 
2017/01/03 27.65 28.50 27.50 27.65 
2017/01/04 27.65 28.15 27.10 28.15 
2017/01/05 29.10 30.95 28.50 29.10 
2017/01/06 29.05 29.95 29.05 29.70 
2017/01/09 30.20 30.85 29.70 30.00 
2017/01/10 29.90 29.90 29.25 29.55 
2017/01/11 29.55 30.15 29.35 29.90 
2017/01/12 29.90 30.65 29.90 30.30 
2017/01/13 30.40 32.50 30.30 32.50 
2017/01/16 33.50 34.10 32.50 34.10 
2017/01/17 34.35 37.50 34.35 37.20 
2017/01/18 38.00 39.10 38.00 38.80 
2017/01/19 40.20 40.20 37.20 37.80 
2017/01/20 37.50 39.40 37.50 38.30 
2017/01/23 38.75 38.75 37.75 38.35 
2017/01/24 37.20 38.00 36.50 38.00 
2017/02/02 38.00 38.30 37.55 37.55 
2017/02/03 37.05 37.20 36.50 37.00 
2017/02/06 37.00 38.80 37.00 38.10 
2017/02/07 38.25 38.50 38.10 38.10 
2017/02/08 38.75 39.50 38.20 39.00 
