2016/07/01 2.78 2.80 2.78 2.80 
2016/07/04 3.08 3.08 2.98 2.98 
2016/07/05 2.72 2.72 2.72 2.72 
2016/07/06 2.80 2.99 2.80 2.96 
2016/07/07 3.00 3.00 2.98 2.98 
2016/07/11 2.98 3.07 2.78 3.07 
2016/07/12 3.24 3.24 3.24 3.24 
2016/07/13 3.10 3.35 3.10 3.35 
2016/07/14 3.11 3.15 3.11 3.13 
2016/07/15 3.00 3.19 3.00 3.19 
2016/07/18 3.29 3.29 3.29 3.29 
2016/07/19 3.05 3.10 3.05 3.10 
2016/07/20 2.96 2.96 2.96 2.96 
2016/07/25 2.87 2.87 2.87 2.87 
2016/07/26 2.80 2.92 2.80 2.92 
2016/07/27 2.80 3.15 2.80 3.15 
2016/07/28 2.96 3.00 2.96 3.00 
2016/08/01 2.81 3.07 2.81 3.07 
2016/08/02 3.07 3.07 2.91 2.91 
2016/08/03 3.15 3.15 3.15 3.15 
2016/08/04 3.13 3.13 3.13 3.13 
2016/08/05 3.00 3.00 2.96 2.96 
2016/08/08 3.03 3.03 3.03 3.03 
2016/08/09 2.75 3.00 2.75 2.96 
2016/08/10 2.82 2.82 2.76 2.76 
2016/08/11 2.57 2.59 2.55 2.59 
2016/08/12 2.55 2.70 2.55 2.70 
2016/08/15 2.45 2.83 2.45 2.56 
2016/08/16 2.45 2.46 2.45 2.45 
2016/08/18 2.55 2.55 2.55 2.55 
2016/08/23 2.37 2.64 2.37 2.64 
2016/08/24 2.43 2.44 2.43 2.44 
2016/08/25 2.30 2.45 2.30 2.45 
2016/08/26 2.32 2.50 2.32 2.49 
2016/08/29 2.36 2.45 2.36 2.45 
2016/08/30 2.33 2.45 2.33 2.45 
2016/08/31 2.47 2.47 2.47 2.47 
2016/09/01 2.47 2.47 2.46 2.46 
2016/09/02 2.39 2.39 2.39 2.39 
2016/09/05 2.49 2.49 2.49 2.49 
2016/09/06 2.40 2.59 2.40 2.59 
2016/09/08 2.40 2.40 2.40 2.40 
2016/09/09 2.40 2.52 2.40 2.52 
2016/09/10 2.57 2.57 2.57 2.57 
2016/09/12 2.40 2.40 2.40 2.40 
2016/09/13 2.41 2.41 2.41 2.41 
2016/09/19 2.50 2.63 2.45 2.45 
2016/09/20 2.64 2.64 2.50 2.50 
2016/09/21 2.69 2.69 2.54 2.54 
2016/09/23 2.53 2.53 2.46 2.46 
2016/09/26 2.46 2.46 2.46 2.46 
2016/09/29 2.68 2.68 2.47 2.50 
2016/09/30 2.50 2.50 2.50 2.50 
2016/10/03 2.50 2.51 2.50 2.51 
2016/10/04 2.51 2.73 2.51 2.71 
2016/10/05 2.53 2.61 2.53 2.61 
2016/10/06 2.87 2.87 2.87 2.87 
2016/10/07 2.87 2.95 2.71 2.95 
2016/10/11 2.80 2.80 2.80 2.80 
2016/10/12 2.80 2.80 2.80 2.80 
2016/10/14 2.53 2.56 2.53 2.56 
2016/10/17 2.55 2.60 2.55 2.60 
2016/10/18 2.52 2.52 2.52 2.52 
2016/10/19 2.52 2.52 2.52 2.52 
2016/10/20 2.56 2.56 2.56 2.56 
2016/10/21 2.73 2.73 2.73 2.73 
2016/10/24 2.97 2.97 2.95 2.95 
2016/10/25 2.74 2.94 2.68 2.94 
2016/10/26 2.65 2.66 2.65 2.65 
2016/10/27 2.65 2.76 2.65 2.76 
2016/10/28 2.76 2.76 2.76 2.76 
2016/10/31 2.53 2.55 2.53 2.55 
2016/11/01 2.56 2.56 2.43 2.45 
2016/11/02 2.50 2.51 2.50 2.51 
2016/11/03 2.45 2.45 2.45 2.45 
2016/11/04 2.46 2.47 2.46 2.47 
2016/11/07 2.50 2.57 2.50 2.57 
2016/11/08 2.42 2.75 2.42 2.75 
2016/11/09 2.50 2.69 2.50 2.69 
2016/11/10 2.46 2.53 2.46 2.53 
2016/11/11 2.46 2.46 2.46 2.46 
2016/11/14 2.41 2.50 2.41 2.50 
2016/11/15 2.45 2.61 2.45 2.60 
2016/11/16 2.60 2.65 2.58 2.58 
2016/11/17 2.54 2.80 2.54 2.80 
2016/11/18 2.85 2.85 2.59 2.80 
2016/11/22 2.97 2.97 2.65 2.67 
2016/11/23 2.55 2.58 2.55 2.58 
2016/11/24 2.58 2.60 2.58 2.60 
2016/11/25 2.65 2.68 2.53 2.68 
2016/11/28 2.68 2.73 2.68 2.73 
2016/11/29 2.56 2.68 2.56 2.68 
2016/11/30 2.68 2.76 2.58 2.76 
2016/12/01 2.80 2.80 2.49 2.78 
2016/12/02 2.75 2.75 2.59 2.65 
2016/12/05 2.64 2.64 2.62 2.62 
2016/12/06 2.48 2.55 2.48 2.55 
2016/12/07 2.56 2.56 2.56 2.56 
2016/12/09 2.55 2.55 2.48 2.50 
2016/12/12 2.50 2.50 2.50 2.50 
2016/12/13 2.50 2.63 2.50 2.63 
2016/12/14 2.59 2.59 2.50 2.50 
2016/12/15 2.59 2.59 2.59 2.59 
2016/12/16 2.55 2.55 2.55 2.55 
2016/12/19 2.55 2.55 2.55 2.55 
2016/12/20 2.69 2.69 2.69 2.69 
2016/12/21 2.60 2.67 2.60 2.67 
2016/12/23 2.43 2.58 2.43 2.58 
2016/12/27 2.45 2.55 2.45 2.55 
2016/12/28 2.46 2.49 2.46 2.49 
2016/12/29 2.48 2.48 2.48 2.48 
2016/12/30 2.47 2.49 2.46 2.49 
2017/01/03 2.41 2.42 2.41 2.42 
2017/01/04 2.42 2.49 2.42 2.49 
2017/01/05 2.45 2.45 2.45 2.45 
2017/01/06 2.58 2.58 2.40 2.46 
2017/01/09 2.57 2.57 2.50 2.56 
2017/01/10 2.46 2.46 2.45 2.45 
2017/01/11 2.40 2.58 2.40 2.40 
2017/01/12 2.51 2.51 2.40 2.41 
2017/01/13 2.41 2.48 2.41 2.48 
2017/01/16 2.50 2.50 2.41 2.42 
2017/01/17 2.43 2.49 2.43 2.49 
2017/01/18 2.48 2.48 2.39 2.40 
2017/01/19 2.40 2.44 2.40 2.44 
2017/01/20 2.52 2.52 2.40 2.41 
2017/01/23 2.40 2.43 2.40 2.43 
2017/01/24 2.45 2.51 2.45 2.45 
2017/02/02 2.45 2.45 2.40 2.45 
2017/02/03 2.50 2.65 2.50 2.60 
2017/02/06 2.75 2.80 2.70 2.80 
2017/02/07 2.86 3.08 2.86 3.08 
2017/02/08 3.07 3.16 3.00 3.00 
