2016/07/01 1.24 1.24 1.14 1.14 
2016/07/04 1.20 1.23 1.20 1.21 
2016/07/05 1.22 1.33 1.22 1.33 
2016/07/06 1.45 1.46 1.45 1.46 
2016/07/07 1.60 1.60 1.40 1.46 
2016/07/11 1.46 1.46 1.32 1.32 
2016/07/12 1.26 1.28 1.25 1.28 
2016/07/13 1.30 1.30 1.20 1.20 
2016/07/14 1.18 1.25 1.15 1.20 
2016/07/15 1.28 1.29 1.26 1.29 
2016/07/18 1.35 1.35 1.25 1.26 
2016/07/19 1.34 1.34 1.27 1.32 
2016/07/20 1.22 1.34 1.22 1.34 
2016/07/21 1.38 1.40 1.33 1.35 
2016/07/22 1.35 1.35 1.31 1.35 
2016/07/25 1.30 1.33 1.30 1.32 
2016/07/26 1.28 1.28 1.22 1.22 
2016/07/27 1.20 1.28 1.20 1.26 
2016/07/28 1.24 1.29 1.21 1.21 
2016/07/29 1.27 1.27 1.17 1.17 
2016/08/01 1.18 1.19 1.17 1.19 
2016/08/02 1.22 1.22 1.19 1.19 
2016/08/03 1.25 1.25 1.16 1.16 
2016/08/04 1.17 1.24 1.17 1.24 
2016/08/05 1.16 1.27 1.16 1.25 
2016/08/08 1.30 1.33 1.30 1.33 
2016/08/09 1.25 1.36 1.25 1.32 
2016/08/10 1.32 1.32 1.26 1.26 
2016/08/11 1.30 1.30 1.21 1.21 
2016/08/12 1.29 1.30 1.29 1.29 
2016/08/15 1.30 1.30 1.23 1.26 
2016/08/16 1.21 1.22 1.21 1.22 
2016/08/17 1.28 1.29 1.25 1.25 
2016/08/18 1.26 1.29 1.25 1.26 
2016/08/19 1.30 1.30 1.25 1.26 
2016/08/22 1.29 1.29 1.23 1.28 
2016/08/23 1.30 1.30 1.23 1.24 
2016/08/24 1.24 1.24 1.22 1.22 
2016/08/25 1.22 1.26 1.21 1.26 
2016/08/26 1.27 1.28 1.27 1.28 
2016/08/29 1.22 1.24 1.22 1.24 
2016/08/30 1.24 1.24 1.21 1.21 
2016/08/31 1.20 1.23 1.20 1.23 
2016/09/01 1.27 1.27 1.24 1.26 
2016/09/02 1.23 1.23 1.22 1.23 
2016/09/05 1.19 1.23 1.18 1.18 
2016/09/06 1.18 1.24 1.14 1.24 
2016/09/07 1.16 1.18 1.15 1.15 
2016/09/08 1.20 1.25 1.20 1.25 
2016/09/09 1.28 1.29 1.22 1.22 
2016/09/10 1.22 1.26 1.22 1.26 
2016/09/12 1.28 1.30 1.24 1.25 
2016/09/13 1.25 1.28 1.22 1.22 
2016/09/14 1.28 1.28 1.28 1.28 
2016/09/19 1.28 1.28 1.23 1.23 
2016/09/20 1.29 1.29 1.25 1.29 
2016/09/21 1.28 1.32 1.25 1.32 
2016/09/22 1.37 1.37 1.30 1.30 
2016/09/23 1.30 1.32 1.30 1.30 
2016/09/26 1.30 1.35 1.23 1.30 
2016/09/29 1.30 1.30 1.28 1.28 
2016/09/30 1.24 1.28 1.22 1.22 
2016/10/03 1.21 1.27 1.21 1.23 
2016/10/04 1.27 1.27 1.22 1.22 
2016/10/05 1.25 1.25 1.22 1.22 
2016/10/06 1.22 1.23 1.22 1.23 
2016/10/07 1.23 1.28 1.23 1.28 
2016/10/11 1.28 1.35 1.28 1.28 
2016/10/12 1.38 1.38 1.30 1.30 
2016/10/13 1.28 1.35 1.28 1.28 
2016/10/14 1.23 1.26 1.23 1.26 
2016/10/17 1.24 1.24 1.24 1.24 
2016/10/18 1.25 1.36 1.25 1.30 
2016/10/19 1.27 1.35 1.27 1.33 
2016/10/20 1.34 1.37 1.34 1.35 
2016/10/21 1.33 1.33 1.29 1.29 
2016/10/24 1.34 1.38 1.34 1.36 
2016/10/25 1.45 1.45 1.36 1.37 
2016/10/26 1.30 1.37 1.30 1.36 
2016/10/27 1.33 1.33 1.32 1.32 
2016/10/28 1.36 1.36 1.30 1.30 
2016/10/31 1.26 1.43 1.26 1.43 
2016/11/01 1.35 1.42 1.32 1.32 
2016/11/02 1.32 1.39 1.32 1.33 
2016/11/03 1.33 1.43 1.33 1.39 
2016/11/04 1.45 1.45 1.36 1.36 
2016/11/07 1.49 1.49 1.35 1.39 
2016/11/08 1.39 1.45 1.39 1.43 
2016/11/09 1.43 1.43 1.29 1.37 
2016/11/10 1.29 1.36 1.24 1.31 
2016/11/11 1.30 1.30 1.24 1.26 
2016/11/14 1.29 1.33 1.28 1.32 
2016/11/15 1.32 1.33 1.30 1.30 
2016/11/16 1.22 1.30 1.22 1.28 
2016/11/17 1.40 1.40 1.40 1.40 
2016/11/18 1.54 1.54 1.46 1.49 
2016/11/21 1.59 1.59 1.36 1.57 
2016/11/22 1.50 1.64 1.50 1.63 
2016/11/23 1.70 1.79 1.70 1.79 
2016/11/24 1.90 1.96 1.90 1.96 
2016/11/25 2.15 2.15 1.85 1.85 
2016/11/28 1.87 2.02 1.87 2.02 
2016/11/29 2.01 2.22 2.01 2.22 
2016/11/30 2.30 2.34 2.04 2.04 
2016/12/01 2.10 2.24 2.01 2.04 
2016/12/02 1.95 2.04 1.95 1.95 
2016/12/05 2.14 2.14 1.95 2.08 
2016/12/06 2.09 2.12 2.01 2.07 
2016/12/07 2.12 2.12 2.05 2.11 
2016/12/08 2.11 2.11 2.00 2.00 
2016/12/09 1.96 2.00 1.96 1.98 
2016/12/12 1.86 1.93 1.86 1.90 
2016/12/13 1.95 1.97 1.90 1.94 
2016/12/14 1.95 2.05 1.93 1.93 
2016/12/15 1.92 1.99 1.92 1.93 
2016/12/16 1.90 1.91 1.90 1.91 
2016/12/19 1.96 1.96 1.90 1.90 
2016/12/20 1.85 1.86 1.76 1.78 
2016/12/21 1.74 1.80 1.73 1.76 
2016/12/22 1.70 1.72 1.70 1.70 
2016/12/23 1.72 1.78 1.72 1.75 
2016/12/26 1.80 1.87 1.80 1.87 
2016/12/27 1.87 1.90 1.80 1.90 
2016/12/28 1.83 1.97 1.83 1.97 
2016/12/29 1.90 1.95 1.90 1.94 
2016/12/30 1.96 2.00 1.90 2.00 
2017/01/03 2.00 2.00 1.91 1.91 
2017/01/04 1.96 1.96 1.87 1.96 
2017/01/05 1.96 2.00 1.90 1.96 
2017/01/06 1.96 1.98 1.96 1.96 
2017/01/09 1.92 1.92 1.91 1.92 
2017/01/10 1.92 1.92 1.88 1.88 
2017/01/11 1.83 1.83 1.77 1.82 
2017/01/12 1.81 1.81 1.78 1.78 
2017/01/13 1.80 1.80 1.78 1.78 
2017/01/16 1.72 1.75 1.72 1.74 
2017/01/17 1.73 1.87 1.73 1.87 
2017/01/18 1.85 1.85 1.77 1.77 
2017/01/19 1.75 1.82 1.75 1.82 
2017/01/20 1.85 1.87 1.80 1.84 
2017/01/23 1.83 1.91 1.83 1.91 
2017/01/24 1.91 1.94 1.91 1.94 
2017/02/02 2.05 2.05 1.95 1.95 
2017/02/03 2.05 2.05 1.98 2.05 
2017/02/06 2.05 2.19 2.05 2.08 
2017/02/07 2.11 2.11 2.09 2.09 
2017/02/08 2.10 2.10 1.99 1.99 
