2016/07/01 32.55 33.30 32.50 33.20 
2016/07/04 33.20 33.90 32.85 33.90 
2016/07/05 34.10 34.25 33.80 33.85 
2016/07/06 33.60 33.75 33.30 33.40 
2016/07/07 33.65 33.90 33.30 33.70 
2016/07/11 33.95 34.00 33.45 33.45 
2016/07/12 33.60 34.20 33.35 33.85 
2016/07/13 34.00 34.15 33.60 33.90 
2016/07/14 34.00 34.10 33.65 33.75 
2016/07/15 33.80 35.00 33.70 34.90 
2016/07/18 34.90 34.90 34.05 34.05 
2016/07/19 34.00 34.00 33.50 33.80 
2016/07/20 33.80 33.80 33.30 33.65 
2016/07/21 33.80 34.15 33.70 33.90 
2016/07/22 33.95 34.20 33.80 33.95 
2016/07/25 34.10 34.10 33.40 33.55 
2016/07/26 33.55 33.80 33.45 33.65 
2016/07/27 33.70 34.60 33.70 34.30 
2016/07/28 34.30 34.40 33.85 34.10 
2016/07/29 34.20 34.20 33.60 33.90 
2016/08/01 33.90 33.95 33.55 33.60 
2016/08/02 33.60 33.60 33.25 33.55 
2016/08/03 33.50 33.55 33.25 33.50 
2016/08/04 33.90 34.60 33.90 34.50 
2016/08/05 34.50 34.50 34.10 34.20 
2016/08/08 34.30 34.45 34.00 34.25 
2016/08/09 34.25 34.35 33.35 33.45 
2016/08/10 33.45 33.85 33.45 33.80 
2016/08/11 33.75 33.75 32.70 32.85 
2016/08/12 32.85 33.20 32.30 32.40 
2016/08/15 32.05 32.15 31.80 31.95 
2016/08/16 32.00 32.65 31.70 32.20 
2016/08/17 32.00 32.10 31.70 32.00 
2016/08/18 31.90 32.10 31.50 32.00 
2016/08/19 31.90 32.20 31.50 31.55 
2016/08/22 31.50 31.50 31.00 31.00 
2016/08/23 30.90 30.90 29.70 30.00 
2016/08/24 30.10 30.50 30.00 30.20 
2016/08/25 30.20 31.40 30.20 31.10 
2016/08/26 31.05 31.35 30.80 31.30 
2016/08/29 31.30 31.50 30.90 31.15 
2016/08/30 31.25 31.35 31.10 31.30 
2016/08/31 31.00 31.10 30.60 30.85 
2016/09/01 31.00 31.90 30.90 31.65 
2016/09/02 31.55 31.75 30.80 30.90 
2016/09/05 31.10 31.35 30.95 31.00 
2016/09/06 31.00 31.45 31.00 31.40 
2016/09/07 31.40 31.65 31.35 31.65 
2016/09/08 30.00 30.45 29.75 29.90 
2016/09/09 30.20 30.20 29.90 30.00 
2016/09/10 30.00 30.00 29.70 29.80 
2016/09/12 29.80 29.80 29.65 29.80 
2016/09/13 29.85 30.25 29.25 29.30 
2016/09/14 29.25 29.65 29.15 29.15 
2016/09/19 29.50 29.50 29.15 29.15 
2016/09/20 29.15 29.20 28.50 28.65 
2016/09/21 28.70 29.20 28.65 29.05 
2016/09/22 29.10 29.20 28.90 28.90 
2016/09/23 28.95 29.10 28.80 29.00 
2016/09/26 29.10 29.10 28.10 28.15 
2016/09/29 28.35 28.60 28.15 28.60 
2016/09/30 28.40 29.75 28.15 29.75 
2016/10/03 29.85 30.20 29.40 29.90 
2016/10/04 30.35 30.80 30.35 30.60 
2016/10/05 30.70 30.75 30.20 30.25 
2016/10/06 30.30 30.30 29.80 30.00 
2016/10/07 30.00 30.00 29.45 29.85 
2016/10/11 29.85 29.85 28.60 28.70 
2016/10/12 28.85 28.85 27.90 28.60 
2016/10/13 28.60 29.55 28.60 28.80 
2016/10/14 29.05 29.15 28.25 28.30 
2016/10/17 28.30 28.60 28.10 28.30 
2016/10/18 28.65 28.75 28.15 28.55 
2016/10/19 28.55 28.85 28.55 28.75 
2016/10/20 28.80 28.80 28.20 28.45 
2016/10/21 28.15 28.75 28.15 28.50 
2016/10/24 28.75 28.75 28.35 28.60 
2016/10/25 28.70 28.70 28.40 28.50 
2016/10/26 28.50 28.60 28.40 28.45 
2016/10/27 28.30 28.50 28.00 28.10 
2016/10/28 28.10 28.25 27.95 28.00 
2016/10/31 28.20 28.20 27.65 27.75 
2016/11/01 27.90 27.95 27.65 27.75 
2016/11/02 27.55 27.55 26.90 27.00 
2016/11/03 26.90 27.15 26.45 26.75 
2016/11/04 26.75 26.90 26.65 26.80 
2016/11/07 27.10 27.50 27.05 27.45 
2016/11/08 27.60 27.70 27.35 27.50 
2016/11/09 27.50 27.75 24.75 26.00 
2016/11/10 26.75 27.00 26.65 26.85 
2016/11/11 26.85 26.85 26.05 26.25 
2016/11/14 26.40 26.60 26.30 26.60 
2016/11/15 26.45 27.10 26.45 26.70 
2016/11/16 27.10 27.45 27.00 27.20 
2016/11/17 27.50 27.50 27.15 27.35 
2016/11/18 27.35 27.90 27.05 27.45 
2016/11/21 27.30 27.45 27.25 27.30 
2016/11/22 27.30 27.80 27.30 27.30 
2016/11/23 27.35 27.65 27.35 27.60 
2016/11/24 27.50 27.55 27.30 27.55 
2016/11/25 27.30 27.45 27.25 27.25 
2016/11/28 27.25 27.40 27.25 27.30 
2016/11/29 27.50 28.80 27.50 28.55 
2016/11/30 28.55 29.20 28.50 29.05 
2016/12/01 29.00 29.00 28.50 28.65 
2016/12/02 28.60 28.60 28.00 28.05 
2016/12/05 28.10 28.15 27.65 27.70 
2016/12/06 27.90 28.05 27.90 28.05 
2016/12/07 28.25 28.25 27.85 27.90 
2016/12/08 27.90 28.20 27.85 27.85 
2016/12/09 28.20 28.20 27.85 28.00 
2016/12/12 27.75 28.10 27.75 27.95 
2016/12/13 28.00 28.20 27.85 28.20 
2016/12/14 28.35 28.35 28.10 28.10 
2016/12/15 28.20 28.30 28.00 28.20 
2016/12/16 28.25 28.90 28.20 28.85 
2016/12/19 28.80 28.95 28.50 28.60 
2016/12/20 28.60 28.85 28.30 28.85 
2016/12/21 28.95 29.00 28.60 28.70 
2016/12/22 28.70 28.75 28.50 28.70 
2016/12/23 28.70 28.70 28.50 28.50 
2016/12/26 28.60 28.75 28.60 28.60 
2016/12/27 28.65 28.85 28.60 28.60 
2016/12/28 29.00 29.00 28.60 28.80 
2016/12/29 29.00 29.00 28.35 28.40 
2016/12/30 28.50 28.65 28.35 28.60 
2017/01/03 28.60 28.60 28.35 28.40 
2017/01/04 28.35 28.50 28.15 28.15 
2017/01/05 28.10 28.20 27.90 28.00 
2017/01/06 27.95 28.20 27.90 27.90 
2017/01/09 27.95 28.10 27.90 28.00 
2017/01/10 28.00 28.10 27.55 27.65 
2017/01/11 27.50 27.55 26.95 27.00 
2017/01/12 27.00 27.00 26.60 26.90 
2017/01/13 26.90 26.90 26.60 26.65 
2017/01/16 26.65 27.65 26.65 27.50 
2017/01/17 27.55 28.00 27.55 27.75 
2017/01/18 28.10 28.10 27.60 27.80 
2017/01/19 27.80 27.95 27.70 27.70 
2017/01/20 27.70 27.95 27.70 27.95 
2017/01/23 27.80 28.00 27.80 27.80 
2017/01/24 27.80 28.00 27.80 27.85 
2017/02/02 27.90 28.00 27.80 27.90 
2017/02/03 27.90 28.10 27.90 28.10 
2017/02/06 28.20 28.45 28.20 28.45 
2017/02/07 28.50 28.50 28.30 28.35 
2017/02/08 28.50 28.65 28.45 28.60 
