2016/07/01 27.35 27.40 27.25 27.25 
2016/07/04 27.25 27.45 27.25 27.40 
2016/07/05 27.50 27.80 27.40 27.60 
2016/07/06 27.60 27.65 27.25 27.65 
2016/07/07 27.70 27.70 27.45 27.45 
2016/07/11 27.75 27.75 27.35 27.50 
2016/07/12 27.50 27.80 27.35 27.70 
2016/07/13 27.95 27.95 27.70 27.85 
2016/07/14 27.85 28.20 27.75 28.05 
2016/07/15 28.45 28.45 28.15 28.30 
2016/07/18 28.25 28.45 28.20 28.20 
2016/07/19 28.45 28.45 28.10 28.20 
2016/07/20 28.35 28.35 28.20 28.30 
2016/07/21 28.35 28.40 28.20 28.40 
2016/07/22 28.40 28.45 28.30 28.45 
2016/07/25 28.55 29.25 28.50 28.90 
2016/07/26 28.90 28.90 28.55 28.80 
2016/07/27 28.90 29.15 28.85 28.85 
2016/07/28 28.95 28.95 28.70 28.85 
2016/07/29 28.90 28.90 28.50 28.85 
2016/08/01 28.95 28.95 28.80 28.80 
2016/08/02 28.80 28.90 28.70 28.90 
2016/08/03 28.90 28.90 28.75 28.80 
2016/08/04 28.90 28.90 28.70 28.70 
2016/08/05 28.90 28.90 28.90 28.90 
2016/08/08 29.05 29.15 28.90 29.15 
2016/08/09 29.30 29.40 29.10 29.20 
2016/08/10 29.00 29.35 28.90 29.10 
2016/08/11 27.10 27.15 26.90 27.00 
2016/08/12 27.15 27.45 27.15 27.35 
2016/08/15 27.30 27.45 27.20 27.20 
2016/08/16 27.30 27.30 26.95 26.95 
2016/08/17 26.90 27.35 26.90 27.10 
2016/08/18 27.20 27.20 27.20 27.20 
2016/08/19 27.05 27.10 27.00 27.00 
2016/08/22 27.00 27.00 26.90 26.95 
2016/08/23 26.95 27.00 26.95 27.00 
2016/08/24 26.90 27.00 26.90 26.90 
2016/08/25 27.10 27.10 26.90 26.90 
2016/08/26 26.90 27.20 26.90 27.20 
2016/08/29 27.45 27.45 27.05 27.05 
2016/08/30 27.20 27.35 27.20 27.25 
2016/08/31 27.40 27.40 27.10 27.20 
2016/09/01 27.20 27.35 27.20 27.30 
2016/09/02 27.30 27.30 27.00 27.00 
2016/09/05 27.00 27.45 27.00 27.40 
2016/09/06 27.40 27.40 27.20 27.35 
2016/09/07 27.40 27.40 27.20 27.20 
2016/09/08 27.20 27.30 27.10 27.10 
2016/09/09 27.15 27.30 27.10 27.10 
2016/09/10 27.10 27.30 27.10 27.20 
2016/09/12 27.10 27.40 27.10 27.35 
2016/09/13 27.35 27.60 27.25 27.60 
2016/09/14 27.55 27.55 27.35 27.35 
2016/09/19 27.35 27.55 27.10 27.35 
2016/09/20 27.20 27.50 27.15 27.50 
2016/09/21 27.20 27.50 27.20 27.50 
2016/09/22 27.50 27.55 27.25 27.35 
2016/09/23 27.30 27.30 27.25 27.25 
2016/09/26 27.10 27.55 27.10 27.20 
2016/09/29 27.45 27.45 27.45 27.45 
2016/09/30 27.10 27.10 27.10 27.10 
2016/10/03 27.10 27.20 27.10 27.10 
2016/10/04 27.30 27.50 27.20 27.20 
2016/10/05 27.20 27.20 27.10 27.20 
2016/10/06 27.35 27.40 27.35 27.40 
2016/10/07 27.35 27.35 27.30 27.30 
2016/10/11 27.55 27.55 27.00 27.25 
2016/10/12 27.25 27.45 27.25 27.35 
2016/10/13 27.45 27.45 27.25 27.25 
2016/10/14 27.30 27.45 27.20 27.20 
2016/10/17 26.90 27.10 26.90 27.00 
2016/10/18 27.40 27.40 26.95 27.30 
2016/10/19 27.20 27.30 27.20 27.20 
2016/10/20 27.35 27.35 27.00 27.10 
2016/10/21 27.10 27.40 27.10 27.40 
2016/10/24 27.00 27.10 27.00 27.10 
2016/10/25 27.35 27.35 27.20 27.25 
2016/10/26 27.35 27.35 26.95 27.20 
2016/10/27 27.35 27.35 27.30 27.35 
2016/10/28 27.35 27.35 27.30 27.30 
2016/10/31 27.25 27.30 27.20 27.30 
2016/11/01 27.20 27.20 27.10 27.20 
2016/11/02 27.20 27.20 26.85 26.85 
2016/11/03 26.70 26.70 26.45 26.50 
2016/11/04 26.95 26.95 26.55 26.55 
2016/11/07 28.00 28.40 27.25 28.00 
2016/11/08 28.00 28.10 27.30 27.35 
2016/11/09 27.90 28.50 27.05 27.35 
2016/11/10 27.90 28.00 27.35 27.50 
2016/11/11 27.50 27.85 27.50 27.70 
2016/11/14 27.95 27.95 27.35 27.65 
2016/11/15 27.70 27.85 27.65 27.65 
2016/11/16 27.80 28.40 27.80 28.40 
2016/11/17 28.40 28.40 28.10 28.30 
2016/11/18 28.45 28.70 28.30 28.70 
2016/11/21 28.70 28.70 28.40 28.70 
2016/11/22 28.80 29.00 28.70 28.70 
2016/11/23 28.90 28.90 28.60 28.60 
2016/11/24 28.50 28.95 28.50 28.60 
2016/11/25 29.05 29.05 28.50 28.75 
2016/11/28 28.75 28.75 28.75 28.75 
2016/11/29 28.70 28.70 28.65 28.70 
2016/11/30 28.90 28.90 28.60 28.80 
2016/12/01 28.80 28.80 28.60 28.65 
2016/12/02 28.40 28.50 28.40 28.40 
2016/12/05 28.20 28.85 28.05 28.70 
2016/12/06 28.65 28.65 28.50 28.50 
2016/12/07 28.40 28.60 28.20 28.40 
2016/12/08 28.40 29.75 28.30 29.15 
2016/12/09 29.00 29.10 29.00 29.10 
2016/12/12 29.15 29.45 29.15 29.15 
2016/12/13 29.25 29.30 29.20 29.25 
2016/12/14 29.30 29.30 28.90 28.90 
2016/12/15 28.80 29.15 28.80 29.15 
2016/12/16 29.40 29.40 29.00 29.00 
2016/12/19 28.90 29.35 28.90 29.00 
2016/12/20 29.20 29.20 28.90 28.90 
2016/12/21 29.25 29.25 28.90 28.90 
2016/12/22 29.20 29.20 28.85 28.90 
2016/12/23 28.90 28.90 28.80 28.80 
2016/12/26 29.25 29.25 28.60 28.60 
2016/12/27 28.95 28.95 28.70 28.80 
2016/12/28 28.80 28.90 28.75 28.75 
2016/12/29 28.75 28.90 28.70 28.70 
2016/12/30 29.00 29.00 28.80 29.00 
2017/01/03 29.00 29.10 28.85 28.85 
2017/01/04 28.85 29.00 28.85 28.90 
2017/01/05 28.90 29.20 28.90 29.00 
2017/01/06 29.25 29.25 28.95 29.10 
2017/01/09 29.15 29.25 29.10 29.10 
2017/01/10 29.15 32.00 29.15 32.00 
2017/01/11 33.00 34.60 33.00 33.85 
2017/01/12 33.85 34.45 33.25 33.60 
2017/01/13 33.90 34.30 33.10 34.15 
2017/01/16 34.40 35.50 33.30 33.60 
2017/01/17 33.90 33.90 32.60 33.20 
2017/01/18 32.70 33.10 32.35 32.70 
2017/01/19 32.90 32.90 32.40 32.40 
2017/01/20 32.45 32.50 31.55 31.60 
2017/01/23 31.60 32.35 31.30 31.60 
2017/01/24 31.90 31.90 31.50 31.80 
2017/02/02 31.25 32.05 31.25 31.70 
2017/02/03 31.55 32.10 31.55 31.90 
2017/02/06 31.90 32.35 31.55 32.20 
2017/02/07 32.25 32.50 31.95 32.50 
2017/02/08 32.60 32.70 32.30 32.50 
