2016/07/01 136.50 136.50 135.00 136.50 
2016/07/04 136.00 138.00 136.00 136.50 
2016/07/05 137.00 137.00 134.00 136.00 
2016/07/06 135.00 135.00 134.50 134.50 
2016/07/07 137.50 137.50 136.00 137.00 
2016/07/11 139.50 141.00 136.50 137.00 
2016/07/12 138.50 138.50 135.50 135.50 
2016/07/13 136.00 136.00 134.00 134.00 
2016/07/14 133.00 137.00 133.00 134.00 
2016/07/15 134.50 136.00 134.50 134.50 
2016/07/18 135.00 138.00 135.00 135.50 
2016/07/19 138.00 138.00 134.50 137.00 
2016/07/20 137.00 138.00 135.00 137.00 
2016/07/21 138.00 147.50 136.00 145.00 
2016/07/22 144.00 148.50 142.00 142.00 
2016/07/25 142.00 142.50 136.00 138.00 
2016/07/26 137.50 140.50 137.50 140.50 
2016/07/27 143.50 147.50 139.00 139.00 
2016/07/28 140.00 141.00 138.00 141.00 
2016/07/29 140.50 141.50 138.00 141.50 
2016/08/01 141.00 142.50 141.00 142.00 
2016/08/02 142.50 142.50 140.50 142.00 
2016/08/03 141.00 142.50 141.00 141.00 
2016/08/04 142.50 153.00 142.50 146.50 
2016/08/05 148.50 153.00 145.00 150.00 
2016/08/08 153.00 159.00 153.00 156.50 
2016/08/09 157.50 158.50 153.00 157.00 
2016/08/10 156.00 162.50 155.50 157.00 
2016/08/11 158.50 159.50 142.50 145.00 
2016/08/12 147.00 150.00 146.00 147.00 
2016/08/15 148.00 148.00 142.00 144.00 
2016/08/16 145.00 145.50 142.00 143.00 
2016/08/17 143.00 146.50 143.00 145.00 
2016/08/18 145.50 147.50 144.00 147.50 
2016/08/19 148.00 148.50 146.50 146.50 
2016/08/22 146.50 148.00 146.00 147.50 
2016/08/23 147.50 152.50 147.50 150.50 
2016/08/24 151.00 151.00 147.00 147.50 
2016/08/25 147.50 148.50 144.00 144.50 
2016/08/26 118.50 123.00 118.50 119.00 
2016/08/29 120.00 121.50 119.50 121.00 
2016/08/30 122.00 122.00 119.50 121.50 
2016/08/31 121.50 121.50 117.50 117.50 
2016/09/01 117.50 117.50 110.00 110.00 
2016/09/02 110.00 112.50 109.50 110.00 
2016/09/05 111.00 111.00 107.50 107.50 
2016/09/06 107.50 110.50 107.00 108.00 
2016/09/07 108.50 111.00 108.50 110.00 
2016/09/08 110.00 110.00 107.50 109.00 
2016/09/09 108.00 112.00 107.50 112.00 
2016/09/10 109.50 118.50 108.00 115.00 
2016/09/12 115.50 116.50 113.00 113.50 
2016/09/13 115.00 115.00 107.50 108.50 
2016/09/14 109.00 111.00 108.00 111.00 
2016/09/19 111.00 111.00 109.00 109.50 
2016/09/20 111.00 114.50 111.00 111.50 
2016/09/21 112.00 113.00 111.00 111.50 
2016/09/22 111.50 112.50 109.50 110.00 
2016/09/23 111.00 111.50 109.50 110.00 
2016/09/26 110.00 110.00 107.50 107.50 
2016/09/29 108.00 111.00 107.00 110.50 
2016/09/30 110.00 112.50 110.00 111.00 
2016/10/03 112.50 112.50 112.00 112.50 
2016/10/04 113.00 113.50 112.00 112.00 
2016/10/05 111.50 112.50 111.00 111.00 
2016/10/06 111.50 113.00 111.00 111.50 
2016/10/07 111.50 112.50 109.00 110.50 
2016/10/11 111.50 113.00 110.00 110.00 
2016/10/12 109.50 110.50 109.50 110.00 
2016/10/13 110.00 110.00 107.00 107.50 
2016/10/14 107.00 107.00 103.00 103.00 
2016/10/17 102.50 102.50 99.50 100.50 
2016/10/18 100.50 101.00 99.00 99.00 
2016/10/19 98.30 101.50 98.30 99.20 
2016/10/20 99.10 101.00 99.10 100.50 
2016/10/21 100.50 101.00 99.60 100.50 
2016/10/24 100.50 100.50 95.80 96.40 
2016/10/25 97.20 97.70 96.40 97.60 
2016/10/26 97.40 98.20 97.10 97.60 
2016/10/27 98.20 98.50 97.70 98.00 
2016/10/28 97.90 99.50 96.70 99.50 
2016/10/31 99.00 109.00 98.60 109.00 
2016/11/01 111.00 117.00 111.00 114.00 
2016/11/02 112.50 115.50 110.50 111.50 
2016/11/03 111.00 114.00 111.00 113.00 
2016/11/04 113.50 113.50 111.50 112.50 
2016/11/07 112.50 113.00 111.00 111.00 
2016/11/08 113.50 118.00 113.00 114.00 
2016/11/09 114.50 115.50 109.00 109.00 
2016/11/10 114.00 119.50 113.00 119.50 
2016/11/11 119.00 123.00 116.50 119.00 
2016/11/14 120.00 126.50 117.50 122.00 
2016/11/15 123.00 124.50 119.50 121.00 
2016/11/16 122.50 123.50 120.00 120.00 
2016/11/17 122.00 123.00 120.00 121.00 
2016/11/18 122.50 122.50 121.00 122.00 
2016/11/21 122.50 129.00 122.50 125.00 
2016/11/22 125.50 127.00 123.50 123.50 
2016/11/23 124.00 124.50 121.50 121.50 
2016/11/24 121.50 122.50 121.00 121.00 
2016/11/25 121.50 122.00 117.00 119.50 
2016/11/28 119.00 120.50 118.50 118.50 
2016/11/29 118.50 124.00 118.50 121.50 
2016/11/30 121.50 122.50 120.00 122.50 
2016/12/01 122.50 124.00 121.00 123.00 
2016/12/02 122.00 123.50 121.50 123.50 
2016/12/05 124.00 124.00 122.00 124.00 
2016/12/06 124.00 124.50 122.50 124.00 
2016/12/07 124.50 124.50 121.50 121.50 
2016/12/08 122.00 122.50 120.00 120.00 
2016/12/09 120.00 122.00 120.00 122.00 
2016/12/12 123.50 123.50 120.50 120.50 
2016/12/13 120.00 121.50 119.50 119.50 
2016/12/14 120.00 120.00 118.50 119.50 
2016/12/15 119.00 120.50 118.50 119.00 
2016/12/16 120.00 120.50 119.50 119.50 
2016/12/19 119.50 120.00 119.00 119.00 
2016/12/20 121.00 125.00 121.00 122.00 
2016/12/21 122.50 123.50 121.00 121.00 
2016/12/22 121.00 123.00 120.00 121.50 
2016/12/23 122.00 122.00 120.50 121.00 
2016/12/26 121.00 121.50 119.50 119.50 
2016/12/27 121.00 121.50 119.00 119.50 
2016/12/28 119.50 120.00 119.50 119.50 
2016/12/29 119.50 120.00 119.00 119.00 
2016/12/30 120.50 121.00 119.00 119.00 
2017/01/03 119.00 120.00 119.00 119.00 
2017/01/04 119.00 120.00 119.00 119.50 
2017/01/05 119.50 120.00 119.00 119.00 
2017/01/06 120.50 123.00 120.50 122.00 
2017/01/09 123.00 123.00 120.50 120.50 
2017/01/10 120.50 122.50 120.00 121.50 
2017/01/11 122.50 122.50 120.50 121.00 
2017/01/12 121.50 122.00 121.00 121.50 
2017/01/13 121.50 121.50 120.50 121.50 
2017/01/16 121.00 121.50 120.00 120.50 
2017/01/17 121.00 121.00 120.00 120.50 
2017/01/18 120.50 121.50 120.50 121.50 
2017/01/19 122.00 122.00 121.00 121.50 
2017/01/20 121.50 121.50 120.00 120.00 
2017/01/23 120.00 122.00 120.00 122.00 
2017/01/24 122.50 123.00 121.00 122.00 
2017/02/02 122.50 122.50 121.50 122.00 
2017/02/03 122.50 127.50 122.50 123.50 
2017/02/06 124.50 126.50 124.00 124.50 
2017/02/07 125.00 125.00 123.00 123.00 
2017/02/08 123.00 124.50 122.50 123.00 
