2016/07/01 21.85 22.50 21.75 22.05 
2016/07/04 22.05 22.40 22.00 22.10 
2016/07/05 22.25 22.70 22.00 22.35 
2016/07/06 22.35 22.40 21.90 21.95 
2016/07/07 22.00 22.15 21.65 22.10 
2016/07/11 22.15 22.15 21.40 21.50 
2016/07/12 21.50 21.80 21.15 21.50 
2016/07/13 21.55 21.75 21.35 21.60 
2016/07/14 21.70 21.70 21.40 21.50 
2016/07/15 21.50 21.90 21.50 21.55 
2016/07/18 21.60 22.30 21.60 21.75 
2016/07/19 21.75 22.05 21.70 21.95 
2016/07/20 21.95 23.80 21.95 22.80 
2016/07/21 23.00 23.00 22.55 22.60 
2016/07/22 22.60 22.70 22.30 22.70 
2016/07/25 22.80 24.95 22.80 23.25 
2016/07/26 23.30 24.00 23.25 23.25 
2016/07/27 23.55 23.55 22.50 22.50 
2016/07/28 22.55 22.75 22.00 22.10 
2016/07/29 22.10 22.35 22.05 22.05 
2016/08/01 22.10 22.35 21.95 21.95 
2016/08/02 22.15 22.50 22.10 22.15 
2016/08/03 22.15 22.60 21.95 21.95 
2016/08/04 22.05 22.15 21.90 22.05 
2016/08/05 22.00 22.80 22.00 22.20 
2016/08/08 22.80 22.80 22.10 22.20 
2016/08/09 22.20 23.00 22.20 22.25 
2016/08/10 22.25 22.80 22.20 22.20 
2016/08/11 22.20 22.20 20.30 20.45 
2016/08/12 20.45 20.55 20.10 20.10 
2016/08/15 20.00 20.60 19.70 20.20 
2016/08/16 20.75 20.75 20.25 20.40 
2016/08/17 20.40 20.40 20.00 20.05 
2016/08/18 20.05 20.30 20.05 20.15 
2016/08/19 20.40 20.40 20.00 20.05 
2016/08/22 20.30 21.20 19.55 20.30 
2016/08/23 20.80 20.95 20.10 20.20 
2016/08/24 20.10 20.50 19.80 19.90 
2016/08/25 20.00 20.35 19.80 19.95 
2016/08/26 19.85 20.00 19.75 19.75 
2016/08/29 19.70 19.80 19.30 19.35 
2016/08/30 19.60 19.60 18.10 18.30 
2016/08/31 18.30 18.65 18.30 18.55 
2016/09/01 18.55 18.70 18.45 18.45 
2016/09/02 18.20 18.20 17.25 17.30 
2016/09/05 17.35 17.55 17.00 17.10 
2016/09/06 17.35 17.60 17.15 17.35 
2016/09/07 17.45 17.45 17.00 17.00 
2016/09/08 17.00 17.30 16.85 17.25 
2016/09/09 17.00 17.85 17.00 17.60 
2016/09/10 17.45 17.50 17.30 17.35 
2016/09/12 17.20 17.20 17.10 17.10 
2016/09/13 17.15 17.40 16.45 16.60 
2016/09/14 16.60 17.60 16.45 16.80 
2016/09/19 17.25 17.25 17.00 17.00 
2016/09/20 16.85 17.00 16.75 16.95 
2016/09/21 16.95 17.45 16.75 16.85 
2016/09/22 17.15 17.40 16.85 16.95 
2016/09/23 16.95 17.05 16.85 16.85 
2016/09/26 16.80 16.80 16.45 16.50 
2016/09/29 16.55 16.80 16.30 16.30 
2016/09/30 16.35 16.45 16.25 16.45 
2016/10/03 16.45 16.65 16.35 16.50 
2016/10/04 16.30 16.60 16.25 16.50 
2016/10/05 16.50 16.60 16.05 16.10 
2016/10/06 16.10 16.50 16.00 16.35 
2016/10/07 16.35 16.40 16.00 16.05 
2016/10/11 16.00 16.00 15.00 15.10 
2016/10/12 15.45 16.10 15.15 15.40 
2016/10/13 15.45 15.65 15.20 15.55 
2016/10/14 15.55 15.65 15.10 15.10 
2016/10/17 15.20 15.50 14.80 15.10 
2016/10/18 14.90 15.10 14.85 14.95 
2016/10/19 14.95 15.25 14.95 14.95 
2016/10/20 15.25 16.40 15.25 16.40 
2016/10/21 16.90 17.75 16.40 16.40 
2016/10/24 16.60 16.70 16.25 16.70 
2016/10/25 16.80 16.80 16.05 16.20 
2016/10/26 16.20 17.20 16.05 16.40 
2016/10/27 16.40 16.75 16.35 16.40 
2016/10/28 16.35 16.45 16.10 16.20 
2016/10/31 16.20 16.20 15.20 15.45 
2016/11/01 15.60 15.65 15.40 15.45 
2016/11/02 15.40 15.50 15.10 15.15 
2016/11/03 15.15 15.45 14.80 14.95 
2016/11/04 15.00 15.35 14.95 15.15 
2016/11/07 15.20 15.20 15.00 15.20 
2016/11/08 15.20 15.20 14.60 14.75 
2016/11/09 14.90 14.90 13.30 13.50 
2016/11/10 13.80 14.15 13.75 13.80 
2016/11/11 13.35 13.45 12.60 12.80 
2016/11/14 13.00 13.00 12.15 12.40 
2016/11/15 12.80 13.60 12.70 13.60 
2016/11/16 14.20 14.35 13.65 13.85 
2016/11/17 13.85 13.85 13.40 13.50 
2016/11/18 13.80 14.30 13.45 14.00 
2016/11/21 14.10 14.35 14.00 14.10 
2016/11/22 14.10 14.40 14.05 14.25 
2016/11/23 14.15 14.20 14.00 14.10 
2016/11/24 14.05 14.25 13.95 14.10 
2016/11/25 14.10 14.10 13.90 14.10 
2016/11/28 14.25 14.90 14.25 14.50 
2016/11/29 14.65 14.65 14.25 14.30 
2016/11/30 14.35 15.05 14.30 14.75 
2016/12/01 14.65 14.85 14.55 14.55 
2016/12/02 14.55 14.75 14.40 14.65 
2016/12/05 14.70 14.75 14.50 14.50 
2016/12/06 14.70 14.75 14.50 14.60 
2016/12/07 14.65 14.70 14.20 14.30 
2016/12/08 14.70 14.70 14.15 14.15 
2016/12/09 14.40 14.40 14.15 14.25 
2016/12/12 14.15 14.15 13.50 13.65 
2016/12/13 13.55 13.80 13.55 13.60 
2016/12/14 13.80 13.80 13.55 13.70 
2016/12/15 13.75 13.75 13.50 13.60 
2016/12/16 13.60 14.00 13.55 13.95 
2016/12/19 14.15 14.20 13.65 13.65 
2016/12/20 13.70 13.95 13.65 13.80 
2016/12/21 14.15 15.15 14.15 15.15 
2016/12/22 14.75 15.85 14.70 15.70 
2016/12/23 15.70 15.95 15.30 15.35 
2016/12/26 15.70 16.85 15.70 16.85 
2016/12/27 17.60 18.50 16.10 16.10 
2016/12/28 16.10 16.45 15.90 16.30 
2016/12/29 16.50 16.50 16.15 16.20 
2016/12/30 16.50 16.65 16.15 16.15 
2017/01/03 16.35 16.35 15.90 15.90 
2017/01/04 16.15 16.50 15.95 16.20 
2017/01/05 16.20 16.45 16.15 16.15 
2017/01/06 16.40 16.40 16.15 16.20 
2017/01/09 16.20 16.50 15.10 15.15 
2017/01/10 15.20 15.40 15.05 15.20 
2017/01/11 15.35 15.35 14.30 14.40 
2017/01/12 14.40 14.75 14.40 14.60 
2017/01/13 14.65 14.70 14.50 14.65 
2017/01/16 14.80 15.00 14.45 14.45 
2017/01/17 14.60 14.65 14.35 14.45 
2017/01/18 14.75 15.50 14.75 15.05 
2017/01/19 15.00 15.15 14.70 14.80 
2017/01/20 14.80 15.00 14.70 14.80 
2017/01/23 15.05 15.05 14.75 14.75 
2017/01/24 14.70 15.05 14.70 14.75 
2017/02/02 14.75 14.80 14.45 14.55 
2017/02/03 14.75 14.90 14.55 14.75 
2017/02/06 14.75 15.05 14.70 14.85 
2017/02/07 14.85 15.00 14.80 14.80 
2017/02/08 15.05 15.90 15.05 15.25 
