2016/07/01 14.75 14.75 14.60 14.75 
2016/07/04 14.80 14.80 14.60 14.80 
2016/07/05 14.80 16.25 14.80 16.25 
2016/07/06 16.25 17.70 16.25 17.35 
2016/07/07 17.75 17.75 16.50 16.80 
2016/07/11 17.10 17.10 16.05 16.40 
2016/07/12 16.70 16.70 15.90 16.40 
2016/07/13 16.50 16.70 16.10 16.70 
2016/07/14 16.85 16.85 16.50 16.60 
2016/07/15 16.80 17.70 16.35 17.10 
2016/07/18 17.15 17.40 16.65 16.75 
2016/07/19 16.75 18.40 16.70 18.40 
2016/07/20 19.20 19.80 18.50 18.50 
2016/07/21 18.50 18.95 17.90 18.65 
2016/07/22 18.80 19.00 18.30 18.45 
2016/07/25 18.80 18.80 17.55 17.70 
2016/07/26 17.95 18.20 17.85 18.10 
2016/07/27 18.40 19.30 18.20 18.75 
2016/07/28 18.75 18.90 18.50 18.55 
2016/07/29 18.75 18.75 18.00 18.05 
2016/08/01 18.50 19.00 18.20 18.50 
2016/08/02 18.95 18.95 18.45 18.60 
2016/08/03 18.50 18.50 18.30 18.50 
2016/08/04 18.50 18.85 18.50 18.80 
2016/08/05 18.95 18.95 18.80 18.90 
2016/08/08 19.00 19.35 18.90 18.90 
2016/08/09 19.00 19.25 17.90 18.25 
2016/08/10 17.95 18.40 17.65 18.30 
2016/08/11 18.00 18.30 17.65 17.70 
2016/08/12 17.70 18.20 17.40 17.85 
2016/08/15 17.85 18.00 17.40 17.90 
2016/08/16 18.10 18.10 17.60 17.60 
2016/08/17 17.60 17.95 17.20 17.95 
2016/08/18 18.00 18.00 17.55 17.85 
2016/08/19 17.80 17.80 17.25 17.45 
2016/08/22 17.05 17.40 17.00 17.40 
2016/08/23 17.50 17.50 17.30 17.50 
2016/08/24 17.40 17.80 17.35 17.80 
2016/08/25 17.50 18.00 17.50 17.80 
2016/08/26 17.65 17.80 17.50 17.50 
2016/08/29 17.50 17.60 17.00 17.20 
2016/08/30 17.30 17.30 17.00 17.05 
2016/08/31 17.05 18.20 16.95 17.95 
2016/09/01 17.70 18.00 17.65 17.90 
2016/09/02 17.80 17.80 17.35 17.55 
2016/09/05 17.75 17.75 17.00 17.15 
2016/09/06 17.10 17.35 17.10 17.25 
2016/09/07 17.35 17.40 17.15 17.15 
2016/09/08 17.30 17.30 16.90 17.15 
2016/09/09 17.20 17.30 17.15 17.15 
2016/09/10 17.05 17.70 17.00 17.00 
2016/09/12 17.30 17.35 17.05 17.05 
2016/09/13 17.25 17.25 17.00 17.00 
2016/09/14 17.00 17.15 16.80 17.05 
2016/09/19 16.00 16.90 16.00 16.50 
2016/09/20 16.55 16.85 16.30 16.50 
2016/09/21 16.60 17.20 16.40 17.20 
2016/09/22 17.55 17.70 17.55 17.70 
2016/09/23 17.80 17.80 16.90 17.20 
2016/09/26 17.00 17.00 16.65 16.65 
2016/09/29 16.65 16.70 16.40 16.70 
2016/09/30 16.70 16.70 16.30 16.50 
2016/10/03 16.60 16.60 16.15 16.30 
2016/10/04 16.30 16.35 16.15 16.35 
2016/10/05 16.35 16.40 16.15 16.35 
2016/10/06 16.50 16.65 16.45 16.65 
2016/10/07 16.60 16.65 16.45 16.65 
2016/10/11 16.45 16.60 16.35 16.60 
2016/10/12 16.90 16.90 16.40 16.40 
2016/10/13 16.65 16.65 15.80 15.90 
2016/10/14 15.70 15.80 14.90 15.00 
2016/10/17 15.35 15.35 15.25 15.25 
2016/10/18 15.20 15.20 14.60 14.80 
2016/10/19 14.95 15.00 14.75 14.90 
2016/10/20 14.80 15.05 14.50 14.80 
2016/10/21 14.80 15.90 14.70 15.50 
2016/10/24 15.80 15.95 15.50 15.50 
2016/10/25 15.65 15.65 15.20 15.40 
2016/10/26 15.55 15.55 15.10 15.25 
2016/10/27 15.15 15.35 14.90 14.90 
2016/10/28 15.05 15.30 15.00 15.30 
2016/10/31 15.30 15.30 15.30 15.30 
2016/11/01 15.20 15.30 15.20 15.20 
2016/11/02 15.15 15.15 15.00 15.00 
2016/11/03 15.45 15.45 14.70 15.00 
2016/11/04 14.75 14.90 14.70 14.70 
2016/11/07 14.95 15.20 14.75 15.20 
2016/11/08 15.00 15.00 14.90 14.90 
2016/11/09 14.70 14.90 14.55 14.90 
2016/11/10 14.60 15.45 14.55 15.45 
2016/11/11 15.30 15.30 14.50 14.50 
2016/11/14 14.05 14.25 14.05 14.20 
2016/11/15 14.35 14.65 14.20 14.25 
2016/11/16 14.40 14.90 14.25 14.30 
2016/11/17 14.05 14.30 14.05 14.25 
2016/11/18 14.20 14.40 14.10 14.25 
2016/11/21 14.20 14.30 14.10 14.30 
2016/11/22 14.20 14.45 14.20 14.20 
2016/11/23 14.45 15.60 14.40 15.60 
2016/11/24 16.75 16.80 15.80 16.30 
2016/11/25 16.30 16.30 15.70 15.70 
2016/11/28 15.50 15.80 15.20 15.35 
2016/11/29 15.20 15.20 15.00 15.20 
2016/11/30 15.35 15.50 15.20 15.45 
2016/12/01 15.60 16.15 15.45 15.60 
2016/12/02 15.50 15.50 15.25 15.35 
2016/12/05 16.40 16.55 15.50 15.60 
2016/12/06 15.60 16.00 15.50 15.85 
2016/12/07 16.00 16.00 15.65 15.85 
2016/12/08 15.90 16.20 15.90 16.00 
2016/12/09 16.35 16.35 15.95 16.20 
2016/12/12 16.00 16.05 15.55 15.90 
2016/12/13 15.60 15.85 15.60 15.80 
2016/12/14 15.60 15.80 15.60 15.65 
2016/12/15 15.80 16.00 15.65 15.90 
2016/12/16 16.05 16.85 16.05 16.35 
2016/12/19 16.35 16.35 16.20 16.25 
2016/12/20 16.60 16.60 16.30 16.50 
2016/12/21 16.60 17.00 16.55 16.60 
2016/12/22 16.60 16.60 16.25 16.25 
2016/12/23 16.40 16.65 16.25 16.25 
2016/12/26 16.40 16.40 16.10 16.30 
2016/12/27 16.20 16.40 16.15 16.40 
2016/12/28 16.20 16.55 16.20 16.35 
2016/12/29 16.30 16.50 16.20 16.45 
2016/12/30 16.20 16.50 16.15 16.50 
2017/01/03 16.50 16.50 16.30 16.30 
2017/01/04 16.25 16.40 16.25 16.25 
2017/01/05 16.40 16.40 16.20 16.25 
2017/01/06 16.30 16.30 16.00 16.30 
2017/01/09 16.30 16.30 16.00 16.05 
2017/01/10 16.00 16.10 15.85 15.85 
2017/01/11 15.70 16.00 15.70 15.95 
2017/01/12 15.80 15.80 15.70 15.70 
2017/01/13 15.70 15.70 15.30 15.55 
2017/01/16 15.35 15.75 15.35 15.75 
2017/01/17 15.80 15.80 15.60 15.75 
2017/01/18 15.70 15.70 15.50 15.60 
2017/01/19 15.70 15.90 15.70 15.80 
2017/01/20 15.80 15.80 15.40 15.70 
2017/01/23 15.40 15.65 15.30 15.35 
2017/01/24 15.75 15.75 15.45 15.70 
2017/02/02 17.00 17.00 15.95 16.20 
2017/02/03 16.20 16.50 16.05 16.15 
2017/02/06 16.25 16.55 16.20 16.35 
2017/02/07 16.50 17.10 16.35 16.85 
2017/02/08 17.20 18.00 17.10 17.35 
