2016/07/01 33.80 34.75 33.75 34.75 
2016/07/04 34.70 35.25 34.70 35.00 
2016/07/05 35.00 35.15 34.60 34.95 
2016/07/06 34.95 34.95 34.25 34.25 
2016/07/07 34.70 34.75 34.30 34.30 
2016/07/11 34.90 35.35 34.60 35.00 
2016/07/12 34.80 35.25 34.80 35.20 
2016/07/13 35.40 35.40 34.70 35.05 
2016/07/14 35.25 35.50 34.85 35.50 
2016/07/15 35.50 36.75 35.40 36.60 
2016/07/18 36.80 37.20 36.60 36.90 
2016/07/19 37.10 37.10 36.65 36.75 
2016/07/20 36.70 36.70 36.30 36.35 
2016/07/21 36.65 36.90 36.30 36.30 
2016/07/22 36.70 36.85 36.30 36.30 
2016/07/25 36.40 36.45 35.70 35.75 
2016/07/26 35.90 35.95 35.75 35.90 
2016/07/27 35.50 35.80 35.50 35.55 
2016/07/28 35.20 35.90 35.20 35.70 
2016/07/29 35.55 35.95 35.50 35.70 
2016/08/01 35.55 35.85 35.50 35.75 
2016/08/02 35.80 35.80 35.50 35.55 
2016/08/03 35.20 35.85 35.20 35.55 
2016/08/04 35.90 35.90 35.50 35.50 
2016/08/05 35.75 35.80 35.45 35.50 
2016/08/08 35.55 35.90 35.50 35.80 
2016/08/09 35.85 36.70 35.80 36.70 
2016/08/10 37.40 38.50 37.40 38.10 
2016/08/11 38.50 38.55 37.20 37.70 
2016/08/12 37.70 38.30 37.10 37.75 
2016/08/15 38.15 38.15 37.10 38.00 
2016/08/16 38.20 38.90 38.00 38.05 
2016/08/17 38.30 38.30 37.60 37.60 
2016/08/18 37.95 38.10 37.55 37.60 
2016/08/19 37.90 38.00 37.30 37.45 
2016/08/22 37.45 37.60 36.80 37.45 
2016/08/23 37.55 37.95 37.55 37.85 
2016/08/24 37.85 38.00 37.30 37.75 
2016/08/25 38.00 38.05 37.60 37.70 
2016/08/26 37.95 38.00 37.35 38.00 
2016/08/29 38.15 38.30 37.60 37.90 
2016/08/30 38.15 38.25 37.60 38.25 
2016/08/31 38.80 39.40 38.60 38.60 
2016/09/01 38.60 39.10 38.25 38.70 
2016/09/02 39.20 40.00 39.20 39.60 
2016/09/05 40.00 40.10 39.60 40.00 
2016/09/06 40.45 40.50 40.05 40.20 
2016/09/07 40.50 40.50 40.20 40.20 
2016/09/08 40.20 41.50 40.20 40.70 
2016/09/09 40.50 40.85 40.15 40.60 
2016/09/10 40.15 40.45 40.10 40.35 
2016/09/12 40.35 40.60 40.10 40.10 
2016/09/13 40.10 40.35 39.30 40.25 
2016/09/14 40.10 40.90 40.10 40.50 
2016/09/19 40.80 41.20 40.55 40.90 
2016/09/20 41.30 41.90 41.25 41.55 
2016/09/21 42.00 42.40 41.70 42.20 
2016/09/22 42.65 42.80 41.90 42.30 
2016/09/23 42.55 42.80 42.35 42.50 
2016/09/26 42.40 42.45 42.05 42.15 
2016/09/29 42.80 43.20 42.60 42.60 
2016/09/30 42.70 43.00 42.65 42.95 
2016/10/03 43.10 44.45 43.10 44.10 
2016/10/04 44.60 46.70 44.50 46.00 
2016/10/05 46.10 46.90 45.70 46.30 
2016/10/06 46.30 46.40 45.35 45.95 
2016/10/07 46.10 46.65 45.55 46.20 
2016/10/11 46.25 47.50 44.80 45.60 
2016/10/12 45.85 47.75 45.60 46.35 
2016/10/13 46.75 47.70 46.75 46.95 
2016/10/14 47.90 49.30 47.60 48.40 
2016/10/17 49.10 49.45 48.00 48.80 
2016/10/18 49.45 51.50 49.45 50.10 
2016/10/19 51.00 52.00 49.10 49.10 
2016/10/20 49.50 50.50 48.60 49.10 
2016/10/21 49.90 50.30 49.15 49.40 
2016/10/24 49.50 50.50 49.15 49.30 
2016/10/25 49.60 50.30 49.60 49.90 
2016/10/26 50.00 50.20 49.45 49.70 
2016/10/27 49.80 51.30 49.40 50.50 
2016/10/28 51.50 53.20 49.70 49.70 
2016/10/31 50.50 51.40 49.70 51.30 
2016/11/01 51.50 52.80 51.50 51.80 
2016/11/02 52.00 52.30 51.10 51.10 
2016/11/03 51.00 51.10 48.35 50.00 
2016/11/04 50.30 51.50 50.10 50.10 
2016/11/07 50.50 51.70 48.75 51.30 
2016/11/08 48.95 50.70 48.70 50.00 
2016/11/09 50.70 51.10 48.05 50.00 
2016/11/10 51.50 51.60 50.50 51.10 
2016/11/11 50.90 51.00 50.50 50.80 
2016/11/14 50.80 51.50 50.60 50.60 
2016/11/15 50.90 51.00 49.20 50.00 
2016/11/16 50.00 50.00 47.60 47.60 
2016/11/17 47.10 48.45 45.05 48.40 
2016/11/18 49.00 49.95 48.00 48.10 
2016/11/21 48.10 48.60 46.70 48.20 
2016/11/22 48.20 48.50 48.00 48.30 
2016/11/23 48.35 49.90 48.35 49.50 
2016/11/24 49.50 49.90 49.20 49.85 
2016/11/25 49.85 51.30 49.75 50.70 
2016/11/28 50.70 50.80 49.95 50.00 
2016/11/29 50.10 50.20 48.75 49.25 
2016/11/30 49.70 50.60 49.70 50.20 
2016/12/01 50.20 50.80 49.80 50.30 
2016/12/02 50.00 50.00 49.25 49.25 
2016/12/05 49.25 50.20 49.25 49.75 
2016/12/06 49.80 49.90 48.25 49.10 
2016/12/07 49.10 49.40 48.30 49.25 
2016/12/08 49.20 49.70 48.70 49.30 
2016/12/09 49.80 50.40 49.40 49.85 
2016/12/12 50.00 50.90 49.40 49.50 
2016/12/13 49.80 50.00 49.50 50.00 
2016/12/14 50.20 50.80 49.70 50.00 
2016/12/15 49.50 50.10 49.50 50.00 
2016/12/16 50.00 50.20 49.65 50.00 
2016/12/19 50.00 50.00 49.00 50.00 
2016/12/20 50.00 50.50 49.55 50.00 
2016/12/21 50.00 50.00 49.35 49.35 
2016/12/22 49.50 49.60 48.15 48.55 
2016/12/23 48.20 48.55 46.30 47.05 
2016/12/26 47.05 47.10 45.85 46.35 
2016/12/27 46.30 46.95 46.30 46.35 
2016/12/28 46.45 48.00 46.45 48.00 
2016/12/29 48.00 49.20 47.50 49.00 
2016/12/30 48.85 50.00 48.85 50.00 
2017/01/03 49.90 49.90 49.25 49.35 
2017/01/04 49.35 49.70 49.05 49.10 
2017/01/05 49.70 49.70 49.05 49.20 
2017/01/06 49.00 49.20 47.70 47.90 
2017/01/09 48.40 48.40 47.80 47.80 
2017/01/10 47.40 47.50 47.15 47.30 
2017/01/11 47.30 48.30 47.10 47.90 
2017/01/12 48.20 48.25 47.70 48.00 
2017/01/13 47.85 48.05 47.15 48.05 
2017/01/16 48.05 48.05 47.20 47.30 
2017/01/17 47.30 47.60 47.15 47.25 
2017/01/18 47.00 47.50 47.00 47.25 
2017/01/19 47.15 47.35 46.85 46.90 
2017/01/20 46.90 47.20 46.55 47.10 
2017/01/23 47.10 47.30 46.65 46.90 
2017/01/24 47.30 47.30 46.50 46.70 
2017/02/02 47.45 47.45 46.50 46.95 
2017/02/03 47.00 47.20 46.30 47.00 
2017/02/06 47.20 47.25 46.50 46.60 
2017/02/07 47.00 47.00 46.40 46.45 
2017/02/08 46.30 46.30 45.10 46.10 
