2016/07/01 16.10 17.70 16.10 17.55 
2016/07/04 16.60 16.90 16.50 16.90 
2016/07/05 16.90 17.30 16.35 16.90 
2016/07/06 17.15 17.15 16.50 16.50 
2016/07/07 16.80 16.80 16.80 16.80 
2016/07/11 16.55 16.55 16.55 16.55 
2016/07/12 16.60 16.60 16.55 16.55 
2016/07/13 16.15 16.50 15.85 16.40 
2016/07/14 16.25 16.30 16.20 16.30 
2016/07/15 16.00 16.45 15.85 16.40 
2016/07/18 16.20 16.20 16.20 16.20 
2016/07/19 15.90 15.95 15.65 15.90 
2016/07/20 15.55 15.80 15.00 15.75 
2016/07/21 16.30 16.30 16.15 16.15 
2016/07/22 16.20 16.65 15.75 16.20 
2016/07/25 15.70 15.70 15.40 15.60 
2016/07/26 15.80 15.80 15.25 15.60 
2016/07/27 15.60 16.55 15.25 16.55 
2016/07/28 15.45 15.80 15.40 15.60 
2016/07/29 15.50 15.75 15.40 15.65 
2016/08/01 15.90 15.90 15.35 15.55 
2016/08/02 15.90 15.90 15.00 15.40 
2016/08/03 15.10 15.30 15.10 15.30 
2016/08/04 15.10 15.70 15.00 15.40 
2016/08/05 15.10 15.50 15.10 15.50 
2016/08/08 15.45 15.75 15.20 15.50 
2016/08/09 15.50 15.90 15.50 15.85 
2016/08/10 15.85 15.85 15.60 15.80 
2016/08/11 15.80 15.80 15.80 15.80 
2016/08/12 15.90 15.90 15.40 15.65 
2016/08/15 15.65 15.80 15.65 15.70 
2016/08/16 15.80 15.80 15.50 15.80 
2016/08/17 15.95 15.95 15.65 15.65 
2016/08/18 15.65 15.90 15.65 15.85 
2016/08/19 15.95 15.95 15.80 15.80 
2016/08/22 15.60 15.85 15.60 15.85 
2016/08/23 15.80 15.80 15.80 15.80 
2016/08/24 15.70 15.80 15.70 15.75 
2016/08/25 15.80 15.80 15.75 15.75 
2016/08/26 15.75 15.80 15.75 15.80 
2016/08/29 15.75 15.80 15.70 15.80 
2016/08/30 15.75 17.30 15.75 16.95 
2016/08/31 16.80 17.15 16.65 16.75 
2016/09/01 16.70 16.70 16.50 16.70 
2016/09/02 17.00 17.00 16.30 16.60 
2016/09/05 16.35 16.35 16.00 16.10 
2016/09/06 16.40 16.40 16.10 16.25 
2016/09/07 16.20 16.25 16.00 16.00 
2016/09/08 16.05 16.65 16.05 16.60 
2016/09/09 16.60 16.75 16.50 16.55 
2016/09/10 16.55 16.55 16.25 16.25 
2016/09/12 16.80 16.80 16.15 16.45 
2016/09/13 16.60 16.60 16.15 16.15 
2016/09/14 16.10 16.30 15.80 16.05 
2016/09/19 16.05 16.50 16.00 16.30 
2016/09/20 15.75 16.00 15.55 16.00 
2016/09/21 15.90 16.55 15.80 16.00 
2016/09/22 16.00 16.35 15.60 16.35 
2016/09/23 16.30 16.30 15.90 15.95 
2016/09/26 15.80 15.90 15.40 15.85 
2016/09/29 15.75 15.85 15.75 15.75 
2016/09/30 15.70 15.80 15.70 15.80 
2016/10/03 15.80 15.95 15.80 15.85 
2016/10/04 15.80 15.80 15.70 15.70 
2016/10/05 15.70 15.70 15.45 15.65 
2016/10/06 15.90 15.90 15.45 15.45 
2016/10/07 15.45 15.50 15.45 15.50 
2016/10/11 15.50 15.50 15.20 15.40 
2016/10/12 15.40 15.40 15.25 15.35 
2016/10/13 15.80 15.80 15.10 15.45 
2016/10/14 15.40 15.55 15.15 15.30 
2016/10/17 15.30 15.80 15.20 15.40 
2016/10/18 15.40 15.75 15.30 15.40 
2016/10/19 15.70 15.70 15.20 15.55 
2016/10/20 15.10 15.30 14.65 15.30 
2016/10/21 15.10 15.50 15.00 15.50 
2016/10/24 15.25 15.25 15.00 15.25 
2016/10/25 15.70 15.70 14.95 15.20 
2016/10/26 15.10 15.10 15.05 15.05 
2016/10/27 15.10 15.15 15.10 15.15 
2016/10/28 16.00 16.00 15.25 15.25 
2016/10/31 15.60 15.60 15.30 15.30 
2016/11/01 15.60 15.60 15.35 15.35 
2016/11/02 15.35 15.35 15.30 15.30 
2016/11/03 15.30 15.30 15.10 15.25 
2016/11/04 15.30 15.30 15.15 15.15 
2016/11/07 15.50 15.50 15.40 15.40 
2016/11/09 15.20 15.20 15.20 15.20 
2016/11/10 15.50 15.50 14.75 15.25 
2016/11/11 15.00 15.00 15.00 15.00 
2016/11/14 14.80 15.00 14.80 15.00 
2016/11/15 15.10 15.55 15.10 15.40 
2016/11/16 15.50 15.50 15.20 15.30 
2016/11/17 15.30 15.30 15.30 15.30 
2016/11/18 15.50 15.50 15.30 15.30 
2016/11/21 15.50 15.50 15.20 15.30 
2016/11/22 15.40 15.55 15.40 15.55 
2016/11/23 15.70 15.70 15.20 15.50 
2016/11/24 15.40 15.40 15.40 15.40 
2016/11/25 15.40 15.50 15.30 15.50 
2016/11/28 15.50 15.50 15.30 15.35 
2016/11/29 15.35 15.40 15.35 15.40 
2016/11/30 15.40 15.50 15.40 15.40 
2016/12/01 15.80 15.80 15.50 15.60 
2016/12/02 15.50 15.50 15.50 15.50 
2016/12/05 15.35 15.35 15.30 15.30 
2016/12/06 15.40 15.40 15.10 15.15 
2016/12/07 15.15 15.35 15.15 15.35 
2016/12/08 15.35 15.50 15.15 15.35 
2016/12/09 15.20 15.40 15.20 15.40 
2016/12/12 15.20 15.50 15.20 15.50 
2016/12/13 15.25 15.40 15.20 15.40 
2016/12/14 15.30 15.40 15.20 15.40 
2016/12/15 15.20 15.20 15.00 15.05 
2016/12/16 15.05 15.05 15.00 15.00 
2016/12/19 14.80 15.00 14.60 14.80 
2016/12/20 14.50 15.15 14.40 14.90 
2016/12/21 14.50 15.05 14.50 14.80 
2016/12/22 14.60 14.60 14.50 14.50 
2016/12/23 14.50 14.50 14.50 14.50 
2016/12/26 14.40 14.95 14.40 14.60 
2016/12/27 15.10 15.30 14.60 14.60 
2016/12/28 14.85 15.00 14.35 14.85 
2016/12/29 14.70 14.90 14.45 14.90 
2016/12/30 14.80 14.90 14.80 14.90 
2017/01/03 14.60 14.80 14.55 14.55 
2017/01/04 14.55 14.70 14.30 14.70 
2017/01/05 14.65 14.85 14.35 14.75 
2017/01/06 14.55 14.75 14.50 14.75 
2017/01/09 14.50 14.65 14.40 14.40 
2017/01/10 14.40 14.65 14.40 14.40 
2017/01/11 14.50 14.50 14.10 14.40 
2017/01/12 14.25 14.60 14.25 14.60 
2017/01/13 14.75 14.75 14.75 14.75 
2017/01/16 14.40 14.40 14.20 14.40 
2017/01/17 14.20 14.40 14.20 14.30 
2017/01/18 14.25 14.70 14.25 14.30 
2017/01/19 14.20 14.20 14.20 14.20 
2017/01/20 14.20 14.40 14.20 14.20 
2017/01/23 14.20 14.20 14.20 14.20 
2017/01/24 14.20 14.80 14.20 14.80 
2017/02/02 14.80 15.30 14.50 14.50 
2017/02/03 14.55 14.55 14.35 14.55 
2017/02/06 14.75 14.80 14.20 14.20 
2017/02/07 15.00 15.00 14.50 14.60 
2017/02/08 14.35 14.45 14.20 14.25 
