2016/07/01 62.40 62.50 62.00 62.00 
2016/07/04 62.50 62.50 61.70 61.90 
2016/07/05 61.50 61.70 61.10 61.40 
2016/07/06 61.00 61.00 60.30 60.30 
2016/07/07 60.40 60.90 60.10 60.40 
2016/07/11 61.30 61.50 60.90 61.00 
2016/07/12 61.50 62.90 61.20 62.80 
2016/07/13 62.80 63.00 62.40 62.50 
2016/07/14 63.00 65.40 63.00 64.90 
2016/07/15 65.30 65.80 64.20 65.60 
2016/07/18 65.60 65.60 64.90 65.50 
2016/07/19 65.50 65.60 64.60 65.00 
2016/07/20 65.10 66.70 64.90 65.30 
2016/07/21 65.00 66.30 65.00 65.90 
2016/07/22 66.20 66.50 65.40 65.40 
2016/07/25 65.70 66.60 65.00 65.90 
2016/07/26 65.60 66.30 65.30 66.00 
2016/07/27 66.30 67.20 66.30 67.00 
2016/07/28 60.90 60.90 60.00 60.00 
2016/07/29 60.00 60.30 58.00 58.50 
2016/08/01 58.60 59.10 58.60 59.00 
2016/08/02 59.00 59.60 58.80 59.40 
2016/08/03 59.40 60.10 58.70 59.80 
2016/08/04 60.00 61.50 59.90 60.50 
2016/08/05 60.70 61.00 60.10 60.20 
2016/08/08 59.90 61.10 59.90 60.20 
2016/08/09 60.50 60.60 59.70 59.70 
2016/08/10 60.00 63.80 59.50 63.00 
2016/08/11 63.50 65.10 61.60 62.60 
2016/08/12 63.00 63.00 61.20 61.50 
2016/08/15 64.00 67.60 63.50 67.60 
2016/08/16 68.20 68.80 66.60 68.80 
2016/08/17 69.50 70.40 66.80 67.10 
2016/08/18 67.60 68.10 66.80 68.00 
2016/08/19 68.00 68.40 66.10 66.10 
2016/08/22 66.10 66.40 64.50 65.10 
2016/08/23 65.20 65.70 65.00 65.00 
2016/08/24 65.00 67.40 64.70 66.40 
2016/08/25 66.40 66.70 65.40 65.60 
2016/08/26 65.50 67.00 65.30 66.00 
2016/08/29 66.10 66.40 65.30 65.60 
2016/08/30 66.20 71.60 66.10 69.50 
2016/08/31 69.40 70.70 68.60 69.50 
2016/09/01 70.10 70.90 69.00 70.20 
2016/09/02 71.20 73.80 69.90 69.90 
2016/09/05 69.50 70.90 69.00 70.00 
2016/09/06 70.00 71.20 69.60 71.20 
2016/09/07 71.80 73.50 70.00 70.00 
2016/09/08 70.20 70.60 69.40 69.40 
2016/09/09 69.70 70.80 69.40 70.60 
2016/09/10 69.60 69.80 68.40 68.70 
2016/09/12 70.10 70.30 68.80 69.30 
2016/09/13 69.80 69.80 63.80 67.50 
2016/09/14 66.60 67.10 66.00 66.70 
2016/09/19 67.30 67.80 67.00 67.80 
2016/09/20 67.00 68.00 67.00 67.50 
2016/09/21 67.30 67.90 67.20 67.40 
2016/09/22 68.20 68.30 67.50 67.80 
2016/09/23 68.00 68.10 67.30 67.30 
2016/09/26 67.10 67.30 66.20 66.20 
2016/09/29 66.80 66.80 65.40 65.60 
2016/09/30 65.60 65.80 65.00 65.50 
2016/10/03 66.60 66.60 65.40 65.60 
2016/10/04 66.00 66.60 66.00 66.50 
2016/10/05 66.60 67.20 66.50 66.50 
2016/10/06 66.40 66.40 66.10 66.20 
2016/10/07 66.40 66.40 65.30 65.50 
2016/10/11 66.90 67.80 65.70 66.80 
2016/10/12 66.20 66.40 65.50 65.50 
2016/10/13 66.00 66.00 65.50 65.60 
2016/10/14 65.80 65.80 62.50 62.50 
2016/10/17 62.50 62.60 61.20 62.00 
2016/10/18 61.50 62.40 61.30 62.30 
2016/10/19 62.00 63.80 62.00 63.30 
2016/10/20 64.00 64.30 63.10 63.30 
2016/10/21 63.30 63.60 63.10 63.20 
2016/10/24 63.20 63.20 62.80 62.90 
2016/10/25 63.00 63.60 62.90 63.20 
2016/10/26 63.30 63.30 61.80 62.50 
2016/10/27 63.00 64.60 63.00 64.00 
2016/10/28 64.60 64.60 63.20 63.20 
2016/10/31 63.20 63.40 62.40 63.40 
2016/11/01 63.00 64.50 62.90 63.60 
2016/11/02 63.60 63.70 62.40 62.50 
2016/11/03 63.00 63.00 62.20 62.80 
2016/11/04 62.80 63.00 62.00 62.30 
2016/11/07 63.00 63.30 62.70 62.70 
2016/11/08 62.80 65.50 62.80 63.80 
2016/11/09 64.90 65.00 62.20 62.20 
2016/11/10 62.90 65.40 62.90 65.20 
2016/11/11 64.80 64.80 63.00 63.00 
2016/11/14 63.00 63.60 62.00 63.30 
2016/11/15 63.00 63.40 62.80 62.80 
2016/11/16 62.60 63.20 62.50 62.60 
2016/11/17 62.60 62.60 61.90 61.90 
2016/11/18 61.90 63.70 61.90 63.20 
2016/11/21 63.20 63.40 63.00 63.10 
2016/11/22 63.10 63.60 62.80 63.10 
2016/11/23 63.20 63.20 62.40 62.50 
2016/11/24 62.50 64.50 62.50 63.90 
2016/11/25 64.20 64.70 63.30 64.00 
2016/11/28 64.10 64.10 63.50 63.70 
2016/11/29 63.20 63.70 63.00 63.30 
2016/11/30 63.40 63.40 63.00 63.10 
2016/12/01 63.10 63.80 63.10 63.60 
2016/12/02 63.60 63.60 63.10 63.30 
2016/12/05 63.80 63.80 63.00 63.10 
2016/12/06 63.40 63.70 63.30 63.40 
2016/12/07 63.40 64.60 63.40 64.60 
2016/12/08 64.90 65.40 64.60 64.80 
2016/12/09 64.70 65.30 64.20 64.90 
2016/12/12 67.50 71.30 67.30 71.30 
2016/12/13 72.00 72.80 69.00 69.90 
2016/12/14 69.50 70.30 69.00 70.10 
2016/12/15 70.50 72.60 68.50 68.50 
2016/12/16 68.60 69.30 67.50 67.70 
2016/12/19 67.70 68.90 67.30 67.30 
2016/12/20 67.80 67.90 66.60 67.00 
2016/12/21 67.40 69.80 67.40 67.90 
2016/12/22 68.20 68.80 66.70 66.70 
2016/12/23 66.70 67.70 66.70 66.90 
2016/12/26 67.00 67.80 67.00 67.20 
2016/12/27 67.10 67.20 66.50 67.00 
2016/12/28 66.80 68.40 66.60 67.10 
2016/12/29 66.80 68.30 66.80 67.60 
2016/12/30 67.60 68.30 67.30 67.30 
2017/01/03 67.60 68.50 67.60 68.50 
2017/01/04 69.30 69.40 68.70 68.80 
2017/01/05 69.10 70.50 68.90 70.30 
2017/01/06 70.60 72.50 69.30 69.40 
2017/01/09 69.50 69.80 68.50 69.80 
2017/01/10 68.50 69.10 67.30 68.10 
2017/01/11 68.00 68.00 66.50 66.70 
2017/01/12 66.80 67.40 65.50 66.10 
2017/01/13 66.50 66.50 65.60 66.00 
2017/01/16 66.10 66.10 65.50 66.00 
2017/01/17 66.00 66.50 65.30 66.50 
2017/01/18 66.50 67.30 66.30 66.90 
2017/01/19 67.30 67.70 67.00 67.20 
2017/01/20 67.50 68.00 67.00 67.00 
2017/01/23 67.50 70.50 67.00 70.30 
2017/01/24 70.30 71.40 69.50 69.50 
2017/02/02 70.10 70.10 68.50 68.90 
2017/02/03 69.20 70.80 68.80 69.80 
2017/02/06 70.10 70.20 69.10 69.60 
2017/02/07 69.60 72.50 69.50 72.50 
2017/02/08 72.50 73.70 71.40 71.50 
