2016/07/01 9.81 10.05 9.58 9.70 
2016/07/04 9.89 9.90 9.50 9.87 
2016/07/05 9.80 10.10 9.80 9.98 
2016/07/06 9.83 10.00 9.60 9.79 
2016/07/07 9.79 9.82 9.47 9.67 
2016/07/11 9.68 9.73 9.45 9.57 
2016/07/12 9.57 9.64 9.41 9.41 
2016/07/13 9.42 9.55 9.41 9.53 
2016/07/14 9.53 9.62 9.43 9.61 
2016/07/15 9.61 9.80 9.35 9.35 
2016/07/18 9.32 9.48 9.23 9.33 
2016/07/19 9.38 10.25 9.30 9.47 
2016/07/20 9.50 9.80 9.47 9.57 
2016/07/21 9.64 9.66 9.48 9.56 
2016/07/22 9.56 9.93 9.56 9.75 
2016/07/25 9.76 9.99 9.67 9.83 
2016/07/26 9.86 10.20 9.79 9.83 
2016/07/27 9.81 10.05 9.76 9.87 
2016/07/28 9.87 9.92 9.69 9.69 
2016/07/29 9.63 9.66 9.20 9.55 
2016/08/01 9.55 9.85 9.49 9.76 
2016/08/02 9.77 9.94 9.65 9.86 
2016/08/03 9.80 9.88 9.68 9.86 
2016/08/04 9.86 9.99 9.72 9.89 
2016/08/05 9.90 9.92 9.78 9.89 
2016/08/08 9.92 10.00 9.75 9.90 
2016/08/09 9.94 9.94 9.70 9.81 
2016/08/10 9.84 10.20 9.84 10.00 
2016/08/11 10.00 10.15 9.66 9.67 
2016/08/12 9.70 9.70 9.51 9.53 
2016/08/15 9.44 9.53 9.21 9.21 
2016/08/16 9.13 9.13 8.90 9.12 
2016/08/17 9.10 9.30 8.90 9.04 
2016/08/18 8.95 8.95 8.70 8.79 
2016/08/19 8.70 9.27 8.70 9.17 
2016/08/22 9.06 9.19 8.90 9.16 
2016/08/23 9.18 9.22 8.89 8.99 
2016/08/24 8.86 9.08 8.71 8.90 
2016/08/25 8.92 9.50 8.86 9.29 
2016/08/26 9.20 9.39 9.01 9.19 
2016/08/29 9.25 9.29 9.01 9.17 
2016/08/30 9.17 9.23 9.04 9.10 
2016/08/31 9.22 9.35 9.06 9.27 
2016/09/01 9.27 9.36 9.10 9.23 
2016/09/02 9.23 9.42 9.15 9.42 
2016/09/05 9.37 9.46 9.15 9.19 
2016/09/06 9.25 9.43 9.18 9.32 
2016/09/07 9.30 9.67 9.30 9.54 
2016/09/08 9.60 9.63 9.39 9.53 
2016/09/09 9.50 9.61 9.30 9.36 
2016/09/10 9.27 9.34 9.08 9.15 
2016/09/12 9.10 9.14 9.10 9.14 
2016/09/13 9.10 9.11 9.00 9.01 
2016/09/14 8.91 9.00 8.90 8.90 
2016/09/19 8.84 8.93 8.84 8.91 
2016/09/20 8.83 8.92 8.80 8.92 
2016/09/21 8.92 8.97 8.81 8.97 
2016/09/22 8.81 8.90 8.81 8.85 
2016/09/23 8.82 8.82 8.61 8.68 
2016/09/26 8.74 8.86 8.69 8.85 
2016/09/29 8.89 8.89 8.71 8.73 
2016/09/30 8.85 8.85 8.68 8.74 
2016/10/03 8.70 8.80 8.65 8.65 
2016/10/04 8.78 8.78 8.78 8.78 
2016/10/05 8.56 8.77 8.56 8.72 
2016/10/06 8.72 8.80 8.72 8.80 
2016/10/07 8.71 8.76 8.56 8.76 
2016/10/11 8.82 8.86 8.76 8.85 
2016/10/12 8.84 8.95 8.83 8.95 
2016/10/13 8.97 9.05 8.97 9.00 
2016/10/14 9.05 9.05 8.91 9.05 
2016/10/17 8.75 9.05 8.75 9.05 
2016/10/18 9.04 9.07 9.04 9.04 
2016/10/19 9.08 9.08 9.00 9.00 
2016/10/20 9.00 9.04 8.95 9.04 
2016/10/21 8.89 9.03 8.89 9.03 
2016/10/24 9.02 9.07 9.02 9.07 
2016/10/25 9.10 9.10 9.03 9.06 
2016/10/26 9.00 9.15 9.00 9.15 
2016/10/27 9.14 9.14 9.10 9.10 
2016/10/28 9.02 9.08 9.00 9.08 
2016/10/31 9.01 9.08 9.00 9.08 
2016/11/01 8.82 9.10 8.82 9.10 
2016/11/02 9.10 9.10 8.92 8.92 
2016/11/03 9.05 9.16 9.03 9.08 
2016/11/04 9.11 9.20 9.10 9.11 
2016/11/07 8.90 9.09 8.90 9.09 
2016/11/08 8.98 9.07 8.92 9.07 
2016/11/09 8.97 8.97 8.86 8.86 
2016/11/10 8.98 9.04 8.98 8.98 
2016/11/11 8.72 8.92 8.72 8.92 
2016/11/14 8.74 9.15 8.74 9.15 
2016/11/15 8.82 9.10 8.82 9.04 
2016/11/16 8.85 8.98 8.85 8.96 
2016/11/17 8.79 9.07 8.78 8.79 
2016/11/18 8.82 8.96 8.82 8.96 
2016/11/21 8.84 8.97 8.84 8.84 
2016/11/22 8.78 8.98 8.78 8.91 
2016/11/23 8.90 8.94 8.80 8.88 
2016/11/24 8.89 8.89 8.89 8.89 
2016/11/25 8.80 8.84 8.77 8.77 
2016/11/28 8.81 8.81 8.67 8.76 
2016/11/29 8.76 8.87 8.53 8.87 
2016/11/30 8.80 8.80 8.55 8.78 
2016/12/01 8.60 8.70 8.60 8.65 
2016/12/02 8.74 8.74 8.54 8.67 
2016/12/05 8.73 8.73 8.73 8.73 
2016/12/06 8.60 8.73 8.60 8.71 
2016/12/07 8.61 8.74 8.56 8.68 
2016/12/08 8.67 8.75 8.62 8.75 
2016/12/09 8.65 8.68 8.62 8.68 
2016/12/12 8.56 8.60 8.53 8.60 
2016/12/13 8.59 8.59 8.50 8.54 
2016/12/14 8.61 8.61 8.59 8.59 
2016/12/15 8.47 8.56 8.45 8.54 
2016/12/16 8.48 8.48 8.40 8.40 
2016/12/19 8.30 8.30 8.16 8.28 
2016/12/20 8.10 8.29 8.10 8.19 
2016/12/21 8.28 8.28 8.13 8.13 
2016/12/22 8.07 8.18 8.07 8.18 
2016/12/23 8.06 8.17 8.03 8.03 
2016/12/26 8.01 8.29 8.00 8.08 
2016/12/27 8.01 8.09 8.00 8.09 
2016/12/28 8.02 8.06 8.00 8.01 
2016/12/29 8.12 8.12 8.12 8.12 
2016/12/30 8.05 8.11 7.96 8.00 
2017/01/03 7.94 8.14 7.90 8.14 
2017/01/05 8.15 8.15 8.05 8.14 
2017/01/06 8.10 8.10 7.96 8.07 
2017/01/09 8.15 8.15 8.10 8.10 
2017/01/10 8.02 8.08 8.02 8.08 
2017/01/11 8.08 8.11 8.08 8.11 
2017/01/12 8.08 8.17 7.99 8.12 
2017/01/13 8.05 8.18 8.00 8.18 
2017/01/16 8.10 8.10 8.10 8.10 
2017/01/17 8.17 8.17 8.08 8.08 
2017/01/18 8.08 8.17 8.04 8.14 
2017/01/19 8.18 8.25 8.14 8.19 
2017/01/23 8.25 8.28 8.06 8.19 
2017/01/24 8.18 8.26 8.15 8.25 
2017/02/02 8.30 8.30 8.18 8.26 
2017/02/03 8.26 8.29 8.15 8.29 
2017/02/06 8.29 8.30 8.18 8.30 
2017/02/07 8.30 8.33 8.20 8.28 
2017/02/08 8.32 8.32 8.22 8.29 
