2016/07/01 39.60 39.60 38.70 38.80 
2016/07/04 39.10 39.20 38.70 38.75 
2016/07/05 38.80 39.40 38.70 38.95 
2016/07/06 38.70 38.85 38.20 38.50 
2016/07/07 39.50 42.20 39.10 41.30 
2016/07/11 41.30 42.10 40.50 40.85 
2016/07/12 40.80 43.60 40.50 43.00 
2016/07/13 43.70 45.00 43.00 44.90 
2016/07/14 44.30 44.80 43.70 44.05 
2016/07/15 44.30 44.60 43.60 44.00 
2016/07/18 44.00 44.00 42.10 42.40 
2016/07/19 42.20 43.50 42.20 43.15 
2016/07/20 43.10 43.15 40.30 41.50 
2016/07/21 42.00 42.20 41.60 41.80 
2016/07/22 42.00 42.00 41.25 41.45 
2016/07/25 41.75 41.90 40.95 41.45 
2016/07/26 41.50 43.35 41.50 43.10 
2016/07/27 43.50 43.80 42.70 43.10 
2016/07/28 43.50 43.50 42.70 42.90 
2016/07/29 42.85 43.10 42.65 42.85 
2016/08/01 42.75 43.00 42.40 42.45 
2016/08/02 42.45 44.15 42.30 44.00 
2016/08/03 43.55 44.30 43.20 44.15 
2016/08/04 44.00 46.35 43.15 45.95 
2016/08/05 46.40 46.95 45.00 45.00 
2016/08/08 44.00 44.00 42.70 43.35 
2016/08/09 43.55 43.55 42.00 42.10 
2016/08/10 42.50 42.50 41.50 41.75 
2016/08/11 41.75 42.10 40.95 41.10 
2016/08/12 41.30 42.35 41.30 41.75 
2016/08/15 41.00 41.40 39.60 40.30 
2016/08/16 40.30 40.55 40.05 40.30 
2016/08/17 40.20 40.95 40.20 40.50 
2016/08/18 40.60 42.25 40.60 41.70 
2016/08/19 42.25 42.25 41.10 41.40 
2016/08/22 41.40 41.40 40.60 40.80 
2016/08/23 41.00 41.50 41.00 41.15 
2016/08/24 41.50 41.50 41.10 41.10 
2016/08/25 41.20 42.00 41.00 41.35 
2016/08/26 41.65 41.65 41.20 41.50 
2016/08/29 41.70 41.75 41.20 41.75 
2016/08/30 42.00 42.85 41.85 42.65 
2016/08/31 42.85 43.25 42.60 42.80 
2016/09/01 42.80 42.80 42.05 42.30 
2016/09/02 42.75 42.75 41.55 41.70 
2016/09/05 41.80 42.70 41.80 42.70 
2016/09/06 39.90 40.15 39.40 39.45 
2016/09/07 39.80 40.25 39.45 40.10 
2016/09/08 43.90 43.90 41.60 41.80 
2016/09/09 42.00 42.70 41.45 42.30 
2016/09/10 42.00 42.15 41.50 42.05 
2016/09/12 42.60 42.75 42.05 42.70 
2016/09/13 42.75 42.85 41.60 41.65 
2016/09/14 41.65 41.90 40.90 41.40 
2016/09/19 41.40 42.20 41.40 41.70 
2016/09/20 41.80 42.70 41.80 42.30 
2016/09/21 42.30 42.30 41.90 42.10 
2016/09/22 42.60 42.60 41.85 41.85 
2016/09/23 42.25 42.65 42.05 42.20 
2016/09/26 42.30 42.60 42.00 42.50 
2016/09/29 42.70 42.70 41.85 42.00 
2016/09/30 42.00 42.00 41.15 41.65 
2016/10/03 41.65 41.80 41.50 41.75 
2016/10/04 42.00 42.45 41.80 42.30 
2016/10/05 42.45 42.50 41.90 42.20 
2016/10/06 42.20 42.55 42.10 42.25 
2016/10/07 42.25 42.30 41.50 42.10 
2016/10/11 42.70 42.70 40.60 41.00 
2016/10/12 40.70 41.20 40.20 40.70 
2016/10/13 40.70 40.80 40.00 40.10 
2016/10/14 40.00 40.45 39.10 39.35 
2016/10/17 39.30 39.30 38.80 39.10 
2016/10/18 38.95 39.50 38.95 39.00 
2016/10/19 39.40 39.40 39.00 39.10 
2016/10/20 39.05 39.40 39.00 39.05 
2016/10/21 39.20 39.25 38.90 39.10 
2016/10/24 39.00 39.40 39.00 39.25 
2016/10/25 39.15 39.50 39.15 39.50 
2016/10/26 39.30 39.80 39.30 39.50 
2016/10/27 39.35 40.40 39.35 40.40 
2016/10/28 40.70 40.90 40.05 40.20 
2016/10/31 39.95 40.40 39.10 39.65 
2016/11/01 39.55 39.70 39.25 39.30 
2016/11/02 39.05 39.15 38.20 38.40 
2016/11/03 38.40 38.40 37.30 37.30 
2016/11/04 37.10 37.45 36.60 37.45 
2016/11/07 37.70 38.25 37.60 37.60 
2016/11/08 37.60 37.60 36.80 37.40 
2016/11/09 37.15 37.15 35.20 35.65 
2016/11/10 36.30 37.75 36.25 37.20 
2016/11/11 37.20 37.20 36.00 36.20 
2016/11/14 36.40 36.50 35.80 36.00 
2016/11/15 36.10 36.15 35.65 36.00 
2016/11/16 36.20 36.40 36.00 36.20 
2016/11/17 35.90 36.10 35.65 35.70 
2016/11/18 35.50 36.05 35.50 36.00 
2016/11/21 36.00 36.55 36.00 36.35 
2016/11/22 36.30 36.60 35.90 36.55 
2016/11/23 36.55 36.75 36.40 36.55 
2016/11/24 36.55 36.70 36.40 36.55 
2016/11/25 36.45 37.60 36.45 36.85 
2016/11/28 36.75 37.70 36.75 36.90 
2016/11/29 36.90 37.20 36.90 37.20 
2016/11/30 37.00 37.10 37.00 37.00 
2016/12/01 37.10 37.30 36.95 37.10 
2016/12/02 37.15 37.15 37.00 37.00 
2016/12/05 37.00 37.20 37.00 37.00 
2016/12/06 37.10 37.45 37.10 37.45 
2016/12/07 37.70 37.80 37.50 37.70 
2016/12/08 37.70 37.70 37.30 37.60 
2016/12/09 37.35 37.50 37.05 37.10 
2016/12/12 37.20 37.45 36.90 36.90 
2016/12/13 36.90 36.90 36.90 36.90 
2016/12/14 37.10 37.65 37.10 37.30 
2016/12/15 37.10 37.65 37.10 37.65 
2016/12/16 37.40 37.95 37.40 37.95 
2016/12/19 38.00 38.10 37.60 37.60 
2016/12/20 37.50 37.50 37.40 37.40 
2016/12/21 37.45 37.75 37.45 37.45 
2016/12/22 37.50 37.95 37.45 37.90 
2016/12/23 37.90 38.20 37.70 37.85 
2016/12/26 37.95 38.10 37.75 38.10 
2016/12/27 38.10 38.10 37.80 37.80 
2016/12/28 37.80 38.10 37.70 38.10 
2016/12/29 37.80 38.25 37.80 37.95 
2016/12/30 37.85 38.00 37.70 37.75 
2017/01/03 37.75 37.75 37.60 37.75 
2017/01/04 37.75 37.90 37.75 37.75 
2017/01/05 37.75 38.10 37.75 37.90 
2017/01/06 38.00 38.90 37.95 38.90 
2017/01/09 39.70 39.70 39.10 39.35 
2017/01/10 39.60 39.95 38.55 38.65 
2017/01/11 38.65 38.70 38.50 38.60 
2017/01/12 38.70 38.70 38.25 38.60 
2017/01/13 38.20 38.55 38.15 38.30 
2017/01/16 38.10 38.20 37.70 37.70 
2017/01/17 37.70 37.80 37.40 37.65 
2017/01/18 37.55 38.00 37.55 38.00 
2017/01/19 38.10 38.50 37.85 38.20 
2017/01/20 38.10 38.55 38.10 38.30 
2017/01/23 38.80 38.90 38.45 38.60 
2017/01/24 38.40 38.60 38.30 38.30 
2017/02/02 38.30 38.85 38.25 38.25 
2017/02/03 38.30 38.65 38.20 38.50 
2017/02/06 38.80 39.35 38.80 39.00 
2017/02/07 38.85 39.50 38.65 39.50 
2017/02/08 41.00 41.00 39.70 40.05 
