2016/07/01 13.40 13.50 13.30 13.35 
2016/07/04 13.35 13.35 13.15 13.20 
2016/07/05 13.20 13.35 13.20 13.25 
2016/07/06 13.25 13.25 13.05 13.05 
2016/07/07 13.35 13.65 13.30 13.50 
2016/07/11 13.70 13.70 13.35 13.35 
2016/07/12 13.45 13.65 13.35 13.45 
2016/07/13 13.65 13.65 13.35 13.40 
2016/07/14 13.50 13.50 13.35 13.45 
2016/07/15 13.50 13.55 13.35 13.35 
2016/07/18 13.50 13.60 13.35 13.40 
2016/07/19 13.50 13.50 13.35 13.40 
2016/07/20 13.40 13.40 13.15 13.20 
2016/07/21 13.30 13.35 13.15 13.25 
2016/07/22 13.25 13.45 13.25 13.25 
2016/07/25 13.35 13.35 13.05 13.10 
2016/07/26 13.15 13.20 13.05 13.10 
2016/07/27 13.10 13.25 13.00 13.00 
2016/07/28 13.00 13.00 12.55 12.65 
2016/07/29 12.65 12.80 12.55 12.60 
2016/08/01 12.70 12.85 12.70 12.70 
2016/08/02 12.70 12.70 12.40 12.45 
2016/08/03 12.45 12.45 12.20 12.25 
2016/08/04 12.35 12.40 12.30 12.30 
2016/08/05 12.30 12.40 12.15 12.20 
2016/08/08 12.20 12.25 11.85 11.85 
2016/08/09 11.80 11.85 11.40 11.45 
2016/08/10 11.50 11.65 11.45 11.45 
2016/08/11 11.60 11.60 11.30 11.45 
2016/08/12 11.45 11.55 11.30 11.45 
2016/08/15 11.40 11.40 10.85 10.95 
2016/08/16 10.95 11.70 10.95 11.55 
2016/08/17 11.65 11.65 11.30 11.35 
2016/08/18 11.45 11.65 11.40 11.55 
2016/08/19 11.45 11.55 11.35 11.40 
2016/08/22 11.40 11.40 11.15 11.20 
2016/08/23 11.20 11.25 11.15 11.15 
2016/08/24 11.25 11.25 11.15 11.15 
2016/08/25 11.20 11.50 11.15 11.50 
2016/08/26 11.45 11.45 11.25 11.35 
2016/08/29 11.55 11.60 11.35 11.40 
2016/08/30 11.45 11.60 11.35 11.40 
2016/08/31 11.50 11.50 11.30 11.40 
2016/09/01 11.40 11.50 11.35 11.50 
2016/09/02 11.50 11.70 11.40 11.40 
2016/09/05 11.40 11.45 11.15 11.20 
2016/09/06 11.20 11.25 11.15 11.20 
2016/09/07 11.20 11.25 11.15 11.15 
2016/09/08 11.15 11.35 11.15 11.25 
2016/09/09 11.35 11.50 11.30 11.35 
2016/09/10 11.25 11.45 11.20 11.30 
2016/09/12 11.40 11.60 11.30 11.40 
2016/09/13 11.55 11.55 11.25 11.35 
2016/09/14 11.45 11.70 11.35 11.40 
2016/09/19 11.40 11.40 11.25 11.30 
2016/09/20 11.30 11.35 11.00 11.10 
2016/09/21 11.20 11.45 11.10 11.20 
2016/09/22 11.30 11.35 11.20 11.25 
2016/09/23 11.30 11.35 11.20 11.20 
2016/09/26 11.20 11.25 11.05 11.15 
2016/09/29 11.25 11.30 11.10 11.15 
2016/09/30 11.15 11.20 11.05 11.10 
2016/10/03 11.20 11.20 11.05 11.05 
2016/10/04 11.15 11.45 11.15 11.40 
2016/10/05 11.40 11.50 11.30 11.35 
2016/10/06 11.45 12.10 11.45 12.05 
2016/10/07 12.10 12.10 11.80 12.00 
2016/10/11 12.25 12.30 11.50 11.60 
2016/10/12 11.70 11.85 11.55 11.70 
2016/10/13 11.85 12.10 11.80 11.85 
2016/10/14 11.75 11.85 11.40 11.40 
2016/10/17 11.45 11.65 11.40 11.60 
2016/10/18 11.60 11.60 11.40 11.45 
2016/10/19 11.55 11.60 11.30 11.35 
2016/10/20 11.45 11.60 11.40 11.40 
2016/10/21 11.50 11.55 11.30 11.40 
2016/10/24 11.45 11.50 11.20 11.25 
2016/10/25 11.25 11.30 11.20 11.20 
2016/10/26 11.25 11.40 11.25 11.30 
2016/10/27 11.40 11.40 11.20 11.25 
2016/10/28 11.25 11.30 11.10 11.15 
2016/10/31 11.20 11.25 11.15 11.20 
2016/11/01 11.15 11.20 11.10 11.10 
2016/11/02 11.20 11.25 11.05 11.05 
2016/11/03 11.10 11.15 10.85 10.95 
2016/11/04 10.95 11.05 10.90 10.95 
2016/11/07 11.05 11.05 10.95 11.00 
2016/11/08 11.10 11.30 10.95 11.15 
2016/11/09 11.20 11.25 10.15 10.25 
2016/11/10 10.50 10.60 10.35 10.45 
2016/11/11 10.30 10.35 9.64 9.80 
2016/11/14 9.80 9.80 9.32 9.50 
2016/11/15 9.41 9.58 9.35 9.44 
2016/11/16 9.48 9.60 9.45 9.50 
2016/11/17 9.47 9.47 8.80 8.83 
2016/11/18 9.02 9.26 9.02 9.23 
2016/11/21 9.35 9.35 9.25 9.27 
2016/11/22 9.70 10.15 9.62 10.15 
2016/11/23 10.10 10.25 9.95 9.99 
2016/11/24 10.00 10.15 9.82 9.86 
2016/11/25 9.86 9.91 9.65 9.77 
2016/11/28 9.76 9.90 9.75 9.77 
2016/11/29 9.88 9.99 9.82 9.99 
2016/11/30 10.05 10.10 9.85 9.85 
2016/12/01 10.10 10.35 10.00 10.20 
2016/12/02 10.20 10.25 10.00 10.10 
2016/12/05 10.15 10.15 9.92 9.94 
2016/12/06 10.00 10.45 10.00 10.15 
2016/12/07 10.15 10.15 10.00 10.00 
2016/12/08 10.25 10.35 10.10 10.10 
2016/12/09 10.15 10.20 10.05 10.10 
2016/12/12 10.20 10.25 10.00 10.10 
2016/12/13 10.10 10.20 10.05 10.10 
2016/12/14 10.15 10.25 10.15 10.20 
2016/12/15 10.10 10.10 9.97 10.05 
2016/12/16 10.05 10.30 10.05 10.10 
2016/12/19 10.20 10.60 10.20 10.40 
2016/12/20 10.55 10.55 10.25 10.45 
2016/12/21 10.60 10.60 10.35 10.35 
2016/12/22 10.35 10.35 10.10 10.10 
2016/12/23 10.15 10.20 10.05 10.10 
2016/12/26 10.10 10.30 10.05 10.15 
2016/12/27 10.25 10.25 10.10 10.10 
2016/12/28 10.15 10.20 10.10 10.10 
2016/12/29 10.15 10.20 10.05 10.10 
2016/12/30 10.20 10.55 10.20 10.35 
2017/01/03 10.35 10.45 10.25 10.35 
2017/01/04 10.45 11.05 10.40 10.70 
2017/01/05 10.80 10.85 10.55 10.60 
2017/01/06 10.70 10.70 10.45 10.55 
2017/01/09 10.55 10.65 10.20 10.20 
2017/01/10 10.25 10.30 10.10 10.20 
2017/01/11 10.25 10.30 10.10 10.15 
2017/01/12 10.30 10.45 10.15 10.15 
2017/01/13 10.15 10.25 10.15 10.20 
2017/01/16 10.20 10.30 10.15 10.15 
2017/01/17 10.15 10.25 10.15 10.15 
2017/01/18 10.15 10.25 10.10 10.25 
2017/01/19 10.30 10.65 10.30 10.45 
2017/01/20 10.50 10.60 10.40 10.50 
2017/01/23 10.75 10.75 10.50 10.55 
2017/01/24 10.50 10.55 10.40 10.55 
2017/02/02 10.60 10.75 10.45 10.60 
2017/02/03 10.65 10.80 10.55 10.60 
2017/02/06 10.70 10.75 10.55 10.60 
2017/02/07 10.65 11.65 10.50 11.65 
2017/02/08 12.00 12.30 11.60 11.60 
