2016/07/01 77.90 78.50 77.90 78.30 
2016/07/04 78.70 78.70 77.80 77.80 
2016/07/05 78.00 78.20 77.90 78.10 
2016/07/06 77.90 78.10 77.80 78.00 
2016/07/07 78.10 78.30 77.50 78.00 
2016/07/11 77.70 79.70 77.70 79.70 
2016/07/12 79.00 82.30 79.00 82.30 
2016/07/13 83.20 85.00 82.20 82.70 
2016/07/14 82.70 82.70 81.60 82.00 
2016/07/15 82.00 82.30 81.10 81.40 
2016/07/18 81.50 82.50 81.50 82.30 
2016/07/19 79.10 80.30 79.10 79.10 
2016/07/20 79.50 79.90 79.00 79.00 
2016/07/21 79.20 79.70 79.20 79.20 
2016/07/22 79.20 79.20 78.30 78.30 
2016/07/25 78.00 78.00 76.60 76.70 
2016/07/26 76.70 78.00 76.40 78.00 
2016/07/27 77.50 77.50 77.30 77.30 
2016/07/28 77.40 77.60 76.50 76.50 
2016/07/29 76.50 77.00 76.50 77.00 
2016/08/01 78.00 78.50 77.50 77.50 
2016/08/02 77.50 78.10 77.50 77.80 
2016/08/03 77.50 77.70 77.00 77.10 
2016/08/04 77.00 78.10 76.90 78.10 
2016/08/05 77.90 79.90 77.60 79.90 
2016/08/08 79.90 80.90 79.50 80.50 
2016/08/09 81.10 81.10 79.50 79.60 
2016/08/10 79.70 80.50 79.60 80.20 
2016/08/11 80.10 80.60 79.80 80.20 
2016/08/12 80.50 81.00 80.20 80.50 
2016/08/15 78.10 80.90 78.10 80.90 
2016/08/16 81.00 81.00 80.20 80.40 
2016/08/17 80.40 80.50 80.00 80.00 
2016/08/18 80.10 80.10 80.00 80.00 
2016/08/19 80.50 80.90 79.60 80.40 
2016/08/22 79.40 80.00 79.20 80.00 
2016/08/23 80.00 80.50 79.80 80.50 
2016/08/24 80.50 80.50 79.50 80.00 
2016/08/25 79.20 80.00 79.20 80.00 
2016/08/26 80.00 80.00 79.60 80.00 
2016/08/29 80.00 81.00 79.80 81.00 
2016/08/30 80.00 80.80 79.20 79.20 
2016/08/31 79.40 80.00 78.80 79.80 
2016/09/01 79.50 79.50 78.00 79.50 
2016/09/02 79.50 80.00 79.50 79.70 
2016/09/05 79.70 80.00 79.70 80.00 
2016/09/06 80.00 80.50 79.00 80.00 
2016/09/07 80.00 80.00 79.30 79.70 
2016/09/08 79.10 79.40 79.10 79.30 
2016/09/09 79.40 79.70 78.80 79.70 
2016/09/10 76.60 78.30 76.60 78.10 
2016/09/12 78.50 79.60 78.50 79.60 
2016/09/13 79.00 79.00 78.20 78.20 
2016/09/14 78.20 78.50 77.50 77.90 
2016/09/19 77.90 78.50 77.10 78.50 
2016/09/20 78.50 78.60 77.70 78.40 
2016/09/21 78.40 78.40 77.80 77.90 
2016/09/22 78.20 78.30 77.70 77.80 
2016/09/23 78.00 78.20 77.60 78.00 
2016/09/26 78.00 78.20 77.60 78.20 
2016/09/29 77.80 78.00 77.60 77.60 
2016/09/30 77.60 77.60 76.90 76.90 
2016/10/03 76.90 77.00 76.70 77.00 
2016/10/04 77.10 77.50 76.80 77.50 
2016/10/05 77.00 77.00 77.00 77.00 
2016/10/06 77.10 77.40 76.80 77.20 
2016/10/07 77.00 77.60 77.00 77.60 
2016/10/11 77.70 77.70 75.70 77.00 
2016/10/12 77.00 77.00 75.70 76.40 
2016/10/13 76.00 76.50 75.40 76.00 
2016/10/14 76.00 76.00 74.80 75.20 
2016/10/17 75.20 75.90 74.80 75.90 
2016/10/18 74.80 74.80 72.70 73.00 
2016/10/19 74.00 74.00 72.80 73.00 
2016/10/20 73.00 73.20 71.20 72.70 
2016/10/21 72.70 72.70 72.00 72.70 
2016/10/24 72.70 73.00 72.70 72.70 
2016/10/25 73.00 73.50 72.10 73.50 
2016/10/26 72.10 73.00 72.00 73.00 
2016/10/27 73.00 73.00 72.00 72.80 
2016/10/28 72.00 72.40 71.70 72.40 
2016/10/31 72.40 72.50 72.40 72.50 
2016/11/01 72.00 72.50 71.80 72.00 
2016/11/02 71.70 71.70 70.30 70.30 
2016/11/03 70.10 71.00 70.10 70.90 
2016/11/04 70.30 70.90 70.10 70.90 
2016/11/07 72.00 72.00 70.00 71.00 
2016/11/08 72.00 72.00 68.00 70.30 
2016/11/09 70.20 70.60 68.40 70.00 
2016/11/10 70.00 71.70 70.00 71.70 
2016/11/11 74.00 74.00 71.90 73.00 
2016/11/14 73.00 73.50 72.50 73.00 
2016/11/15 73.50 77.60 73.50 76.70 
2016/11/16 77.00 77.00 75.80 75.90 
2016/11/17 76.20 79.50 76.00 78.00 
2016/11/18 77.20 78.10 77.20 78.10 
2016/11/21 78.50 80.80 78.50 79.60 
2016/11/22 79.50 80.50 79.50 79.70 
2016/11/23 79.70 80.20 79.00 79.00 
2016/11/24 79.00 79.00 78.20 78.20 
2016/11/25 78.20 78.60 78.20 78.40 
2016/11/28 78.40 78.50 78.00 78.00 
2016/11/29 78.00 78.00 77.30 77.30 
2016/11/30 77.90 77.90 77.20 77.20 
2016/12/01 77.20 77.50 77.00 77.50 
2016/12/02 77.10 77.30 76.60 76.70 
2016/12/05 76.70 76.70 76.00 76.40 
2016/12/06 76.40 76.50 76.40 76.40 
2016/12/07 76.70 77.20 76.70 77.20 
2016/12/08 77.10 78.00 77.10 77.60 
2016/12/09 77.60 78.30 77.30 78.00 
2016/12/12 77.90 77.90 77.20 77.30 
2016/12/13 77.60 78.30 77.40 78.00 
2016/12/14 78.00 78.40 77.80 78.00 
2016/12/15 77.30 77.30 77.10 77.30 
2016/12/16 77.10 77.20 77.00 77.20 
2016/12/19 77.50 77.50 76.80 77.30 
2016/12/20 77.50 78.00 77.50 77.60 
2016/12/21 77.50 77.80 77.30 77.80 
2016/12/22 77.60 77.70 77.40 77.70 
2016/12/23 77.80 78.30 77.70 77.70 
2016/12/26 77.70 78.20 77.70 78.20 
2016/12/27 78.00 78.00 77.90 78.00 
2016/12/28 78.00 78.00 77.90 78.00 
2016/12/29 78.00 78.10 78.00 78.10 
2016/12/30 78.10 78.20 77.50 78.20 
2017/01/03 78.00 78.10 78.00 78.00 
2017/01/04 78.00 78.40 78.00 78.40 
2017/01/05 78.40 79.50 78.40 79.00 
2017/01/06 79.00 79.00 78.70 79.00 
2017/01/09 79.00 79.10 78.70 79.00 
2017/01/10 77.60 79.20 77.60 79.20 
2017/01/11 79.50 84.00 79.50 81.00 
2017/01/12 81.00 81.00 80.00 80.70 
2017/01/13 80.70 80.70 80.00 80.00 
2017/01/16 80.20 80.20 79.50 80.20 
2017/01/17 79.80 79.90 79.60 79.60 
2017/01/18 79.40 80.00 79.00 80.00 
2017/01/19 80.00 80.20 79.20 80.20 
2017/01/20 79.60 79.80 79.30 79.50 
2017/01/23 79.50 80.30 79.50 80.20 
2017/01/24 80.00 80.60 80.00 80.60 
2017/02/02 80.60 80.60 80.00 80.00 
2017/02/03 80.00 80.40 79.40 80.40 
2017/02/06 79.80 80.40 79.80 80.00 
2017/02/07 79.60 79.70 79.60 79.60 
2017/02/08 80.00 80.00 79.60 80.00 
