2016/07/01 45.50 45.50 45.15 45.15 
2016/07/04 45.15 46.10 45.10 46.10 
2016/07/05 46.50 46.50 45.95 46.15 
2016/07/06 46.10 46.10 45.35 45.35 
2016/07/07 45.20 45.60 45.20 45.60 
2016/07/11 45.60 46.00 45.00 46.00 
2016/07/12 46.30 46.30 45.25 45.35 
2016/07/13 45.70 45.70 44.90 44.90 
2016/07/14 44.95 45.40 44.95 45.00 
2016/07/15 45.10 45.40 44.70 45.00 
2016/07/18 45.75 45.75 45.10 45.50 
2016/07/19 45.50 45.50 45.00 45.10 
2016/07/20 45.00 45.90 44.70 45.90 
2016/07/21 46.10 49.80 46.10 48.20 
2016/07/22 48.00 48.35 47.45 47.90 
2016/07/25 49.80 49.80 48.30 49.00 
2016/07/26 48.50 48.65 48.00 48.20 
2016/07/27 48.40 49.25 47.60 47.60 
2016/07/28 47.50 47.60 47.15 47.15 
2016/07/29 48.00 48.00 47.20 47.40 
2016/08/01 47.40 47.40 46.70 46.70 
2016/08/02 47.30 47.75 47.20 47.25 
2016/08/03 47.35 48.10 47.05 48.05 
2016/08/04 48.35 49.10 47.75 47.75 
2016/08/05 47.75 48.60 47.70 48.05 
2016/08/08 48.20 48.75 48.20 48.65 
2016/08/09 49.90 51.00 49.40 49.80 
2016/08/10 50.40 54.00 50.20 52.30 
2016/08/11 51.80 52.10 50.50 50.70 
2016/08/12 51.10 53.20 50.70 52.50 
2016/08/15 53.50 53.70 52.20 52.20 
2016/08/16 51.80 51.90 50.30 50.70 
2016/08/17 51.40 52.70 50.80 51.90 
2016/08/18 52.00 52.00 51.20 52.00 
2016/08/19 51.90 52.00 51.10 51.10 
2016/08/22 51.80 51.80 50.60 50.70 
2016/08/23 51.40 53.50 51.40 52.80 
2016/08/24 53.60 56.80 53.60 54.50 
2016/08/25 54.50 55.20 53.90 55.00 
2016/08/26 55.40 56.50 54.50 54.50 
2016/08/29 55.20 55.20 53.60 54.40 
2016/08/30 54.20 56.30 54.20 55.30 
2016/08/31 55.30 55.30 54.30 54.60 
2016/09/01 54.20 55.00 54.10 54.40 
2016/09/02 54.50 54.60 52.80 53.00 
2016/09/05 53.10 53.10 52.30 53.00 
2016/09/06 53.20 53.50 52.80 53.00 
2016/09/07 53.50 54.00 52.80 53.10 
2016/09/08 53.10 54.80 53.10 54.20 
2016/09/09 54.50 54.50 53.60 54.20 
2016/09/10 53.10 53.20 52.90 53.00 
2016/09/12 53.50 53.50 51.40 51.50 
2016/09/13 52.00 52.00 50.10 50.50 
2016/09/14 50.10 50.50 50.00 50.50 
2016/09/19 51.00 51.10 50.50 50.90 
2016/09/20 51.00 51.00 50.10 50.50 
2016/09/21 51.10 51.40 50.80 51.10 
2016/09/22 51.30 51.30 50.30 50.30 
2016/09/23 50.50 51.20 50.30 51.20 
2016/09/26 51.00 51.00 50.30 50.40 
2016/09/29 50.80 51.20 50.50 50.60 
2016/09/30 50.60 52.00 50.60 51.90 
2016/10/03 52.10 52.10 51.30 51.60 
2016/10/04 52.40 52.40 51.20 51.60 
2016/10/05 51.60 51.80 51.40 51.50 
2016/10/06 51.50 51.60 50.60 50.60 
2016/10/07 51.30 51.30 50.00 50.00 
2016/10/11 51.00 51.00 49.05 49.40 
2016/10/12 49.50 50.30 49.50 49.60 
2016/10/13 49.40 49.70 49.10 49.50 
2016/10/14 49.05 49.10 48.00 48.10 
2016/10/17 48.70 48.70 47.40 47.90 
2016/10/18 47.40 48.25 47.25 48.20 
2016/10/19 48.15 48.80 48.15 48.15 
2016/10/20 48.00 48.15 47.30 48.10 
2016/10/21 48.10 48.30 48.00 48.30 
2016/10/24 48.30 48.30 47.90 48.20 
2016/10/25 48.10 48.30 47.90 48.20 
2016/10/26 48.20 48.20 47.75 47.75 
2016/10/27 47.70 48.55 47.70 48.00 
2016/10/28 47.90 47.90 47.60 47.60 
2016/10/31 47.50 47.50 47.00 47.40 
2016/11/01 47.05 47.25 46.90 47.05 
2016/11/02 46.75 47.00 45.50 45.60 
2016/11/03 45.40 46.75 45.40 46.20 
2016/11/04 46.25 46.40 46.20 46.35 
2016/11/07 46.35 46.35 45.80 46.35 
2016/11/08 46.50 46.50 46.20 46.40 
2016/11/09 46.40 46.40 44.00 45.85 
2016/11/10 46.90 47.20 45.90 47.10 
2016/11/11 47.10 47.10 45.80 45.80 
2016/11/14 45.50 45.80 45.50 45.75 
2016/11/15 45.75 45.75 45.15 45.65 
2016/11/16 46.00 46.95 45.85 46.10 
2016/11/17 48.10 48.10 46.85 47.40 
2016/11/18 47.00 48.70 47.00 48.45 
2016/11/21 48.15 48.50 48.10 48.50 
2016/11/22 48.50 48.60 48.30 48.30 
2016/11/23 48.30 48.80 47.55 47.80 
2016/11/24 47.50 47.70 46.90 47.70 
2016/11/25 47.60 47.60 45.90 47.15 
2016/11/28 46.70 47.00 46.10 46.80 
2016/11/29 47.00 47.10 46.90 46.90 
2016/11/30 47.80 47.80 47.00 47.00 
2016/12/01 47.00 47.00 46.90 46.90 
2016/12/02 46.70 46.70 46.55 46.55 
2016/12/05 46.50 47.50 46.45 47.50 
2016/12/06 47.80 48.00 47.30 47.60 
2016/12/07 48.00 49.60 47.80 49.20 
2016/12/08 49.20 50.00 49.10 49.10 
2016/12/09 48.70 48.70 47.90 48.05 
2016/12/12 48.05 48.05 47.30 47.70 
2016/12/13 47.60 47.60 46.85 47.50 
2016/12/14 47.30 47.50 47.00 47.50 
2016/12/15 47.00 47.40 47.00 47.40 
2016/12/16 47.15 47.45 46.85 47.40 
2016/12/19 47.30 47.50 46.80 47.50 
2016/12/20 47.50 47.60 46.90 47.60 
2016/12/21 47.20 47.60 47.20 47.60 
2016/12/22 47.00 47.00 45.90 47.00 
2016/12/23 46.35 47.95 46.35 46.70 
2016/12/26 46.65 47.50 46.20 47.50 
2016/12/27 47.50 47.70 47.50 47.50 
2016/12/28 46.50 47.50 46.50 47.45 
2016/12/29 47.00 48.00 47.00 47.55 
2016/12/30 47.65 48.30 47.65 48.00 
2017/01/03 48.00 48.00 47.70 48.00 
2017/01/04 48.00 48.90 48.00 48.70 
2017/01/05 48.80 51.20 48.80 50.20 
2017/01/06 50.00 51.10 50.00 51.00 
2017/01/09 51.80 53.20 51.00 51.50 
2017/01/10 51.80 52.30 51.30 51.90 
2017/01/11 52.00 52.00 50.80 51.50 
2017/01/12 51.50 51.60 50.70 51.00 
2017/01/13 50.70 51.50 50.50 51.10 
2017/01/16 51.50 51.50 51.00 51.10 
2017/01/17 51.50 52.00 51.20 51.20 
2017/01/18 51.50 51.90 50.50 51.20 
2017/01/19 51.50 51.50 50.50 50.60 
2017/01/20 51.00 51.00 49.90 50.00 
2017/01/23 50.20 50.70 50.00 50.00 
2017/01/24 50.20 50.30 50.00 50.20 
2017/02/02 50.20 50.80 49.90 50.10 
2017/02/03 50.20 51.00 49.90 51.00 
2017/02/06 51.60 54.00 51.50 52.80 
2017/02/07 52.80 53.10 52.20 52.80 
2017/02/08 52.30 52.30 51.10 51.40 
