2016/07/01 22.60 23.50 21.90 23.50 
2016/07/04 23.15 23.65 22.95 23.15 
2016/07/05 23.05 23.05 22.00 22.70 
2016/07/06 22.50 22.50 21.80 22.10 
2016/07/07 22.00 22.30 22.00 22.00 
2016/07/11 22.00 22.20 21.95 22.00 
2016/07/12 21.70 21.75 21.05 21.30 
2016/07/13 21.30 21.70 21.30 21.70 
2016/07/14 21.70 22.00 21.30 21.80 
2016/07/15 21.80 22.45 21.80 22.00 
2016/07/18 22.00 22.45 21.90 22.00 
2016/07/19 22.00 22.30 21.80 22.05 
2016/07/20 21.85 22.00 21.70 21.95 
2016/07/21 21.80 21.85 21.60 21.65 
2016/07/22 21.60 21.65 21.20 21.40 
2016/07/25 21.45 21.65 21.00 21.00 
2016/07/26 21.00 21.10 20.70 20.80 
2016/07/27 20.80 20.80 20.25 20.30 
2016/07/28 20.30 21.30 20.30 20.55 
2016/07/29 20.55 20.80 20.50 20.80 
2016/08/01 20.80 20.95 20.70 20.70 
2016/08/02 20.60 20.60 20.40 20.45 
2016/08/03 20.45 20.65 20.40 20.50 
2016/08/04 20.70 20.80 20.65 20.65 
2016/08/05 20.70 20.75 20.70 20.70 
2016/08/08 20.70 20.85 20.70 20.75 
2016/08/09 20.75 20.75 20.50 20.50 
2016/08/10 20.50 20.50 20.25 20.25 
2016/08/11 20.40 20.40 19.30 19.40 
2016/08/12 19.40 19.50 19.15 19.25 
2016/08/15 19.15 19.15 18.90 19.05 
2016/08/16 19.30 19.70 19.10 19.40 
2016/08/17 19.50 19.70 19.10 19.60 
2016/08/18 19.75 19.75 19.40 19.45 
2016/08/19 19.45 19.90 19.20 19.85 
2016/08/22 19.55 19.75 19.55 19.75 
2016/08/23 19.50 19.60 19.40 19.40 
2016/08/24 19.40 19.40 18.30 18.90 
2016/08/25 18.80 19.50 18.70 19.30 
2016/08/26 18.65 18.90 18.65 18.70 
2016/08/29 18.75 18.75 18.70 18.70 
2016/08/30 18.70 18.75 18.00 18.20 
2016/08/31 18.15 18.40 18.00 18.40 
2016/09/01 18.00 18.35 18.00 18.35 
2016/09/02 18.10 18.40 17.85 18.15 
2016/09/05 18.00 18.15 17.90 18.00 
2016/09/06 17.90 17.90 16.20 16.20 
2016/09/07 16.15 16.70 16.05 16.10 
2016/09/08 16.10 16.30 15.85 16.00 
2016/09/09 16.00 16.25 16.00 16.20 
2016/09/10 16.00 16.10 16.00 16.00 
2016/09/12 16.00 16.00 15.75 15.95 
2016/09/13 16.00 16.15 15.75 16.00 
2016/09/14 16.00 16.10 16.00 16.10 
2016/09/19 16.00 16.15 16.00 16.05 
2016/09/20 16.00 16.05 15.80 15.95 
2016/09/21 15.85 16.10 15.75 15.95 
2016/09/22 16.10 16.10 15.70 15.90 
2016/09/23 15.90 16.00 15.70 16.00 
2016/09/26 15.95 15.95 15.70 15.85 
2016/09/29 15.90 15.90 15.50 15.50 
2016/09/30 15.50 15.75 15.50 15.75 
2016/10/03 15.75 15.85 15.70 15.85 
2016/10/04 15.70 16.40 15.70 16.40 
2016/10/05 16.35 16.50 16.00 16.30 
2016/10/06 16.20 16.35 16.10 16.25 
2016/10/07 16.30 17.85 16.25 17.85 
2016/10/11 18.35 18.50 17.50 18.25 
2016/10/12 18.25 20.05 18.05 20.05 
2016/10/13 19.20 21.00 19.00 20.00 
2016/10/14 20.00 20.00 19.00 19.20 
2016/10/17 18.55 19.10 18.00 18.05 
2016/10/18 18.05 18.55 17.65 18.10 
2016/10/19 18.15 18.45 18.10 18.10 
2016/10/20 18.10 18.35 18.00 18.25 
2016/10/21 18.40 18.40 18.05 18.05 
2016/10/24 18.20 18.25 18.05 18.05 
2016/10/25 18.05 18.05 17.70 17.90 
2016/10/26 17.70 18.65 17.70 18.30 
2016/10/27 18.40 18.40 17.95 17.95 
2016/10/28 17.95 17.95 17.70 17.70 
2016/10/31 17.75 17.90 17.70 17.70 
2016/11/01 17.70 18.05 17.70 17.90 
2016/11/02 18.00 18.20 17.70 17.70 
2016/11/03 17.90 18.00 17.80 18.00 
2016/11/04 17.80 18.20 17.60 17.70 
2016/11/07 17.85 18.00 17.75 17.75 
2016/11/08 17.70 17.75 17.65 17.75 
2016/11/09 17.80 18.10 16.50 17.00 
2016/11/10 17.40 17.55 17.15 17.30 
2016/11/11 17.30 17.50 17.10 17.15 
2016/11/14 16.90 17.10 16.90 17.00 
2016/11/15 17.00 17.00 16.75 16.80 
2016/11/16 16.80 16.80 16.60 16.80 
2016/11/17 16.70 16.70 16.35 16.70 
2016/11/18 16.50 17.00 16.50 16.80 
2016/11/21 16.80 16.85 16.75 16.75 
2016/11/22 16.80 17.45 16.80 17.35 
2016/11/23 17.25 18.50 17.20 17.95 
2016/11/24 18.00 18.20 17.95 18.00 
2016/11/25 18.40 18.40 17.95 18.00 
2016/11/28 18.35 18.40 17.50 18.00 
2016/11/29 18.40 18.40 18.05 18.10 
2016/11/30 18.10 18.35 18.10 18.35 
2016/12/01 18.35 18.70 18.10 18.65 
2016/12/02 18.70 18.70 18.30 18.60 
2016/12/05 19.90 19.90 18.60 18.90 
2016/12/06 18.90 19.20 18.90 19.20 
2016/12/07 19.00 19.20 18.50 19.20 
2016/12/08 19.00 19.50 19.00 19.00 
2016/12/09 19.00 19.25 19.00 19.00 
2016/12/12 18.95 19.00 18.70 19.00 
2016/12/13 19.00 19.00 18.80 18.80 
2016/12/14 18.85 19.05 18.80 18.80 
2016/12/15 18.80 19.00 18.80 18.90 
2016/12/16 18.80 19.00 18.80 18.85 
2016/12/19 18.70 18.90 18.70 18.80 
2016/12/20 18.90 18.95 18.70 18.70 
2016/12/21 18.70 18.80 18.65 18.70 
2016/12/22 18.70 18.70 18.30 18.30 
2016/12/23 18.20 18.60 18.20 18.45 
2016/12/26 18.60 19.95 18.60 19.00 
2016/12/27 19.50 19.60 19.00 19.25 
2016/12/28 19.25 19.25 18.75 18.75 
2016/12/29 19.10 19.10 18.70 18.75 
2016/12/30 18.95 19.00 18.60 18.60 
2017/01/03 18.50 18.55 18.45 18.45 
2017/01/04 18.45 19.20 18.45 18.70 
2017/01/05 18.95 19.00 18.80 18.80 
2017/01/06 19.00 19.00 18.80 18.80 
2017/01/09 18.80 18.80 18.75 18.75 
2017/01/10 18.75 18.90 18.65 18.90 
2017/01/11 18.80 18.80 18.60 18.60 
2017/01/12 18.65 19.00 18.65 19.00 
2017/01/13 18.80 18.80 18.75 18.75 
2017/01/16 18.70 18.70 18.60 18.60 
2017/01/17 19.70 19.70 18.75 18.80 
2017/01/18 18.70 18.90 18.60 18.60 
2017/01/19 18.60 18.80 18.60 18.70 
2017/01/20 18.75 18.75 18.60 18.60 
2017/01/23 18.65 18.75 18.60 18.65 
2017/01/24 18.65 18.80 18.60 18.80 
2017/02/02 18.60 18.70 18.30 18.30 
2017/02/03 18.40 18.70 18.05 18.55 
2017/02/06 18.60 18.90 18.50 18.50 
2017/02/07 18.70 18.75 18.60 18.65 
2017/02/08 18.95 18.95 18.60 18.60 
