2016/07/01 71.50 71.90 70.90 71.20 
2016/07/04 71.20 71.20 70.50 70.80 
2016/07/05 70.80 71.30 70.80 71.00 
2016/07/06 71.00 71.20 70.20 70.30 
2016/07/07 70.30 71.00 70.30 70.90 
2016/07/11 71.40 71.90 71.10 71.60 
2016/07/12 71.90 72.40 71.60 72.00 
2016/07/13 68.10 68.50 67.60 68.10 
2016/07/14 68.40 68.40 67.00 67.30 
2016/07/15 67.30 68.00 67.30 67.50 
2016/07/18 67.50 67.80 67.10 67.20 
2016/07/19 67.50 67.50 66.80 67.00 
2016/07/20 66.90 67.10 66.60 66.60 
2016/07/21 66.20 67.40 66.20 66.70 
2016/07/22 66.90 66.90 66.50 66.80 
2016/07/25 67.70 68.10 67.10 67.40 
2016/07/26 67.40 67.40 67.00 67.00 
2016/07/27 67.70 67.70 66.60 66.60 
2016/07/28 66.60 67.00 66.50 66.50 
2016/07/29 66.60 66.60 65.10 65.30 
2016/08/01 65.50 65.60 65.10 65.20 
2016/08/02 65.80 65.80 65.10 65.50 
2016/08/03 65.40 65.40 64.90 64.90 
2016/08/04 64.90 65.40 64.90 64.90 
2016/08/05 65.90 68.10 65.90 67.30 
2016/08/08 67.50 67.70 66.50 66.60 
2016/08/09 66.60 67.10 66.20 66.20 
2016/08/10 67.40 67.40 65.90 66.50 
2016/08/11 66.50 67.20 65.90 66.20 
2016/08/12 65.90 66.50 65.00 65.20 
2016/08/15 64.70 65.20 64.60 65.00 
2016/08/16 65.80 65.80 65.10 65.20 
2016/08/17 65.60 65.60 64.40 64.80 
2016/08/19 69.50 69.60 67.10 67.10 
2016/08/22 67.60 68.90 67.50 68.60 
2016/08/23 69.00 69.10 68.50 68.50 
2016/08/24 69.10 72.70 69.00 71.60 
2016/08/25 73.00 76.80 73.00 74.50 
2016/08/26 75.00 76.40 74.60 76.00 
2016/08/29 77.00 77.10 74.90 75.50 
2016/08/30 76.90 77.30 74.70 74.90 
2016/08/31 76.90 78.10 75.60 76.00 
2016/09/01 76.10 76.80 75.00 76.10 
2016/09/02 76.00 76.80 75.10 76.80 
2016/09/05 78.20 82.00 78.20 80.00 
2016/09/06 80.90 81.00 79.40 79.90 
2016/09/07 79.90 80.90 79.80 80.10 
2016/09/08 80.50 81.90 78.70 79.00 
2016/09/09 79.50 80.30 79.20 79.60 
2016/09/10 77.00 78.30 77.00 77.70 
2016/09/12 77.30 78.40 77.10 77.30 
2016/09/13 78.10 78.70 77.40 78.40 
2016/09/14 77.60 78.60 76.50 78.60 
2016/09/19 78.40 79.90 78.10 79.30 
2016/09/20 79.30 79.30 77.80 78.50 
2016/09/21 78.80 78.90 77.80 78.00 
2016/09/22 78.90 79.00 77.90 78.40 
2016/09/23 78.90 80.70 78.70 79.00 
2016/09/26 78.90 78.90 76.80 76.80 
2016/09/29 76.70 77.80 75.50 76.90 
2016/09/30 77.80 78.70 77.00 77.10 
2016/10/03 77.20 78.00 77.10 77.30 
2016/10/04 77.50 77.50 76.50 76.50 
2016/10/05 76.40 77.00 76.10 76.10 
2016/10/06 76.50 77.80 76.40 76.80 
2016/10/07 76.50 76.50 75.40 75.70 
2016/10/11 75.60 76.30 74.00 74.30 
2016/10/12 74.00 76.40 74.00 75.70 
2016/10/13 75.70 76.20 75.00 75.20 
2016/10/14 75.20 75.80 72.50 73.00 
2016/10/17 72.00 72.50 70.20 71.50 
2016/10/18 73.00 78.20 73.00 77.70 
2016/10/19 77.80 78.50 76.60 77.00 
2016/10/20 77.40 79.80 77.40 79.10 
2016/10/21 79.60 80.40 77.80 78.20 
2016/10/24 78.70 78.70 77.70 77.80 
2016/10/25 78.80 78.80 77.60 77.80 
2016/10/26 77.80 78.80 77.50 78.00 
2016/10/27 78.00 78.00 76.60 76.60 
2016/10/28 78.00 78.00 76.20 77.00 
2016/10/31 76.10 77.90 76.10 77.90 
2016/11/01 78.20 81.80 78.10 81.50 
2016/11/02 82.60 83.70 80.50 81.40 
2016/11/03 83.20 83.50 81.60 82.00 
2016/11/04 81.00 82.30 80.50 81.90 
2016/11/07 83.60 84.00 81.20 81.20 
2016/11/08 81.90 82.20 80.60 81.00 
2016/11/09 81.20 81.50 75.60 76.00 
2016/11/10 79.00 81.10 78.60 79.90 
2016/11/11 79.00 82.40 79.00 80.50 
2016/11/14 80.90 83.00 80.20 82.60 
2016/11/15 83.50 83.50 81.20 82.00 
2016/11/16 82.00 90.20 82.00 90.20 
2016/11/17 92.60 99.20 90.60 99.20 
2016/11/18 99.40 100.50 96.00 97.80 
2016/11/21 99.00 103.00 97.50 99.00 
2016/11/22 100.50 101.00 97.50 100.00 
2016/11/23 103.00 103.50 97.20 97.20 
2016/11/24 99.00 102.50 96.30 102.50 
2016/11/25 103.50 103.50 100.00 100.00 
2016/11/28 99.80 101.50 98.10 98.10 
2016/11/29 98.90 101.50 98.90 99.40 
2016/11/30 99.50 100.50 97.20 98.10 
2016/12/01 97.50 99.00 92.50 93.60 
2016/12/02 92.00 92.40 90.60 91.70 
2016/12/05 91.90 93.00 91.00 91.30 
2016/12/06 93.00 95.50 91.50 91.50 
2016/12/07 92.20 93.20 91.20 93.00 
2016/12/08 95.20 101.00 94.50 100.00 
2016/12/09 99.00 100.50 97.50 99.60 
2016/12/12 100.50 101.50 98.00 98.00 
2016/12/13 99.00 100.50 98.30 98.90 
2016/12/14 100.00 108.50 100.00 108.50 
2016/12/15 111.00 118.50 110.00 113.50 
2016/12/16 115.00 118.50 112.50 114.00 
2016/12/19 113.00 118.00 108.00 109.00 
2016/12/20 111.50 119.50 110.50 119.50 
2016/12/21 121.50 122.50 116.00 116.00 
2016/12/22 117.50 118.00 114.00 116.50 
2016/12/23 117.00 117.50 112.50 114.00 
2016/12/26 118.00 118.50 111.50 112.00 
2016/12/27 113.00 113.00 108.50 109.00 
2016/12/28 110.00 119.50 110.00 118.00 
2016/12/29 116.50 118.00 115.00 116.00 
2016/12/30 116.50 118.50 114.50 115.00 
2017/01/03 115.00 116.50 113.00 115.00 
2017/01/04 117.00 125.50 115.00 118.00 
2017/01/05 117.50 118.00 115.50 117.00 
2017/01/06 117.00 119.00 114.00 115.00 
2017/01/09 118.50 119.00 112.00 112.50 
2017/01/10 113.00 114.50 108.50 110.50 
2017/01/11 111.50 112.00 106.00 108.00 
2017/01/12 110.50 114.50 110.00 111.50 
2017/01/13 112.00 118.00 109.50 115.00 
2017/01/16 116.50 120.50 114.50 118.00 
2017/01/17 118.50 121.00 117.50 121.00 
2017/01/18 122.00 132.50 121.00 128.50 
2017/01/19 129.50 140.00 127.00 137.50 
2017/01/20 142.00 147.00 132.00 134.00 
2017/01/23 138.00 147.00 136.00 147.00 
2017/01/24 147.00 151.50 142.00 143.00 
2017/02/02 144.50 152.50 143.00 147.00 
2017/02/03 148.00 150.00 141.50 143.00 
2017/02/06 143.00 143.50 139.50 140.50 
2017/02/07 141.50 148.50 141.50 144.00 
2017/02/08 148.00 158.00 147.50 158.00 
