2016/07/01 32.15 32.30 32.05 32.05 
2016/07/04 32.60 32.60 31.90 32.00 
2016/07/05 31.85 32.10 31.85 31.95 
2016/07/06 31.95 32.50 31.70 32.50 
2016/07/07 32.50 32.50 32.20 32.40 
2016/07/11 32.45 32.45 32.10 32.30 
2016/07/12 32.30 32.30 31.80 32.20 
2016/07/13 32.30 32.70 32.10 32.40 
2016/07/14 32.20 32.45 32.05 32.10 
2016/07/15 32.40 32.50 32.05 32.50 
2016/07/18 32.70 32.85 32.30 32.40 
2016/07/19 32.70 32.70 32.25 32.30 
2016/07/20 32.40 32.40 32.05 32.25 
2016/07/21 32.30 32.50 32.20 32.40 
2016/07/22 32.60 32.60 32.20 32.35 
2016/07/25 32.40 35.55 32.40 33.60 
2016/07/26 33.05 33.50 32.60 32.75 
2016/07/27 34.30 34.30 33.00 33.80 
2016/07/28 34.00 34.00 33.15 33.50 
2016/07/29 33.50 33.80 33.10 33.80 
2016/08/01 34.00 35.20 34.00 34.60 
2016/08/02 34.90 36.85 34.90 36.60 
2016/08/03 36.20 37.80 36.10 37.70 
2016/08/04 38.90 39.00 37.40 38.45 
2016/08/05 38.45 38.80 37.30 37.80 
2016/08/08 37.80 37.80 36.20 36.35 
2016/08/09 36.35 37.00 35.50 37.00 
2016/08/10 36.50 36.50 34.80 35.95 
2016/08/11 35.80 35.90 34.65 35.25 
2016/08/12 36.50 36.60 35.30 36.05 
2016/08/15 36.05 36.80 35.40 36.55 
2016/08/16 36.50 36.50 35.75 36.00 
2016/08/17 36.15 36.15 35.20 35.40 
2016/08/18 35.70 35.90 35.50 35.80 
2016/08/19 36.00 36.70 35.70 36.00 
2016/08/22 36.00 36.50 35.80 36.50 
2016/08/23 36.95 40.15 36.70 40.15 
2016/08/24 40.45 40.45 39.20 39.90 
2016/08/25 39.90 41.20 38.35 39.00 
2016/08/26 38.85 39.45 38.05 38.50 
2016/08/29 37.95 38.35 37.15 37.55 
2016/08/30 37.60 38.85 37.60 38.80 
2016/08/31 38.50 39.90 38.00 39.50 
2016/09/01 39.05 39.65 38.65 38.65 
2016/09/02 38.40 38.50 37.30 37.65 
2016/09/05 37.80 37.80 36.75 37.30 
2016/09/06 37.30 37.30 35.60 36.30 
2016/09/07 36.20 36.70 35.70 36.35 
2016/09/08 36.35 36.40 36.00 36.05 
2016/09/09 36.15 36.50 35.50 36.35 
2016/09/10 36.30 36.30 35.15 35.80 
2016/09/12 35.80 35.80 35.20 35.20 
2016/09/13 35.35 35.65 35.00 35.20 
2016/09/14 35.25 35.25 35.00 35.10 
2016/09/19 35.15 35.50 35.10 35.15 
2016/09/20 35.15 35.50 35.15 35.45 
2016/09/21 35.45 36.00 35.45 35.95 
2016/09/22 36.60 36.60 35.70 35.80 
2016/09/23 35.80 36.45 35.80 36.10 
2016/09/26 36.10 36.10 35.65 36.00 
2016/09/29 36.00 36.00 35.45 36.00 
2016/09/30 36.20 36.20 35.50 35.85 
2016/10/03 35.60 35.80 35.15 35.70 
2016/10/04 35.35 36.00 35.30 36.00 
2016/10/05 35.70 35.80 35.40 35.50 
2016/10/06 35.40 35.60 35.25 35.40 
2016/10/07 35.50 35.85 35.30 35.30 
2016/10/11 35.30 35.30 33.50 34.00 
2016/10/12 34.00 34.00 33.30 33.70 
2016/10/13 33.60 33.75 33.00 33.00 
2016/10/14 33.15 33.15 32.15 32.20 
2016/10/17 32.45 32.80 32.45 32.80 
2016/10/18 32.55 32.80 32.45 32.50 
2016/10/19 32.50 32.75 32.50 32.55 
2016/10/20 32.75 32.75 32.40 32.55 
2016/10/21 32.70 33.00 32.60 32.60 
2016/10/24 32.30 32.70 32.00 32.45 
2016/10/25 32.60 33.10 32.60 32.90 
2016/10/26 32.50 32.70 32.50 32.70 
2016/10/27 32.45 32.90 32.40 32.60 
2016/10/28 32.60 32.70 32.00 32.00 
2016/10/31 32.35 32.35 30.70 31.50 
2016/11/01 31.60 31.60 31.15 31.20 
2016/11/02 30.90 30.90 30.50 30.70 
2016/11/03 30.25 30.70 29.90 29.90 
2016/11/04 29.45 29.95 29.45 29.70 
2016/11/07 30.85 30.85 30.20 30.25 
2016/11/08 31.40 31.40 30.60 30.75 
2016/11/09 31.00 31.10 30.15 30.40 
2016/11/10 31.30 31.40 31.00 31.40 
2016/11/11 31.20 31.50 31.00 31.50 
2016/11/14 31.30 32.00 31.00 31.60 
2016/11/15 31.80 31.80 31.50 31.60 
2016/11/16 31.70 32.10 31.70 31.85 
2016/11/17 31.50 31.70 31.05 31.10 
2016/11/18 31.10 31.85 31.05 31.85 
2016/11/21 32.10 33.00 32.00 32.60 
2016/11/22 32.80 32.90 31.60 32.00 
2016/11/23 32.10 32.10 31.45 31.45 
2016/11/24 31.35 31.70 31.35 31.45 
2016/11/25 31.50 31.50 31.30 31.30 
2016/11/28 31.65 31.70 31.30 31.30 
2016/11/29 30.90 31.50 30.85 31.45 
2016/11/30 31.65 31.75 31.55 31.70 
2016/12/01 31.85 31.85 31.65 31.75 
2016/12/02 31.80 31.80 31.50 31.75 
2016/12/05 31.75 31.75 31.40 31.75 
2016/12/06 31.75 32.20 31.75 32.20 
2016/12/07 32.40 32.40 32.05 32.25 
2016/12/08 32.70 33.20 32.70 32.80 
2016/12/09 32.70 32.80 32.55 32.70 
2016/12/12 33.00 33.30 32.70 32.75 
2016/12/13 32.75 32.80 32.55 32.80 
2016/12/14 32.80 32.80 32.70 32.80 
2016/12/15 32.60 32.80 32.55 32.80 
2016/12/16 32.80 33.30 32.80 33.20 
2016/12/19 33.20 33.20 32.60 33.00 
2016/12/20 32.90 32.95 32.70 32.95 
2016/12/21 32.80 32.95 32.65 32.90 
2016/12/22 32.80 32.85 32.60 32.70 
2016/12/23 32.55 32.75 32.50 32.75 
2016/12/26 32.40 32.75 32.30 32.75 
2016/12/27 32.75 32.75 32.40 32.50 
2016/12/28 32.80 33.00 32.50 33.00 
2016/12/29 33.00 33.00 32.55 32.85 
2016/12/30 32.90 32.95 32.70 32.75 
2017/01/03 32.75 33.20 32.75 33.20 
2017/01/04 33.20 33.25 32.80 33.00 
2017/01/05 33.05 33.85 33.05 33.70 
2017/01/06 33.70 35.30 33.70 35.20 
2017/01/09 35.20 35.20 34.30 34.70 
2017/01/10 34.30 34.55 34.20 34.50 
2017/01/11 34.30 34.45 34.20 34.45 
2017/01/12 34.45 35.10 34.45 34.85 
2017/01/13 34.90 34.90 34.50 34.90 
2017/01/16 34.90 35.80 34.60 35.45 
2017/01/17 35.20 35.25 34.85 35.00 
2017/01/18 35.05 35.25 34.65 34.90 
2017/01/19 35.25 35.40 34.70 34.80 
2017/01/20 34.80 35.00 34.65 34.80 
2017/01/23 35.00 35.20 34.80 35.15 
2017/01/24 35.15 35.30 34.95 34.95 
2017/02/02 35.20 35.40 34.95 35.30 
2017/02/03 35.40 36.10 35.40 35.95 
2017/02/06 36.50 36.50 35.35 36.00 
2017/02/07 35.60 35.85 35.50 35.70 
2017/02/08 36.00 36.00 35.40 35.90 
