2016/07/01 71.40 71.50 69.50 70.00 
2016/07/04 70.90 72.50 69.60 71.70 
2016/07/05 72.30 72.30 71.20 71.20 
2016/07/06 70.70 71.00 69.00 69.80 
2016/07/07 70.30 70.50 69.80 69.90 
2016/07/11 70.20 70.20 69.20 69.30 
2016/07/12 69.60 70.30 69.00 69.50 
2016/07/13 69.60 69.90 69.00 69.50 
2016/07/14 70.60 70.60 69.50 69.70 
2016/07/15 70.30 70.40 69.60 70.30 
2016/07/18 70.60 72.10 70.50 72.10 
2016/07/19 72.50 72.50 70.50 70.50 
2016/07/20 71.40 71.40 69.70 69.90 
2016/07/21 70.90 70.90 70.00 70.00 
2016/07/22 70.50 70.50 69.50 70.00 
2016/07/25 70.20 70.50 69.50 69.80 
2016/07/26 70.00 70.00 69.60 69.60 
2016/07/27 70.00 70.00 69.50 69.50 
2016/07/28 69.60 70.40 69.40 69.40 
2016/07/29 69.50 69.80 69.00 69.80 
2016/08/01 69.60 69.90 69.30 69.30 
2016/08/02 69.40 69.50 69.00 69.00 
2016/08/03 69.10 69.20 68.70 69.00 
2016/08/04 69.10 69.10 68.10 68.80 
2016/08/05 68.10 68.90 68.10 68.40 
2016/08/08 69.40 69.50 68.00 68.30 
2016/08/09 68.20 68.20 67.30 67.30 
2016/08/10 68.20 70.10 68.20 69.10 
2016/08/11 69.80 70.30 68.70 69.20 
2016/08/12 69.10 69.60 69.00 69.00 
2016/08/15 69.00 70.20 69.00 69.10 
2016/08/16 69.30 69.50 68.60 68.60 
2016/08/17 69.20 69.50 68.50 69.10 
2016/08/18 70.00 70.00 69.00 69.00 
2016/08/19 69.10 69.10 68.30 68.30 
2016/08/22 67.90 67.90 66.70 67.00 
2016/08/23 67.20 67.80 67.20 67.60 
2016/08/24 67.60 67.90 67.20 67.20 
2016/08/25 67.20 67.20 66.90 67.20 
2016/08/26 67.40 68.00 66.90 67.20 
2016/08/29 67.30 67.30 66.70 66.70 
2016/08/30 64.80 65.50 64.80 64.80 
2016/08/31 64.80 65.00 64.30 64.40 
2016/09/01 65.70 65.70 64.60 64.60 
2016/09/02 65.00 65.00 64.20 64.20 
2016/09/05 64.20 64.20 62.00 63.60 
2016/09/06 63.30 63.30 62.20 62.40 
2016/09/07 62.40 62.50 62.10 62.50 
2016/09/08 62.50 63.20 62.50 63.20 
2016/09/09 63.60 63.60 63.00 63.00 
2016/09/10 63.80 65.50 63.80 64.70 
2016/09/12 65.70 65.70 64.60 65.00 
2016/09/13 66.00 66.00 64.10 64.10 
2016/09/14 65.20 65.20 63.20 64.00 
2016/09/19 63.70 64.70 63.60 64.70 
2016/09/20 64.00 64.30 63.80 64.10 
2016/09/21 63.50 64.30 63.30 64.30 
2016/09/22 64.10 64.50 63.50 64.20 
2016/09/23 64.70 64.70 63.90 64.40 
2016/09/26 67.00 70.70 66.00 69.40 
2016/09/29 70.50 70.50 69.10 69.10 
2016/09/30 68.00 68.20 66.70 67.30 
2016/10/03 67.30 67.30 66.20 66.40 
2016/10/04 66.30 68.90 66.30 67.30 
2016/10/05 67.80 67.80 66.50 67.20 
2016/10/06 66.90 68.00 66.90 67.70 
2016/10/07 67.50 67.50 66.10 66.30 
2016/10/11 66.30 66.30 63.80 64.30 
2016/10/12 64.50 64.50 64.00 64.30 
2016/10/13 64.30 64.80 63.40 63.90 
2016/10/14 63.00 64.50 62.00 62.10 
2016/10/17 62.10 62.80 62.00 62.70 
2016/10/18 62.30 63.60 62.20 62.40 
2016/10/19 62.50 62.60 62.50 62.50 
2016/10/20 62.30 62.90 62.30 62.60 
2016/10/21 62.80 62.80 62.40 62.70 
2016/10/24 62.90 62.90 62.30 62.70 
2016/10/25 62.90 62.90 62.40 62.50 
2016/10/26 62.80 62.80 62.20 62.40 
2016/10/27 62.00 62.00 61.40 61.60 
2016/10/28 61.60 61.80 61.00 61.60 
2016/10/31 61.60 61.60 60.40 61.00 
2016/11/01 60.50 60.50 59.50 60.40 
2016/11/02 60.00 60.30 58.00 58.50 
2016/11/03 57.80 58.50 56.70 56.90 
2016/11/04 56.90 57.70 56.50 57.70 
2016/11/07 58.30 58.40 56.50 57.40 
2016/11/08 57.50 57.50 56.00 57.20 
2016/11/09 56.20 57.90 53.20 54.40 
2016/11/10 54.80 56.70 54.80 56.20 
2016/11/11 56.30 56.90 55.80 56.40 
2016/11/14 56.70 57.20 56.60 56.60 
2016/11/15 57.10 57.10 56.60 56.70 
2016/11/16 56.70 58.00 56.70 57.00 
2016/11/17 57.00 57.00 56.70 56.80 
2016/11/18 57.30 57.30 56.30 56.80 
2016/11/21 56.80 56.80 56.10 56.80 
2016/11/22 56.80 57.00 56.70 56.80 
2016/11/23 56.80 58.90 56.20 57.80 
2016/11/24 58.20 58.50 57.80 58.50 
2016/11/25 58.90 59.30 58.00 58.90 
2016/11/28 59.20 59.20 58.30 58.90 
2016/11/29 58.90 59.40 58.90 59.20 
2016/11/30 59.20 60.10 59.20 59.90 
2016/12/01 60.40 60.70 59.70 60.00 
2016/12/02 60.00 60.30 59.50 60.30 
2016/12/05 60.70 60.70 60.00 60.50 
2016/12/06 60.10 60.60 59.20 60.60 
2016/12/07 61.60 61.60 60.50 60.50 
2016/12/08 61.10 61.30 59.90 60.80 
2016/12/09 59.80 61.90 59.60 61.60 
2016/12/12 64.10 64.40 62.90 63.10 
2016/12/13 63.60 63.80 62.40 62.50 
2016/12/14 62.60 63.40 62.50 62.50 
2016/12/15 63.50 64.00 62.50 63.10 
2016/12/16 63.10 63.20 62.10 63.00 
2016/12/19 63.40 63.50 62.50 63.00 
2016/12/20 62.30 62.80 62.10 62.10 
2016/12/21 62.90 63.00 61.80 61.90 
2016/12/22 61.60 62.80 61.60 62.40 
2016/12/23 61.90 62.30 61.70 62.30 
2016/12/26 61.90 62.30 61.50 62.30 
2016/12/27 62.30 62.70 62.00 62.70 
2016/12/28 62.70 63.40 62.70 62.80 
2016/12/29 63.10 63.30 62.80 62.80 
2016/12/30 62.70 63.60 62.40 63.00 
2017/01/03 62.50 63.20 62.40 63.20 
2017/01/04 63.10 63.30 62.60 63.00 
2017/01/05 62.90 63.50 62.70 63.40 
2017/01/06 63.00 63.80 62.70 63.50 
2017/01/09 63.10 63.50 62.50 63.20 
2017/01/10 63.20 63.20 62.50 63.00 
2017/01/11 63.40 63.50 62.70 63.00 
2017/01/12 62.60 63.30 62.00 62.00 
2017/01/13 62.00 62.50 61.80 62.10 
2017/01/16 62.30 62.30 60.60 62.00 
2017/01/17 61.30 61.30 60.70 61.00 
2017/01/18 60.60 61.60 60.10 61.60 
2017/01/19 60.60 60.90 60.60 60.90 
2017/01/20 60.60 60.80 60.30 60.40 
2017/01/23 60.40 61.40 60.00 60.90 
2017/01/24 60.60 60.70 60.40 60.50 
2017/02/02 60.50 61.00 60.20 60.90 
2017/02/03 60.90 61.00 60.40 60.50 
2017/02/06 61.70 61.70 61.30 61.60 
2017/02/07 61.30 61.30 60.90 60.90 
2017/02/08 61.20 64.60 61.00 62.90 
