2016/07/01 151.00 151.50 147.50 150.50 
2016/07/04 152.50 154.50 150.00 154.00 
2016/07/05 154.00 157.00 152.00 155.50 
2016/07/06 156.00 156.00 153.00 154.50 
2016/07/07 155.50 159.00 155.00 156.00 
2016/07/11 153.50 157.50 153.00 156.00 
2016/07/12 156.00 160.00 155.50 155.50 
2016/07/13 157.50 158.00 155.00 158.00 
2016/07/14 159.50 168.00 158.50 161.00 
2016/07/15 161.50 165.50 161.50 163.00 
2016/07/18 162.00 163.00 160.50 161.00 
2016/07/19 163.00 163.00 158.50 161.00 
2016/07/20 161.50 161.50 158.50 159.00 
2016/07/21 159.50 160.50 159.00 159.50 
2016/07/22 159.50 165.00 159.00 163.00 
2016/07/25 163.50 163.50 158.50 161.00 
2016/07/26 161.50 162.00 159.50 160.00 
2016/07/27 157.50 158.00 155.50 156.00 
2016/07/28 156.00 156.00 153.50 154.00 
2016/07/29 155.50 157.00 153.50 157.00 
2016/08/01 158.00 158.00 155.00 155.00 
2016/08/02 155.00 158.00 155.00 157.50 
2016/08/03 156.50 159.00 155.00 158.50 
2016/08/04 157.00 158.50 156.00 158.50 
2016/08/05 157.00 158.00 156.00 156.00 
2016/08/08 156.00 158.00 156.00 157.00 
2016/08/09 157.00 157.00 155.00 155.00 
2016/08/10 155.00 155.00 153.00 153.00 
2016/08/11 153.00 155.50 153.00 154.00 
2016/08/12 154.00 155.50 153.00 153.00 
2016/08/15 153.00 154.00 153.00 153.00 
2016/08/16 153.00 153.00 149.50 150.00 
2016/08/17 150.00 150.00 144.50 146.00 
2016/08/18 147.00 148.00 146.00 147.00 
2016/08/19 148.50 148.50 146.00 146.00 
2016/08/22 147.00 148.00 147.00 147.00 
2016/08/23 146.00 148.00 145.00 146.00 
2016/08/24 146.00 147.00 145.00 145.00 
2016/08/25 145.00 146.50 145.00 146.50 
2016/08/26 147.50 147.50 146.00 146.50 
2016/08/29 148.00 148.00 146.00 147.50 
2016/08/30 148.00 152.00 148.00 149.00 
2016/08/31 152.00 153.00 149.00 151.50 
2016/09/01 152.50 153.00 150.00 150.50 
2016/09/02 151.50 151.50 148.50 149.00 
2016/09/05 149.00 151.00 146.00 151.00 
2016/09/06 151.00 152.00 150.00 150.50 
2016/09/07 152.00 152.50 151.00 151.50 
2016/09/08 151.50 152.00 150.00 151.50 
2016/09/09 151.00 151.00 149.00 150.00 
2016/09/10 147.50 148.50 147.50 148.50 
2016/09/12 147.00 150.00 147.00 149.00 
2016/09/13 148.50 150.00 147.00 149.00 
2016/09/14 147.50 153.00 147.50 153.00 
2016/09/19 151.00 152.00 150.00 150.00 
2016/09/20 149.00 150.00 149.00 149.50 
2016/09/21 149.50 152.00 149.50 150.50 
2016/09/22 151.00 153.00 149.00 150.00 
2016/09/23 150.00 150.50 149.00 149.00 
2016/09/26 149.00 149.00 147.50 148.00 
2016/09/29 150.50 150.50 147.00 148.00 
2016/09/30 149.50 149.50 147.00 147.50 
2016/10/03 149.00 149.00 147.50 147.50 
2016/10/04 147.50 148.00 147.00 148.00 
2016/10/05 147.50 148.00 146.00 146.50 
2016/10/06 148.00 148.00 145.50 146.50 
2016/10/07 146.50 148.50 146.50 148.00 
2016/10/11 149.00 149.00 146.00 146.50 
2016/10/12 146.00 147.00 146.00 146.50 
2016/10/13 146.00 147.50 146.00 147.50 
2016/10/14 146.00 147.00 145.00 145.50 
2016/10/17 145.50 145.50 142.00 144.50 
2016/10/18 144.00 144.50 142.50 144.50 
2016/10/19 145.00 145.50 143.00 143.50 
2016/10/20 144.00 145.00 142.50 145.00 
2016/10/21 145.00 145.00 142.50 143.00 
2016/10/24 144.50 144.50 141.50 142.00 
2016/10/25 143.50 143.50 142.00 143.00 
2016/10/26 143.50 144.00 140.50 141.00 
2016/10/27 142.00 142.00 139.00 139.00 
2016/10/28 139.00 139.00 135.00 135.50 
2016/10/31 136.50 136.50 133.00 134.00 
2016/11/01 134.00 135.50 131.00 135.00 
2016/11/02 134.00 134.50 131.00 131.50 
2016/11/03 132.00 133.00 128.00 129.50 
2016/11/04 128.00 131.00 128.00 129.50 
2016/11/07 131.00 136.50 131.00 136.00 
2016/11/08 138.00 139.50 136.50 137.50 
2016/11/09 138.00 138.00 129.00 131.50 
2016/11/10 134.50 138.00 134.50 137.00 
2016/11/11 138.00 138.00 135.00 138.00 
2016/11/14 139.50 140.50 136.00 140.00 
2016/11/15 140.00 145.00 140.00 143.50 
2016/11/16 143.50 145.00 142.50 143.00 
2016/11/17 143.50 144.00 143.00 143.00 
2016/11/18 143.50 145.00 143.50 144.50 
2016/11/21 146.00 148.00 145.00 147.00 
2016/11/22 148.00 148.00 146.00 146.00 
2016/11/23 146.00 147.50 143.50 143.50 
2016/11/24 143.50 145.50 143.50 144.50 
2016/11/25 145.00 145.50 144.00 145.00 
2016/11/28 143.00 145.50 143.00 143.00 
2016/11/29 145.00 145.00 142.50 142.50 
2016/11/30 143.00 143.00 140.00 142.50 
2016/12/01 143.00 149.00 142.50 146.00 
2016/12/02 146.00 146.00 143.50 143.50 
2016/12/05 144.00 147.00 144.00 145.00 
2016/12/06 146.00 147.00 145.00 146.00 
2016/12/07 146.50 147.00 145.00 147.00 
2016/12/08 148.00 148.00 146.00 146.50 
2016/12/09 159.00 159.50 152.00 152.00 
2016/12/12 153.00 153.50 149.00 150.00 
2016/12/13 150.50 154.00 149.00 152.00 
2016/12/14 153.00 153.00 151.50 152.50 
2016/12/15 152.50 152.50 151.50 152.00 
2016/12/16 152.00 153.50 151.50 153.50 
2016/12/19 152.50 153.50 151.50 151.50 
2016/12/20 151.50 152.50 150.50 152.50 
2016/12/21 154.00 154.00 152.00 152.00 
2016/12/22 152.00 153.00 149.00 152.00 
2016/12/23 150.00 152.50 150.00 150.50 
2016/12/26 152.50 152.50 150.00 152.00 
2016/12/27 152.00 152.00 150.50 151.00 
2016/12/28 151.00 152.50 151.00 151.00 
2016/12/29 151.00 152.00 150.00 150.00 
2016/12/30 151.50 151.50 150.50 151.50 
2017/01/03 150.50 151.50 150.50 151.50 
2017/01/04 152.00 152.00 151.00 151.00 
2017/01/05 150.50 152.00 150.50 151.00 
2017/01/06 151.00 151.00 150.50 150.50 
2017/01/09 151.00 151.50 148.00 149.00 
2017/01/10 149.00 151.00 147.50 149.50 
2017/01/11 150.50 152.00 149.00 149.00 
2017/01/12 149.50 150.00 149.00 149.50 
2017/01/13 149.50 149.50 148.50 148.50 
2017/01/16 148.00 148.00 146.50 146.50 
2017/01/17 148.00 148.50 147.00 148.00 
2017/01/18 149.00 150.00 148.50 150.00 
2017/01/19 150.00 150.00 149.00 149.50 
2017/01/20 149.50 150.00 149.00 150.00 
2017/01/23 150.00 151.00 149.00 149.50 
2017/01/24 150.00 150.00 148.50 149.50 
2017/02/02 150.50 152.50 150.00 152.50 
2017/02/03 153.50 154.00 152.50 153.50 
2017/02/06 153.50 156.50 153.50 155.50 
2017/02/07 157.00 157.00 154.00 154.50 
2017/02/08 155.00 155.50 154.00 155.00 
