2016/07/01 26.30 26.45 26.30 26.45 
2016/07/04 26.40 26.50 26.40 26.45 
2016/07/05 26.45 26.45 26.25 26.25 
2016/07/06 26.25 26.30 26.05 26.05 
2016/07/07 26.10 26.25 26.10 26.15 
2016/07/11 26.15 26.50 26.15 26.40 
2016/07/12 26.50 27.40 26.50 27.00 
2016/07/13 27.10 27.45 27.05 27.40 
2016/07/14 27.25 27.45 27.20 27.30 
2016/07/15 27.45 27.80 27.40 27.50 
2016/07/18 27.50 27.70 27.45 27.50 
2016/07/19 27.50 27.55 27.40 27.50 
2016/07/20 27.50 27.60 27.45 27.50 
2016/07/21 27.50 27.50 27.20 27.40 
2016/07/22 27.60 28.00 27.60 27.75 
2016/07/25 27.75 27.80 27.30 27.50 
2016/07/26 27.50 27.60 27.40 27.50 
2016/07/27 27.50 27.70 27.40 27.45 
2016/07/28 27.45 27.75 27.40 27.50 
2016/07/29 27.50 27.55 27.45 27.55 
2016/08/01 27.65 27.70 27.50 27.55 
2016/08/02 27.60 28.25 27.55 28.20 
2016/08/03 28.20 28.25 27.85 28.00 
2016/08/04 27.85 28.20 27.80 28.00 
2016/08/05 28.00 28.80 28.00 28.65 
2016/08/08 28.65 28.70 28.30 28.30 
2016/08/09 28.45 28.45 28.10 28.15 
2016/08/10 28.05 28.30 28.00 28.10 
2016/08/11 28.20 28.50 28.00 28.10 
2016/08/12 27.85 27.90 27.55 27.70 
2016/08/15 27.80 27.80 27.60 27.65 
2016/08/16 27.65 28.20 27.65 27.95 
2016/08/17 27.90 27.90 27.75 27.85 
2016/08/18 28.15 28.15 27.90 28.00 
2016/08/19 28.00 28.10 27.90 27.95 
2016/08/22 27.90 27.90 27.45 27.90 
2016/08/23 27.90 28.00 27.75 28.00 
2016/08/24 28.10 28.20 27.85 28.00 
2016/08/25 28.00 28.15 27.90 28.00 
2016/08/26 28.10 28.20 27.95 28.20 
2016/08/29 28.10 28.35 28.10 28.35 
2016/08/30 26.65 26.95 26.60 26.80 
2016/08/31 26.85 27.75 26.80 27.40 
2016/09/01 27.40 27.40 26.95 27.05 
2016/09/02 27.05 27.05 26.65 26.75 
2016/09/05 26.75 26.80 26.70 26.80 
2016/09/06 26.80 26.80 26.50 26.60 
2016/09/07 26.55 26.75 26.50 26.50 
2016/09/08 26.80 27.30 26.75 26.75 
2016/09/09 26.70 26.80 26.70 26.80 
2016/09/10 26.70 26.70 26.50 26.55 
2016/09/12 26.55 26.70 26.45 26.50 
2016/09/13 26.50 27.10 26.50 26.55 
2016/09/14 26.55 26.60 26.35 26.60 
2016/09/19 26.65 26.80 26.50 26.55 
2016/09/20 26.65 26.85 26.55 26.70 
2016/09/21 26.70 26.70 26.60 26.70 
2016/09/22 26.70 26.75 26.65 26.65 
2016/09/23 26.60 26.95 26.60 26.95 
2016/09/26 26.95 26.95 26.60 26.85 
2016/09/29 26.85 27.00 26.75 26.90 
2016/09/30 26.60 26.80 26.60 26.60 
2016/10/03 26.70 26.75 26.55 26.60 
2016/10/04 26.60 26.65 26.55 26.65 
2016/10/05 26.65 26.65 26.60 26.65 
2016/10/06 26.85 26.85 26.70 26.80 
2016/10/07 26.85 27.00 26.85 27.00 
2016/10/11 27.00 27.00 26.55 26.60 
2016/10/12 26.55 26.70 26.50 26.55 
2016/10/13 26.55 26.65 26.45 26.50 
2016/10/14 26.50 26.50 26.15 26.15 
2016/10/17 26.15 26.25 26.10 26.15 
2016/10/18 26.15 26.35 26.15 26.35 
2016/10/19 26.35 26.35 26.10 26.15 
2016/10/20 26.20 26.20 26.10 26.10 
2016/10/21 26.20 26.30 26.10 26.10 
2016/10/24 25.95 26.55 25.95 26.30 
2016/10/25 26.30 26.30 26.20 26.20 
2016/10/26 26.30 26.30 26.05 26.10 
2016/10/27 26.15 26.20 26.00 26.20 
2016/10/28 26.20 26.30 26.10 26.10 
2016/10/31 26.30 26.30 26.00 26.00 
2016/11/01 26.10 26.10 26.00 26.05 
2016/11/02 25.95 26.25 25.85 26.00 
2016/11/03 25.90 25.90 25.65 25.80 
2016/11/04 25.70 25.75 25.65 25.65 
2016/11/07 25.65 25.90 25.65 25.65 
2016/11/08 25.65 25.80 25.55 25.55 
2016/11/09 25.60 25.65 25.35 25.35 
2016/11/10 25.50 25.80 25.10 25.30 
2016/11/11 25.30 25.30 24.55 24.90 
2016/11/14 24.80 25.05 24.80 24.95 
2016/11/15 25.00 25.30 24.95 25.25 
2016/11/16 25.25 25.25 25.00 25.10 
2016/11/17 25.15 25.20 25.00 25.00 
2016/11/18 25.00 25.20 25.00 25.05 
2016/11/21 25.00 25.05 24.80 24.90 
2016/11/22 24.95 25.20 24.90 24.95 
2016/11/23 25.00 25.20 24.95 25.00 
2016/11/24 25.15 25.15 24.90 24.90 
2016/11/25 25.10 25.20 25.00 25.05 
2016/11/28 25.00 25.15 25.00 25.00 
2016/11/29 25.00 25.05 24.95 25.00 
2016/11/30 25.10 25.75 25.10 25.55 
2016/12/01 25.55 25.75 25.55 25.70 
2016/12/02 25.70 25.70 25.45 25.60 
2016/12/05 25.65 25.90 25.60 25.70 
2016/12/06 25.80 25.80 25.40 25.80 
2016/12/07 25.85 25.85 25.50 25.60 
2016/12/08 25.70 25.75 25.50 25.70 
2016/12/09 25.75 25.85 25.50 25.60 
2016/12/12 25.60 26.10 25.60 25.90 
2016/12/13 25.95 26.10 25.90 26.00 
2016/12/14 26.00 26.00 25.95 25.95 
2016/12/15 25.85 25.95 25.80 25.80 
2016/12/16 25.80 25.90 25.80 25.80 
2016/12/19 25.90 25.95 25.90 25.90 
2016/12/20 25.90 26.00 25.90 25.90 
2016/12/21 25.90 25.95 25.80 25.90 
2016/12/22 25.90 25.90 25.75 25.75 
2016/12/23 25.75 25.75 25.55 25.65 
2016/12/26 25.75 25.75 25.65 25.75 
2016/12/27 25.75 25.75 25.60 25.70 
2016/12/28 25.90 25.90 25.80 25.80 
2016/12/29 25.60 25.60 25.50 25.60 
2016/12/30 25.65 25.75 25.60 25.65 
2017/01/03 25.60 25.75 25.60 25.70 
2017/01/04 25.70 25.80 25.70 25.80 
2017/01/05 25.90 25.95 25.90 25.90 
2017/01/06 25.80 25.95 25.80 25.90 
2017/01/09 26.00 26.00 25.70 25.95 
2017/01/10 25.95 26.00 25.90 25.95 
2017/01/11 25.90 26.00 25.70 25.75 
2017/01/12 25.80 26.00 25.80 25.90 
2017/01/13 25.90 25.90 25.90 25.90 
2017/01/16 25.80 25.90 25.70 25.90 
2017/01/17 25.90 25.90 25.75 25.90 
2017/01/18 25.85 26.00 25.85 26.00 
2017/01/19 26.50 26.50 26.10 26.15 
2017/01/20 26.10 26.35 26.10 26.35 
2017/01/23 26.35 26.50 26.25 26.45 
2017/01/24 26.45 26.65 26.45 26.60 
2017/02/02 26.80 26.80 26.50 26.70 
2017/02/03 26.70 26.90 26.70 26.90 
2017/02/06 26.90 27.05 26.80 27.00 
2017/02/07 27.10 27.10 26.85 27.05 
2017/02/08 27.00 27.10 27.00 27.10 
