2016/07/01 59.30 59.30 58.20 58.30 
2016/07/04 58.40 58.70 58.30 58.40 
2016/07/05 58.50 58.70 57.90 58.10 
2016/07/06 57.80 58.00 57.10 57.20 
2016/07/07 57.20 57.80 56.80 57.40 
2016/07/11 58.40 58.50 57.20 57.30 
2016/07/12 57.30 58.10 57.30 57.40 
2016/07/13 57.40 57.50 55.10 55.60 
2016/07/14 56.00 56.20 55.10 55.30 
2016/07/15 55.30 56.00 54.20 54.30 
2016/07/18 54.10 54.50 52.00 52.80 
2016/07/19 52.80 53.40 52.10 53.30 
2016/07/20 53.40 53.50 51.60 52.30 
2016/07/21 52.70 56.60 52.50 55.30 
2016/07/22 54.90 55.60 54.30 55.10 
2016/07/25 55.80 56.40 55.00 55.30 
2016/07/26 55.70 55.70 54.30 54.70 
2016/07/27 55.00 56.20 54.70 55.90 
2016/07/28 56.20 57.50 56.10 57.10 
2016/07/29 57.10 57.20 56.30 56.50 
2016/08/01 56.70 56.70 55.20 56.20 
2016/08/02 56.30 56.80 55.60 56.30 
2016/08/03 56.00 56.00 55.10 55.30 
2016/08/04 55.40 56.00 55.40 55.40 
2016/08/05 55.80 55.80 55.00 55.00 
2016/08/08 55.20 55.60 54.50 55.00 
2016/08/09 55.20 55.90 54.80 55.80 
2016/08/10 56.50 58.30 56.00 58.00 
2016/08/11 57.00 57.90 56.10 57.40 
2016/08/12 57.70 58.80 57.50 57.90 
2016/08/15 57.90 58.00 56.80 57.90 
2016/08/16 58.10 60.70 57.60 60.00 
2016/08/17 59.60 60.40 59.30 59.50 
2016/08/18 59.50 60.50 59.00 60.50 
2016/08/19 60.80 61.30 59.60 59.70 
2016/08/22 59.70 59.70 57.30 57.90 
2016/08/23 58.10 58.90 58.00 58.20 
2016/08/24 58.60 60.50 58.60 60.10 
2016/08/25 59.80 60.30 59.40 60.10 
2016/08/26 60.10 60.50 59.50 59.60 
2016/08/29 59.60 59.60 58.40 58.60 
2016/08/30 59.20 59.30 58.40 58.50 
2016/08/31 58.50 58.70 58.00 58.00 
2016/09/01 57.80 60.20 57.70 59.60 
2016/09/02 59.60 60.20 58.90 59.30 
2016/09/05 59.30 59.80 59.30 59.70 
2016/09/06 59.90 59.90 59.30 59.60 
2016/09/07 59.90 61.40 59.90 61.00 
2016/09/08 60.70 60.90 60.20 60.20 
2016/09/09 60.10 60.10 59.10 59.40 
2016/09/10 58.00 58.60 57.80 58.60 
2016/09/12 58.60 58.70 58.00 58.00 
2016/09/13 58.20 58.50 56.00 57.00 
2016/09/14 56.40 57.00 55.60 56.00 
2016/09/19 56.50 56.90 56.20 56.70 
2016/09/20 56.30 56.90 56.20 56.30 
2016/09/21 56.20 57.00 56.20 57.00 
2016/09/22 56.80 57.00 55.70 56.10 
2016/09/23 56.10 56.30 55.00 55.30 
2016/09/26 55.30 55.40 54.90 55.00 
2016/09/29 55.10 55.20 54.00 55.00 
2016/09/30 55.00 55.20 54.50 55.10 
2016/10/03 55.00 55.80 54.50 54.90 
2016/10/04 54.60 55.10 54.30 54.40 
2016/10/05 54.10 54.50 54.00 54.40 
2016/10/06 54.40 54.80 54.20 54.40 
2016/10/07 54.60 54.60 53.20 53.50 
2016/10/11 53.60 53.90 51.60 51.90 
2016/10/12 51.90 53.40 51.50 53.30 
2016/10/13 53.00 54.70 52.90 54.30 
2016/10/14 53.90 54.20 52.40 54.10 
2016/10/17 54.10 54.90 53.60 54.70 
2016/10/18 56.00 56.00 54.40 54.50 
2016/10/19 54.90 54.90 54.20 54.20 
2016/10/20 54.40 54.50 53.50 53.60 
2016/10/21 53.30 53.80 53.10 53.60 
2016/10/24 53.80 53.80 53.00 53.00 
2016/10/25 53.00 53.20 52.40 52.60 
2016/10/26 52.60 52.90 52.50 52.60 
2016/10/27 52.80 53.40 52.30 53.20 
2016/10/28 53.20 53.20 52.00 52.20 
2016/10/31 52.20 52.20 51.80 51.90 
2016/11/01 52.00 52.80 52.00 52.30 
2016/11/02 51.80 52.10 51.00 51.10 
2016/11/03 51.00 51.00 49.60 50.70 
2016/11/04 50.80 52.30 50.80 51.50 
2016/11/07 52.00 52.50 51.80 52.30 
2016/11/08 51.70 52.10 51.00 51.40 
2016/11/09 51.50 51.50 49.60 50.00 
2016/11/10 50.80 51.50 50.80 51.00 
2016/11/11 50.40 51.80 50.00 51.60 
2016/11/14 51.20 52.20 50.90 51.40 
2016/11/15 51.40 51.80 51.00 51.30 
2016/11/16 51.40 51.50 51.10 51.10 
2016/11/17 51.00 51.10 50.70 50.80 
2016/11/18 50.80 51.50 50.60 51.00 
2016/11/21 51.00 51.40 50.90 51.30 
2016/11/22 51.50 51.90 51.20 51.50 
2016/11/23 51.80 51.80 51.30 51.40 
2016/11/24 51.40 52.60 51.30 52.30 
2016/11/25 52.00 53.20 52.00 52.20 
2016/11/28 52.80 52.80 51.70 51.80 
2016/11/29 52.00 52.00 51.50 51.50 
2016/11/30 51.40 52.10 51.40 51.70 
2016/12/01 52.00 52.20 51.50 51.70 
2016/12/02 51.50 52.60 51.50 52.10 
2016/12/05 52.30 52.30 51.70 52.00 
2016/12/06 52.10 52.40 52.00 52.20 
2016/12/07 52.80 54.80 52.80 54.00 
2016/12/08 54.40 54.80 53.90 53.90 
2016/12/09 54.00 54.40 53.70 53.70 
2016/12/12 54.30 54.50 53.20 53.40 
2016/12/13 53.10 53.70 52.60 53.10 
2016/12/14 53.20 53.70 53.00 53.30 
2016/12/15 53.00 53.20 52.60 52.80 
2016/12/16 53.00 53.50 52.60 53.00 
2016/12/19 53.20 53.50 52.30 52.90 
2016/12/20 52.90 53.10 52.60 52.80 
2016/12/21 53.00 53.10 52.60 52.80 
2016/12/22 52.80 52.80 52.00 52.20 
2016/12/23 51.90 51.90 51.50 51.60 
2016/12/26 51.80 51.80 51.30 51.70 
2016/12/27 51.70 53.40 51.70 53.40 
2016/12/28 53.10 54.00 52.80 52.90 
2016/12/29 52.60 52.90 52.30 52.50 
2016/12/30 52.90 52.90 52.20 52.50 
2017/01/03 52.90 52.90 52.10 52.40 
2017/01/04 52.80 52.80 52.00 52.10 
2017/01/05 52.50 52.50 51.80 51.90 
2017/01/06 52.30 52.70 52.00 52.00 
2017/01/09 52.70 52.70 51.70 51.80 
2017/01/10 51.70 52.00 51.60 51.70 
2017/01/11 52.00 52.00 51.50 51.50 
2017/01/12 51.90 51.90 51.60 51.60 
2017/01/13 51.60 51.70 51.20 51.60 
2017/01/16 51.60 51.60 51.30 51.40 
2017/01/17 51.40 51.80 51.20 51.60 
2017/01/18 51.60 52.30 51.40 52.10 
2017/01/19 52.10 53.40 52.10 52.70 
2017/01/20 52.80 54.10 52.70 53.70 
2017/01/23 54.00 54.40 53.30 53.30 
2017/01/24 53.50 55.80 53.40 54.80 
2017/02/02 54.80 56.00 54.70 54.90 
2017/02/03 55.40 55.40 54.60 55.10 
2017/02/06 55.50 57.00 55.20 56.30 
2017/02/07 56.30 56.90 55.70 55.80 
2017/02/08 56.10 57.10 55.20 56.60 
