2016/07/01 6.41 6.42 6.31 6.33 
2016/07/04 6.30 6.35 6.27 6.34 
2016/07/05 6.34 6.34 6.29 6.30 
2016/07/06 6.30 6.30 6.21 6.22 
2016/07/07 6.20 6.23 6.19 6.21 
2016/07/11 6.25 6.26 6.20 6.20 
2016/07/12 6.21 6.30 6.21 6.26 
2016/07/13 6.31 6.31 6.23 6.26 
2016/07/14 6.27 6.28 6.24 6.28 
2016/07/15 6.30 6.45 6.30 6.39 
2016/07/18 6.44 6.44 6.33 6.34 
2016/07/19 6.38 6.38 6.31 6.33 
2016/07/20 6.31 6.32 6.27 6.30 
2016/07/21 6.33 6.40 6.31 6.36 
2016/07/22 6.37 6.38 6.33 6.35 
2016/07/25 6.35 6.38 6.30 6.32 
2016/07/26 6.32 6.33 6.31 6.33 
2016/07/27 6.33 6.34 6.30 6.31 
2016/07/28 6.30 6.31 6.22 6.26 
2016/07/29 6.26 6.28 6.22 6.25 
2016/08/01 6.25 6.29 6.23 6.29 
2016/08/02 6.24 6.30 6.24 6.30 
2016/08/03 6.30 6.30 6.25 6.27 
2016/08/04 6.29 6.29 6.21 6.28 
2016/08/05 6.27 6.32 6.27 6.30 
2016/08/08 6.30 6.30 6.25 6.30 
2016/08/09 6.32 6.41 6.32 6.36 
2016/08/10 6.40 6.41 6.37 6.39 
2016/08/11 6.39 6.39 6.34 6.38 
2016/08/12 6.37 6.39 6.33 6.33 
2016/08/15 6.33 6.33 6.23 6.30 
2016/08/16 6.22 6.25 6.14 6.17 
2016/08/17 6.14 6.18 6.07 6.16 
2016/08/18 6.11 6.16 6.05 6.05 
2016/08/19 6.07 6.07 5.99 5.99 
2016/08/22 6.02 6.09 5.99 5.99 
2016/08/23 6.01 6.10 6.01 6.10 
2016/08/24 6.10 6.71 6.10 6.71 
2016/08/25 6.84 6.95 6.78 6.78 
2016/08/26 6.60 6.60 6.35 6.44 
2016/08/29 6.45 6.47 6.30 6.32 
2016/08/30 6.31 6.32 6.20 6.24 
2016/08/31 6.24 6.42 6.24 6.37 
2016/09/01 6.37 6.44 6.35 6.38 
2016/09/02 6.38 6.40 6.30 6.40 
2016/09/05 6.40 6.42 6.31 6.40 
2016/09/06 6.34 6.37 6.29 6.35 
2016/09/07 6.35 6.35 6.31 6.33 
2016/09/08 6.35 6.35 6.31 6.33 
2016/09/09 6.32 6.33 6.30 6.32 
2016/09/10 6.28 6.32 6.25 6.32 
2016/09/12 6.28 6.31 6.25 6.28 
2016/09/13 6.28 6.30 6.26 6.26 
2016/09/14 6.26 6.30 6.21 6.27 
2016/09/19 6.30 6.50 6.28 6.30 
2016/09/20 6.30 6.34 6.29 6.29 
2016/09/21 6.30 6.30 6.26 6.29 
2016/09/22 6.31 6.31 6.17 6.26 
2016/09/23 6.21 6.26 6.21 6.23 
2016/09/26 6.20 6.22 6.19 6.20 
2016/09/29 6.28 6.28 6.18 6.22 
2016/09/30 6.25 6.26 6.17 6.19 
2016/10/03 6.19 6.20 6.10 6.13 
2016/10/04 6.14 6.16 6.10 6.16 
2016/10/05 6.13 6.19 6.13 6.17 
2016/10/06 6.20 6.26 6.19 6.24 
2016/10/07 6.24 6.24 6.18 6.20 
2016/10/11 6.25 6.25 6.15 6.20 
2016/10/12 6.20 6.20 6.15 6.18 
2016/10/13 6.20 6.20 6.15 6.17 
2016/10/14 6.17 6.24 6.13 6.18 
2016/10/17 6.16 6.16 6.12 6.13 
2016/10/18 6.13 6.17 6.13 6.16 
2016/10/19 6.16 6.18 6.13 6.16 
2016/10/20 6.17 6.17 6.15 6.17 
2016/10/21 6.19 6.19 6.15 6.15 
2016/10/24 6.19 6.19 6.15 6.17 
2016/10/25 6.17 6.17 6.15 6.17 
2016/10/26 6.17 6.18 6.12 6.18 
2016/10/27 6.18 6.19 6.14 6.18 
2016/10/28 6.19 6.19 6.14 6.16 
2016/10/31 6.20 6.20 6.10 6.15 
2016/11/01 6.17 6.17 6.07 6.07 
2016/11/02 6.09 6.09 6.01 6.03 
2016/11/03 6.03 6.03 5.97 6.01 
2016/11/04 5.99 6.00 5.96 5.99 
2016/11/07 6.00 6.01 5.97 5.98 
2016/11/08 5.99 5.99 5.92 5.95 
2016/11/09 5.95 5.97 5.68 5.70 
2016/11/10 5.80 5.85 5.75 5.78 
2016/11/11 5.72 5.72 5.60 5.61 
2016/11/14 5.59 5.61 5.51 5.58 
2016/11/15 5.59 5.59 5.48 5.48 
2016/11/16 5.47 5.60 5.47 5.60 
2016/11/17 5.75 5.75 5.58 5.65 
2016/11/18 5.67 5.67 5.55 5.60 
2016/11/21 5.61 5.61 5.04 5.20 
2016/11/23 4.68 4.68 4.68 4.68 
2016/11/24 4.22 4.22 4.22 4.22 
2016/11/25 3.80 3.80 3.80 3.80 
2016/11/28 3.42 3.42 3.42 3.42 
2016/11/29 3.08 3.76 3.08 3.76 
2016/11/30 3.39 3.39 3.39 3.39 
2016/12/01 3.06 3.06 3.06 3.06 
2016/12/02 2.76 2.76 2.76 2.76 
2016/12/05 2.49 2.49 2.49 2.49 
2016/12/06 2.25 2.25 2.25 2.25 
2016/12/07 2.03 2.03 2.03 2.03 
2016/12/08 1.83 1.83 1.83 1.83 
2016/12/09 1.65 1.65 1.65 1.65 
2016/12/12 1.49 1.49 1.49 1.49 
2016/12/13 1.35 1.35 1.35 1.35 
2016/12/14 1.22 1.22 1.22 1.22 
2016/12/15 1.10 1.10 1.10 1.10 
2016/12/16 0.99 0.99 0.99 0.99 
2016/12/19 1.00 1.08 1.00 1.08 
2016/12/20 1.18 1.18 0.98 0.98 
2016/12/21 0.89 0.89 0.89 0.89 
2016/12/22 0.81 0.81 0.81 0.81 
2016/12/23 0.73 0.73 0.73 0.73 
2016/12/26 0.66 0.66 0.66 0.66 
2016/12/27 0.60 0.60 0.60 0.60 
2016/12/28 0.54 0.66 0.54 0.66 
2016/12/29 0.64 0.67 0.64 0.64 
