2016/07/01 28.05 28.90 28.05 28.50 
2016/07/04 28.50 28.70 28.25 28.45 
2016/07/05 28.45 28.50 28.05 28.50 
2016/07/06 28.40 28.40 27.20 27.45 
2016/07/07 27.45 27.90 27.45 27.75 
2016/07/11 27.90 28.15 27.65 27.95 
2016/07/12 27.95 28.05 27.65 27.80 
2016/07/13 28.40 28.80 28.05 28.70 
2016/07/14 28.60 28.70 28.30 28.70 
2016/07/15 28.70 28.75 28.60 28.70 
2016/07/18 28.80 28.90 28.50 28.70 
2016/07/19 28.70 29.00 28.55 28.90 
2016/07/20 28.80 28.95 28.60 28.90 
2016/07/21 28.90 29.10 28.65 29.00 
2016/07/22 29.00 29.05 28.55 28.85 
2016/07/25 28.85 28.95 28.55 28.95 
2016/07/26 28.90 28.95 28.60 28.80 
2016/07/27 28.80 29.00 28.55 29.00 
2016/07/28 29.00 29.50 28.80 29.45 
2016/07/29 29.45 29.45 29.00 29.20 
2016/08/01 29.20 29.50 29.10 29.35 
2016/08/02 29.35 29.50 29.15 29.50 
2016/08/03 29.10 29.80 28.85 29.70 
2016/08/04 29.70 29.75 29.10 29.50 
2016/08/05 29.50 29.65 29.30 29.55 
2016/08/08 29.55 29.55 29.20 29.55 
2016/08/09 29.30 29.50 29.00 29.50 
2016/08/10 29.15 29.45 29.00 29.45 
2016/08/11 29.05 29.55 29.00 29.55 
2016/08/12 29.55 29.55 29.25 29.55 
2016/08/15 29.55 29.55 29.20 29.40 
2016/08/16 29.40 29.40 29.05 29.35 
2016/08/17 29.35 29.55 29.10 29.55 
2016/08/18 29.50 29.55 29.30 29.50 
2016/08/19 29.60 30.50 29.60 30.30 
2016/08/22 30.10 30.15 29.75 30.00 
2016/08/23 30.00 30.95 29.95 30.90 
2016/08/24 30.90 31.15 30.65 30.80 
2016/08/25 30.90 31.05 30.85 30.95 
2016/08/26 30.95 31.00 30.45 30.60 
2016/08/29 30.60 30.70 30.00 30.35 
2016/08/30 30.35 30.35 30.15 30.20 
2016/08/31 29.15 29.15 28.35 28.35 
2016/09/01 28.25 28.25 27.50 27.50 
2016/09/02 27.60 27.70 27.30 27.50 
2016/09/05 27.60 28.25 27.60 27.85 
2016/09/06 27.90 28.70 27.90 28.65 
2016/09/07 28.80 29.00 28.65 28.85 
2016/09/08 28.70 28.70 28.20 28.20 
2016/09/09 28.00 28.00 27.65 27.65 
2016/09/10 27.30 27.45 27.30 27.30 
2016/09/12 27.05 27.05 26.60 26.60 
2016/09/13 26.60 26.85 26.30 26.35 
2016/09/14 26.30 26.70 26.20 26.60 
2016/09/19 26.80 26.90 25.85 26.50 
2016/09/20 26.45 26.60 26.30 26.30 
2016/09/21 26.35 27.10 26.30 27.10 
2016/09/22 27.65 27.75 27.15 27.30 
2016/09/23 27.50 27.55 27.10 27.40 
2016/09/26 27.40 27.45 27.30 27.30 
2016/09/29 27.75 28.00 27.50 28.00 
2016/09/30 27.90 27.95 27.10 27.40 
2016/10/03 27.40 27.70 27.40 27.50 
2016/10/04 27.60 27.65 27.45 27.50 
2016/10/05 27.40 27.80 27.30 27.70 
2016/10/06 27.70 27.90 27.65 27.75 
2016/10/07 27.80 28.00 27.75 27.75 
2016/10/11 27.90 27.90 27.65 27.85 
2016/10/12 27.75 27.95 27.50 27.50 
2016/10/13 27.45 27.50 26.50 26.85 
2016/10/14 26.90 27.30 26.80 27.00 
2016/10/17 27.00 27.05 26.60 26.70 
2016/10/18 26.70 27.20 26.60 27.00 
2016/10/19 27.00 27.30 27.00 27.20 
2016/10/20 27.20 27.30 26.90 26.95 
2016/10/21 27.00 27.40 26.80 26.85 
2016/10/24 27.10 27.20 26.85 27.05 
2016/10/25 27.30 28.10 27.20 28.00 
2016/10/26 28.20 28.20 27.65 27.70 
2016/10/27 27.80 27.90 27.65 27.85 
2016/10/28 27.85 28.00 27.55 27.95 
2016/10/31 27.60 27.70 27.20 27.55 
2016/11/01 27.35 27.65 27.30 27.50 
2016/11/02 27.20 27.30 27.10 27.20 
2016/11/03 27.05 27.15 26.95 27.00 
2016/11/04 27.00 27.20 27.00 27.00 
2016/11/07 27.00 27.35 27.00 27.10 
2016/11/08 27.75 27.75 27.30 27.35 
2016/11/09 27.70 27.75 26.60 26.75 
2016/11/10 27.25 27.50 27.15 27.30 
2016/11/11 27.05 27.25 26.70 26.70 
2016/11/14 27.00 27.00 26.55 26.65 
2016/11/15 26.65 26.80 26.60 26.60 
2016/11/16 26.80 26.85 26.50 26.55 
2016/11/17 26.50 26.55 26.05 26.05 
2016/11/18 26.05 26.30 26.00 26.05 
2016/11/21 26.05 26.40 26.05 26.35 
2016/11/22 26.20 26.85 26.20 26.70 
2016/11/23 27.00 27.00 26.75 26.80 
2016/11/24 26.65 26.95 26.65 26.90 
2016/11/25 26.85 27.00 26.30 26.35 
2016/11/28 26.40 27.15 26.40 27.15 
2016/11/29 27.20 27.20 26.80 27.00 
2016/11/30 27.00 28.05 26.55 28.05 
2016/12/01 27.75 28.00 27.50 27.95 
2016/12/02 27.80 27.90 27.65 27.85 
2016/12/05 27.90 27.90 27.20 27.35 
2016/12/06 27.65 27.70 27.40 27.65 
2016/12/07 27.75 27.80 27.55 27.65 
2016/12/08 27.80 28.05 27.75 28.05 
2016/12/09 28.05 28.20 27.95 28.05 
2016/12/12 28.10 28.20 28.05 28.10 
2016/12/13 28.10 28.10 27.70 27.80 
2016/12/14 27.95 28.05 27.85 27.95 
2016/12/15 27.70 28.10 27.70 28.05 
2016/12/16 28.00 28.05 27.55 27.55 
2016/12/19 27.45 27.45 27.05 27.05 
2016/12/20 27.25 27.30 27.05 27.15 
2016/12/21 27.20 27.25 26.70 26.80 
2016/12/22 26.80 26.80 26.40 26.40 
2016/12/23 26.30 26.45 26.20 26.20 
2016/12/26 26.20 26.40 26.20 26.25 
2016/12/27 26.25 26.35 26.15 26.30 
2016/12/28 26.20 26.45 26.20 26.45 
2016/12/29 26.45 26.50 26.15 26.20 
2016/12/30 26.45 26.45 26.20 26.35 
2017/01/03 26.45 26.50 26.30 26.50 
2017/01/04 26.50 26.55 26.35 26.35 
2017/01/05 26.35 26.60 26.35 26.50 
2017/01/06 26.50 26.60 26.40 26.50 
2017/01/09 26.50 26.60 26.25 26.30 
2017/01/10 26.35 26.40 26.10 26.20 
2017/01/11 26.30 26.65 26.20 26.65 
2017/01/12 26.75 27.20 26.75 27.20 
2017/01/13 27.25 27.30 26.90 27.25 
2017/01/16 27.15 27.15 26.60 26.90 
2017/01/17 26.90 27.00 26.80 27.00 
2017/01/18 26.80 26.90 26.50 26.55 
2017/01/19 26.50 26.50 26.25 26.30 
2017/01/20 26.30 26.35 26.20 26.20 
2017/01/23 26.45 26.65 26.40 26.45 
2017/01/24 26.60 26.85 26.50 26.75 
2017/02/02 26.85 27.10 26.70 26.85 
2017/02/03 26.85 27.05 26.75 27.00 
2017/02/06 27.05 27.40 27.00 27.25 
2017/02/07 27.15 27.45 27.15 27.35 
2017/02/08 27.10 27.35 27.10 27.20 
