2016/07/01 21.90 22.10 21.70 22.00 
2016/07/04 22.00 22.00 21.65 21.90 
2016/07/05 21.90 22.00 21.80 21.85 
2016/07/06 21.80 21.90 21.65 21.80 
2016/07/07 21.90 22.30 21.90 22.05 
2016/07/11 22.10 22.10 21.90 21.95 
2016/07/12 22.00 22.05 21.80 21.85 
2016/07/13 21.90 22.00 21.80 21.90 
2016/07/14 22.00 22.00 21.80 21.95 
2016/07/15 22.05 22.05 21.75 21.75 
2016/07/18 21.80 21.90 21.70 21.80 
2016/07/19 21.80 21.85 21.70 21.85 
2016/07/20 22.00 22.15 21.95 21.95 
2016/07/21 22.05 22.15 21.85 21.85 
2016/07/22 21.90 22.00 21.80 21.80 
2016/07/25 20.85 20.95 20.75 20.80 
2016/07/26 20.80 21.10 20.80 20.90 
2016/07/27 21.05 21.10 20.95 20.95 
2016/07/28 20.95 21.65 20.95 21.40 
2016/07/29 21.50 21.50 21.35 21.45 
2016/08/01 21.65 22.45 21.65 22.20 
2016/08/02 22.30 22.60 22.10 22.60 
2016/08/03 22.50 22.65 22.20 22.50 
2016/08/04 22.60 22.65 22.30 22.40 
2016/08/05 22.60 22.60 22.35 22.35 
2016/08/08 22.40 22.40 21.95 22.20 
2016/08/09 22.20 22.25 22.05 22.10 
2016/08/10 22.15 22.70 22.15 22.70 
2016/08/11 22.35 22.50 22.05 22.35 
2016/08/12 22.35 22.70 22.35 22.65 
2016/08/15 23.05 24.20 23.05 24.20 
2016/08/16 24.20 24.90 24.10 24.60 
2016/08/17 24.55 24.60 24.10 24.50 
2016/08/18 24.55 24.55 24.30 24.50 
2016/08/19 24.60 25.15 24.35 24.65 
2016/08/22 24.80 24.90 23.70 24.10 
2016/08/23 24.30 24.35 23.85 24.10 
2016/08/24 24.25 24.35 23.90 24.00 
2016/08/25 24.10 24.40 24.10 24.25 
2016/08/26 24.25 24.50 24.25 24.40 
2016/08/29 24.40 24.55 24.20 24.35 
2016/08/30 24.35 24.40 24.05 24.15 
2016/08/31 24.10 24.30 24.00 24.20 
2016/09/01 24.15 24.25 24.00 24.10 
2016/09/02 24.00 24.10 23.60 23.70 
2016/09/05 23.80 23.85 23.70 23.70 
2016/09/06 23.80 24.05 23.75 24.05 
2016/09/07 24.05 24.45 23.90 24.20 
2016/09/08 24.30 24.75 24.20 24.40 
2016/09/09 24.20 24.55 24.20 24.30 
2016/09/10 24.20 24.30 23.95 24.30 
2016/09/12 24.00 24.30 23.90 24.00 
2016/09/13 24.00 24.10 23.80 23.90 
2016/09/14 23.80 24.05 23.75 24.05 
2016/09/19 24.10 24.15 23.90 24.05 
2016/09/20 24.10 24.30 24.05 24.15 
2016/09/21 24.15 24.35 24.10 24.30 
2016/09/22 24.30 24.35 24.10 24.25 
2016/09/23 24.30 24.30 24.10 24.25 
2016/09/26 24.25 24.25 24.10 24.15 
2016/09/29 24.20 24.65 24.20 24.50 
2016/09/30 24.50 24.70 24.25 24.55 
2016/10/03 24.55 25.15 24.55 25.10 
2016/10/04 25.10 26.10 25.00 26.05 
2016/10/05 26.10 26.15 25.70 25.95 
2016/10/06 25.85 25.85 25.55 25.60 
2016/10/07 25.50 25.95 25.00 25.90 
2016/10/11 25.50 25.60 24.80 25.60 
2016/10/12 25.60 25.80 25.10 25.65 
2016/10/13 25.65 25.95 25.25 25.40 
2016/10/14 25.20 25.20 24.50 24.55 
2016/10/17 24.65 25.05 24.50 25.05 
2016/10/18 24.70 25.15 24.65 24.95 
2016/10/19 25.10 25.20 24.95 25.15 
2016/10/20 25.20 25.20 24.85 25.10 
2016/10/21 25.00 25.00 24.40 24.40 
2016/10/24 24.75 24.80 24.50 24.55 
2016/10/25 24.80 25.05 24.60 24.90 
2016/10/26 24.70 24.90 24.60 24.90 
2016/10/27 24.70 24.70 24.50 24.60 
2016/10/28 24.60 24.65 24.40 24.55 
2016/10/31 24.50 24.75 24.40 24.55 
2016/11/01 24.55 24.70 24.50 24.65 
2016/11/02 24.65 24.70 24.35 24.40 
2016/11/03 24.60 24.60 24.10 24.25 
2016/11/04 24.20 24.25 23.90 24.10 
2016/11/07 24.20 24.25 24.00 24.10 
2016/11/08 24.20 24.20 24.00 24.10 
2016/11/09 24.00 24.15 23.20 23.20 
2016/11/10 23.60 23.85 23.55 23.80 
2016/11/11 23.75 23.85 23.60 23.65 
2016/11/14 23.70 23.95 23.55 23.70 
2016/11/15 24.30 25.10 24.30 24.50 
2016/11/16 24.45 24.65 24.20 24.30 
2016/11/17 24.30 24.50 24.00 24.20 
2016/11/18 24.10 24.30 24.05 24.25 
2016/11/21 24.10 24.30 24.05 24.30 
2016/11/22 24.30 24.30 24.10 24.10 
2016/11/23 24.10 24.30 24.05 24.10 
2016/11/24 24.10 24.30 24.10 24.10 
2016/11/25 24.20 24.20 24.00 24.00 
2016/11/28 24.00 24.20 24.00 24.05 
2016/11/29 24.05 24.20 24.00 24.10 
2016/11/30 24.10 24.75 24.10 24.75 
2016/12/01 24.85 24.90 24.60 24.75 
2016/12/02 24.75 24.75 24.60 24.65 
2016/12/05 24.55 24.70 24.55 24.65 
2016/12/06 24.80 24.90 24.40 24.45 
2016/12/07 24.70 24.70 24.40 24.60 
2016/12/08 24.60 24.75 24.50 24.60 
2016/12/09 24.60 24.60 24.35 24.40 
2016/12/12 24.40 24.60 24.40 24.50 
2016/12/13 24.55 24.80 24.50 24.70 
2016/12/14 24.75 25.15 24.70 24.90 
2016/12/15 25.05 25.05 24.75 24.90 
2016/12/16 24.90 24.95 24.80 24.80 
2016/12/19 24.75 24.85 24.60 24.60 
2016/12/20 24.60 24.90 24.60 24.90 
2016/12/21 24.80 24.95 24.65 24.70 
2016/12/22 24.60 24.70 24.50 24.50 
2016/12/23 24.50 24.55 24.45 24.45 
2016/12/26 24.45 24.55 24.45 24.55 
2016/12/27 24.40 24.55 24.40 24.50 
2016/12/28 24.40 24.50 24.40 24.50 
2016/12/29 24.50 24.55 24.10 24.50 
2016/12/30 24.25 24.65 24.25 24.65 
2017/01/03 24.50 24.65 24.45 24.60 
2017/01/04 24.60 24.70 24.50 24.60 
2017/01/05 24.60 24.75 24.55 24.65 
2017/01/06 24.65 24.65 24.35 24.50 
2017/01/09 24.60 24.60 24.50 24.50 
2017/01/10 24.40 24.50 24.30 24.45 
2017/01/11 24.50 24.60 24.45 24.55 
2017/01/12 24.45 24.65 24.45 24.55 
2017/01/13 24.60 24.65 24.45 24.45 
2017/01/16 24.50 24.60 24.45 24.45 
2017/01/17 24.50 24.60 24.30 24.55 
2017/01/18 24.55 24.60 24.45 24.60 
2017/01/19 24.60 24.60 24.35 24.60 
2017/01/20 24.60 24.60 24.45 24.55 
2017/01/23 24.25 24.55 24.25 24.55 
2017/01/24 24.60 24.70 24.50 24.60 
2017/02/02 24.70 24.90 24.55 24.90 
2017/02/03 25.00 25.00 24.75 24.80 
2017/02/06 24.90 25.10 24.80 25.00 
2017/02/07 24.95 25.05 24.95 25.05 
2017/02/08 24.95 25.15 24.95 25.15 
