2016/07/01 10.15 10.20 10.10 10.20 
2016/07/04 10.20 10.20 10.15 10.15 
2016/07/05 10.20 10.20 10.15 10.20 
2016/07/06 10.25 10.30 10.20 10.20 
2016/07/07 10.25 10.35 10.20 10.35 
2016/07/11 10.40 10.40 10.25 10.30 
2016/07/12 10.30 10.30 10.20 10.25 
2016/07/13 10.30 10.30 10.20 10.25 
2016/07/14 10.25 10.30 10.20 10.20 
2016/07/15 10.25 10.30 10.20 10.30 
2016/07/18 10.30 10.40 10.30 10.40 
2016/07/19 10.40 10.45 10.35 10.40 
2016/07/20 9.57 9.57 9.52 9.52 
2016/07/21 9.53 9.55 9.50 9.52 
2016/07/22 9.52 9.56 9.48 9.48 
2016/07/25 9.48 9.54 9.42 9.48 
2016/07/26 9.48 9.48 9.43 9.47 
2016/07/27 9.45 9.45 9.40 9.41 
2016/07/28 9.40 9.45 9.39 9.42 
2016/07/29 9.42 9.42 9.37 9.38 
2016/08/01 9.45 9.45 9.34 9.35 
2016/08/02 9.35 9.41 9.35 9.36 
2016/08/03 9.36 9.36 9.32 9.35 
2016/08/04 9.35 9.35 9.27 9.30 
2016/08/05 9.30 9.40 9.30 9.35 
2016/08/08 9.38 9.38 9.25 9.28 
2016/08/09 9.26 9.35 9.25 9.26 
2016/08/10 9.27 9.28 9.23 9.25 
2016/08/11 9.25 9.29 9.22 9.29 
2016/08/12 9.30 9.30 9.21 9.22 
2016/08/15 9.27 9.27 9.20 9.20 
2016/08/16 9.26 9.31 9.23 9.26 
2016/08/17 9.22 9.26 9.21 9.24 
2016/08/18 9.24 9.28 9.22 9.28 
2016/08/19 9.34 9.42 9.32 9.32 
2016/08/22 9.32 9.40 9.30 9.31 
2016/08/23 9.32 9.35 9.31 9.33 
2016/08/24 9.39 9.42 9.37 9.37 
2016/08/25 9.37 9.40 9.37 9.37 
2016/08/26 9.40 9.40 9.38 9.40 
2016/08/29 9.40 9.41 9.37 9.38 
2016/08/30 9.40 9.40 9.32 9.38 
2016/08/31 9.32 9.37 9.32 9.32 
2016/09/01 9.32 9.32 9.27 9.28 
2016/09/02 9.27 9.27 9.21 9.22 
2016/09/05 9.25 9.25 9.23 9.25 
2016/09/06 9.25 9.25 9.22 9.24 
2016/09/07 9.22 9.26 9.21 9.26 
2016/09/08 9.26 9.29 9.26 9.26 
2016/09/09 9.26 9.27 9.24 9.26 
2016/09/10 9.22 9.24 9.22 9.23 
2016/09/12 9.23 9.25 9.22 9.23 
2016/09/13 9.23 9.26 9.21 9.21 
2016/09/14 9.21 9.25 9.21 9.21 
2016/09/19 9.20 9.26 9.20 9.21 
2016/09/20 9.21 9.24 9.21 9.24 
2016/09/21 9.24 9.28 9.21 9.27 
2016/09/22 9.28 9.28 9.25 9.26 
2016/09/23 9.28 9.28 9.23 9.24 
2016/09/26 9.24 9.25 9.20 9.24 
2016/09/29 9.25 9.30 9.22 9.29 
2016/09/30 9.28 9.28 9.24 9.24 
2016/10/03 9.26 9.26 9.20 9.20 
2016/10/04 9.20 9.24 9.20 9.21 
2016/10/05 9.24 9.24 9.19 9.23 
2016/10/06 9.23 9.23 9.19 9.20 
2016/10/07 9.20 9.22 9.19 9.21 
2016/10/11 9.20 9.21 9.09 9.10 
2016/10/12 9.10 9.10 9.05 9.07 
2016/10/13 9.07 9.10 9.05 9.07 
2016/10/14 9.07 9.07 9.03 9.03 
2016/10/17 9.03 9.13 9.03 9.07 
2016/10/18 9.07 9.10 9.03 9.05 
2016/10/19 9.06 9.15 9.06 9.10 
2016/10/20 9.11 9.18 9.10 9.15 
2016/10/21 9.16 9.16 9.10 9.11 
2016/10/24 9.15 9.15 9.08 9.15 
2016/10/25 9.10 9.15 9.09 9.11 
2016/10/26 9.10 9.15 9.09 9.12 
2016/10/27 9.07 9.14 9.07 9.10 
2016/10/28 9.10 9.10 9.07 9.09 
2016/10/31 9.09 9.09 9.06 9.08 
2016/11/01 9.07 9.12 9.05 9.11 
2016/11/02 9.10 9.11 9.07 9.08 
2016/11/03 9.08 9.09 9.04 9.08 
2016/11/04 9.07 9.08 9.06 9.06 
2016/11/07 9.06 9.08 9.04 9.06 
2016/11/08 9.06 9.09 9.06 9.07 
2016/11/09 9.07 9.07 8.96 8.96 
2016/11/10 9.05 9.05 9.01 9.04 
2016/11/11 9.08 9.09 9.05 9.08 
2016/11/14 9.09 9.10 9.06 9.07 
2016/11/15 9.08 9.23 9.06 9.20 
2016/11/16 9.20 9.29 9.20 9.21 
2016/11/17 9.21 9.24 9.20 9.23 
2016/11/18 9.22 9.27 9.22 9.27 
2016/11/21 9.27 9.27 9.16 9.24 
2016/11/22 9.21 9.24 9.18 9.22 
2016/11/23 9.20 9.22 9.18 9.20 
2016/11/24 9.20 9.23 9.18 9.23 
2016/11/25 9.22 9.22 9.16 9.21 
2016/11/28 9.22 9.26 9.22 9.22 
2016/11/29 9.23 9.25 9.23 9.24 
2016/11/30 9.23 9.27 9.20 9.27 
2016/12/01 9.27 9.36 9.27 9.35 
2016/12/02 9.36 9.36 9.29 9.31 
2016/12/05 9.30 9.30 9.26 9.26 
2016/12/06 9.26 9.29 9.26 9.27 
2016/12/07 9.27 9.30 9.23 9.25 
2016/12/08 9.25 9.30 9.25 9.30 
2016/12/09 9.30 9.32 9.26 9.28 
2016/12/12 9.28 9.28 9.22 9.22 
2016/12/13 9.25 9.25 9.18 9.23 
2016/12/14 9.25 9.25 9.20 9.24 
2016/12/15 9.25 9.26 9.22 9.22 
2016/12/16 9.21 9.25 9.15 9.17 
2016/12/19 9.17 9.18 9.11 9.12 
2016/12/20 9.12 9.17 9.12 9.14 
2016/12/21 9.14 9.15 9.09 9.10 
2016/12/22 9.10 9.10 9.06 9.08 
2016/12/23 9.08 9.08 9.04 9.08 
2016/12/26 9.05 9.11 9.05 9.07 
2016/12/27 9.07 9.10 9.06 9.07 
2016/12/28 9.10 9.10 9.07 9.09 
2016/12/29 9.06 9.18 9.06 9.12 
2016/12/30 9.12 9.18 9.10 9.12 
2017/01/03 9.13 9.15 9.13 9.15 
2017/01/04 9.15 9.15 9.09 9.13 
2017/01/05 9.12 9.20 9.12 9.19 
2017/01/06 9.19 9.20 9.15 9.15 
2017/01/09 9.15 9.17 9.11 9.17 
2017/01/10 9.12 9.17 9.12 9.17 
2017/01/11 9.19 9.19 9.14 9.14 
2017/01/12 9.19 9.19 9.15 9.18 
2017/01/13 9.21 9.21 9.15 9.17 
2017/01/16 9.17 9.18 9.11 9.16 
2017/01/17 9.15 9.15 9.11 9.12 
2017/01/18 9.12 9.19 9.10 9.19 
2017/01/19 9.12 9.15 9.12 9.13 
2017/01/20 9.12 9.19 9.10 9.18 
2017/01/23 9.19 9.19 9.15 9.19 
2017/01/24 9.19 9.19 9.13 9.16 
2017/02/02 9.18 9.21 9.16 9.21 
2017/02/03 9.19 9.30 9.19 9.24 
2017/02/06 9.30 9.39 9.30 9.38 
2017/02/07 9.38 9.39 9.34 9.36 
2017/02/08 9.36 9.59 9.36 9.47 
