2016/07/01 15.25 15.35 15.15 15.15 
2016/07/04 15.10 15.25 15.10 15.15 
2016/07/05 15.15 15.25 15.15 15.20 
2016/07/06 15.20 15.20 15.05 15.15 
2016/07/07 15.40 15.40 15.00 15.15 
2016/07/11 15.15 15.35 15.15 15.35 
2016/07/12 15.30 15.40 15.30 15.40 
2016/07/13 15.25 15.35 15.20 15.25 
2016/07/14 15.25 15.30 15.25 15.30 
2016/07/15 15.20 15.40 15.15 15.30 
2016/07/18 15.30 15.40 15.30 15.40 
2016/07/19 15.45 15.50 15.35 15.50 
2016/07/20 15.45 15.50 15.40 15.45 
2016/07/21 15.45 15.50 15.20 15.20 
2016/07/22 15.25 15.45 15.10 15.45 
2016/07/25 15.45 15.45 15.20 15.45 
2016/07/26 15.40 15.45 15.30 15.45 
2016/07/27 15.35 15.35 15.20 15.20 
2016/07/28 15.15 15.40 15.15 15.25 
2016/07/29 15.35 15.35 15.15 15.30 
2016/08/01 15.35 15.50 15.30 15.45 
2016/08/02 15.40 15.55 15.25 15.50 
2016/08/03 15.25 15.40 15.15 15.35 
2016/08/04 15.40 15.45 15.40 15.45 
2016/08/05 15.45 15.50 15.45 15.45 
2016/08/08 15.50 15.50 15.30 15.30 
2016/08/09 15.30 15.50 15.30 15.35 
2016/08/10 15.50 15.50 15.35 15.50 
2016/08/11 15.30 15.50 15.30 15.45 
2016/08/12 15.50 15.50 15.40 15.45 
2016/08/15 15.45 15.45 15.45 15.45 
2016/08/16 15.45 15.45 15.35 15.40 
2016/08/17 15.50 16.00 15.25 15.95 
2016/08/18 15.60 15.85 15.60 15.70 
2016/08/19 15.80 15.90 15.45 15.60 
2016/08/22 15.40 15.45 15.20 15.25 
2016/08/23 15.20 15.40 15.20 15.40 
2016/08/24 15.45 15.45 15.35 15.40 
2016/08/25 15.45 15.55 15.30 15.45 
2016/08/26 15.55 15.55 15.35 15.40 
2016/08/29 15.50 15.50 15.00 15.20 
2016/08/30 15.30 15.40 15.30 15.40 
2016/08/31 15.20 15.35 15.20 15.35 
2016/09/01 15.15 15.40 15.10 15.40 
2016/09/02 15.40 15.40 15.20 15.40 
2016/09/05 15.55 15.70 15.35 15.45 
2016/09/06 15.40 15.40 15.25 15.35 
2016/09/07 15.55 15.65 15.30 15.40 
2016/09/08 15.40 15.40 15.40 15.40 
2016/09/09 15.25 15.45 15.20 15.45 
2016/09/10 15.20 15.40 15.20 15.35 
2016/09/12 15.30 15.40 15.10 15.40 
2016/09/14 15.20 15.25 15.20 15.25 
2016/09/19 15.20 15.45 15.20 15.45 
2016/09/20 15.40 15.45 15.25 15.45 
2016/09/21 15.35 15.65 15.35 15.55 
2016/09/22 15.50 15.55 15.40 15.55 
2016/09/23 15.55 15.60 15.45 15.50 
2016/09/26 15.45 15.45 15.35 15.35 
2016/09/29 15.35 15.50 15.35 15.35 
2016/09/30 15.40 15.50 15.20 15.50 
2016/10/03 15.35 15.35 15.30 15.30 
2016/10/04 15.35 15.40 15.35 15.40 
2016/10/05 15.35 15.40 15.00 15.15 
2016/10/06 15.05 15.20 15.00 15.05 
2016/10/07 15.05 15.20 15.05 15.20 
2016/10/11 15.05 15.10 14.90 14.90 
2016/10/12 15.00 15.00 14.85 14.90 
2016/10/13 15.00 15.20 15.00 15.20 
2016/10/14 15.05 15.25 15.05 15.20 
2016/10/17 15.20 15.25 15.10 15.25 
2016/10/18 15.20 15.20 15.05 15.15 
2016/10/19 15.15 15.20 15.00 15.15 
2016/10/20 15.05 15.15 15.00 15.15 
2016/10/21 15.05 15.05 15.00 15.05 
2016/10/24 15.00 15.10 14.90 15.10 
2016/10/25 15.00 15.35 15.00 15.35 
2016/10/26 15.25 15.25 15.10 15.20 
2016/10/27 15.10 15.15 15.05 15.15 
2016/10/31 15.00 15.10 15.00 15.10 
2016/11/01 15.00 15.00 15.00 15.00 
2016/11/02 15.00 15.10 15.00 15.00 
2016/11/03 15.00 15.05 15.00 15.00 
2016/11/04 15.00 15.05 14.90 15.05 
2016/11/07 15.00 15.15 15.00 15.15 
2016/11/08 15.00 15.10 15.00 15.10 
2016/11/09 15.00 15.00 14.95 14.95 
2016/11/10 14.90 15.05 14.90 15.05 
2016/11/11 16.55 16.55 15.05 15.20 
2016/11/14 14.95 15.25 14.95 15.20 
2016/11/15 15.15 15.15 14.95 15.00 
2016/11/16 15.00 15.00 14.95 15.00 
2016/11/17 14.95 15.00 14.80 14.95 
2016/11/18 14.95 15.05 14.95 15.05 
2016/11/21 14.90 15.20 14.90 15.20 
2016/11/22 15.05 15.15 15.00 15.05 
2016/11/23 15.10 15.15 15.05 15.15 
2016/11/24 15.10 15.10 15.00 15.10 
2016/11/25 15.00 15.05 15.00 15.05 
2016/11/28 15.05 15.15 15.05 15.15 
2016/11/29 15.00 15.15 15.00 15.10 
2016/11/30 15.10 15.10 15.00 15.10 
2016/12/01 15.10 15.10 15.00 15.05 
2016/12/02 15.05 15.05 15.00 15.05 
2016/12/05 15.05 15.10 15.00 15.10 
2016/12/06 15.10 15.10 15.05 15.05 
2016/12/07 15.05 15.05 14.90 15.00 
2016/12/08 14.95 15.15 14.95 15.15 
2016/12/09 15.00 15.40 15.00 15.35 
2016/12/12 15.35 15.50 15.30 15.40 
2016/12/13 15.35 15.40 15.20 15.40 
2016/12/14 15.35 15.40 15.30 15.40 
2016/12/15 15.35 15.50 15.25 15.50 
2016/12/16 15.50 15.55 15.30 15.55 
2016/12/19 15.40 15.50 15.40 15.50 
2016/12/20 15.35 15.55 15.35 15.55 
2016/12/21 15.35 15.55 15.35 15.55 
2016/12/22 15.50 15.50 15.50 15.50 
2016/12/23 15.40 15.50 15.35 15.50 
2016/12/26 15.30 15.55 15.30 15.55 
2016/12/27 15.55 15.65 15.45 15.50 
2016/12/28 15.50 15.65 15.50 15.65 
2016/12/29 15.40 15.80 15.35 15.80 
2016/12/30 15.60 16.00 15.55 16.00 
2017/01/03 15.80 15.85 15.75 15.75 
2017/01/04 15.65 15.65 15.65 15.65 
2017/01/05 15.60 15.65 15.55 15.65 
2017/01/06 15.55 15.60 15.50 15.60 
2017/01/09 15.50 15.50 15.50 15.50 
2017/01/10 15.45 15.50 15.45 15.50 
2017/01/11 15.40 15.40 15.05 15.35 
2017/01/12 15.40 15.40 15.40 15.40 
2017/01/13 15.25 15.55 15.25 15.55 
2017/01/17 15.45 15.50 15.45 15.50 
2017/01/18 15.50 15.85 15.50 15.75 
2017/01/19 15.55 15.65 15.40 15.65 
2017/01/20 15.55 15.60 15.55 15.60 
2017/01/23 15.55 15.55 15.50 15.50 
2017/01/24 15.40 15.90 15.20 15.90 
2017/02/02 15.85 16.05 15.85 15.85 
2017/02/03 15.60 15.60 15.55 15.55 
2017/02/06 15.55 15.75 15.55 15.70 
2017/02/07 15.65 15.65 15.65 15.65 
2017/02/08 15.45 15.60 15.45 15.45 
