2016/07/01 21.10 21.20 20.25 21.05 
2016/07/04 21.05 21.20 20.80 20.85 
2016/07/05 20.65 20.70 20.30 20.35 
2016/07/06 20.35 20.80 20.30 20.45 
2016/07/07 20.50 20.60 20.30 20.45 
2016/07/11 20.55 20.80 20.40 20.45 
2016/07/12 20.45 20.70 20.35 20.45 
2016/07/13 20.60 20.60 20.20 20.30 
2016/07/14 20.35 20.50 20.25 20.40 
2016/07/15 20.35 20.60 20.20 20.25 
2016/07/18 20.30 20.75 20.20 20.75 
2016/07/19 20.75 20.85 20.50 20.70 
2016/07/20 20.75 20.75 20.55 20.70 
2016/07/21 20.85 20.85 20.50 20.50 
2016/07/22 20.40 20.50 20.15 20.20 
2016/07/25 20.20 20.30 20.00 20.05 
2016/07/26 20.05 20.35 20.05 20.15 
2016/07/27 20.25 20.40 20.10 20.10 
2016/07/28 20.15 20.55 20.05 20.05 
2016/07/29 20.10 20.20 20.00 20.05 
2016/08/01 20.05 20.50 20.05 20.15 
2016/08/02 20.35 20.40 20.15 20.20 
2016/08/03 20.15 20.40 20.10 20.10 
2016/08/04 20.15 20.30 20.00 20.05 
2016/08/05 20.25 20.25 20.00 20.10 
2016/08/08 20.20 20.20 20.00 20.05 
2016/08/09 20.30 20.30 20.00 20.00 
2016/08/10 20.05 20.15 19.95 19.95 
2016/08/11 19.95 20.25 19.80 20.25 
2016/08/12 20.15 20.25 20.05 20.10 
2016/08/15 20.05 20.10 19.80 20.00 
2016/08/16 19.90 20.00 19.50 19.70 
2016/08/17 19.70 19.70 19.10 19.30 
2016/08/18 19.25 19.80 19.25 19.80 
2016/08/19 19.90 19.90 19.50 19.50 
2016/08/22 19.50 19.60 19.30 19.35 
2016/08/23 19.35 19.50 19.35 19.40 
2016/08/24 19.30 19.70 19.30 19.40 
2016/08/25 19.50 19.65 19.40 19.45 
2016/08/26 19.50 19.55 19.35 19.50 
2016/08/29 19.50 19.60 19.35 19.35 
2016/08/30 19.45 19.45 19.25 19.25 
2016/08/31 19.25 19.60 19.25 19.25 
2016/09/01 19.30 19.35 19.05 19.10 
2016/09/02 19.00 19.15 18.75 18.75 
2016/09/05 18.80 19.00 18.70 18.80 
2016/09/06 18.80 19.10 18.60 19.10 
2016/09/07 19.10 19.10 18.80 18.85 
2016/09/08 18.85 19.00 18.75 18.80 
2016/09/09 19.00 19.00 18.65 18.70 
2016/09/10 18.50 18.70 18.45 18.55 
2016/09/12 18.55 18.60 18.45 18.50 
2016/09/13 18.50 18.65 18.40 18.45 
2016/09/14 18.50 18.60 18.40 18.60 
2016/09/19 18.50 18.60 18.40 18.45 
2016/09/20 18.45 18.45 18.20 18.30 
2016/09/21 18.30 18.30 18.05 18.20 
2016/09/22 18.25 18.30 18.15 18.15 
2016/09/23 18.20 18.25 18.05 18.10 
2016/09/26 18.10 18.15 18.00 18.05 
2016/09/29 18.15 18.15 18.00 18.00 
2016/09/30 18.00 18.10 17.80 17.80 
2016/10/03 17.80 17.90 17.50 17.60 
2016/10/04 17.60 17.60 17.40 17.50 
2016/10/05 17.45 18.95 17.45 18.30 
2016/10/06 18.50 18.50 18.00 18.15 
2016/10/07 18.15 18.15 17.90 18.00 
2016/10/11 18.00 18.15 17.75 17.80 
2016/10/12 17.80 17.85 17.65 17.70 
2016/10/13 17.70 18.10 17.70 17.95 
2016/10/14 18.05 18.10 17.75 17.85 
2016/10/17 17.85 17.90 17.75 17.80 
2016/10/18 17.85 17.95 17.85 17.85 
2016/10/19 18.00 18.05 17.85 18.00 
2016/10/20 18.20 18.75 18.00 18.30 
2016/10/21 18.30 18.50 18.25 18.40 
2016/10/24 18.40 18.40 18.05 18.10 
2016/10/25 18.10 18.10 17.95 17.95 
2016/10/26 18.00 18.05 17.90 17.90 
2016/10/27 17.90 18.10 17.90 17.90 
2016/10/28 17.90 17.95 17.85 17.90 
2016/10/31 17.90 18.05 17.85 17.90 
2016/11/01 17.90 18.35 17.90 18.05 
2016/11/02 18.05 18.10 17.75 17.75 
2016/11/03 17.65 17.75 17.50 17.50 
2016/11/04 17.55 17.75 17.50 17.60 
2016/11/07 17.55 17.70 17.50 17.55 
2016/11/08 17.55 17.65 17.45 17.50 
2016/11/09 17.55 17.80 17.25 17.35 
2016/11/10 17.40 17.75 17.40 17.65 
2016/11/11 17.60 17.60 17.35 17.40 
2016/11/14 17.50 17.50 17.25 17.30 
2016/11/15 17.35 18.05 17.35 18.00 
2016/11/16 18.10 18.10 17.80 17.90 
2016/11/17 17.90 17.90 17.60 17.70 
2016/11/18 17.80 18.00 17.80 17.95 
2016/11/21 17.95 17.95 17.80 17.90 
2016/11/22 18.00 18.15 18.00 18.05 
2016/11/23 18.10 18.10 17.85 18.00 
2016/11/24 17.90 18.05 17.90 17.90 
2016/11/25 17.95 18.00 17.80 17.80 
2016/11/28 17.90 18.00 17.80 17.95 
2016/11/29 17.95 18.05 17.90 17.95 
2016/11/30 17.95 18.30 17.90 18.05 
2016/12/01 18.20 18.25 18.05 18.15 
2016/12/02 18.15 18.25 18.05 18.20 
2016/12/05 18.20 18.25 18.15 18.15 
2016/12/06 18.25 18.25 18.05 18.15 
2016/12/07 18.10 18.20 18.05 18.15 
2016/12/08 18.15 18.20 18.05 18.15 
2016/12/09 18.10 18.20 18.10 18.10 
2016/12/12 18.10 18.20 18.10 18.20 
2016/12/13 18.15 18.20 18.05 18.15 
2016/12/14 18.15 18.15 18.00 18.00 
2016/12/15 18.00 18.10 17.85 17.90 
2016/12/16 17.90 17.95 17.85 17.85 
2016/12/19 17.80 17.90 17.65 17.70 
2016/12/20 17.70 17.80 17.65 17.65 
2016/12/21 17.65 17.80 17.60 17.65 
2016/12/22 17.65 17.65 17.25 17.25 
2016/12/23 17.25 17.40 16.75 17.20 
2016/12/26 17.20 17.45 17.20 17.40 
2016/12/27 17.40 17.40 17.20 17.20 
2016/12/28 17.35 17.35 17.20 17.30 
2016/12/29 17.40 17.40 17.30 17.35 
2016/12/30 17.35 17.55 17.35 17.50 
2017/01/03 17.55 17.70 17.55 17.65 
2017/01/04 17.65 17.70 17.40 17.45 
2017/01/05 17.45 17.50 17.40 17.50 
2017/01/06 17.50 17.60 17.40 17.45 
2017/01/09 17.40 17.60 17.40 17.55 
2017/01/10 17.55 17.55 17.35 17.40 
2017/01/11 17.45 18.10 17.45 18.00 
2017/01/12 18.00 18.30 18.00 18.10 
2017/01/13 18.10 18.10 17.65 17.80 
2017/01/16 17.80 17.80 17.65 17.65 
2017/01/17 17.70 17.90 17.70 17.90 
2017/01/18 17.90 17.95 17.80 17.85 
2017/01/19 17.90 18.40 17.90 18.40 
2017/01/20 18.40 18.45 18.30 18.30 
2017/01/23 18.25 18.35 18.25 18.25 
2017/01/24 18.20 18.45 18.20 18.35 
2017/02/02 18.40 18.65 18.30 18.55 
2017/02/03 18.65 20.35 18.65 19.90 
2017/02/06 20.05 20.40 19.90 20.20 
2017/02/07 20.05 20.10 19.65 19.80 
2017/02/08 19.80 20.00 19.65 19.70 
