2016/07/01 30.00 30.25 29.55 29.90 
2016/07/04 29.85 30.40 29.70 29.95 
2016/07/05 29.95 30.70 28.85 29.25 
2016/07/06 29.15 29.15 28.55 28.75 
2016/07/07 29.35 29.50 29.05 29.40 
2016/07/11 30.00 30.00 29.40 29.60 
2016/07/12 29.35 30.00 29.35 29.90 
2016/07/13 30.00 30.20 29.40 29.50 
2016/07/14 29.40 29.45 29.00 29.00 
2016/07/15 29.00 29.05 28.40 28.40 
2016/07/18 28.05 28.80 28.00 28.80 
2016/07/19 29.00 29.00 28.35 28.95 
2016/07/20 28.55 28.80 28.40 28.45 
2016/07/21 28.45 28.60 28.30 28.30 
2016/07/22 28.30 28.30 26.45 26.45 
2016/07/25 26.55 26.85 25.75 26.10 
2016/07/26 26.40 26.80 26.15 26.80 
2016/07/27 27.35 27.50 27.05 27.30 
2016/07/28 27.30 27.50 26.85 26.90 
2016/07/29 27.05 27.40 26.85 27.05 
2016/08/01 27.20 27.30 27.00 27.10 
2016/08/02 27.20 27.80 27.20 27.60 
2016/08/03 27.50 27.60 27.05 27.20 
2016/08/04 27.50 28.05 27.35 27.75 
2016/08/05 27.85 28.20 27.50 27.55 
2016/08/08 27.55 27.75 27.05 27.25 
2016/08/09 27.10 27.20 26.25 26.30 
2016/08/10 26.30 26.85 26.10 26.70 
2016/08/11 27.25 28.80 27.15 28.80 
2016/08/12 29.05 29.05 28.60 28.80 
2016/08/15 28.50 28.70 28.05 28.40 
2016/08/16 28.50 28.55 28.05 28.15 
2016/08/17 28.35 28.75 28.15 28.30 
2016/08/18 28.15 28.30 28.05 28.05 
2016/08/19 28.05 28.25 28.00 28.00 
2016/08/22 28.00 28.00 27.15 27.20 
2016/08/23 27.45 27.95 27.30 27.80 
2016/08/24 27.80 28.30 27.65 28.05 
2016/08/25 27.90 28.20 27.90 28.15 
2016/08/26 27.45 27.75 27.40 27.40 
2016/08/29 27.25 27.30 26.80 26.95 
2016/08/30 27.10 27.20 26.95 27.00 
2016/08/31 27.00 27.20 26.70 26.95 
2016/09/01 26.85 26.90 26.40 26.80 
2016/09/02 26.70 26.85 26.45 26.50 
2016/09/05 26.60 26.85 26.55 26.65 
2016/09/06 26.80 26.80 26.50 26.80 
2016/09/07 26.80 27.35 26.70 27.20 
2016/09/08 27.20 27.25 27.00 27.10 
2016/09/09 27.00 27.00 26.75 26.85 
2016/09/10 26.65 26.85 26.50 26.70 
2016/09/12 26.80 26.90 26.55 26.55 
2016/09/13 26.80 26.85 26.50 26.50 
2016/09/14 26.50 26.55 26.20 26.55 
2016/09/19 26.50 26.95 26.50 26.85 
2016/09/20 26.85 26.95 26.70 26.75 
2016/09/21 26.75 27.25 26.75 27.25 
2016/09/22 27.40 27.70 27.20 27.55 
2016/09/23 27.70 27.75 27.45 27.45 
2016/09/26 27.45 27.65 27.20 27.20 
2016/09/29 27.25 27.70 27.25 27.45 
2016/09/30 27.40 27.50 27.10 27.10 
2016/10/03 27.10 27.35 27.05 27.20 
2016/10/04 27.25 27.35 27.10 27.25 
2016/10/05 27.25 27.60 27.15 27.50 
2016/10/06 27.40 27.40 27.15 27.20 
2016/10/07 27.30 27.40 27.15 27.40 
2016/10/11 27.35 27.35 26.10 26.85 
2016/10/12 26.60 26.95 26.55 26.95 
2016/10/13 27.00 27.35 26.85 27.10 
2016/10/14 26.80 28.15 26.80 27.65 
2016/10/17 28.05 28.90 27.90 28.70 
2016/10/18 29.10 29.35 28.50 28.50 
2016/10/19 29.00 29.60 28.65 29.30 
2016/10/20 29.30 29.45 28.95 29.20 
2016/10/21 29.20 29.45 29.00 29.05 
2016/10/24 29.15 29.80 28.75 28.75 
2016/10/25 28.95 29.00 28.50 28.95 
2016/10/26 28.90 29.15 28.80 29.00 
2016/10/27 29.25 29.90 29.00 29.15 
2016/10/28 29.25 29.90 29.00 29.20 
2016/10/31 29.20 29.20 28.60 28.75 
2016/11/01 28.75 28.95 28.50 28.80 
2016/11/02 28.60 28.65 28.00 28.05 
2016/11/03 27.70 27.95 27.50 27.65 
2016/11/04 27.90 27.90 27.55 27.60 
2016/11/07 27.80 28.45 27.80 28.25 
2016/11/08 28.50 28.55 28.00 28.25 
2016/11/09 28.25 28.45 27.10 27.30 
2016/11/10 27.85 28.25 27.80 28.00 
2016/11/11 28.40 29.65 28.20 29.30 
2016/11/14 29.10 29.75 29.00 29.35 
2016/11/15 29.35 29.70 28.95 29.60 
2016/11/16 29.65 29.80 29.40 29.60 
2016/11/17 30.00 30.65 29.75 29.80 
2016/11/18 29.95 29.95 29.30 29.90 
2016/11/21 30.05 30.15 29.90 30.00 
2016/11/22 30.40 31.25 30.35 30.95 
2016/11/23 31.00 31.15 30.45 30.50 
2016/11/24 30.45 30.85 30.25 30.50 
2016/11/25 30.50 30.60 30.00 30.05 
2016/11/28 30.05 30.30 29.70 30.20 
2016/11/29 29.85 30.15 29.85 30.00 
2016/11/30 29.80 29.80 29.30 29.45 
2016/12/01 29.20 29.45 29.05 29.25 
2016/12/02 29.15 29.15 28.70 28.85 
2016/12/05 28.95 29.00 28.45 28.55 
2016/12/06 28.70 29.15 28.65 28.85 
2016/12/07 29.00 29.10 28.90 29.05 
2016/12/08 29.20 29.20 28.90 29.00 
2016/12/09 29.10 29.10 28.70 28.70 
2016/12/12 29.00 29.35 29.00 29.05 
2016/12/13 29.10 29.15 28.95 28.95 
2016/12/14 29.00 29.15 28.80 28.80 
2016/12/15 28.80 28.90 28.55 28.70 
2016/12/16 28.65 28.75 28.50 28.50 
2016/12/19 28.50 28.80 28.45 28.50 
2016/12/20 28.70 28.80 28.50 28.60 
2016/12/21 28.60 28.65 28.30 28.30 
2016/12/22 28.30 28.30 27.85 27.95 
2016/12/23 27.85 28.20 27.80 27.95 
2016/12/26 28.00 28.25 27.90 28.00 
2016/12/27 28.00 28.20 28.00 28.10 
2016/12/28 28.15 28.35 28.15 28.25 
2016/12/29 28.20 28.80 28.20 28.60 
2016/12/30 28.85 29.20 28.75 29.10 
2017/01/03 29.20 29.50 29.10 29.15 
2017/01/04 29.30 29.50 28.85 29.10 
2017/01/05 29.20 29.30 28.95 29.00 
2017/01/06 29.00 29.10 28.75 28.80 
2017/01/09 28.85 29.00 28.35 28.40 
2017/01/10 28.40 28.65 28.10 28.25 
2017/01/11 28.60 28.75 28.40 28.50 
2017/01/12 28.60 28.85 28.40 28.50 
2017/01/13 28.60 28.60 28.35 28.50 
2017/01/16 28.50 28.50 28.20 28.25 
2017/01/17 28.30 28.50 28.20 28.40 
2017/01/18 28.50 29.00 28.40 28.75 
2017/01/19 28.95 28.95 28.55 28.70 
2017/01/20 28.70 28.90 28.55 28.80 
2017/01/23 28.95 28.95 28.75 28.75 
2017/01/24 28.80 29.00 28.75 28.80 
2017/02/02 28.95 29.15 28.90 28.95 
2017/02/03 29.00 29.20 29.00 29.20 
2017/02/06 29.40 29.40 29.10 29.30 
2017/02/07 29.20 29.35 29.05 29.30 
2017/02/08 29.30 29.35 29.00 29.10 
