2016/07/01 19.05 19.20 18.90 19.05 
2016/07/04 19.10 19.15 18.85 18.90 
2016/07/05 18.80 19.00 18.80 18.85 
2016/07/06 18.70 18.70 18.40 18.55 
2016/07/07 18.70 18.70 18.40 18.45 
2016/07/11 18.50 18.60 18.50 18.55 
2016/07/12 18.65 18.70 18.50 18.50 
2016/07/13 18.50 18.75 18.45 18.65 
2016/07/14 18.80 18.80 18.00 18.65 
2016/07/15 18.60 18.75 18.50 18.55 
2016/07/18 18.60 19.10 18.60 19.10 
2016/07/19 17.40 17.60 17.40 17.55 
2016/07/20 17.55 17.55 17.40 17.40 
2016/07/21 17.50 17.55 17.35 17.40 
2016/07/22 17.40 17.45 17.25 17.40 
2016/07/25 17.50 17.50 17.25 17.35 
2016/07/26 17.10 17.35 17.05 17.30 
2016/07/27 17.35 17.35 17.15 17.15 
2016/07/28 17.40 17.40 17.10 17.35 
2016/07/29 17.25 17.35 17.15 17.15 
2016/08/01 17.30 17.35 17.10 17.30 
2016/08/02 17.25 17.40 17.15 17.30 
2016/08/03 17.30 17.30 17.20 17.20 
2016/08/04 17.30 17.60 17.25 17.45 
2016/08/05 17.50 17.50 17.35 17.45 
2016/08/08 17.45 17.45 17.20 17.35 
2016/08/09 17.20 17.35 17.05 17.10 
2016/08/10 17.10 17.20 17.00 17.00 
2016/08/11 17.15 17.20 16.90 16.95 
2016/08/12 16.95 17.00 16.90 16.90 
2016/08/15 16.80 16.80 16.55 16.55 
2016/08/16 16.55 16.60 16.20 16.40 
2016/08/17 16.40 16.40 16.20 16.20 
2016/08/18 16.30 16.35 16.10 16.35 
2016/08/19 16.35 16.45 16.20 16.35 
2016/08/22 16.25 16.35 16.20 16.20 
2016/08/23 16.25 16.35 16.15 16.20 
2016/08/24 16.35 16.35 16.05 16.20 
2016/08/25 16.10 16.25 16.05 16.25 
2016/08/26 16.20 16.25 16.10 16.25 
2016/08/29 16.05 16.25 16.05 16.05 
2016/08/30 16.05 16.05 16.00 16.00 
2016/08/31 16.05 16.05 15.80 16.00 
2016/09/01 16.00 16.00 15.85 16.00 
2016/09/02 16.00 16.00 15.85 15.90 
2016/09/05 16.00 16.00 15.85 15.95 
2016/09/06 16.00 16.10 16.00 16.10 
2016/09/07 16.30 16.30 16.00 16.00 
2016/09/08 16.00 16.00 15.95 15.95 
2016/09/09 15.90 16.10 15.90 16.10 
2016/09/10 16.00 16.00 15.80 15.80 
2016/09/12 15.80 15.90 15.40 15.85 
2016/09/13 15.75 15.85 15.50 15.70 
2016/09/14 15.70 15.85 15.45 15.65 
2016/09/19 15.70 15.70 15.35 15.40 
2016/09/20 15.25 15.30 15.00 15.10 
2016/09/21 15.00 15.30 15.00 15.25 
2016/09/22 15.25 15.25 15.10 15.10 
2016/09/23 15.10 15.10 15.00 15.10 
2016/09/26 15.00 15.10 14.90 15.05 
2016/09/29 15.20 15.20 14.90 15.10 
2016/09/30 15.05 15.15 14.95 15.00 
2016/10/03 15.00 15.10 15.00 15.05 
2016/10/04 15.00 15.15 15.00 15.10 
2016/10/05 15.20 15.20 15.05 15.20 
2016/10/06 15.20 15.25 15.20 15.25 
2016/10/07 15.25 15.30 15.20 15.30 
2016/10/11 15.15 15.30 15.15 15.20 
2016/10/12 15.05 15.20 15.05 15.20 
2016/10/13 15.20 15.25 15.15 15.25 
2016/10/14 15.20 15.20 15.00 15.05 
2016/10/17 15.20 15.20 14.90 15.20 
2016/10/18 15.20 15.20 15.00 15.20 
2016/10/19 15.25 15.35 15.10 15.25 
2016/10/20 15.40 15.40 15.20 15.20 
2016/10/21 15.20 15.30 15.15 15.20 
2016/10/24 15.20 15.25 15.20 15.25 
2016/10/25 15.35 15.35 15.25 15.30 
2016/10/26 15.30 15.35 15.30 15.30 
2016/10/27 15.30 15.45 15.30 15.45 
2016/10/28 15.50 16.45 15.50 16.10 
2016/10/31 15.95 15.95 15.75 15.90 
2016/11/01 16.10 16.50 16.00 16.40 
2016/11/02 16.40 16.60 16.20 16.30 
2016/11/03 16.30 16.35 15.80 15.90 
2016/11/04 16.10 16.30 16.00 16.25 
2016/11/07 16.25 16.40 16.05 16.30 
2016/11/08 16.40 16.45 16.20 16.40 
2016/11/09 16.45 16.50 16.00 16.30 
2016/11/10 16.30 16.40 16.30 16.40 
2016/11/11 16.20 16.25 16.10 16.25 
2016/11/14 16.25 16.30 16.15 16.30 
2016/11/15 16.35 16.35 16.20 16.35 
2016/11/16 16.25 16.30 16.15 16.30 
2016/11/17 16.40 16.40 16.20 16.35 
2016/11/18 16.30 16.30 16.10 16.15 
2016/11/21 16.35 16.35 16.20 16.25 
2016/11/22 16.30 16.45 16.20 16.45 
2016/11/23 16.45 16.45 16.30 16.45 
2016/11/24 16.50 16.90 16.50 16.75 
2016/11/25 16.75 16.80 16.40 16.50 
2016/11/28 16.50 16.75 16.50 16.60 
2016/11/29 16.40 16.75 16.40 16.60 
2016/11/30 16.50 16.70 16.40 16.70 
2016/12/01 16.70 16.75 16.55 16.70 
2016/12/02 16.70 16.95 16.70 16.90 
2016/12/05 17.15 17.15 16.60 16.95 
2016/12/06 17.10 17.10 16.80 16.95 
2016/12/07 17.05 17.05 16.80 16.85 
2016/12/08 16.90 17.10 16.45 17.00 
2016/12/09 17.00 17.00 16.55 17.00 
2016/12/12 16.95 16.95 16.70 16.85 
2016/12/13 17.10 17.10 16.80 16.80 
2016/12/14 17.00 17.00 16.80 16.85 
2016/12/15 16.85 16.95 16.60 16.75 
2016/12/16 16.70 16.75 16.70 16.70 
2016/12/19 16.80 16.85 16.25 16.40 
2016/12/20 16.80 16.80 16.30 16.55 
2016/12/21 16.90 16.90 16.60 16.65 
2016/12/22 16.65 16.75 16.65 16.65 
2016/12/23 16.90 16.90 16.60 16.65 
2016/12/26 16.75 16.75 16.60 16.70 
2016/12/27 16.80 16.80 16.65 16.65 
2016/12/28 16.50 16.85 16.50 16.80 
2016/12/29 16.75 16.95 16.60 16.80 
2016/12/30 16.60 16.90 16.60 16.80 
2017/01/03 16.60 16.80 16.60 16.80 
2017/01/04 16.70 16.80 16.60 16.80 
2017/01/05 16.95 17.00 16.80 16.80 
2017/01/06 16.90 16.90 16.70 16.85 
2017/01/09 16.95 16.95 16.60 16.80 
2017/01/10 16.70 16.75 16.60 16.75 
2017/01/11 16.80 16.80 16.70 16.80 
2017/01/12 16.80 16.80 16.65 16.75 
2017/01/13 16.85 16.85 16.65 16.80 
2017/01/16 16.80 16.90 16.75 16.80 
2017/01/17 16.80 16.85 16.75 16.85 
2017/01/18 16.90 16.90 16.70 16.90 
2017/01/19 16.90 16.95 16.85 16.85 
2017/01/20 16.85 17.00 16.85 16.90 
2017/01/23 16.90 17.00 16.90 17.00 
2017/01/24 17.00 17.10 17.00 17.05 
2017/02/02 17.10 17.45 17.10 17.45 
2017/02/03 17.50 17.50 16.80 17.30 
2017/02/06 17.10 17.45 17.00 17.30 
2017/02/07 17.20 17.35 17.10 17.35 
2017/02/08 17.35 17.35 17.15 17.30 
