2016/07/01 37.40 38.75 37.35 38.75 
2016/07/04 39.00 41.35 38.90 41.35 
2016/07/05 39.70 40.45 38.30 38.30 
2016/07/06 37.95 38.00 37.10 37.30 
2016/07/07 37.95 38.30 37.55 37.55 
2016/07/11 37.80 37.90 37.20 37.20 
2016/07/12 37.00 37.90 36.90 37.65 
2016/07/13 38.00 38.00 36.95 37.15 
2016/07/14 37.00 37.30 36.40 36.40 
2016/07/15 36.40 36.60 35.60 36.15 
2016/07/18 36.00 36.35 35.70 36.00 
2016/07/19 36.00 36.75 35.75 36.30 
2016/07/20 36.30 36.80 35.90 36.40 
2016/07/21 36.50 36.80 36.45 36.50 
2016/07/22 36.50 36.50 35.35 35.35 
2016/07/25 35.35 35.60 34.30 34.55 
2016/07/26 34.55 36.35 34.35 36.20 
2016/07/27 36.80 37.95 36.65 37.65 
2016/07/28 37.80 37.90 36.50 37.25 
2016/07/29 37.25 37.90 36.90 37.00 
2016/08/01 37.15 37.70 36.95 37.35 
2016/08/02 38.50 38.80 37.80 38.70 
2016/08/03 38.50 38.50 38.00 38.30 
2016/08/04 38.85 38.90 38.35 38.60 
2016/08/05 39.00 39.10 38.60 38.65 
2016/08/08 38.80 38.90 37.80 38.00 
2016/08/09 38.00 38.45 37.70 37.80 
2016/08/10 38.10 38.30 37.80 38.30 
2016/08/11 38.60 40.20 38.35 39.35 
2016/08/12 39.80 39.80 38.95 39.50 
2016/08/15 39.50 39.70 38.95 39.20 
2016/08/16 39.25 39.35 38.70 38.90 
2016/08/17 39.00 39.40 38.50 38.90 
2016/08/18 38.90 39.10 38.70 38.95 
2016/08/19 39.00 39.30 38.65 38.85 
2016/08/22 38.55 38.60 37.95 38.00 
2016/08/23 37.85 39.30 37.60 39.00 
2016/08/24 39.30 39.40 38.80 39.10 
2016/08/25 39.00 39.30 38.60 38.95 
2016/08/26 38.95 39.00 38.65 38.95 
2016/08/29 38.95 38.95 38.15 38.40 
2016/08/30 38.60 38.60 38.10 38.40 
2016/08/31 38.40 39.30 38.10 38.90 
2016/09/01 39.05 39.25 38.60 39.10 
2016/09/02 39.20 39.50 38.70 38.95 
2016/09/05 39.00 39.25 38.85 38.85 
2016/09/06 38.60 38.75 38.05 38.55 
2016/09/07 38.80 38.80 38.50 38.55 
2016/09/08 38.45 38.65 38.15 38.55 
2016/09/09 38.40 38.40 38.15 38.40 
2016/09/10 38.00 39.20 37.90 38.90 
2016/09/12 39.10 39.15 38.60 38.85 
2016/09/13 39.00 39.00 38.25 38.25 
2016/09/14 38.15 38.25 36.95 37.30 
2016/09/19 37.20 37.80 37.15 37.45 
2016/09/20 37.00 37.80 37.00 37.65 
2016/09/21 37.65 37.95 37.40 37.80 
2016/09/22 37.85 38.65 37.80 38.20 
2016/09/23 38.30 38.40 37.80 38.15 
2016/09/26 38.00 38.00 37.75 37.80 
2016/09/29 38.00 38.10 37.75 38.00 
2016/09/30 37.80 37.90 37.40 37.75 
2016/10/03 37.80 38.05 37.75 37.85 
2016/10/04 37.50 37.95 37.50 37.85 
2016/10/05 37.70 37.80 37.55 37.55 
2016/10/06 37.55 37.85 37.55 37.70 
2016/10/07 37.55 37.70 37.50 37.60 
2016/10/11 37.60 38.10 37.25 37.90 
2016/10/12 37.60 38.20 37.60 38.00 
2016/10/13 38.00 39.20 37.85 39.20 
2016/10/14 39.70 41.80 39.50 41.45 
2016/10/17 41.70 44.90 41.65 44.60 
2016/10/18 44.85 45.00 43.50 44.90 
2016/10/19 44.95 47.75 44.20 47.00 
2016/10/20 46.75 47.35 46.00 46.40 
2016/10/21 46.10 47.10 46.00 46.55 
2016/10/24 47.00 48.50 46.05 46.05 
2016/10/25 46.00 46.60 44.60 46.20 
2016/10/26 46.55 46.90 45.85 46.45 
2016/10/27 46.50 46.75 45.70 46.65 
2016/10/28 47.50 49.80 46.05 46.05 
2016/10/31 45.70 45.70 44.70 44.95 
2016/11/01 44.55 45.50 44.50 45.00 
2016/11/02 44.65 44.65 43.80 43.80 
2016/11/03 43.75 44.25 42.50 42.95 
2016/11/04 42.70 43.50 42.70 42.85 
2016/11/07 43.60 45.90 43.35 45.30 
2016/11/08 45.45 45.95 44.80 45.10 
2016/11/09 45.10 45.35 43.50 43.90 
2016/11/10 44.80 45.20 44.05 44.30 
2016/11/11 44.45 44.60 43.70 44.40 
2016/11/14 44.30 44.30 42.90 43.85 
2016/11/15 44.40 44.60 43.70 43.85 
2016/11/16 44.15 44.50 44.15 44.15 
2016/11/17 44.40 44.45 43.75 44.10 
2016/11/18 44.30 44.40 43.60 43.65 
2016/11/21 43.20 43.95 43.20 43.95 
2016/11/22 44.20 47.45 44.20 47.30 
2016/11/23 47.30 48.50 46.40 47.30 
2016/11/24 47.50 47.75 46.80 46.80 
2016/11/25 46.70 47.20 46.00 46.20 
2016/11/28 46.05 46.60 46.00 46.10 
2016/11/29 46.00 46.55 45.65 46.35 
2016/11/30 46.20 46.35 45.65 45.90 
2016/12/01 45.95 46.30 45.70 45.75 
2016/12/02 45.60 45.60 45.00 45.10 
2016/12/05 45.00 45.00 44.20 44.35 
2016/12/06 44.50 46.00 44.50 45.85 
2016/12/07 46.10 46.35 45.65 45.95 
2016/12/08 46.35 46.35 45.50 45.70 
2016/12/09 46.20 46.55 46.00 46.25 
2016/12/12 46.45 46.45 45.50 45.65 
2016/12/13 45.55 45.55 45.15 45.15 
2016/12/14 45.50 45.60 45.15 45.15 
2016/12/15 45.15 45.30 44.65 45.15 
2016/12/16 45.05 45.05 44.75 44.75 
2016/12/19 44.80 46.20 44.50 45.20 
2016/12/20 45.20 45.95 45.00 45.65 
2016/12/21 45.85 46.05 44.80 45.00 
2016/12/22 44.90 45.10 44.60 44.70 
2016/12/23 44.60 44.80 44.40 44.55 
2016/12/26 44.75 44.90 44.15 44.30 
2016/12/27 44.55 45.00 44.05 44.20 
2016/12/28 44.20 44.60 44.10 44.35 
2016/12/29 44.35 44.65 44.35 44.55 
2016/12/30 44.75 45.20 44.65 44.85 
2017/01/03 45.00 46.60 45.00 46.25 
2017/01/04 46.70 48.50 46.50 47.75 
2017/01/05 48.20 48.30 47.15 47.85 
2017/01/06 48.25 48.50 47.80 48.00 
2017/01/09 48.00 48.45 47.25 47.60 
2017/01/10 47.50 47.80 46.55 46.95 
2017/01/11 47.70 48.35 47.35 47.40 
2017/01/12 47.90 48.30 47.55 47.55 
2017/01/13 47.95 47.95 47.50 47.70 
2017/01/16 47.60 47.65 46.90 47.00 
2017/01/17 47.45 47.50 46.85 47.00 
2017/01/18 47.30 49.70 47.25 49.25 
2017/01/19 49.00 49.00 47.45 47.50 
2017/01/20 47.50 47.75 46.40 46.50 
2017/01/23 46.95 47.05 46.60 47.00 
2017/01/24 47.00 47.20 46.40 46.50 
2017/02/02 46.60 46.75 46.30 46.60 
2017/02/03 46.65 47.35 46.40 47.20 
2017/02/06 47.35 47.40 46.85 47.00 
2017/02/07 47.00 48.15 46.85 48.00 
2017/02/08 48.00 48.50 47.40 47.65 
