2016/07/01 8.16 8.21 8.13 8.15 
2016/07/04 8.15 8.23 8.15 8.16 
2016/07/05 8.16 8.22 8.15 8.18 
2016/07/06 8.20 8.20 8.11 8.11 
2016/07/07 8.12 8.19 8.12 8.17 
2016/07/11 8.20 8.20 8.13 8.14 
2016/07/12 8.15 8.21 8.14 8.14 
2016/07/13 8.11 8.17 8.11 8.16 
2016/07/14 8.13 8.18 8.13 8.17 
2016/07/15 8.19 8.19 8.15 8.16 
2016/07/18 8.18 8.22 8.18 8.20 
2016/07/19 8.21 8.27 8.17 8.23 
2016/07/20 8.23 8.28 8.18 8.21 
2016/07/21 8.22 8.26 8.19 8.21 
2016/07/22 8.19 8.20 8.14 8.18 
2016/07/25 8.23 8.25 8.17 8.18 
2016/07/26 8.18 8.20 8.14 8.18 
2016/07/27 8.20 8.27 8.19 8.20 
2016/07/28 8.20 8.23 8.18 8.18 
2016/07/29 8.23 8.23 8.14 8.16 
2016/08/01 8.17 8.23 8.17 8.20 
2016/08/02 8.25 8.25 8.15 8.19 
2016/08/03 8.18 8.22 8.13 8.20 
2016/08/04 8.29 8.45 8.28 8.34 
2016/08/05 8.38 8.43 8.30 8.34 
2016/08/08 8.35 8.40 8.27 8.30 
2016/08/09 8.31 8.33 8.20 8.22 
2016/08/10 8.23 8.24 8.19 8.20 
2016/08/11 8.17 8.24 8.12 8.15 
2016/08/12 8.15 8.17 8.09 8.12 
2016/08/15 8.13 8.14 8.04 8.07 
2016/08/16 8.07 8.10 8.01 8.03 
2016/08/17 8.03 8.03 7.96 8.00 
2016/08/18 8.00 8.09 7.98 8.06 
2016/08/19 8.02 8.08 8.01 8.01 
2016/08/22 8.01 8.08 7.97 7.99 
2016/08/23 8.07 8.07 7.97 8.00 
2016/08/24 7.92 8.04 7.92 7.96 
2016/08/25 8.00 8.00 7.90 7.92 
2016/08/26 7.92 7.99 7.92 7.99 
2016/08/29 8.02 8.06 7.91 7.99 
2016/08/30 8.01 8.06 8.00 8.01 
2016/08/31 8.02 8.03 8.00 8.02 
2016/09/01 8.02 8.04 7.99 8.00 
2016/09/02 8.00 8.00 7.92 7.92 
2016/09/05 7.99 7.99 7.93 7.95 
2016/09/06 7.97 7.97 7.93 7.95 
2016/09/07 7.90 7.94 7.89 7.91 
2016/09/08 7.91 7.92 7.86 7.90 
2016/09/09 7.90 7.93 7.86 7.88 
2016/09/10 7.86 7.86 7.79 7.82 
2016/09/12 7.82 7.82 7.72 7.72 
2016/09/13 7.72 7.75 7.64 7.65 
2016/09/14 7.70 7.71 7.62 7.71 
2016/09/19 7.75 7.78 7.72 7.74 
2016/09/20 7.74 7.81 7.74 7.81 
2016/09/21 7.81 7.98 7.81 7.98 
2016/09/22 8.00 8.02 7.89 7.97 
2016/09/23 7.89 7.95 7.85 7.94 
2016/09/26 7.87 7.94 7.87 7.93 
2016/09/29 7.98 8.04 7.90 7.94 
2016/09/30 7.87 7.92 7.86 7.86 
2016/10/03 7.87 7.92 7.87 7.88 
2016/10/04 7.90 7.90 7.84 7.86 
2016/10/05 7.90 7.90 7.82 7.84 
2016/10/06 7.84 7.88 7.82 7.85 
2016/10/07 7.89 7.89 7.80 7.85 
2016/10/11 7.86 7.89 7.70 7.73 
2016/10/12 7.73 7.73 7.59 7.62 
2016/10/13 7.62 7.65 7.54 7.62 
2016/10/14 7.60 7.65 7.50 7.65 
2016/10/17 7.61 7.61 7.50 7.54 
2016/10/18 7.54 7.59 7.51 7.57 
2016/10/19 7.56 7.61 7.53 7.59 
2016/10/20 7.62 7.62 7.56 7.62 
2016/10/21 7.65 7.65 7.60 7.61 
2016/10/24 7.60 7.61 7.56 7.57 
2016/10/25 7.56 7.57 7.54 7.54 
2016/10/26 7.50 7.58 7.50 7.52 
2016/10/27 7.50 7.61 7.50 7.55 
2016/10/28 7.55 7.60 7.53 7.54 
2016/10/31 7.54 7.54 7.50 7.53 
2016/11/01 7.51 7.52 7.48 7.49 
2016/11/02 7.48 7.48 7.35 7.36 
2016/11/03 7.36 7.40 7.30 7.31 
2016/11/04 7.26 7.31 7.25 7.28 
2016/11/07 7.23 7.32 7.23 7.26 
2016/11/08 7.30 7.38 7.30 7.30 
2016/11/09 7.27 7.31 7.07 7.09 
2016/11/10 7.15 7.33 7.15 7.26 
2016/11/11 7.21 7.25 7.15 7.19 
2016/11/14 7.18 7.21 7.13 7.18 
2016/11/15 7.20 7.22 7.15 7.18 
2016/11/16 7.24 7.28 7.17 7.27 
2016/11/17 7.27 7.27 7.15 7.19 
2016/11/18 7.20 7.23 7.17 7.20 
2016/11/21 7.21 7.24 7.17 7.20 
2016/11/22 7.24 7.28 7.20 7.21 
2016/11/23 7.22 7.25 7.20 7.23 
2016/11/24 7.24 7.24 7.19 7.21 
2016/11/25 7.24 7.25 7.19 7.20 
2016/11/28 7.26 7.26 7.20 7.22 
2016/11/29 7.21 7.33 7.21 7.27 
2016/11/30 7.30 7.32 7.21 7.30 
2016/12/01 7.33 7.53 7.30 7.50 
2016/12/02 7.54 7.54 7.37 7.39 
2016/12/05 7.48 7.48 7.37 7.41 
2016/12/06 7.45 7.45 7.35 7.41 
2016/12/07 7.42 7.42 7.36 7.37 
2016/12/08 7.40 7.44 7.38 7.39 
2016/12/09 7.44 7.46 7.33 7.40 
2016/12/12 7.40 7.44 7.36 7.44 
2016/12/13 7.44 7.48 7.41 7.44 
2016/12/14 7.42 7.46 7.41 7.41 
2016/12/15 7.41 7.45 7.39 7.44 
2016/12/16 7.42 7.48 7.40 7.45 
2016/12/19 7.45 7.45 7.37 7.37 
2016/12/20 7.37 7.42 7.35 7.35 
2016/12/21 7.36 7.40 7.33 7.40 
2016/12/22 7.39 7.39 7.30 7.34 
2016/12/23 7.32 7.34 7.27 7.30 
2016/12/26 7.30 7.36 7.30 7.30 
2016/12/27 7.30 7.31 7.26 7.30 
2016/12/28 7.30 7.35 7.26 7.30 
2016/12/29 7.30 7.31 7.23 7.25 
2016/12/30 7.26 7.42 7.26 7.42 
2017/01/03 7.40 7.40 7.32 7.33 
2017/01/04 7.33 7.36 7.33 7.34 
2017/01/05 7.34 7.35 7.33 7.34 
2017/01/06 7.34 7.40 7.33 7.38 
2017/01/09 7.38 7.39 7.34 7.35 
2017/01/10 7.33 7.38 7.32 7.34 
2017/01/11 7.35 7.50 7.35 7.40 
2017/01/12 7.49 7.52 7.43 7.49 
2017/01/13 7.45 7.48 7.42 7.43 
2017/01/16 7.41 7.44 7.38 7.42 
2017/01/17 7.44 7.44 7.40 7.40 
2017/01/18 7.40 7.42 7.38 7.40 
2017/01/19 7.42 7.42 7.35 7.40 
2017/01/20 7.36 7.41 7.32 7.40 
2017/01/23 7.40 7.45 7.38 7.40 
2017/01/24 7.40 7.41 7.36 7.36 
2017/02/02 7.40 7.42 7.36 7.38 
2017/02/03 7.40 7.42 7.36 7.42 
2017/02/06 7.46 7.48 7.41 7.45 
2017/02/07 7.46 7.49 7.43 7.49 
2017/02/08 7.50 7.63 7.49 7.60 
