2016/07/01 15.30 15.35 15.30 15.30 
2016/07/04 15.30 15.45 15.30 15.40 
2016/07/05 15.35 15.35 15.30 15.35 
2016/07/06 15.30 15.45 15.25 15.25 
2016/07/07 15.30 15.35 15.25 15.25 
2016/07/11 15.50 15.60 15.25 15.25 
2016/07/12 15.45 15.45 15.25 15.45 
2016/07/13 15.15 15.40 15.10 15.30 
2016/07/14 15.50 15.70 15.35 15.70 
2016/07/15 15.60 15.60 15.40 15.50 
2016/07/18 15.55 15.75 15.50 15.65 
2016/07/19 15.50 15.70 15.50 15.70 
2016/07/20 15.70 15.70 15.55 15.70 
2016/07/21 15.70 15.70 15.55 15.55 
2016/07/22 15.50 15.55 15.10 15.30 
2016/07/25 15.35 15.50 15.20 15.35 
2016/07/26 15.25 15.40 15.25 15.30 
2016/07/27 15.30 15.30 15.25 15.30 
2016/07/28 15.30 15.40 15.25 15.25 
2016/07/29 15.25 15.45 15.25 15.30 
2016/08/01 15.60 15.60 15.30 15.30 
2016/08/02 15.30 15.45 15.30 15.35 
2016/08/03 15.15 15.30 15.15 15.30 
2016/08/04 15.20 15.30 15.15 15.20 
2016/08/05 15.20 15.45 15.20 15.40 
2016/08/08 15.70 15.70 15.40 15.40 
2016/08/09 15.60 15.60 15.35 15.40 
2016/08/10 15.30 15.55 15.20 15.30 
2016/08/11 15.40 15.50 15.30 15.30 
2016/08/12 15.40 15.45 15.35 15.35 
2016/08/15 15.35 15.35 15.25 15.25 
2016/08/16 15.25 15.35 15.25 15.35 
2016/08/17 15.25 15.70 15.25 15.45 
2016/08/18 15.35 15.55 15.30 15.50 
2016/08/19 15.40 15.40 15.25 15.25 
2016/08/22 15.20 15.40 15.10 15.20 
2016/08/23 15.20 15.35 15.20 15.20 
2016/08/24 15.25 15.25 15.15 15.20 
2016/08/25 15.45 15.45 15.30 15.35 
2016/08/26 15.35 15.35 15.25 15.30 
2016/08/29 15.20 15.30 15.15 15.30 
2016/08/30 15.35 15.40 15.20 15.35 
2016/08/31 15.20 15.30 15.20 15.30 
2016/09/01 15.20 15.30 15.20 15.30 
2016/09/02 15.15 15.30 15.15 15.30 
2016/09/05 15.15 15.15 15.15 15.15 
2016/09/06 15.15 15.20 15.15 15.15 
2016/09/07 15.20 15.25 15.15 15.25 
2016/09/08 15.30 15.35 15.25 15.25 
2016/09/09 15.45 15.45 15.15 15.30 
2016/09/10 15.15 15.30 15.10 15.30 
2016/09/12 15.55 15.55 15.25 15.25 
2016/09/13 15.20 15.30 15.15 15.30 
2016/09/14 15.45 15.45 15.45 15.45 
2016/09/19 15.30 15.45 15.25 15.30 
2016/09/20 15.25 15.35 15.00 15.35 
2016/09/21 15.35 15.60 15.20 15.50 
2016/09/22 15.45 15.45 15.25 15.30 
2016/09/23 15.25 15.30 15.25 15.30 
2016/09/26 15.35 15.35 15.15 15.35 
2016/09/29 15.35 15.45 15.35 15.40 
2016/09/30 15.20 15.35 15.20 15.35 
2016/10/03 15.25 15.35 15.20 15.20 
2016/10/04 15.30 15.30 15.20 15.20 
2016/10/05 15.30 15.30 15.25 15.30 
2016/10/06 15.25 15.30 15.20 15.30 
2016/10/07 15.25 15.30 15.00 15.00 
2016/10/11 15.10 15.25 15.00 15.20 
2016/10/12 15.20 15.20 15.10 15.20 
2016/10/13 15.20 15.25 15.10 15.25 
2016/10/14 15.30 15.30 15.15 15.15 
2016/10/17 15.20 15.35 15.20 15.35 
2016/10/18 15.40 15.50 15.35 15.45 
2016/10/19 15.40 15.45 15.30 15.40 
2016/10/20 15.30 15.45 15.30 15.35 
2016/10/21 15.35 15.40 15.30 15.30 
2016/10/24 15.40 15.45 15.30 15.30 
2016/10/25 15.30 15.50 15.30 15.35 
2016/10/26 15.35 15.35 15.25 15.35 
2016/10/27 15.40 15.45 15.25 15.25 
2016/10/28 15.25 15.35 15.25 15.35 
2016/10/31 15.40 15.60 15.35 15.45 
2016/11/01 15.40 15.55 15.40 15.55 
2016/11/02 15.55 15.60 15.30 15.60 
2016/11/03 15.55 16.50 15.55 16.10 
2016/11/04 15.95 15.95 15.75 15.80 
2016/11/07 15.80 15.80 15.60 15.70 
2016/11/08 15.85 15.85 15.65 15.75 
2016/11/09 15.60 15.60 15.10 15.30 
2016/11/10 15.40 15.50 15.40 15.50 
2016/11/11 15.50 15.50 15.50 15.50 
2016/11/14 15.55 15.80 15.45 15.50 
2016/11/15 15.50 15.75 15.45 15.70 
2016/11/16 15.75 15.90 15.55 15.75 
2016/11/17 15.80 15.80 15.55 15.60 
2016/11/18 15.60 15.65 15.55 15.65 
2016/11/21 15.65 15.85 15.55 15.75 
2016/11/22 15.80 15.80 15.65 15.65 
2016/11/23 15.65 15.85 15.65 15.75 
2016/11/24 15.80 15.80 15.60 15.60 
2016/11/25 15.60 15.75 15.60 15.75 
2016/11/28 15.75 15.75 15.60 15.75 
2016/11/29 15.60 15.65 15.50 15.55 
2016/11/30 15.50 15.55 15.35 15.55 
2016/12/01 15.60 15.65 15.50 15.55 
2016/12/02 15.55 15.60 15.50 15.50 
2016/12/05 15.50 15.50 15.35 15.35 
2016/12/06 15.45 15.50 15.40 15.50 
2016/12/07 15.50 15.50 15.35 15.50 
2016/12/08 15.60 15.60 15.50 15.50 
2016/12/09 15.40 15.50 15.35 15.50 
2016/12/12 15.65 15.70 15.40 15.60 
2016/12/13 15.50 15.60 15.50 15.60 
2016/12/14 15.45 15.45 15.45 15.45 
2016/12/15 15.65 15.65 15.45 15.55 
2016/12/16 15.65 15.65 15.55 15.55 
2016/12/19 15.85 15.85 15.55 15.55 
2016/12/20 15.70 15.70 15.50 15.50 
2016/12/21 15.70 15.70 15.45 15.45 
2016/12/22 15.45 15.55 15.45 15.45 
2016/12/23 15.50 15.50 15.45 15.45 
2016/12/26 15.65 15.65 15.45 15.45 
2016/12/27 15.50 15.55 15.50 15.55 
2016/12/28 15.60 15.80 15.60 15.70 
2016/12/29 15.65 15.75 15.65 15.75 
2016/12/30 15.75 15.90 15.75 15.90 
2017/01/03 15.70 15.80 15.70 15.80 
2017/01/04 15.70 15.80 15.70 15.75 
2017/01/05 15.70 15.80 15.70 15.80 
2017/01/06 15.65 15.75 15.65 15.75 
2017/01/09 15.80 15.80 15.60 15.60 
2017/01/10 15.75 15.80 15.65 15.80 
2017/01/11 15.80 15.90 15.80 15.85 
2017/01/12 15.80 15.90 15.80 15.85 
2017/01/13 15.80 15.80 15.75 15.75 
2017/01/16 15.70 15.80 15.70 15.80 
2017/01/17 15.70 15.80 15.70 15.70 
2017/01/18 15.95 15.95 15.80 15.85 
2017/01/19 15.80 15.85 15.80 15.85 
2017/01/20 15.70 15.75 15.70 15.75 
2017/01/23 15.85 15.95 15.70 15.90 
2017/01/24 16.00 16.00 15.80 15.85 
2017/02/02 15.75 15.85 15.75 15.80 
2017/02/03 15.75 15.95 15.70 15.70 
2017/02/06 15.70 15.80 15.65 15.65 
2017/02/07 15.65 15.80 15.65 15.70 
2017/02/08 15.70 15.75 15.60 15.65 
