2016/07/01 40.50 40.50 39.55 40.05 
2016/07/04 40.50 41.45 40.05 41.15 
2016/07/05 41.60 44.45 40.70 44.15 
2016/07/06 44.10 45.45 43.60 45.00 
2016/07/07 45.00 45.95 44.90 45.75 
2016/07/11 46.10 49.00 45.50 48.90 
2016/07/12 49.00 52.00 48.40 49.45 
2016/07/13 49.00 51.40 49.00 50.10 
2016/07/14 49.80 51.20 49.80 51.20 
2016/07/15 52.60 52.60 50.70 50.90 
2016/07/18 50.70 51.50 50.70 51.30 
2016/07/19 49.50 51.30 49.50 50.70 
2016/07/20 50.80 51.50 50.10 50.90 
2016/07/21 50.90 51.40 50.80 51.20 
2016/07/22 51.40 51.40 51.10 51.20 
2016/07/25 51.20 51.30 50.50 51.30 
2016/07/26 51.80 51.80 51.30 51.30 
2016/07/27 51.10 51.30 50.80 51.10 
2016/07/28 51.00 51.20 48.05 51.20 
2016/07/29 50.20 51.20 50.10 51.20 
2016/08/01 51.20 51.20 50.90 50.90 
2016/08/02 49.65 51.20 49.65 50.90 
2016/08/03 49.20 51.00 49.20 50.80 
2016/08/04 50.80 50.80 50.00 50.40 
2016/08/05 50.40 50.80 50.30 50.80 
2016/08/08 50.80 50.90 50.80 50.90 
2016/08/09 51.20 51.20 50.20 50.80 
2016/08/10 50.80 50.80 50.10 50.30 
2016/08/11 50.90 50.90 49.60 50.20 
2016/08/12 50.00 50.70 49.80 50.50 
2016/08/15 50.70 50.80 50.20 50.70 
2016/08/16 50.20 50.60 50.20 50.30 
2016/08/17 50.80 51.80 50.20 51.40 
2016/08/18 51.00 51.00 50.30 50.40 
2016/08/19 50.30 51.00 49.60 50.30 
2016/08/22 49.00 50.40 49.00 50.00 
2016/08/23 50.00 51.20 49.95 51.20 
2016/08/24 50.50 50.50 49.90 50.00 
2016/08/25 50.60 50.60 49.95 50.00 
2016/08/26 50.00 50.60 49.90 50.30 
2016/08/29 51.20 51.20 50.20 50.20 
2016/08/30 49.55 50.60 49.50 49.60 
2016/08/31 49.40 49.70 49.20 49.55 
2016/09/01 50.20 50.20 48.75 49.35 
2016/09/02 48.60 50.20 48.50 50.10 
2016/09/05 49.80 50.50 49.80 50.20 
2016/09/06 49.50 51.00 49.50 50.50 
2016/09/07 50.40 51.50 50.40 51.40 
2016/09/08 51.40 51.40 51.30 51.30 
2016/09/09 51.20 51.50 51.00 51.30 
2016/09/10 50.90 52.00 50.90 51.60 
2016/09/12 52.00 54.80 51.80 52.90 
2016/09/13 52.90 52.90 52.00 52.20 
2016/09/14 49.55 52.70 49.55 52.50 
2016/09/19 52.50 52.80 52.40 52.50 
2016/09/20 51.60 52.70 51.60 52.70 
2016/09/21 52.30 53.80 51.70 53.80 
2016/09/22 53.80 53.80 52.70 53.00 
2016/09/23 52.80 53.10 52.30 52.90 
2016/09/26 51.30 52.60 51.30 52.50 
2016/09/29 52.30 53.60 52.00 52.60 
2016/09/30 52.10 52.10 51.80 52.10 
2016/10/03 52.50 52.50 51.40 51.50 
2016/10/04 49.90 50.00 49.00 50.00 
2016/10/05 50.00 50.40 49.95 50.40 
2016/10/06 49.80 50.60 49.80 50.40 
2016/10/07 49.35 51.90 49.35 51.80 
2016/10/11 51.80 52.30 51.20 51.50 
2016/10/12 51.00 52.50 51.00 51.50 
2016/10/13 51.50 52.30 51.10 51.70 
2016/10/14 52.30 52.30 50.80 50.90 
2016/10/17 51.10 51.50 50.60 50.70 
2016/10/18 50.70 52.50 50.70 52.00 
2016/10/19 51.60 52.60 51.60 52.00 
2016/10/20 52.00 52.50 52.00 52.00 
2016/10/21 52.00 52.00 51.00 51.00 
2016/10/24 50.70 51.50 50.70 51.50 
2016/10/25 50.70 51.80 50.70 51.80 
2016/10/26 50.50 51.80 50.50 51.80 
2016/10/27 50.50 52.00 50.50 51.30 
2016/10/28 52.30 52.30 51.20 51.80 
2016/10/31 51.80 52.00 51.20 52.00 
2016/11/01 51.10 52.00 50.90 51.60 
2016/11/02 52.30 52.50 51.30 51.90 
2016/11/03 51.50 51.80 51.00 51.80 
2016/11/04 51.50 51.50 50.00 51.50 
2016/11/07 51.00 51.60 50.70 51.10 
2016/11/08 51.10 51.80 50.70 51.80 
2016/11/09 50.90 51.60 48.65 48.65 
2016/11/10 49.20 51.30 48.95 51.30 
2016/11/11 51.90 51.90 50.30 51.00 
2016/11/14 51.00 51.00 50.10 50.90 
2016/11/15 50.20 50.40 48.10 49.30 
2016/11/16 49.35 50.90 49.35 49.40 
2016/11/17 51.00 51.00 46.10 47.75 
2016/11/18 48.00 48.00 43.50 43.50 
2016/11/21 43.85 45.00 43.20 45.00 
2016/11/22 45.00 45.00 44.55 44.70 
2016/11/23 44.20 44.70 43.90 44.70 
2016/11/24 44.15 44.90 44.15 44.90 
2016/11/25 44.90 44.90 44.20 44.55 
2016/11/28 44.10 45.00 43.95 44.65 
2016/11/29 44.65 44.80 44.40 44.40 
2016/11/30 44.65 44.80 44.40 44.60 
2016/12/01 44.60 44.90 44.20 44.90 
2016/12/02 44.50 46.50 44.50 45.90 
2016/12/05 45.20 46.00 44.00 44.00 
2016/12/06 44.50 45.75 44.50 45.60 
2016/12/07 45.30 45.90 44.55 45.90 
2016/12/08 45.90 46.05 45.35 45.50 
2016/12/09 45.50 46.20 45.50 46.20 
2016/12/12 45.20 46.50 45.20 46.15 
2016/12/13 46.50 46.50 45.90 46.35 
2016/12/14 45.60 46.05 45.60 46.05 
2016/12/15 46.05 47.60 45.80 47.35 
2016/12/16 47.35 47.35 46.65 46.65 
2016/12/19 46.40 46.75 46.35 46.75 
2016/12/20 51.40 51.40 48.00 49.65 
2016/12/21 51.00 51.00 46.10 48.95 
2016/12/22 48.70 48.90 47.90 48.90 
2016/12/23 49.20 49.30 48.90 49.00 
2016/12/26 48.25 49.05 48.15 48.15 
2016/12/28 47.30 48.60 47.30 48.60 
2016/12/29 48.10 48.60 47.90 48.50 
2016/12/30 46.00 48.05 46.00 48.00 
2017/01/03 47.65 48.30 47.65 48.10 
2017/01/04 47.30 48.00 47.30 48.00 
2017/01/05 47.65 48.15 47.65 48.15 
2017/01/06 48.00 48.00 47.70 48.00 
2017/01/09 47.05 48.05 47.05 48.05 
2017/01/10 46.75 48.00 46.70 48.00 
2017/01/11 48.00 48.00 47.60 47.60 
2017/01/12 48.00 48.05 47.95 48.00 
2017/01/13 48.00 48.00 47.50 48.00 
2017/01/16 47.40 48.00 47.40 47.65 
2017/01/17 48.00 48.00 47.60 47.60 
2017/01/18 47.90 48.05 47.55 47.60 
2017/01/19 47.05 48.05 47.05 47.65 
2017/01/20 47.65 48.00 47.65 48.00 
2017/01/23 48.00 48.00 48.00 48.00 
2017/02/02 47.30 48.80 47.30 48.80 
2017/02/03 49.00 49.10 48.50 48.80 
2017/02/06 48.40 49.00 48.40 49.00 
2017/02/08 48.90 48.95 48.90 48.95 
