2016/07/01 79.50 80.00 79.10 79.50 
2016/07/04 79.50 80.00 79.50 79.90 
2016/07/05 80.00 80.00 79.30 79.80 
2016/07/06 79.80 79.80 78.60 78.90 
2016/07/07 78.60 79.00 78.60 78.80 
2016/07/11 80.80 80.80 79.90 80.20 
2016/07/12 80.10 80.20 79.80 80.00 
2016/07/13 80.30 80.30 79.70 80.00 
2016/07/14 79.90 80.00 79.60 79.90 
2016/07/15 80.00 80.00 79.60 79.80 
2016/07/18 79.60 80.30 79.60 79.80 
2016/07/19 80.00 80.50 79.60 80.40 
2016/07/20 80.40 80.50 79.90 79.90 
2016/07/21 80.00 80.60 80.00 80.20 
2016/07/22 80.20 80.40 80.00 80.00 
2016/07/25 80.60 80.60 79.80 80.00 
2016/07/26 80.00 80.00 79.70 79.90 
2016/07/27 80.00 80.00 79.60 79.70 
2016/07/28 79.70 80.00 79.50 79.50 
2016/07/29 79.50 80.00 79.00 79.30 
2016/08/01 79.80 80.40 79.70 80.40 
2016/08/02 80.60 80.70 80.20 80.20 
2016/08/03 80.00 80.50 79.80 80.50 
2016/08/04 80.60 82.50 80.60 82.50 
2016/08/05 82.70 84.70 82.70 83.90 
2016/08/08 84.30 84.30 83.50 83.90 
2016/08/09 83.80 83.80 83.20 83.30 
2016/08/10 83.50 84.40 83.30 84.00 
2016/08/11 83.90 84.00 82.60 83.60 
2016/08/12 83.60 84.00 83.50 83.70 
2016/08/15 83.50 83.60 82.60 82.90 
2016/08/16 82.90 83.50 82.60 82.90 
2016/08/17 82.90 83.50 82.70 83.50 
2016/08/18 74.00 76.10 74.00 76.10 
2016/08/19 76.20 76.60 75.30 75.60 
2016/08/22 75.50 75.80 74.40 75.60 
2016/08/23 75.60 77.90 75.60 77.90 
2016/08/24 79.00 79.30 77.30 77.80 
2016/08/25 77.80 77.80 76.90 77.40 
2016/08/26 77.40 78.10 76.70 77.00 
2016/08/29 77.20 77.80 77.00 77.40 
2016/08/30 77.60 78.40 77.60 78.30 
2016/08/31 77.90 78.70 77.10 78.30 
2016/09/01 77.50 77.90 77.00 77.20 
2016/09/02 77.00 77.70 77.00 77.20 
2016/09/05 78.00 78.60 77.90 78.50 
2016/09/06 78.80 79.20 78.80 79.10 
2016/09/07 79.10 80.20 79.00 80.00 
2016/09/08 80.00 80.10 79.40 80.10 
2016/09/09 79.40 79.60 79.00 79.50 
2016/09/10 78.60 78.90 78.40 78.40 
2016/09/12 78.00 78.00 76.70 76.80 
2016/09/13 77.10 77.90 76.80 77.80 
2016/09/14 77.20 78.30 77.00 78.00 
2016/09/19 78.00 79.10 78.00 79.00 
2016/09/20 79.00 79.20 78.70 79.00 
2016/09/21 79.00 80.00 78.50 80.00 
2016/09/22 80.20 80.50 79.50 80.00 
2016/09/23 80.00 80.30 79.60 79.70 
2016/09/26 79.60 80.50 79.30 80.20 
2016/09/29 80.30 82.20 79.80 82.00 
2016/09/30 81.00 82.20 80.20 80.30 
2016/10/03 79.80 80.50 79.80 79.90 
2016/10/04 80.00 80.50 79.80 80.20 
2016/10/05 80.20 81.50 80.00 81.50 
2016/10/06 81.50 81.50 80.70 81.00 
2016/10/07 80.50 81.50 80.50 81.50 
2016/10/11 82.00 82.30 81.40 81.90 
2016/10/12 81.40 82.30 80.40 82.30 
2016/10/13 82.30 82.30 80.70 80.80 
2016/10/14 80.80 80.80 79.50 79.60 
2016/10/17 78.60 79.00 78.20 78.60 
2016/10/18 78.60 79.20 78.50 78.80 
2016/10/19 78.60 79.70 78.60 79.00 
2016/10/20 79.00 79.50 79.00 79.10 
2016/10/21 79.10 79.50 78.70 78.80 
2016/10/24 79.30 79.30 78.30 78.70 
2016/10/25 78.60 78.80 78.30 78.60 
2016/10/26 79.00 79.20 78.50 79.00 
2016/10/27 79.30 79.40 78.10 78.10 
2016/10/28 78.20 79.00 78.20 78.50 
2016/10/31 78.40 78.60 78.10 78.10 
2016/11/01 78.50 78.90 78.20 78.80 
2016/11/02 78.30 78.50 78.10 78.10 
2016/11/03 78.10 78.40 76.70 77.50 
2016/11/04 77.20 77.60 77.00 77.30 
2016/11/07 77.30 78.00 77.30 77.50 
2016/11/08 77.60 78.00 77.30 77.60 
2016/11/09 78.00 78.30 76.40 76.60 
2016/11/10 78.20 78.20 76.90 76.90 
2016/11/11 76.50 76.80 75.80 76.10 
2016/11/14 76.10 76.40 75.50 75.60 
2016/11/15 75.20 75.50 75.10 75.20 
2016/11/16 75.20 76.30 75.20 75.60 
2016/11/17 75.60 76.10 75.60 75.80 
2016/11/18 75.70 76.00 75.20 75.50 
2016/11/21 75.50 75.60 74.70 74.90 
2016/11/22 74.90 75.50 74.70 74.90 
2016/11/23 74.90 75.50 74.90 75.20 
2016/11/24 75.50 75.50 74.90 75.00 
2016/11/25 75.00 75.30 75.00 75.00 
2016/11/28 75.20 75.20 75.00 75.20 
2016/11/29 75.20 75.50 75.20 75.40 
2016/11/30 75.40 75.60 75.00 75.60 
2016/12/01 75.60 75.80 75.30 75.30 
2016/12/02 75.30 75.40 75.00 75.30 
2016/12/05 75.20 75.50 75.00 75.00 
2016/12/06 75.10 75.50 75.00 75.40 
2016/12/07 75.60 75.80 75.30 75.80 
2016/12/08 76.00 77.30 75.90 77.30 
2016/12/09 77.00 77.90 76.90 77.20 
2016/12/12 77.60 77.70 77.20 77.30 
2016/12/13 77.50 77.50 76.90 77.30 
2016/12/14 77.30 77.50 77.00 77.30 
2016/12/15 77.20 77.60 77.00 77.30 
2016/12/16 77.40 77.70 77.00 77.40 
2016/12/19 77.70 77.70 77.00 77.00 
2016/12/20 77.00 77.10 76.80 76.80 
2016/12/21 76.80 76.80 76.30 76.30 
2016/12/22 76.50 76.50 75.70 75.70 
2016/12/23 75.50 75.90 74.90 74.90 
2016/12/26 74.90 75.50 74.90 75.40 
2016/12/27 75.50 75.50 75.10 75.50 
2016/12/28 75.30 75.70 75.30 75.70 
2016/12/29 75.70 75.70 75.20 75.20 
2016/12/30 75.40 76.90 75.40 76.60 
2017/01/03 76.00 76.50 76.00 76.20 
2017/01/04 76.50 76.60 76.10 76.30 
2017/01/05 76.30 76.70 76.30 76.50 
2017/01/06 76.40 76.80 76.30 76.70 
2017/01/09 76.70 76.80 75.70 75.80 
2017/01/10 75.90 75.90 75.20 75.30 
2017/01/11 76.00 76.40 75.40 76.40 
2017/01/12 76.40 76.50 76.20 76.40 
2017/01/13 76.40 76.40 75.90 76.40 
2017/01/16 76.30 76.30 75.40 75.60 
2017/01/17 75.70 75.80 75.50 75.60 
2017/01/18 75.60 75.60 75.20 75.40 
2017/01/19 75.60 76.00 75.30 75.90 
2017/01/20 75.70 75.70 75.30 75.40 
2017/01/23 75.90 76.50 75.70 76.30 
2017/01/24 76.60 76.90 76.30 76.80 
2017/02/02 76.80 76.80 76.20 76.20 
2017/02/03 76.30 76.70 76.00 76.70 
2017/02/06 76.50 76.90 76.40 76.70 
2017/02/07 76.70 76.80 76.40 76.70 
2017/02/08 76.70 76.80 76.30 76.50 
