2016/07/01 31.60 31.75 31.35 31.35 
2016/07/04 31.45 31.65 31.45 31.60 
2016/07/05 31.55 31.90 31.50 31.60 
2016/07/06 31.75 31.75 31.35 31.40 
2016/07/07 31.45 31.75 31.35 31.45 
2016/07/11 32.05 32.05 31.60 31.80 
2016/07/12 31.90 32.30 31.75 31.90 
2016/07/13 31.90 32.05 31.85 31.85 
2016/07/14 31.85 32.00 31.80 31.95 
2016/07/15 32.00 32.10 31.90 32.10 
2016/07/18 32.10 32.60 32.10 32.45 
2016/07/19 32.60 32.80 32.40 32.45 
2016/07/20 32.45 32.60 32.10 32.30 
2016/07/21 32.60 32.60 32.05 32.30 
2016/07/22 32.50 32.50 31.90 31.95 
2016/07/25 31.95 32.05 31.70 31.80 
2016/07/26 31.80 31.80 31.60 31.60 
2016/07/27 31.60 32.10 31.60 31.80 
2016/07/28 31.85 32.05 31.80 31.90 
2016/07/29 31.90 31.95 31.70 31.85 
2016/08/01 31.80 32.35 31.80 32.20 
2016/08/02 32.20 32.25 32.15 32.25 
2016/08/03 32.25 32.50 32.25 32.40 
2016/08/04 32.45 32.70 32.40 32.70 
2016/08/05 32.90 33.55 32.80 33.40 
2016/08/08 33.55 33.80 32.80 33.00 
2016/08/09 33.00 33.00 31.95 32.30 
2016/08/10 32.40 32.55 32.25 32.50 
2016/08/11 32.50 32.70 32.30 32.55 
2016/08/12 32.55 33.45 32.55 33.00 
2016/08/15 33.00 33.30 32.80 32.80 
2016/08/16 33.20 33.25 32.65 32.80 
2016/08/17 32.90 32.90 32.50 32.70 
2016/08/18 32.70 32.75 32.60 32.65 
2016/08/19 32.65 32.85 32.50 32.50 
2016/08/22 32.50 32.75 31.90 32.20 
2016/08/23 32.20 32.40 32.10 32.30 
2016/08/24 32.50 32.50 32.00 32.15 
2016/08/25 32.30 32.35 32.00 32.05 
2016/08/26 32.05 32.50 32.00 32.50 
2016/08/29 30.50 30.50 30.10 30.10 
2016/08/30 30.20 30.20 30.00 30.00 
2016/08/31 30.10 30.10 29.75 29.80 
2016/09/01 29.80 30.00 29.60 29.80 
2016/09/02 29.85 29.90 29.65 29.80 
2016/09/05 30.00 30.00 29.75 29.85 
2016/09/06 29.85 30.20 29.85 29.95 
2016/09/07 29.95 30.15 29.80 29.90 
2016/09/08 29.90 30.00 29.75 29.90 
2016/09/09 29.90 30.00 29.45 29.55 
2016/09/10 29.65 29.65 29.30 29.40 
2016/09/12 29.65 29.65 29.20 29.25 
2016/09/13 29.30 29.30 29.10 29.20 
2016/09/14 29.20 29.30 29.00 29.00 
2016/09/19 29.05 29.50 28.95 29.20 
2016/09/20 29.50 29.50 29.00 29.25 
2016/09/21 29.50 29.85 29.25 29.80 
2016/09/22 29.90 30.00 29.65 29.70 
2016/09/23 29.45 29.80 29.45 29.60 
2016/09/26 29.60 29.75 29.60 29.65 
2016/09/29 29.70 29.70 29.50 29.55 
2016/09/30 29.60 29.60 29.30 29.35 
2016/10/03 29.35 29.50 29.30 29.35 
2016/10/04 29.20 29.40 29.20 29.30 
2016/10/05 29.30 29.50 29.30 29.30 
2016/10/06 29.45 29.50 29.25 29.25 
2016/10/07 29.25 29.45 29.20 29.40 
2016/10/11 29.50 29.50 29.15 29.35 
2016/10/12 29.25 29.25 28.80 29.15 
2016/10/13 29.15 29.30 29.05 29.10 
2016/10/14 29.05 29.05 28.80 29.00 
2016/10/17 29.00 29.40 28.85 29.30 
2016/10/18 29.40 29.45 29.35 29.40 
2016/10/19 29.45 29.50 29.30 29.35 
2016/10/20 29.50 29.75 29.50 29.60 
2016/10/21 29.60 29.70 29.55 29.70 
2016/10/24 29.80 29.80 29.55 29.55 
2016/10/25 29.55 29.65 29.55 29.55 
2016/10/26 29.55 29.80 29.55 29.80 
2016/10/27 29.85 29.85 29.70 29.70 
2016/10/28 29.70 29.70 29.60 29.60 
2016/10/31 29.50 29.60 29.45 29.50 
2016/11/01 29.20 29.50 29.20 29.45 
2016/11/02 29.20 29.45 29.15 29.20 
2016/11/03 29.20 29.35 29.10 29.10 
2016/11/04 29.10 29.30 29.00 29.10 
2016/11/07 29.00 29.35 29.00 29.20 
2016/11/08 29.20 29.30 29.20 29.25 
2016/11/09 29.20 29.35 28.90 29.05 
2016/11/10 29.15 29.35 29.15 29.30 
2016/11/11 29.55 29.80 29.45 29.65 
2016/11/14 29.75 29.85 29.70 29.70 
2016/11/15 29.85 30.20 29.80 30.05 
2016/11/16 30.05 30.20 30.00 30.00 
2016/11/17 30.10 30.35 30.00 30.05 
2016/11/18 30.00 30.10 29.80 30.05 
2016/11/21 30.10 30.20 29.90 30.15 
2016/11/22 30.15 30.40 30.15 30.30 
2016/11/23 30.20 30.50 30.20 30.25 
2016/11/24 30.30 30.30 30.00 30.20 
2016/11/25 30.25 30.30 30.05 30.05 
2016/11/28 30.05 30.25 30.00 30.05 
2016/11/29 30.05 30.30 30.05 30.15 
2016/11/30 30.25 31.50 30.20 31.00 
2016/12/01 31.20 31.35 30.80 30.90 
2016/12/02 30.95 31.00 30.85 30.95 
2016/12/05 31.00 31.50 30.95 31.10 
2016/12/06 31.20 31.40 31.00 31.00 
2016/12/07 31.30 31.30 31.00 31.15 
2016/12/08 31.30 31.50 31.05 31.15 
2016/12/09 31.25 31.40 30.95 31.00 
2016/12/12 31.05 31.30 30.95 30.95 
2016/12/13 30.95 31.30 30.60 31.00 
2016/12/14 31.20 31.30 31.00 31.00 
2016/12/15 31.00 31.30 30.90 31.10 
2016/12/16 31.15 31.30 30.90 31.10 
2016/12/19 31.10 31.30 30.80 31.00 
2016/12/20 31.00 31.15 30.85 30.90 
2016/12/21 30.95 31.00 30.75 30.80 
2016/12/22 30.80 31.20 30.70 30.80 
2016/12/23 31.00 31.00 30.60 30.60 
2016/12/26 30.60 31.00 30.60 31.00 
2016/12/27 31.00 31.00 30.80 30.90 
2016/12/28 30.90 30.95 30.85 30.90 
2016/12/29 31.00 31.20 30.95 31.00 
2016/12/30 31.10 31.10 31.00 31.10 
2017/01/03 31.15 31.70 31.15 31.65 
2017/01/04 31.65 32.10 31.65 32.00 
2017/01/05 32.30 32.50 32.00 32.10 
2017/01/06 32.30 32.35 31.90 31.95 
2017/01/09 31.95 32.35 31.85 32.20 
2017/01/10 32.25 32.25 31.90 32.00 
2017/01/11 32.15 32.35 32.10 32.20 
2017/01/12 32.30 32.60 32.20 32.20 
2017/01/13 32.30 32.60 32.20 32.55 
2017/01/16 32.60 32.60 32.00 32.35 
2017/01/17 32.35 32.40 32.05 32.35 
2017/01/18 32.35 32.45 32.05 32.30 
2017/01/19 32.30 32.30 32.00 32.25 
2017/01/20 32.00 32.10 32.00 32.05 
2017/01/23 32.00 32.00 31.85 31.90 
2017/01/24 31.90 32.00 31.80 31.90 
2017/02/02 31.90 32.25 31.80 31.90 
2017/02/03 31.90 32.20 31.75 31.75 
2017/02/06 31.70 32.00 31.70 31.95 
2017/02/07 31.95 32.20 31.90 32.00 
2017/02/08 32.00 32.00 31.80 32.00 
