2016/07/01 80.20 82.00 80.20 81.50 
2016/07/04 81.70 82.50 81.70 82.10 
2016/07/05 77.60 79.20 77.60 79.10 
2016/07/06 79.10 79.10 77.70 78.30 
2016/07/07 78.60 78.80 78.40 78.60 
2016/07/11 79.30 79.30 78.60 78.80 
2016/07/12 78.80 78.80 78.30 78.40 
2016/07/13 78.00 78.40 78.00 78.20 
2016/07/14 78.20 78.40 78.00 78.10 
2016/07/15 78.10 78.90 78.10 78.40 
2016/07/18 78.40 78.80 78.00 78.60 
2016/07/19 78.40 79.00 78.40 78.80 
2016/07/20 78.80 79.00 78.80 78.90 
2016/07/21 79.00 79.70 78.80 79.70 
2016/07/22 79.30 79.40 78.90 79.20 
2016/07/25 79.10 79.10 78.60 78.70 
2016/07/26 78.70 78.80 78.40 78.80 
2016/07/27 78.80 78.80 78.50 78.60 
2016/07/28 78.60 78.60 78.20 78.40 
2016/07/29 79.00 79.20 78.80 79.10 
2016/08/01 79.20 79.20 79.10 79.10 
2016/08/02 79.10 79.30 78.50 79.00 
2016/08/03 79.00 79.40 78.70 79.00 
2016/08/04 79.20 79.20 78.80 79.10 
2016/08/05 79.30 79.50 79.00 79.10 
2016/08/08 79.10 79.30 78.80 79.00 
2016/08/09 79.10 79.20 79.00 79.10 
2016/08/10 79.10 80.00 79.00 79.70 
2016/08/11 79.90 80.00 79.40 80.00 
2016/08/12 80.00 80.50 80.00 80.40 
2016/08/15 80.40 81.00 80.40 81.00 
2016/08/16 81.00 81.10 79.40 79.70 
2016/08/17 79.70 80.60 79.70 80.60 
2016/08/18 80.60 80.90 80.20 80.50 
2016/08/19 80.70 80.90 80.00 80.10 
2016/08/22 80.10 80.30 79.70 80.00 
2016/08/23 80.10 80.30 80.10 80.10 
2016/08/24 80.30 80.40 79.90 80.00 
2016/08/25 80.00 80.30 80.00 80.30 
2016/08/26 80.30 80.90 80.10 80.90 
2016/08/29 80.90 80.90 79.70 80.60 
2016/08/30 80.50 80.60 80.00 80.10 
2016/08/31 80.10 80.70 80.10 80.40 
2016/09/01 80.50 80.50 80.00 80.10 
2016/09/02 80.10 80.30 80.10 80.20 
2016/09/05 80.20 80.80 80.10 80.20 
2016/09/06 80.20 80.40 80.20 80.20 
2016/09/07 80.20 80.40 80.10 80.20 
2016/09/08 80.50 80.50 80.20 80.40 
2016/09/09 80.40 80.80 80.40 80.80 
2016/09/10 80.30 80.80 80.30 80.50 
2016/09/12 80.50 80.80 80.50 80.60 
2016/09/13 80.80 81.20 80.80 81.00 
2016/09/14 81.00 82.30 81.00 82.00 
2016/09/19 82.00 82.20 81.80 81.80 
2016/09/20 82.10 82.10 81.80 82.00 
2016/09/21 82.00 82.80 81.90 82.70 
2016/09/22 82.70 83.30 82.70 83.20 
2016/09/23 83.30 84.60 83.30 83.90 
2016/09/26 84.00 84.10 83.20 83.30 
2016/09/29 83.30 84.80 83.30 83.90 
2016/09/30 83.80 84.50 83.50 84.10 
2016/10/03 84.20 84.60 84.20 84.40 
2016/10/04 84.50 87.50 84.50 87.40 
2016/10/05 87.90 88.50 86.60 87.80 
2016/10/06 87.80 88.00 87.00 87.50 
2016/10/07 87.60 87.60 87.00 87.40 
2016/10/11 86.80 87.50 85.90 86.20 
2016/10/12 86.20 86.20 85.00 85.20 
2016/10/13 85.00 85.40 84.90 85.40 
2016/10/14 85.40 85.40 84.00 84.20 
2016/10/17 84.20 84.40 83.90 84.10 
2016/10/18 84.00 84.20 83.50 83.50 
2016/10/19 83.60 84.30 83.50 83.70 
2016/10/20 83.90 85.90 83.80 85.90 
2016/10/21 86.50 86.50 85.90 86.50 
2016/10/24 86.50 86.50 85.00 85.00 
2016/10/25 85.50 85.50 84.80 85.10 
2016/10/26 85.50 85.50 85.20 85.50 
2016/10/27 85.50 85.50 85.00 85.00 
2016/10/28 84.40 84.60 84.00 84.20 
2016/10/31 84.50 84.90 84.50 84.60 
2016/11/01 84.50 84.50 84.20 84.40 
2016/11/02 84.70 84.70 83.80 84.00 
2016/11/03 84.00 84.80 83.70 84.20 
2016/11/04 84.10 84.10 83.80 83.90 
2016/11/07 84.70 84.70 84.20 84.30 
2016/11/08 84.50 85.00 84.40 85.00 
2016/11/09 85.00 85.00 83.00 84.10 
2016/11/10 84.10 85.00 84.00 84.50 
2016/11/11 84.00 84.40 83.90 84.00 
2016/11/14 83.50 84.00 83.20 84.00 
2016/11/15 83.40 84.50 83.40 84.00 
2016/11/16 84.10 84.30 83.80 84.00 
2016/11/17 84.00 84.20 83.70 83.90 
2016/11/18 84.50 84.50 83.80 83.90 
2016/11/21 83.90 84.40 83.70 83.70 
2016/11/22 84.00 84.10 83.60 83.70 
2016/11/23 83.90 84.00 83.70 83.90 
2016/11/24 84.10 84.30 83.90 84.00 
2016/11/25 84.00 84.00 83.90 84.00 
2016/11/28 84.10 84.30 84.00 84.20 
2016/11/29 84.20 84.20 83.90 83.90 
2016/11/30 83.90 84.40 83.90 84.00 
2016/12/01 84.20 84.30 84.20 84.30 
2016/12/02 84.10 84.30 84.10 84.30 
2016/12/05 84.30 84.30 84.00 84.00 
2016/12/06 84.50 84.70 84.20 84.30 
2016/12/07 84.30 84.50 84.20 84.20 
2016/12/08 85.00 85.00 84.20 84.30 
2016/12/09 84.90 84.90 84.20 84.80 
2016/12/12 84.80 84.80 84.30 84.40 
2016/12/13 84.50 84.50 84.30 84.40 
2016/12/14 84.30 84.30 84.20 84.20 
2016/12/15 84.30 84.40 84.10 84.20 
2016/12/16 84.20 84.20 84.10 84.10 
2016/12/19 84.20 84.50 84.00 84.00 
2016/12/20 85.00 85.00 83.90 83.90 
2016/12/21 84.00 84.00 83.80 83.80 
2016/12/22 83.80 83.80 83.60 83.70 
2016/12/23 83.70 84.00 83.50 83.60 
2016/12/26 83.70 83.70 83.60 83.70 
2016/12/27 83.70 83.80 83.70 83.70 
2016/12/28 83.80 83.80 83.70 83.70 
2016/12/29 83.70 83.70 83.60 83.70 
2016/12/30 84.20 84.50 84.00 84.10 
2017/01/03 84.50 84.50 84.10 84.30 
2017/01/04 84.30 84.50 84.30 84.50 
2017/01/05 84.50 84.90 84.40 84.70 
2017/01/06 84.70 84.90 84.60 84.90 
2017/01/09 85.00 85.50 84.90 84.90 
2017/01/10 84.80 84.90 84.60 84.60 
2017/01/11 85.00 85.00 84.30 84.60 
2017/01/12 84.60 84.60 84.50 84.60 
2017/01/13 85.40 85.40 84.70 84.80 
2017/01/16 84.60 85.90 84.60 85.10 
2017/01/17 85.40 85.40 84.60 85.00 
2017/01/18 85.40 85.40 84.60 85.10 
2017/01/19 84.60 85.20 84.60 84.70 
2017/01/20 85.20 85.20 84.40 84.50 
2017/01/23 84.70 85.40 84.50 85.00 
2017/01/24 85.00 85.20 85.00 85.00 
2017/02/02 85.20 85.90 85.10 85.60 
2017/02/03 85.70 85.70 85.00 85.20 
2017/02/06 85.20 85.30 85.00 85.30 
2017/02/07 85.90 85.90 85.30 85.60 
2017/02/08 85.50 85.70 85.50 85.70 
