2016/07/01 37.85 38.50 37.80 38.15 
2016/07/04 38.20 38.60 38.20 38.60 
2016/07/05 38.80 38.80 38.10 38.30 
2016/07/06 38.30 38.30 37.85 38.10 
2016/07/07 38.10 38.15 37.90 38.10 
2016/07/11 38.10 38.80 38.10 38.35 
2016/07/12 38.40 38.55 38.20 38.55 
2016/07/13 36.55 37.50 36.55 37.00 
2016/07/14 38.00 38.00 37.20 37.45 
2016/07/15 37.45 37.55 37.40 37.40 
2016/07/18 37.40 37.70 37.40 37.45 
2016/07/19 37.50 37.55 37.35 37.45 
2016/07/20 37.45 37.45 37.10 37.30 
2016/07/21 37.30 37.60 37.30 37.50 
2016/07/22 37.55 37.55 37.00 37.30 
2016/07/25 37.30 37.40 37.25 37.40 
2016/07/26 37.40 37.40 37.30 37.40 
2016/07/27 37.55 37.55 37.25 37.35 
2016/07/28 37.35 37.40 37.15 37.15 
2016/07/29 37.10 37.10 37.05 37.05 
2016/08/01 37.10 37.30 37.10 37.20 
2016/08/02 37.20 37.20 37.10 37.15 
2016/08/03 37.15 37.15 37.00 37.10 
2016/08/04 37.10 37.15 37.10 37.15 
2016/08/05 37.20 37.30 37.20 37.25 
2016/08/08 37.25 37.65 37.25 37.55 
2016/08/09 37.55 37.55 37.20 37.40 
2016/08/10 37.40 37.40 37.30 37.35 
2016/08/11 37.35 37.40 37.25 37.40 
2016/08/12 37.40 37.40 37.15 37.35 
2016/08/15 37.35 37.35 37.15 37.35 
2016/08/16 37.35 37.35 37.15 37.30 
2016/08/17 37.30 37.35 37.20 37.35 
2016/08/18 37.35 37.35 37.35 37.35 
2016/08/19 37.30 37.40 37.20 37.20 
2016/08/22 37.20 37.20 37.10 37.20 
2016/08/23 37.20 37.20 37.00 37.00 
2016/08/24 36.95 37.00 36.95 37.00 
2016/08/25 37.00 37.20 37.00 37.20 
2016/08/26 37.20 37.25 37.20 37.25 
2016/08/29 37.25 37.25 37.00 37.00 
2016/08/30 37.35 37.40 37.00 37.30 
2016/08/31 37.30 37.30 36.90 36.90 
2016/09/01 37.00 37.00 37.00 37.00 
2016/09/02 37.00 37.00 37.00 37.00 
2016/09/05 37.00 37.20 37.00 37.15 
2016/09/06 37.20 37.30 37.10 37.10 
2016/09/07 37.10 37.20 37.05 37.20 
2016/09/08 37.30 38.05 37.30 37.80 
2016/09/09 37.70 37.70 37.50 37.50 
2016/09/10 37.20 37.30 37.20 37.30 
2016/09/12 37.45 37.50 37.05 37.30 
2016/09/13 37.35 37.35 37.10 37.20 
2016/09/14 37.05 37.35 37.05 37.10 
2016/09/19 37.30 37.50 37.20 37.30 
2016/09/20 37.30 37.30 37.00 37.00 
2016/09/21 37.05 37.70 37.05 37.55 
2016/09/22 37.55 37.55 37.15 37.50 
2016/09/23 37.50 37.50 37.45 37.45 
2016/09/26 37.40 37.40 37.40 37.40 
2016/09/29 37.40 37.40 37.40 37.40 
2016/09/30 37.70 37.70 37.20 37.25 
2016/10/03 37.25 37.60 37.25 37.35 
2016/10/04 37.30 37.70 37.30 37.35 
2016/10/05 37.80 37.80 37.35 37.35 
2016/10/06 37.45 37.50 37.35 37.35 
2016/10/07 37.55 37.55 37.40 37.40 
2016/10/11 37.25 37.30 36.80 37.10 
2016/10/12 37.05 37.10 37.05 37.05 
2016/10/13 37.10 37.10 37.00 37.10 
2016/10/14 37.00 37.10 36.95 37.00 
2016/10/17 37.00 37.00 36.95 36.95 
2016/10/18 37.00 37.00 36.90 37.00 
2016/10/19 37.00 37.15 37.00 37.15 
2016/10/20 37.15 37.15 37.00 37.00 
2016/10/21 37.00 37.15 36.95 37.00 
2016/10/24 37.00 37.10 37.00 37.10 
2016/10/25 37.00 37.00 36.90 37.00 
2016/10/26 37.00 37.20 37.00 37.20 
2016/10/27 37.00 37.10 37.00 37.00 
2016/10/28 37.00 37.10 36.85 37.00 
2016/10/31 37.00 37.00 36.95 37.00 
2016/11/01 36.85 37.00 36.85 37.00 
2016/11/02 37.00 37.00 36.90 36.90 
2016/11/03 36.90 36.90 36.85 36.90 
2016/11/04 36.90 36.90 36.80 36.80 
2016/11/07 37.00 37.00 36.50 36.70 
2016/11/08 36.70 36.80 36.70 36.80 
2016/11/09 36.70 36.70 36.50 36.60 
2016/11/10 36.60 36.65 36.35 36.40 
2016/11/11 36.20 36.70 36.05 36.30 
2016/11/14 36.30 36.30 36.00 36.20 
2016/11/15 36.20 36.60 36.05 36.20 
2016/11/16 36.45 36.45 36.40 36.40 
2016/11/17 36.40 36.40 36.25 36.40 
2016/11/18 36.40 36.60 36.10 36.60 
2016/11/21 36.20 36.55 36.20 36.50 
2016/11/22 36.30 36.30 36.30 36.30 
2016/11/23 36.40 36.50 36.40 36.50 
2016/11/24 36.50 36.50 36.50 36.50 
2016/11/25 36.50 36.50 36.40 36.40 
2016/11/28 36.50 36.60 36.50 36.60 
2016/11/29 36.60 36.60 36.50 36.60 
2016/11/30 36.60 36.60 36.50 36.60 
2016/12/01 36.60 36.70 36.60 36.60 
2016/12/02 36.60 36.60 36.60 36.60 
2016/12/05 36.25 36.35 36.25 36.35 
2016/12/06 36.70 36.70 36.35 36.60 
2016/12/07 36.60 36.70 36.60 36.60 
2016/12/08 36.60 36.60 36.50 36.60 
2016/12/09 36.70 36.80 36.70 36.80 
2016/12/12 36.60 36.70 36.60 36.60 
2016/12/13 36.60 36.65 36.60 36.65 
2016/12/14 36.60 36.60 36.55 36.55 
2016/12/15 36.60 36.65 36.60 36.65 
2016/12/16 37.80 37.80 36.80 36.80 
2016/12/19 36.80 36.95 36.80 36.80 
2016/12/20 37.00 37.00 36.80 36.90 
2016/12/21 36.65 36.65 36.65 36.65 
2016/12/22 36.90 36.90 36.70 36.70 
2016/12/23 36.80 37.00 36.70 37.00 
2016/12/26 37.00 37.00 36.80 36.95 
2016/12/27 36.95 36.95 36.90 36.90 
2016/12/28 36.60 36.90 36.60 36.90 
2016/12/29 36.60 36.60 36.60 36.60 
2016/12/30 36.60 37.00 36.60 36.75 
2017/01/03 36.70 36.90 36.70 36.70 
2017/01/04 36.65 36.80 36.60 36.80 
2017/01/05 36.65 36.90 36.65 36.85 
2017/01/06 36.70 36.80 36.70 36.80 
2017/01/09 36.70 37.00 36.70 37.00 
2017/01/10 36.70 37.10 36.70 37.10 
2017/01/11 37.10 37.10 37.00 37.05 
2017/01/12 36.90 37.00 36.90 37.00 
2017/01/13 37.00 37.00 37.00 37.00 
2017/01/16 37.05 37.05 37.00 37.00 
2017/01/17 37.00 37.25 37.00 37.10 
2017/01/18 37.30 37.30 37.20 37.25 
2017/01/19 37.25 37.25 37.25 37.25 
2017/01/20 37.15 37.30 37.05 37.30 
2017/01/23 37.30 37.50 37.00 37.00 
2017/01/24 37.00 37.00 36.80 36.80 
2017/02/02 37.00 37.10 36.80 36.85 
2017/02/03 36.80 36.85 36.80 36.85 
2017/02/06 36.85 37.30 36.80 37.10 
2017/02/07 37.10 37.15 36.80 37.10 
2017/02/08 37.10 37.10 36.90 37.05 
