2016/07/01 33.00 33.00 32.65 32.90 
2016/07/04 32.90 32.90 32.70 32.75 
2016/07/05 32.85 32.85 32.75 32.75 
2016/07/06 32.75 32.75 32.40 32.65 
2016/07/07 32.55 33.00 32.55 32.85 
2016/07/11 33.10 33.10 32.75 32.80 
2016/07/12 33.00 33.10 32.85 32.95 
2016/07/13 32.85 32.95 32.80 32.85 
2016/07/14 33.00 33.00 32.75 32.90 
2016/07/15 32.80 33.00 32.80 33.00 
2016/07/18 32.95 33.15 32.90 33.15 
2016/07/19 33.10 33.20 33.00 33.10 
2016/07/20 33.00 33.30 33.00 33.25 
2016/07/21 33.25 33.40 33.15 33.35 
2016/07/22 33.40 33.40 33.15 33.20 
2016/07/25 33.20 33.50 33.20 33.45 
2016/07/26 33.50 34.25 33.50 34.20 
2016/07/27 34.30 34.30 33.80 33.95 
2016/07/28 32.65 33.05 32.50 32.90 
2016/07/29 32.90 33.00 32.65 32.65 
2016/08/01 32.50 32.75 32.50 32.75 
2016/08/02 32.75 32.85 32.55 32.70 
2016/08/03 32.55 32.70 32.15 32.50 
2016/08/04 32.50 32.50 32.15 32.20 
2016/08/05 32.20 32.55 32.00 32.45 
2016/08/08 32.45 32.85 32.05 32.85 
2016/08/09 32.85 32.85 32.45 32.60 
2016/08/10 32.40 32.55 32.20 32.50 
2016/08/11 32.50 32.60 32.30 32.60 
2016/08/12 34.50 34.50 33.10 33.25 
2016/08/15 33.50 33.60 33.20 33.20 
2016/08/16 33.25 33.25 32.80 32.80 
2016/08/17 33.00 33.80 32.90 33.55 
2016/08/18 33.55 33.55 33.20 33.30 
2016/08/19 33.20 33.40 32.85 32.90 
2016/08/22 32.90 32.90 32.00 32.40 
2016/08/23 32.40 33.40 32.40 33.10 
2016/08/24 33.65 33.65 32.55 32.90 
2016/08/25 33.30 33.30 32.65 32.95 
2016/08/26 32.95 32.95 32.50 32.70 
2016/08/29 32.75 32.80 32.40 32.70 
2016/08/30 32.80 32.95 32.40 32.60 
2016/08/31 32.60 33.15 32.60 32.70 
2016/09/01 32.70 33.00 32.60 32.60 
2016/09/02 32.90 32.90 32.40 32.40 
2016/09/05 32.90 33.00 32.40 32.50 
2016/09/06 32.50 32.50 32.30 32.35 
2016/09/07 32.35 32.65 32.25 32.35 
2016/09/08 32.40 32.50 32.35 32.50 
2016/09/09 32.70 33.00 32.65 32.90 
2016/09/10 32.90 33.75 32.50 33.35 
2016/09/12 33.35 33.45 32.95 33.00 
2016/09/13 33.30 33.40 32.20 33.10 
2016/09/14 33.00 33.00 32.45 32.45 
2016/09/19 32.40 32.60 32.05 32.55 
2016/09/20 32.55 32.65 32.50 32.60 
2016/09/21 32.60 32.90 32.55 32.80 
2016/09/22 32.80 32.85 32.45 32.50 
2016/09/23 32.50 32.65 32.25 32.25 
2016/09/26 32.80 32.80 32.30 32.45 
2016/09/29 32.45 33.00 32.20 32.35 
2016/09/30 32.35 32.40 32.15 32.25 
2016/10/03 32.30 32.35 32.15 32.15 
2016/10/04 32.15 32.35 32.15 32.25 
2016/10/05 32.25 32.55 32.10 32.30 
2016/10/06 32.30 32.50 32.30 32.30 
2016/10/07 32.25 32.25 32.10 32.20 
2016/10/11 32.25 32.25 31.90 32.05 
2016/10/12 32.05 32.10 32.00 32.05 
2016/10/13 32.05 32.15 31.90 31.90 
2016/10/14 32.40 32.40 32.00 32.15 
2016/10/17 32.20 32.25 32.10 32.25 
2016/10/18 32.25 32.30 32.05 32.05 
2016/10/19 32.05 32.10 32.00 32.05 
2016/10/20 32.05 32.60 32.05 32.55 
2016/10/21 32.55 32.65 32.35 32.45 
2016/10/24 32.45 32.55 32.30 32.50 
2016/10/25 32.50 32.50 32.40 32.45 
2016/10/26 32.45 32.50 32.25 32.45 
2016/10/27 32.45 32.50 32.25 32.35 
2016/10/28 32.35 32.35 32.20 32.20 
2016/10/31 32.20 32.35 32.10 32.30 
2016/11/01 32.30 32.45 32.10 32.10 
2016/11/02 32.10 32.50 32.10 32.10 
2016/11/03 32.10 32.20 32.05 32.15 
2016/11/04 32.10 32.40 32.05 32.20 
2016/11/07 32.25 32.30 32.10 32.10 
2016/11/08 32.10 32.25 32.00 32.15 
2016/11/09 32.45 32.45 31.80 31.80 
2016/11/10 31.90 32.20 31.90 32.10 
2016/11/11 32.20 32.45 31.90 32.20 
2016/11/14 32.20 32.20 32.05 32.10 
2016/11/15 32.05 32.20 32.00 32.10 
2016/11/16 32.50 32.50 32.05 32.20 
2016/11/17 32.20 32.40 32.20 32.25 
2016/11/18 32.25 32.40 32.25 32.35 
2016/11/21 32.40 32.40 32.10 32.10 
2016/11/22 32.10 32.40 32.05 32.30 
2016/11/23 32.10 32.30 32.10 32.30 
2016/11/24 32.30 32.40 32.20 32.30 
2016/11/25 32.30 32.40 32.25 32.30 
2016/11/28 32.30 32.40 32.20 32.40 
2016/11/29 32.50 32.50 32.25 32.30 
2016/11/30 32.30 32.40 32.25 32.40 
2016/12/01 32.40 32.40 32.20 32.30 
2016/12/02 32.30 32.35 32.10 32.35 
2016/12/05 32.35 32.35 32.20 32.20 
2016/12/06 32.25 32.35 32.20 32.35 
2016/12/07 32.35 32.50 32.35 32.40 
2016/12/08 32.30 32.50 32.30 32.50 
2016/12/09 32.60 32.60 32.45 32.55 
2016/12/12 32.60 32.60 32.45 32.60 
2016/12/13 32.60 32.60 32.50 32.55 
2016/12/14 32.55 32.55 32.45 32.55 
2016/12/15 32.45 32.45 32.30 32.45 
2016/12/16 32.45 32.45 32.35 32.45 
2016/12/19 32.35 32.60 32.35 32.45 
2016/12/20 32.35 32.70 32.35 32.65 
2016/12/21 32.40 32.80 32.40 32.65 
2016/12/22 32.50 32.75 32.50 32.50 
2016/12/23 32.35 32.50 32.35 32.45 
2016/12/26 32.45 32.60 32.35 32.45 
2016/12/27 32.35 32.60 32.35 32.45 
2016/12/28 32.35 32.50 32.35 32.50 
2016/12/29 32.35 32.50 32.35 32.35 
2016/12/30 32.35 32.40 32.20 32.30 
2017/01/03 32.30 32.30 32.05 32.10 
2017/01/04 32.30 32.30 32.15 32.15 
2017/01/05 32.15 32.20 32.10 32.10 
2017/01/06 32.20 32.40 32.10 32.10 
2017/01/09 32.30 32.30 32.05 32.25 
2017/01/10 32.25 32.25 32.10 32.10 
2017/01/11 32.10 32.20 32.10 32.15 
2017/01/12 32.30 32.30 32.10 32.15 
2017/01/13 32.10 32.20 32.05 32.20 
2017/01/16 32.20 32.30 32.10 32.30 
2017/01/17 32.30 32.30 32.15 32.30 
2017/01/18 32.30 32.30 32.10 32.30 
2017/01/19 32.30 32.30 32.25 32.30 
2017/01/20 32.30 32.30 32.20 32.25 
2017/01/23 32.25 32.30 32.15 32.20 
2017/01/24 32.20 32.30 32.15 32.30 
2017/02/02 32.30 32.30 32.05 32.30 
2017/02/03 32.30 32.30 32.15 32.15 
2017/02/06 32.15 32.55 32.15 32.45 
2017/02/07 32.40 32.55 32.40 32.45 
2017/02/08 32.40 32.50 32.35 32.40 
