2016/07/01 19.90 20.15 19.90 20.00 
2016/07/04 19.80 19.95 19.80 19.95 
2016/07/05 19.85 19.95 19.80 19.80 
2016/07/06 19.85 19.85 19.80 19.80 
2016/07/07 20.00 20.00 19.85 19.85 
2016/07/11 19.90 20.10 19.90 20.10 
2016/07/12 20.00 20.00 19.90 20.00 
2016/07/13 19.90 19.95 19.85 19.95 
2016/07/14 19.90 20.10 19.90 20.00 
2016/07/15 20.00 20.20 20.00 20.15 
2016/07/18 19.95 19.95 19.60 19.65 
2016/07/19 19.70 19.70 19.50 19.50 
2016/07/20 19.50 19.60 19.50 19.55 
2016/07/21 19.60 19.70 19.60 19.70 
2016/07/22 19.70 19.70 19.50 19.60 
2016/07/25 19.70 19.80 19.55 19.80 
2016/07/26 19.80 19.85 19.80 19.80 
2016/07/27 19.85 19.85 19.80 19.80 
2016/07/28 19.80 19.80 19.60 19.75 
2016/07/29 19.75 19.75 19.65 19.70 
2016/08/01 19.75 19.75 19.55 19.55 
2016/08/02 19.75 19.75 19.55 19.55 
2016/08/03 19.55 19.55 19.50 19.55 
2016/08/04 19.50 19.65 19.50 19.60 
2016/08/05 19.55 19.70 19.55 19.60 
2016/08/08 19.60 19.65 19.45 19.65 
2016/08/09 19.60 19.70 19.60 19.70 
2016/08/10 19.80 19.80 19.80 19.80 
2016/08/11 19.80 19.80 19.65 19.70 
2016/08/12 19.50 19.60 19.45 19.60 
2016/08/15 19.55 19.65 19.45 19.45 
2016/08/16 19.40 19.40 19.20 19.20 
2016/08/17 19.05 19.65 19.05 19.65 
2016/08/18 19.40 19.40 19.25 19.30 
2016/08/19 19.35 19.35 19.25 19.30 
2016/08/22 19.25 19.30 19.00 19.10 
2016/08/23 18.80 19.55 18.80 19.20 
2016/08/24 19.20 19.20 19.00 19.15 
2016/08/25 19.05 19.40 19.05 19.20 
2016/08/26 19.30 19.30 19.25 19.25 
2016/08/29 19.30 19.30 19.30 19.30 
2016/08/30 19.30 19.40 19.30 19.30 
2016/08/31 19.30 19.60 19.30 19.40 
2016/09/01 19.30 19.40 19.30 19.40 
2016/09/02 19.30 19.30 19.25 19.30 
2016/09/05 19.30 19.30 19.20 19.20 
2016/09/06 19.10 19.30 19.10 19.20 
2016/09/07 19.30 19.30 19.30 19.30 
2016/09/08 19.40 19.40 19.25 19.25 
2016/09/09 19.25 19.25 19.20 19.20 
2016/09/10 19.20 19.20 19.00 19.10 
2016/09/12 19.15 19.25 19.05 19.05 
2016/09/13 19.15 19.15 19.05 19.10 
2016/09/14 19.20 19.20 19.00 19.10 
2016/09/19 19.10 19.10 19.10 19.10 
2016/09/20 19.25 19.40 19.25 19.40 
2016/09/21 19.40 19.65 19.30 19.65 
2016/09/22 19.40 19.65 19.40 19.60 
2016/09/23 19.60 19.60 19.50 19.50 
2016/09/26 19.40 19.40 19.35 19.35 
2016/09/29 19.30 19.40 19.30 19.40 
2016/09/30 19.20 19.40 19.20 19.35 
2016/10/03 19.35 19.40 19.20 19.20 
2016/10/04 19.20 19.20 19.20 19.20 
2016/10/05 19.20 19.30 19.10 19.20 
2016/10/06 19.20 19.20 19.20 19.20 
2016/10/07 19.10 19.10 19.00 19.05 
2016/10/11 19.15 19.15 19.05 19.10 
2016/10/12 19.10 19.10 19.00 19.00 
2016/10/13 19.10 19.20 19.10 19.10 
2016/10/14 19.10 19.10 18.80 19.10 
2016/10/17 19.15 19.15 19.05 19.05 
2016/10/18 19.05 19.05 19.00 19.00 
2016/10/19 19.05 19.10 18.95 18.95 
2016/10/20 19.00 19.15 18.85 18.90 
2016/10/21 19.00 19.00 18.90 19.00 
2016/10/24 19.00 19.00 19.00 19.00 
2016/10/25 19.00 19.00 18.80 18.95 
2016/10/26 18.95 19.00 18.75 19.00 
2016/10/27 18.95 18.95 18.85 18.85 
2016/10/28 18.90 18.90 18.65 18.65 
2016/10/31 18.85 18.85 18.65 18.65 
2016/11/01 18.85 19.00 18.85 19.00 
2016/11/02 19.00 19.00 18.75 18.80 
2016/11/03 18.80 18.80 18.40 18.45 
2016/11/04 18.65 18.65 18.60 18.60 
2016/11/07 18.60 18.80 18.50 18.55 
2016/11/08 18.60 18.60 18.30 18.50 
2016/11/09 18.55 18.55 18.30 18.30 
2016/11/10 18.30 18.30 18.30 18.30 
2016/11/11 18.35 18.50 18.35 18.50 
2016/11/14 18.50 18.50 18.30 18.30 
2016/11/15 18.40 18.50 18.25 18.30 
2016/11/16 18.50 18.50 18.30 18.40 
2016/11/17 18.30 18.50 18.30 18.50 
2016/11/18 18.50 18.50 18.35 18.35 
2016/11/21 18.15 18.30 18.15 18.30 
2016/11/22 18.40 18.40 18.20 18.20 
2016/11/23 18.40 18.40 18.40 18.40 
2016/11/24 18.50 18.50 18.35 18.45 
2016/11/25 18.40 18.40 18.35 18.40 
2016/11/28 18.20 18.40 18.20 18.40 
2016/11/29 18.40 18.40 18.35 18.40 
2016/11/30 18.45 18.45 18.30 18.35 
2016/12/01 18.30 18.45 18.25 18.45 
2016/12/02 18.25 18.45 18.25 18.25 
2016/12/05 18.40 18.50 18.25 18.45 
2016/12/06 18.70 18.80 18.45 18.45 
2016/12/07 18.45 18.45 18.30 18.35 
2016/12/08 18.35 18.35 18.15 18.35 
2016/12/09 18.30 18.40 18.25 18.40 
2016/12/12 18.30 18.45 18.20 18.30 
2016/12/13 18.30 18.45 18.20 18.20 
2016/12/14 18.25 18.85 18.20 18.85 
2016/12/15 18.80 18.80 18.40 18.80 
2016/12/16 18.60 18.80 18.50 18.80 
2016/12/19 18.80 18.80 18.50 18.50 
2016/12/20 18.45 18.45 18.40 18.45 
2016/12/21 18.40 18.40 18.35 18.35 
2016/12/22 18.30 18.30 18.25 18.25 
2016/12/23 18.45 18.45 18.40 18.40 
2016/12/26 18.30 18.30 18.30 18.30 
2016/12/27 18.35 18.35 18.25 18.35 
2016/12/28 18.30 18.30 18.30 18.30 
2016/12/29 18.40 18.40 18.40 18.40 
2016/12/30 18.40 18.40 18.40 18.40 
2017/01/03 18.35 18.40 18.25 18.30 
2017/01/04 18.25 18.30 18.25 18.30 
2017/01/05 18.30 18.40 18.30 18.40 
2017/01/06 18.30 18.45 18.30 18.40 
2017/01/09 18.40 18.45 18.40 18.45 
2017/01/10 18.40 18.45 18.40 18.40 
2017/01/11 18.40 18.40 18.40 18.40 
2017/01/12 18.40 18.40 18.40 18.40 
2017/01/13 18.30 18.40 18.30 18.40 
2017/01/16 18.35 18.35 18.25 18.30 
2017/01/17 18.30 18.40 18.25 18.25 
2017/01/18 18.25 18.30 18.20 18.20 
2017/01/19 18.30 18.30 18.20 18.20 
2017/01/20 18.20 18.35 18.20 18.25 
2017/01/23 18.30 18.30 18.20 18.25 
2017/01/24 18.30 18.40 18.30 18.40 
2017/02/02 18.40 18.40 18.20 18.20 
2017/02/03 18.20 18.60 18.20 18.60 
2017/02/06 18.50 18.50 18.35 18.35 
2017/02/07 18.40 18.70 18.40 18.55 
2017/02/08 18.50 18.50 18.35 18.40 
