2016/07/01 108.50 109.00 108.00 108.50 
2016/07/04 114.00 114.00 108.50 109.50 
2016/07/05 110.50 110.50 107.00 108.50 
2016/07/06 108.00 108.00 105.50 106.00 
2016/07/07 106.00 106.50 105.50 106.00 
2016/07/11 108.50 108.50 106.00 107.50 
2016/07/12 107.50 107.50 106.00 107.00 
2016/07/13 103.50 107.00 103.50 106.00 
2016/07/14 105.50 109.00 105.50 107.00 
2016/07/15 107.50 109.00 107.50 108.50 
2016/07/18 106.00 106.50 104.50 104.50 
2016/07/19 105.00 105.00 104.00 104.00 
2016/07/20 104.00 104.50 103.00 103.00 
2016/07/21 103.00 104.50 103.00 103.50 
2016/07/22 104.00 104.00 102.50 102.50 
2016/07/25 102.00 103.00 102.00 102.00 
2016/07/26 106.50 106.50 102.50 104.00 
2016/07/27 103.00 104.00 103.00 103.50 
2016/07/28 102.00 102.50 100.00 101.00 
2016/07/29 102.00 102.50 101.00 102.00 
2016/08/01 104.00 104.00 101.50 102.00 
2016/08/02 103.00 104.00 102.50 104.00 
2016/08/03 103.00 103.50 102.50 102.50 
2016/08/04 103.00 106.00 102.50 106.00 
2016/08/05 108.50 116.50 108.50 116.50 
2016/08/08 120.50 123.00 118.00 118.00 
2016/08/09 116.00 116.00 113.00 113.50 
2016/08/10 112.50 113.00 110.50 113.00 
2016/08/11 114.50 121.00 114.50 119.00 
2016/08/12 121.00 129.00 120.00 128.00 
2016/08/15 131.50 131.50 125.00 126.00 
2016/08/16 126.00 126.00 122.50 123.00 
2016/08/17 125.50 126.50 123.00 126.00 
2016/08/18 127.50 127.50 124.00 126.00 
2016/08/19 127.00 127.00 122.00 122.00 
2016/08/22 120.50 120.50 117.00 118.00 
2016/08/23 119.00 120.00 118.00 120.00 
2016/08/24 119.50 120.00 119.00 120.00 
2016/08/25 123.00 124.50 122.00 123.00 
2016/08/26 129.00 135.00 126.50 135.00 
2016/08/29 139.00 146.00 137.50 141.00 
2016/08/30 143.00 148.50 139.00 144.00 
2016/08/31 144.00 158.00 144.00 158.00 
2016/09/01 164.00 172.50 155.50 159.00 
2016/09/02 158.00 164.00 154.00 162.00 
2016/09/05 163.50 164.50 158.00 159.00 
2016/09/06 160.00 164.00 159.00 160.00 
2016/09/07 161.50 161.50 155.00 157.50 
2016/09/08 157.00 160.00 155.00 160.00 
2016/09/09 158.00 158.00 156.00 157.50 
2016/09/10 155.00 155.50 150.00 151.50 
2016/09/12 152.50 152.50 149.00 152.50 
2016/09/13 153.00 153.00 149.00 149.00 
2016/09/14 149.00 149.00 146.00 147.00 
2016/09/19 147.00 157.00 146.00 155.00 
2016/09/20 154.00 155.00 152.50 153.00 
2016/09/21 153.00 164.00 153.00 161.00 
2016/09/22 159.00 160.00 154.00 158.00 
2016/09/23 158.00 161.00 157.00 158.00 
2016/09/26 157.00 157.00 155.00 156.00 
2016/09/29 153.00 153.00 150.50 150.50 
2016/09/30 150.50 150.50 147.00 147.00 
2016/10/03 148.00 150.50 148.00 148.00 
2016/10/04 149.50 149.50 146.00 146.00 
2016/10/05 148.50 150.50 148.50 149.50 
2016/10/06 150.00 150.00 148.00 149.50 
2016/10/07 150.50 150.50 148.50 149.50 
2016/10/11 149.50 149.50 140.50 141.00 
2016/10/12 136.50 139.00 136.50 138.50 
2016/10/13 138.50 141.50 137.50 141.50 
2016/10/14 141.00 142.50 136.50 142.50 
2016/10/17 137.00 140.00 137.00 140.00 
2016/10/18 140.00 141.00 139.00 139.00 
2016/10/19 140.50 140.50 138.00 138.00 
2016/10/20 138.00 139.00 138.00 138.00 
2016/10/21 135.00 136.00 135.00 136.00 
2016/10/24 134.50 135.00 133.50 134.50 
2016/10/25 134.50 136.00 133.00 136.00 
2016/10/26 135.00 135.00 133.00 133.00 
2016/10/27 133.00 135.50 133.00 133.50 
2016/10/28 133.50 135.00 133.50 135.00 
2016/10/31 133.50 135.00 133.50 135.00 
2016/11/01 138.00 147.50 138.00 143.50 
2016/11/02 145.00 145.00 138.00 139.00 
2016/11/03 138.00 138.00 132.50 138.00 
2016/11/04 137.50 137.50 135.00 135.00 
2016/11/07 130.00 133.00 130.00 131.00 
2016/11/08 131.00 131.00 120.50 130.00 
2016/11/09 133.00 133.00 123.00 123.00 
2016/11/10 123.00 128.00 123.00 126.00 
2016/11/11 126.00 126.00 123.50 124.00 
2016/11/14 123.00 126.50 122.00 124.00 
2016/11/15 127.00 130.00 125.00 125.00 
2016/11/16 125.50 125.50 122.00 123.00 
2016/11/17 123.00 125.00 123.00 125.00 
2016/11/18 125.00 125.00 122.00 122.50 
2016/11/21 124.00 124.00 122.00 124.00 
2016/11/22 124.00 124.00 122.50 124.00 
2016/11/23 123.00 124.00 123.00 123.50 
2016/11/24 123.00 123.50 121.00 123.00 
2016/11/25 122.00 123.00 122.00 123.00 
2016/11/28 123.50 123.50 119.00 122.00 
2016/11/29 122.00 122.00 121.00 121.00 
2016/11/30 122.00 131.00 122.00 124.50 
2016/12/01 124.50 126.00 123.00 126.00 
2016/12/02 125.00 125.50 124.00 125.50 
2016/12/05 125.00 125.00 123.00 124.50 
2016/12/06 124.50 129.00 124.00 127.50 
2016/12/07 126.50 128.50 126.50 128.00 
2016/12/08 130.00 130.00 127.00 129.00 
2016/12/09 129.00 129.00 127.00 128.50 
2016/12/12 128.00 128.00 125.00 127.00 
2016/12/13 126.00 126.50 124.50 126.50 
2016/12/14 126.50 126.50 124.50 124.50 
2016/12/15 125.00 125.00 124.50 125.00 
2016/12/16 129.00 129.00 124.00 124.50 
2016/12/19 124.50 124.50 122.00 123.00 
2016/12/20 123.00 123.50 123.00 123.50 
2016/12/21 122.50 124.00 122.50 124.00 
2016/12/22 124.50 124.50 120.50 124.00 
2016/12/23 122.00 124.00 121.00 124.00 
2016/12/26 123.00 124.00 122.00 123.50 
2016/12/27 123.00 123.00 122.00 123.00 
2016/12/28 122.00 123.50 121.50 121.50 
2016/12/29 124.00 124.00 122.00 123.00 
2016/12/30 123.00 123.50 121.00 122.50 
2017/01/03 122.50 122.50 122.00 122.50 
2017/01/04 122.50 125.00 122.50 124.50 
2017/01/05 125.50 126.50 124.50 124.50 
2017/01/06 125.00 125.50 123.00 125.00 
2017/01/09 125.00 125.00 123.50 125.00 
2017/01/10 125.50 125.50 125.00 125.00 
2017/01/11 125.50 125.50 123.00 125.00 
2017/01/12 125.00 129.50 125.00 125.00 
2017/01/13 126.00 126.50 125.00 126.00 
2017/01/16 125.00 125.00 124.50 125.00 
2017/01/17 125.00 127.00 124.50 126.50 
2017/01/18 127.50 127.50 125.50 126.50 
2017/01/19 126.00 126.00 125.00 125.00 
2017/01/20 127.00 127.00 125.00 125.00 
2017/01/23 125.50 126.50 125.50 126.50 
2017/01/24 127.50 127.50 125.00 125.50 
2017/02/02 125.50 126.00 124.50 126.00 
2017/02/03 126.50 126.50 125.00 126.00 
2017/02/06 126.50 126.50 125.50 126.50 
2017/02/07 126.50 126.50 125.50 126.00 
2017/02/08 127.00 127.50 127.00 127.50 
