2016/07/01 150.00 155.50 150.00 152.50 
2016/07/04 152.50 156.50 152.50 156.50 
2016/07/05 157.00 157.50 154.50 156.00 
2016/07/06 154.50 157.00 153.00 156.50 
2016/07/07 156.50 159.50 155.50 155.50 
2016/07/11 157.50 157.50 155.50 157.00 
2016/07/12 156.00 156.00 151.50 153.00 
2016/07/13 154.00 156.50 153.50 156.00 
2016/07/14 155.00 156.50 155.00 155.50 
2016/07/15 155.50 158.00 155.00 156.50 
2016/07/18 157.00 159.00 156.50 156.50 
2016/07/19 155.50 155.50 153.50 154.00 
2016/07/20 152.50 153.50 151.00 151.50 
2016/07/21 151.00 157.50 151.00 155.50 
2016/07/22 154.00 154.50 152.00 152.00 
2016/07/25 152.50 153.00 145.00 149.00 
2016/07/26 148.00 150.00 146.00 147.00 
2016/07/27 147.00 150.50 146.50 148.50 
2016/07/28 149.00 149.00 146.50 147.00 
2016/07/29 147.50 147.50 145.50 147.00 
2016/08/01 148.00 148.50 146.00 147.50 
2016/08/02 146.50 148.00 143.50 145.00 
2016/08/03 146.00 146.00 144.50 145.00 
2016/08/04 146.00 146.00 144.50 145.00 
2016/08/05 146.00 151.50 146.00 148.00 
2016/08/08 149.50 150.00 147.50 149.50 
2016/08/09 149.50 149.50 140.00 143.00 
2016/08/10 144.00 144.50 142.00 142.50 
2016/08/11 143.50 144.50 142.00 144.50 
2016/08/12 144.50 144.50 143.00 144.00 
2016/08/15 145.50 147.00 143.00 144.00 
2016/08/16 144.50 144.50 142.50 143.00 
2016/08/17 143.00 143.50 142.00 142.50 
2016/08/18 143.50 145.00 142.50 144.50 
2016/08/19 144.50 146.00 144.50 144.50 
2016/08/22 146.00 146.00 143.00 143.50 
2016/08/23 143.50 144.50 142.50 143.00 
2016/08/24 143.00 144.50 142.50 143.00 
2016/08/25 144.00 144.00 143.00 144.00 
2016/08/26 144.00 148.50 143.50 146.50 
2016/08/29 147.00 148.00 144.50 144.50 
2016/08/30 145.50 145.50 143.50 143.50 
2016/08/31 143.50 143.50 141.50 141.50 
2016/09/01 141.50 141.50 134.50 136.50 
2016/09/02 136.50 137.00 133.00 134.00 
2016/09/05 133.50 138.00 133.00 136.00 
2016/09/06 137.50 144.00 136.50 141.50 
2016/09/07 143.50 145.00 142.00 143.50 
2016/09/08 144.50 147.00 143.50 145.50 
2016/09/09 145.00 146.50 144.50 145.50 
2016/09/10 145.00 147.00 145.00 147.00 
2016/09/12 148.00 153.00 147.00 148.50 
2016/09/13 148.50 151.00 145.00 145.50 
2016/09/14 145.00 146.50 145.00 145.50 
2016/09/19 146.50 149.50 146.50 149.00 
2016/09/20 146.50 146.50 144.00 144.50 
2016/09/21 145.50 150.00 145.50 149.00 
2016/09/22 153.50 156.50 152.50 153.50 
2016/09/23 154.50 157.00 154.00 156.50 
2016/09/26 156.50 158.50 155.00 158.50 
2016/09/29 159.00 164.50 156.50 156.50 
2016/09/30 156.50 156.50 151.50 154.00 
2016/10/03 155.50 158.50 154.00 158.50 
2016/10/04 159.00 162.00 156.50 156.50 
2016/10/05 156.00 160.00 155.50 160.00 
2016/10/06 161.50 162.00 158.50 161.50 
2016/10/07 163.00 164.50 161.00 163.00 
2016/10/11 165.00 165.00 155.00 157.50 
2016/10/12 156.50 158.50 153.50 156.00 
2016/10/13 157.00 157.50 152.50 154.00 
2016/10/14 152.00 152.00 146.00 149.50 
2016/10/17 151.50 152.00 147.50 152.00 
2016/10/18 153.00 155.00 151.50 155.00 
2016/10/19 160.00 170.00 160.00 170.00 
2016/10/20 171.50 172.50 169.00 171.50 
2016/10/21 173.00 176.00 172.00 174.50 
2016/10/24 175.00 175.00 168.50 170.00 
2016/10/25 171.00 176.50 170.00 175.00 
2016/10/26 174.00 177.00 170.00 170.00 
2016/10/27 170.00 170.00 167.00 169.00 
2016/10/28 170.00 170.50 167.50 170.00 
2016/10/31 170.00 170.00 166.00 167.50 
2016/11/01 167.00 168.00 161.50 162.50 
2016/11/02 162.50 163.00 156.00 156.50 
2016/11/03 158.00 159.50 153.50 156.00 
2016/11/04 155.50 161.00 154.50 160.00 
2016/11/07 160.50 161.50 158.00 158.50 
2016/11/08 160.00 160.00 149.50 152.50 
2016/11/09 152.50 154.50 144.00 146.00 
2016/11/10 155.00 160.50 155.00 159.50 
2016/11/11 156.00 156.00 151.50 154.00 
2016/11/14 153.00 153.50 148.50 153.00 
2016/11/15 157.00 157.50 155.00 156.50 
2016/11/16 157.00 158.50 153.50 154.00 
2016/11/17 154.00 154.00 148.50 150.00 
2016/11/18 149.00 151.50 148.50 149.00 
2016/11/21 149.00 151.50 148.00 151.50 
2016/11/22 152.00 152.00 149.00 149.00 
2016/11/23 149.00 150.00 145.00 145.00 
2016/11/24 146.50 149.00 145.00 148.00 
2016/11/25 149.00 149.00 145.50 145.50 
2016/11/28 146.50 150.00 145.00 149.50 
2016/11/29 148.50 148.50 146.50 147.50 
2016/11/30 147.50 149.00 143.50 144.00 
2016/12/01 143.50 145.50 141.00 144.50 
2016/12/02 141.50 144.50 141.50 144.50 
2016/12/05 144.50 145.50 144.00 145.00 
2016/12/06 146.50 147.50 145.00 145.50 
2016/12/07 146.00 148.50 145.50 148.00 
2016/12/08 149.00 153.00 147.50 152.50 
2016/12/09 153.50 153.50 151.50 152.00 
2016/12/12 152.00 152.00 150.00 151.00 
2016/12/13 155.00 157.50 154.00 155.50 
2016/12/14 156.50 158.50 155.00 155.50 
2016/12/15 155.50 156.00 154.00 155.00 
2016/12/16 155.00 156.50 154.50 155.00 
2016/12/19 155.00 155.00 152.00 152.50 
2016/12/20 152.00 153.00 149.50 151.00 
2016/12/21 150.50 151.50 149.00 149.50 
2016/12/22 149.00 149.50 145.00 145.00 
2016/12/23 145.00 146.00 143.00 143.00 
2016/12/26 143.50 144.50 143.00 143.50 
2016/12/27 143.50 146.50 141.50 146.00 
2016/12/28 146.00 148.00 145.00 146.00 
2016/12/29 145.00 145.00 143.50 144.50 
2016/12/30 144.50 146.50 144.50 145.50 
2017/01/03 145.50 146.00 143.50 145.50 
2017/01/04 145.50 146.00 144.50 145.00 
2017/01/05 145.00 148.50 145.00 147.50 
2017/01/06 148.00 148.50 145.50 146.50 
2017/01/09 146.50 146.50 141.50 143.50 
2017/01/10 149.00 151.50 148.00 150.00 
2017/01/11 151.00 152.00 149.00 152.00 
2017/01/12 152.50 152.50 150.50 152.50 
2017/01/13 152.50 153.00 151.50 152.50 
2017/01/16 152.50 152.50 149.50 150.00 
2017/01/17 149.50 150.50 148.50 149.00 
2017/01/18 150.00 154.50 150.00 154.00 
2017/01/19 156.00 159.50 153.00 153.00 
2017/01/20 153.50 154.00 152.50 152.50 
2017/01/23 154.00 154.00 153.00 153.50 
2017/01/24 153.50 153.50 152.50 153.00 
2017/02/02 153.50 163.00 153.50 162.00 
2017/02/03 165.00 172.00 163.00 168.50 
2017/02/06 169.00 172.00 167.00 168.00 
2017/02/07 169.00 169.50 164.00 169.50 
2017/02/08 170.00 170.00 166.50 167.50 
