2016/07/01 186.50 186.50 185.50 185.50 
2016/07/04 184.00 184.50 184.00 184.00 
2016/07/05 184.00 184.00 182.00 182.50 
2016/07/06 182.00 184.00 182.00 182.50 
2016/07/07 183.00 183.00 182.00 182.00 
2016/07/11 182.00 182.50 182.00 182.50 
2016/07/12 183.00 183.00 182.00 182.00 
2016/07/13 183.00 183.00 182.50 183.00 
2016/07/14 182.50 183.00 182.50 183.00 
2016/07/15 184.50 184.50 182.50 182.50 
2016/07/18 183.50 184.00 183.50 184.00 
2016/07/19 185.00 185.00 183.50 184.00 
2016/07/20 184.00 186.50 183.50 186.50 
2016/07/21 185.50 190.00 185.50 188.00 
2016/07/22 188.00 188.00 186.00 186.00 
2016/07/25 185.00 185.50 183.00 184.00 
2016/07/26 184.00 184.50 183.00 183.50 
2016/07/27 183.50 184.50 183.50 184.00 
2016/07/28 184.50 184.50 183.00 183.00 
2016/07/29 183.00 184.50 183.00 183.00 
2016/08/01 184.00 184.00 183.00 184.00 
2016/08/02 183.50 185.00 183.00 184.50 
2016/08/03 184.50 186.00 184.50 185.00 
2016/08/04 185.00 185.00 184.00 185.00 
2016/08/05 185.00 187.00 185.00 186.00 
2016/08/08 186.00 189.00 186.00 186.50 
2016/08/09 188.00 188.00 184.00 185.00 
2016/08/10 185.00 185.50 184.00 185.50 
2016/08/11 186.00 187.00 184.50 185.00 
2016/08/12 186.00 186.00 183.50 185.00 
2016/08/15 185.00 186.50 184.50 185.00 
2016/08/16 185.00 185.00 184.50 185.00 
2016/08/17 185.00 187.00 185.00 186.50 
2016/08/18 186.50 186.50 185.50 185.50 
2016/08/19 186.00 187.00 184.00 184.00 
2016/08/22 184.00 185.00 183.50 183.50 
2016/08/23 183.50 184.50 183.50 184.00 
2016/08/24 186.00 186.00 183.50 185.00 
2016/08/25 185.50 187.00 185.00 185.00 
2016/08/26 185.00 185.00 184.00 185.00 
2016/08/29 186.00 186.00 184.00 184.50 
2016/08/30 184.50 185.50 184.50 185.50 
2016/08/31 185.50 185.50 184.00 184.50 
2016/09/01 184.50 185.00 184.00 184.50 
2016/09/02 185.00 185.00 184.50 185.00 
2016/09/05 185.00 185.50 185.00 185.00 
2016/09/06 185.50 186.00 185.00 185.50 
2016/09/07 186.00 187.00 185.50 186.00 
2016/09/08 185.50 185.50 183.50 185.00 
2016/09/09 184.50 186.50 184.50 186.50 
2016/09/10 185.00 185.50 184.50 185.50 
2016/09/12 186.50 186.50 185.00 185.00 
2016/09/13 186.00 186.50 185.50 186.50 
2016/09/14 186.00 187.00 186.00 186.50 
2016/09/19 186.50 188.50 186.00 188.00 
2016/09/20 188.00 203.00 188.00 195.00 
2016/09/21 197.50 197.50 194.00 194.00 
2016/09/22 195.50 195.50 190.00 192.00 
2016/09/23 192.00 192.50 190.00 192.00 
2016/09/26 192.00 192.00 190.00 191.00 
2016/09/29 192.00 194.00 192.00 192.00 
2016/09/30 192.00 192.00 190.00 192.00 
2016/10/03 191.00 191.00 190.00 190.50 
2016/10/04 190.00 193.00 190.00 192.00 
2016/10/05 191.00 192.00 190.50 190.50 
2016/10/06 191.00 193.00 190.50 192.00 
2016/10/07 192.00 198.50 192.00 194.50 
2016/10/11 194.50 194.50 189.00 192.50 
2016/10/12 191.50 193.00 191.00 192.50 
2016/10/13 193.00 193.00 192.00 192.00 
2016/10/14 192.00 193.00 189.00 189.50 
2016/10/17 189.50 190.50 189.00 190.50 
2016/10/18 190.50 190.50 190.00 190.00 
2016/10/19 190.00 192.50 190.00 191.00 
2016/10/20 192.00 192.00 191.00 191.00 
2016/10/21 191.50 192.00 191.50 192.00 
2016/10/24 191.50 192.00 191.50 192.00 
2016/10/25 191.50 191.50 190.00 190.50 
2016/10/26 194.00 194.00 190.50 190.50 
2016/10/27 190.50 191.00 190.00 190.00 
2016/10/28 191.00 191.00 189.00 189.00 
2016/10/31 189.00 190.00 189.00 189.50 
2016/11/01 189.50 189.50 189.50 189.50 
2016/11/02 189.00 189.00 186.00 186.50 
2016/11/03 186.50 186.50 185.00 186.50 
2016/11/04 186.50 187.00 186.50 187.00 
2016/11/07 187.00 189.50 187.00 189.50 
2016/11/08 187.00 188.50 187.00 188.00 
2016/11/09 189.00 189.00 185.00 185.00 
2016/11/10 185.00 188.00 183.00 187.00 
2016/11/11 186.50 189.00 186.50 188.50 
2016/11/14 188.00 188.00 188.00 188.00 
2016/11/15 188.00 192.50 188.00 192.50 
2016/11/16 191.50 193.50 191.50 192.50 
2016/11/17 192.50 193.00 192.00 193.00 
2016/11/18 193.00 194.00 193.00 193.50 
2016/11/21 195.00 195.00 193.50 194.50 
2016/11/22 196.00 199.00 195.50 196.50 
2016/11/23 197.00 197.50 196.50 197.50 
2016/11/24 198.00 201.50 198.00 199.00 
2016/11/25 199.00 201.00 199.00 199.50 
2016/11/28 200.00 200.50 200.00 200.00 
2016/11/29 200.00 202.50 200.00 202.00 
2016/11/30 202.00 202.50 201.00 201.50 
2016/12/01 200.50 202.50 200.50 202.00 
2016/12/02 201.00 203.00 201.00 203.00 
2016/12/05 203.00 208.00 201.00 207.50 
2016/12/06 208.00 208.00 205.00 205.50 
2016/12/07 206.50 206.50 203.50 205.00 
2016/12/08 205.00 206.00 205.00 206.00 
2016/12/09 205.50 206.00 204.00 204.00 
2016/12/12 204.00 204.50 200.00 200.50 
2016/12/13 201.00 203.00 201.00 202.50 
2016/12/14 202.00 202.50 201.00 201.00 
2016/12/15 201.00 203.00 201.00 203.00 
2016/12/16 202.50 203.50 202.50 203.00 
2016/12/19 202.50 202.50 198.00 200.00 
2016/12/20 200.00 201.50 199.50 200.00 
2016/12/21 200.50 201.00 200.00 201.00 
2016/12/22 200.00 200.00 199.50 199.50 
2016/12/23 199.00 199.00 199.00 199.00 
2016/12/26 199.00 200.00 199.00 200.00 
2016/12/27 200.50 202.00 200.50 202.00 
2016/12/28 202.00 202.00 200.00 200.00 
2016/12/29 200.00 201.50 200.00 200.50 
2016/12/30 201.00 201.50 200.50 201.50 
2017/01/03 200.00 201.00 200.00 200.50 
2017/01/04 200.50 200.50 200.00 200.50 
2017/01/05 200.00 201.00 200.00 201.00 
2017/01/06 201.00 202.00 200.50 200.50 
2017/01/09 201.00 201.00 200.00 200.50 
2017/01/10 200.50 201.50 200.00 201.50 
2017/01/11 203.00 203.00 202.00 202.50 
2017/01/12 202.50 203.00 201.00 202.50 
2017/01/13 201.50 201.50 201.00 201.50 
2017/01/16 201.50 201.50 200.50 200.50 
2017/01/17 201.00 201.00 200.00 200.50 
2017/01/18 200.00 202.00 200.00 202.00 
2017/01/19 201.00 202.50 201.00 202.50 
2017/01/20 202.50 202.50 200.00 202.50 
2017/01/23 202.50 203.50 200.00 203.50 
2017/01/24 203.00 203.50 202.00 203.50 
2017/02/02 203.50 205.50 203.50 205.50 
2017/02/03 206.00 212.00 206.00 210.00 
2017/02/06 210.50 217.50 210.50 214.00 
2017/02/07 215.00 215.00 212.00 214.00 
2017/02/08 214.00 216.00 213.00 213.50 
