2016/07/01 76.80 79.20 76.40 78.80 
2016/07/04 78.80 79.30 78.50 78.80 
2016/07/05 78.20 79.00 77.70 78.80 
2016/07/06 78.40 78.40 77.00 77.50 
2016/07/07 77.70 78.30 77.70 78.10 
2016/07/11 78.80 79.70 78.50 79.40 
2016/07/12 79.30 80.80 79.10 80.60 
2016/07/13 78.20 78.30 77.50 78.00 
2016/07/14 77.80 78.30 77.60 77.90 
2016/07/15 78.00 78.70 77.80 78.40 
2016/07/18 79.60 80.00 78.80 79.20 
2016/07/19 79.50 79.80 79.10 79.80 
2016/07/20 79.70 79.90 79.00 79.90 
2016/07/21 80.00 80.00 79.30 79.80 
2016/07/22 79.80 80.20 79.40 80.00 
2016/07/25 80.10 80.50 78.10 80.00 
2016/07/26 79.80 79.90 79.10 79.90 
2016/07/27 79.30 79.80 78.50 79.00 
2016/07/28 78.50 79.10 78.50 78.90 
2016/07/29 78.50 78.90 77.80 77.80 
2016/08/01 77.80 78.60 77.50 78.20 
2016/08/02 77.80 77.80 77.10 77.10 
2016/08/03 76.20 77.90 76.00 77.60 
2016/08/04 77.30 77.60 76.50 77.40 
2016/08/05 77.00 78.70 77.00 78.60 
2016/08/08 78.60 78.70 77.60 78.60 
2016/08/09 78.50 79.00 78.30 78.80 
2016/08/10 78.80 79.60 78.50 79.60 
2016/08/11 79.00 80.10 78.70 80.00 
2016/08/12 79.50 80.00 79.30 80.00 
2016/08/15 80.00 80.10 79.80 80.00 
2016/08/16 80.00 80.00 79.10 79.80 
2016/08/17 79.50 80.00 79.00 79.50 
2016/08/18 79.60 80.00 79.30 79.90 
2016/08/19 80.00 80.00 78.10 78.10 
2016/08/22 78.10 78.60 77.60 78.10 
2016/08/23 78.10 79.50 78.00 79.30 
2016/08/24 79.30 79.50 78.60 78.80 
2016/08/25 79.00 79.80 78.60 79.00 
2016/08/26 79.20 79.50 78.90 79.20 
2016/08/29 78.90 79.60 77.70 79.60 
2016/08/30 79.60 79.80 78.60 79.30 
2016/08/31 78.70 79.20 77.80 78.30 
2016/09/01 77.80 78.00 76.90 77.00 
2016/09/02 77.00 78.10 77.00 78.00 
2016/09/05 78.40 79.00 78.30 78.70 
2016/09/06 78.90 79.70 78.50 79.70 
2016/09/07 79.60 80.10 79.60 80.10 
2016/09/08 79.80 79.80 79.30 79.60 
2016/09/09 78.60 78.70 77.80 77.90 
2016/09/10 77.10 78.00 77.10 77.50 
2016/09/12 77.00 77.10 76.50 76.60 
2016/09/13 76.70 76.80 76.00 76.50 
2016/09/14 76.00 76.50 75.90 75.90 
2016/09/19 76.20 77.50 76.20 77.40 
2016/09/20 77.40 77.50 77.00 77.30 
2016/09/21 77.70 78.10 77.10 78.10 
2016/09/22 78.30 78.50 77.80 78.30 
2016/09/23 78.30 78.70 78.10 78.70 
2016/09/26 78.10 78.40 77.60 78.40 
2016/09/29 78.60 79.00 78.30 78.70 
2016/09/30 78.00 78.90 77.40 77.80 
2016/10/03 77.50 78.30 77.50 78.20 
2016/10/04 78.30 78.90 77.90 78.90 
2016/10/05 77.60 78.60 77.60 78.50 
2016/10/06 78.90 79.10 78.60 79.10 
2016/10/07 78.80 79.50 78.80 79.50 
2016/10/11 79.30 79.90 79.00 79.80 
2016/10/12 79.50 80.00 79.20 79.90 
2016/10/13 80.00 80.10 79.20 79.40 
2016/10/14 79.20 80.00 79.20 79.70 
2016/10/17 79.50 80.00 78.20 80.00 
2016/10/18 80.00 80.50 79.80 80.50 
2016/10/19 80.50 83.00 80.40 82.20 
2016/10/20 82.20 86.00 82.20 85.00 
2016/10/21 84.00 86.00 84.00 84.70 
2016/10/24 84.70 85.20 84.10 84.10 
2016/10/25 83.90 85.20 83.90 85.00 
2016/10/26 85.00 85.50 84.50 85.00 
2016/10/27 84.40 85.20 83.50 84.90 
2016/10/28 84.90 85.90 84.70 85.60 
2016/10/31 84.50 85.70 83.60 85.40 
2016/11/01 84.10 85.50 84.10 85.00 
2016/11/02 84.10 85.00 84.10 84.60 
2016/11/03 84.20 85.10 84.20 84.90 
2016/11/04 84.50 85.20 84.40 85.20 
2016/11/07 85.10 85.50 84.90 85.50 
2016/11/08 85.90 86.30 85.50 86.30 
2016/11/09 86.50 87.00 83.40 84.20 
2016/11/10 85.80 87.00 85.70 86.40 
2016/11/11 85.20 85.90 84.50 85.00 
2016/11/14 84.60 85.30 83.10 85.10 
2016/11/15 84.10 85.20 83.80 85.00 
2016/11/16 85.20 86.00 85.20 85.50 
2016/11/17 85.50 86.20 84.40 86.20 
2016/11/18 85.30 86.20 85.00 85.70 
2016/11/21 85.70 86.40 85.20 86.40 
2016/11/22 86.50 88.30 86.00 88.00 
2016/11/23 88.20 88.60 87.80 88.60 
2016/11/24 88.20 88.60 88.10 88.50 
2016/11/25 88.40 88.40 87.80 88.00 
2016/11/28 88.00 89.60 87.70 88.80 
2016/11/29 88.90 90.00 88.60 89.90 
2016/11/30 90.00 91.00 89.80 90.80 
2016/12/01 91.00 91.50 90.80 91.10 
2016/12/02 90.50 91.50 90.20 91.40 
2016/12/05 91.00 91.10 89.80 90.30 
2016/12/06 91.10 91.10 90.00 90.30 
2016/12/07 90.80 91.00 90.40 90.90 
2016/12/08 91.20 92.00 91.10 91.50 
2016/12/09 91.20 91.90 91.10 91.90 
2016/12/12 92.10 92.50 91.70 91.90 
2016/12/13 91.80 91.80 90.70 90.90 
2016/12/14 90.90 90.90 90.00 90.00 
2016/12/15 89.90 89.90 88.60 88.80 
2016/12/16 89.40 90.50 89.20 89.40 
2016/12/19 89.30 89.40 88.10 88.40 
2016/12/20 88.00 89.10 88.00 88.70 
2016/12/21 88.80 89.60 88.40 89.00 
2016/12/22 88.70 88.70 87.10 87.10 
2016/12/23 86.80 87.10 86.10 86.10 
2016/12/26 86.50 86.90 86.30 86.40 
2016/12/27 86.40 87.00 86.30 86.40 
2016/12/28 86.40 89.40 86.40 88.50 
2016/12/29 88.20 88.40 87.00 87.40 
2016/12/30 88.80 89.20 88.20 89.20 
2017/01/03 88.60 90.20 88.40 90.10 
2017/01/04 90.10 90.40 89.60 90.30 
2017/01/05 90.30 90.60 89.70 90.40 
2017/01/06 90.00 90.60 90.00 90.50 
2017/01/09 90.20 90.50 90.10 90.20 
2017/01/10 90.00 90.20 89.40 89.50 
2017/01/11 89.80 90.00 89.10 89.30 
2017/01/12 90.00 91.30 89.90 90.80 
2017/01/13 90.70 91.00 90.30 91.00 
2017/01/16 90.50 90.80 89.00 89.40 
2017/01/17 89.40 90.20 89.30 90.00 
2017/01/18 89.10 89.30 87.00 87.60 
2017/01/19 87.20 88.00 86.50 88.00 
2017/01/20 88.00 88.80 87.80 88.50 
2017/01/23 89.00 90.00 89.00 89.70 
2017/01/24 89.50 90.40 88.50 90.20 
2017/02/02 90.80 91.10 88.60 89.00 
2017/02/03 89.50 90.40 88.60 89.00 
2017/02/06 88.80 90.00 88.80 89.80 
2017/02/07 89.00 90.70 89.00 90.70 
2017/02/08 89.70 90.60 89.00 90.20 
