2016/07/01 15.60 15.95 15.60 15.80 
2016/07/04 15.90 15.90 15.65 15.75 
2016/07/05 15.75 15.95 15.75 15.95 
2016/07/06 15.90 15.90 15.55 15.60 
2016/07/07 15.65 15.75 15.60 15.65 
2016/07/11 15.65 15.70 15.50 15.50 
2016/07/12 15.40 15.65 15.40 15.60 
2016/07/13 15.65 15.70 15.50 15.55 
2016/07/14 15.60 16.10 15.60 15.90 
2016/07/15 16.05 16.05 15.70 15.80 
2016/07/18 15.85 15.95 15.80 15.80 
2016/07/19 15.85 16.10 15.80 16.05 
2016/07/20 16.10 16.55 16.05 16.15 
2016/07/21 16.20 16.40 16.20 16.25 
2016/07/22 16.35 16.70 16.25 16.60 
2016/07/25 17.00 17.45 16.80 16.85 
2016/07/26 16.80 16.90 16.50 16.60 
2016/07/27 16.65 17.15 16.65 16.85 
2016/07/28 17.00 17.00 16.75 16.85 
2016/07/29 16.85 17.00 16.70 16.90 
2016/08/01 16.90 17.05 16.85 16.90 
2016/08/02 16.85 16.95 16.80 16.85 
2016/08/03 16.80 17.00 16.80 16.90 
2016/08/04 16.95 17.00 16.80 16.95 
2016/08/05 16.00 16.10 15.75 15.95 
2016/08/08 16.05 16.15 15.90 16.00 
2016/08/09 16.00 16.05 15.80 15.80 
2016/08/10 15.90 16.30 15.90 16.10 
2016/08/11 16.10 16.15 15.90 16.00 
2016/08/12 16.00 16.30 16.00 16.10 
2016/08/15 16.00 16.10 15.85 15.85 
2016/08/16 15.90 16.00 15.90 15.95 
2016/08/17 15.95 15.95 15.55 15.70 
2016/08/18 15.70 15.90 15.70 15.85 
2016/08/19 15.95 16.20 15.90 16.10 
2016/08/22 16.10 16.20 15.95 15.95 
2016/08/23 15.95 16.00 15.65 15.80 
2016/08/24 15.85 15.95 15.80 15.85 
2016/08/25 15.90 16.05 15.85 15.90 
2016/08/26 15.80 15.90 15.75 15.85 
2016/08/29 15.85 15.95 15.80 15.90 
2016/08/30 15.95 16.00 15.90 16.00 
2016/08/31 16.00 16.40 15.85 16.25 
2016/09/01 16.35 16.40 16.20 16.25 
2016/09/02 16.35 16.40 16.00 16.00 
2016/09/05 16.15 16.40 16.10 16.25 
2016/09/06 16.30 16.35 16.10 16.20 
2016/09/07 16.20 16.40 16.20 16.25 
2016/09/08 16.30 16.35 16.15 16.30 
2016/09/09 16.30 16.40 16.20 16.40 
2016/09/10 16.15 16.20 16.00 16.05 
2016/09/12 16.10 16.10 15.85 15.85 
2016/09/13 16.10 16.10 15.70 15.75 
2016/09/14 15.70 15.80 15.60 15.65 
2016/09/19 15.75 16.00 15.75 15.90 
2016/09/20 15.90 15.95 15.85 15.90 
2016/09/21 15.85 16.00 15.75 15.95 
2016/09/22 16.00 16.00 15.85 15.85 
2016/09/23 15.85 15.95 15.80 15.80 
2016/09/26 15.80 15.90 15.75 15.80 
2016/09/29 15.95 16.15 15.90 16.15 
2016/09/30 16.05 16.10 15.85 15.90 
2016/10/03 15.90 16.05 15.85 15.90 
2016/10/04 15.95 16.10 15.90 16.10 
2016/10/05 16.10 16.10 15.90 16.00 
2016/10/06 16.15 16.15 15.95 16.10 
2016/10/07 16.10 16.40 16.05 16.40 
2016/10/11 16.55 16.60 16.05 16.20 
2016/10/12 16.15 16.20 16.00 16.10 
2016/10/13 16.15 16.55 16.15 16.35 
2016/10/14 16.40 16.70 16.30 16.50 
2016/10/17 16.60 16.65 16.40 16.50 
2016/10/18 16.40 16.75 16.40 16.50 
2016/10/19 16.60 16.80 16.55 16.80 
2016/10/20 16.90 17.20 16.80 17.10 
2016/10/21 17.15 17.15 16.80 17.00 
2016/10/24 17.00 17.05 16.85 16.90 
2016/10/25 16.85 17.20 16.80 16.95 
2016/10/26 16.90 17.00 16.80 16.95 
2016/10/27 17.00 17.10 16.80 16.85 
2016/10/28 17.05 17.10 16.90 16.90 
2016/10/31 16.80 16.80 16.55 16.70 
2016/11/01 16.70 16.85 16.60 16.75 
2016/11/02 16.60 16.70 16.20 16.20 
2016/11/03 16.20 16.30 16.00 16.15 
2016/11/04 16.15 16.55 16.15 16.55 
2016/11/07 16.60 16.70 16.50 16.65 
2016/11/08 16.70 16.70 16.45 16.55 
2016/11/09 16.60 16.65 16.00 16.10 
2016/11/10 16.40 17.00 16.35 16.95 
2016/11/11 16.85 17.30 16.75 16.80 
2016/11/14 18.40 18.40 17.75 18.15 
2016/11/15 18.50 19.00 18.50 18.95 
2016/11/16 19.30 19.30 18.85 18.85 
2016/11/17 19.10 19.30 18.90 19.05 
2016/11/18 19.25 19.65 19.20 19.50 
2016/11/21 19.85 20.85 19.70 20.85 
2016/11/22 21.00 21.35 20.55 20.60 
2016/11/23 20.70 20.90 20.20 20.70 
2016/11/24 20.80 20.90 20.55 20.65 
2016/11/25 20.55 20.70 20.00 20.20 
2016/11/28 20.30 21.30 20.30 21.30 
2016/11/29 21.50 21.50 21.00 21.30 
2016/11/30 21.10 21.20 20.70 21.00 
2016/12/01 21.50 21.90 21.00 21.15 
2016/12/02 21.40 21.65 21.25 21.50 
2016/12/05 21.75 21.85 21.30 21.55 
2016/12/06 21.70 21.80 21.30 21.60 
2016/12/07 21.80 22.05 21.50 21.60 
2016/12/08 21.85 21.85 21.35 21.45 
2016/12/09 21.70 21.90 21.25 21.35 
2016/12/12 21.60 21.60 21.05 21.15 
2016/12/13 21.20 21.30 20.80 21.05 
2016/12/14 21.10 21.30 20.90 20.95 
2016/12/15 20.95 21.20 20.70 21.20 
2016/12/16 21.25 21.35 20.75 20.75 
2016/12/19 20.70 20.70 19.80 20.05 
2016/12/20 20.25 20.35 20.00 20.15 
2016/12/21 20.30 20.40 20.25 20.30 
2016/12/22 20.30 20.40 19.90 19.95 
2016/12/23 19.80 19.85 19.30 19.30 
2016/12/26 19.45 19.85 19.45 19.85 
2016/12/27 19.85 19.85 19.45 19.45 
2016/12/28 19.45 19.80 19.35 19.60 
2016/12/29 19.60 19.75 19.50 19.65 
2016/12/30 19.65 19.95 19.50 19.95 
2017/01/03 19.95 19.95 19.65 19.75 
2017/01/04 19.80 19.95 19.75 19.90 
2017/01/05 19.95 20.00 19.70 20.00 
2017/01/06 20.00 20.20 19.80 19.80 
2017/01/09 19.85 19.95 19.55 19.60 
2017/01/10 19.80 20.00 19.75 19.80 
2017/01/11 19.85 19.90 19.70 19.85 
2017/01/12 19.90 20.00 19.80 19.90 
2017/01/13 19.90 19.90 19.75 19.90 
2017/01/16 19.90 19.90 19.35 19.40 
2017/01/17 19.50 20.75 19.50 20.60 
2017/01/18 20.80 20.80 20.35 20.60 
2017/01/19 20.50 20.60 20.30 20.40 
2017/01/20 20.40 20.60 20.30 20.40 
2017/01/23 20.40 20.75 20.35 20.45 
2017/01/24 20.45 20.70 20.30 20.65 
2017/02/02 20.95 22.10 20.90 21.85 
2017/02/03 22.05 23.00 21.80 22.90 
2017/02/06 23.20 24.20 23.20 23.65 
2017/02/07 23.80 23.85 23.10 23.15 
2017/02/08 23.30 24.00 22.95 23.90 
