2016/07/01 9.06 9.08 8.96 9.07 
2016/07/04 8.97 9.15 8.97 9.13 
2016/07/05 9.13 9.16 9.10 9.13 
2016/07/06 9.17 9.18 8.96 9.03 
2016/07/07 9.03 9.15 9.02 9.13 
2016/07/11 9.10 9.15 9.05 9.14 
2016/07/12 9.08 9.17 9.04 9.06 
2016/07/13 9.07 9.10 9.02 9.10 
2016/07/14 9.06 9.17 9.00 9.10 
2016/07/15 9.14 9.15 9.05 9.09 
2016/07/18 9.09 9.19 9.07 9.15 
2016/07/19 9.15 9.19 9.10 9.15 
2016/07/20 9.15 9.23 9.13 9.15 
2016/07/21 9.13 9.22 9.13 9.18 
2016/07/22 9.13 9.19 9.11 9.12 
2016/07/25 9.12 9.22 9.12 9.19 
2016/07/26 9.15 9.22 9.10 9.20 
2016/07/27 9.15 9.23 9.15 9.18 
2016/07/28 9.20 9.20 9.15 9.17 
2016/07/29 9.17 9.19 9.09 9.12 
2016/08/01 9.11 9.19 9.06 9.16 
2016/08/02 9.00 9.04 8.97 9.01 
2016/08/03 8.90 8.99 8.86 8.95 
2016/08/04 8.92 8.99 8.90 8.98 
2016/08/05 8.95 9.09 8.94 9.06 
2016/08/08 9.08 9.34 9.08 9.30 
2016/08/09 9.30 9.35 9.23 9.27 
2016/08/10 9.27 9.27 9.13 9.25 
2016/08/11 9.25 9.28 9.22 9.27 
2016/08/12 9.30 9.74 9.30 9.72 
2016/08/15 9.78 9.90 9.63 9.83 
2016/08/16 9.80 9.94 9.65 9.90 
2016/08/17 9.90 9.92 9.74 9.85 
2016/08/18 9.85 9.89 9.79 9.81 
2016/08/19 9.81 9.85 9.75 9.79 
2016/08/22 9.71 9.91 9.71 9.76 
2016/08/23 9.75 9.78 9.68 9.74 
2016/08/24 9.74 9.75 9.56 9.61 
2016/08/25 9.64 9.70 9.57 9.70 
2016/08/26 9.69 9.69 9.55 9.57 
2016/08/29 9.63 9.63 9.51 9.57 
2016/08/30 9.58 9.61 9.53 9.54 
2016/08/31 9.57 9.72 9.54 9.69 
2016/09/01 9.69 9.69 9.56 9.61 
2016/09/02 9.59 9.60 9.30 9.39 
2016/09/05 9.49 9.80 9.47 9.72 
2016/09/06 9.70 9.80 9.68 9.77 
2016/09/07 9.77 9.86 9.75 9.84 
2016/09/08 9.84 9.86 9.70 9.80 
2016/09/09 9.83 9.88 9.70 9.86 
2016/09/10 9.75 9.75 9.61 9.68 
2016/09/12 9.68 9.84 9.52 9.57 
2016/09/13 9.67 9.67 9.51 9.56 
2016/09/14 9.56 9.65 9.54 9.62 
2016/09/19 9.58 9.65 9.53 9.60 
2016/09/20 9.52 9.64 9.52 9.55 
2016/09/21 9.58 9.80 9.53 9.70 
2016/09/22 9.70 9.78 9.69 9.75 
2016/09/23 9.76 9.92 9.76 9.84 
2016/09/26 9.92 9.95 9.77 9.77 
2016/09/29 9.80 10.10 9.80 10.10 
2016/09/30 10.20 10.70 10.15 10.45 
2016/10/03 10.50 10.80 10.30 10.45 
2016/10/04 10.45 10.50 10.30 10.50 
2016/10/05 10.50 10.70 10.35 10.45 
2016/10/06 10.50 10.50 10.30 10.40 
2016/10/07 10.40 10.75 10.35 10.75 
2016/10/11 10.85 10.90 10.30 10.35 
2016/10/12 10.30 10.40 10.20 10.40 
2016/10/13 10.40 10.60 10.35 10.50 
2016/10/14 10.40 10.55 10.20 10.35 
2016/10/17 10.55 10.80 10.40 10.55 
2016/10/18 10.50 10.90 10.50 10.70 
2016/10/19 10.90 11.75 10.85 11.75 
2016/10/20 11.70 11.75 11.50 11.65 
2016/10/21 11.65 11.75 11.30 11.50 
2016/10/24 11.60 11.65 11.30 11.40 
2016/10/25 11.35 11.60 11.30 11.50 
2016/10/26 11.45 11.75 11.35 11.60 
2016/10/27 11.60 11.70 11.35 11.40 
2016/10/28 11.40 11.50 11.30 11.30 
2016/10/31 11.30 11.30 11.00 11.10 
2016/11/01 11.05 11.35 11.05 11.15 
2016/11/02 11.05 11.10 10.55 10.55 
2016/11/03 10.70 10.95 10.60 10.85 
2016/11/04 10.80 10.85 10.65 10.70 
2016/11/07 10.75 10.90 10.70 10.90 
2016/11/08 11.15 11.60 11.15 11.40 
2016/11/09 11.40 11.60 10.80 11.00 
2016/11/10 11.35 11.80 11.15 11.50 
2016/11/11 11.45 11.90 11.45 11.45 
2016/11/14 11.65 11.70 11.45 11.50 
2016/11/15 11.55 11.90 11.50 11.70 
2016/11/16 11.90 12.30 11.85 12.05 
2016/11/17 12.10 12.30 11.90 12.15 
2016/11/18 12.15 12.30 12.00 12.05 
2016/11/21 12.15 12.65 12.15 12.50 
2016/11/22 12.50 12.65 12.30 12.40 
2016/11/23 12.55 12.55 12.00 12.15 
2016/11/24 12.20 12.35 12.00 12.35 
2016/11/25 12.35 12.40 12.10 12.20 
2016/11/28 12.40 12.55 12.30 12.45 
2016/11/29 12.45 12.50 12.25 12.40 
2016/11/30 12.40 12.60 12.30 12.40 
2016/12/01 12.85 13.25 12.85 12.95 
2016/12/02 13.00 13.10 12.70 12.90 
2016/12/05 12.90 12.95 12.60 12.60 
2016/12/06 12.65 12.95 12.65 12.80 
2016/12/07 12.90 13.05 12.90 13.00 
2016/12/08 13.45 13.55 13.20 13.20 
2016/12/09 13.25 13.45 13.15 13.20 
2016/12/12 13.55 13.65 13.20 13.20 
2016/12/13 13.15 13.35 13.15 13.20 
2016/12/14 13.25 13.30 13.20 13.20 
2016/12/15 13.20 13.25 12.95 13.20 
2016/12/16 13.25 13.25 13.05 13.10 
2016/12/19 13.05 13.05 12.65 12.70 
2016/12/20 12.70 13.15 12.70 13.10 
2016/12/21 13.10 13.15 12.90 13.00 
2016/12/22 13.10 13.10 12.70 12.85 
2016/12/23 12.75 12.80 12.60 12.70 
2016/12/26 12.70 12.70 12.45 12.50 
2016/12/27 12.50 12.55 12.30 12.35 
2016/12/28 12.35 12.60 12.35 12.55 
2016/12/29 12.40 12.50 12.40 12.40 
2016/12/30 12.45 12.55 12.40 12.50 
2017/01/03 12.50 12.70 12.40 12.65 
2017/01/04 12.65 12.80 12.60 12.75 
2017/01/05 12.75 12.85 12.65 12.75 
2017/01/06 12.75 12.85 12.70 12.85 
2017/01/09 12.85 12.90 12.45 12.45 
2017/01/10 12.50 12.80 12.40 12.75 
2017/01/11 12.80 12.90 12.70 12.80 
2017/01/12 12.80 12.95 12.75 12.80 
2017/01/13 12.85 12.90 12.70 12.80 
2017/01/16 12.70 12.75 12.45 12.50 
2017/01/17 12.50 12.75 12.50 12.70 
2017/01/18 12.75 12.75 12.55 12.70 
2017/01/19 12.80 12.90 12.60 12.85 
2017/01/20 12.90 13.15 12.85 12.95 
2017/01/23 13.05 13.35 13.00 13.20 
2017/01/24 13.20 13.65 13.15 13.40 
2017/02/02 13.50 14.40 13.50 14.35 
2017/02/03 14.50 14.50 14.05 14.35 
2017/02/06 14.35 14.65 14.20 14.50 
2017/02/07 14.55 14.55 14.20 14.40 
2017/02/08 14.30 14.45 14.05 14.15 
