2016/07/01 24.75 24.75 24.60 24.75 
2016/07/04 24.75 24.80 24.70 24.80 
2016/07/05 24.80 25.00 24.70 24.85 
2016/07/06 24.85 24.85 24.70 24.70 
2016/07/07 24.90 25.45 24.90 25.25 
2016/07/11 25.40 25.75 25.10 25.45 
2016/07/12 25.50 25.85 25.45 25.55 
2016/07/13 25.60 25.60 25.40 25.60 
2016/07/14 24.95 25.10 24.50 24.55 
2016/07/15 24.55 24.70 24.45 24.45 
2016/07/18 24.90 24.90 24.60 24.60 
2016/07/19 24.55 24.55 24.45 24.50 
2016/07/20 24.35 24.70 24.25 24.65 
2016/07/21 24.65 24.65 24.50 24.65 
2016/07/22 24.50 24.50 24.45 24.50 
2016/07/25 24.50 24.50 24.30 24.40 
2016/07/26 24.30 24.35 24.25 24.25 
2016/07/27 24.35 24.45 24.25 24.40 
2016/07/28 24.30 24.65 24.30 24.55 
2016/07/29 24.50 24.50 24.30 24.30 
2016/08/01 24.25 24.40 24.20 24.40 
2016/08/02 24.25 24.55 24.20 24.40 
2016/08/03 24.20 24.35 24.20 24.35 
2016/08/04 24.25 24.30 24.20 24.20 
2016/08/05 25.00 25.00 24.20 24.45 
2016/08/08 24.25 24.35 24.25 24.35 
2016/08/09 24.40 24.45 24.10 24.10 
2016/08/10 24.20 24.50 24.20 24.40 
2016/08/11 24.65 24.65 24.45 24.45 
2016/08/12 24.50 24.65 24.50 24.60 
2016/08/15 24.60 24.80 24.45 24.45 
2016/08/16 24.80 24.80 24.45 24.45 
2016/08/17 24.50 24.80 24.35 24.80 
2016/08/18 24.80 24.80 24.65 24.70 
2016/08/19 24.70 24.70 24.45 24.45 
2016/08/22 24.15 24.55 24.15 24.20 
2016/08/23 24.65 24.65 24.40 24.40 
2016/08/24 24.60 24.60 24.35 24.35 
2016/08/25 24.50 24.55 24.30 24.40 
2016/08/26 24.60 24.60 24.40 24.45 
2016/08/29 24.40 24.45 24.35 24.35 
2016/08/30 24.30 24.40 24.20 24.30 
2016/08/31 24.25 24.35 24.25 24.30 
2016/09/01 24.25 24.25 24.20 24.25 
2016/09/02 24.25 24.30 24.15 24.15 
2016/09/05 24.20 24.30 24.20 24.30 
2016/09/06 24.30 24.60 24.30 24.35 
2016/09/07 24.40 24.40 24.30 24.30 
2016/09/08 24.35 24.55 24.35 24.55 
2016/09/09 24.40 24.55 24.40 24.50 
2016/09/10 24.50 24.50 24.35 24.40 
2016/09/12 24.35 24.35 24.25 24.25 
2016/09/13 24.20 24.25 24.10 24.15 
2016/09/14 24.40 24.40 24.20 24.20 
2016/09/19 24.20 24.50 24.20 24.40 
2016/09/20 24.45 24.45 24.35 24.45 
2016/09/21 24.40 25.40 24.20 25.00 
2016/09/22 24.90 25.00 24.80 24.80 
2016/09/23 25.05 25.05 24.60 24.60 
2016/09/26 25.30 25.30 24.65 24.65 
2016/09/29 24.90 24.90 24.65 24.70 
2016/09/30 24.70 24.75 24.55 24.75 
2016/10/03 24.90 24.95 24.60 24.60 
2016/10/04 24.60 24.60 24.50 24.50 
2016/10/05 24.55 24.60 24.55 24.60 
2016/10/06 24.50 24.50 24.50 24.50 
2016/10/07 24.60 24.90 24.60 24.70 
2016/10/11 24.75 24.80 24.60 24.65 
2016/10/12 24.65 24.85 24.65 24.80 
2016/10/13 24.70 24.85 24.70 24.80 
2016/10/14 25.00 25.05 24.70 24.80 
2016/10/17 25.00 25.00 24.80 24.85 
2016/10/18 24.85 24.85 24.85 24.85 
2016/10/19 24.90 25.10 24.90 25.05 
2016/10/20 25.00 25.05 24.90 24.95 
2016/10/21 25.20 25.20 24.95 24.95 
2016/10/24 24.95 25.10 24.95 25.10 
2016/10/25 25.20 25.20 25.00 25.00 
2016/10/26 25.00 25.10 25.00 25.05 
2016/10/27 25.05 25.20 25.05 25.05 
2016/10/28 25.10 25.20 25.05 25.20 
2016/10/31 25.00 25.15 25.00 25.10 
2016/11/01 25.10 25.10 25.00 25.00 
2016/11/02 25.10 25.50 24.95 25.15 
2016/11/03 25.20 25.30 25.00 25.25 
2016/11/04 25.30 25.30 25.20 25.20 
2016/11/07 25.00 25.50 25.00 25.20 
2016/11/08 25.10 25.10 25.00 25.00 
2016/11/09 25.00 25.10 24.00 24.95 
2016/11/10 24.95 25.05 24.80 24.90 
2016/11/11 24.90 25.15 24.90 25.15 
2016/11/14 25.00 25.00 24.80 24.80 
2016/11/15 25.20 25.20 24.70 24.95 
2016/11/16 25.05 25.05 24.80 24.80 
2016/11/17 25.00 25.00 24.80 24.80 
2016/11/18 24.85 25.15 24.85 25.10 
2016/11/21 25.20 25.20 24.85 25.10 
2016/11/22 25.15 25.15 24.90 24.95 
2016/11/23 24.95 25.10 24.95 24.95 
2016/11/24 25.00 25.10 24.95 25.10 
2016/11/25 25.15 25.15 24.95 25.00 
2016/11/28 25.15 25.30 25.00 25.00 
2016/11/29 25.10 25.10 25.00 25.00 
2016/11/30 25.05 25.05 25.00 25.05 
2016/12/01 25.20 25.55 25.20 25.25 
2016/12/02 25.25 25.35 25.00 25.35 
2016/12/05 25.30 25.30 25.00 25.00 
2016/12/06 25.40 25.40 25.00 25.05 
2016/12/07 25.30 25.30 25.10 25.15 
2016/12/08 25.30 25.30 25.20 25.20 
2016/12/09 25.30 25.35 25.15 25.35 
2016/12/12 25.35 25.45 25.30 25.30 
2016/12/13 25.45 25.45 25.05 25.45 
2016/12/14 25.45 25.45 25.20 25.40 
2016/12/15 25.30 25.35 24.85 25.35 
2016/12/16 25.35 25.35 25.15 25.30 
2016/12/19 25.20 25.25 25.20 25.25 
2016/12/20 25.20 25.35 25.20 25.20 
2016/12/21 25.15 25.35 24.90 25.10 
2016/12/22 25.15 25.15 25.10 25.10 
2016/12/23 25.10 25.10 24.90 25.10 
2016/12/26 25.00 25.00 24.90 24.90 
2016/12/27 24.95 24.95 24.85 24.85 
2016/12/28 24.90 25.30 24.90 25.20 
2016/12/29 25.15 25.15 25.15 25.15 
2016/12/30 25.25 25.45 25.25 25.45 
2017/01/03 24.90 25.10 24.90 25.10 
2017/01/04 25.00 25.20 25.00 25.20 
2017/01/05 25.40 25.40 25.05 25.20 
2017/01/06 25.10 25.15 25.10 25.15 
2017/01/09 25.05 25.15 25.05 25.05 
2017/01/10 25.00 25.15 24.95 25.10 
2017/01/11 25.10 25.20 25.10 25.20 
2017/01/12 25.10 25.15 25.00 25.15 
2017/01/13 25.00 25.10 25.00 25.10 
2017/01/16 25.10 25.10 25.00 25.10 
2017/01/17 25.00 25.20 25.00 25.20 
2017/01/18 25.10 25.35 25.00 25.35 
2017/01/19 25.35 25.40 25.35 25.40 
2017/01/20 25.40 25.40 25.30 25.30 
2017/01/23 25.10 25.30 25.10 25.30 
2017/01/24 25.30 25.75 25.20 25.75 
2017/02/02 25.75 26.20 25.50 26.00 
2017/02/03 26.20 26.20 26.00 26.05 
2017/02/06 26.30 26.60 26.30 26.60 
2017/02/07 26.80 26.80 26.50 26.60 
2017/02/08 26.80 26.80 26.20 26.45 
