2016/07/01 25.00 25.10 25.00 25.00 
2016/07/04 24.95 25.30 24.95 25.10 
2016/07/05 25.10 25.10 24.90 25.00 
2016/07/06 24.95 25.00 24.85 24.95 
2016/07/07 25.00 25.00 24.80 24.85 
2016/07/11 24.90 25.30 24.90 25.30 
2016/07/12 25.00 25.40 25.00 25.30 
2016/07/13 25.20 25.60 25.20 25.40 
2016/07/14 25.40 25.60 25.30 25.60 
2016/07/15 25.60 25.75 25.35 25.65 
2016/07/18 25.65 25.65 25.40 25.45 
2016/07/19 25.45 25.60 25.40 25.40 
2016/07/20 25.40 25.40 25.25 25.30 
2016/07/21 25.40 25.50 25.30 25.35 
2016/07/22 25.35 25.45 25.30 25.45 
2016/07/25 25.35 25.45 25.25 25.45 
2016/07/26 25.40 27.85 25.40 26.95 
2016/07/27 26.95 27.55 26.70 26.70 
2016/07/28 26.80 27.10 26.75 26.95 
2016/07/29 26.75 26.75 26.50 26.50 
2016/08/01 26.60 27.15 26.50 26.50 
2016/08/02 26.40 26.60 26.40 26.45 
2016/08/03 26.45 26.45 26.30 26.40 
2016/08/04 26.45 26.45 26.30 26.40 
2016/08/05 26.40 26.50 26.25 26.30 
2016/08/08 26.30 26.60 26.25 26.40 
2016/08/09 26.50 26.50 26.25 26.40 
2016/08/10 26.35 26.40 26.30 26.30 
2016/08/11 26.25 26.30 25.85 26.10 
2016/08/12 26.15 26.45 25.95 26.40 
2016/08/15 26.30 26.30 26.00 26.10 
2016/08/16 26.00 26.20 26.00 26.15 
2016/08/17 26.40 26.40 25.75 25.90 
2016/08/18 25.75 26.05 25.75 25.85 
2016/08/19 26.25 26.30 25.85 26.25 
2016/08/22 26.15 26.20 26.10 26.15 
2016/08/23 26.15 26.45 26.05 26.15 
2016/08/24 26.10 26.10 25.95 26.10 
2016/08/25 26.10 26.30 26.00 26.20 
2016/08/26 26.20 26.20 26.00 26.05 
2016/08/29 26.00 26.15 25.95 26.00 
2016/08/30 26.30 26.30 26.00 26.20 
2016/08/31 26.05 26.05 25.85 25.90 
2016/09/01 25.90 26.15 25.70 26.00 
2016/09/02 26.10 26.10 25.70 25.85 
2016/09/05 25.80 25.90 25.65 25.65 
2016/09/06 25.70 25.75 25.60 25.65 
2016/09/07 25.65 25.70 25.55 25.55 
2016/09/08 25.60 25.85 25.60 25.70 
2016/09/09 25.70 25.70 25.60 25.70 
2016/09/10 25.60 25.65 25.60 25.60 
2016/09/12 25.60 25.60 25.60 25.60 
2016/09/13 25.60 25.80 25.35 25.60 
2016/09/14 25.50 25.50 25.30 25.30 
2016/09/19 25.85 25.85 25.30 25.70 
2016/09/20 25.80 25.90 25.80 25.90 
2016/09/21 25.80 26.00 25.65 25.95 
2016/09/22 26.00 26.00 25.80 25.95 
2016/09/23 26.00 26.00 25.70 25.80 
2016/09/26 25.80 25.85 25.70 25.70 
2016/09/29 25.85 25.85 25.50 25.65 
2016/09/30 25.70 25.70 25.35 25.40 
2016/10/03 25.40 25.60 25.40 25.45 
2016/10/04 25.60 26.25 25.55 26.05 
2016/10/05 26.05 26.05 25.85 26.00 
2016/10/06 26.20 26.20 25.85 25.95 
2016/10/07 25.90 26.05 25.80 25.95 
2016/10/11 25.95 26.05 25.80 26.05 
2016/10/12 26.25 26.25 25.95 25.95 
2016/10/13 25.95 26.10 25.80 26.00 
2016/10/14 26.00 26.00 25.75 25.75 
2016/10/17 25.75 25.90 25.70 25.70 
2016/10/18 25.75 25.90 25.60 25.80 
2016/10/19 25.85 25.90 25.70 25.70 
2016/10/20 25.75 25.80 25.65 25.70 
2016/10/21 25.75 26.20 25.75 26.15 
2016/10/24 26.25 26.40 26.10 26.20 
2016/10/25 26.10 26.20 26.00 26.05 
2016/10/26 25.95 26.10 25.85 26.00 
2016/10/27 26.00 26.15 25.65 25.70 
2016/10/28 25.70 25.95 25.65 25.70 
2016/10/31 25.85 25.85 25.35 25.45 
2016/11/01 25.45 26.00 25.45 26.00 
2016/11/02 26.20 26.25 25.80 26.05 
2016/11/03 26.15 26.30 25.75 25.90 
2016/11/04 25.70 25.75 25.50 25.75 
2016/11/07 25.60 25.70 25.60 25.70 
2016/11/08 25.70 25.70 25.55 25.60 
2016/11/09 25.60 25.65 25.05 25.15 
2016/11/10 25.15 25.40 25.15 25.35 
2016/11/11 25.50 26.10 25.40 25.90 
2016/11/14 25.90 26.00 25.55 25.55 
2016/11/15 25.55 26.25 25.45 25.60 
2016/11/16 25.55 25.65 25.30 25.30 
2016/11/17 25.60 25.60 25.20 25.20 
2016/11/18 25.25 25.25 24.80 24.85 
2016/11/21 24.90 25.15 24.30 24.55 
2016/11/22 25.70 25.70 24.45 24.45 
2016/11/23 24.80 24.80 24.15 24.25 
2016/11/24 24.25 24.35 24.10 24.25 
2016/11/25 24.00 24.45 23.80 23.95 
2016/11/28 23.85 24.55 23.85 24.10 
2016/11/29 24.35 25.75 24.25 24.85 
2016/11/30 24.80 26.00 24.60 26.00 
2016/12/01 25.95 25.95 25.25 25.40 
2016/12/02 25.25 25.50 25.05 25.10 
2016/12/05 25.30 25.30 24.75 24.80 
2016/12/06 25.10 25.15 24.85 24.85 
2016/12/07 24.95 25.10 24.85 24.85 
2016/12/08 24.95 25.30 24.80 24.80 
2016/12/09 25.00 25.00 24.30 24.30 
2016/12/12 24.55 24.90 24.40 24.70 
2016/12/13 24.90 24.95 24.70 24.95 
2016/12/14 25.10 25.15 24.80 25.00 
2016/12/15 25.20 25.20 24.65 24.75 
2016/12/16 25.00 25.00 24.75 24.95 
2016/12/19 25.20 25.20 24.80 24.95 
2016/12/20 25.00 25.25 24.75 25.15 
2016/12/21 25.15 25.35 25.15 25.25 
2016/12/22 25.25 25.25 25.10 25.10 
2016/12/23 25.15 25.15 25.00 25.00 
2016/12/26 25.20 25.20 24.85 24.90 
2016/12/27 24.90 25.00 24.70 24.90 
2016/12/28 25.00 25.00 24.75 24.80 
2016/12/29 24.75 24.75 24.70 24.75 
2016/12/30 25.00 25.00 24.65 24.75 
2017/01/03 24.55 24.60 24.50 24.60 
2017/01/04 24.55 24.70 24.45 24.65 
2017/01/05 24.70 24.75 24.55 24.75 
2017/01/06 24.65 24.80 24.60 24.80 
2017/01/09 24.75 24.80 24.70 24.80 
2017/01/10 24.55 24.75 24.50 24.75 
2017/01/11 24.75 24.75 24.45 24.65 
2017/01/12 24.65 24.75 24.50 24.65 
2017/01/13 24.60 24.70 24.50 24.70 
2017/01/16 24.65 24.65 24.50 24.60 
2017/01/17 24.60 25.10 24.50 24.85 
2017/01/18 24.70 25.10 24.70 25.00 
2017/01/19 24.85 25.05 24.65 25.05 
2017/01/20 24.85 25.15 24.85 25.05 
2017/01/23 25.25 26.75 25.25 26.00 
2017/01/24 25.80 26.30 25.80 26.10 
2017/02/02 26.30 26.95 25.70 26.80 
2017/02/03 27.00 27.40 26.40 26.50 
2017/02/06 26.90 29.10 26.90 28.00 
2017/02/07 28.00 28.00 27.25 27.50 
2017/02/08 27.60 27.75 27.15 27.15 
