2016/07/01 19.80 19.85 19.80 19.85 
2016/07/04 19.85 20.00 19.75 19.95 
2016/07/05 19.95 20.00 19.90 20.00 
2016/07/06 20.05 20.05 19.85 20.05 
2016/07/07 19.95 20.00 19.95 20.00 
2016/07/11 20.00 20.10 20.00 20.10 
2016/07/12 20.05 20.35 20.05 20.35 
2016/07/13 19.60 19.85 19.60 19.75 
2016/07/14 19.70 19.80 19.65 19.80 
2016/07/15 19.80 19.85 19.70 19.85 
2016/07/18 19.70 19.85 19.70 19.75 
2016/07/19 19.70 19.75 19.65 19.75 
2016/07/20 19.80 19.80 19.75 19.80 
2016/07/21 19.80 19.85 19.70 19.85 
2016/07/22 19.80 19.85 19.75 19.85 
2016/07/25 19.70 19.90 19.70 19.90 
2016/07/26 19.85 19.95 19.85 19.95 
2016/07/27 19.85 19.85 19.80 19.85 
2016/07/28 19.80 19.85 19.70 19.85 
2016/07/29 19.85 19.90 19.75 19.90 
2016/08/01 19.90 19.90 19.80 19.90 
2016/08/02 19.80 19.90 19.75 19.90 
2016/08/03 19.80 19.90 19.75 19.90 
2016/08/04 19.75 19.90 19.75 19.90 
2016/08/05 19.90 19.90 19.75 19.90 
2016/08/08 19.80 19.80 19.65 19.65 
2016/08/09 19.65 19.65 19.55 19.55 
2016/08/10 19.55 19.90 19.50 19.85 
2016/08/11 19.75 19.75 19.65 19.65 
2016/08/12 19.65 19.80 19.60 19.80 
2016/08/15 19.80 19.80 19.75 19.80 
2016/08/16 19.70 19.80 19.60 19.80 
2016/08/17 19.70 19.80 19.50 19.75 
2016/08/18 19.75 19.75 19.60 19.75 
2016/08/19 19.65 19.80 19.60 19.80 
2016/08/22 19.80 19.80 19.55 19.80 
2016/08/23 19.75 19.75 19.55 19.65 
2016/08/24 19.60 19.70 19.60 19.70 
2016/08/25 19.70 19.75 19.70 19.75 
2016/08/26 19.70 19.70 19.65 19.65 
2016/08/29 19.60 19.80 19.60 19.75 
2016/08/30 19.70 19.75 19.70 19.75 
2016/08/31 19.65 19.70 19.65 19.70 
2016/09/01 19.65 19.70 19.55 19.70 
2016/09/02 19.70 19.70 19.60 19.65 
2016/09/05 19.65 19.75 19.65 19.65 
2016/09/06 19.60 19.60 19.50 19.55 
2016/09/07 19.55 19.55 19.45 19.45 
2016/09/08 19.50 19.50 19.30 19.50 
2016/09/09 19.50 19.50 19.40 19.50 
2016/09/10 19.45 19.50 19.30 19.50 
2016/09/12 19.45 19.45 19.35 19.40 
2016/09/13 19.35 19.40 19.35 19.40 
2016/09/14 19.40 19.40 19.30 19.40 
2016/09/19 19.40 19.50 19.35 19.50 
2016/09/20 19.40 19.40 19.25 19.35 
2016/09/21 19.35 19.45 19.30 19.45 
2016/09/22 19.45 19.50 19.45 19.50 
2016/09/23 19.45 19.50 19.40 19.50 
2016/09/26 19.50 19.50 19.40 19.50 
2016/09/29 19.50 19.50 19.30 19.30 
2016/09/30 19.35 19.75 19.30 19.50 
2016/10/03 19.45 19.55 19.40 19.55 
2016/10/04 19.50 19.60 19.50 19.60 
2016/10/05 19.55 19.55 19.50 19.55 
2016/10/06 19.55 19.65 19.50 19.65 
2016/10/07 19.60 19.60 19.50 19.60 
2016/10/11 19.50 19.60 19.45 19.60 
2016/10/12 19.50 19.65 19.50 19.60 
2016/10/13 19.55 19.60 19.50 19.60 
2016/10/14 19.55 19.60 19.50 19.60 
2016/10/17 19.60 19.60 19.50 19.60 
2016/10/18 19.60 19.60 19.50 19.60 
2016/10/19 19.55 19.60 19.55 19.60 
2016/10/20 19.60 19.60 19.50 19.60 
2016/10/21 19.55 19.55 19.45 19.55 
2016/10/24 19.45 19.45 19.35 19.40 
2016/10/25 19.40 19.45 19.40 19.45 
2016/10/26 19.45 19.55 19.40 19.55 
2016/10/27 19.55 19.55 19.55 19.55 
2016/10/28 19.55 19.55 19.45 19.55 
2016/11/01 19.55 19.55 19.35 19.45 
2016/11/02 19.40 19.55 19.40 19.40 
2016/11/03 19.40 19.50 19.35 19.40 
2016/11/04 19.40 19.40 19.15 19.40 
2016/11/07 19.35 19.35 19.30 19.35 
2016/11/08 19.35 19.40 19.30 19.40 
2016/11/09 19.30 19.40 19.00 19.40 
2016/11/10 19.40 19.40 19.20 19.35 
2016/11/11 19.30 19.35 19.15 19.20 
2016/11/14 19.20 19.20 19.05 19.15 
2016/11/15 19.05 19.15 19.00 19.15 
2016/11/16 19.15 19.15 19.05 19.15 
2016/11/17 19.15 19.20 19.10 19.15 
2016/11/18 19.30 19.30 19.05 19.25 
2016/11/21 19.25 19.30 19.15 19.30 
2016/11/22 19.30 19.35 19.20 19.35 
2016/11/23 19.25 19.30 19.10 19.30 
2016/11/24 19.30 20.55 19.20 20.55 
2016/12/09 21.35 21.35 21.00 21.35 
2016/12/12 21.35 21.35 20.90 21.20 
2016/12/13 21.05 21.15 21.00 21.00 
2016/12/14 21.00 21.10 20.95 21.10 
2016/12/15 20.95 21.10 20.95 21.10 
2016/12/16 21.10 21.10 21.10 21.10 
2016/12/19 21.10 21.15 21.00 21.10 
2016/12/20 21.10 21.10 21.00 21.10 
2016/12/21 21.00 21.10 21.00 21.10 
2016/12/22 21.10 21.10 21.05 21.05 
2016/12/23 21.00 21.05 21.00 21.00 
2016/12/26 21.00 21.05 20.95 21.00 
2016/12/27 21.05 21.05 20.95 21.05 
2016/12/28 21.10 21.10 21.00 21.05 
2016/12/29 21.05 21.05 21.05 21.05 
2016/12/30 21.00 21.05 21.00 21.05 
2017/01/03 21.05 21.05 21.00 21.05 
2017/01/04 21.00 21.10 20.70 21.10 
2017/01/05 21.10 21.10 21.00 21.10 
2017/01/06 21.00 21.10 21.00 21.10 
2017/01/09 21.05 21.10 21.00 21.10 
2017/01/10 21.00 21.05 21.00 21.05 
2017/01/11 20.95 21.05 20.95 21.05 
2017/01/12 21.00 21.00 20.90 21.00 
2017/01/13 20.95 21.00 20.95 21.00 
2017/01/16 20.90 21.05 20.90 21.00 
2017/01/17 20.90 21.00 20.90 21.00 
2017/01/18 21.10 21.10 21.00 21.00 
2017/01/19 21.10 21.10 20.95 21.05 
2017/01/20 21.05 21.05 20.90 21.05 
2017/01/23 21.00 21.05 20.90 21.05 
2017/01/24 20.95 21.10 20.90 21.10 
2017/02/02 21.00 21.05 21.00 21.05 
2017/02/03 21.00 21.10 21.00 21.10 
2017/02/06 21.30 21.40 21.15 21.15 
2017/02/07 21.25 21.35 21.25 21.35 
2017/02/08 21.35 21.35 21.20 21.25 
