2016/07/01 81.00 83.40 80.60 82.20 
2016/07/04 82.20 83.10 82.20 82.20 
2016/07/05 81.90 82.50 81.90 82.10 
2016/07/06 78.50 78.50 77.50 77.80 
2016/07/07 78.30 78.40 77.80 77.80 
2016/07/11 78.80 79.80 78.40 79.20 
2016/07/12 80.40 82.20 80.30 82.20 
2016/07/13 83.30 83.30 81.70 82.20 
2016/07/14 82.20 82.60 81.80 82.20 
2016/07/15 82.30 82.50 82.20 82.40 
2016/07/18 82.70 83.50 82.40 82.90 
2016/07/19 83.10 83.30 82.20 83.30 
2016/07/20 83.30 83.50 82.90 83.40 
2016/07/21 83.50 84.00 83.20 83.70 
2016/07/22 83.70 83.90 83.40 83.60 
2016/07/25 83.80 84.40 81.80 83.80 
2016/07/26 83.80 83.90 83.50 83.80 
2016/07/27 83.80 84.00 82.80 84.00 
2016/07/28 84.00 84.80 83.50 84.50 
2016/07/29 83.30 84.00 82.50 83.10 
2016/08/01 83.00 84.40 82.80 83.40 
2016/08/02 83.60 84.00 83.20 83.90 
2016/08/03 82.70 84.00 82.40 83.90 
2016/08/04 84.00 84.00 82.90 84.00 
2016/08/05 83.50 84.00 83.00 83.60 
2016/08/08 83.80 84.10 83.30 84.00 
2016/08/09 83.10 84.60 83.10 84.40 
2016/08/10 84.20 84.30 83.20 84.30 
2016/08/11 83.40 85.00 83.40 85.00 
2016/08/12 84.30 86.40 84.30 85.30 
2016/08/15 85.30 85.40 84.90 85.30 
2016/08/16 84.50 85.50 84.50 85.00 
2016/08/17 84.30 84.70 83.80 84.30 
2016/08/18 84.00 84.50 83.70 84.20 
2016/08/19 84.20 84.40 83.20 83.30 
2016/08/22 83.00 83.30 82.10 82.70 
2016/08/23 82.30 84.20 82.30 84.10 
2016/08/24 84.00 84.10 83.10 83.50 
2016/08/25 83.90 84.10 83.00 83.10 
2016/08/26 83.10 83.20 82.60 83.10 
2016/08/29 82.80 83.20 81.40 83.20 
2016/08/30 83.40 83.50 82.10 83.00 
2016/08/31 82.30 83.20 81.80 82.40 
2016/09/01 81.70 82.10 80.40 80.40 
2016/09/02 80.90 82.20 80.60 81.90 
2016/09/05 82.30 83.00 82.30 82.50 
2016/09/06 82.60 83.60 82.60 83.60 
2016/09/07 83.30 85.60 83.20 85.40 
2016/09/08 85.00 85.60 84.70 85.50 
2016/09/09 84.50 85.00 84.00 84.30 
2016/09/10 83.10 83.80 83.10 83.50 
2016/09/12 82.60 82.60 81.50 81.50 
2016/09/13 81.70 82.80 81.50 81.80 
2016/09/14 81.20 82.10 80.50 80.50 
2016/09/19 80.60 83.80 80.60 83.70 
2016/09/20 82.80 83.70 82.70 83.30 
2016/09/21 82.80 84.60 82.80 84.50 
2016/09/22 85.30 85.50 84.80 85.20 
2016/09/23 85.00 85.40 84.60 85.30 
2016/09/26 84.20 84.70 84.00 84.70 
2016/09/29 85.40 85.50 84.90 85.40 
2016/09/30 83.70 85.20 83.70 84.30 
2016/10/03 83.70 85.30 83.60 85.20 
2016/10/04 85.00 85.20 84.10 85.20 
2016/10/05 83.70 85.00 83.70 85.00 
2016/10/06 84.80 85.00 84.70 85.00 
2016/10/07 85.00 85.80 84.90 85.60 
2016/10/11 85.60 85.80 85.10 85.60 
2016/10/12 85.90 87.00 85.90 86.80 
2016/10/13 87.10 88.40 86.70 87.70 
2016/10/14 87.70 87.90 87.20 87.70 
2016/10/17 87.60 88.00 85.90 87.70 
2016/10/18 87.90 89.00 87.70 89.00 
2016/10/19 88.90 93.50 88.50 92.00 
2016/10/20 92.00 94.20 91.20 93.00 
2016/10/21 92.20 93.40 91.30 92.50 
2016/10/24 92.40 92.60 92.10 92.50 
2016/10/25 92.00 93.80 92.00 93.50 
2016/10/26 93.50 94.90 93.30 94.50 
2016/10/27 94.50 94.80 92.30 93.20 
2016/10/28 93.20 94.60 92.50 94.40 
2016/10/31 93.10 94.30 93.00 93.90 
2016/11/01 92.90 94.60 92.80 94.00 
2016/11/02 93.20 94.20 93.10 93.60 
2016/11/03 93.20 94.00 93.20 93.50 
2016/11/04 93.30 94.30 93.20 94.00 
2016/11/07 94.20 95.50 94.00 94.80 
2016/11/08 95.50 96.20 95.10 96.10 
2016/11/09 96.50 97.10 92.20 93.40 
2016/11/10 96.00 96.50 95.40 96.20 
2016/11/11 95.00 96.00 94.50 95.10 
2016/11/14 95.10 95.70 94.60 95.00 
2016/11/15 95.00 95.10 93.70 94.40 
2016/11/16 94.40 96.30 94.40 96.00 
2016/11/17 95.80 96.20 94.70 96.10 
2016/11/18 95.20 95.70 94.60 94.60 
2016/11/21 94.60 95.40 94.00 95.10 
2016/11/22 95.10 96.90 95.00 96.90 
2016/11/23 96.90 98.40 96.30 98.00 
2016/11/24 97.60 98.00 97.20 97.20 
2016/11/25 97.20 97.60 96.90 97.60 
2016/11/28 98.00 98.40 97.10 98.00 
2016/11/29 98.60 98.80 97.90 98.50 
2016/11/30 99.00 99.90 98.40 99.90 
2016/12/01 99.90 100.00 99.10 99.50 
2016/12/02 99.10 99.10 98.00 98.70 
2016/12/05 98.70 98.70 97.60 97.80 
2016/12/06 99.40 99.40 98.50 99.00 
2016/12/07 99.10 99.10 98.30 98.60 
2016/12/08 99.10 99.10 98.50 98.90 
2016/12/09 99.00 99.40 98.80 99.00 
2016/12/12 99.20 99.50 98.40 98.80 
2016/12/13 98.10 98.80 97.50 98.80 
2016/12/14 98.70 99.20 98.30 98.60 
2016/12/15 98.00 98.30 97.20 97.60 
2016/12/16 97.30 98.00 97.30 97.30 
2016/12/19 97.10 97.30 95.60 96.00 
2016/12/20 95.70 96.90 95.70 96.80 
2016/12/21 96.60 97.50 96.60 97.10 
2016/12/22 96.80 96.80 94.50 94.50 
2016/12/23 94.50 94.90 92.90 93.20 
2016/12/26 93.00 94.40 92.80 94.20 
2016/12/27 94.20 94.40 93.40 93.50 
2016/12/28 93.60 95.80 93.60 95.30 
2016/12/29 95.80 95.80 94.00 94.70 
2016/12/30 95.80 96.90 95.10 96.30 
2017/01/03 95.80 98.00 95.70 97.30 
2017/01/04 97.30 97.70 96.90 97.20 
2017/01/05 97.40 98.10 96.90 98.00 
2017/01/06 97.60 98.00 96.80 97.70 
2017/01/09 97.50 97.80 96.70 97.20 
2017/01/10 95.00 95.60 94.80 95.60 
2017/01/11 96.50 96.70 95.20 95.70 
2017/01/12 96.20 98.00 95.70 98.00 
2017/01/13 98.00 98.70 97.60 98.70 
2017/01/16 98.30 98.30 96.80 97.50 
2017/01/17 97.00 98.30 97.00 97.90 
2017/01/18 96.40 96.60 92.40 94.40 
2017/01/19 94.40 95.00 93.40 94.70 
2017/01/20 94.90 96.10 93.70 96.00 
2017/01/23 96.30 97.10 96.10 96.80 
2017/01/24 96.90 97.00 96.20 96.80 
2017/02/02 98.00 98.00 95.10 95.20 
2017/02/03 95.40 96.80 95.20 95.70 
2017/02/06 95.40 97.60 95.40 96.70 
2017/02/07 97.50 98.00 97.10 98.00 
2017/02/08 97.20 97.60 95.60 97.40 
