2016/07/01 10.10 10.55 10.10 10.50 
2016/07/04 10.55 11.30 10.45 11.10 
2016/07/05 11.05 11.55 10.90 11.30 
2016/07/06 11.30 11.60 10.95 11.00 
2016/07/07 11.20 11.25 11.00 11.00 
2016/07/11 11.00 11.10 10.80 10.85 
2016/07/12 11.00 11.20 10.50 10.90 
2016/07/13 11.10 11.10 10.50 10.60 
2016/07/14 10.60 10.85 10.55 10.85 
2016/07/15 10.80 10.95 10.70 10.95 
2016/07/18 10.65 11.25 10.65 11.00 
2016/07/19 10.95 11.25 10.65 10.70 
2016/07/20 10.75 10.80 10.55 10.70 
2016/07/21 10.60 10.65 10.50 10.65 
2016/07/22 10.80 10.80 10.50 10.55 
2016/07/25 10.55 10.70 10.55 10.55 
2016/07/26 10.55 10.90 10.40 10.80 
2016/07/27 10.90 10.90 10.60 10.85 
2016/07/28 10.55 11.20 10.55 10.65 
2016/07/29 10.70 11.05 10.70 10.85 
2016/08/01 10.85 10.85 10.55 10.65 
2016/08/02 10.50 10.55 10.40 10.40 
2016/08/03 10.30 10.55 10.30 10.40 
2016/08/04 10.50 10.50 10.15 10.25 
2016/08/05 10.15 10.30 10.10 10.20 
2016/08/08 10.30 10.65 10.30 10.60 
2016/08/09 10.65 10.65 10.30 10.40 
2016/08/10 10.30 10.45 10.20 10.35 
2016/08/11 10.35 10.40 9.93 10.00 
2016/08/12 9.88 10.05 9.88 9.99 
2016/08/15 9.99 10.10 9.87 9.88 
2016/08/16 9.79 9.81 9.65 9.70 
2016/08/17 9.70 9.80 9.65 9.80 
2016/08/18 9.71 9.95 9.71 9.89 
2016/08/19 9.74 9.96 9.73 9.96 
2016/08/22 9.76 9.98 9.76 9.82 
2016/08/23 9.75 9.90 9.73 9.80 
2016/08/24 9.80 9.84 9.63 9.75 
2016/08/25 9.62 10.05 9.62 10.05 
2016/08/26 10.00 10.10 10.00 10.10 
2016/08/29 10.00 10.10 9.95 9.95 
2016/08/30 10.00 10.00 9.91 9.91 
2016/08/31 9.91 9.95 9.80 9.80 
2016/09/01 9.71 9.72 9.62 9.63 
2016/09/02 9.78 9.78 9.47 9.58 
2016/09/05 9.29 9.75 9.29 9.74 
2016/09/06 9.82 9.82 9.50 9.50 
2016/09/07 9.34 9.60 9.34 9.50 
2016/09/08 9.70 9.70 9.37 9.55 
2016/09/09 9.69 9.69 9.39 9.46 
2016/09/10 9.33 9.59 9.33 9.56 
2016/09/12 9.40 9.55 9.40 9.55 
2016/09/13 9.46 9.60 9.45 9.60 
2016/09/14 9.44 9.65 9.43 9.53 
2016/09/19 9.69 9.69 9.41 9.59 
2016/09/20 9.50 9.52 9.45 9.45 
2016/09/21 9.50 9.55 9.45 9.45 
2016/09/22 9.42 9.50 9.41 9.47 
2016/09/23 9.57 9.57 9.35 9.36 
2016/09/26 9.36 9.36 9.30 9.30 
2016/09/29 9.30 9.39 9.27 9.27 
2016/09/30 9.25 9.28 9.22 9.25 
2016/10/03 9.25 9.25 9.17 9.25 
2016/10/04 9.28 9.28 9.12 9.13 
2016/10/05 9.10 9.20 9.09 9.10 
2016/10/06 9.10 9.10 8.82 8.89 
2016/10/07 8.82 8.89 8.71 8.72 
2016/10/11 8.89 8.89 8.31 8.31 
2016/10/12 8.25 8.37 8.20 8.37 
2016/10/13 8.22 8.30 8.05 8.25 
2016/10/14 8.20 8.26 8.12 8.26 
2016/10/17 8.25 8.30 8.25 8.30 
2016/10/18 8.35 8.36 8.22 8.36 
2016/10/19 8.23 8.28 8.18 8.28 
2016/10/20 8.18 8.18 8.14 8.16 
2016/10/21 8.11 8.26 8.08 8.18 
2016/10/24 8.10 8.10 7.96 7.98 
2016/10/25 8.01 8.05 8.00 8.05 
2016/10/26 8.05 8.06 8.05 8.06 
2016/10/27 8.08 8.18 8.00 8.12 
2016/10/28 8.12 8.12 8.12 8.12 
2016/10/31 7.98 8.18 7.95 8.18 
2016/11/01 8.00 8.01 7.96 8.01 
2016/11/02 8.08 8.08 8.08 8.08 
2016/11/03 7.99 8.18 7.61 8.18 
2016/11/04 8.09 8.09 7.90 7.90 
2016/11/07 7.90 8.00 7.90 8.00 
2016/11/08 7.95 8.03 7.95 8.03 
2016/11/09 7.86 7.96 7.86 7.96 
2016/11/10 8.00 8.00 8.00 8.00 
2016/11/11 8.00 8.06 8.00 8.06 
2016/11/14 7.92 7.92 7.83 7.89 
2016/11/15 7.89 7.96 7.89 7.96 
2016/11/16 7.90 7.95 7.85 7.95 
2016/11/17 7.81 7.81 7.70 7.77 
2016/11/18 7.66 7.90 7.66 7.90 
2016/11/21 7.82 7.89 7.72 7.89 
2016/11/22 7.76 7.87 7.70 7.87 
2016/11/23 7.73 7.82 7.66 7.82 
2016/11/24 7.72 7.72 7.70 7.70 
2016/11/25 7.70 7.78 7.70 7.78 
2016/11/28 7.84 7.84 7.84 7.84 
2016/11/29 7.73 7.73 7.73 7.73 
2016/11/30 7.70 7.75 7.69 7.69 
2016/12/01 7.84 7.84 7.72 7.72 
2016/12/02 7.85 7.86 7.85 7.85 
2016/12/05 7.75 7.75 7.70 7.70 
2016/12/06 7.71 7.71 7.70 7.70 
2016/12/07 7.72 7.88 7.72 7.76 
2016/12/08 7.95 7.95 7.85 7.85 
2016/12/09 8.00 8.05 7.85 8.05 
2016/12/12 8.09 8.70 8.09 8.47 
2016/12/13 8.49 8.59 8.47 8.47 
2016/12/14 8.22 8.28 8.22 8.27 
2016/12/15 8.47 8.53 8.40 8.45 
2016/12/16 8.59 8.82 8.48 8.82 
2016/12/19 8.73 9.10 8.73 8.89 
2016/12/20 8.80 8.85 8.78 8.78 
2016/12/21 8.80 9.00 8.78 8.88 
2016/12/22 8.92 8.99 8.75 8.80 
2016/12/23 8.80 8.95 8.73 8.73 
2016/12/26 8.56 8.67 8.50 8.50 
2016/12/27 8.50 8.50 8.46 8.50 
2016/12/28 8.50 8.50 8.50 8.50 
2016/12/29 8.65 8.70 8.65 8.70 
2016/12/30 8.52 8.70 8.52 8.70 
2017/01/03 8.69 8.70 8.40 8.40 
2017/01/04 8.32 8.51 8.32 8.45 
2017/01/05 8.45 8.45 8.40 8.41 
2017/01/06 8.35 8.45 8.35 8.45 
2017/01/09 8.45 8.50 8.10 8.26 
2017/01/10 8.15 8.15 8.11 8.12 
2017/01/11 8.18 8.18 8.05 8.06 
2017/01/12 8.07 8.17 8.06 8.17 
2017/01/13 8.06 8.19 8.06 8.19 
2017/01/16 8.06 8.16 8.06 8.15 
2017/01/17 8.06 8.15 8.06 8.15 
2017/01/18 8.15 8.15 8.15 8.15 
2017/01/19 8.20 8.20 8.20 8.20 
2017/01/20 8.10 8.19 8.10 8.19 
2017/01/23 8.07 8.20 8.07 8.20 
2017/01/24 8.16 8.16 8.11 8.11 
2017/02/02 8.11 8.20 8.05 8.19 
2017/02/03 8.36 8.36 8.21 8.35 
2017/02/06 8.35 8.45 8.31 8.40 
2017/02/07 8.40 8.55 8.40 8.55 
2017/02/08 8.54 8.57 8.45 8.57 
