2016/07/01 18.55 18.55 18.30 18.40 
2016/07/04 18.45 18.55 18.40 18.45 
2016/07/05 18.45 18.55 18.35 18.50 
2016/07/06 18.40 18.50 18.30 18.30 
2016/07/07 18.40 18.55 18.35 18.50 
2016/07/11 18.65 18.75 18.50 18.50 
2016/07/12 18.60 18.65 18.35 18.35 
2016/07/13 18.40 18.55 18.35 18.40 
2016/07/14 18.45 19.35 18.40 19.15 
2016/07/15 19.15 19.25 18.80 18.90 
2016/07/18 19.00 19.20 18.85 19.00 
2016/07/19 19.00 19.25 18.95 19.15 
2016/07/20 19.10 19.15 18.90 18.90 
2016/07/21 19.00 19.45 19.00 19.20 
2016/07/22 19.20 19.20 19.00 19.00 
2016/07/25 19.15 19.35 18.75 18.85 
2016/07/26 18.85 19.00 18.75 18.85 
2016/07/27 18.90 19.15 18.75 18.75 
2016/07/28 18.80 18.80 18.45 18.50 
2016/07/29 18.55 18.55 18.40 18.45 
2016/08/01 18.40 18.50 18.30 18.40 
2016/08/02 18.55 18.60 18.40 18.50 
2016/08/03 18.45 18.55 18.35 18.45 
2016/08/04 18.55 18.80 18.55 18.70 
2016/08/05 18.80 19.25 18.75 19.20 
2016/08/08 19.40 19.50 19.00 19.10 
2016/08/09 19.15 19.15 18.65 18.70 
2016/08/10 18.75 18.90 18.65 18.90 
2016/08/11 18.90 18.90 18.45 18.70 
2016/08/12 18.70 19.15 18.70 18.80 
2016/08/15 18.95 19.15 18.65 19.10 
2016/08/16 19.20 19.25 18.85 18.85 
2016/08/17 18.90 19.00 18.65 18.80 
2016/08/18 18.80 18.90 18.65 18.70 
2016/08/19 18.85 18.95 18.65 18.70 
2016/08/22 18.85 19.35 18.75 19.05 
2016/08/23 19.05 19.10 18.95 19.05 
2016/08/24 19.10 19.20 18.95 18.95 
2016/08/25 19.00 19.05 18.80 18.90 
2016/08/26 18.95 19.60 18.90 19.30 
2016/08/29 19.30 20.35 19.15 20.15 
2016/08/30 20.30 20.35 19.95 20.05 
2016/08/31 20.15 20.25 19.85 19.95 
2016/09/01 20.00 21.05 19.90 20.15 
2016/09/02 20.15 20.15 18.15 18.30 
2016/09/05 18.50 18.60 18.30 18.50 
2016/09/06 18.55 18.70 18.35 18.50 
2016/09/07 18.60 18.70 18.45 18.55 
2016/09/08 18.55 18.65 18.50 18.55 
2016/09/09 18.90 19.15 18.80 18.80 
2016/09/10 18.60 18.65 18.40 18.60 
2016/09/12 18.65 18.65 18.30 18.40 
2016/09/13 18.50 18.55 18.25 18.55 
2016/09/14 18.45 18.60 18.45 18.50 
2016/09/19 18.55 18.75 18.55 18.65 
2016/09/20 18.70 18.75 18.50 18.65 
2016/09/21 18.65 18.65 18.45 18.45 
2016/09/22 18.65 18.70 18.55 18.60 
2016/09/23 18.65 18.75 18.55 18.55 
2016/09/26 18.55 18.80 18.40 18.50 
2016/09/29 18.60 18.65 18.40 18.45 
2016/09/30 18.45 18.55 18.40 18.50 
2016/10/03 18.55 18.75 18.55 18.60 
2016/10/04 18.70 18.75 18.60 18.70 
2016/10/05 18.70 19.00 18.70 18.90 
2016/10/06 19.00 19.60 19.00 19.30 
2016/10/07 19.45 19.45 19.20 19.20 
2016/10/11 19.00 19.00 18.05 18.30 
2016/10/12 18.25 18.35 18.15 18.30 
2016/10/13 18.30 18.45 17.95 18.00 
2016/10/14 17.80 17.95 17.40 17.55 
2016/10/17 17.65 17.80 17.55 17.75 
2016/10/18 17.75 17.90 17.75 17.85 
2016/10/19 17.85 18.20 17.85 18.15 
2016/10/20 18.15 18.50 18.15 18.40 
2016/10/21 18.40 18.45 18.20 18.25 
2016/10/24 18.25 18.40 18.20 18.35 
2016/10/25 18.35 18.45 18.30 18.35 
2016/10/26 18.35 18.40 18.15 18.25 
2016/10/27 18.25 18.35 18.10 18.15 
2016/10/28 18.15 18.25 18.00 18.05 
2016/10/31 18.00 18.15 17.85 18.00 
2016/11/01 17.95 18.05 17.90 18.05 
2016/11/02 17.45 17.45 17.25 17.25 
2016/11/03 17.15 17.30 17.00 17.00 
2016/11/04 17.00 17.10 16.90 17.05 
2016/11/07 17.20 17.40 17.15 17.35 
2016/11/08 17.55 17.55 17.25 17.35 
2016/11/09 17.45 17.50 16.30 16.40 
2016/11/10 16.90 17.50 16.85 17.20 
2016/11/11 17.00 17.20 16.95 17.10 
2016/11/14 17.10 17.25 17.05 17.15 
2016/11/15 17.25 17.30 17.10 17.10 
2016/11/16 17.20 17.40 17.20 17.20 
2016/11/17 17.25 17.35 17.20 17.30 
2016/11/18 17.35 17.35 16.95 17.05 
2016/11/21 17.10 17.15 17.00 17.05 
2016/11/22 17.35 17.35 17.10 17.10 
2016/11/23 17.25 17.30 17.05 17.10 
2016/11/24 17.10 17.15 16.95 17.00 
2016/11/25 17.05 17.20 17.05 17.15 
2016/11/28 17.25 17.50 17.25 17.40 
2016/11/29 17.65 17.65 17.45 17.55 
2016/11/30 17.45 17.50 17.20 17.30 
2016/12/01 17.45 17.90 17.45 17.65 
2016/12/02 17.70 17.75 17.40 17.45 
2016/12/05 17.45 17.50 17.15 17.20 
2016/12/06 17.00 17.20 16.65 16.65 
2016/12/07 16.75 16.80 16.60 16.65 
2016/12/08 16.80 16.80 16.55 16.65 
2016/12/09 16.65 16.75 16.40 16.40 
2016/12/12 16.40 16.40 15.65 15.80 
2016/12/13 16.05 16.65 16.05 16.55 
2016/12/14 16.85 17.45 16.85 17.20 
2016/12/15 17.30 17.30 16.70 17.05 
2016/12/16 16.90 17.30 16.85 17.00 
2016/12/19 17.25 17.30 16.95 16.95 
2016/12/20 17.05 17.10 16.75 17.05 
2016/12/21 17.05 17.15 16.95 17.00 
2016/12/22 17.05 17.20 16.95 17.00 
2016/12/23 17.10 17.60 17.10 17.60 
2016/12/26 17.85 17.90 17.45 17.45 
2016/12/27 17.45 17.55 17.15 17.30 
2016/12/28 17.40 17.45 17.30 17.40 
2016/12/29 17.45 17.55 17.35 17.35 
2016/12/30 17.40 17.55 17.35 17.50 
2017/01/03 17.60 17.65 17.40 17.50 
2017/01/04 17.50 18.20 17.50 17.85 
2017/01/05 18.00 18.10 17.75 17.85 
2017/01/06 17.90 18.25 17.90 17.95 
2017/01/09 17.95 18.05 17.60 17.60 
2017/01/10 17.65 18.20 17.60 18.05 
2017/01/11 18.10 18.10 17.80 17.95 
2017/01/12 18.00 18.10 17.90 17.95 
2017/01/13 18.05 18.55 18.00 18.05 
2017/01/16 18.05 18.05 17.60 17.60 
2017/01/17 17.70 17.80 17.35 17.40 
2017/01/18 17.35 17.80 17.35 17.70 
2017/01/19 17.80 17.80 17.60 17.65 
2017/01/20 17.65 17.80 17.35 17.40 
2017/01/23 17.50 17.65 17.40 17.45 
2017/01/24 17.50 17.55 17.35 17.40 
2017/02/02 17.40 17.45 17.30 17.35 
2017/02/03 17.40 17.75 17.35 17.35 
2017/02/06 17.45 17.70 17.45 17.65 
2017/02/07 17.75 17.80 17.50 17.55 
2017/02/08 17.55 17.65 17.40 17.55 
