2016/07/01 115.00 120.00 114.50 118.50 
2016/07/04 117.50 121.00 117.50 119.00 
2016/07/05 118.50 119.00 117.50 118.00 
2016/07/06 118.00 118.00 116.50 117.00 
2016/07/07 119.00 119.00 117.00 117.50 
2016/07/11 118.50 118.50 115.50 117.00 
2016/07/12 112.50 115.00 112.50 112.50 
2016/07/13 113.00 116.00 112.50 115.00 
2016/07/14 115.00 115.00 113.50 114.00 
2016/07/15 114.00 115.00 114.00 114.00 
2016/07/18 115.00 115.00 113.50 113.50 
2016/07/19 113.50 114.50 113.00 113.50 
2016/07/20 114.00 116.00 113.00 115.00 
2016/07/21 115.50 117.00 114.50 115.50 
2016/07/22 115.50 116.50 114.50 115.00 
2016/07/25 115.00 116.00 115.00 115.00 
2016/07/26 115.00 116.00 114.00 114.50 
2016/07/27 115.00 116.50 114.50 115.50 
2016/07/28 115.50 116.00 114.50 115.00 
2016/07/29 115.00 116.50 114.50 115.50 
2016/08/01 115.50 116.50 115.00 116.50 
2016/08/02 116.50 122.00 115.50 122.00 
2016/08/03 120.50 122.00 119.50 122.00 
2016/08/04 122.50 126.00 121.00 125.50 
2016/08/05 125.50 126.00 123.50 125.00 
2016/08/08 126.00 127.00 124.00 124.00 
2016/08/09 124.00 124.50 119.00 121.00 
2016/08/10 121.50 123.50 121.50 122.50 
2016/08/11 122.50 122.50 118.50 119.50 
2016/08/12 119.50 121.50 119.00 119.00 
2016/08/15 119.50 120.50 118.50 120.00 
2016/08/16 120.50 121.00 117.00 117.50 
2016/08/17 117.00 118.00 115.50 116.00 
2016/08/18 116.00 120.50 115.50 120.00 
2016/08/19 120.00 121.00 118.00 118.50 
2016/08/22 118.50 119.00 116.50 117.00 
2016/08/23 117.00 117.50 115.00 115.50 
2016/08/24 116.00 116.50 113.50 114.00 
2016/08/25 114.00 115.50 113.50 114.00 
2016/08/26 115.00 115.50 113.50 114.00 
2016/08/29 114.50 116.00 114.00 114.50 
2016/08/30 115.00 117.50 115.00 117.00 
2016/08/31 117.00 118.00 116.00 117.50 
2016/09/01 117.00 117.50 115.50 115.50 
2016/09/02 116.00 116.00 113.00 113.50 
2016/09/05 113.50 114.50 113.00 113.50 
2016/09/06 113.50 116.50 113.50 115.50 
2016/09/07 115.50 117.00 114.50 115.00 
2016/09/08 115.00 116.50 115.00 115.50 
2016/09/09 115.50 118.00 115.00 117.50 
2016/09/10 115.50 118.00 115.00 117.00 
2016/09/12 116.50 120.50 116.50 119.50 
2016/09/13 120.00 120.50 118.00 120.00 
2016/09/14 120.00 120.00 118.00 119.00 
2016/09/19 119.00 120.50 117.50 119.50 
2016/09/20 119.50 121.00 118.50 121.00 
2016/09/21 121.00 125.00 120.00 123.00 
2016/09/22 123.00 124.00 121.50 122.00 
2016/09/23 122.00 123.00 122.00 122.00 
2016/09/26 123.00 123.50 121.00 122.50 
2016/09/29 124.00 124.00 122.50 123.00 
2016/09/30 123.00 123.00 119.50 121.00 
2016/10/03 121.00 122.00 120.50 121.00 
2016/10/04 121.00 122.00 120.50 121.50 
2016/10/05 121.00 121.50 119.50 120.00 
2016/10/06 121.00 121.50 119.50 121.00 
2016/10/07 121.00 121.50 118.50 119.00 
2016/10/11 119.50 120.00 116.00 116.50 
2016/10/12 117.50 117.50 115.50 116.50 
2016/10/13 118.00 118.00 115.00 116.00 
2016/10/14 116.00 116.00 109.00 114.00 
2016/10/17 114.50 114.50 111.50 111.50 
2016/10/18 111.50 113.00 110.50 112.00 
2016/10/19 112.50 113.50 112.00 112.50 
2016/10/20 112.00 114.00 111.50 113.00 
2016/10/21 113.50 113.50 109.00 111.00 
2016/10/24 111.00 111.00 109.00 109.00 
2016/10/25 110.00 110.00 105.00 106.00 
2016/10/26 105.00 107.50 105.00 106.50 
2016/10/27 107.00 110.00 107.00 110.00 
2016/10/28 111.00 111.00 109.00 109.50 
2016/10/31 109.00 110.50 107.50 110.00 
2016/11/01 109.50 112.00 109.50 109.50 
2016/11/02 109.50 109.50 105.00 105.50 
2016/11/03 106.50 106.50 104.00 104.00 
2016/11/04 105.00 105.50 103.50 104.00 
2016/11/07 105.00 108.00 105.00 106.00 
2016/11/08 107.00 107.50 103.00 105.50 
2016/11/09 106.00 107.00 96.90 97.00 
2016/11/10 100.00 101.00 93.60 96.70 
2016/11/11 94.40 94.40 89.90 90.00 
2016/11/14 89.00 93.60 89.00 92.90 
2016/11/15 92.00 92.50 91.20 92.20 
2016/11/16 92.30 93.50 92.10 92.30 
2016/11/17 92.30 95.70 92.30 94.80 
2016/11/18 95.00 96.00 94.10 95.50 
2016/11/21 96.10 96.10 94.50 95.00 
2016/11/22 95.60 97.20 95.00 96.10 
2016/11/23 96.80 97.50 95.10 95.30 
2016/11/24 95.50 96.00 95.10 95.10 
2016/11/25 95.80 95.90 94.50 94.70 
2016/11/28 94.80 95.50 94.20 94.20 
2016/11/29 95.20 96.20 94.80 95.20 
2016/11/30 95.20 95.70 94.00 94.00 
2016/12/01 94.80 94.80 94.00 94.00 
2016/12/02 94.90 94.90 93.70 93.70 
2016/12/05 94.60 94.70 93.50 93.60 
2016/12/06 94.60 97.50 94.00 97.00 
2016/12/07 97.70 98.10 96.50 97.40 
2016/12/08 97.40 98.00 96.00 96.00 
2016/12/09 97.00 97.00 95.60 96.20 
2016/12/12 97.10 98.00 95.40 96.20 
2016/12/13 96.30 96.90 95.20 95.20 
2016/12/14 96.00 96.00 95.00 95.00 
2016/12/15 95.00 95.60 93.30 93.50 
2016/12/16 93.50 94.40 93.40 94.00 
2016/12/19 93.60 93.90 92.70 92.70 
2016/12/20 92.70 93.50 91.80 92.80 
2016/12/21 92.50 93.70 92.00 92.30 
2016/12/22 93.30 93.40 91.60 92.00 
2016/12/23 92.00 92.50 91.00 91.10 
2016/12/26 91.40 92.20 91.40 91.70 
2016/12/27 92.30 92.40 91.50 91.70 
2016/12/28 92.30 92.60 92.00 92.20 
2016/12/29 92.20 94.00 92.20 93.70 
2016/12/30 93.70 94.20 93.70 93.80 
2017/01/03 94.00 94.10 93.40 93.70 
2017/01/04 94.10 94.50 93.20 93.20 
2017/01/05 93.70 94.20 93.30 93.90 
2017/01/06 93.90 94.80 93.30 94.40 
2017/01/09 94.00 94.90 92.80 93.20 
2017/01/10 93.80 93.80 92.70 92.80 
2017/01/11 93.10 93.20 91.90 91.90 
2017/01/12 92.40 92.90 92.00 92.40 
2017/01/13 92.40 92.40 91.20 91.20 
2017/01/16 91.80 91.80 90.10 90.10 
2017/01/17 91.00 92.00 90.80 91.40 
2017/01/18 91.40 91.40 90.20 90.50 
2017/01/19 90.30 90.80 90.30 90.60 
2017/01/20 90.50 90.90 89.90 90.20 
2017/01/23 90.80 91.70 90.20 90.50 
2017/01/24 90.50 91.00 90.10 90.70 
2017/02/02 91.00 94.00 90.50 94.00 
2017/02/03 93.80 102.00 93.40 101.00 
2017/02/06 101.00 101.50 98.30 99.10 
2017/02/07 99.00 100.00 97.90 98.20 
2017/02/08 98.40 99.00 97.50 97.50 
