2016/07/01 44.50 44.60 44.10 44.15 
2016/07/04 43.90 44.90 43.80 44.90 
2016/07/05 44.90 45.00 44.40 44.80 
2016/07/06 44.50 44.80 44.25 44.80 
2016/07/07 44.90 44.90 44.30 44.60 
2016/07/11 44.30 44.55 44.20 44.35 
2016/07/12 44.50 44.60 44.35 44.35 
2016/07/13 44.50 44.65 44.35 44.40 
2016/07/14 44.55 46.60 44.55 45.90 
2016/07/15 46.10 46.60 45.55 45.55 
2016/07/18 46.95 49.85 46.95 47.90 
2016/07/19 48.10 48.10 47.15 47.25 
2016/07/20 47.85 47.85 46.30 46.85 
2016/07/21 47.65 48.00 47.10 47.90 
2016/07/22 48.95 48.95 47.60 47.60 
2016/07/25 48.10 48.10 46.20 46.25 
2016/07/26 46.30 46.90 46.30 46.70 
2016/07/27 46.50 47.00 46.00 46.00 
2016/07/28 46.00 46.45 45.90 45.90 
2016/07/29 46.10 46.20 45.90 46.00 
2016/08/01 46.00 46.65 45.80 46.40 
2016/08/02 46.30 46.85 46.30 46.70 
2016/08/03 46.70 46.70 46.10 46.25 
2016/08/04 46.15 46.80 46.10 46.70 
2016/08/05 46.70 46.80 46.40 46.50 
2016/08/08 46.70 48.15 46.60 47.95 
2016/08/09 47.95 47.95 47.00 47.25 
2016/08/10 47.25 47.45 47.00 47.00 
2016/08/11 47.10 47.70 46.95 47.00 
2016/08/12 47.10 47.20 46.70 46.75 
2016/08/15 46.75 47.95 46.55 47.95 
2016/08/16 48.20 49.50 48.15 48.85 
2016/08/17 49.40 49.40 48.25 48.40 
2016/08/18 48.85 48.85 48.05 48.20 
2016/08/19 48.65 48.65 47.75 47.80 
2016/08/22 48.00 48.10 46.70 46.90 
2016/08/23 47.05 47.40 46.70 46.80 
2016/08/24 45.00 45.20 44.90 45.15 
2016/08/25 45.50 45.50 44.50 44.55 
2016/08/26 44.65 44.90 44.40 44.45 
2016/08/29 45.00 45.00 44.30 44.50 
2016/08/30 44.55 44.80 44.30 44.35 
2016/08/31 44.45 44.50 43.55 43.65 
2016/09/01 43.65 44.25 43.65 43.80 
2016/09/02 43.80 43.80 43.05 43.20 
2016/09/05 43.50 43.90 43.30 43.40 
2016/09/06 43.60 44.05 43.50 43.80 
2016/09/07 43.70 44.70 43.70 44.15 
2016/09/08 44.45 44.45 44.20 44.20 
2016/09/09 44.20 44.25 44.00 44.05 
2016/09/10 43.60 43.90 43.35 43.60 
2016/09/12 43.50 43.85 43.45 43.80 
2016/09/13 43.85 43.85 43.00 43.10 
2016/09/14 42.65 42.95 42.60 42.70 
2016/09/19 43.00 43.70 42.70 43.20 
2016/09/20 43.20 43.60 43.10 43.30 
2016/09/21 43.25 43.80 43.20 43.65 
2016/09/22 43.65 43.65 43.35 43.65 
2016/09/23 43.65 43.90 43.60 43.70 
2016/09/26 43.70 43.70 43.20 43.20 
2016/09/29 43.30 43.35 42.90 42.90 
2016/09/30 42.70 43.00 42.65 42.70 
2016/10/03 42.60 42.70 41.85 41.85 
2016/10/04 42.00 42.20 41.70 41.85 
2016/10/05 41.60 42.40 41.60 42.00 
2016/10/06 42.30 42.95 42.30 42.60 
2016/10/07 42.90 42.90 42.30 42.30 
2016/10/11 42.30 42.30 40.10 40.25 
2016/10/12 40.10 40.95 39.30 40.45 
2016/10/13 40.30 40.30 39.90 40.15 
2016/10/14 40.00 40.40 39.40 39.40 
2016/10/17 39.70 39.70 38.20 38.85 
2016/10/18 38.95 39.70 38.90 39.50 
2016/10/19 39.55 40.80 39.55 40.35 
2016/10/20 40.35 40.35 39.70 39.90 
2016/10/21 40.10 40.80 40.10 40.20 
2016/10/24 40.30 40.30 39.90 39.95 
2016/10/25 40.50 40.50 40.00 40.00 
2016/10/26 40.20 40.20 39.75 39.75 
2016/10/27 39.90 40.10 39.60 39.60 
2016/10/28 39.50 39.50 39.20 39.25 
2016/10/31 39.00 39.75 38.55 39.60 
2016/11/01 39.60 40.15 39.30 39.70 
2016/11/02 40.00 40.00 38.70 38.70 
2016/11/03 38.75 39.00 38.50 38.65 
2016/11/04 38.00 38.50 38.00 38.10 
2016/11/07 38.20 38.45 38.10 38.10 
2016/11/08 38.30 38.30 37.55 37.70 
2016/11/09 37.60 37.70 37.00 37.00 
2016/11/10 37.20 37.80 37.20 37.50 
2016/11/11 37.30 37.40 37.05 37.05 
2016/11/14 37.00 37.00 35.80 35.90 
2016/11/15 35.90 35.90 35.20 35.30 
2016/11/16 35.45 36.35 35.45 35.80 
2016/11/17 35.80 36.25 35.70 35.95 
2016/11/18 36.00 36.30 35.05 35.50 
2016/11/21 35.80 35.80 35.30 35.70 
2016/11/22 35.90 36.10 35.80 35.90 
2016/11/23 36.20 36.40 36.10 36.15 
2016/11/24 36.15 36.15 35.70 35.75 
2016/11/25 35.95 36.00 35.40 35.80 
2016/11/28 35.80 36.20 35.80 35.85 
2016/11/29 36.10 36.50 36.10 36.40 
2016/11/30 36.40 36.50 36.10 36.10 
2016/12/01 36.15 36.90 36.15 36.80 
2016/12/02 36.80 36.80 36.40 36.40 
2016/12/05 36.40 36.70 36.30 36.70 
2016/12/06 36.95 37.40 36.80 37.15 
2016/12/07 37.50 37.80 37.40 37.60 
2016/12/08 37.70 37.90 37.65 37.65 
2016/12/09 38.00 38.45 38.00 38.20 
2016/12/12 39.20 39.70 38.70 38.75 
2016/12/13 39.00 39.25 38.25 38.45 
2016/12/14 38.45 38.90 38.45 38.70 
2016/12/15 39.10 39.10 38.05 38.50 
2016/12/16 39.15 39.20 38.75 38.85 
2016/12/19 38.85 38.85 38.70 38.70 
2016/12/20 38.70 39.10 38.50 38.50 
2016/12/21 38.95 38.95 38.30 38.50 
2016/12/22 38.45 38.45 37.70 37.70 
2016/12/23 37.55 37.70 37.45 37.60 
2016/12/26 37.50 37.60 37.40 37.55 
2016/12/27 37.55 37.55 37.00 37.20 
2016/12/28 37.20 37.45 37.20 37.25 
2016/12/29 36.80 37.30 36.80 36.85 
2016/12/30 37.10 37.40 37.10 37.30 
2017/01/03 37.80 39.95 37.70 39.30 
2017/01/04 39.45 40.35 39.20 39.25 
2017/01/05 39.50 40.80 39.35 40.60 
2017/01/06 40.60 40.80 40.45 40.65 
2017/01/09 41.00 41.00 40.45 41.00 
2017/01/10 41.10 41.30 40.20 40.20 
2017/01/11 40.25 40.25 39.55 39.55 
2017/01/12 39.45 39.80 39.45 39.60 
2017/01/13 39.60 39.60 39.25 39.30 
2017/01/16 39.30 39.55 39.10 39.30 
2017/01/17 39.55 39.55 39.25 39.40 
2017/01/18 39.35 39.50 39.10 39.40 
2017/01/19 39.40 39.40 39.20 39.40 
2017/01/20 39.25 39.25 39.00 39.15 
2017/01/23 39.15 39.15 38.65 38.75 
2017/01/24 38.70 39.20 38.55 39.10 
2017/02/02 39.50 39.70 39.20 39.70 
2017/02/03 39.95 39.95 39.30 39.55 
2017/02/06 39.50 39.50 39.20 39.50 
2017/02/07 39.70 39.70 39.20 39.40 
2017/02/08 39.50 39.60 39.25 39.30 
