2016/07/01 24.20 24.60 23.90 24.45 
2016/07/04 24.40 24.60 24.15 24.30 
2016/07/05 24.25 24.30 24.05 24.20 
2016/07/06 24.10 24.10 23.45 23.70 
2016/07/07 23.80 23.90 23.55 23.65 
2016/07/11 24.00 24.35 23.85 24.20 
2016/07/12 24.40 24.50 24.05 24.30 
2016/07/13 24.30 24.80 24.25 24.75 
2016/07/14 23.80 24.10 23.55 23.95 
2016/07/15 24.10 24.20 23.90 24.20 
2016/07/18 24.30 24.45 24.00 24.45 
2016/07/19 24.60 24.90 24.35 24.90 
2016/07/20 24.85 25.00 24.45 24.85 
2016/07/21 24.80 25.00 24.60 24.75 
2016/07/22 24.65 24.80 24.60 24.65 
2016/07/25 24.75 24.85 24.30 24.65 
2016/07/26 24.65 24.85 24.60 24.80 
2016/07/27 24.80 24.85 24.65 24.80 
2016/07/28 24.60 25.00 24.60 24.90 
2016/07/29 24.90 24.95 24.65 24.90 
2016/08/01 24.90 24.90 24.70 24.90 
2016/08/02 24.85 24.90 24.75 24.80 
2016/08/03 24.55 24.90 24.25 24.75 
2016/08/04 24.80 24.80 24.35 24.75 
2016/08/05 24.70 24.95 24.70 24.85 
2016/08/08 25.00 25.05 24.80 24.95 
2016/08/09 24.95 25.00 24.80 24.95 
2016/08/10 24.90 25.05 24.75 25.05 
2016/08/11 24.85 25.00 24.30 24.85 
2016/08/12 24.85 24.95 24.65 24.85 
2016/08/15 24.70 24.90 24.55 24.85 
2016/08/16 24.70 24.80 24.30 24.65 
2016/08/17 24.40 24.55 24.10 24.10 
2016/08/18 24.05 24.50 24.05 24.25 
2016/08/19 24.20 24.35 23.70 23.75 
2016/08/22 23.60 23.75 23.45 23.55 
2016/08/23 23.45 23.80 23.45 23.60 
2016/08/24 23.60 23.65 23.50 23.50 
2016/08/25 23.55 23.85 23.50 23.80 
2016/08/26 23.85 23.85 23.70 23.80 
2016/08/29 23.80 23.80 23.45 23.60 
2016/08/30 23.60 23.95 23.55 23.90 
2016/08/31 23.70 23.75 23.40 23.40 
2016/09/01 23.40 23.50 23.20 23.30 
2016/09/02 23.40 23.60 23.30 23.55 
2016/09/05 23.60 24.10 23.60 24.05 
2016/09/06 24.05 24.80 24.00 24.80 
2016/09/07 24.80 24.95 24.50 24.65 
2016/09/08 24.45 24.85 24.45 24.50 
2016/09/09 24.30 24.50 24.20 24.30 
2016/09/10 24.00 24.10 23.90 24.00 
2016/09/12 23.80 23.95 23.70 23.75 
2016/09/13 23.65 23.80 23.45 23.50 
2016/09/14 23.35 23.70 23.35 23.55 
2016/09/19 23.60 23.65 23.30 23.35 
2016/09/20 23.40 23.60 23.35 23.50 
2016/09/21 23.45 23.75 23.40 23.70 
2016/09/22 23.80 23.85 23.60 23.70 
2016/09/23 23.70 23.80 23.60 23.80 
2016/09/26 23.80 23.80 23.70 23.75 
2016/09/29 23.85 23.95 23.60 23.75 
2016/09/30 23.75 23.75 23.45 23.45 
2016/10/03 23.50 23.60 23.45 23.50 
2016/10/04 23.50 23.55 23.35 23.50 
2016/10/05 23.40 23.50 23.35 23.50 
2016/10/06 23.50 23.50 23.35 23.45 
2016/10/07 23.45 23.60 23.40 23.60 
2016/10/11 23.70 23.70 23.40 23.45 
2016/10/12 23.45 23.45 23.30 23.35 
2016/10/13 23.40 23.45 23.20 23.20 
2016/10/14 23.20 23.55 23.15 23.50 
2016/10/17 23.60 23.60 23.15 23.20 
2016/10/18 23.30 23.65 23.25 23.65 
2016/10/19 23.90 24.85 23.90 24.35 
2016/10/20 24.65 24.70 24.40 24.55 
2016/10/21 24.60 24.60 24.30 24.50 
2016/10/24 24.50 24.50 24.25 24.30 
2016/10/25 24.20 24.30 24.20 24.25 
2016/10/26 24.25 24.25 24.15 24.20 
2016/10/27 24.15 24.40 24.15 24.25 
2016/10/28 24.25 24.35 24.10 24.30 
2016/10/31 24.05 24.50 23.80 24.45 
2016/11/01 24.25 24.30 24.10 24.25 
2016/11/02 24.05 24.20 23.95 24.10 
2016/11/03 23.90 24.10 23.70 23.70 
2016/11/04 23.70 23.90 23.65 23.80 
2016/11/07 24.10 24.10 23.70 23.70 
2016/11/08 23.80 24.20 23.80 24.20 
2016/11/09 24.40 24.50 23.50 23.65 
2016/11/10 24.10 24.15 23.85 23.95 
2016/11/11 23.60 23.65 23.30 23.40 
2016/11/14 23.35 23.40 22.95 22.95 
2016/11/15 23.00 23.15 22.95 22.95 
2016/11/16 23.05 23.15 22.95 23.00 
2016/11/17 22.95 22.95 22.50 22.65 
2016/11/18 22.65 23.10 22.60 22.85 
2016/11/21 22.90 23.10 22.80 23.00 
2016/11/22 23.05 23.40 23.05 23.25 
2016/11/23 23.30 23.50 23.25 23.50 
2016/11/24 23.50 23.50 23.30 23.40 
2016/11/25 23.40 23.50 23.35 23.35 
2016/11/28 23.35 23.75 23.35 23.65 
2016/11/29 23.65 23.65 23.45 23.50 
2016/11/30 23.60 23.65 23.45 23.50 
2016/12/01 23.65 24.15 23.65 23.85 
2016/12/02 23.75 24.10 23.75 23.95 
2016/12/05 23.90 23.95 23.60 23.60 
2016/12/06 23.95 24.10 23.80 24.00 
2016/12/07 24.10 24.20 23.95 24.20 
2016/12/08 24.30 24.80 24.15 24.80 
2016/12/09 24.60 24.95 24.50 24.80 
2016/12/12 24.80 25.00 24.70 24.90 
2016/12/13 24.50 25.00 24.45 24.90 
2016/12/14 25.00 25.00 24.45 24.65 
2016/12/15 24.50 24.55 24.35 24.45 
2016/12/16 24.40 24.55 24.30 24.35 
2016/12/19 24.35 24.35 24.00 24.05 
2016/12/20 24.05 24.75 24.05 24.35 
2016/12/21 24.35 24.60 24.35 24.40 
2016/12/22 24.40 24.40 24.15 24.15 
2016/12/23 24.05 24.25 24.00 24.00 
2016/12/26 24.00 24.00 23.70 23.80 
2016/12/27 23.80 23.80 23.60 23.75 
2016/12/28 23.90 24.05 23.75 24.05 
2016/12/29 23.95 24.05 23.80 23.90 
2016/12/30 24.15 24.30 24.00 24.20 
2017/01/03 24.20 24.35 23.80 24.30 
2017/01/04 24.10 24.35 24.05 24.25 
2017/01/05 24.25 24.65 24.15 24.65 
2017/01/06 24.60 24.85 24.30 24.75 
2017/01/09 24.75 24.80 24.40 24.45 
2017/01/10 24.55 24.75 24.45 24.65 
2017/01/11 24.75 24.75 24.50 24.75 
2017/01/12 24.85 25.25 24.80 25.05 
2017/01/13 25.10 25.20 24.80 25.00 
2017/01/16 24.90 24.90 24.65 24.80 
2017/01/17 24.60 25.15 24.60 24.80 
2017/01/18 24.80 25.35 24.75 25.20 
2017/01/19 25.10 25.30 24.90 25.25 
2017/01/20 25.20 25.25 25.00 25.10 
2017/01/23 25.10 26.00 25.05 25.90 
2017/01/24 25.90 26.10 25.70 26.00 
2017/02/02 26.10 27.00 26.10 26.80 
2017/02/03 26.55 27.05 26.50 26.80 
2017/02/06 26.85 27.00 26.65 26.90 
2017/02/07 26.60 27.20 26.60 27.10 
2017/02/08 26.95 27.10 26.50 26.55 
