2016/07/01 6.62 6.77 6.62 6.77 
2016/07/04 6.68 6.80 6.50 6.59 
2016/07/05 6.52 6.60 6.50 6.51 
2016/07/06 6.42 6.64 6.40 6.46 
2016/07/07 6.45 6.65 6.45 6.45 
2016/07/11 6.50 6.57 6.40 6.52 
2016/07/12 6.32 6.50 6.32 6.45 
2016/07/13 6.42 6.42 6.40 6.41 
2016/07/14 6.50 6.50 6.36 6.40 
2016/07/15 6.40 6.43 6.36 6.37 
2016/07/18 6.37 6.45 6.37 6.45 
2016/07/19 6.38 6.58 6.38 6.50 
2016/07/20 6.50 6.60 6.40 6.58 
2016/07/21 6.46 6.67 6.46 6.60 
2016/07/22 6.32 6.63 6.32 6.60 
2016/07/25 6.38 6.58 6.38 6.40 
2016/07/26 6.35 6.56 6.35 6.54 
2016/07/27 6.42 6.65 6.42 6.58 
2016/07/28 6.45 6.65 6.45 6.62 
2016/07/29 6.60 6.68 6.55 6.57 
2016/08/01 6.60 6.75 6.47 6.47 
2016/08/02 6.50 6.62 6.47 6.62 
2016/08/03 6.55 6.64 6.45 6.46 
2016/08/04 6.45 6.54 6.40 6.45 
2016/08/05 6.43 6.50 6.41 6.42 
2016/08/08 6.50 6.58 6.50 6.54 
2016/08/09 6.42 6.52 6.41 6.48 
2016/08/10 6.42 6.46 6.42 6.46 
2016/08/11 6.49 6.49 6.46 6.48 
2016/08/12 6.48 6.64 6.43 6.50 
2016/08/15 6.50 6.52 6.40 6.52 
2016/08/16 6.42 6.60 6.42 6.45 
2016/08/17 6.50 6.52 6.50 6.52 
2016/08/18 6.52 6.55 6.47 6.54 
2016/08/19 6.50 6.59 6.48 6.55 
2016/08/22 6.20 6.60 6.20 6.42 
2016/08/23 6.18 6.60 6.18 6.36 
2016/08/24 6.36 6.36 6.33 6.33 
2016/08/25 6.31 6.43 6.31 6.32 
2016/08/26 6.32 6.32 6.31 6.31 
2016/08/29 6.35 6.55 6.34 6.34 
2016/08/30 6.32 6.32 6.32 6.32 
2016/08/31 6.44 6.44 6.30 6.30 
2016/09/01 6.30 6.30 6.30 6.30 
2016/09/02 6.30 6.54 6.30 6.30 
2016/09/05 6.27 6.43 6.27 6.43 
2016/09/06 6.35 6.42 6.25 6.30 
2016/09/07 6.30 6.42 6.30 6.40 
2016/09/08 6.44 6.50 6.32 6.50 
2016/09/10 6.40 6.40 6.25 6.25 
2016/09/12 6.23 6.45 6.23 6.45 
2016/09/19 6.38 6.40 6.38 6.40 
2016/09/21 6.30 6.40 6.30 6.40 
2016/09/23 6.25 6.48 6.22 6.38 
2016/09/26 6.26 6.30 6.25 6.26 
2016/09/29 6.26 6.30 6.20 6.20 
2016/09/30 6.20 6.46 6.17 6.17 
2016/10/03 6.18 6.20 6.18 6.20 
2016/10/04 6.16 6.16 6.16 6.16 
2016/10/05 6.25 6.35 5.81 5.93 
2016/10/06 5.93 5.95 5.72 5.93 
2016/10/07 5.82 6.08 5.80 6.07 
2016/10/11 6.02 6.02 5.82 5.82 
2016/10/12 5.83 5.95 5.82 5.93 
2016/10/13 5.86 5.86 5.50 5.85 
2016/10/14 5.75 5.80 5.68 5.68 
2016/10/17 5.75 5.92 5.66 5.66 
2016/10/18 5.75 5.94 5.75 5.92 
2016/10/19 5.90 6.04 5.90 5.99 
2016/10/20 6.07 6.10 5.93 6.00 
2016/10/21 6.10 6.23 6.00 6.11 
2016/10/24 6.11 6.11 5.85 5.86 
2016/10/25 5.86 5.95 5.85 5.88 
2016/10/26 5.85 6.14 5.85 5.99 
2016/10/31 5.99 5.99 5.76 5.76 
2016/11/01 5.80 5.95 5.78 5.78 
2016/11/02 5.98 6.15 5.81 5.95 
2016/11/03 6.00 6.00 5.64 5.88 
2016/11/04 5.75 5.78 5.62 5.78 
2016/11/07 5.75 5.84 5.65 5.82 
2016/11/08 5.65 5.65 5.65 5.65 
2016/11/09 5.74 5.74 5.60 5.70 
2016/11/10 5.70 5.73 5.65 5.70 
2016/11/11 5.66 5.75 5.66 5.75 
2016/11/14 5.67 5.80 5.50 5.80 
2016/11/15 5.60 5.72 5.56 5.72 
2016/11/16 5.62 5.74 5.62 5.68 
2016/11/17 5.68 5.90 5.64 5.80 
2016/11/18 5.65 5.76 5.61 5.76 
2016/11/21 5.66 5.76 5.66 5.76 
2016/11/22 5.84 5.84 5.69 5.70 
2016/11/23 5.70 5.89 5.61 5.70 
2016/11/24 5.63 5.80 5.63 5.80 
2016/11/25 5.70 5.78 5.67 5.78 
2016/11/28 5.78 5.85 5.66 5.77 
2016/11/29 5.76 5.85 5.76 5.85 
2016/11/30 5.89 5.89 5.85 5.88 
2016/12/01 5.88 6.46 5.88 6.28 
2016/12/02 6.28 6.45 6.06 6.17 
2016/12/05 5.86 6.25 5.86 6.24 
2016/12/06 6.10 6.12 6.00 6.12 
2016/12/07 6.24 6.24 5.91 6.00 
2016/12/08 5.98 6.08 5.95 6.05 
2016/12/09 5.95 6.08 5.95 6.06 
2016/12/12 5.95 6.02 5.95 6.02 
2016/12/13 5.93 6.07 5.89 6.05 
2016/12/14 5.92 6.00 5.90 5.91 
2016/12/15 5.91 5.91 5.91 5.91 
2016/12/16 5.91 5.92 5.86 5.86 
2016/12/19 5.82 5.90 5.82 5.82 
2016/12/20 5.72 6.00 5.72 5.90 
2016/12/21 5.76 5.89 5.76 5.81 
2016/12/22 5.81 5.81 5.81 5.81 
2016/12/23 6.00 6.00 5.80 5.80 
2016/12/26 5.75 5.82 5.64 5.79 
2016/12/27 5.65 5.74 5.60 5.71 
2016/12/28 5.60 5.72 5.57 5.57 
2016/12/29 5.51 5.65 5.50 5.55 
2016/12/30 5.52 5.59 5.51 5.59 
2017/01/03 5.59 5.59 5.45 5.55 
2017/01/04 5.54 5.58 5.50 5.58 
2017/01/05 5.57 5.63 5.50 5.60 
2017/01/06 5.51 5.80 5.51 5.65 
2017/01/09 5.54 5.69 5.54 5.65 
2017/01/10 5.58 5.64 5.50 5.64 
2017/01/11 5.51 5.53 5.48 5.50 
2017/01/12 5.51 5.62 5.50 5.57 
2017/01/16 5.50 5.50 5.45 5.45 
2017/01/17 5.48 5.48 5.40 5.47 
2017/01/18 5.50 5.64 5.50 5.60 
2017/01/19 5.60 5.65 5.58 5.65 
2017/01/20 5.56 5.89 5.56 5.75 
2017/01/23 5.75 5.84 5.66 5.68 
2017/01/24 5.62 5.79 5.62 5.73 
2017/02/02 5.66 5.85 5.66 5.73 
2017/02/03 5.65 5.80 5.65 5.74 
2017/02/06 5.74 5.83 5.74 5.75 
2017/02/07 5.73 5.80 5.73 5.77 
2017/02/08 5.79 6.10 5.79 5.87 
