2016/07/01 5.93 5.97 5.90 5.90 
2016/07/04 5.92 5.97 5.91 5.94 
2016/07/05 5.94 5.99 5.90 5.97 
2016/07/06 5.91 5.97 5.91 5.95 
2016/07/07 6.00 6.05 5.96 5.98 
2016/07/11 5.97 6.06 5.96 6.03 
2016/07/12 6.00 6.02 5.96 5.99 
2016/07/13 6.00 6.58 6.00 6.58 
2016/07/14 6.48 6.77 6.41 6.43 
2016/07/15 6.54 6.55 6.36 6.50 
2016/07/18 6.44 6.46 6.32 6.42 
2016/07/19 6.42 6.45 6.37 6.40 
2016/07/20 6.37 6.47 6.35 6.38 
2016/07/21 6.38 6.79 6.36 6.61 
2016/07/22 6.63 6.65 6.30 6.46 
2016/07/25 6.38 6.45 6.30 6.31 
2016/07/26 6.31 6.37 6.30 6.30 
2016/07/27 6.31 6.36 6.31 6.32 
2016/07/28 6.30 6.41 6.30 6.35 
2016/07/29 6.40 6.40 6.32 6.32 
2016/08/01 6.35 6.35 6.26 6.33 
2016/08/02 6.37 6.37 6.29 6.36 
2016/08/03 6.32 6.39 6.30 6.32 
2016/08/04 6.39 6.43 6.30 6.31 
2016/08/05 6.38 6.43 6.32 6.33 
2016/08/08 6.40 6.40 6.33 6.34 
2016/08/09 6.33 6.37 6.30 6.34 
2016/08/10 6.34 6.35 6.27 6.27 
2016/08/11 6.27 6.27 6.15 6.15 
2016/08/12 6.15 6.20 6.12 6.14 
2016/08/15 6.05 6.14 6.05 6.07 
2016/08/16 6.09 6.09 6.00 6.01 
2016/08/17 6.01 6.05 5.91 5.99 
2016/08/18 5.99 5.99 5.95 5.95 
2016/08/19 5.95 5.98 5.92 5.93 
2016/08/22 5.93 5.98 5.87 5.91 
2016/08/23 5.91 6.03 5.91 6.03 
2016/08/24 6.03 6.03 5.93 5.93 
2016/08/25 5.93 6.01 5.91 6.00 
2016/08/26 6.05 6.10 6.00 6.02 
2016/08/29 6.01 6.08 5.96 5.96 
2016/08/30 6.01 6.06 5.97 6.00 
2016/08/31 6.04 6.04 6.00 6.00 
2016/09/01 6.08 6.08 6.00 6.01 
2016/09/02 6.02 6.02 5.97 5.97 
2016/09/05 5.97 6.02 5.97 5.97 
2016/09/06 5.97 6.07 5.95 5.95 
2016/09/07 5.96 6.03 5.96 5.99 
2016/09/08 6.00 6.05 5.99 6.04 
2016/09/09 6.02 6.02 5.97 5.99 
2016/09/10 6.00 6.00 5.93 5.98 
2016/09/12 5.98 6.05 5.94 6.00 
2016/09/13 5.99 6.04 5.96 5.96 
2016/09/14 5.92 5.98 5.92 5.98 
2016/09/19 5.95 6.00 5.95 5.98 
2016/09/20 5.98 6.00 5.91 6.00 
2016/09/21 5.95 6.05 5.94 5.98 
2016/09/22 6.01 6.01 5.99 5.99 
2016/09/23 6.01 6.06 6.00 6.02 
2016/09/26 6.04 6.04 5.97 5.97 
2016/09/29 5.99 6.01 5.97 5.99 
2016/09/30 5.99 6.00 5.95 5.98 
2016/10/03 5.98 6.02 5.96 6.00 
2016/10/04 6.00 6.02 5.97 6.00 
2016/10/05 6.00 6.00 5.95 5.95 
2016/10/06 5.95 6.28 5.95 6.06 
2016/10/07 6.14 6.14 6.07 6.07 
2016/10/11 6.07 6.11 5.96 5.96 
2016/10/12 6.00 6.03 5.92 5.95 
2016/10/13 5.95 5.98 5.92 5.92 
2016/10/14 5.93 6.00 5.88 5.93 
2016/10/17 5.93 6.02 5.86 5.97 
2016/10/18 6.02 6.02 5.95 6.01 
2016/10/19 6.03 6.09 6.02 6.07 
2016/10/20 6.09 6.14 6.09 6.12 
2016/10/21 6.10 6.14 6.08 6.08 
2016/10/24 6.08 6.13 6.08 6.10 
2016/10/25 6.10 6.11 6.10 6.11 
2016/10/26 6.15 6.15 6.08 6.11 
2016/10/27 6.14 6.14 6.07 6.10 
2016/10/28 6.08 6.10 6.05 6.07 
2016/10/31 6.10 6.10 6.00 6.04 
2016/11/01 6.04 6.05 5.98 6.00 
2016/11/02 6.04 6.05 5.95 6.02 
2016/11/03 6.02 6.15 5.95 5.98 
2016/11/04 5.98 5.99 5.96 5.98 
2016/11/07 6.00 6.01 5.97 5.98 
2016/11/08 5.95 5.99 5.93 5.99 
2016/11/09 6.00 6.00 5.70 5.83 
2016/11/10 5.75 5.96 5.75 5.94 
2016/11/11 5.96 5.96 5.72 5.84 
2016/11/14 5.88 5.90 5.77 5.90 
2016/11/15 5.80 5.94 5.80 5.94 
2016/11/16 5.94 6.00 5.90 5.99 
2016/11/17 5.99 6.30 5.99 6.14 
2016/11/18 6.15 6.20 6.06 6.17 
2016/11/21 6.14 6.20 6.08 6.18 
2016/11/22 6.18 6.18 6.12 6.12 
2016/11/23 6.12 6.15 6.10 6.12 
2016/11/24 6.12 6.12 6.02 6.05 
2016/11/25 6.02 6.09 6.02 6.07 
2016/11/28 6.07 6.23 6.07 6.14 
2016/11/29 6.11 6.15 6.09 6.09 
2016/11/30 6.09 6.13 6.07 6.10 
2016/12/01 6.10 6.26 6.10 6.24 
2016/12/02 6.27 6.63 6.27 6.45 
2016/12/05 6.45 6.48 6.30 6.31 
2016/12/06 6.44 6.45 6.31 6.36 
2016/12/07 6.38 6.40 6.29 6.31 
2016/12/08 6.48 6.48 6.33 6.38 
2016/12/09 6.37 6.37 6.29 6.29 
2016/12/12 6.32 6.38 6.29 6.29 
2016/12/13 6.35 6.35 6.29 6.32 
2016/12/14 6.35 6.41 6.33 6.34 
2016/12/15 6.34 6.34 6.29 6.30 
2016/12/16 6.26 6.29 6.25 6.25 
2016/12/19 6.21 6.26 6.18 6.18 
2016/12/20 6.24 6.24 6.11 6.18 
2016/12/21 6.13 6.19 6.10 6.18 
2016/12/22 6.18 6.19 6.13 6.13 
2016/12/23 6.18 6.18 6.10 6.11 
2016/12/26 6.11 6.17 6.09 6.09 
2016/12/27 6.08 6.12 6.03 6.03 
2016/12/28 6.03 6.08 6.02 6.05 
2016/12/29 6.09 6.11 6.03 6.06 
2016/12/30 6.10 6.10 6.03 6.09 
2017/01/03 6.09 6.10 6.02 6.08 
2017/01/04 6.08 6.09 6.05 6.08 
2017/01/05 6.08 6.15 6.08 6.14 
2017/01/06 6.15 6.15 6.12 6.14 
2017/01/09 6.15 6.15 6.08 6.09 
2017/01/10 6.08 6.13 6.06 6.10 
2017/01/11 6.10 6.12 6.08 6.10 
2017/01/12 6.12 6.13 6.07 6.11 
2017/01/13 6.11 6.12 6.09 6.11 
2017/01/16 6.12 6.14 6.10 6.11 
2017/01/17 6.13 6.14 6.10 6.12 
2017/01/18 6.20 6.49 6.20 6.37 
2017/01/19 6.37 6.37 6.25 6.29 
2017/01/20 6.31 6.36 6.26 6.30 
2017/01/23 6.32 6.44 6.31 6.39 
2017/01/24 6.40 6.42 6.32 6.35 
2017/02/02 6.40 6.45 6.38 6.44 
2017/02/03 6.46 6.74 6.46 6.51 
2017/02/06 6.55 6.57 6.46 6.46 
2017/02/07 6.50 6.55 6.46 6.47 
2017/02/08 6.50 6.64 6.48 6.52 
