2016/07/01 19.30 19.75 19.30 19.55 
2016/07/04 19.60 19.75 19.40 19.60 
2016/07/05 19.60 19.60 19.45 19.45 
2016/07/06 19.45 19.50 19.35 19.35 
2016/07/07 19.40 19.50 19.35 19.50 
2016/07/11 19.55 19.55 19.40 19.45 
2016/07/12 19.50 19.50 19.40 19.45 
2016/07/13 19.50 19.50 19.35 19.35 
2016/07/14 19.35 19.45 19.35 19.40 
2016/07/15 19.45 19.55 19.40 19.50 
2016/07/18 19.55 19.65 19.55 19.55 
2016/07/19 19.55 20.50 19.55 20.15 
2016/07/20 20.20 20.30 19.80 20.00 
2016/07/21 20.10 20.50 20.05 20.40 
2016/07/22 20.55 20.55 20.25 20.35 
2016/07/25 20.40 20.50 20.10 20.10 
2016/07/26 20.10 20.35 20.05 20.20 
2016/07/27 19.05 19.70 19.05 19.30 
2016/07/28 19.30 19.35 19.20 19.35 
2016/07/29 19.35 19.35 19.10 19.15 
2016/08/01 19.15 19.50 19.15 19.50 
2016/08/02 19.45 19.45 19.30 19.45 
2016/08/03 19.30 19.45 19.25 19.45 
2016/08/04 19.45 19.80 19.25 19.70 
2016/08/05 19.75 19.75 19.55 19.75 
2016/08/08 19.75 19.75 19.65 19.75 
2016/08/09 19.70 19.75 19.55 19.75 
2016/08/10 19.80 20.30 19.80 20.10 
2016/08/11 20.10 20.60 20.00 20.45 
2016/08/12 20.45 21.45 20.35 21.45 
2016/08/15 21.45 22.25 20.85 21.65 
2016/08/16 21.85 21.85 21.60 21.80 
2016/08/17 21.80 21.85 21.65 21.80 
2016/08/18 21.80 21.85 21.65 21.65 
2016/08/19 21.65 21.75 21.10 21.20 
2016/08/22 21.20 21.20 20.80 20.85 
2016/08/23 20.70 21.15 20.70 21.05 
2016/08/24 21.10 21.35 21.10 21.25 
2016/08/25 21.25 21.35 20.85 20.90 
2016/08/26 20.85 21.10 20.80 21.00 
2016/08/29 21.10 22.85 21.10 22.60 
2016/08/30 22.70 23.05 22.15 22.15 
2016/08/31 22.20 22.35 22.05 22.25 
2016/09/01 22.25 22.40 21.95 22.40 
2016/09/02 22.40 22.40 21.75 21.90 
2016/09/05 22.00 22.10 21.85 21.90 
2016/09/06 21.90 22.20 21.75 22.00 
2016/09/07 22.00 22.35 21.90 22.25 
2016/09/08 22.25 22.75 22.25 22.60 
2016/09/09 22.60 22.60 22.20 22.30 
2016/09/10 22.10 22.20 21.80 21.85 
2016/09/12 22.05 22.05 21.75 21.80 
2016/09/13 22.10 22.10 21.80 21.85 
2016/09/14 21.85 22.20 21.80 21.95 
2016/09/19 21.95 21.95 21.75 21.80 
2016/09/20 21.80 22.10 21.70 21.90 
2016/09/21 22.00 22.05 21.90 22.00 
2016/09/22 22.20 22.20 22.00 22.10 
2016/09/23 22.15 22.20 22.00 22.10 
2016/09/26 22.10 23.50 22.10 22.80 
2016/09/29 23.30 23.30 22.85 22.95 
2016/09/30 23.10 24.15 22.95 23.75 
2016/10/14 26.10 26.95 25.70 26.35 
2016/10/17 26.30 26.30 25.90 26.00 
2016/10/18 26.00 26.60 25.75 25.90 
2016/10/19 25.90 25.90 25.70 25.80 
2016/10/20 25.70 26.20 25.65 25.80 
2016/10/21 25.80 25.85 25.65 25.65 
2016/10/24 25.65 25.65 24.80 24.90 
2016/10/25 24.90 25.20 24.85 25.10 
2016/10/26 25.10 25.30 25.00 25.05 
2016/10/27 25.05 25.20 24.85 24.85 
2016/10/28 24.85 25.30 24.70 25.30 
2016/10/31 25.30 26.00 25.25 25.55 
2016/11/01 25.55 25.70 25.35 25.65 
2016/11/02 25.65 25.65 25.30 25.40 
2016/11/03 25.10 25.45 25.00 25.05 
2016/11/04 24.95 25.40 24.95 25.15 
2016/11/07 25.15 25.35 25.10 25.10 
2016/11/08 25.15 25.30 25.10 25.15 
2016/11/09 25.20 26.00 25.00 25.15 
2016/11/10 25.30 26.10 25.30 25.85 
2016/11/11 25.80 25.80 25.00 25.45 
2016/11/14 25.45 25.85 25.40 25.70 
2016/11/15 25.70 26.35 25.70 25.95 
2016/11/16 26.20 26.20 25.70 25.70 
2016/11/17 26.10 26.10 25.65 25.70 
2016/11/18 26.00 26.00 25.75 25.75 
2016/11/21 25.80 25.85 25.40 25.60 
2016/11/22 25.65 25.70 25.40 25.45 
2016/11/23 25.45 25.45 25.15 25.15 
2016/11/24 25.15 25.45 25.15 25.20 
2016/11/25 25.20 25.30 25.00 25.05 
2016/11/28 25.15 25.20 25.05 25.05 
2016/11/29 25.30 25.70 25.20 25.20 
2016/11/30 25.20 25.30 25.05 25.25 
2016/12/01 25.25 25.40 25.25 25.40 
2016/12/02 25.35 25.35 25.15 25.25 
2016/12/05 25.30 25.50 25.25 25.35 
2016/12/06 25.45 25.45 25.10 25.15 
2016/12/07 25.30 25.90 25.30 25.70 
2016/12/08 25.85 25.85 25.50 25.65 
2016/12/09 25.55 25.55 25.25 25.25 
2016/12/12 25.30 25.35 25.15 25.15 
2016/12/13 25.20 25.20 25.10 25.15 
2016/12/14 25.20 25.30 24.75 24.85 
2016/12/15 24.95 24.95 24.70 24.75 
2016/12/16 24.95 24.95 24.70 24.70 
2016/12/19 24.90 24.90 24.70 24.70 
2016/12/20 24.70 25.00 24.70 24.70 
2016/12/21 24.80 24.80 24.65 24.65 
2016/12/22 24.70 24.75 24.50 24.65 
2016/12/23 24.75 24.95 24.70 24.85 
2016/12/26 24.95 25.10 24.70 25.00 
2016/12/27 25.10 25.35 24.95 25.25 
2016/12/28 25.35 25.35 25.10 25.20 
2016/12/29 25.05 25.35 25.05 25.25 
2016/12/30 25.35 25.50 25.25 25.45 
2017/01/03 25.00 25.65 25.00 25.65 
2017/01/04 25.60 25.60 25.40 25.45 
2017/01/05 25.40 25.50 25.30 25.50 
2017/01/06 25.50 25.65 25.25 25.60 
2017/01/09 25.60 25.70 25.50 25.65 
2017/01/10 25.65 25.75 25.30 25.70 
2017/01/11 26.05 27.50 26.05 26.80 
2017/01/12 27.20 27.30 26.70 26.75 
2017/01/13 26.75 26.95 26.45 26.95 
2017/01/16 27.00 27.00 26.55 26.95 
2017/01/17 26.80 26.95 26.80 26.80 
2017/01/18 26.85 26.95 26.50 26.70 
2017/01/19 26.70 26.70 26.50 26.55 
2017/01/20 26.50 26.70 26.40 26.50 
2017/01/23 26.55 26.65 26.40 26.45 
2017/01/24 26.40 26.45 26.30 26.40 
2017/02/02 26.55 27.30 26.50 27.00 
2017/02/03 27.00 27.15 26.85 27.00 
2017/02/06 27.05 28.20 26.85 27.85 
2017/02/07 28.10 28.10 27.50 27.60 
2017/02/08 27.40 27.50 27.10 27.15 
