2016/07/01 21.95 22.00 21.70 21.80 
2016/07/04 21.80 22.10 21.75 21.75 
2016/07/05 21.75 22.40 21.70 22.05 
2016/07/06 22.05 22.05 21.55 21.75 
2016/07/07 21.60 21.90 21.60 21.70 
2016/07/11 22.10 22.25 21.75 21.75 
2016/07/12 21.90 22.45 21.75 22.45 
2016/07/13 22.50 22.55 21.85 21.85 
2016/07/14 21.85 21.90 21.55 21.65 
2016/07/15 21.75 21.95 21.55 21.55 
2016/07/18 21.55 21.80 21.55 21.60 
2016/07/19 21.65 21.65 21.30 21.30 
2016/07/20 21.40 21.45 21.15 21.20 
2016/07/21 21.20 21.30 21.10 21.10 
2016/07/22 21.15 22.10 21.15 21.75 
2016/07/25 21.75 21.75 21.40 21.40 
2016/07/26 21.45 21.60 21.40 21.45 
2016/07/27 21.55 21.55 21.40 21.50 
2016/07/28 21.45 21.80 21.40 21.65 
2016/07/29 21.80 21.80 21.20 21.30 
2016/08/01 21.30 21.50 21.30 21.30 
2016/08/02 21.35 21.50 21.35 21.45 
2016/08/03 21.55 21.55 21.30 21.35 
2016/08/04 21.35 21.45 21.30 21.40 
2016/08/05 21.45 21.70 21.40 21.70 
2016/08/08 21.55 21.80 21.55 21.70 
2016/08/09 21.75 22.20 21.65 22.05 
2016/08/10 22.05 22.10 21.70 21.85 
2016/08/11 21.95 22.05 21.40 21.40 
2016/08/12 21.45 21.75 19.75 20.10 
2016/08/15 20.00 20.15 19.65 19.70 
2016/08/16 19.70 19.95 19.60 19.60 
2016/08/17 19.65 19.70 19.15 19.20 
2016/08/18 19.15 19.40 19.05 19.30 
2016/08/19 19.45 19.45 19.05 19.15 
2016/08/22 19.20 19.30 19.10 19.10 
2016/08/23 19.30 19.35 19.10 19.15 
2016/08/24 19.30 19.30 19.05 19.20 
2016/08/25 19.10 19.30 19.05 19.10 
2016/08/26 19.10 19.10 18.80 19.05 
2016/08/29 19.05 19.05 18.60 18.90 
2016/08/30 18.90 19.15 18.90 18.95 
2016/08/31 18.85 19.25 18.75 19.10 
2016/09/01 19.10 19.10 19.00 19.00 
2016/09/02 19.00 19.10 18.80 18.95 
2016/09/05 18.90 19.05 18.85 18.95 
2016/09/06 18.95 19.20 18.95 19.15 
2016/09/07 19.05 19.05 18.85 18.85 
2016/09/08 18.80 19.10 18.75 18.95 
2016/09/09 19.00 19.00 18.85 18.85 
2016/09/10 18.70 19.30 18.65 19.00 
2016/09/12 18.85 19.05 18.75 18.75 
2016/09/13 18.85 18.85 18.65 18.75 
2016/09/14 18.85 18.85 18.50 18.60 
2016/09/19 18.45 18.70 18.40 18.70 
2016/09/20 18.50 18.70 18.40 18.70 
2016/09/21 18.65 18.65 18.35 18.60 
2016/09/22 18.50 18.55 18.45 18.45 
2016/09/23 18.45 18.65 18.45 18.65 
2016/09/26 18.70 18.70 18.50 18.70 
2016/09/29 18.70 18.70 18.35 18.60 
2016/09/30 18.60 18.60 18.35 18.60 
2016/10/03 18.60 18.60 18.10 18.40 
2016/10/04 18.40 18.50 18.30 18.40 
2016/10/05 18.50 18.50 17.60 18.05 
2016/10/06 18.20 18.30 18.05 18.15 
2016/10/07 18.50 18.50 17.85 17.85 
2016/10/11 17.85 17.90 17.00 17.30 
2016/10/12 17.20 17.25 16.85 17.15 
2016/10/13 17.05 17.25 16.90 17.25 
2016/10/14 17.05 17.05 16.95 17.00 
2016/10/17 17.00 17.15 16.80 17.00 
2016/10/18 17.00 17.00 16.80 16.90 
2016/10/19 16.75 16.90 16.70 16.80 
2016/10/20 16.80 16.90 16.70 16.75 
2016/10/21 16.65 16.80 16.65 16.75 
2016/10/24 16.75 16.80 16.55 16.60 
2016/10/25 16.60 16.65 16.40 16.60 
2016/10/26 16.60 16.65 16.40 16.55 
2016/10/27 16.50 16.50 16.40 16.45 
2016/10/28 16.45 16.55 16.40 16.55 
2016/10/31 16.65 16.70 16.55 16.70 
2016/11/01 16.75 17.05 16.55 16.95 
2016/11/02 17.00 17.00 16.70 16.70 
2016/11/03 16.75 16.90 16.65 16.65 
2016/11/04 16.65 16.65 16.45 16.60 
2016/11/07 16.50 16.55 16.45 16.50 
2016/11/08 16.40 16.55 16.25 16.40 
2016/11/09 16.30 16.50 15.50 16.05 
2016/11/10 16.50 16.55 16.30 16.55 
2016/11/11 16.55 16.60 16.35 16.50 
2016/11/14 16.50 16.50 16.05 16.15 
2016/11/15 16.15 16.20 16.05 16.20 
2016/11/16 16.35 16.35 16.10 16.25 
2016/11/17 16.30 16.30 16.10 16.25 
2016/11/18 16.25 16.25 15.95 16.10 
2016/11/21 16.05 16.10 15.90 16.10 
2016/11/22 16.05 16.15 15.95 16.05 
2016/11/23 16.05 16.05 15.90 16.05 
2016/11/24 16.00 16.05 15.80 16.00 
2016/11/25 15.90 16.00 15.85 16.00 
2016/11/28 16.10 16.20 16.00 16.05 
2016/11/29 16.05 16.05 16.00 16.00 
2016/11/30 16.00 16.10 16.00 16.00 
2016/12/01 16.05 17.60 16.05 17.30 
2016/12/02 17.30 17.60 16.70 16.90 
2016/12/05 17.00 17.00 16.60 16.60 
2016/12/06 16.75 16.80 16.65 16.75 
2016/12/07 16.75 17.25 16.75 16.90 
2016/12/08 16.90 16.90 16.80 16.80 
2016/12/09 16.95 16.95 16.55 16.70 
2016/12/12 17.00 17.00 16.70 16.75 
2016/12/13 16.75 16.80 16.65 16.70 
2016/12/14 16.90 16.90 16.55 16.55 
2016/12/15 16.70 16.70 16.40 16.55 
2016/12/16 16.65 16.65 16.50 16.60 
2016/12/19 16.60 16.70 16.55 16.65 
2016/12/20 16.65 16.65 16.55 16.65 
2016/12/21 16.55 16.65 16.35 16.45 
2016/12/22 16.45 16.50 16.45 16.50 
2016/12/23 16.55 16.55 16.35 16.35 
2016/12/26 16.35 16.40 16.35 16.35 
2016/12/27 16.30 16.35 16.30 16.30 
2016/12/28 16.45 16.45 16.30 16.30 
2016/12/29 16.40 16.40 16.10 16.20 
2016/12/30 16.30 16.40 16.25 16.30 
2017/01/03 16.45 16.45 16.30 16.35 
2017/01/04 16.40 16.55 16.30 16.40 
2017/01/05 16.40 16.65 16.35 16.50 
2017/01/06 16.35 16.45 16.35 16.40 
2017/01/09 16.35 16.35 16.10 16.30 
2017/01/10 16.30 16.30 15.85 16.20 
2017/01/11 16.25 16.25 16.00 16.00 
2017/01/12 16.25 16.25 16.00 16.10 
2017/01/13 16.10 16.10 15.85 16.00 
2017/01/16 15.90 16.00 15.70 15.90 
2017/01/17 15.95 16.00 15.80 15.90 
2017/01/18 15.95 15.95 15.85 15.85 
2017/01/19 15.75 15.95 15.75 15.85 
2017/01/20 15.85 16.00 15.85 16.00 
2017/01/23 16.00 16.00 15.85 15.95 
2017/01/24 15.90 16.00 15.85 15.95 
2017/02/02 16.20 16.30 15.85 15.85 
2017/02/03 15.85 16.00 15.80 15.80 
2017/02/06 15.80 16.05 15.80 16.05 
2017/02/07 16.05 16.05 15.95 15.95 
2017/02/08 16.10 16.35 16.05 16.15 
