2016/07/01 4.40 4.40 4.27 4.36 
2016/07/04 4.38 4.40 4.32 4.40 
2016/07/05 4.40 4.40 4.32 4.40 
2016/07/06 4.32 4.39 4.32 4.32 
2016/07/07 4.31 4.43 4.31 4.42 
2016/07/11 4.47 4.47 4.31 4.35 
2016/07/12 4.30 4.36 4.30 4.36 
2016/07/13 4.31 4.41 4.31 4.41 
2016/07/14 4.37 4.41 4.37 4.41 
2016/07/15 4.40 4.46 4.40 4.45 
2016/07/18 4.41 4.45 4.41 4.45 
2016/07/19 4.45 4.49 4.40 4.45 
2016/07/20 4.55 4.55 4.47 4.47 
2016/07/21 4.54 4.54 4.48 4.50 
2016/07/22 4.53 4.53 4.44 4.44 
2016/07/25 4.41 4.46 4.40 4.46 
2016/07/26 4.48 4.48 4.48 4.48 
2016/07/27 4.42 4.49 4.42 4.48 
2016/07/28 4.48 4.52 4.45 4.48 
2016/07/29 4.43 4.49 4.43 4.44 
2016/08/01 4.44 4.51 4.44 4.49 
2016/08/02 4.45 4.50 4.43 4.50 
2016/08/03 4.41 4.50 4.39 4.49 
2016/08/04 4.40 4.51 4.40 4.49 
2016/08/05 4.49 4.51 4.49 4.51 
2016/08/08 4.45 4.49 4.41 4.49 
2016/08/09 4.49 4.49 4.42 4.49 
2016/08/10 4.47 4.47 4.40 4.45 
2016/08/11 4.47 4.47 4.40 4.40 
2016/08/12 4.46 4.46 4.40 4.46 
2016/08/15 4.47 4.47 4.40 4.44 
2016/08/16 4.38 4.43 4.38 4.43 
2016/08/17 4.40 4.48 4.38 4.48 
2016/08/18 4.04 4.46 4.04 4.45 
2016/08/19 4.36 4.38 4.36 4.37 
2016/08/22 4.31 4.40 4.23 4.24 
2016/08/23 4.24 4.33 4.24 4.33 
2016/08/24 4.33 4.33 4.33 4.33 
2016/08/25 4.33 4.40 4.27 4.40 
2016/08/26 4.39 4.39 4.23 4.37 
2016/08/29 4.45 4.45 4.28 4.38 
2016/08/30 4.38 4.48 4.37 4.40 
2016/08/31 4.39 4.50 4.39 4.45 
2016/09/01 4.40 4.47 4.40 4.47 
2016/09/02 4.47 4.55 4.42 4.44 
2016/09/05 4.42 4.50 4.37 4.42 
2016/09/06 4.45 4.45 4.30 4.34 
2016/09/07 4.32 4.39 4.30 4.39 
2016/09/08 4.41 4.46 4.41 4.46 
2016/09/09 4.49 4.50 4.46 4.50 
2016/09/10 4.45 4.49 4.45 4.49 
2016/09/12 4.40 4.50 4.36 4.47 
2016/09/13 4.47 4.47 4.40 4.46 
2016/09/14 4.38 4.45 4.38 4.45 
2016/09/19 4.47 4.47 4.40 4.46 
2016/09/20 4.48 4.48 4.34 4.39 
2016/09/21 4.45 4.45 4.32 4.43 
2016/09/22 4.40 4.46 4.34 4.42 
2016/09/23 4.40 4.42 4.33 4.33 
2016/09/26 4.33 4.35 4.32 4.35 
2016/09/29 4.38 4.42 4.38 4.42 
2016/09/30 4.42 4.42 4.40 4.42 
2016/10/03 4.40 4.44 4.36 4.42 
2016/10/04 4.42 4.42 4.42 4.42 
2016/10/05 4.40 4.42 4.40 4.41 
2016/10/06 4.37 4.42 4.37 4.42 
2016/10/07 4.41 4.41 4.36 4.40 
2016/10/11 4.40 4.40 4.30 4.36 
2016/10/12 4.30 4.36 4.30 4.36 
2016/10/13 4.35 4.35 4.35 4.35 
2016/10/14 4.30 4.30 4.27 4.30 
2016/10/17 4.11 4.30 4.11 4.28 
2016/10/18 4.25 4.28 4.25 4.28 
2016/10/19 4.15 4.28 4.11 4.25 
2016/10/20 4.16 4.26 4.16 4.25 
2016/10/21 4.28 4.28 4.17 4.25 
2016/10/24 4.17 4.26 4.17 4.21 
2016/10/25 4.26 4.26 4.18 4.25 
2016/10/26 4.19 4.25 4.18 4.25 
2016/10/27 4.20 4.26 4.20 4.26 
2016/10/28 4.26 4.26 4.24 4.24 
2016/10/31 4.24 4.25 4.20 4.25 
2016/11/01 4.25 4.28 4.25 4.25 
2016/11/02 4.25 4.25 4.19 4.24 
2016/11/03 4.20 4.24 4.19 4.24 
2016/11/04 4.24 4.24 4.20 4.23 
2016/11/07 4.20 4.24 4.20 4.24 
2016/11/08 4.24 4.24 4.20 4.20 
2016/11/09 4.20 4.20 4.11 4.19 
2016/11/10 4.24 4.24 4.24 4.24 
2016/11/11 4.23 4.24 4.16 4.23 
2016/11/14 4.23 4.23 4.18 4.23 
2016/11/15 4.20 4.23 4.19 4.19 
2016/11/16 4.23 4.23 4.19 4.23 
2016/11/17 4.23 4.23 4.20 4.23 
2016/11/18 4.23 4.23 3.83 4.22 
2016/11/21 4.22 4.22 4.15 4.22 
2016/11/22 4.22 4.23 4.18 4.23 
2016/11/23 4.20 4.24 4.15 4.24 
2016/11/24 4.23 4.23 4.22 4.22 
2016/11/25 4.16 4.20 4.16 4.20 
2016/11/28 4.12 4.20 4.12 4.18 
2016/11/29 4.16 4.16 4.12 4.16 
2016/11/30 4.17 4.17 4.13 4.17 
2016/12/01 4.17 4.35 4.15 4.24 
2016/12/02 4.25 4.25 4.19 4.22 
2016/12/05 4.24 4.24 4.17 4.22 
2016/12/06 4.22 4.25 4.19 4.23 
2016/12/07 4.23 4.23 4.23 4.23 
2016/12/08 4.24 4.24 4.16 4.23 
2016/12/09 4.23 4.25 4.22 4.22 
2016/12/12 4.23 4.26 4.21 4.21 
2016/12/13 4.20 4.23 4.20 4.22 
2016/12/14 4.17 4.23 4.14 4.20 
2016/12/15 4.20 4.22 4.20 4.22 
2016/12/16 4.21 4.24 4.18 4.24 
2016/12/19 4.20 4.20 4.19 4.20 
2016/12/20 4.19 4.20 4.16 4.20 
2016/12/21 4.19 4.19 4.18 4.19 
2016/12/22 4.20 4.20 4.15 4.19 
2016/12/23 4.19 4.19 4.17 4.19 
2016/12/26 4.18 4.18 4.15 4.18 
2016/12/27 4.19 4.19 4.15 4.18 
2016/12/28 4.14 4.19 4.14 4.19 
2016/12/29 4.12 4.20 4.11 4.20 
2016/12/30 4.16 4.21 4.14 4.21 
2017/01/03 4.21 4.24 4.15 4.20 
2017/01/04 4.02 4.17 4.02 4.17 
2017/01/05 4.12 4.17 4.12 4.17 
2017/01/06 4.17 4.19 4.17 4.18 
2017/01/09 4.14 4.18 4.14 4.18 
2017/01/10 4.13 4.17 4.13 4.17 
2017/01/11 4.15 4.19 4.13 4.19 
2017/01/12 4.15 4.19 4.15 4.19 
2017/01/13 4.19 4.19 4.16 4.19 
2017/01/16 4.19 4.19 4.14 4.18 
2017/01/17 4.15 4.22 4.15 4.19 
2017/01/18 4.19 4.50 4.18 4.21 
2017/01/19 4.25 4.38 4.22 4.35 
2017/01/20 4.38 4.78 4.38 4.78 
2017/01/23 5.08 5.10 4.81 5.00 
2017/01/24 4.90 4.98 4.85 4.85 
2017/02/02 4.95 5.33 4.90 5.33 
2017/02/03 5.32 5.40 5.21 5.40 
2017/02/06 5.80 5.94 5.70 5.94 
2017/02/07 6.18 6.38 5.96 5.99 
2017/02/08 6.00 6.03 5.65 6.03 
