2016/07/01 14.45 15.05 14.40 15.05 
2016/07/04 15.10 15.10 14.80 14.85 
2016/07/05 14.80 14.80 14.65 14.75 
2016/07/06 14.75 14.75 14.60 14.75 
2016/07/07 14.65 15.00 14.65 14.80 
2016/07/11 14.90 14.90 14.65 14.90 
2016/07/12 14.90 14.90 14.70 14.85 
2016/07/13 14.85 15.40 14.70 15.30 
2016/07/14 15.40 15.40 15.10 15.20 
2016/07/15 15.30 15.30 15.10 15.20 
2016/07/18 15.10 15.55 15.10 15.40 
2016/07/19 15.40 15.95 15.35 15.75 
2016/07/20 15.50 15.85 15.50 15.75 
2016/07/21 15.80 15.85 15.70 15.70 
2016/07/22 15.70 15.85 15.65 15.75 
2016/07/25 15.80 15.80 15.00 15.25 
2016/07/26 15.15 15.45 15.10 15.45 
2016/07/27 15.40 15.45 15.15 15.20 
2016/07/28 15.15 15.35 15.15 15.20 
2016/07/29 15.20 15.35 15.20 15.30 
2016/08/01 15.25 15.50 15.20 15.35 
2016/08/02 15.50 15.50 15.35 15.40 
2016/08/03 15.20 15.25 15.10 15.20 
2016/08/04 15.25 15.25 14.95 15.10 
2016/08/05 15.00 15.10 14.95 15.10 
2016/08/08 15.25 15.25 15.00 15.10 
2016/08/09 15.05 15.10 14.85 15.00 
2016/08/10 15.00 15.10 14.95 15.00 
2016/08/11 15.00 15.10 14.85 15.05 
2016/08/12 15.50 16.55 15.50 16.55 
2016/08/15 16.55 16.80 15.90 16.10 
2016/08/16 16.30 16.45 16.05 16.20 
2016/08/17 16.30 16.30 15.95 16.05 
2016/08/18 15.95 16.05 15.90 15.95 
2016/08/19 16.00 16.00 15.55 15.65 
2016/08/22 15.70 15.70 15.20 15.25 
2016/08/23 15.40 15.45 15.25 15.30 
2016/08/24 15.30 15.35 15.20 15.20 
2016/08/25 15.10 15.35 15.10 15.20 
2016/08/26 15.20 15.65 15.20 15.40 
2016/08/29 15.55 15.55 15.30 15.35 
2016/08/30 15.45 15.45 15.20 15.30 
2016/08/31 15.30 15.30 15.15 15.15 
2016/09/01 15.15 15.20 15.05 15.15 
2016/09/02 15.15 15.20 14.90 14.95 
2016/09/05 14.90 14.95 14.85 14.95 
2016/09/06 14.85 15.00 14.85 15.00 
2016/09/07 14.95 15.30 14.95 15.15 
2016/09/08 15.35 15.35 15.25 15.30 
2016/09/09 15.40 15.40 15.25 15.35 
2016/09/10 15.20 15.20 15.15 15.20 
2016/09/12 15.25 15.25 15.05 15.10 
2016/09/13 15.25 15.25 15.10 15.15 
2016/09/14 15.15 15.35 15.15 15.25 
2016/09/19 15.35 15.35 15.25 15.25 
2016/09/20 15.30 15.40 15.25 15.25 
2016/09/21 15.30 15.40 15.25 15.40 
2016/09/22 15.45 15.45 15.20 15.25 
2016/09/23 15.30 15.30 15.15 15.25 
2016/09/26 15.30 15.35 15.25 15.25 
2016/09/29 15.30 15.30 15.25 15.25 
2016/09/30 15.30 15.35 15.30 15.30 
2016/10/03 15.30 15.40 15.30 15.35 
2016/10/04 15.35 15.90 15.35 15.60 
2016/10/05 15.75 15.80 15.55 15.55 
2016/10/06 15.60 15.70 15.60 15.60 
2016/10/07 15.65 15.65 15.55 15.55 
2016/10/11 15.55 15.60 15.50 15.50 
2016/10/12 15.50 15.50 15.35 15.40 
2016/10/13 15.40 15.40 15.30 15.40 
2016/10/14 15.40 15.40 15.25 15.40 
2016/10/17 15.30 15.30 15.25 15.30 
2016/10/18 15.25 15.25 15.20 15.25 
2016/10/19 15.25 15.30 15.00 15.20 
2016/10/20 15.10 15.25 15.10 15.15 
2016/10/21 15.15 15.20 15.05 15.15 
2016/10/24 15.15 15.25 15.15 15.25 
2016/10/25 15.20 15.20 15.20 15.20 
2016/10/26 15.25 15.25 15.10 15.20 
2016/10/27 15.20 15.20 15.10 15.10 
2016/10/28 15.10 15.10 15.05 15.10 
2016/10/31 15.10 15.10 15.00 15.10 
2016/11/01 15.10 15.10 15.00 15.10 
2016/11/02 15.10 15.10 14.95 14.95 
2016/11/03 14.95 14.95 14.85 14.85 
2016/11/04 14.85 14.85 14.70 14.85 
2016/11/07 14.80 14.90 14.80 14.85 
2016/11/08 14.85 14.85 14.75 14.80 
2016/11/09 14.80 14.85 14.35 14.70 
2016/11/10 14.70 15.00 14.50 14.80 
2016/11/11 14.80 14.85 14.65 14.80 
2016/11/14 15.00 15.30 14.80 15.30 
2016/11/15 15.35 15.70 15.25 15.30 
2016/11/16 15.30 15.30 15.25 15.30 
2016/11/17 15.30 15.30 15.10 15.20 
2016/11/18 15.30 15.45 15.20 15.45 
2016/11/21 15.40 15.60 15.30 15.50 
2016/11/22 15.50 15.50 15.30 15.30 
2016/11/23 15.30 15.40 15.25 15.30 
2016/11/24 15.30 15.30 15.20 15.30 
2016/11/25 15.30 15.30 15.15 15.25 
2016/11/28 15.25 15.30 15.15 15.25 
2016/11/29 15.30 15.45 15.25 15.35 
2016/11/30 15.40 16.20 15.30 16.05 
2016/12/01 15.90 16.00 15.80 15.90 
2016/12/02 15.85 15.90 15.70 15.85 
2016/12/05 15.85 15.85 15.50 15.70 
2016/12/06 15.70 15.80 15.55 15.55 
2016/12/07 15.60 15.60 15.40 15.55 
2016/12/08 15.55 15.65 15.50 15.55 
2016/12/09 15.85 16.00 15.75 15.80 
2016/12/12 15.80 15.85 15.70 15.80 
2016/12/13 15.80 16.20 15.80 16.10 
2016/12/14 16.10 16.15 16.00 16.00 
2016/12/15 15.90 16.05 15.90 16.05 
2016/12/16 16.10 16.30 16.05 16.20 
2016/12/19 16.10 16.70 16.10 16.25 
2016/12/20 16.30 16.95 16.25 16.85 
2016/12/21 16.95 16.95 16.45 16.50 
2016/12/22 16.50 16.65 16.35 16.40 
2016/12/23 16.40 16.70 16.35 16.45 
2016/12/26 16.45 16.45 16.05 16.35 
2016/12/27 16.15 16.45 16.15 16.45 
2016/12/28 16.50 16.55 16.40 16.55 
2016/12/29 16.60 16.60 16.40 16.50 
2016/12/30 16.55 16.55 16.40 16.55 
2017/01/03 16.60 16.60 16.45 16.60 
2017/01/04 16.50 16.90 16.50 16.70 
2017/01/05 16.75 16.90 16.70 16.70 
2017/01/06 16.70 17.05 16.70 16.95 
2017/01/09 17.00 17.05 16.90 16.95 
2017/01/10 16.90 17.20 16.80 17.05 
2017/01/11 17.05 17.15 17.00 17.10 
2017/01/12 17.15 17.15 17.00 17.05 
2017/01/13 17.05 17.05 16.65 16.75 
2017/01/16 16.75 16.75 16.45 16.45 
2017/01/17 16.45 16.60 16.45 16.50 
2017/01/18 16.50 16.65 16.50 16.65 
2017/01/19 16.55 16.65 16.45 16.55 
2017/01/20 16.60 16.70 16.55 16.70 
2017/01/23 16.75 16.80 16.60 16.80 
2017/01/24 16.75 17.40 16.75 17.25 
2017/02/02 17.50 18.90 17.30 18.40 
2017/02/03 18.40 18.70 18.15 18.45 
2017/02/06 18.45 19.10 18.40 18.85 
2017/02/07 18.90 18.95 18.65 18.85 
2017/02/08 18.75 18.95 18.60 18.80 
