2016/07/01 4.20 4.20 4.10 4.10 
2016/07/04 4.10 4.17 4.03 4.03 
2016/07/05 4.01 4.01 4.01 4.01 
2016/07/06 4.20 4.20 4.00 4.17 
2016/07/07 4.06 4.06 4.05 4.05 
2016/07/11 4.00 4.04 4.00 4.04 
2016/07/12 4.01 4.01 4.00 4.00 
2016/07/13 4.00 4.19 4.00 4.19 
2016/07/15 4.01 4.01 4.00 4.00 
2016/07/18 4.15 4.15 4.15 4.15 
2016/07/19 4.05 4.13 3.95 4.13 
2016/07/20 4.13 4.13 4.00 4.00 
2016/07/21 4.14 4.14 4.00 4.12 
2016/07/25 4.01 4.18 4.01 4.18 
2016/07/26 4.18 4.18 4.01 4.15 
2016/07/27 4.01 4.14 4.00 4.14 
2016/07/28 4.14 4.14 4.00 4.11 
2016/07/29 4.11 4.11 4.11 4.11 
2016/08/01 4.35 4.35 4.10 4.10 
2016/08/03 4.10 4.10 4.10 4.10 
2016/08/04 4.24 4.24 3.95 4.04 
2016/08/05 4.04 4.05 4.04 4.05 
2016/08/08 4.12 4.12 4.01 4.01 
2016/08/09 4.02 4.09 4.02 4.09 
2016/08/10 4.09 4.10 4.09 4.10 
2016/08/11 4.12 4.12 4.10 4.10 
2016/08/12 3.97 4.10 3.97 4.09 
2016/08/17 4.00 4.19 4.00 4.19 
2016/08/19 3.97 3.97 3.97 3.97 
2016/08/22 3.93 3.95 3.93 3.94 
2016/08/23 4.03 4.03 4.03 4.03 
2016/08/24 3.96 3.96 3.96 3.96 
2016/08/25 4.00 4.05 3.99 4.05 
2016/08/26 4.05 4.05 4.05 4.05 
2016/08/29 4.06 4.15 4.06 4.15 
2016/08/30 4.02 4.02 4.02 4.02 
2016/08/31 4.04 4.04 4.04 4.04 
2016/09/01 3.98 4.15 3.98 4.15 
2016/09/02 4.20 4.20 4.03 4.03 
2016/09/05 4.03 4.30 4.03 4.23 
2016/09/06 4.10 4.20 4.06 4.11 
2016/09/07 4.10 4.15 4.10 4.10 
2016/09/08 4.10 4.10 4.10 4.10 
2016/09/09 4.10 4.10 4.10 4.10 
2016/09/10 4.00 4.00 4.00 4.00 
2016/09/12 4.02 4.02 4.02 4.02 
2016/09/13 3.95 4.20 3.95 4.20 
2016/09/14 4.20 4.20 4.20 4.20 
2016/09/19 4.30 4.55 4.30 4.55 
2016/09/21 4.54 4.55 4.54 4.54 
2016/09/22 4.21 4.21 4.21 4.21 
2016/09/23 4.30 4.30 4.30 4.30 
2016/09/26 4.29 4.29 4.29 4.29 
2016/09/30 4.10 4.11 4.10 4.11 
2016/10/03 4.11 4.11 4.10 4.10 
2016/10/04 4.10 4.10 4.05 4.05 
2016/10/06 4.08 4.08 4.05 4.05 
2016/10/07 4.05 4.05 4.05 4.05 
2016/10/11 4.32 4.34 4.06 4.06 
2016/10/12 4.06 4.06 4.06 4.06 
2016/10/13 4.06 4.06 4.06 4.06 
2016/10/17 4.01 4.20 4.01 4.20 
2016/10/20 4.08 4.20 4.00 4.20 
2016/10/21 4.06 4.20 4.06 4.07 
2016/10/24 4.03 4.19 4.03 4.19 
2016/10/25 4.18 4.18 4.05 4.05 
2016/10/26 4.06 4.17 4.05 4.05 
2016/10/27 4.10 4.10 4.10 4.10 
2016/10/28 4.16 4.16 4.16 4.16 
2016/10/31 4.10 4.10 4.10 4.10 
2016/11/01 4.15 4.15 4.10 4.10 
2016/11/02 4.10 4.14 4.10 4.14 
2016/11/04 4.02 4.02 4.00 4.00 
2016/11/07 3.93 4.13 3.93 3.94 
2016/11/08 4.12 4.12 4.00 4.00 
2016/11/09 3.92 3.92 3.92 3.92 
2016/11/10 3.93 3.95 3.92 3.95 
2016/11/11 3.81 3.95 3.80 3.95 
2016/11/14 3.90 3.90 3.80 3.80 
2016/11/15 3.82 3.89 3.72 3.88 
2016/11/16 3.97 3.97 3.85 3.85 
2016/11/17 3.96 3.96 3.79 3.85 
2016/11/18 3.47 3.79 3.47 3.79 
2016/11/21 3.75 3.80 3.70 3.80 
2016/11/22 3.78 3.80 3.71 3.80 
2016/11/23 3.72 3.80 3.72 3.80 
2016/11/24 3.80 3.80 3.43 3.74 
2016/11/25 3.57 3.93 3.57 3.93 
2016/11/28 3.80 3.90 3.80 3.90 
2016/11/29 3.73 3.73 3.73 3.73 
2016/11/30 4.00 4.00 3.98 4.00 
2016/12/01 3.81 3.81 3.81 3.81 
2016/12/02 3.81 3.81 3.81 3.81 
2016/12/05 3.83 3.83 3.83 3.83 
2016/12/06 3.98 3.98 3.98 3.98 
2016/12/07 3.78 4.05 3.78 4.03 
2016/12/08 4.07 4.07 4.05 4.06 
2016/12/09 4.10 4.35 4.10 4.20 
2016/12/12 4.00 4.00 4.00 4.00 
2016/12/14 4.00 4.00 3.80 3.81 
2016/12/15 3.93 3.93 3.93 3.93 
2016/12/16 3.81 3.96 3.72 3.96 
2016/12/19 3.85 3.87 3.85 3.87 
2016/12/21 3.78 3.78 3.78 3.78 
2016/12/22 3.74 4.10 3.74 4.10 
2016/12/23 4.10 4.10 4.10 4.10 
2016/12/26 4.10 4.13 4.10 4.13 
2016/12/27 3.80 3.80 3.80 3.80 
2016/12/28 4.13 4.18 4.13 4.18 
2016/12/29 4.18 4.18 4.02 4.02 
2017/01/03 4.02 4.22 4.02 4.22 
2017/01/04 4.38 4.38 4.35 4.35 
2017/01/05 4.68 4.68 4.00 4.01 
2017/01/06 4.41 4.41 4.20 4.40 
2017/01/09 4.60 4.81 4.30 4.40 
2017/01/10 4.50 4.52 4.11 4.52 
2017/01/11 4.12 4.40 4.12 4.40 
2017/01/12 4.22 4.22 4.20 4.20 
2017/01/13 4.01 4.02 4.01 4.02 
2017/01/16 4.02 4.34 4.02 4.34 
2017/01/17 4.29 4.29 4.29 4.29 
2017/01/18 4.25 4.25 4.25 4.25 
2017/01/19 4.39 4.62 4.39 4.62 
2017/01/20 4.60 4.62 4.22 4.62 
2017/01/23 4.62 4.62 4.50 4.50 
2017/01/24 4.92 4.92 4.50 4.86 
2017/02/02 4.86 5.26 4.51 5.26 
2017/02/03 5.00 5.44 4.78 5.44 
2017/02/06 5.47 5.47 5.00 5.02 
2017/02/07 5.02 5.27 4.83 5.08 
2017/02/08 5.08 5.08 4.90 4.90 
