2016/07/01 13.10 13.10 13.00 13.00 
2016/07/04 13.00 13.00 13.00 13.00 
2016/07/05 13.15 13.15 13.00 13.10 
2016/07/06 13.20 13.20 13.05 13.05 
2016/07/07 13.30 13.35 13.05 13.05 
2016/07/11 13.20 13.25 13.20 13.20 
2016/07/12 13.30 13.40 13.25 13.30 
2016/07/13 13.50 13.50 13.30 13.40 
2016/07/14 13.45 13.60 13.35 13.60 
2016/07/15 13.40 13.45 13.15 13.30 
2016/07/18 13.45 13.45 13.30 13.35 
2016/07/19 13.45 14.00 13.45 13.85 
2016/07/20 13.90 14.50 13.90 14.30 
2016/07/21 14.40 14.90 14.20 14.40 
2016/07/22 14.45 14.55 14.05 14.05 
2016/07/25 14.15 14.50 14.15 14.40 
2016/07/26 14.10 14.65 14.10 14.55 
2016/07/27 14.55 14.70 14.45 14.50 
2016/07/28 14.60 14.85 14.55 14.65 
2016/07/29 14.80 14.80 14.55 14.70 
2016/08/01 14.85 14.90 14.80 14.90 
2016/08/02 15.00 15.60 15.00 15.30 
2016/08/03 15.35 15.90 15.10 15.50 
2016/08/04 15.45 15.50 15.40 15.50 
2016/08/05 15.60 15.70 15.45 15.55 
2016/08/08 15.60 15.65 15.50 15.60 
2016/08/09 15.50 15.50 15.30 15.45 
2016/08/10 15.45 15.45 15.25 15.40 
2016/08/11 15.40 15.50 14.85 15.25 
2016/08/12 15.25 15.50 15.25 15.50 
2016/08/15 15.50 15.60 15.30 15.35 
2016/08/16 15.20 15.45 14.65 14.90 
2016/08/17 14.65 14.80 14.55 14.75 
2016/08/18 14.75 14.75 14.30 14.45 
2016/08/19 14.40 14.60 14.20 14.50 
2016/08/22 14.30 14.50 14.30 14.50 
2016/08/23 14.40 14.45 14.30 14.30 
2016/08/24 14.35 14.50 14.30 14.30 
2016/08/25 14.30 14.75 14.30 14.60 
2016/08/26 14.70 14.80 14.55 14.70 
2016/08/29 14.70 14.90 14.35 14.75 
2016/08/30 14.50 14.90 14.50 14.70 
2016/08/31 14.70 14.90 14.60 14.80 
2016/09/01 14.80 15.05 14.75 15.00 
2016/09/02 15.00 15.60 15.00 15.20 
2016/09/05 15.20 15.55 15.20 15.45 
2016/09/06 15.45 15.45 15.30 15.40 
2016/09/07 15.40 15.85 15.40 15.80 
2016/09/08 15.90 15.90 15.65 15.80 
2016/09/09 15.70 15.80 15.65 15.70 
2016/09/10 15.65 15.75 15.50 15.75 
2016/09/12 15.75 17.30 15.75 16.80 
2016/09/13 16.75 16.90 16.10 16.65 
2016/09/14 16.65 17.00 16.65 17.00 
2016/09/19 17.30 18.65 17.20 18.25 
2016/09/20 18.15 19.30 18.15 19.00 
2016/09/21 19.50 19.50 18.75 19.10 
2016/09/22 19.50 19.50 18.95 19.30 
2016/09/23 19.30 19.35 19.00 19.25 
2016/09/26 19.00 19.20 18.90 19.00 
2016/09/29 19.00 19.45 19.00 19.20 
2016/09/30 19.20 19.45 19.05 19.20 
2016/10/03 19.30 21.10 19.30 21.10 
2016/10/04 21.00 22.75 20.90 22.15 
2016/10/05 22.15 22.70 19.95 19.95 
2016/10/06 19.90 19.90 19.15 19.35 
2016/10/07 19.10 19.60 17.45 17.65 
2016/10/11 17.65 18.05 17.50 17.80 
2016/10/12 17.55 18.25 17.55 18.20 
2016/10/13 18.15 18.80 18.15 18.45 
2016/10/14 18.45 18.80 18.10 18.20 
2016/10/17 18.20 18.20 17.60 18.10 
2016/10/18 18.10 18.10 17.70 17.85 
2016/10/19 18.00 18.00 17.10 17.20 
2016/10/20 17.30 17.90 17.15 17.50 
2016/10/21 17.35 17.65 17.20 17.30 
2016/10/24 17.30 17.30 17.10 17.20 
2016/10/25 17.30 17.75 17.20 17.35 
2016/10/26 17.60 17.60 17.10 17.25 
2016/10/27 17.15 17.20 17.00 17.10 
2016/10/28 17.00 17.00 16.60 16.75 
2016/10/31 16.60 16.60 16.40 16.50 
2016/11/01 16.50 16.65 16.45 16.65 
2016/11/02 16.60 16.60 16.30 16.30 
2016/11/03 16.30 16.35 15.80 16.20 
2016/11/04 16.20 16.30 16.00 16.20 
2016/11/07 16.20 16.20 15.95 16.10 
2016/11/08 16.10 16.30 15.95 16.15 
2016/11/09 16.00 16.00 15.00 15.40 
2016/11/10 15.50 16.15 15.40 16.00 
2016/11/11 16.00 16.00 15.60 15.85 
2016/11/14 15.90 15.90 15.40 15.60 
2016/11/15 15.40 15.60 15.30 15.60 
2016/11/16 15.40 15.45 15.30 15.30 
2016/11/17 15.30 15.40 15.30 15.30 
2016/11/18 15.30 15.50 15.30 15.35 
2016/11/21 15.25 15.80 15.25 15.75 
2016/11/22 15.85 17.30 15.85 17.30 
2016/11/23 17.55 17.80 16.55 16.70 
2016/11/24 16.85 17.30 16.70 16.75 
2016/11/25 16.80 16.95 16.30 16.40 
2016/11/28 16.45 16.55 16.30 16.30 
2016/11/29 16.40 16.40 16.30 16.35 
2016/11/30 16.50 17.00 16.35 17.00 
2016/12/01 17.00 17.15 16.60 16.65 
2016/12/02 16.65 16.65 16.40 16.45 
2016/12/05 16.50 16.65 16.35 16.50 
2016/12/06 16.55 16.55 16.30 16.30 
2016/12/07 16.35 16.60 16.30 16.30 
2016/12/08 16.50 16.50 16.30 16.40 
2016/12/09 16.55 16.55 16.35 16.50 
2016/12/12 16.50 16.50 16.35 16.45 
2016/12/13 16.35 16.55 16.35 16.50 
2016/12/14 16.45 16.50 16.40 16.45 
2016/12/15 16.40 16.50 16.40 16.50 
2016/12/16 16.55 16.55 16.35 16.50 
2016/12/19 16.60 16.60 16.40 16.45 
2016/12/20 16.40 16.40 16.15 16.35 
2016/12/21 16.45 16.45 16.20 16.30 
2016/12/22 16.30 16.30 16.10 16.20 
2016/12/23 16.00 16.10 15.80 15.80 
2016/12/26 15.70 15.80 15.40 15.40 
2016/12/27 15.40 15.50 15.35 15.40 
2016/12/28 15.45 15.50 15.40 15.40 
2016/12/29 15.45 15.45 15.35 15.40 
2016/12/30 15.30 16.25 15.30 15.75 
2017/01/03 15.70 15.90 15.70 15.80 
2017/01/04 15.90 15.90 15.60 15.80 
2017/01/05 15.90 15.90 15.85 15.90 
2017/01/06 15.90 15.90 15.70 15.75 
2017/01/09 15.70 15.70 15.45 15.45 
2017/01/10 15.50 15.65 15.45 15.45 
2017/01/11 15.55 15.55 15.30 15.30 
2017/01/12 15.35 15.55 15.35 15.55 
2017/01/13 15.45 15.45 15.25 15.45 
2017/01/16 15.45 15.45 15.40 15.45 
2017/01/17 15.45 16.05 15.45 15.75 
2017/01/18 17.00 17.30 16.55 17.30 
2017/01/19 17.30 17.30 16.80 16.80 
2017/01/20 17.00 17.05 16.45 16.50 
2017/01/23 16.45 17.65 16.40 17.40 
2017/01/24 17.65 19.10 17.65 19.10 
2017/02/02 20.65 21.00 19.80 21.00 
2017/02/03 21.60 22.90 20.80 20.80 
2017/02/06 20.70 21.35 20.45 21.00 
2017/02/07 21.40 22.10 21.00 21.10 
2017/02/08 21.10 22.80 21.10 22.30 
