2016/07/01 12.30 12.35 12.30 12.30 
2016/07/04 12.25 12.35 12.20 12.25 
2016/07/05 12.25 12.40 12.25 12.35 
2016/07/06 12.30 12.30 12.20 12.20 
2016/07/07 12.20 12.30 12.20 12.25 
2016/07/11 12.30 12.35 12.20 12.30 
2016/07/12 12.35 12.40 12.25 12.25 
2016/07/13 12.30 13.45 12.30 13.45 
2016/07/14 13.30 13.75 13.30 13.35 
2016/07/15 13.40 13.80 13.35 13.50 
2016/07/18 13.45 13.70 13.35 13.40 
2016/07/19 13.70 13.75 13.50 13.55 
2016/07/20 13.60 14.05 13.45 13.75 
2016/07/21 13.80 14.60 13.80 14.50 
2016/07/22 14.50 15.15 14.40 14.50 
2016/07/25 14.65 14.85 14.25 14.30 
2016/07/26 14.30 14.30 13.85 14.05 
2016/07/27 14.10 14.35 14.10 14.15 
2016/07/28 14.20 14.40 14.10 14.10 
2016/07/29 14.20 14.45 14.20 14.40 
2016/08/01 14.40 15.00 14.30 14.45 
2016/08/02 14.45 14.60 14.45 14.50 
2016/08/03 14.40 14.40 14.20 14.35 
2016/08/04 14.45 14.45 14.05 14.05 
2016/08/05 14.25 14.35 14.10 14.10 
2016/08/08 14.15 14.30 13.95 14.10 
2016/08/09 13.80 13.90 13.35 13.55 
2016/08/10 13.60 13.70 13.25 13.30 
2016/08/11 13.35 13.50 13.10 13.10 
2016/08/12 13.25 13.35 13.20 13.25 
2016/08/15 13.25 13.45 13.25 13.40 
2016/08/16 13.40 13.40 12.85 12.85 
2016/08/17 12.90 13.05 12.80 13.00 
2016/08/18 13.10 13.10 13.00 13.00 
2016/08/19 13.05 13.20 13.00 13.05 
2016/08/22 12.95 13.00 12.80 12.95 
2016/08/23 12.95 12.95 12.75 12.75 
2016/08/24 12.75 12.85 12.65 12.65 
2016/08/25 12.80 12.80 12.60 12.65 
2016/08/26 12.75 12.75 12.60 12.65 
2016/08/29 12.70 12.75 12.50 12.50 
2016/08/30 12.60 12.65 12.55 12.60 
2016/08/31 12.60 12.60 12.35 12.55 
2016/09/01 12.50 12.55 12.35 12.35 
2016/09/02 12.40 12.50 12.30 12.35 
2016/09/05 12.45 12.50 12.40 12.50 
2016/09/06 12.50 12.95 12.45 12.95 
2016/09/07 13.00 13.00 12.80 12.90 
2016/09/08 12.85 12.95 12.80 12.85 
2016/09/09 12.80 12.80 12.60 12.70 
2016/09/10 12.60 12.65 12.55 12.60 
2016/09/12 12.60 12.65 12.50 12.55 
2016/09/13 12.50 12.50 12.30 12.40 
2016/09/14 12.45 12.45 12.20 12.45 
2016/09/19 12.45 12.45 12.30 12.40 
2016/09/20 12.40 12.45 12.30 12.35 
2016/09/21 12.45 12.55 12.40 12.55 
2016/09/22 12.60 12.60 12.45 12.55 
2016/09/23 12.50 12.60 12.45 12.45 
2016/09/26 12.40 12.45 12.35 12.40 
2016/09/29 12.40 12.60 12.40 12.55 
2016/09/30 12.45 12.55 12.40 12.40 
2016/10/03 12.50 12.50 12.35 12.35 
2016/10/04 12.40 12.50 12.40 12.50 
2016/10/05 12.50 12.70 12.50 12.65 
2016/10/06 12.65 12.75 12.60 12.65 
2016/10/07 12.65 12.65 12.45 12.50 
2016/10/11 12.45 12.50 12.35 12.45 
2016/10/12 12.40 12.40 12.30 12.35 
2016/10/13 12.45 12.45 12.35 12.35 
2016/10/14 12.40 12.40 12.20 12.30 
2016/10/17 12.30 12.40 12.25 12.30 
2016/10/18 12.40 12.40 12.30 12.35 
2016/10/19 12.35 12.55 12.35 12.55 
2016/10/20 12.55 12.60 12.40 12.45 
2016/10/21 12.50 12.50 12.35 12.40 
2016/10/24 12.40 12.50 12.30 12.45 
2016/10/25 12.45 12.45 12.35 12.35 
2016/10/26 12.35 12.40 12.30 12.35 
2016/10/27 12.35 12.40 12.25 12.30 
2016/10/28 12.25 12.30 12.15 12.20 
2016/10/31 12.20 12.20 12.05 12.10 
2016/11/01 12.05 12.20 12.05 12.20 
2016/11/02 12.10 12.15 12.05 12.05 
2016/11/03 12.05 12.15 12.00 12.00 
2016/11/04 12.00 12.05 11.90 12.00 
2016/11/07 11.95 12.10 11.95 12.10 
2016/11/08 12.10 12.10 12.00 12.05 
2016/11/09 12.05 12.05 11.75 11.90 
2016/11/10 11.95 12.00 11.90 11.95 
2016/11/11 12.00 12.00 11.70 11.70 
2016/11/14 11.80 11.80 11.45 11.50 
2016/11/15 11.50 11.65 11.50 11.65 
2016/11/16 11.70 11.95 11.70 11.85 
2016/11/17 11.95 12.15 11.90 12.05 
2016/11/18 12.10 12.15 12.00 12.15 
2016/11/21 12.15 12.20 12.05 12.15 
2016/11/22 12.20 12.30 12.15 12.20 
2016/11/23 12.30 12.30 12.10 12.15 
2016/11/24 11.95 12.00 11.90 11.95 
2016/11/25 12.00 12.10 11.95 12.05 
2016/11/28 12.10 12.45 12.05 12.25 
2016/11/29 12.10 12.25 12.10 12.10 
2016/11/30 12.10 12.30 12.10 12.30 
2016/12/01 12.45 12.65 12.35 12.50 
2016/12/02 12.50 12.55 12.35 12.40 
2016/12/05 12.50 12.55 12.20 12.20 
2016/12/06 12.25 12.30 12.20 12.25 
2016/12/07 12.30 12.70 12.25 12.50 
2016/12/08 12.50 12.55 12.40 12.45 
2016/12/09 12.45 12.55 12.35 12.35 
2016/12/12 12.35 12.45 12.25 12.25 
2016/12/13 12.30 12.45 12.25 12.45 
2016/12/14 12.50 12.55 12.35 12.45 
2016/12/15 12.40 12.50 12.40 12.50 
2016/12/16 12.55 12.55 12.40 12.40 
2016/12/19 12.50 12.50 12.30 12.35 
2016/12/20 12.35 12.45 12.30 12.30 
2016/12/21 12.30 12.35 12.25 12.25 
2016/12/22 12.30 12.40 12.30 12.30 
2016/12/23 12.40 12.40 12.25 12.30 
2016/12/26 12.25 12.40 12.20 12.20 
2016/12/27 12.25 12.25 12.15 12.15 
2016/12/28 12.20 12.25 12.15 12.15 
2016/12/29 12.20 12.25 12.15 12.15 
2016/12/30 12.25 12.30 12.10 12.20 
2017/01/03 12.25 12.25 12.10 12.25 
2017/01/04 12.20 12.25 12.15 12.15 
2017/01/05 12.20 12.30 12.20 12.30 
2017/01/06 12.30 12.85 12.25 12.70 
2017/01/09 12.80 13.50 12.75 12.75 
2017/01/10 12.70 12.80 12.45 12.55 
2017/01/11 12.55 12.75 12.55 12.65 
2017/01/12 12.65 12.80 12.65 12.75 
2017/01/13 12.70 12.75 12.60 12.75 
2017/01/16 12.70 13.10 12.70 12.80 
2017/01/17 12.90 13.15 12.70 13.15 
2017/01/18 13.80 14.20 13.65 14.00 
2017/01/19 14.00 14.00 13.65 13.90 
2017/01/20 13.75 13.85 13.70 13.75 
2017/01/23 13.80 13.85 13.55 13.55 
2017/01/24 13.65 13.80 13.55 13.70 
2017/02/02 13.80 14.05 13.70 13.75 
2017/02/03 13.75 13.95 13.45 13.65 
2017/02/06 13.65 13.90 13.60 13.85 
2017/02/07 13.85 13.85 13.55 13.70 
2017/02/08 13.70 13.80 13.55 13.65 
