2016/07/01 8.05 8.23 8.05 8.20 
2016/07/04 8.22 8.28 8.18 8.24 
2016/07/05 8.26 8.27 8.15 8.24 
2016/07/06 8.23 8.24 8.12 8.18 
2016/07/07 8.15 8.24 7.90 8.14 
2016/07/11 8.06 8.18 7.90 7.99 
2016/07/12 7.85 7.99 7.83 7.99 
2016/07/13 8.19 8.21 7.95 8.19 
2016/07/14 8.04 8.19 7.92 8.17 
2016/07/15 8.07 8.18 7.40 7.79 
2016/07/18 7.70 7.87 7.62 7.81 
2016/07/19 7.81 7.85 7.80 7.80 
2016/07/20 7.80 8.00 7.78 7.93 
2016/07/21 7.85 7.95 7.83 7.88 
2016/07/22 7.94 7.94 7.78 7.86 
2016/07/25 7.72 7.88 7.71 7.75 
2016/07/26 7.76 7.93 7.76 7.77 
2016/07/27 7.71 7.80 7.65 7.68 
2016/07/28 7.55 7.84 7.55 7.80 
2016/07/29 7.80 7.85 7.70 7.82 
2016/08/01 7.80 7.80 7.70 7.70 
2016/08/02 7.72 7.85 7.70 7.75 
2016/08/03 7.80 7.80 7.64 7.66 
2016/08/04 7.63 7.72 7.63 7.65 
2016/08/05 7.64 7.78 7.64 7.64 
2016/08/08 7.64 7.74 7.64 7.66 
2016/08/09 7.60 7.70 7.60 7.69 
2016/08/10 7.80 7.83 7.61 7.64 
2016/08/11 7.55 7.72 7.55 7.60 
2016/08/12 7.71 7.71 7.62 7.70 
2016/08/15 7.51 7.68 7.51 7.60 
2016/08/16 7.67 7.67 7.54 7.56 
2016/08/17 7.56 7.65 7.54 7.65 
2016/08/18 7.65 7.65 7.56 7.56 
2016/08/19 7.65 7.65 7.49 7.49 
2016/08/22 7.20 7.42 7.20 7.42 
2016/08/23 7.39 7.42 7.28 7.38 
2016/08/24 7.38 7.43 7.32 7.32 
2016/08/25 7.28 7.33 7.28 7.33 
2016/08/26 7.48 7.49 7.34 7.44 
2016/08/29 7.35 7.44 7.35 7.44 
2016/08/30 7.40 7.40 7.29 7.38 
2016/08/31 7.40 7.42 7.29 7.39 
2016/09/01 7.35 7.35 7.35 7.35 
2016/09/02 7.35 7.35 7.28 7.30 
2016/09/05 7.30 7.35 7.30 7.35 
2016/09/06 7.31 7.35 7.30 7.35 
2016/09/07 7.32 7.35 7.32 7.35 
2016/09/08 7.30 7.35 7.27 7.30 
2016/09/09 7.29 7.34 7.27 7.34 
2016/09/10 7.25 7.63 7.25 7.62 
2016/09/12 7.55 7.55 7.42 7.44 
2016/09/13 7.58 7.58 7.35 7.35 
2016/09/14 7.35 7.43 7.30 7.43 
2016/09/19 7.42 7.42 7.30 7.42 
2016/09/20 7.43 7.43 7.36 7.42 
2016/09/21 7.41 7.42 7.28 7.40 
2016/09/22 7.39 7.39 7.30 7.38 
2016/09/23 7.40 7.40 7.28 7.34 
2016/09/26 7.30 7.33 7.29 7.33 
2016/09/29 7.29 7.31 7.27 7.31 
2016/09/30 7.30 7.30 7.26 7.27 
2016/10/03 7.26 7.36 7.26 7.32 
2016/10/04 7.26 7.34 7.25 7.33 
2016/10/05 7.36 7.36 7.36 7.36 
2016/10/06 7.34 7.34 7.34 7.34 
2016/10/07 7.20 7.30 7.10 7.30 
2016/10/11 7.36 7.41 7.20 7.21 
2016/10/12 7.19 7.41 7.19 7.41 
2016/10/13 7.44 7.44 7.19 7.37 
2016/10/14 7.59 7.59 7.25 7.32 
2016/10/17 7.22 7.22 7.15 7.16 
2016/10/18 7.16 7.37 7.16 7.22 
2016/10/19 7.24 7.32 7.19 7.20 
2016/10/20 7.30 7.30 7.16 7.18 
2016/10/21 7.18 7.18 7.16 7.18 
2016/10/24 7.17 7.20 7.17 7.20 
2016/10/25 7.20 7.28 7.18 7.20 
2016/10/26 7.24 7.25 7.24 7.25 
2016/10/27 7.18 7.22 7.18 7.20 
2016/10/28 7.20 7.22 7.11 7.11 
2016/11/01 7.09 7.25 7.08 7.25 
2016/11/02 7.30 7.30 7.02 7.16 
2016/11/03 7.10 7.10 7.06 7.06 
2016/11/04 7.02 7.10 7.02 7.10 
2016/11/07 7.10 7.10 7.00 7.00 
2016/11/08 7.00 7.00 7.00 7.00 
2016/11/09 7.00 7.00 6.57 6.78 
2016/11/10 6.81 6.81 6.70 6.71 
2016/11/11 6.70 6.70 6.68 6.70 
2016/11/14 6.66 6.85 6.50 6.52 
2016/11/15 6.55 6.64 6.52 6.52 
2016/11/16 6.52 6.52 6.41 6.52 
2016/11/17 6.42 6.42 6.29 6.37 
2016/11/18 6.33 6.33 6.20 6.22 
2016/11/21 6.26 6.37 6.26 6.34 
2016/11/22 6.42 6.42 6.30 6.36 
2016/11/23 6.20 6.40 6.20 6.32 
2016/11/24 6.30 6.39 6.21 6.34 
2016/11/25 6.32 6.33 6.20 6.24 
2016/11/28 6.26 6.26 6.20 6.20 
2016/11/29 6.25 6.28 6.05 6.19 
2016/11/30 6.30 6.30 6.15 6.15 
2016/12/01 6.26 6.26 6.14 6.23 
2016/12/02 6.20 6.22 6.17 6.21 
2016/12/05 6.30 6.30 6.11 6.22 
2016/12/06 6.26 6.28 6.17 6.20 
2016/12/07 6.25 6.27 6.21 6.21 
2016/12/08 6.31 6.31 6.25 6.28 
2016/12/09 6.28 6.30 6.23 6.28 
2016/12/12 6.23 6.28 6.20 6.28 
2016/12/13 6.13 6.25 6.13 6.23 
2016/12/14 6.33 6.33 6.30 6.30 
2016/12/15 6.30 6.30 6.20 6.23 
2016/12/16 6.30 6.30 6.20 6.20 
2016/12/19 6.24 6.24 6.19 6.23 
2016/12/20 6.23 6.26 6.15 6.24 
2016/12/21 6.28 6.28 6.20 6.26 
2016/12/22 6.30 6.30 6.18 6.26 
2016/12/23 6.26 6.26 6.19 6.23 
2016/12/26 6.23 6.32 6.23 6.30 
2016/12/27 6.30 6.30 6.21 6.21 
2016/12/28 6.31 6.31 6.22 6.30 
2016/12/29 6.30 6.30 6.20 6.26 
2016/12/30 6.31 6.31 6.26 6.28 
2017/01/03 6.25 6.28 6.15 6.27 
2017/01/04 6.27 6.27 6.19 6.27 
2017/01/05 6.23 6.38 6.23 6.36 
2017/01/06 6.34 6.34 6.23 6.31 
2017/01/09 6.35 6.35 6.19 6.25 
2017/01/10 6.25 6.29 6.25 6.28 
2017/01/11 6.25 6.30 6.20 6.29 
2017/01/12 6.20 6.31 6.20 6.29 
2017/01/13 6.30 6.30 6.24 6.29 
2017/01/16 6.30 6.30 6.22 6.28 
2017/01/17 6.30 6.31 6.22 6.29 
2017/01/18 6.30 6.48 6.30 6.47 
2017/01/19 6.33 6.44 6.27 6.43 
2017/01/20 6.34 6.40 6.34 6.40 
2017/01/23 6.43 6.58 6.38 6.56 
2017/01/24 6.45 6.60 6.45 6.60 
2017/02/02 6.60 6.77 6.60 6.77 
2017/02/03 6.70 6.88 6.70 6.76 
2017/02/06 6.77 7.10 6.77 7.07 
2017/02/07 7.38 7.77 7.38 7.77 
2017/02/08 7.50 7.72 7.39 7.40 
