2016/07/01 8.79 8.82 8.74 8.80 
2016/07/04 8.76 8.84 8.76 8.79 
2016/07/05 8.50 8.60 8.41 8.47 
2016/07/06 8.45 8.45 8.26 8.30 
2016/07/07 8.40 8.40 8.28 8.31 
2016/07/11 8.38 8.42 8.22 8.25 
2016/07/12 8.25 8.27 8.20 8.21 
2016/07/13 8.39 8.47 8.27 8.41 
2016/07/14 8.41 8.48 8.38 8.39 
2016/07/15 8.43 8.50 8.40 8.42 
2016/07/18 8.42 8.48 8.40 8.41 
2016/07/19 8.53 8.60 8.44 8.44 
2016/07/20 8.50 8.51 8.39 8.40 
2016/07/21 8.40 8.47 8.40 8.44 
2016/07/22 8.50 8.56 8.42 8.43 
2016/07/25 8.40 8.51 8.40 8.40 
2016/07/26 8.48 8.48 8.38 8.40 
2016/07/27 8.40 8.47 8.35 8.35 
2016/07/28 8.36 8.82 8.36 8.66 
2016/07/29 8.70 8.70 8.46 8.48 
2016/08/01 8.55 8.58 8.51 8.53 
2016/08/02 8.53 8.60 8.50 8.59 
2016/08/03 8.56 8.60 8.47 8.54 
2016/08/04 8.57 8.59 8.51 8.57 
2016/08/05 8.60 8.75 8.58 8.66 
2016/08/08 8.72 8.75 8.68 8.68 
2016/08/09 8.70 8.71 8.55 8.56 
2016/08/10 8.56 8.64 8.51 8.52 
2016/08/11 8.50 8.62 8.49 8.51 
2016/08/12 8.53 8.59 8.52 8.57 
2016/08/15 8.58 8.62 8.51 8.51 
2016/08/16 8.53 8.55 8.47 8.50 
2016/08/17 8.51 8.59 8.45 8.59 
2016/08/18 8.58 8.63 8.56 8.59 
2016/08/19 8.58 8.72 8.54 8.54 
2016/08/22 8.54 8.58 8.46 8.48 
2016/08/23 8.50 8.53 8.47 8.48 
2016/08/24 8.46 8.65 8.46 8.52 
2016/08/25 8.50 8.55 8.48 8.54 
2016/08/26 8.53 8.57 8.50 8.51 
2016/08/29 8.52 8.62 8.48 8.52 
2016/08/30 8.52 8.55 8.48 8.51 
2016/08/31 8.48 8.59 8.47 8.59 
2016/09/01 8.51 8.62 8.40 8.59 
2016/09/02 8.60 8.66 8.53 8.56 
2016/09/05 8.62 8.62 8.52 8.60 
2016/09/06 8.60 8.65 8.57 8.64 
2016/09/07 8.67 8.69 8.58 8.62 
2016/09/08 8.62 8.67 8.57 8.63 
2016/09/09 8.63 8.67 8.56 8.58 
2016/09/10 8.52 8.53 8.42 8.49 
2016/09/12 8.52 8.52 8.45 8.46 
2016/09/13 8.47 8.48 8.34 8.36 
2016/09/14 8.36 8.40 8.23 8.40 
2016/09/19 8.44 8.50 8.39 8.46 
2016/09/20 8.48 8.50 8.45 8.50 
2016/09/21 8.50 8.55 8.45 8.54 
2016/09/22 8.55 8.56 8.51 8.53 
2016/09/23 8.53 8.59 8.50 8.57 
2016/09/26 8.60 8.60 8.49 8.51 
2016/09/29 8.51 8.53 8.46 8.50 
2016/09/30 8.48 8.50 8.40 8.45 
2016/10/03 8.45 8.46 8.40 8.44 
2016/10/04 8.44 8.45 8.40 8.45 
2016/10/05 8.45 8.45 8.37 8.40 
2016/10/06 8.40 8.45 8.37 8.45 
2016/10/07 8.46 8.46 8.38 8.42 
2016/10/11 8.40 8.48 8.30 8.37 
2016/10/12 8.31 8.35 8.28 8.33 
2016/10/13 8.30 8.38 8.27 8.29 
2016/10/14 8.30 8.33 8.11 8.11 
2016/10/17 8.11 8.19 8.11 8.14 
2016/10/18 8.16 8.38 8.16 8.34 
2016/10/19 8.34 8.40 8.26 8.34 
2016/10/20 8.34 8.45 8.34 8.44 
2016/10/21 8.44 8.45 8.17 8.19 
2016/10/24 8.20 8.30 8.20 8.26 
2016/10/25 8.21 8.26 8.21 8.21 
2016/10/26 8.18 8.21 8.13 8.13 
2016/10/27 8.13 8.18 8.12 8.15 
2016/10/28 8.15 8.15 8.08 8.10 
2016/10/31 8.13 8.13 8.04 8.07 
2016/11/01 8.05 8.10 8.04 8.10 
2016/11/02 8.08 8.09 8.00 8.01 
2016/11/03 7.97 8.03 7.92 7.93 
2016/11/04 7.93 7.95 7.90 7.93 
2016/11/07 7.92 7.98 7.90 7.90 
2016/11/08 7.90 7.96 7.88 7.90 
2016/11/09 7.91 7.95 7.70 7.72 
2016/11/10 7.80 7.83 7.77 7.78 
2016/11/11 7.80 7.80 7.56 7.56 
2016/11/14 7.60 7.60 7.16 7.25 
2016/11/15 7.35 7.36 7.26 7.35 
2016/11/16 7.50 7.85 7.48 7.72 
2016/11/17 7.72 7.77 7.62 7.66 
2016/11/18 7.67 7.93 7.67 7.85 
2016/11/21 7.90 7.95 7.85 7.87 
2016/11/22 7.97 7.98 7.87 7.92 
2016/11/23 7.90 7.92 7.77 7.87 
2016/11/24 7.90 7.93 7.81 7.85 
2016/11/25 7.84 8.10 7.84 8.09 
2016/11/28 8.13 8.16 8.01 8.01 
2016/11/29 8.01 8.05 7.95 7.98 
2016/11/30 7.99 8.07 7.90 8.07 
2016/12/01 8.10 8.65 8.10 8.38 
2016/12/02 8.58 8.60 8.39 8.40 
2016/12/05 8.40 8.40 8.16 8.16 
2016/12/06 8.17 8.24 8.14 8.17 
2016/12/07 8.20 8.30 8.15 8.23 
2016/12/08 8.25 8.60 8.25 8.40 
2016/12/09 8.39 8.39 8.30 8.33 
2016/12/12 8.40 8.50 8.28 8.34 
2016/12/13 8.34 8.45 8.31 8.41 
2016/12/14 8.50 8.69 8.50 8.60 
2016/12/15 8.60 8.65 8.50 8.64 
2016/12/16 8.73 8.73 8.55 8.55 
2016/12/19 8.56 8.62 8.37 8.37 
2016/12/20 8.53 8.60 8.43 8.46 
2016/12/21 8.48 8.54 8.37 8.39 
2016/12/22 8.39 8.39 8.24 8.24 
2016/12/23 8.24 8.27 8.09 8.22 
2016/12/26 8.22 8.27 8.13 8.15 
2016/12/27 8.18 8.23 8.12 8.14 
2016/12/28 8.17 8.30 8.17 8.23 
2016/12/29 8.20 8.29 8.16 8.27 
2016/12/30 8.31 8.31 8.18 8.24 
2017/01/03 8.20 8.27 8.18 8.23 
2017/01/04 8.30 8.31 8.20 8.24 
2017/01/05 8.24 8.27 8.20 8.25 
2017/01/06 8.25 8.32 8.22 8.26 
2017/01/09 8.34 8.38 8.20 8.20 
2017/01/10 8.17 8.25 8.16 8.23 
2017/01/11 8.23 8.29 8.22 8.29 
2017/01/12 8.30 8.34 8.29 8.32 
2017/01/13 8.29 8.32 8.28 8.30 
2017/01/16 8.29 8.31 8.21 8.26 
2017/01/17 8.29 8.32 8.25 8.32 
2017/01/18 8.35 8.61 8.33 8.50 
2017/01/19 8.50 8.52 8.38 8.40 
2017/01/20 8.51 8.56 8.46 8.46 
2017/01/23 8.56 8.59 8.44 8.45 
2017/01/24 8.45 8.57 8.45 8.47 
2017/02/02 8.48 8.56 8.43 8.55 
2017/02/03 8.52 8.76 8.52 8.62 
2017/02/06 8.66 8.85 8.65 8.75 
2017/02/07 8.80 8.81 8.67 8.72 
2017/02/08 8.82 9.14 8.81 8.87 
