2016/07/01 4.14 4.14 3.92 3.92 
2016/07/04 4.14 4.14 3.90 3.90 
2016/07/05 3.90 3.92 3.90 3.91 
2016/07/06 3.91 3.93 3.83 3.83 
2016/07/07 3.73 3.80 3.73 3.80 
2016/07/11 3.80 3.99 3.75 3.99 
2016/07/12 3.84 3.84 3.84 3.84 
2016/07/13 3.95 4.22 3.85 4.22 
2016/07/14 4.00 4.64 4.00 4.64 
2016/07/15 4.75 5.05 4.51 5.05 
2016/07/18 5.45 5.55 5.15 5.45 
2016/07/19 5.05 5.50 5.00 5.45 
2016/07/20 5.30 5.30 4.95 5.18 
2016/07/21 5.20 5.35 5.00 5.27 
2016/07/22 5.27 5.35 5.02 5.10 
2016/07/25 5.20 5.20 4.81 4.96 
2016/07/26 4.80 4.90 4.70 4.77 
2016/07/27 4.70 4.90 4.50 4.80 
2016/07/28 4.65 4.73 4.52 4.63 
2016/07/29 4.63 4.63 4.30 4.32 
2016/08/01 4.49 4.49 4.40 4.49 
2016/08/02 4.55 4.55 4.44 4.55 
2016/08/03 4.41 4.50 4.36 4.40 
2016/08/04 4.38 4.55 4.38 4.48 
2016/08/05 4.40 4.55 4.40 4.52 
2016/08/08 4.53 4.70 4.50 4.63 
2016/08/09 4.50 4.50 4.44 4.44 
2016/08/10 4.44 4.66 4.41 4.64 
2016/08/11 4.50 4.69 4.40 4.55 
2016/08/12 4.10 4.50 4.10 4.50 
2016/08/15 4.47 4.47 4.10 4.10 
2016/08/16 4.09 4.22 4.08 4.18 
2016/08/17 4.08 4.18 4.08 4.17 
2016/08/18 4.07 4.07 4.07 4.07 
2016/08/19 4.14 4.14 3.86 3.95 
2016/08/22 3.95 3.95 3.80 3.90 
2016/08/23 3.90 4.03 3.90 4.00 
2016/08/24 4.14 4.14 3.95 4.00 
2016/08/25 3.95 3.95 3.80 3.87 
2016/08/26 3.87 4.00 3.85 4.00 
2016/08/29 4.00 4.00 3.93 3.93 
2016/08/30 3.94 3.94 3.90 3.93 
2016/08/31 3.93 3.95 3.92 3.95 
2016/09/01 3.90 4.00 3.90 3.96 
2016/09/02 3.96 4.00 3.96 3.96 
2016/09/05 4.04 4.15 4.04 4.11 
2016/09/06 4.03 4.10 4.00 4.00 
2016/09/07 4.00 4.00 3.85 3.96 
2016/09/08 4.00 4.09 3.96 3.96 
2016/09/09 3.95 3.95 3.90 3.93 
2016/09/10 4.00 4.04 3.93 4.04 
2016/09/12 4.10 4.10 4.01 4.03 
2016/09/13 4.15 4.15 3.97 3.97 
2016/09/14 3.95 3.98 3.95 3.98 
2016/09/19 3.98 3.98 3.95 3.96 
2016/09/20 4.00 4.00 3.88 3.88 
2016/09/21 3.89 4.00 3.89 3.99 
2016/09/22 3.99 4.00 3.95 3.95 
2016/09/23 3.91 3.95 3.90 3.90 
2016/09/26 3.80 4.29 3.80 4.29 
2016/09/29 4.48 4.71 4.48 4.71 
2016/09/30 4.80 5.16 4.80 4.82 
2016/10/03 4.86 4.93 4.67 4.89 
2016/10/04 4.84 4.84 4.45 4.45 
2016/10/05 4.70 4.70 4.16 4.29 
2016/10/06 4.10 4.36 4.10 4.19 
2016/10/07 4.28 4.32 4.20 4.28 
2016/10/11 4.13 4.36 4.13 4.18 
2016/10/12 4.18 4.27 4.08 4.27 
2016/10/13 4.20 4.20 4.10 4.12 
2016/10/14 4.12 4.14 4.01 4.01 
2016/10/17 3.98 4.19 3.98 4.16 
2016/10/18 4.05 4.18 4.05 4.14 
2016/10/19 4.24 4.24 4.10 4.11 
2016/10/20 4.12 4.18 4.10 4.12 
2016/10/21 4.12 4.30 4.12 4.14 
2016/10/24 4.07 4.14 4.00 4.09 
2016/10/25 4.10 4.26 4.05 4.14 
2016/10/26 4.10 4.18 4.10 4.18 
2016/10/27 4.18 4.18 4.06 4.06 
2016/10/28 4.12 4.14 4.12 4.14 
2016/10/31 4.07 4.10 4.05 4.10 
2016/11/01 4.10 4.10 4.02 4.02 
2016/11/02 4.02 4.10 4.02 4.03 
2016/11/03 4.09 4.09 4.01 4.01 
2016/11/04 4.00 4.05 3.95 3.95 
2016/11/07 3.95 4.00 3.95 3.95 
2016/11/08 3.95 4.00 3.95 4.00 
2016/11/09 3.92 3.97 3.85 3.97 
2016/11/10 3.91 4.05 3.91 4.05 
2016/11/11 3.92 4.07 3.91 4.05 
2016/11/14 4.05 4.05 3.96 3.96 
2016/11/15 4.05 4.05 3.90 4.01 
2016/11/16 4.00 4.10 3.99 4.01 
2016/11/17 4.00 4.04 3.95 4.04 
2016/11/18 3.91 4.03 3.91 4.00 
2016/11/21 4.00 4.00 3.91 3.93 
2016/11/22 3.95 4.08 3.94 3.97 
2016/11/23 3.87 4.02 3.87 4.02 
2016/11/24 3.93 3.96 3.93 3.95 
2016/11/25 3.92 4.00 3.92 4.00 
2016/11/28 4.00 4.04 3.94 3.94 
2016/11/29 3.94 4.09 3.91 4.09 
2016/11/30 4.09 4.09 4.08 4.09 
2016/12/01 3.98 4.10 3.98 4.09 
2016/12/02 4.09 4.39 4.08 4.17 
2016/12/05 4.17 4.18 4.17 4.17 
2016/12/06 4.17 4.21 4.15 4.15 
2016/12/07 4.10 4.13 4.10 4.13 
2016/12/08 4.09 4.11 4.08 4.09 
2016/12/09 4.03 4.10 4.02 4.02 
2016/12/12 4.00 4.09 4.00 4.09 
2016/12/13 4.11 4.11 4.11 4.11 
2016/12/14 4.10 4.15 4.00 4.12 
2016/12/15 4.10 4.10 4.04 4.04 
2016/12/16 4.04 4.09 4.01 4.01 
2016/12/19 4.01 4.05 4.01 4.01 
2016/12/20 3.96 4.04 3.94 3.99 
2016/12/21 3.97 4.03 3.97 3.98 
2016/12/22 3.98 4.05 3.96 3.98 
2016/12/23 4.25 4.32 4.11 4.23 
2016/12/26 4.25 4.25 4.12 4.13 
2016/12/27 4.06 4.06 4.05 4.05 
2016/12/28 4.03 4.03 4.03 4.03 
2016/12/29 4.06 4.20 4.05 4.20 
2016/12/30 4.20 4.20 4.05 4.10 
2017/01/03 4.10 4.10 4.10 4.10 
2017/01/04 4.03 4.17 4.03 4.17 
2017/01/05 4.11 4.11 4.05 4.07 
2017/01/06 4.08 4.10 4.01 4.10 
2017/01/09 4.15 4.29 4.03 4.05 
2017/01/10 4.03 4.06 4.03 4.06 
2017/01/11 4.08 4.09 4.06 4.09 
2017/01/12 4.09 4.18 4.07 4.13 
2017/01/13 4.10 4.23 4.08 4.14 
2017/01/16 4.29 4.29 4.12 4.12 
2017/01/17 4.21 4.27 4.07 4.08 
2017/01/18 4.19 4.25 4.09 4.16 
2017/01/19 4.20 4.57 4.16 4.57 
2017/01/20 5.02 5.02 5.02 5.02 
2017/01/23 5.52 5.52 5.42 5.52 
2017/01/24 5.96 6.00 5.50 5.65 
2017/02/02 5.95 6.21 5.85 6.21 
2017/02/03 6.80 6.80 6.22 6.25 
2017/02/06 6.01 6.20 5.80 6.10 
2017/02/07 6.03 6.20 6.03 6.09 
2017/02/08 6.09 6.12 5.95 6.02 
