2016/07/01 8.56 8.56 8.31 8.41 
2016/07/04 8.48 8.48 8.29 8.40 
2016/07/05 8.44 8.44 8.31 8.39 
2016/07/06 8.35 8.35 8.28 8.33 
2016/07/07 8.41 8.41 8.25 8.25 
2016/07/11 8.25 8.40 8.18 8.25 
2016/07/12 8.25 8.25 8.20 8.20 
2016/07/13 8.20 8.27 8.17 8.25 
2016/07/14 8.20 8.43 8.12 8.34 
2016/07/15 8.34 8.34 8.19 8.22 
2016/07/18 8.31 8.31 8.19 8.19 
2016/07/19 8.30 8.30 8.00 8.18 
2016/07/20 8.13 8.20 8.13 8.17 
2016/07/21 8.14 8.21 8.13 8.18 
2016/07/22 8.20 8.27 8.02 8.18 
2016/07/25 8.13 8.18 8.11 8.11 
2016/07/26 8.01 8.24 8.00 8.04 
2016/07/27 8.05 8.12 8.01 8.01 
2016/07/28 8.09 8.30 8.02 8.14 
2016/07/29 8.14 8.14 8.02 8.04 
2016/08/01 8.04 8.21 8.02 8.20 
2016/08/02 8.10 8.24 8.10 8.24 
2016/08/03 8.20 8.27 8.20 8.25 
2016/08/04 8.13 8.20 8.12 8.20 
2016/08/05 8.29 8.29 8.20 8.20 
2016/08/08 8.20 8.21 8.12 8.12 
2016/08/09 8.30 8.32 8.09 8.09 
2016/08/10 8.00 8.09 7.95 7.95 
2016/08/11 7.95 8.07 7.89 7.89 
2016/08/12 7.89 8.06 7.82 8.06 
2016/08/15 7.95 7.95 7.95 7.95 
2016/08/16 7.91 7.95 7.91 7.93 
2016/08/17 7.83 8.03 7.83 8.02 
2016/08/19 8.02 8.02 7.88 7.98 
2016/08/22 7.88 7.97 7.87 7.97 
2016/08/23 7.90 7.98 7.80 7.83 
2016/08/24 7.83 8.02 7.75 7.92 
2016/08/25 7.82 7.82 7.81 7.81 
2016/08/26 7.85 7.99 7.80 7.85 
2016/08/29 7.99 7.99 7.86 7.86 
2016/08/30 7.99 8.12 7.88 8.05 
2016/08/31 8.05 8.18 8.05 8.13 
2016/09/01 8.00 8.14 7.93 8.11 
2016/09/02 8.11 8.11 7.98 8.08 
2016/09/05 8.08 8.44 8.08 8.12 
2016/09/06 8.12 8.28 8.05 8.10 
2016/09/07 8.03 8.15 8.03 8.14 
2016/09/08 7.97 8.05 7.97 8.05 
2016/09/09 8.01 8.01 7.95 7.95 
2016/09/10 7.95 8.15 7.95 8.12 
2016/09/12 8.12 8.12 8.00 8.10 
2016/09/13 8.11 8.26 8.03 8.03 
2016/09/14 8.19 8.19 7.97 8.07 
2016/09/19 8.10 8.10 8.10 8.10 
2016/09/20 8.01 8.09 7.78 8.00 
2016/09/21 8.01 8.12 7.99 8.10 
2016/09/22 8.10 8.21 8.08 8.08 
2016/09/23 8.09 8.09 8.01 8.07 
2016/09/26 8.15 8.40 8.09 8.19 
2016/09/29 8.20 8.28 8.13 8.15 
2016/09/30 8.13 8.25 8.13 8.16 
2016/10/03 8.16 8.30 8.12 8.12 
2016/10/04 8.18 8.26 8.15 8.15 
2016/10/05 8.26 8.33 8.16 8.16 
2016/10/06 8.16 8.23 8.08 8.21 
2016/10/07 8.16 8.19 8.16 8.19 
2016/10/11 8.17 8.20 7.89 8.00 
2016/10/12 7.90 7.96 7.71 7.84 
2016/10/13 7.88 7.95 7.88 7.91 
2016/10/14 8.15 8.15 8.15 8.15 
2016/10/17 8.01 8.01 8.01 8.01 
2016/10/18 8.00 8.00 7.88 7.93 
2016/10/19 7.89 7.89 7.82 7.82 
2016/10/20 7.81 7.88 7.74 7.74 
2016/10/21 7.84 7.84 7.76 7.83 
2016/10/24 7.79 7.84 7.76 7.76 
2016/10/25 7.76 7.76 7.76 7.76 
2016/10/26 7.80 8.04 7.80 8.03 
2016/10/27 7.85 8.19 7.85 7.90 
2016/10/28 7.92 7.92 7.82 7.82 
2016/10/31 7.83 8.11 7.83 8.11 
2016/11/01 7.95 7.95 7.95 7.95 
2016/11/02 7.95 7.98 7.89 7.98 
2016/11/03 8.10 8.13 8.00 8.10 
2016/11/04 8.11 8.27 8.06 8.10 
2016/11/07 7.92 8.07 7.92 7.98 
2016/11/08 8.00 8.00 7.89 7.89 
2016/11/09 7.91 8.04 7.82 7.82 
2016/11/10 7.90 8.02 7.90 8.02 
2016/11/11 8.09 8.13 7.88 7.95 
2016/11/14 7.86 7.86 7.86 7.86 
2016/11/15 7.87 7.88 7.86 7.86 
2016/11/16 8.03 8.03 7.88 8.03 
2016/11/17 8.01 8.01 7.82 7.97 
2016/11/18 8.00 8.03 7.98 8.00 
2016/11/21 7.95 8.10 7.95 8.00 
2016/11/22 7.98 7.98 7.97 7.97 
2016/11/24 7.97 8.15 7.95 8.03 
2016/11/25 8.03 8.03 7.88 7.92 
2016/11/28 8.00 8.00 7.88 7.95 
2016/11/29 8.08 8.08 7.88 7.89 
2016/11/30 7.89 7.99 7.86 7.99 
2016/12/01 7.90 8.04 7.80 7.95 
2016/12/02 7.95 7.96 7.94 7.96 
2016/12/05 7.90 7.91 7.90 7.91 
2016/12/06 7.87 8.02 7.87 7.90 
2016/12/07 7.91 7.91 7.91 7.91 
2016/12/08 8.01 8.01 8.00 8.00 
2016/12/09 8.00 8.00 7.90 7.90 
2016/12/12 7.91 8.00 7.90 7.90 
2016/12/13 7.87 7.90 7.86 7.90 
2016/12/14 7.98 7.98 7.96 7.96 
2016/12/15 7.85 7.99 7.85 7.88 
2016/12/16 7.89 7.89 7.88 7.88 
2016/12/19 7.99 7.99 7.87 7.87 
2016/12/21 7.81 7.93 7.81 7.81 
2016/12/22 7.85 7.85 7.76 7.76 
2016/12/23 7.75 8.00 7.74 7.76 
2016/12/26 7.88 7.88 7.78 7.78 
2016/12/27 7.83 7.83 7.76 7.76 
2016/12/28 7.89 8.10 7.89 8.08 
2016/12/29 7.99 8.06 7.85 8.02 
2016/12/30 7.91 8.00 7.89 7.89 
2017/01/03 7.89 7.97 7.84 7.97 
2017/01/04 7.91 8.08 7.89 8.08 
2017/01/05 7.91 7.97 7.91 7.93 
2017/01/06 7.93 8.05 7.86 7.95 
2017/01/09 7.98 7.98 7.97 7.97 
2017/01/10 7.82 7.96 7.82 7.96 
2017/01/11 7.81 7.99 7.81 7.99 
2017/01/12 7.90 7.99 7.90 7.92 
2017/01/13 7.84 7.89 7.80 7.82 
2017/01/16 7.80 7.88 7.74 7.77 
2017/01/17 7.80 7.82 7.77 7.78 
2017/01/18 7.78 7.90 7.78 7.87 
2017/01/19 7.95 7.95 7.82 7.92 
2017/01/20 7.91 8.07 7.91 7.91 
2017/01/23 8.03 8.03 7.92 7.97 
2017/01/24 7.93 8.02 7.88 7.94 
2017/02/02 7.76 8.03 7.76 7.98 
2017/02/03 7.83 7.98 7.83 7.88 
2017/02/06 7.91 7.99 7.91 7.97 
2017/02/07 7.99 8.05 7.96 7.97 
2017/02/08 7.97 7.97 7.95 7.97 
