2016/07/01 8.70 8.80 8.67 8.73 
2016/07/04 8.71 8.83 8.71 8.78 
2016/07/05 8.87 8.88 8.80 8.88 
2016/07/06 8.95 8.95 8.80 8.88 
2016/07/07 8.94 9.41 8.94 9.30 
2016/07/11 9.30 9.37 9.14 9.16 
2016/07/12 9.18 9.27 9.15 9.15 
2016/07/13 9.16 9.25 9.15 9.16 
2016/07/14 9.18 9.26 9.18 9.21 
2016/07/15 9.32 9.33 9.16 9.20 
2016/07/18 8.71 8.75 8.50 8.60 
2016/07/19 8.60 8.64 8.60 8.60 
2016/07/20 8.57 8.63 8.55 8.63 
2016/07/21 8.63 8.64 8.56 8.64 
2016/07/22 8.66 8.74 8.64 8.64 
2016/07/25 8.65 8.71 8.62 8.62 
2016/07/26 8.62 8.65 8.57 8.65 
2016/07/27 8.62 8.65 8.58 8.62 
2016/07/28 8.65 9.24 8.65 9.15 
2016/07/29 9.18 9.18 9.02 9.05 
2016/08/01 9.05 9.14 8.98 9.00 
2016/08/02 9.10 9.24 8.96 9.23 
2016/08/03 9.19 9.29 9.10 9.11 
2016/08/04 9.15 9.27 9.06 9.18 
2016/08/05 9.20 9.25 9.15 9.15 
2016/08/08 9.25 9.25 9.17 9.17 
2016/08/09 9.11 9.21 9.10 9.13 
2016/08/10 9.11 9.15 9.05 9.08 
2016/08/11 9.10 9.15 9.02 9.10 
2016/08/12 9.15 9.15 9.03 9.09 
2016/08/15 9.05 9.10 8.95 9.09 
2016/08/16 9.09 9.09 8.90 9.02 
2016/08/17 8.94 9.05 8.90 9.05 
2016/08/18 9.00 9.03 8.90 8.95 
2016/08/19 8.86 9.05 8.86 9.00 
2016/08/22 8.93 9.09 8.93 8.98 
2016/08/23 8.94 9.03 8.94 9.00 
2016/08/24 8.90 9.01 8.90 8.91 
2016/08/25 8.91 9.07 8.87 8.91 
2016/08/26 8.99 8.99 8.91 8.99 
2016/08/29 8.89 9.04 8.89 8.98 
2016/08/30 8.98 8.99 8.91 8.99 
2016/08/31 9.04 9.05 8.92 9.05 
2016/09/01 8.96 9.05 8.88 8.88 
2016/09/02 9.00 9.00 8.82 8.87 
2016/09/05 8.82 8.92 8.80 8.81 
2016/09/06 8.92 8.97 8.81 8.81 
2016/09/07 8.98 8.98 8.82 8.82 
2016/09/08 8.71 8.79 8.71 8.72 
2016/09/09 8.70 8.74 8.68 8.69 
2016/09/10 8.65 8.74 8.61 8.73 
2016/09/12 8.63 8.70 8.62 8.62 
2016/09/13 8.62 8.69 8.51 8.51 
2016/09/14 8.59 8.59 8.51 8.53 
2016/09/19 8.63 8.64 8.51 8.59 
2016/09/20 8.60 8.63 8.56 8.60 
2016/09/21 8.63 8.89 8.58 8.80 
2016/09/22 8.80 8.80 8.74 8.74 
2016/09/23 8.74 8.80 8.68 8.69 
2016/09/26 8.74 8.74 8.67 8.70 
2016/09/29 8.68 8.70 8.61 8.63 
2016/09/30 8.61 8.73 8.60 8.69 
2016/10/03 8.69 8.69 8.64 8.65 
2016/10/04 8.65 8.65 8.58 8.64 
2016/10/05 8.64 8.69 8.56 8.58 
2016/10/06 8.55 8.66 8.55 8.60 
2016/10/07 8.57 8.68 8.57 8.67 
2016/10/11 8.60 8.60 8.45 8.55 
2016/10/12 8.63 8.63 8.45 8.46 
2016/10/13 8.46 8.46 8.39 8.39 
2016/10/14 8.28 8.38 8.21 8.21 
2016/10/17 8.29 8.30 8.20 8.25 
2016/10/18 8.14 8.46 8.14 8.34 
2016/10/19 8.27 8.42 8.27 8.34 
2016/10/20 8.27 8.42 8.25 8.41 
2016/10/21 8.43 8.43 8.30 8.31 
2016/10/24 8.41 8.42 8.31 8.32 
2016/10/25 8.32 8.37 8.30 8.31 
2016/10/26 8.30 8.37 8.30 8.37 
2016/10/27 8.31 8.31 8.20 8.20 
2016/10/28 8.20 8.27 8.20 8.27 
2016/10/31 8.27 8.29 8.22 8.27 
2016/11/01 8.20 8.20 8.18 8.18 
2016/11/02 8.18 8.26 8.18 8.22 
2016/11/03 8.14 8.23 8.12 8.12 
2016/11/04 8.10 8.17 8.10 8.12 
2016/11/07 8.12 8.16 8.12 8.13 
2016/11/08 8.18 8.18 8.09 8.16 
2016/11/09 8.23 8.23 7.92 7.92 
2016/11/10 7.94 8.03 7.94 8.00 
2016/11/11 8.02 8.15 7.95 7.97 
2016/11/14 7.92 7.92 7.82 7.90 
2016/11/15 7.82 8.01 7.82 7.93 
2016/11/16 8.02 8.15 8.00 8.10 
2016/11/17 8.17 8.17 8.05 8.05 
2016/11/18 8.16 8.34 8.16 8.22 
2016/11/21 8.22 8.23 8.16 8.23 
2016/11/22 8.29 8.34 8.23 8.27 
2016/11/23 8.28 8.30 8.17 8.24 
2016/11/24 8.19 8.23 8.17 8.18 
2016/11/25 8.15 8.29 8.13 8.26 
2016/11/28 8.28 8.45 8.28 8.36 
2016/11/29 8.35 8.35 8.22 8.28 
2016/11/30 8.29 8.34 8.26 8.28 
2016/12/01 8.28 8.58 8.28 8.42 
2016/12/02 8.44 8.71 8.44 8.55 
2016/12/05 8.55 8.55 8.39 8.44 
2016/12/06 8.50 8.51 8.41 8.49 
2016/12/07 8.52 8.53 8.38 8.43 
2016/12/08 8.50 8.68 8.42 8.61 
2016/12/09 8.54 8.60 8.48 8.56 
2016/12/12 8.68 8.68 8.48 8.62 
2016/12/13 8.52 8.58 8.51 8.52 
2016/12/14 8.55 8.73 8.55 8.65 
2016/12/15 8.55 8.59 8.52 8.53 
2016/12/16 8.53 8.59 8.48 8.48 
2016/12/19 8.45 8.53 8.41 8.48 
2016/12/20 8.48 8.54 8.46 8.54 
2016/12/21 8.50 8.54 8.43 8.50 
2016/12/22 8.43 8.59 8.41 8.49 
2016/12/23 8.43 8.47 8.38 8.38 
2016/12/26 8.37 8.38 8.31 8.31 
2016/12/27 8.30 8.40 8.22 8.40 
2016/12/28 8.33 8.57 8.31 8.57 
2016/12/29 8.50 8.51 8.40 8.51 
2016/12/30 8.48 8.54 8.47 8.52 
2017/01/03 8.50 8.50 8.41 8.46 
2017/01/04 8.38 8.50 8.38 8.50 
2017/01/05 8.49 8.49 8.43 8.48 
2017/01/06 8.55 8.55 8.40 8.47 
2017/01/09 8.41 8.42 8.37 8.38 
2017/01/10 8.38 8.38 8.26 8.38 
2017/01/11 8.36 8.43 8.36 8.39 
2017/01/12 8.42 8.52 8.42 8.48 
2017/01/13 8.43 8.47 8.40 8.45 
2017/01/16 8.41 8.41 8.35 8.41 
2017/01/17 8.35 8.46 8.31 8.42 
2017/01/18 8.42 8.57 8.35 8.47 
2017/01/19 8.56 8.56 8.41 8.49 
2017/01/20 8.51 8.53 8.42 8.43 
2017/01/23 8.43 8.50 8.42 8.45 
2017/01/24 8.44 8.52 8.44 8.50 
2017/02/02 8.58 8.62 8.55 8.57 
2017/02/03 8.62 8.68 8.58 8.61 
2017/02/06 8.68 8.76 8.68 8.74 
2017/02/07 8.78 8.78 8.73 8.74 
2017/02/08 8.80 8.87 8.77 8.83 
