2016/07/01 15.50 15.55 15.35 15.40 
2016/07/04 15.45 15.85 15.45 15.70 
2016/07/05 15.80 15.80 15.60 15.70 
2016/07/06 15.60 15.70 15.50 15.60 
2016/07/07 15.00 15.30 15.00 15.20 
2016/07/11 15.35 15.45 15.15 15.30 
2016/07/12 15.40 15.40 15.20 15.20 
2016/07/13 15.40 15.40 15.20 15.40 
2016/07/14 15.40 15.50 15.30 15.30 
2016/07/15 15.40 15.65 15.35 15.55 
2016/07/18 15.65 15.85 15.55 15.55 
2016/07/19 15.70 15.70 15.40 15.55 
2016/07/20 15.55 15.60 15.45 15.45 
2016/07/21 15.60 15.75 15.45 15.55 
2016/07/22 15.65 15.65 15.40 15.40 
2016/07/25 15.50 15.55 15.35 15.50 
2016/07/26 15.40 15.55 15.40 15.45 
2016/07/27 15.45 15.55 15.40 15.40 
2016/07/28 15.50 15.95 15.40 15.60 
2016/07/29 15.75 15.75 15.55 15.55 
2016/08/01 15.65 15.70 15.55 15.55 
2016/08/02 15.60 15.80 15.55 15.75 
2016/08/03 15.70 15.75 15.55 15.65 
2016/08/04 15.75 15.75 15.55 15.70 
2016/08/05 15.70 16.05 15.60 15.80 
2016/08/08 15.85 16.15 15.85 16.00 
2016/08/09 16.00 16.10 15.80 15.80 
2016/08/10 15.75 15.75 15.60 15.65 
2016/08/11 15.65 15.75 15.50 15.55 
2016/08/12 15.60 15.70 15.50 15.50 
2016/08/15 15.55 15.55 15.20 15.35 
2016/08/16 15.35 15.45 15.30 15.35 
2016/08/17 15.35 15.45 15.25 15.35 
2016/08/18 15.40 15.65 15.40 15.50 
2016/08/19 15.60 15.60 15.35 15.35 
2016/08/22 15.35 15.35 15.15 15.25 
2016/08/23 15.25 15.35 15.20 15.25 
2016/08/24 15.30 15.40 15.30 15.30 
2016/08/25 15.20 15.45 15.20 15.30 
2016/08/26 15.30 15.40 15.25 15.30 
2016/08/29 15.30 15.40 15.20 15.25 
2016/08/30 15.40 15.40 15.30 15.30 
2016/08/31 15.35 15.40 15.20 15.20 
2016/09/01 15.25 15.25 15.10 15.10 
2016/09/02 15.15 15.20 15.00 15.05 
2016/09/05 15.00 15.15 15.00 15.10 
2016/09/06 15.20 15.20 15.10 15.15 
2016/09/07 15.15 15.20 15.10 15.15 
2016/09/08 15.15 15.35 15.15 15.30 
2016/09/09 15.30 15.30 15.20 15.20 
2016/09/10 15.15 15.70 15.15 15.65 
2016/09/12 15.80 15.80 15.45 15.55 
2016/09/13 15.60 15.60 15.30 15.35 
2016/09/14 15.35 15.45 15.25 15.35 
2016/09/19 15.35 15.55 15.35 15.35 
2016/09/20 15.40 15.50 15.35 15.35 
2016/09/21 15.45 15.45 15.35 15.45 
2016/09/22 15.50 15.60 15.45 15.55 
2016/09/23 15.55 15.65 15.50 15.55 
2016/09/26 15.50 15.65 15.45 15.55 
2016/09/29 15.60 15.75 15.55 15.60 
2016/09/30 15.65 15.65 15.50 15.60 
2016/10/03 15.60 15.75 15.60 15.65 
2016/10/04 15.60 15.75 15.60 15.70 
2016/10/05 15.65 15.65 15.55 15.55 
2016/10/06 15.55 15.60 15.50 15.55 
2016/10/07 15.55 15.55 15.40 15.45 
2016/10/11 15.50 15.65 15.30 15.60 
2016/10/12 15.60 15.65 15.45 15.55 
2016/10/13 15.55 15.65 15.50 15.55 
2016/10/14 15.50 15.55 15.35 15.50 
2016/10/17 15.50 15.50 15.35 15.40 
2016/10/18 15.50 15.75 15.45 15.70 
2016/10/19 15.70 17.25 15.70 17.25 
2016/10/20 17.35 17.50 17.00 17.05 
2016/10/21 17.05 17.50 16.75 17.50 
2016/10/24 17.70 17.80 16.95 16.95 
2016/10/25 16.95 17.15 16.55 16.90 
2016/10/26 16.70 17.15 16.70 16.75 
2016/10/27 16.70 16.90 16.45 16.50 
2016/10/28 16.45 16.85 16.40 16.40 
2016/10/31 16.40 16.70 16.40 16.55 
2016/11/01 16.60 17.15 16.55 16.95 
2016/11/02 16.80 17.40 16.75 16.75 
2016/11/03 16.75 16.90 16.55 16.65 
2016/11/04 16.55 16.60 16.40 16.45 
2016/11/07 16.50 16.70 16.50 16.55 
2016/11/08 16.60 17.05 16.60 16.85 
2016/11/09 16.95 17.00 16.15 16.50 
2016/11/10 16.75 17.00 16.65 16.75 
2016/11/11 16.75 16.75 15.75 16.05 
2016/11/14 16.05 16.20 15.80 16.15 
2016/11/15 16.20 16.30 16.15 16.15 
2016/11/16 16.10 16.40 16.10 16.10 
2016/11/17 16.10 16.30 15.90 16.25 
2016/11/18 16.30 16.65 16.20 16.25 
2016/11/21 16.25 16.30 16.10 16.15 
2016/11/22 16.20 16.55 16.20 16.25 
2016/11/23 16.35 16.35 16.10 16.15 
2016/11/24 16.15 16.40 16.10 16.30 
2016/11/25 16.35 16.50 16.25 16.25 
2016/11/28 17.50 17.85 17.50 17.75 
2016/11/29 17.50 17.65 17.05 17.25 
2016/11/30 17.30 17.55 17.05 17.25 
2016/12/01 17.30 17.80 17.30 17.40 
2016/12/02 17.50 18.35 17.50 17.85 
2016/12/05 17.80 17.80 17.55 17.55 
2016/12/06 17.65 17.80 17.50 17.60 
2016/12/07 17.70 17.70 17.45 17.45 
2016/12/08 17.80 18.00 17.50 17.50 
2016/12/09 17.65 17.65 17.15 17.20 
2016/12/12 17.30 17.40 17.10 17.20 
2016/12/13 17.20 17.35 17.15 17.20 
2016/12/14 17.45 17.70 17.35 17.40 
2016/12/15 17.40 17.55 17.30 17.35 
2016/12/16 17.40 17.40 17.20 17.20 
2016/12/19 17.20 17.25 16.80 16.90 
2016/12/20 17.00 17.15 16.85 16.90 
2016/12/21 17.00 17.05 16.85 16.85 
2016/12/22 16.85 16.85 16.60 16.65 
2016/12/23 16.80 17.20 16.75 16.95 
2016/12/26 16.95 17.15 16.85 16.85 
2016/12/27 16.90 16.95 16.65 16.80 
2016/12/28 17.00 17.05 16.80 16.85 
2016/12/29 16.85 16.95 16.75 16.85 
2016/12/30 16.95 17.10 16.85 17.00 
2017/01/03 17.05 17.15 17.00 17.05 
2017/01/04 17.15 17.15 17.00 17.10 
2017/01/05 17.10 17.20 17.00 17.15 
2017/01/06 17.20 17.20 17.00 17.05 
2017/01/09 17.05 17.10 16.80 16.80 
2017/01/10 16.80 16.95 16.75 16.85 
2017/01/11 16.85 16.90 16.70 16.90 
2017/01/12 16.90 16.90 16.75 16.80 
2017/01/13 16.80 16.80 16.60 16.60 
2017/01/16 16.65 16.90 16.60 16.75 
2017/01/17 16.70 16.70 16.40 16.60 
2017/01/18 16.60 16.90 16.55 16.80 
2017/01/19 16.70 16.80 16.65 16.70 
2017/01/20 16.65 16.75 16.60 16.65 
2017/01/23 16.65 16.75 16.65 16.70 
2017/01/24 16.70 17.40 16.65 17.00 
2017/02/02 17.00 17.45 16.90 17.00 
2017/02/03 17.00 17.15 16.80 16.85 
2017/02/06 16.95 17.00 16.90 16.90 
2017/02/07 17.00 17.10 16.90 17.00 
2017/02/08 17.00 17.35 17.00 17.25 
