2016/07/01 30.00 30.25 29.90 29.90 
2016/07/04 30.20 30.25 29.90 30.15 
2016/07/05 30.15 30.90 30.15 30.55 
2016/07/06 30.55 30.55 30.00 30.10 
2016/07/07 30.25 31.00 30.25 30.95 
2016/07/11 31.55 32.70 31.55 32.25 
2016/07/12 32.35 33.50 32.35 33.00 
2016/07/13 33.30 33.35 32.45 32.85 
2016/07/14 32.85 33.05 32.45 32.60 
2016/07/15 32.80 34.70 32.80 33.80 
2016/07/18 34.30 34.70 33.95 34.15 
2016/07/19 32.20 32.45 31.60 31.60 
2016/07/20 31.80 32.25 31.20 31.20 
2016/07/21 31.50 31.70 31.25 31.25 
2016/07/22 31.30 31.40 31.00 31.05 
2016/07/25 31.40 31.60 31.05 31.05 
2016/07/26 31.20 31.30 30.95 31.00 
2016/07/27 31.00 31.00 30.00 30.20 
2016/07/28 30.40 31.00 30.40 30.50 
2016/07/29 30.70 30.70 30.20 30.30 
2016/08/01 30.50 30.75 30.35 30.45 
2016/08/02 30.55 30.75 30.40 30.50 
2016/08/03 30.50 30.50 30.05 30.15 
2016/08/04 30.25 30.45 29.60 29.80 
2016/08/05 29.80 30.00 29.25 29.30 
2016/08/08 29.80 30.30 29.70 29.80 
2016/08/09 29.90 29.90 29.05 29.20 
2016/08/10 29.05 29.30 28.70 28.85 
2016/08/11 29.00 29.30 28.60 28.75 
2016/08/12 28.80 29.05 28.70 28.75 
2016/08/15 28.95 29.00 28.40 28.80 
2016/08/16 28.80 28.85 28.50 28.50 
2016/08/17 28.50 28.70 28.00 28.10 
2016/08/18 28.00 28.00 27.50 27.55 
2016/08/19 27.50 29.10 27.40 28.60 
2016/08/22 29.20 29.20 28.70 28.70 
2016/08/23 29.00 29.00 28.60 28.60 
2016/08/24 28.50 29.80 28.30 29.25 
2016/08/25 29.20 29.75 29.00 29.05 
2016/08/26 29.10 29.10 28.65 28.75 
2016/08/29 28.70 28.85 28.45 28.55 
2016/08/30 28.95 29.05 28.60 28.60 
2016/08/31 28.70 28.95 28.45 28.50 
2016/09/01 28.50 28.65 28.30 28.35 
2016/09/02 28.35 28.45 27.70 27.85 
2016/09/05 28.00 28.30 27.70 27.80 
2016/09/06 28.20 28.30 27.95 28.10 
2016/09/07 28.30 28.90 28.25 28.90 
2016/09/08 29.15 29.15 28.60 28.75 
2016/09/09 28.75 28.75 28.15 28.25 
2016/09/10 27.85 27.95 27.55 27.95 
2016/09/12 28.00 28.45 27.70 27.70 
2016/09/13 28.15 28.20 27.30 27.40 
2016/09/14 27.40 27.70 27.30 27.40 
2016/09/19 27.40 27.65 27.20 27.30 
2016/09/20 27.30 27.50 27.25 27.25 
2016/09/21 27.30 27.55 27.25 27.30 
2016/09/22 27.40 27.80 27.40 27.60 
2016/09/23 27.65 27.90 27.50 27.50 
2016/09/26 27.50 27.70 27.45 27.45 
2016/09/29 27.55 27.65 27.40 27.40 
2016/09/30 27.40 27.45 26.90 27.05 
2016/10/03 27.05 27.20 27.00 27.00 
2016/10/04 27.10 28.50 27.10 28.05 
2016/10/05 28.05 28.05 27.80 27.80 
2016/10/06 27.90 27.90 27.60 27.65 
2016/10/07 27.55 27.55 27.10 27.20 
2016/10/11 27.30 27.40 25.60 25.90 
2016/10/12 25.40 25.50 24.95 25.30 
2016/10/13 25.30 25.40 24.85 25.00 
2016/10/14 25.00 25.20 24.90 25.05 
2016/10/17 25.25 25.50 25.10 25.30 
2016/10/18 25.30 26.85 25.30 26.40 
2016/10/19 26.40 26.85 26.20 26.50 
2016/10/20 26.50 26.55 26.05 26.20 
2016/10/21 26.20 27.40 26.10 27.40 
2016/10/24 27.20 28.20 27.00 27.60 
2016/10/25 27.55 27.80 27.40 27.50 
2016/10/26 26.65 26.90 26.40 26.55 
2016/10/27 26.20 26.40 25.75 25.90 
2016/10/28 25.80 26.15 25.80 25.90 
2016/10/31 26.15 26.20 25.80 26.05 
2016/11/01 26.10 26.10 25.85 25.95 
2016/11/02 25.80 25.80 25.35 25.35 
2016/11/03 25.35 25.70 25.20 25.20 
2016/11/04 25.30 25.80 25.30 25.45 
2016/11/07 25.85 25.85 25.50 25.50 
2016/11/08 25.80 25.85 25.30 25.50 
2016/11/09 25.60 25.60 22.95 23.20 
2016/11/10 24.00 24.70 23.75 24.70 
2016/11/11 24.70 24.70 23.90 24.05 
2016/11/14 23.90 23.90 23.25 23.65 
2016/11/15 23.65 24.00 23.65 23.90 
2016/11/16 23.95 24.65 23.95 24.15 
2016/11/17 24.15 24.35 24.10 24.25 
2016/11/18 24.55 25.20 24.35 24.80 
2016/11/21 24.90 25.00 24.70 24.90 
2016/11/22 25.00 25.25 24.75 25.00 
2016/11/23 24.90 25.00 24.85 24.90 
2016/11/24 24.90 25.20 24.80 24.90 
2016/11/25 25.20 25.35 25.00 25.20 
2016/11/28 25.60 27.30 25.60 26.75 
2016/11/29 26.75 27.10 26.30 26.70 
2016/11/30 27.00 27.00 26.50 26.55 
2016/12/01 26.80 26.95 26.55 26.65 
2016/12/02 27.00 27.85 26.70 27.00 
2016/12/05 27.00 27.10 26.35 26.40 
2016/12/06 26.40 26.90 26.30 26.45 
2016/12/07 26.50 26.65 26.20 26.30 
2016/12/08 26.65 26.95 26.60 26.60 
2016/12/09 26.85 26.85 26.15 26.20 
2016/12/12 26.45 26.45 25.80 25.90 
2016/12/13 26.00 26.45 25.70 26.35 
2016/12/14 26.35 26.85 26.30 26.45 
2016/12/15 26.30 26.35 26.10 26.20 
2016/12/16 26.20 26.30 25.95 25.95 
2016/12/19 25.90 26.40 25.65 26.00 
2016/12/20 26.05 26.20 26.00 26.00 
2016/12/21 26.35 26.40 26.10 26.20 
2016/12/22 26.20 26.25 26.00 26.00 
2016/12/23 26.00 26.15 26.00 26.10 
2016/12/26 26.10 26.40 26.10 26.30 
2016/12/27 26.35 26.40 26.25 26.30 
2016/12/28 26.30 26.50 26.00 26.15 
2016/12/29 26.25 26.30 26.00 26.05 
2016/12/30 26.05 26.20 25.85 25.85 
2017/01/03 25.90 26.00 25.45 25.65 
2017/01/04 25.65 26.00 25.55 25.85 
2017/01/05 26.00 26.15 25.80 25.85 
2017/01/06 26.10 26.10 25.70 25.70 
2017/01/09 25.80 25.85 25.30 25.35 
2017/01/10 25.35 25.70 25.35 25.50 
2017/01/11 25.50 25.90 25.40 25.65 
2017/01/12 25.85 25.85 25.45 25.60 
2017/01/13 25.60 25.60 25.20 25.25 
2017/01/16 25.25 25.40 25.25 25.25 
2017/01/17 25.50 25.65 25.25 25.35 
2017/01/18 25.40 25.90 25.40 25.70 
2017/01/19 25.90 25.90 25.65 25.80 
2017/01/20 25.65 25.90 25.60 25.75 
2017/01/23 25.75 25.80 25.55 25.55 
2017/01/24 25.65 25.70 25.20 25.60 
2017/02/02 25.25 25.25 24.30 24.80 
2017/02/03 24.80 24.95 24.80 24.90 
2017/02/06 24.90 24.95 24.75 24.80 
2017/02/07 24.80 25.45 24.80 25.40 
2017/02/08 25.70 27.40 25.55 26.60 
