2016/07/01 14.05 14.05 13.95 14.00 
2016/07/04 13.95 14.20 13.95 14.20 
2016/07/05 14.10 14.15 14.10 14.10 
2016/07/06 14.10 14.10 13.90 13.90 
2016/07/07 14.00 14.10 13.95 14.00 
2016/07/11 14.00 14.00 13.95 13.95 
2016/07/12 14.00 14.00 13.95 14.00 
2016/07/13 14.00 14.00 14.00 14.00 
2016/07/14 14.00 14.00 13.70 14.00 
2016/07/15 14.05 14.20 14.00 14.00 
2016/07/18 14.05 14.05 14.00 14.00 
2016/07/19 14.00 14.10 14.00 14.05 
2016/07/20 14.15 14.15 14.00 14.05 
2016/07/21 14.15 14.25 14.00 14.10 
2016/07/22 14.10 14.15 14.00 14.15 
2016/07/25 14.10 14.10 14.00 14.00 
2016/07/26 14.10 14.10 14.00 14.00 
2016/07/27 13.95 13.95 13.95 13.95 
2016/07/28 14.00 14.20 14.00 14.10 
2016/07/29 14.10 14.15 14.00 14.10 
2016/08/01 14.05 14.10 14.05 14.10 
2016/08/02 14.10 14.25 14.00 14.25 
2016/08/03 14.20 14.20 14.10 14.10 
2016/08/04 14.10 14.15 14.00 14.10 
2016/08/05 14.10 14.15 14.05 14.10 
2016/08/08 14.10 14.10 14.05 14.10 
2016/08/09 14.10 14.10 14.05 14.10 
2016/08/10 14.10 14.10 14.10 14.10 
2016/08/11 14.10 14.10 14.00 14.05 
2016/08/12 14.05 14.25 14.05 14.15 
2016/08/15 14.10 14.10 14.00 14.10 
2016/08/16 14.10 14.10 14.05 14.05 
2016/08/17 14.10 14.15 14.05 14.10 
2016/08/18 14.10 14.15 14.05 14.10 
2016/08/19 14.10 14.10 14.05 14.05 
2016/08/22 14.10 14.10 14.00 14.00 
2016/08/23 13.95 14.05 13.95 14.00 
2016/08/24 14.00 14.05 14.00 14.05 
2016/08/25 14.05 14.10 14.05 14.05 
2016/08/26 14.05 14.15 14.05 14.15 
2016/08/29 14.15 14.20 14.10 14.15 
2016/08/30 14.30 14.30 14.10 14.10 
2016/08/31 14.10 14.20 14.05 14.10 
2016/09/01 14.10 14.10 14.05 14.10 
2016/09/02 14.10 14.10 14.00 14.00 
2016/09/05 14.00 14.10 14.00 14.10 
2016/09/06 14.00 14.10 14.00 14.00 
2016/09/07 14.10 14.30 14.00 14.30 
2016/09/08 13.35 13.35 13.15 13.25 
2016/09/09 13.25 13.40 13.25 13.30 
2016/09/10 13.10 13.30 13.05 13.10 
2016/09/12 13.05 13.10 12.95 13.05 
2016/09/13 13.20 13.20 13.00 13.00 
2016/09/14 13.10 13.10 13.00 13.00 
2016/09/19 13.00 13.00 12.80 12.80 
2016/09/20 12.80 12.85 12.75 12.80 
2016/09/21 12.80 13.10 12.80 13.10 
2016/09/22 13.10 13.10 13.00 13.00 
2016/09/23 12.85 12.95 12.85 12.95 
2016/09/26 12.95 12.95 12.90 12.90 
2016/09/29 12.85 12.85 12.85 12.85 
2016/09/30 12.85 12.95 12.85 12.95 
2016/10/03 12.95 12.95 12.85 12.85 
2016/10/04 12.85 12.90 12.80 12.80 
2016/10/05 12.80 12.80 12.80 12.80 
2016/10/06 12.80 12.85 12.80 12.85 
2016/10/07 12.85 12.90 12.70 12.90 
2016/10/11 12.80 12.85 12.75 12.75 
2016/10/12 12.70 12.70 12.60 12.70 
2016/10/13 12.75 12.80 12.70 12.80 
2016/10/14 12.80 12.80 12.60 12.70 
2016/10/17 12.70 12.70 12.65 12.65 
2016/10/18 12.65 12.80 12.65 12.70 
2016/10/19 12.65 12.75 12.65 12.70 
2016/10/20 12.65 12.65 12.55 12.65 
2016/10/21 12.65 12.80 12.65 12.75 
2016/10/24 12.70 12.70 12.60 12.65 
2016/10/25 12.65 12.85 12.65 12.85 
2016/10/26 12.80 12.80 12.75 12.80 
2016/10/27 12.80 12.80 12.75 12.80 
2016/10/28 12.75 12.85 12.75 12.80 
2016/10/31 12.75 12.75 12.65 12.75 
2016/11/01 12.85 12.85 12.70 12.80 
2016/11/02 12.70 12.95 12.70 12.75 
2016/11/03 12.65 12.95 12.65 12.70 
2016/11/04 12.65 12.70 12.65 12.65 
2016/11/07 12.70 12.70 12.60 12.65 
2016/11/08 12.65 12.65 12.65 12.65 
2016/11/09 12.65 12.75 12.40 12.50 
2016/11/10 12.90 12.90 12.55 12.60 
2016/11/11 12.60 12.60 12.50 12.50 
2016/11/14 12.50 12.65 12.45 12.50 
2016/11/15 12.45 12.50 12.45 12.50 
2016/11/16 12.70 12.70 12.55 12.55 
2016/11/17 12.55 12.55 12.45 12.45 
2016/11/18 12.50 12.60 12.30 12.55 
2016/11/21 12.55 12.65 12.55 12.60 
2016/11/22 12.55 12.75 12.50 12.70 
2016/11/23 12.70 12.70 12.60 12.70 
2016/11/24 12.70 12.70 12.60 12.60 
2016/11/25 12.50 12.55 12.45 12.50 
2016/11/28 12.65 12.70 12.50 12.55 
2016/11/29 12.50 12.70 12.45 12.70 
2016/11/30 12.60 12.60 12.50 12.55 
2016/12/01 12.55 12.70 12.55 12.60 
2016/12/02 12.60 12.80 12.55 12.75 
2016/12/05 12.65 12.85 12.60 12.85 
2016/12/06 12.70 12.75 12.55 12.60 
2016/12/07 12.65 12.65 12.60 12.60 
2016/12/08 12.70 12.75 12.60 12.60 
2016/12/09 12.80 12.80 12.60 12.60 
2016/12/12 12.60 12.65 12.40 12.60 
2016/12/13 12.40 12.65 12.40 12.60 
2016/12/14 12.65 12.65 12.50 12.65 
2016/12/15 12.50 12.60 12.50 12.60 
2016/12/16 12.55 12.65 12.55 12.60 
2016/12/19 12.70 12.70 12.60 12.65 
2016/12/20 12.60 12.70 12.60 12.70 
2016/12/21 12.80 12.80 12.50 12.55 
2016/12/22 12.55 12.60 12.55 12.60 
2016/12/23 12.60 12.60 12.60 12.60 
2016/12/26 12.65 12.80 12.65 12.80 
2016/12/27 12.70 12.70 12.60 12.60 
2016/12/28 12.60 12.60 12.55 12.60 
2016/12/29 12.60 12.60 12.60 12.60 
2016/12/30 12.75 12.75 12.50 12.65 
2017/01/04 12.55 12.60 12.55 12.55 
2017/01/05 12.55 12.70 12.50 12.60 
2017/01/06 12.55 12.60 12.55 12.55 
2017/01/09 12.55 12.65 12.55 12.60 
2017/01/10 12.60 12.65 12.60 12.65 
2017/01/11 12.65 12.70 12.55 12.70 
2017/01/12 12.60 12.70 12.60 12.60 
2017/01/16 12.60 12.60 12.55 12.60 
2017/01/17 12.55 12.55 12.55 12.55 
2017/01/18 12.60 12.90 12.60 12.70 
2017/01/19 12.65 12.80 12.65 12.70 
2017/01/20 12.70 12.70 12.65 12.65 
2017/01/23 12.70 12.70 12.70 12.70 
2017/01/24 12.70 12.70 12.70 12.70 
2017/02/02 12.70 12.70 12.60 12.65 
2017/02/03 12.80 12.80 12.80 12.80 
2017/02/06 12.90 13.10 12.85 12.85 
2017/02/07 12.95 13.00 12.85 13.00 
2017/02/08 13.05 13.05 12.90 13.00 
