2016/07/01 13.35 13.50 13.30 13.35 
2016/07/04 13.30 13.35 13.25 13.30 
2016/07/05 13.30 13.40 13.30 13.30 
2016/07/06 13.25 13.30 13.20 13.20 
2016/07/07 13.20 13.30 13.15 13.30 
2016/07/11 13.35 13.35 13.20 13.35 
2016/07/12 13.20 13.55 13.15 13.25 
2016/07/13 13.30 13.45 13.30 13.45 
2016/07/14 13.35 13.45 13.35 13.45 
2016/07/15 13.45 13.45 13.35 13.35 
2016/07/18 13.35 13.55 13.30 13.55 
2016/07/19 13.55 13.55 13.40 13.40 
2016/07/20 13.35 13.60 13.35 13.40 
2016/07/21 13.50 13.70 13.50 13.50 
2016/07/22 13.60 13.60 13.45 13.45 
2016/07/25 13.50 13.65 13.35 13.35 
2016/07/26 13.35 13.35 13.20 13.35 
2016/07/27 13.35 13.35 13.15 13.15 
2016/07/28 13.15 13.75 13.15 13.45 
2016/07/29 13.45 13.45 13.35 13.45 
2016/08/01 13.45 13.45 13.25 13.35 
2016/08/02 13.30 13.35 13.25 13.35 
2016/08/03 13.30 13.40 13.30 13.40 
2016/08/04 13.35 13.50 13.30 13.50 
2016/08/05 13.40 13.50 13.15 13.35 
2016/08/08 13.35 13.45 13.30 13.45 
2016/08/09 13.35 13.65 13.30 13.30 
2016/08/10 13.30 13.50 13.30 13.50 
2016/08/11 13.35 13.40 13.20 13.40 
2016/08/12 13.25 13.50 13.25 13.50 
2016/08/15 13.40 13.40 13.25 13.30 
2016/08/16 13.30 13.40 13.20 13.40 
2016/08/17 13.30 13.40 13.20 13.35 
2016/08/18 13.20 13.40 13.20 13.40 
2016/08/19 13.40 13.40 13.25 13.40 
2016/08/22 13.25 13.35 13.15 13.35 
2016/08/23 13.30 13.50 13.30 13.40 
2016/08/24 13.40 13.50 13.30 13.50 
2016/08/25 13.60 13.60 13.30 13.30 
2016/08/26 13.40 13.40 13.15 13.30 
2016/08/29 13.20 13.30 13.20 13.30 
2016/08/30 13.20 13.25 13.20 13.25 
2016/08/31 13.25 13.25 12.95 13.05 
2016/09/01 13.05 13.10 12.95 12.95 
2016/09/02 12.95 12.95 12.80 12.95 
2016/09/05 13.00 13.05 12.90 13.05 
2016/09/06 13.15 13.15 13.00 13.05 
2016/09/07 13.10 13.10 12.80 12.80 
2016/09/08 12.90 13.10 12.90 13.10 
2016/09/09 13.10 13.10 13.00 13.10 
2016/09/10 13.10 13.10 13.00 13.10 
2016/09/12 13.10 13.20 13.10 13.20 
2016/09/13 13.30 13.30 13.10 13.25 
2016/09/14 13.25 13.40 13.25 13.40 
2016/09/19 13.40 13.50 13.40 13.45 
2016/09/20 13.45 13.45 13.40 13.45 
2016/09/21 13.45 13.60 13.30 13.60 
2016/09/22 13.60 13.60 13.45 13.55 
2016/09/23 13.55 13.65 13.50 13.50 
2016/09/26 13.50 13.60 13.50 13.60 
2016/09/29 13.60 13.65 13.55 13.55 
2016/09/30 13.55 13.55 13.45 13.45 
2016/10/03 13.45 13.75 13.45 13.50 
2016/10/04 13.50 13.65 13.50 13.60 
2016/10/05 13.60 13.60 13.45 13.60 
2016/10/06 13.60 13.60 13.45 13.50 
2016/10/07 13.50 13.50 13.45 13.45 
2016/10/11 13.45 13.45 13.45 13.45 
2016/10/12 13.45 13.45 13.45 13.45 
2016/10/13 13.45 13.45 13.45 13.45 
2016/10/14 13.45 13.50 13.45 13.45 
2016/10/17 13.45 13.45 13.40 13.45 
2016/10/18 13.45 13.50 13.45 13.50 
2016/10/19 13.50 13.55 13.20 13.50 
2016/10/20 13.50 13.60 13.40 13.60 
2016/10/21 13.50 13.60 13.45 13.45 
2016/10/24 13.45 13.50 13.30 13.40 
2016/10/25 13.40 13.40 13.35 13.40 
2016/10/26 13.40 13.50 13.35 13.50 
2016/10/27 13.50 13.50 13.35 13.50 
2016/10/28 13.55 13.70 13.50 13.60 
2016/10/31 13.35 13.55 13.30 13.45 
2016/11/01 13.45 13.45 13.35 13.45 
2016/11/02 13.45 13.50 13.10 13.20 
2016/11/03 13.15 13.30 13.15 13.20 
2016/11/04 13.20 13.25 13.15 13.20 
2016/11/07 13.20 13.20 13.05 13.15 
2016/11/08 13.15 13.20 13.05 13.15 
2016/11/09 13.15 13.15 12.60 12.80 
2016/11/10 13.00 13.15 12.95 13.00 
2016/11/11 13.00 13.00 12.80 12.80 
2016/11/14 12.80 12.85 12.70 12.75 
2016/11/15 12.75 13.00 12.50 12.50 
2016/11/16 12.55 12.80 12.55 12.65 
2016/11/17 12.65 12.75 12.40 12.70 
2016/11/18 12.70 12.85 12.70 12.75 
2016/11/21 12.80 12.80 12.60 12.60 
2016/11/22 12.60 12.80 12.50 12.70 
2016/11/23 12.70 12.80 12.70 12.70 
2016/11/24 12.70 12.85 12.65 12.70 
2016/11/25 13.10 13.10 12.65 12.70 
2016/11/28 12.70 12.75 12.60 12.65 
2016/11/29 12.65 12.65 12.50 12.50 
2016/11/30 12.50 12.55 12.45 12.55 
2016/12/01 12.55 12.70 12.55 12.60 
2016/12/02 12.65 12.80 12.60 12.60 
2016/12/05 12.60 12.70 12.55 12.70 
2016/12/06 12.70 12.75 12.65 12.70 
2016/12/07 12.70 12.70 12.60 12.60 
2016/12/08 12.60 12.70 12.50 12.50 
2016/12/09 12.55 12.55 12.40 12.45 
2016/12/12 12.55 12.70 12.55 12.55 
2016/12/13 12.55 12.70 12.50 12.60 
2016/12/14 12.60 13.80 12.60 13.80 
2016/12/15 13.90 15.05 13.90 14.70 
2016/12/16 14.60 14.80 14.35 14.65 
2016/12/19 14.65 14.65 14.10 14.25 
2016/12/20 14.25 14.50 14.10 14.30 
2016/12/21 14.60 14.60 13.80 13.85 
2016/12/22 13.65 13.90 13.65 13.90 
2016/12/23 14.00 14.20 14.00 14.00 
2016/12/26 14.25 14.30 13.90 13.90 
2016/12/27 14.20 14.20 13.90 13.90 
2016/12/28 13.85 14.00 13.75 14.00 
2016/12/29 14.00 14.00 13.80 13.80 
2016/12/30 13.80 14.00 13.40 13.65 
2017/01/03 13.50 13.65 13.40 13.50 
2017/01/04 13.45 13.60 13.40 13.45 
2017/01/05 13.50 13.60 13.45 13.60 
2017/01/06 13.50 13.60 13.50 13.55 
2017/01/09 13.60 13.60 13.40 13.40 
2017/01/10 13.40 13.45 13.35 13.35 
2017/01/11 13.35 13.35 13.30 13.35 
2017/01/12 13.35 13.50 13.35 13.50 
2017/01/13 13.30 13.50 13.30 13.50 
2017/01/16 13.35 13.50 13.30 13.50 
2017/01/17 13.30 13.30 13.30 13.30 
2017/01/18 13.30 13.55 13.30 13.55 
2017/01/19 13.45 13.50 13.40 13.50 
2017/01/20 13.50 13.55 13.50 13.50 
2017/01/23 13.50 13.90 13.50 13.80 
2017/01/24 13.80 13.90 13.65 13.90 
2017/02/02 13.90 13.90 13.45 13.60 
2017/02/03 13.50 13.60 13.45 13.45 
2017/02/06 13.40 13.60 13.30 13.35 
2017/02/07 13.35 13.35 13.20 13.20 
2017/02/08 13.30 13.30 13.20 13.20 
