2016/07/01 14.80 15.40 14.80 15.10 
2016/07/04 14.85 15.05 14.20 14.35 
2016/07/05 14.20 14.45 14.05 14.45 
2016/07/06 14.15 14.25 14.00 14.10 
2016/07/07 14.10 14.25 14.05 14.05 
2016/07/11 14.05 14.20 13.70 13.70 
2016/07/12 13.70 13.95 13.65 13.90 
2016/07/13 13.95 13.95 13.65 13.70 
2016/07/14 13.70 13.75 13.65 13.70 
2016/07/15 13.70 14.35 13.70 13.95 
2016/07/18 13.80 14.05 13.80 13.95 
2016/07/19 13.95 13.95 13.70 13.85 
2016/07/20 13.85 13.85 13.65 13.70 
2016/07/21 13.70 13.85 13.65 13.65 
2016/07/22 13.60 13.75 13.50 13.50 
2016/07/25 13.50 13.50 13.15 13.20 
2016/07/26 13.10 13.40 13.05 13.40 
2016/07/27 13.40 13.85 13.40 13.65 
2016/07/28 13.55 13.90 13.55 13.70 
2016/07/29 13.75 13.80 13.45 13.55 
2016/08/01 13.75 13.75 13.40 13.55 
2016/08/02 13.55 13.60 13.35 13.40 
2016/08/03 13.45 13.50 13.40 13.50 
2016/08/04 13.50 13.60 13.40 13.45 
2016/08/05 13.50 13.75 13.45 13.45 
2016/08/08 13.55 13.60 13.35 13.45 
2016/08/09 13.50 13.55 13.40 13.45 
2016/08/10 13.55 13.55 13.35 13.35 
2016/08/11 13.45 13.45 13.10 13.10 
2016/08/12 13.30 13.30 13.00 13.10 
2016/08/15 13.10 13.20 13.10 13.15 
2016/08/16 13.10 13.30 13.10 13.15 
2016/08/17 13.10 13.25 13.00 13.10 
2016/08/18 13.15 13.15 12.85 12.85 
2016/08/19 12.85 13.20 12.75 12.95 
2016/08/22 12.85 12.95 12.75 12.80 
2016/08/23 12.80 12.90 12.70 12.80 
2016/08/24 12.80 13.00 12.80 12.80 
2016/08/25 12.95 12.95 12.75 12.80 
2016/08/26 12.70 12.90 12.70 12.80 
2016/08/29 12.90 12.90 12.80 12.90 
2016/08/30 12.95 13.10 12.95 13.00 
2016/08/31 12.95 12.95 12.85 12.85 
2016/09/01 12.90 12.95 12.80 12.85 
2016/09/02 12.90 12.90 12.75 12.80 
2016/09/05 12.85 12.90 12.75 12.90 
2016/09/06 12.85 12.90 12.80 12.80 
2016/09/07 12.85 12.90 12.75 12.85 
2016/09/08 12.85 12.90 12.80 12.85 
2016/09/09 12.90 12.95 12.80 12.85 
2016/09/10 13.10 13.45 13.00 13.10 
2016/09/12 13.25 13.35 13.10 13.15 
2016/09/13 13.25 13.25 12.90 13.00 
2016/09/14 12.95 13.00 12.80 12.90 
2016/09/19 12.90 12.90 12.70 12.75 
2016/09/20 12.75 13.00 12.75 13.00 
2016/09/21 13.00 13.10 12.95 13.00 
2016/09/22 13.05 13.50 13.00 13.40 
2016/09/23 13.65 13.65 13.30 13.40 
2016/09/26 13.40 13.40 13.20 13.30 
2016/09/29 13.45 13.50 13.25 13.25 
2016/09/30 13.25 13.30 13.15 13.25 
2016/10/03 13.30 13.30 13.15 13.25 
2016/10/04 13.25 13.75 13.25 13.45 
2016/10/05 13.45 13.45 13.25 13.30 
2016/10/06 13.35 13.35 13.25 13.25 
2016/10/07 13.40 13.40 13.10 13.15 
2016/10/11 13.20 13.25 12.70 12.80 
2016/10/12 12.65 12.85 12.65 12.80 
2016/10/13 12.80 12.85 12.75 12.80 
2016/10/14 12.85 12.90 12.70 12.75 
2016/10/17 12.85 12.90 12.80 12.80 
2016/10/18 12.85 13.50 12.85 13.00 
2016/10/19 13.05 13.15 12.95 13.15 
2016/10/20 13.10 13.15 12.95 12.95 
2016/10/21 13.00 13.05 12.85 12.85 
2016/10/24 12.95 13.00 12.80 12.85 
2016/10/25 12.90 12.90 12.70 12.80 
2016/10/26 12.90 12.90 12.75 12.80 
2016/10/27 12.80 12.90 12.65 12.75 
2016/10/28 12.85 12.85 12.70 12.70 
2016/10/31 12.70 12.75 12.65 12.70 
2016/11/01 12.75 12.75 12.65 12.70 
2016/11/02 12.70 12.70 12.40 12.50 
2016/11/03 12.40 12.45 12.00 12.10 
2016/11/04 12.10 12.15 11.95 12.10 
2016/11/07 12.15 12.20 12.05 12.10 
2016/11/08 12.20 12.20 11.95 12.05 
2016/11/09 12.20 12.20 11.00 11.40 
2016/11/10 11.70 11.75 11.55 11.60 
2016/11/11 11.60 11.60 10.90 11.05 
2016/11/14 10.70 11.10 10.70 10.90 
2016/11/15 11.00 11.30 11.00 11.15 
2016/11/16 11.25 11.35 11.10 11.10 
2016/11/17 11.25 11.25 11.00 11.10 
2016/11/18 11.10 11.20 10.80 11.10 
2016/11/21 11.25 11.25 11.10 11.20 
2016/11/22 11.25 11.30 11.15 11.25 
2016/11/23 11.30 11.30 11.00 11.10 
2016/11/24 11.00 11.10 10.90 11.00 
2016/11/25 11.05 11.05 10.85 11.00 
2016/11/28 11.05 12.10 11.05 11.70 
2016/11/29 11.50 11.60 11.40 11.40 
2016/11/30 11.50 11.65 11.30 11.40 
2016/12/01 11.50 11.55 11.30 11.30 
2016/12/02 11.35 11.50 11.25 11.40 
2016/12/05 11.50 11.50 11.25 11.35 
2016/12/06 11.40 11.45 11.30 11.35 
2016/12/07 11.35 11.35 11.15 11.30 
2016/12/08 11.35 11.35 11.10 11.15 
2016/12/09 11.15 11.35 11.15 11.30 
2016/12/12 11.30 11.35 11.00 11.05 
2016/12/13 11.10 11.10 10.95 11.00 
2016/12/14 11.05 11.25 10.95 11.00 
2016/12/15 11.00 11.05 10.90 11.00 
2016/12/16 11.00 11.05 10.95 11.00 
2016/12/19 11.00 11.05 10.85 10.85 
2016/12/20 10.85 11.00 10.70 10.85 
2016/12/21 10.85 10.90 10.75 10.80 
2016/12/22 10.85 10.85 10.75 10.80 
2016/12/23 10.80 10.80 10.65 10.65 
2016/12/26 10.65 10.75 10.55 10.60 
2016/12/27 10.75 10.80 10.40 10.50 
2016/12/28 10.50 10.60 10.25 10.35 
2016/12/29 10.35 10.35 10.15 10.25 
2016/12/30 10.35 10.45 10.25 10.30 
2017/01/03 10.35 10.40 10.25 10.30 
2017/01/04 10.35 10.35 10.25 10.30 
2017/01/05 10.30 10.40 10.20 10.40 
2017/01/06 10.45 10.55 10.35 10.50 
2017/01/09 10.55 10.80 10.55 10.65 
2017/01/10 10.65 10.70 10.55 10.60 
2017/01/11 10.55 10.55 10.40 10.40 
2017/01/12 10.50 10.50 10.30 10.45 
2017/01/13 10.45 10.45 10.35 10.35 
2017/01/16 10.35 10.50 10.35 10.35 
2017/01/17 10.35 10.45 10.35 10.45 
2017/01/18 10.50 10.85 10.50 10.65 
2017/01/19 10.60 10.65 10.50 10.50 
2017/01/20 10.60 10.65 10.50 10.60 
2017/01/23 10.65 10.90 10.65 10.70 
2017/01/24 10.75 10.90 10.70 10.70 
2017/02/02 10.75 10.75 10.50 10.55 
2017/02/03 10.55 10.70 10.50 10.60 
2017/02/06 10.60 10.80 10.60 10.80 
2017/02/07 10.80 10.85 10.65 10.75 
2017/02/08 10.80 11.10 10.80 11.00 
