2016/07/01 10.25 10.25 10.00 10.15 
2016/07/04 10.20 10.20 9.96 10.05 
2016/07/05 10.10 10.10 9.92 10.10 
2016/07/06 10.05 10.10 9.97 10.10 
2016/07/07 10.25 10.25 10.10 10.20 
2016/07/11 10.15 10.20 10.05 10.15 
2016/07/12 10.10 10.10 9.98 10.00 
2016/07/13 10.05 10.05 9.99 9.99 
2016/07/14 10.10 10.10 9.91 9.99 
2016/07/15 10.05 10.15 9.98 10.00 
2016/07/18 10.20 10.20 10.00 10.05 
2016/07/19 10.10 10.30 10.00 10.30 
2016/07/20 10.25 10.35 10.00 10.20 
2016/07/21 10.35 10.35 10.20 10.25 
2016/07/22 10.35 10.35 10.10 10.20 
2016/07/25 10.35 10.35 10.15 10.25 
2016/07/26 10.35 10.35 10.10 10.30 
2016/07/27 10.35 10.35 10.00 10.20 
2016/07/28 10.25 10.35 10.15 10.20 
2016/07/29 10.15 10.80 10.10 10.15 
2016/08/01 10.30 10.30 9.28 10.15 
2016/08/02 9.98 9.98 9.88 9.90 
2016/08/03 9.85 9.85 9.71 9.82 
2016/08/04 9.76 9.99 9.66 9.99 
2016/08/05 9.95 9.98 9.88 9.98 
2016/08/08 10.25 10.25 9.91 10.15 
2016/08/09 10.20 10.20 10.00 10.20 
2016/08/10 10.30 10.35 10.05 10.35 
2016/08/11 10.25 10.40 10.25 10.30 
2016/08/12 10.05 10.30 10.00 10.30 
2016/08/15 10.20 10.25 10.00 10.00 
2016/08/16 10.10 10.10 9.92 9.92 
2016/08/17 10.10 10.90 9.94 10.80 
2016/08/18 10.75 10.75 10.35 10.40 
2016/08/19 11.05 11.05 10.20 10.25 
2016/08/22 9.52 9.92 9.52 9.92 
2016/08/23 9.93 9.93 9.70 9.70 
2016/08/24 9.85 9.90 9.80 9.83 
2016/08/25 9.92 9.94 9.75 9.94 
2016/08/26 9.86 9.94 9.75 9.94 
2016/08/29 10.15 10.15 9.83 10.15 
2016/08/30 10.10 10.20 10.00 10.15 
2016/08/31 9.91 10.55 9.91 10.55 
2016/09/01 10.60 10.60 10.30 10.30 
2016/09/02 10.35 10.35 10.05 10.05 
2016/09/05 10.00 10.20 10.00 10.05 
2016/09/06 10.10 10.20 9.72 9.72 
2016/09/07 9.77 9.92 9.75 9.81 
2016/09/08 9.83 9.99 9.83 9.83 
2016/09/09 9.81 9.91 9.81 9.83 
2016/09/10 9.65 9.76 9.65 9.75 
2016/09/12 9.76 9.86 9.56 9.56 
2016/09/13 9.45 9.95 9.45 9.95 
2016/09/14 9.98 9.98 9.74 9.95 
2016/09/19 9.91 10.70 9.91 10.20 
2016/09/20 10.10 10.10 9.88 10.00 
2016/09/21 10.05 11.00 9.87 11.00 
2016/09/22 12.10 12.10 12.10 12.10 
2016/09/23 12.60 13.10 12.10 12.20 
2016/09/26 12.60 12.60 11.25 11.25 
2016/09/29 11.25 11.25 11.10 11.10 
2016/09/30 10.65 10.80 10.65 10.80 
2016/10/03 10.60 10.60 10.40 10.60 
2016/10/04 10.65 10.65 10.50 10.50 
2016/10/05 10.55 10.55 10.30 10.30 
2016/10/06 10.10 10.50 10.05 10.20 
2016/10/07 10.25 10.40 10.15 10.25 
2016/10/11 10.30 10.30 10.10 10.30 
2016/10/12 9.63 10.45 9.63 10.45 
2016/10/13 9.77 11.25 9.77 11.25 
2016/10/14 10.55 10.60 10.15 10.25 
2016/10/17 9.63 10.55 9.63 10.55 
2016/10/18 10.15 10.25 10.15 10.15 
2016/10/19 10.95 10.95 10.40 10.40 
2016/10/20 10.85 10.85 10.00 10.65 
2016/10/21 10.60 10.60 10.10 10.50 
2016/10/24 10.40 10.40 10.20 10.20 
2016/10/25 10.10 10.50 10.10 10.50 
2016/10/26 10.30 10.60 10.15 10.60 
2016/10/27 10.35 10.45 10.10 10.45 
2016/10/28 10.30 10.30 10.10 10.25 
2016/10/31 10.30 10.50 10.20 10.35 
2016/11/01 10.20 10.50 10.10 10.35 
2016/11/02 10.20 10.30 10.10 10.30 
2016/11/03 10.20 10.40 10.05 10.40 
2016/11/04 10.40 10.40 10.15 10.15 
2016/11/07 10.25 10.50 10.10 10.50 
2016/11/08 10.40 10.40 10.15 10.40 
2016/11/09 10.30 10.30 10.00 10.15 
2016/11/10 10.25 10.40 10.25 10.25 
2016/11/11 9.99 10.20 9.99 10.05 
2016/11/14 10.10 10.20 10.10 10.10 
2016/11/15 10.25 10.25 9.61 9.88 
2016/11/16 9.95 9.95 9.62 9.90 
2016/11/17 9.91 9.98 9.90 9.90 
2016/11/18 9.83 9.97 9.83 9.92 
2016/11/21 9.79 9.99 9.79 9.90 
2016/11/22 9.78 10.05 9.78 9.93 
2016/11/23 9.87 9.97 9.87 9.90 
2016/11/24 9.86 9.86 9.71 9.71 
2016/11/25 9.78 9.90 9.78 9.80 
2016/11/28 9.69 9.91 9.69 9.85 
2016/11/29 9.91 9.92 9.90 9.92 
2016/11/30 9.86 9.97 9.82 9.90 
2016/12/01 9.90 10.10 9.90 10.10 
2016/12/02 10.20 10.20 10.15 10.15 
2016/12/05 9.97 10.05 9.57 9.57 
2016/12/06 9.89 9.94 9.81 9.81 
2016/12/07 9.75 9.96 9.75 9.87 
2016/12/08 9.78 10.00 9.78 9.90 
2016/12/09 10.00 10.00 9.80 9.90 
2016/12/12 9.81 10.00 9.81 9.88 
2016/12/13 9.82 10.05 9.82 9.90 
2016/12/14 9.93 9.99 9.85 9.85 
2016/12/15 9.88 9.90 9.70 9.85 
2016/12/16 9.56 9.99 9.56 9.85 
2016/12/19 9.89 9.93 9.75 9.84 
2016/12/20 9.88 10.05 9.88 9.92 
2016/12/21 9.74 9.83 9.51 9.80 
2016/12/22 9.94 9.94 9.72 9.80 
2016/12/23 9.89 9.89 9.69 9.82 
2016/12/26 9.91 9.95 9.80 9.80 
2016/12/27 9.83 9.83 9.73 9.83 
2016/12/28 9.60 9.92 9.60 9.85 
2016/12/29 9.93 9.95 9.81 9.81 
2016/12/30 9.88 9.99 9.88 9.89 
2017/01/03 9.92 9.99 9.91 9.98 
2017/01/04 9.91 10.00 9.89 9.89 
2017/01/05 9.78 9.95 9.78 9.89 
2017/01/06 9.78 9.91 9.70 9.85 
2017/01/09 9.73 9.97 9.73 9.88 
2017/01/10 10.00 10.00 9.82 9.82 
2017/01/11 9.97 9.99 9.85 9.85 
2017/01/12 10.05 10.05 9.80 9.80 
2017/01/13 9.88 9.88 9.69 9.69 
2017/01/16 9.82 9.98 9.74 9.89 
2017/01/17 9.90 10.05 9.84 9.84 
2017/01/18 9.93 9.93 9.78 9.84 
2017/01/19 9.93 9.95 9.72 9.84 
2017/01/20 10.00 10.00 9.78 9.85 
2017/01/23 10.00 10.20 9.73 10.20 
2017/01/24 10.05 10.25 10.00 10.10 
2017/02/02 10.25 10.25 10.05 10.25 
2017/02/03 10.15 10.30 10.15 10.30 
2017/02/06 10.40 10.45 10.20 10.20 
2017/02/07 10.15 10.60 10.10 10.20 
2017/02/08 10.30 10.35 10.25 10.25 
