2016/07/01 12.80 12.80 12.80 12.80 
2016/07/04 12.70 12.75 12.65 12.75 
2016/07/05 13.75 13.75 13.75 13.75 
2016/07/06 14.75 14.75 13.20 13.20 
2016/07/07 14.20 14.20 12.30 13.50 
2016/07/12 12.85 13.15 12.85 13.15 
2016/07/13 13.15 13.15 13.15 13.15 
2016/07/25 12.75 13.00 12.75 13.00 
2016/07/26 13.20 13.20 13.20 13.20 
2016/07/28 12.70 13.05 12.70 13.05 
2016/07/29 13.05 13.05 13.05 13.05 
2016/08/01 12.75 13.05 12.75 13.05 
2016/08/02 13.10 13.10 13.10 13.10 
2016/08/04 12.80 13.25 12.80 13.25 
2016/08/09 12.85 12.85 12.85 12.85 
2016/08/10 13.10 13.10 13.10 13.10 
2016/08/11 13.20 13.25 13.20 13.25 
2016/08/12 13.70 13.70 13.70 13.70 
2016/08/15 13.30 13.80 13.30 13.80 
2016/08/16 13.50 13.50 13.50 13.50 
2016/08/17 13.35 13.90 12.90 13.90 
2016/08/18 13.85 13.85 13.60 13.85 
2016/08/22 12.95 13.65 12.95 13.65 
2016/08/24 13.40 13.60 13.00 13.60 
2016/08/25 13.00 13.45 13.00 13.45 
2016/08/30 13.00 13.35 13.00 13.30 
2016/08/31 13.05 13.25 13.05 13.25 
2016/09/01 13.00 13.35 13.00 13.35 
2016/09/02 13.00 13.20 12.90 13.20 
2016/09/05 12.95 13.15 12.95 13.15 
2016/09/06 12.95 13.00 12.95 13.00 
2016/09/07 13.10 13.20 13.10 13.20 
2016/09/08 13.20 13.25 13.20 13.25 
2016/09/09 13.25 13.25 13.25 13.25 
2016/09/12 12.95 13.25 12.95 13.25 
2016/09/13 13.00 13.25 13.00 13.25 
2016/09/14 13.05 13.25 12.90 13.25 
2016/09/19 13.30 13.30 13.30 13.30 
2016/09/20 13.30 13.35 13.05 13.35 
2016/09/21 13.40 13.80 13.40 13.80 
2016/09/22 13.50 13.75 13.40 13.75 
2016/09/23 13.60 13.60 13.60 13.60 
2016/09/30 13.65 13.65 13.65 13.65 
2016/10/03 13.35 13.35 13.15 13.15 
2016/10/04 13.30 13.45 13.30 13.45 
2016/10/05 13.15 13.35 13.05 13.35 
2016/10/06 13.45 13.55 13.20 13.55 
2016/10/07 13.50 13.85 13.50 13.60 
2016/10/11 13.50 13.75 13.50 13.75 
2016/10/13 13.90 13.90 13.90 13.90 
2016/10/14 13.20 13.50 13.20 13.50 
2016/10/17 13.20 13.50 13.20 13.40 
2016/10/18 13.20 13.35 13.20 13.35 
2016/10/19 13.15 13.40 13.15 13.40 
2016/10/20 13.20 13.40 13.15 13.40 
2016/10/21 13.20 13.50 13.20 13.50 
2016/10/25 13.50 13.55 13.50 13.55 
2016/10/26 13.50 13.80 13.50 13.80 
2016/10/27 13.50 13.75 13.45 13.75 
2016/11/01 13.65 13.65 13.40 13.65 
2016/11/09 13.55 13.80 13.55 13.80 
2016/11/11 13.40 13.55 13.40 13.55 
2016/11/15 13.30 13.75 13.30 13.75 
2016/11/16 13.50 13.50 13.50 13.50 
2016/11/17 13.60 13.75 13.40 13.75 
2016/11/18 13.65 13.80 13.55 13.80 
2016/11/21 13.50 13.60 13.50 13.60 
2016/11/28 13.40 13.80 13.40 13.80 
2016/11/29 13.45 13.80 13.45 13.80 
2016/11/30 13.45 13.65 13.45 13.65 
2016/12/01 13.65 13.75 13.65 13.75 
2016/12/02 13.90 13.90 13.50 13.80 
2016/12/06 13.50 13.75 13.50 13.75 
2016/12/08 13.50 13.65 13.50 13.65 
2016/12/09 13.65 13.80 13.50 13.75 
2016/12/15 13.45 13.60 13.45 13.60 
2016/12/16 13.55 13.65 13.55 13.65 
2016/12/23 13.40 13.55 13.40 13.55 
2016/12/26 13.60 13.60 13.60 13.60 
2016/12/27 13.40 13.60 13.40 13.60 
2017/01/04 13.35 13.50 13.35 13.50 
2017/01/05 13.50 13.60 13.50 13.60 
2017/01/06 13.60 13.60 13.60 13.60 
2017/01/09 13.50 13.70 13.50 13.70 
2017/01/16 14.35 14.35 14.35 14.35 
2017/01/18 14.00 14.00 13.60 13.80 
2017/02/06 13.45 13.80 13.45 13.80 
2017/02/08 13.45 13.55 13.45 13.55 
