2016/07/01 19.40 19.40 19.40 19.40 
2016/07/04 19.00 19.05 19.00 19.00 
2016/07/05 19.85 19.85 19.85 19.85 
2016/07/06 20.40 20.40 19.15 19.50 
2016/07/07 19.25 19.25 18.60 18.60 
2016/07/11 19.90 19.90 19.90 19.90 
2016/07/14 20.25 20.25 20.25 20.25 
2016/07/15 19.75 20.10 19.05 19.70 
2016/07/18 20.30 20.30 19.15 19.15 
2016/07/19 18.50 18.50 18.50 18.50 
2016/07/20 19.15 19.15 19.15 19.15 
2016/07/21 18.65 19.20 18.65 18.75 
2016/07/26 18.80 18.80 18.75 18.75 
2016/07/27 19.00 19.05 19.00 19.00 
2016/07/28 18.70 18.70 18.70 18.70 
2016/07/29 19.45 19.45 19.45 19.45 
2016/08/01 19.50 19.50 19.50 19.50 
2016/08/02 19.50 19.50 19.50 19.50 
2016/08/03 19.50 19.50 19.50 19.50 
2016/08/04 19.50 19.50 19.20 19.20 
2016/08/05 19.40 19.40 19.40 19.40 
2016/08/09 19.50 19.50 19.50 19.50 
2016/08/11 19.50 19.50 19.50 19.50 
2016/08/12 19.70 19.70 19.70 19.70 
2016/08/15 19.70 20.10 18.95 20.10 
2016/08/17 19.75 22.00 19.75 22.00 
2016/08/18 20.00 20.80 20.00 20.10 
2016/08/19 20.25 20.25 19.55 20.20 
2016/08/22 18.70 19.65 18.70 19.05 
2016/08/23 19.00 19.15 18.80 19.15 
2016/08/24 19.05 19.05 18.90 18.90 
2016/08/25 18.55 18.70 18.55 18.70 
2016/08/26 18.60 18.60 18.60 18.60 
2016/08/29 18.60 18.80 18.55 18.60 
2016/08/30 18.30 18.30 18.30 18.30 
2016/08/31 18.60 18.60 18.60 18.60 
2016/09/02 18.65 18.70 18.65 18.70 
2016/09/05 18.25 18.25 18.25 18.25 
2016/09/06 19.25 19.25 19.25 19.25 
2016/09/07 19.35 19.35 18.55 18.80 
2016/09/08 18.70 18.70 18.70 18.70 
2016/09/09 18.30 18.30 18.30 18.30 
2016/09/12 19.00 19.00 18.45 18.50 
2016/09/13 18.40 18.40 18.40 18.40 
2016/09/14 18.60 18.60 18.50 18.50 
2016/09/19 18.50 18.60 18.50 18.60 
2016/09/20 18.70 18.70 18.70 18.70 
2016/09/21 18.70 20.55 18.70 20.40 
2016/09/22 21.40 21.50 19.50 19.50 
2016/09/23 19.60 19.70 19.60 19.65 
2016/09/29 19.60 19.60 18.70 18.75 
2016/09/30 18.45 18.70 18.45 18.70 
2016/10/03 18.55 18.75 18.55 18.75 
2016/10/04 18.65 18.70 18.50 18.50 
2016/10/05 18.60 18.60 18.60 18.60 
2016/10/06 18.60 18.75 18.60 18.65 
2016/10/07 18.60 18.60 18.50 18.55 
2016/10/11 18.10 18.50 18.00 18.50 
2016/10/12 18.50 18.50 18.15 18.20 
2016/10/13 18.65 18.65 18.25 18.60 
2016/10/14 18.60 18.60 18.60 18.60 
2016/10/17 18.10 18.70 18.10 18.55 
2016/10/18 18.75 18.80 18.75 18.75 
2016/10/19 18.50 18.70 18.50 18.60 
2016/10/20 18.60 18.60 18.60 18.60 
2016/10/21 19.70 19.70 18.45 19.15 
2016/10/24 18.55 18.90 18.55 18.90 
2016/10/26 18.90 18.90 18.90 18.90 
2016/10/28 19.65 19.65 19.65 19.65 
2016/10/31 19.00 19.00 19.00 19.00 
2016/11/01 19.05 19.05 19.00 19.00 
2016/11/03 19.10 19.10 19.10 19.10 
2016/11/04 19.10 19.10 19.10 19.10 
2016/11/07 19.00 19.10 19.00 19.10 
2016/11/10 19.30 19.30 19.30 19.30 
2016/11/15 19.20 19.20 18.10 18.40 
2016/11/16 18.50 18.80 18.40 18.40 
2016/11/17 18.40 18.40 18.15 18.15 
2016/11/18 18.35 18.45 18.35 18.45 
2016/11/22 18.50 18.50 18.05 18.30 
2016/11/23 18.30 18.30 18.30 18.30 
2016/11/25 19.00 19.10 19.00 19.10 
2016/11/28 19.20 19.20 19.20 19.20 
2016/11/30 19.20 19.20 19.20 19.20 
2016/12/01 19.00 19.25 19.00 19.20 
2016/12/02 19.20 19.45 19.20 19.20 
2016/12/06 19.40 19.40 19.40 19.40 
2016/12/07 19.40 19.40 19.40 19.40 
2016/12/08 19.90 19.90 19.90 19.90 
2016/12/09 19.70 19.90 19.70 19.90 
2016/12/12 19.50 19.50 19.45 19.45 
2016/12/14 19.40 19.45 19.40 19.45 
2016/12/16 19.30 19.30 18.50 18.50 
2016/12/19 19.65 19.65 19.65 19.65 
2016/12/23 19.00 19.00 19.00 19.00 
2016/12/26 19.00 19.00 19.00 19.00 
2017/01/03 19.10 19.10 19.10 19.10 
2017/01/04 19.10 19.10 19.10 19.10 
2017/01/05 19.55 19.55 19.55 19.55 
2017/01/10 19.60 19.60 19.60 19.60 
2017/01/12 19.65 19.65 19.65 19.65 
2017/01/18 19.60 19.70 19.20 19.50 
2017/01/19 18.60 18.60 18.60 18.60 
2017/01/20 18.80 18.80 18.80 18.80 
2017/01/23 18.90 18.90 18.90 18.90 
2017/02/02 20.00 20.00 20.00 20.00 
2017/02/03 20.20 20.20 20.20 20.20 
2017/02/06 20.25 20.25 20.20 20.20 
2017/02/07 19.80 19.80 19.50 19.50 
2017/02/08 19.60 19.60 19.00 19.00 
