2016/07/01 5.83 5.86 5.78 5.85 
2016/07/04 5.76 5.87 5.75 5.83 
2016/07/05 5.83 5.92 5.78 5.78 
2016/07/06 5.76 5.83 5.61 5.62 
2016/07/07 5.65 5.67 5.57 5.62 
2016/07/11 5.63 5.67 5.51 5.51 
2016/07/12 5.45 5.55 5.45 5.50 
2016/07/13 5.52 5.68 5.42 5.60 
2016/07/14 5.60 5.64 5.50 5.50 
2016/07/15 5.55 5.80 5.55 5.55 
2016/07/18 5.63 5.83 5.63 5.77 
2016/07/19 5.76 5.80 5.69 5.77 
2016/07/20 5.78 5.88 5.77 5.81 
2016/07/21 5.84 5.88 5.82 5.86 
2016/07/22 5.86 5.88 5.81 5.87 
2016/07/25 5.72 5.90 5.72 5.87 
2016/07/26 5.83 5.90 5.72 5.75 
2016/07/27 5.79 5.79 5.69 5.74 
2016/07/28 5.71 5.83 5.70 5.70 
2016/07/29 5.71 5.71 5.58 5.65 
2016/08/01 5.68 5.73 5.50 5.58 
2016/08/02 5.58 5.68 5.54 5.68 
2016/08/03 5.62 5.78 5.62 5.71 
2016/08/04 5.76 5.85 5.71 5.78 
2016/08/05 5.75 5.78 5.72 5.72 
2016/08/08 5.82 5.82 5.72 5.78 
2016/08/09 5.78 5.84 5.69 5.80 
2016/08/10 5.85 5.85 5.61 5.74 
2016/08/11 5.56 5.74 5.56 5.65 
2016/08/12 5.69 5.78 5.51 5.60 
2016/08/15 5.53 5.62 5.51 5.59 
2016/08/16 5.59 5.59 5.49 5.49 
2016/08/17 5.47 5.54 5.42 5.54 
2016/08/18 5.49 5.56 5.45 5.54 
2016/08/19 5.54 5.55 5.30 5.43 
2016/08/22 5.43 5.43 5.33 5.37 
2016/08/23 5.37 5.39 5.33 5.37 
2016/08/24 5.35 5.45 5.33 5.34 
2016/08/25 5.37 5.79 5.37 5.77 
2016/08/26 5.83 5.83 5.60 5.62 
2016/08/29 5.60 5.67 5.46 5.46 
2016/08/30 5.50 5.57 5.42 5.48 
2016/08/31 5.52 5.52 5.33 5.35 
2016/09/01 5.25 5.40 5.25 5.28 
2016/09/02 5.28 5.33 5.15 5.16 
2016/09/05 5.20 5.35 5.16 5.27 
2016/09/06 5.29 5.32 5.23 5.26 
2016/09/07 5.30 5.34 5.27 5.29 
2016/09/08 5.29 5.34 5.26 5.32 
2016/09/09 5.30 5.33 5.15 5.27 
2016/09/10 5.24 5.25 5.17 5.25 
2016/09/12 5.30 5.32 5.22 5.22 
2016/09/13 5.29 5.32 5.19 5.25 
2016/09/14 5.27 5.28 5.15 5.28 
2016/09/19 5.30 5.35 5.15 5.15 
2016/09/20 5.20 5.24 5.10 5.19 
2016/09/21 5.16 5.26 5.16 5.24 
2016/09/22 5.31 5.33 5.24 5.25 
2016/09/23 5.25 5.29 5.18 5.24 
2016/09/26 5.20 5.25 5.15 5.25 
2016/09/29 5.28 5.32 5.26 5.28 
2016/09/30 5.38 5.38 5.25 5.30 
2016/10/03 5.30 5.35 5.28 5.30 
2016/10/04 5.34 5.36 5.30 5.35 
2016/10/05 5.36 5.43 5.35 5.38 
2016/10/06 5.43 5.55 5.40 5.54 
2016/10/07 5.56 5.58 5.42 5.42 
2016/10/11 5.45 5.53 5.40 5.42 
2016/10/12 5.33 5.45 5.33 5.44 
2016/10/13 5.38 5.38 5.26 5.26 
2016/10/14 5.29 5.31 5.17 5.17 
2016/10/17 5.24 5.32 5.17 5.27 
2016/10/18 5.18 5.30 5.18 5.27 
2016/10/19 5.27 5.36 5.20 5.24 
2016/10/20 5.29 5.29 5.17 5.23 
2016/10/21 5.18 5.28 5.18 5.24 
2016/10/24 5.29 5.34 5.25 5.26 
2016/10/25 5.27 5.31 5.24 5.27 
2016/10/26 5.30 5.30 5.04 5.04 
2016/10/27 5.13 5.28 5.11 5.20 
2016/10/28 5.26 5.30 5.18 5.19 
2016/10/31 5.19 5.19 5.06 5.18 
2016/11/01 5.11 5.18 5.04 5.13 
2016/11/02 5.07 5.12 4.90 4.99 
2016/11/03 4.97 4.97 4.80 4.89 
2016/11/04 4.85 4.85 4.75 4.82 
2016/11/07 4.71 4.97 4.71 4.97 
2016/11/08 4.91 4.92 4.79 4.88 
2016/11/09 4.84 4.90 4.56 4.74 
2016/11/10 4.87 4.87 4.72 4.79 
2016/11/11 4.71 4.71 4.36 4.52 
2016/11/14 4.50 4.60 4.36 4.54 
2016/11/15 4.54 4.57 4.48 4.55 
2016/11/16 4.60 4.66 4.50 4.51 
2016/11/17 4.51 4.56 4.46 4.51 
2016/11/18 4.52 4.52 4.45 4.51 
2016/11/21 4.49 4.54 4.49 4.54 
2016/11/22 4.51 4.51 4.25 4.34 
2016/11/23 4.17 4.33 4.17 4.20 
2016/11/24 4.22 4.34 4.20 4.29 
2016/11/25 4.23 4.25 4.19 4.19 
2016/11/28 4.29 4.29 4.08 4.09 
2016/11/29 4.09 4.16 4.06 4.06 
2016/11/30 4.10 4.15 4.06 4.14 
2016/12/01 4.13 4.29 4.10 4.25 
2016/12/02 4.20 4.34 4.20 4.29 
2016/12/05 4.34 4.39 4.28 4.32 
2016/12/06 4.32 4.38 4.26 4.33 
2016/12/07 4.34 4.34 4.24 4.28 
2016/12/08 4.35 4.35 4.14 4.29 
2016/12/09 4.20 4.28 4.20 4.25 
2016/12/12 4.18 4.23 4.16 4.22 
2016/12/13 4.20 4.47 4.20 4.43 
2016/12/14 4.45 4.72 4.45 4.64 
2016/12/15 4.63 4.75 4.52 4.63 
2016/12/16 4.74 4.74 4.60 4.65 
2016/12/19 4.69 4.70 4.45 4.65 
2016/12/20 4.75 4.78 4.55 4.56 
2016/12/21 4.52 4.67 4.52 4.60 
2016/12/22 4.64 4.65 4.54 4.54 
2016/12/23 4.54 4.58 4.48 4.48 
2016/12/26 4.58 4.58 4.32 4.48 
2016/12/27 4.47 4.47 4.35 4.46 
2016/12/28 4.46 4.52 4.40 4.45 
2016/12/29 4.45 4.49 4.39 4.39 
2016/12/30 4.40 4.58 4.40 4.46 
2017/01/03 4.53 4.57 4.41 4.48 
2017/01/04 4.46 4.63 4.41 4.50 
2017/01/05 4.50 4.58 4.44 4.58 
2017/01/06 4.58 4.70 4.58 4.62 
2017/01/09 4.65 4.78 4.57 4.72 
2017/01/10 4.85 4.85 4.65 4.75 
2017/01/11 4.70 4.75 4.62 4.67 
2017/01/12 4.62 4.71 4.61 4.66 
2017/01/13 4.70 4.70 4.59 4.65 
2017/01/16 4.67 4.69 4.60 4.64 
2017/01/17 4.83 4.84 4.65 4.71 
2017/01/18 4.65 4.83 4.65 4.76 
2017/01/19 4.75 4.84 4.68 4.71 
2017/01/20 4.71 4.78 4.64 4.71 
2017/01/23 4.66 4.75 4.66 4.70 
2017/01/24 4.65 4.74 4.64 4.72 
2017/02/02 4.69 4.80 4.68 4.70 
2017/02/03 4.78 4.80 4.71 4.79 
2017/02/06 4.85 5.19 4.85 5.14 
2017/02/07 5.37 5.37 5.16 5.23 
2017/02/08 5.30 5.32 5.08 5.16 
