2016/07/01 9.32 9.44 9.32 9.32 
2016/07/04 9.32 9.32 9.32 9.32 
2016/07/05 9.12 9.37 9.12 9.12 
2016/07/06 9.45 9.45 9.20 9.20 
2016/07/07 9.20 9.20 9.20 9.20 
2016/07/11 9.21 9.41 9.21 9.23 
2016/07/12 9.30 9.36 9.25 9.25 
2016/07/13 9.27 9.41 9.12 9.30 
2016/07/14 9.37 9.56 9.37 9.55 
2016/07/15 9.77 10.50 9.77 10.50 
2016/07/18 11.55 11.55 11.00 11.55 
2016/07/19 12.00 12.70 11.60 12.70 
2016/07/20 13.90 13.90 12.90 13.65 
2016/07/21 13.70 13.70 12.55 13.20 
2016/07/22 13.40 13.40 12.55 12.70 
2016/07/25 12.35 13.25 12.35 13.25 
2016/07/26 13.40 13.40 12.80 13.00 
2016/07/27 12.85 13.00 12.60 12.85 
2016/07/28 12.85 12.90 12.65 12.90 
2016/07/29 12.90 12.90 12.80 12.90 
2016/08/01 12.80 12.80 12.75 12.75 
2016/08/02 12.80 13.20 12.80 13.15 
2016/08/03 13.10 14.45 13.10 14.45 
2016/08/04 14.45 15.85 14.45 15.85 
2016/08/05 15.20 15.80 15.00 15.50 
2016/08/08 15.40 17.05 15.40 17.05 
2016/08/09 17.90 18.75 17.50 18.75 
2016/08/10 18.90 19.25 16.90 16.90 
2016/08/11 15.25 15.95 15.25 15.25 
2016/08/12 15.25 15.60 14.70 14.70 
2016/08/15 14.75 16.15 14.75 16.00 
2016/08/16 15.60 15.90 14.80 15.00 
2016/08/17 15.00 15.35 14.75 14.80 
2016/08/18 15.00 15.35 14.90 15.20 
2016/08/19 15.30 15.30 14.90 15.00 
2016/08/22 15.10 15.25 14.90 15.00 
2016/08/23 13.75 14.90 13.75 14.55 
2016/08/24 14.00 14.40 14.00 14.10 
2016/08/25 14.45 15.20 14.30 14.50 
2016/08/26 14.70 14.90 14.40 14.40 
2016/08/29 14.50 14.70 14.20 14.20 
2016/08/30 14.20 15.10 14.20 14.40 
2016/08/31 14.60 14.60 14.25 14.25 
2016/09/01 14.25 14.75 14.25 14.60 
2016/09/02 14.60 14.70 14.45 14.55 
2016/09/05 14.55 14.90 14.55 14.55 
2016/09/06 14.20 14.35 13.90 14.10 
2016/09/07 14.45 14.45 14.10 14.20 
2016/09/08 14.10 14.25 14.00 14.00 
2016/09/09 14.00 14.25 13.80 14.15 
2016/09/10 13.95 13.95 13.60 13.95 
2016/09/12 13.95 14.15 13.65 13.70 
2016/09/13 13.70 13.70 13.20 13.30 
2016/09/14 13.60 13.60 13.10 13.15 
2016/09/19 13.35 13.40 13.20 13.25 
2016/09/20 13.25 13.25 12.70 12.85 
2016/09/21 13.00 13.20 12.80 13.10 
2016/09/22 13.15 13.15 12.80 12.80 
2016/09/23 13.00 14.05 13.00 14.05 
2016/09/26 14.70 15.45 14.40 15.30 
2016/09/29 15.35 15.35 14.70 14.80 
2016/09/30 15.00 15.00 13.90 14.50 
2016/10/03 14.05 14.30 13.95 14.25 
2016/10/04 14.05 14.50 14.05 14.30 
2016/10/05 14.40 14.40 14.05 14.05 
2016/10/06 14.10 14.30 14.05 14.10 
2016/10/07 14.00 14.90 13.80 14.45 
2016/10/11 14.45 14.45 13.20 13.55 
2016/10/12 13.60 14.20 13.60 13.85 
2016/10/13 13.85 13.85 13.50 13.60 
2016/10/14 13.60 13.60 13.20 13.25 
2016/10/17 13.25 13.30 13.05 13.30 
2016/10/18 13.30 13.50 13.20 13.30 
2016/10/19 13.45 13.80 13.40 13.55 
2016/10/20 13.70 13.70 13.30 13.45 
2016/10/21 13.70 13.70 13.45 13.50 
2016/10/24 13.50 13.70 13.30 13.70 
2016/10/25 13.60 13.60 13.35 13.40 
2016/10/26 13.30 13.50 13.30 13.50 
2016/10/27 13.40 13.50 13.30 13.35 
2016/10/28 13.30 13.40 13.25 13.30 
2016/10/31 13.00 13.20 12.70 12.85 
2016/11/01 12.85 12.95 12.75 12.75 
2016/11/02 12.95 13.00 12.50 12.65 
2016/11/03 12.75 12.80 12.15 12.35 
2016/11/04 12.35 12.45 12.00 12.10 
2016/11/07 12.20 12.20 11.65 11.90 
2016/11/08 12.05 13.05 12.05 13.05 
2016/11/09 12.80 13.90 12.50 13.40 
2016/11/10 13.70 14.40 13.30 13.90 
2016/11/11 13.90 13.90 13.00 13.15 
2016/11/14 12.60 13.10 12.60 12.90 
2016/11/15 12.75 13.20 12.75 12.90 
2016/11/16 12.90 12.95 12.85 12.90 
2016/11/17 12.95 12.95 12.60 12.65 
2016/11/18 12.70 13.45 12.65 12.75 
2016/11/21 12.95 13.05 12.65 12.65 
2016/11/22 12.65 13.05 12.65 12.70 
2016/11/23 12.85 12.95 12.75 12.75 
2016/11/24 12.90 12.90 12.75 12.75 
2016/11/25 12.80 13.00 12.80 12.80 
2016/11/28 13.15 13.30 12.85 13.30 
2016/11/29 13.50 13.50 13.00 13.30 
2016/11/30 13.05 13.20 12.80 12.85 
2016/12/01 12.95 13.20 12.85 12.90 
2016/12/02 13.00 13.15 12.90 12.90 
2016/12/05 13.00 13.00 12.80 12.90 
2016/12/06 13.05 13.05 12.90 12.95 
2016/12/07 12.90 12.90 12.80 12.80 
2016/12/08 12.85 13.00 12.85 12.90 
2016/12/09 13.10 13.10 12.85 12.90 
2016/12/12 12.90 13.05 12.85 12.85 
2016/12/13 12.90 12.90 12.50 12.85 
2016/12/14 12.85 12.85 12.70 12.85 
2016/12/15 12.70 12.85 12.65 12.75 
2016/12/16 12.70 12.80 12.50 12.60 
2016/12/19 12.30 12.65 12.20 12.35 
2016/12/20 12.45 12.45 12.35 12.45 
2016/12/21 12.30 12.50 12.15 12.20 
2016/12/22 12.20 12.30 12.15 12.15 
2016/12/23 12.20 13.00 12.10 12.30 
2016/12/26 12.20 12.30 12.10 12.15 
2016/12/27 12.10 12.20 11.85 11.90 
2016/12/28 11.75 12.25 11.75 11.90 
2016/12/29 11.85 12.05 11.85 11.85 
2016/12/30 11.80 12.00 11.75 11.90 
2017/01/03 11.60 11.90 11.60 11.80 
2017/01/04 11.80 11.90 11.60 11.80 
2017/01/05 11.80 12.55 11.80 11.95 
2017/01/06 11.90 11.95 11.80 11.80 
2017/01/09 12.20 12.20 11.70 11.70 
2017/01/10 11.65 11.80 11.50 11.65 
2017/01/11 11.55 11.80 11.55 11.60 
2017/01/12 11.70 11.70 11.55 11.65 
2017/01/13 11.50 11.65 11.50 11.55 
2017/01/16 11.55 11.80 11.50 11.50 
2017/01/17 11.40 11.40 11.10 11.40 
2017/01/18 11.15 12.10 11.15 12.00 
2017/01/19 12.00 12.00 11.60 11.80 
2017/01/20 11.80 11.80 11.25 11.60 
2017/01/23 11.50 11.50 11.20 11.35 
2017/01/24 11.25 11.25 10.90 10.90 
2017/02/02 10.95 11.00 10.50 10.70 
2017/02/03 10.70 10.75 10.40 10.60 
2017/02/06 10.70 10.85 10.45 10.80 
2017/02/07 10.80 10.80 10.60 10.65 
2017/02/08 10.80 11.70 10.70 11.70 
