2016/07/01 8.55 8.59 8.30 8.40 
2016/07/04 8.21 8.30 8.21 8.26 
2016/07/05 8.10 8.36 8.10 8.36 
2016/07/06 8.12 8.25 8.10 8.25 
2016/07/07 8.77 8.77 8.21 8.26 
2016/07/11 8.05 8.28 8.05 8.28 
2016/07/12 8.05 8.10 8.05 8.07 
2016/07/13 8.01 8.13 8.01 8.13 
2016/07/14 8.44 8.44 8.03 8.29 
2016/07/15 8.10 8.25 8.05 8.20 
2016/07/18 8.19 8.20 8.19 8.20 
2016/07/19 8.27 8.35 8.27 8.30 
2016/07/20 8.30 8.57 8.26 8.46 
2016/07/21 8.40 8.49 8.13 8.42 
2016/07/22 8.39 8.72 8.33 8.72 
2016/07/25 8.86 9.59 8.65 9.59 
2016/07/26 9.59 9.79 9.30 9.79 
2016/07/27 9.79 10.75 9.68 10.75 
2016/07/28 11.55 11.80 10.75 11.75 
2016/07/29 12.20 12.20 11.10 11.30 
2016/08/01 11.20 11.35 11.15 11.30 
2016/08/02 11.35 12.40 11.35 12.40 
2016/08/03 12.40 12.40 11.95 12.15 
2016/08/04 11.85 12.30 11.85 12.30 
2016/08/05 12.30 13.50 12.30 13.20 
2016/08/08 13.10 13.10 12.00 12.00 
2016/08/09 12.30 12.30 11.95 12.20 
2016/08/10 12.20 12.20 11.95 12.00 
2016/08/11 11.90 12.25 11.90 12.25 
2016/08/12 11.95 12.10 11.90 12.05 
2016/08/15 11.50 12.40 11.50 12.30 
2016/08/16 12.45 12.45 12.35 12.40 
2016/08/17 11.95 12.20 11.95 12.20 
2016/08/18 12.10 12.10 11.90 11.90 
2016/08/19 11.90 12.10 11.85 12.10 
2016/08/22 12.00 12.00 11.20 11.20 
2016/08/23 11.30 12.30 11.25 12.30 
2016/08/24 12.30 13.50 12.00 13.50 
2016/08/25 13.60 13.65 12.30 12.70 
2016/08/26 12.30 12.30 11.45 11.55 
2016/08/29 11.30 11.30 10.40 10.50 
2016/08/30 10.40 10.50 9.88 10.10 
2016/08/31 10.30 10.50 10.10 10.40 
2016/09/01 10.20 10.45 10.00 10.45 
2016/09/02 10.00 10.15 10.00 10.00 
2016/09/05 9.91 9.98 9.70 9.85 
2016/09/06 9.85 9.99 9.85 9.97 
2016/09/07 10.00 10.00 9.53 9.90 
2016/09/08 9.83 10.10 9.83 10.10 
2016/09/09 10.00 10.10 9.93 10.10 
2016/09/10 10.00 10.05 9.72 9.90 
2016/09/12 10.05 10.15 9.93 10.05 
2016/09/13 10.05 11.00 9.97 10.50 
2016/09/14 10.25 10.85 10.10 10.50 
2016/09/19 10.50 10.50 10.00 10.05 
2016/09/20 10.05 10.05 9.90 9.99 
2016/09/21 9.95 10.30 9.77 10.30 
2016/09/22 9.93 10.20 9.93 10.05 
2016/09/23 9.88 10.05 9.88 10.00 
2016/09/26 9.85 9.98 9.71 9.98 
2016/09/29 9.71 10.00 9.71 9.76 
2016/09/30 9.96 9.96 9.55 9.61 
2016/10/03 9.90 9.90 9.45 9.60 
2016/10/04 9.55 9.55 8.64 9.06 
2016/10/05 8.88 8.91 8.50 8.67 
2016/10/06 8.59 8.65 8.52 8.65 
2016/10/07 8.54 8.60 8.40 8.44 
2016/10/11 8.41 8.41 8.00 8.02 
2016/10/12 8.02 8.19 8.02 8.02 
2016/10/13 8.05 8.19 8.05 8.11 
2016/10/14 8.01 8.02 8.00 8.01 
2016/10/17 8.20 8.20 7.91 7.91 
2016/10/18 8.05 8.18 8.01 8.05 
2016/10/19 8.05 8.06 8.03 8.05 
2016/10/20 8.05 8.17 7.92 8.17 
2016/10/21 8.01 8.17 8.01 8.05 
2016/10/24 7.94 8.00 7.92 7.92 
2016/10/25 7.92 7.99 7.90 7.99 
2016/10/26 8.00 8.50 8.00 8.37 
2016/10/27 8.37 8.38 8.11 8.35 
2016/10/28 8.20 8.20 8.10 8.15 
2016/10/31 8.06 8.31 8.06 8.18 
2016/11/01 7.92 8.17 7.92 8.00 
2016/11/02 7.91 8.00 7.91 8.00 
2016/11/03 8.00 8.00 7.90 8.00 
2016/11/04 7.90 7.90 7.88 7.88 
2016/11/08 7.80 7.98 7.80 7.98 
2016/11/09 7.81 7.81 7.44 7.79 
2016/11/10 7.79 7.95 7.79 7.95 
2016/11/11 8.01 8.14 8.00 8.00 
2016/11/14 7.90 7.90 7.70 7.90 
2016/11/15 7.53 7.76 7.53 7.76 
2016/11/16 7.41 7.80 7.41 7.79 
2016/11/17 7.48 7.77 7.48 7.60 
2016/11/18 7.70 7.70 7.48 7.59 
2016/11/21 7.40 7.55 7.40 7.55 
2016/11/22 7.57 7.57 7.45 7.46 
2016/11/23 7.30 7.45 7.30 7.45 
2016/11/24 7.50 7.50 7.39 7.39 
2016/11/25 7.58 7.58 7.33 7.33 
2016/11/28 7.73 7.73 7.50 7.50 
2016/12/01 7.34 7.44 7.17 7.44 
2016/12/02 7.25 7.42 7.22 7.42 
2016/12/05 7.42 7.58 7.42 7.58 
2016/12/06 7.60 7.62 7.58 7.60 
2016/12/07 7.60 7.60 7.35 7.35 
2016/12/08 7.50 7.50 7.47 7.47 
2016/12/09 7.47 8.20 7.47 8.20 
2016/12/12 8.15 8.25 8.05 8.21 
2016/12/13 8.20 8.20 7.80 8.04 
2016/12/14 7.84 8.02 7.80 8.02 
2016/12/15 8.01 8.02 8.01 8.02 
2016/12/16 7.82 7.99 7.82 7.99 
2016/12/19 7.90 7.90 7.90 7.90 
2016/12/21 7.87 7.90 7.62 7.89 
2016/12/22 7.50 7.84 7.50 7.81 
2016/12/26 8.50 8.50 7.85 8.10 
2016/12/27 7.59 7.98 7.59 7.95 
2016/12/28 7.99 7.99 7.97 7.97 
2016/12/29 7.95 7.95 7.85 7.94 
2016/12/30 7.61 7.70 7.61 7.70 
2017/01/03 7.75 7.88 7.75 7.75 
2017/01/04 7.80 7.85 7.80 7.84 
2017/01/05 7.84 8.00 7.84 7.84 
2017/01/06 7.81 7.92 7.81 7.92 
2017/01/09 7.92 7.92 7.78 7.78 
2017/01/10 7.78 7.78 7.72 7.72 
2017/01/11 7.71 7.72 7.46 7.72 
2017/01/12 7.71 7.71 7.71 7.71 
2017/01/16 7.71 7.71 7.70 7.70 
2017/01/17 7.70 7.70 7.52 7.70 
2017/01/18 7.61 7.65 7.53 7.65 
2017/01/19 7.60 7.60 7.54 7.55 
2017/01/20 7.50 7.56 7.50 7.56 
2017/01/23 7.56 7.88 7.56 7.66 
2017/01/24 7.66 7.76 7.65 7.76 
2017/02/02 7.60 8.00 7.60 8.00 
2017/02/03 8.02 8.80 8.00 8.80 
2017/02/06 9.68 9.68 9.68 9.68 
2017/02/07 10.60 10.60 10.00 10.60 
2017/02/08 10.65 11.65 10.35 11.65 
