2016/07/01 40.25 40.25 39.90 39.90 
2016/07/04 39.85 39.95 39.85 39.95 
2016/07/05 39.95 40.00 39.65 40.00 
2016/07/06 40.00 40.05 39.75 39.90 
2016/07/07 39.90 39.90 39.70 39.90 
2016/07/11 39.85 40.15 39.80 40.15 
2016/07/12 40.35 40.40 39.95 40.40 
2016/07/13 40.05 40.30 40.05 40.20 
2016/07/14 40.20 40.25 40.20 40.20 
2016/07/15 40.25 40.25 40.10 40.20 
2016/07/18 40.10 40.30 40.05 40.30 
2016/07/19 40.30 40.30 40.25 40.30 
2016/07/20 40.20 40.30 40.15 40.30 
2016/07/21 40.20 40.30 40.15 40.30 
2016/07/22 40.30 40.30 40.15 40.30 
2016/07/25 40.25 40.35 40.15 40.30 
2016/07/26 40.30 40.30 40.15 40.25 
2016/07/27 40.30 40.30 40.20 40.25 
2016/07/28 40.25 40.30 40.15 40.15 
2016/07/29 40.20 40.25 40.10 40.15 
2016/08/01 38.80 39.20 38.80 39.05 
2016/08/02 39.30 39.30 39.10 39.15 
2016/08/03 39.25 39.25 39.00 39.25 
2016/08/04 39.30 39.30 39.05 39.25 
2016/08/05 39.25 39.30 39.20 39.25 
2016/08/08 39.25 39.30 39.20 39.30 
2016/08/09 39.20 39.25 39.20 39.25 
2016/08/10 39.35 39.35 39.10 39.25 
2016/08/11 39.10 39.20 39.00 39.15 
2016/08/12 39.15 39.25 39.00 39.10 
2016/08/15 39.00 39.15 38.90 39.15 
2016/08/16 39.10 39.10 38.80 39.00 
2016/08/17 39.00 40.95 38.80 40.10 
2016/08/18 39.80 39.80 39.50 39.70 
2016/08/19 39.60 39.70 39.25 39.65 
2016/08/22 39.60 39.60 39.15 39.15 
2016/08/23 39.35 39.35 39.10 39.20 
2016/08/24 39.40 39.40 39.05 39.20 
2016/08/25 39.20 39.20 39.05 39.15 
2016/08/26 39.00 39.15 39.00 39.15 
2016/08/29 39.30 39.30 38.80 39.00 
2016/08/30 38.95 38.95 38.90 38.90 
2016/08/31 38.80 38.90 38.75 38.80 
2016/09/01 38.80 38.80 38.60 38.80 
2016/09/02 38.90 38.95 38.90 38.95 
2016/09/05 38.80 38.95 38.80 38.80 
2016/09/06 38.90 39.00 38.90 39.00 
2016/09/07 39.00 39.00 38.70 39.00 
2016/09/08 38.75 38.90 38.75 38.90 
2016/09/09 38.80 38.85 38.65 38.80 
2016/09/10 38.60 39.65 38.60 39.30 
2016/09/12 39.15 39.60 39.15 39.35 
2016/09/13 39.15 39.15 38.85 39.00 
2016/09/14 39.10 39.60 38.30 38.30 
2016/09/19 38.90 39.20 38.75 39.15 
2016/09/20 39.15 39.70 39.00 39.65 
2016/09/21 39.70 39.95 39.30 39.80 
2016/09/22 39.80 40.00 39.80 39.80 
2016/09/23 39.80 40.15 39.75 39.75 
2016/09/26 39.75 40.10 39.65 39.95 
2016/09/29 39.95 40.50 39.95 40.50 
2016/09/30 40.40 40.90 40.35 40.80 
2016/10/03 40.80 40.80 40.15 40.15 
2016/10/04 40.10 40.10 39.90 40.00 
2016/10/05 39.95 39.95 39.80 39.80 
2016/10/06 39.80 39.85 39.80 39.85 
2016/10/07 39.85 39.85 39.85 39.85 
2016/10/11 39.35 39.80 39.35 39.80 
2016/10/12 39.45 39.60 39.25 39.50 
2016/10/13 39.25 39.25 38.65 39.25 
2016/10/14 39.25 39.35 39.05 39.05 
2016/10/17 38.80 39.85 38.65 39.80 
2016/10/18 39.60 40.15 39.60 40.15 
2016/10/19 40.15 40.50 40.00 40.50 
2016/10/20 40.45 40.45 40.10 40.20 
2016/10/21 40.20 40.80 39.90 40.80 
2016/10/24 40.70 40.80 40.35 40.60 
2016/10/25 40.60 40.75 40.45 40.75 
2016/10/26 40.70 40.70 40.50 40.70 
2016/10/27 40.60 40.70 40.50 40.70 
2016/10/28 40.65 40.70 40.50 40.60 
2016/10/31 40.60 40.75 40.50 40.55 
2016/11/01 40.70 40.70 40.45 40.60 
2016/11/02 40.25 40.40 40.25 40.40 
2016/11/03 39.95 40.30 39.95 40.30 
2016/11/04 40.20 40.30 40.20 40.30 
2016/11/07 39.75 40.30 39.75 40.30 
2016/11/08 39.95 40.30 39.95 40.25 
2016/11/09 40.30 40.30 39.95 39.95 
2016/11/10 39.95 40.20 39.90 40.20 
2016/11/11 39.95 40.00 39.80 39.95 
2016/11/14 39.60 40.15 39.60 39.75 
2016/11/15 40.00 40.45 39.85 40.30 
2016/11/16 40.30 40.60 40.30 40.30 
2016/11/17 40.50 40.60 40.30 40.55 
2016/11/18 40.55 40.55 40.15 40.55 
2016/11/21 40.50 40.80 40.35 40.70 
2016/11/22 40.25 40.40 39.80 39.80 
2016/11/23 40.00 40.10 39.85 40.05 
2016/11/24 39.75 39.80 39.65 39.70 
2016/11/25 39.70 40.00 39.70 40.00 
2016/11/28 39.95 40.00 39.95 40.00 
2016/11/29 39.95 40.00 39.70 39.95 
2016/11/30 39.95 40.00 39.70 40.00 
2016/12/01 40.00 40.00 39.80 39.80 
2016/12/02 39.90 39.90 39.70 39.90 
2016/12/05 39.60 39.85 39.60 39.65 
2016/12/06 39.65 39.70 39.55 39.60 
2016/12/07 39.60 39.80 39.60 39.75 
2016/12/08 39.90 39.90 39.55 39.55 
2016/12/09 39.55 39.70 39.40 39.45 
2016/12/12 39.50 39.80 39.40 39.60 
2016/12/13 39.50 39.60 39.40 39.60 
2016/12/14 39.40 39.65 39.40 39.65 
2016/12/15 39.50 40.00 39.50 39.95 
2016/12/16 39.95 40.10 39.80 40.00 
2016/12/19 39.65 40.10 39.65 40.10 
2016/12/20 39.65 40.25 39.65 40.10 
2016/12/21 40.10 40.20 39.95 39.95 
2016/12/22 40.10 40.10 39.90 40.00 
2016/12/23 40.40 40.70 40.20 40.20 
2016/12/26 40.50 40.50 40.35 40.35 
2016/12/27 40.20 40.25 40.20 40.25 
2016/12/28 40.25 40.25 40.10 40.15 
2016/12/29 40.00 40.30 39.95 40.00 
2016/12/30 40.30 40.60 40.30 40.50 
2017/01/03 40.50 40.50 40.40 40.45 
2017/01/04 40.50 40.50 40.45 40.45 
2017/01/05 40.50 40.95 40.50 40.50 
2017/01/06 40.50 40.50 40.20 40.50 
2017/01/09 40.20 40.25 40.00 40.00 
2017/01/10 39.95 40.00 39.95 40.00 
2017/01/11 40.10 40.40 40.10 40.40 
2017/01/12 40.05 40.30 40.05 40.05 
2017/01/13 40.25 40.25 39.95 40.00 
2017/01/16 39.95 40.50 39.95 40.50 
2017/01/17 40.45 40.60 40.40 40.55 
2017/01/18 40.50 40.70 40.25 40.65 
2017/01/19 40.50 40.70 40.25 40.35 
2017/01/20 40.70 40.70 40.30 40.70 
2017/01/23 40.70 40.70 40.35 40.35 
2017/01/24 40.65 40.65 40.30 40.60 
2017/02/02 40.60 40.80 40.55 40.75 
2017/02/03 40.60 40.60 40.30 40.30 
2017/02/06 40.40 40.80 40.40 40.80 
2017/02/07 40.80 40.80 40.35 40.65 
2017/02/08 40.90 40.90 40.30 40.30 
