2016/07/01 4.76 4.79 4.73 4.76 
2016/07/04 4.76 4.78 4.70 4.70 
2016/07/05 4.70 4.70 4.61 4.62 
2016/07/06 4.72 4.83 4.70 4.70 
2016/07/07 4.67 4.80 4.67 4.80 
2016/07/11 4.80 4.90 4.80 4.80 
2016/07/12 4.81 4.85 4.77 4.78 
2016/07/13 4.75 4.80 4.70 4.79 
2016/07/14 4.79 4.82 4.76 4.76 
2016/07/15 4.76 4.81 4.70 4.73 
2016/07/18 4.73 4.77 4.72 4.74 
2016/07/19 4.72 4.76 4.71 4.72 
2016/07/20 4.74 4.74 4.68 4.68 
2016/07/21 4.68 4.75 4.68 4.69 
2016/07/22 4.72 4.75 4.67 4.67 
2016/07/25 4.69 4.69 4.64 4.64 
2016/07/26 4.65 4.74 4.65 4.71 
2016/07/27 4.76 4.76 4.66 4.71 
2016/07/28 4.69 4.71 4.65 4.70 
2016/07/29 4.74 4.89 4.73 4.73 
2016/08/01 4.73 4.82 4.71 4.78 
2016/08/02 4.75 4.77 4.70 4.73 
2016/08/03 4.70 4.76 4.70 4.75 
2016/08/04 4.75 4.80 4.71 4.75 
2016/08/05 4.82 4.82 4.68 4.72 
2016/08/08 4.75 4.84 4.74 4.84 
2016/08/09 4.87 4.87 4.80 4.81 
2016/08/10 4.80 5.29 4.80 5.29 
2016/08/11 5.15 5.34 5.10 5.22 
2016/08/12 5.23 5.26 5.11 5.16 
2016/08/15 5.10 5.16 4.94 4.99 
2016/08/16 4.99 5.07 4.93 5.03 
2016/08/17 5.04 5.04 4.93 4.96 
2016/08/18 4.95 5.01 4.95 5.01 
2016/08/19 5.01 5.01 4.95 4.97 
2016/08/22 4.98 5.02 4.88 4.88 
2016/08/23 4.86 4.94 4.82 4.92 
2016/08/24 5.00 5.03 4.87 4.95 
2016/08/25 4.93 5.03 4.93 5.02 
2016/08/26 5.01 5.15 4.99 5.03 
2016/08/29 5.04 5.14 4.96 5.14 
2016/08/30 5.14 5.19 5.12 5.12 
2016/08/31 5.12 5.12 5.04 5.07 
2016/09/01 5.05 5.12 5.01 5.02 
2016/09/02 5.05 5.10 5.00 5.00 
2016/09/05 5.04 5.07 4.96 5.00 
2016/09/06 5.00 5.13 4.99 4.99 
2016/09/07 5.08 5.12 5.01 5.12 
2016/09/08 5.12 5.12 5.02 5.05 
2016/09/09 5.06 5.33 5.03 5.24 
2016/09/10 5.09 5.23 5.09 5.20 
2016/09/12 5.20 5.35 5.17 5.20 
2016/09/13 5.21 5.46 5.21 5.30 
2016/09/14 5.26 5.33 5.22 5.22 
2016/09/19 5.25 5.28 5.18 5.23 
2016/09/20 5.22 5.40 5.21 5.25 
2016/09/21 5.25 5.45 5.25 5.43 
2016/09/22 5.43 5.54 5.36 5.44 
2016/09/23 5.54 5.59 5.46 5.51 
2016/09/26 5.55 5.55 5.45 5.46 
2016/09/29 5.47 5.66 5.46 5.56 
2016/09/30 5.60 5.63 5.49 5.49 
2016/10/03 5.54 5.54 5.27 5.27 
2016/10/04 5.27 5.35 5.27 5.31 
2016/10/05 5.35 5.35 5.20 5.22 
2016/10/06 5.27 5.29 5.20 5.24 
2016/10/07 5.29 5.30 5.18 5.18 
2016/10/11 5.19 5.19 4.82 4.92 
2016/10/12 4.92 4.92 4.85 4.85 
2016/10/13 4.90 4.97 4.86 4.86 
2016/10/14 4.86 4.93 4.80 4.80 
2016/10/17 4.80 4.81 4.40 4.77 
2016/10/18 4.77 4.83 4.65 4.74 
2016/10/19 4.74 4.90 4.74 4.80 
2016/10/20 4.80 4.90 4.80 4.81 
2016/10/21 4.86 4.93 4.85 4.86 
2016/10/24 4.86 4.90 4.85 4.90 
2016/10/25 4.90 4.90 4.83 4.86 
2016/10/26 4.89 4.95 4.88 4.94 
2016/10/27 4.94 4.94 4.85 4.85 
2016/10/28 4.85 4.89 4.85 4.88 
2016/10/31 4.86 4.86 4.80 4.83 
2016/11/01 4.80 4.83 4.80 4.81 
2016/11/02 4.81 4.83 4.65 4.65 
2016/11/03 4.61 4.65 4.50 4.55 
2016/11/04 4.52 4.60 4.51 4.51 
2016/11/07 4.52 4.85 4.52 4.79 
2016/11/08 4.80 4.80 4.70 4.70 
2016/11/09 4.70 4.70 4.41 4.53 
2016/11/10 4.56 4.67 4.56 4.62 
2016/11/11 4.65 4.73 4.55 4.55 
2016/11/14 4.58 4.58 4.41 4.54 
2016/11/15 4.50 4.55 4.50 4.53 
2016/11/16 4.51 4.62 4.51 4.55 
2016/11/17 4.52 4.59 4.52 4.52 
2016/11/18 4.52 4.60 4.52 4.59 
2016/11/21 4.60 4.64 4.60 4.62 
2016/11/22 4.62 4.65 4.60 4.63 
2016/11/23 4.63 4.69 4.63 4.68 
2016/11/24 4.65 4.70 4.56 4.68 
2016/11/25 4.67 4.67 4.62 4.62 
2016/11/28 4.63 4.67 4.60 4.67 
2016/11/29 4.67 4.67 4.59 4.67 
2016/11/30 4.61 4.67 4.58 4.65 
2016/12/01 4.66 4.82 4.66 4.78 
2016/12/02 4.79 4.80 4.73 4.73 
2016/12/05 4.67 4.76 4.67 4.75 
2016/12/06 4.75 5.20 4.74 4.95 
2016/12/07 5.09 5.10 4.90 4.90 
2016/12/08 4.99 4.99 4.90 4.93 
2016/12/09 4.93 4.98 4.93 4.94 
2016/12/12 4.95 5.05 4.95 5.04 
2016/12/13 5.04 5.05 5.00 5.00 
2016/12/14 5.00 5.10 5.00 5.04 
2016/12/15 5.03 5.10 5.00 5.01 
2016/12/16 5.03 5.09 5.00 5.04 
2016/12/19 4.98 5.00 4.95 4.99 
2016/12/20 4.97 5.00 4.95 5.00 
2016/12/21 5.00 5.00 4.97 4.97 
2016/12/22 4.99 5.02 4.96 5.01 
2016/12/23 5.05 5.09 5.01 5.08 
2016/12/26 5.08 5.10 5.00 5.10 
2016/12/27 5.11 5.55 5.11 5.50 
2016/12/28 5.57 6.00 5.55 5.85 
2016/12/29 5.99 6.13 5.85 6.11 
2016/12/30 6.20 6.21 5.71 5.97 
2017/01/03 5.97 6.09 5.94 6.00 
2017/01/04 6.22 6.22 6.02 6.02 
2017/01/05 6.02 6.10 5.85 5.88 
2017/01/06 6.01 6.01 5.90 5.90 
2017/01/09 5.91 6.10 5.91 5.98 
2017/01/10 5.98 5.99 5.91 5.91 
2017/01/11 6.01 6.01 5.90 5.90 
2017/01/12 5.95 5.96 5.88 5.89 
2017/01/13 5.89 5.94 5.85 5.94 
2017/01/16 5.92 6.53 5.80 6.53 
2017/01/17 6.70 7.17 6.70 7.17 
2017/01/18 6.82 6.97 6.53 6.91 
2017/01/19 6.95 6.95 6.65 6.70 
2017/01/20 6.74 6.99 6.50 6.80 
2017/01/23 6.77 6.80 6.60 6.60 
2017/01/24 6.60 6.94 6.53 6.78 
2017/02/02 6.80 6.84 6.60 6.60 
2017/02/03 6.56 6.70 6.51 6.58 
2017/02/06 6.55 6.67 6.51 6.53 
2017/02/07 6.60 6.64 6.50 6.64 
2017/02/08 6.67 6.69 6.49 6.49 
