2016/07/01 13.50 13.90 13.50 13.50 
2016/07/04 13.50 13.60 13.25 13.50 
2016/07/05 13.60 14.00 13.55 13.65 
2016/07/06 13.75 14.40 13.60 14.40 
2016/07/07 14.60 14.95 14.00 14.00 
2016/07/11 14.10 14.60 13.90 14.30 
2016/07/12 14.35 14.50 14.15 14.20 
2016/07/13 14.50 14.95 14.45 14.45 
2016/07/14 14.50 14.95 14.50 14.80 
2016/07/15 15.10 15.65 15.05 15.35 
2016/07/18 15.45 15.55 15.15 15.40 
2016/07/19 15.50 15.85 15.35 15.80 
2016/07/20 15.60 16.00 15.60 15.80 
2016/07/21 15.85 16.05 15.70 15.75 
2016/07/22 15.75 15.75 15.25 15.55 
2016/07/25 15.50 15.55 14.80 15.10 
2016/07/26 15.10 15.45 15.10 15.25 
2016/07/27 15.25 15.35 14.95 15.20 
2016/07/28 15.20 15.25 15.10 15.15 
2016/07/29 15.25 15.30 15.15 15.20 
2016/08/01 15.20 15.25 15.15 15.20 
2016/08/02 15.20 15.70 15.15 15.70 
2016/08/03 15.55 15.95 15.50 15.60 
2016/08/04 15.60 15.60 14.95 15.00 
2016/08/05 14.95 15.00 14.35 14.45 
2016/08/08 14.45 14.45 13.90 14.00 
2016/08/09 14.00 14.65 13.80 14.55 
2016/08/10 14.30 14.50 13.80 14.40 
2016/08/11 14.35 14.35 13.80 14.00 
2016/08/12 14.00 14.30 14.00 14.30 
2016/08/15 14.45 14.65 14.35 14.50 
2016/08/16 14.50 14.60 14.30 14.40 
2016/08/17 14.30 14.50 14.20 14.50 
2016/08/18 14.05 14.95 14.05 14.75 
2016/08/19 14.75 15.25 14.75 14.80 
2016/08/22 14.80 14.85 14.50 14.70 
2016/08/23 14.65 14.70 14.50 14.70 
2016/08/24 14.70 15.10 14.55 15.05 
2016/08/25 15.05 15.15 14.95 14.95 
2016/08/26 14.95 15.75 14.95 15.55 
2016/08/29 15.75 17.00 15.75 16.90 
2016/08/30 17.00 17.00 16.50 16.65 
2016/08/31 16.90 18.10 16.80 16.80 
2016/09/01 16.70 16.70 16.25 16.60 
2016/09/02 16.70 17.20 16.45 16.85 
2016/09/05 16.95 17.40 16.65 16.65 
2016/09/06 16.70 17.20 16.50 16.90 
2016/09/07 17.00 17.30 16.80 16.90 
2016/09/08 16.95 17.25 16.95 17.05 
2016/09/09 17.15 17.50 17.10 17.20 
2016/09/10 16.55 16.60 15.55 15.60 
2016/09/12 15.60 15.80 15.50 15.55 
2016/09/13 15.70 15.80 15.10 15.25 
2016/09/14 15.20 15.70 15.10 15.35 
2016/09/19 15.35 15.60 15.35 15.50 
2016/09/20 15.50 15.60 15.40 15.50 
2016/09/21 15.50 15.60 15.30 15.40 
2016/09/22 15.50 16.25 15.50 16.10 
2016/09/23 16.10 16.20 15.80 15.85 
2016/09/26 15.85 15.95 15.65 15.65 
2016/09/29 15.65 15.85 15.20 15.25 
2016/09/30 15.30 15.40 15.10 15.30 
2016/10/03 15.30 15.60 15.25 15.60 
2016/10/04 15.60 15.60 15.35 15.45 
2016/10/05 15.45 15.75 15.35 15.50 
2016/10/06 15.45 15.90 15.45 15.70 
2016/10/07 15.70 15.80 15.50 15.60 
2016/10/11 15.40 15.40 14.05 14.05 
2016/10/12 13.75 13.75 13.40 13.45 
2016/10/13 13.50 13.65 13.45 13.45 
2016/10/14 13.55 13.55 12.20 12.45 
2016/10/17 12.35 12.75 12.15 12.70 
2016/10/18 12.70 12.90 12.55 12.65 
2016/10/19 12.65 12.75 12.50 12.50 
2016/10/20 12.50 12.60 12.40 12.50 
2016/10/21 12.55 12.80 12.55 12.65 
2016/10/24 12.65 12.75 12.65 12.75 
2016/10/25 12.80 12.80 12.65 12.65 
2016/10/26 12.70 12.95 12.70 12.85 
2016/10/27 12.95 13.05 12.90 12.90 
2016/10/28 12.90 12.90 12.70 12.70 
2016/10/31 12.70 12.75 12.65 12.70 
2016/11/01 12.70 12.75 12.65 12.65 
2016/11/02 12.65 12.65 12.30 12.30 
2016/11/03 12.15 12.20 11.55 11.65 
2016/11/04 11.60 11.85 11.40 11.75 
2016/11/07 11.65 11.85 11.50 11.75 
2016/11/08 11.75 11.75 11.55 11.75 
2016/11/09 11.90 12.85 11.90 12.15 
2016/11/10 12.15 12.45 12.15 12.25 
2016/11/11 12.05 12.25 12.05 12.20 
2016/11/14 12.20 12.20 11.80 12.05 
2016/11/15 12.05 12.50 12.00 12.40 
2016/11/16 12.40 12.40 12.20 12.40 
2016/11/17 12.40 12.40 12.20 12.35 
2016/11/18 12.35 12.35 12.25 12.35 
2016/11/21 12.35 12.60 12.35 12.45 
2016/11/22 12.45 12.50 12.30 12.50 
2016/11/23 12.50 12.65 12.45 12.60 
2016/11/24 12.60 12.75 12.35 12.60 
2016/11/25 12.55 12.70 12.40 12.70 
2016/11/28 12.60 12.80 12.50 12.75 
2016/11/29 12.80 13.70 12.80 13.30 
2016/11/30 13.50 13.80 13.40 13.75 
2016/12/01 13.80 13.85 13.55 13.70 
2016/12/02 13.60 13.65 13.50 13.55 
2016/12/05 13.55 13.75 13.55 13.75 
2016/12/06 13.95 14.15 13.60 13.70 
2016/12/07 13.65 13.85 13.45 13.85 
2016/12/08 13.85 14.15 13.85 14.00 
2016/12/09 14.10 14.25 13.95 14.25 
2016/12/12 14.25 14.30 14.05 14.25 
2016/12/13 14.10 14.30 14.10 14.20 
2016/12/14 14.20 14.55 14.20 14.45 
2016/12/15 14.40 14.90 14.30 14.80 
2016/12/16 14.80 15.15 14.50 14.80 
2016/12/19 14.60 14.60 14.45 14.50 
2016/12/20 14.55 14.75 14.50 14.60 
2016/12/21 14.65 14.85 14.65 14.80 
2016/12/22 14.90 15.30 14.90 15.20 
2016/12/23 15.30 15.35 14.90 15.10 
2016/12/26 14.85 15.10 14.70 15.10 
2016/12/27 15.15 15.30 15.15 15.20 
2016/12/28 15.20 15.25 15.05 15.20 
2016/12/29 15.15 15.15 15.05 15.10 
2016/12/30 15.05 15.05 14.65 15.05 
2017/01/03 15.00 15.05 14.85 14.90 
2017/01/04 14.90 15.05 14.80 15.00 
2017/01/05 14.95 15.10 14.95 15.00 
2017/01/06 15.00 15.50 15.00 15.30 
2017/01/09 15.30 15.60 15.25 15.40 
2017/01/10 15.40 15.40 14.90 15.10 
2017/01/11 15.10 15.10 14.85 14.90 
2017/01/12 14.90 15.00 14.60 14.80 
2017/01/13 14.60 15.00 14.60 15.00 
2017/01/16 14.95 14.95 14.80 14.85 
2017/01/17 14.85 14.95 14.75 14.95 
2017/01/18 14.80 14.95 14.80 14.95 
2017/01/19 14.95 15.35 14.90 15.20 
2017/01/20 15.20 15.25 15.10 15.15 
2017/01/23 15.15 15.20 14.95 15.05 
2017/01/24 15.05 15.15 14.85 15.15 
2017/02/02 15.15 15.15 14.95 15.15 
2017/02/03 15.15 15.20 15.00 15.10 
2017/02/06 15.20 16.55 15.20 16.35 
2017/02/07 16.30 16.70 16.00 16.10 
2017/02/08 15.95 16.10 15.90 16.00 
