2016/07/01 23.90 23.90 23.60 23.70 
2016/07/04 23.60 23.90 23.60 23.80 
2016/07/05 23.80 23.80 23.55 23.55 
2016/07/06 23.55 23.60 23.50 23.60 
2016/07/07 24.20 24.20 23.60 23.90 
2016/07/11 26.20 26.25 25.50 26.25 
2016/07/12 27.80 27.80 26.25 26.25 
2016/07/13 26.25 26.25 25.50 26.00 
2016/07/14 26.00 26.00 25.35 25.50 
2016/07/15 25.60 25.95 25.60 25.95 
2016/07/18 27.70 27.70 26.10 26.10 
2016/07/19 25.95 26.80 25.90 25.90 
2016/07/20 26.00 26.10 25.60 25.85 
2016/07/21 26.30 26.30 25.75 25.85 
2016/07/22 25.50 25.90 25.45 25.90 
2016/07/25 25.50 25.85 25.45 25.45 
2016/07/26 25.25 25.40 25.25 25.30 
2016/07/27 25.80 25.80 25.25 25.25 
2016/07/28 25.20 25.20 24.45 25.10 
2016/07/29 25.00 25.00 24.85 24.85 
2016/08/01 24.90 24.95 24.60 24.90 
2016/08/02 24.40 25.30 24.40 25.30 
2016/08/03 26.10 26.10 25.10 25.10 
2016/08/04 25.20 25.20 24.80 25.20 
2016/08/05 25.00 25.00 24.95 24.95 
2016/08/08 26.70 26.70 25.65 25.90 
2016/08/09 25.40 25.80 24.00 24.50 
2016/08/10 24.20 24.50 24.20 24.50 
2016/08/11 24.60 24.80 24.20 24.30 
2016/08/12 24.35 24.50 24.20 24.50 
2016/08/15 24.50 24.60 24.30 24.60 
2016/08/16 24.35 24.35 24.30 24.30 
2016/08/17 24.30 24.65 24.30 24.60 
2016/08/18 24.60 24.60 24.40 24.50 
2016/08/19 24.40 24.40 24.25 24.25 
2016/08/22 24.20 24.30 24.20 24.30 
2016/08/23 24.20 24.20 24.20 24.20 
2016/08/24 24.30 24.70 24.30 24.30 
2016/08/25 24.60 24.60 24.30 24.55 
2016/08/26 24.45 24.50 24.25 24.50 
2016/08/29 24.30 24.40 24.20 24.40 
2016/08/30 24.20 24.30 23.95 24.30 
2016/08/31 24.00 24.15 23.85 23.85 
2016/09/01 23.70 23.70 23.35 23.50 
2016/09/02 23.10 23.45 23.00 23.35 
2016/09/05 23.70 23.70 23.60 23.70 
2016/09/06 23.70 24.10 23.60 23.75 
2016/09/07 24.10 24.10 23.90 24.10 
2016/09/08 23.95 24.15 23.90 24.00 
2016/09/09 23.70 23.80 23.70 23.70 
2016/09/10 23.80 23.95 23.80 23.95 
2016/09/12 23.20 23.20 21.60 21.80 
2016/09/13 22.40 22.40 21.80 21.85 
2016/09/14 22.00 22.50 22.00 22.40 
2016/09/19 23.00 23.80 22.90 23.60 
2016/09/20 24.00 24.40 23.70 24.00 
2016/09/21 24.00 24.50 24.00 24.40 
2016/09/22 24.50 25.00 24.35 24.40 
2016/09/23 24.70 25.45 24.70 25.30 
2016/09/26 25.30 25.90 25.30 25.80 
2016/09/29 25.95 26.30 25.50 25.80 
2016/09/30 20.60 20.60 19.70 20.40 
2016/10/03 20.80 20.80 20.05 20.05 
2016/10/04 20.05 20.05 19.40 19.40 
2016/10/05 19.15 19.40 19.10 19.10 
2016/10/06 19.00 19.80 19.00 19.70 
2016/10/07 19.60 19.60 19.30 19.50 
2016/10/11 19.20 19.20 17.70 18.45 
2016/10/12 18.10 18.20 17.10 17.95 
2016/10/13 17.60 17.65 17.05 17.45 
2016/10/14 17.45 17.45 17.00 17.00 
2016/10/17 17.00 17.55 16.55 16.60 
2016/10/18 16.65 16.65 16.50 16.50 
2016/10/19 16.60 17.25 16.60 17.25 
2016/10/20 17.25 17.70 17.25 17.70 
2016/10/21 17.05 17.70 17.05 17.70 
2016/10/24 17.00 18.15 16.90 17.70 
2016/10/25 18.10 18.10 18.10 18.10 
2016/10/26 17.60 18.85 17.40 18.85 
2016/10/27 18.60 18.60 17.85 18.00 
2016/10/28 17.95 17.95 17.95 17.95 
2016/10/31 17.50 18.00 17.45 18.00 
2016/11/02 17.50 17.50 17.05 17.05 
2016/11/03 17.20 17.80 17.10 17.10 
2016/11/07 17.10 17.10 17.10 17.10 
2016/11/08 16.65 16.70 16.65 16.70 
2016/11/09 16.70 17.00 16.50 16.50 
2016/11/10 17.50 17.50 16.80 16.80 
2016/11/11 16.60 16.60 15.80 16.50 
2016/11/14 16.50 17.00 16.45 16.45 
2016/11/15 16.10 16.80 16.10 16.25 
2016/11/16 16.25 16.50 16.25 16.25 
2016/11/17 16.25 16.25 16.15 16.15 
2016/11/18 15.75 16.40 15.75 16.40 
2016/11/21 16.15 16.40 16.15 16.20 
2016/11/22 16.00 16.45 16.00 16.00 
2016/11/23 15.80 16.00 15.20 15.90 
2016/11/24 15.65 15.90 15.65 15.85 
2016/11/25 16.10 16.10 16.05 16.05 
2016/11/28 16.05 16.25 15.60 15.65 
2016/11/29 15.80 16.20 15.70 16.10 
2016/11/30 15.90 17.00 15.90 16.50 
2016/12/01 16.35 16.90 16.35 16.70 
2016/12/02 16.50 17.00 16.20 16.60 
2016/12/05 16.30 16.90 16.30 16.50 
2016/12/06 16.40 16.85 16.35 16.35 
2016/12/07 16.20 16.20 16.20 16.20 
2016/12/08 16.15 16.20 16.15 16.20 
2016/12/09 16.55 16.95 16.55 16.85 
2016/12/12 16.75 17.65 16.75 17.15 
2016/12/13 17.15 17.15 17.00 17.00 
2016/12/14 17.15 17.15 16.90 17.15 
2016/12/15 17.10 17.30 17.10 17.30 
2016/12/16 17.30 17.30 17.10 17.10 
2016/12/19 17.20 17.20 17.20 17.20 
2016/12/20 17.25 17.25 17.20 17.25 
2016/12/21 16.85 16.85 16.80 16.80 
2016/12/22 16.75 16.75 16.75 16.75 
2016/12/23 16.80 16.80 16.75 16.75 
2016/12/26 16.70 16.75 16.70 16.75 
2016/12/27 16.75 16.75 16.75 16.75 
2016/12/28 16.80 16.80 16.80 16.80 
2016/12/29 16.80 16.80 16.40 16.75 
2016/12/30 16.80 17.10 16.80 16.95 
2017/01/03 16.80 16.90 16.80 16.85 
2017/01/04 16.75 16.75 16.75 16.75 
2017/01/05 17.50 18.40 17.50 18.40 
2017/01/06 19.10 20.20 19.10 20.20 
2017/01/09 21.30 22.00 19.90 20.05 
2017/01/10 19.75 20.00 19.10 19.10 
2017/01/11 18.60 19.25 18.55 18.80 
2017/01/12 18.90 20.15 18.90 19.95 
2017/01/13 19.95 20.95 19.25 19.90 
2017/01/16 19.70 19.70 19.35 19.55 
2017/01/17 19.35 19.80 19.10 19.80 
2017/01/18 20.10 20.15 19.60 19.75 
2017/01/19 20.05 20.05 19.55 19.65 
2017/01/20 19.35 19.65 19.35 19.40 
2017/01/23 19.60 20.20 19.50 19.85 
2017/01/24 19.95 19.95 19.60 19.80 
2017/02/02 19.80 19.80 19.40 19.60 
2017/02/03 19.80 19.80 19.45 19.45 
2017/02/06 19.45 19.85 19.40 19.40 
2017/02/07 19.40 19.40 19.15 19.15 
2017/02/08 19.45 19.70 19.45 19.70 
