2016/07/01 15.15 15.20 15.05 15.10 
2016/07/04 15.15 15.30 15.10 15.30 
2016/07/05 15.30 15.50 15.30 15.35 
2016/07/06 15.35 15.55 15.30 15.45 
2016/07/07 15.60 15.65 15.40 15.55 
2016/07/11 15.80 15.95 15.60 15.70 
2016/07/12 15.70 15.75 15.55 15.70 
2016/07/13 15.20 15.30 15.10 15.15 
2016/07/14 15.15 15.30 15.15 15.25 
2016/07/15 15.25 15.35 15.20 15.20 
2016/07/18 15.40 15.40 15.20 15.20 
2016/07/19 15.35 15.40 15.10 15.15 
2016/07/20 15.15 15.25 15.15 15.20 
2016/07/21 15.30 15.40 15.20 15.25 
2016/07/22 15.15 15.55 15.15 15.35 
2016/07/25 15.40 15.50 15.25 15.25 
2016/07/26 15.25 15.25 15.15 15.15 
2016/07/27 15.25 15.45 15.25 15.35 
2016/07/28 15.35 15.45 15.35 15.35 
2016/07/29 15.35 15.40 15.30 15.40 
2016/08/01 15.35 15.50 15.35 15.40 
2016/08/02 15.45 15.50 15.35 15.40 
2016/08/03 15.35 15.40 15.35 15.40 
2016/08/04 15.45 15.50 15.40 15.45 
2016/08/05 15.45 15.50 15.35 15.35 
2016/08/08 15.50 15.50 15.40 15.50 
2016/08/09 15.75 15.80 15.60 15.80 
2016/08/10 15.80 15.80 15.60 15.65 
2016/08/11 15.70 15.80 15.60 15.70 
2016/08/12 15.75 15.75 15.55 15.55 
2016/08/15 15.55 15.70 15.30 15.50 
2016/08/16 15.50 15.55 15.45 15.50 
2016/08/17 15.45 16.00 15.35 15.95 
2016/08/18 16.00 16.45 15.80 16.30 
2016/08/19 16.30 16.30 16.00 16.05 
2016/08/22 16.05 16.05 15.70 15.75 
2016/08/23 15.75 15.90 15.75 15.90 
2016/08/24 16.10 16.20 15.95 15.95 
2016/08/25 16.00 16.00 15.85 15.95 
2016/08/26 16.10 16.65 16.10 16.60 
2016/08/29 16.75 16.90 16.55 16.70 
2016/08/30 16.70 16.70 16.40 16.50 
2016/08/31 16.45 16.50 16.30 16.35 
2016/09/01 16.35 16.35 16.20 16.25 
2016/09/02 16.25 16.55 16.20 16.30 
2016/09/05 16.40 16.45 16.20 16.35 
2016/09/06 16.35 16.35 16.20 16.25 
2016/09/07 16.20 16.70 16.20 16.60 
2016/09/08 16.55 18.25 16.50 17.95 
2016/09/09 18.05 18.30 17.80 18.20 
2016/09/10 17.65 17.95 17.60 17.85 
2016/09/12 18.00 18.75 17.95 18.30 
2016/09/13 18.20 18.25 17.70 17.75 
2016/09/14 17.85 18.75 17.80 18.10 
2016/09/19 18.40 19.65 18.40 19.25 
2016/09/20 19.45 20.20 19.10 19.30 
2016/09/21 19.45 19.75 19.30 19.50 
2016/09/22 19.80 19.80 18.80 19.15 
2016/09/23 19.30 19.65 19.20 19.40 
2016/09/26 19.30 19.40 18.90 19.05 
2016/09/29 19.40 19.40 18.80 18.80 
2016/09/30 18.80 18.90 18.20 18.40 
2016/10/03 18.50 18.70 18.00 18.60 
2016/10/04 18.65 18.85 18.50 18.85 
2016/10/05 18.85 18.90 18.40 18.45 
2016/10/06 18.45 19.60 18.40 19.35 
2016/10/07 19.30 20.30 18.60 18.85 
2016/10/11 18.95 19.05 17.75 18.10 
2016/10/12 17.60 18.05 17.10 17.70 
2016/10/13 17.50 17.90 17.35 17.40 
2016/10/14 17.35 17.50 17.00 17.20 
2016/10/17 17.35 17.60 16.95 17.45 
2016/10/18 17.50 17.75 17.35 17.65 
2016/10/19 17.65 17.80 17.60 17.70 
2016/10/20 17.80 17.80 17.45 17.60 
2016/10/21 17.50 17.80 17.50 17.50 
2016/10/24 17.55 18.35 17.55 18.05 
2016/10/25 18.00 18.00 17.75 17.75 
2016/10/26 17.70 17.75 17.55 17.65 
2016/10/27 17.65 17.75 17.60 17.65 
2016/10/28 17.50 17.90 17.45 17.60 
2016/10/31 17.50 17.50 17.20 17.35 
2016/11/01 17.35 17.40 17.30 17.30 
2016/11/02 17.20 17.45 17.05 17.10 
2016/11/03 17.00 17.15 16.80 16.85 
2016/11/04 16.95 16.95 16.70 16.75 
2016/11/07 16.85 16.85 16.60 16.65 
2016/11/08 16.80 17.10 16.80 16.80 
2016/11/09 17.05 17.20 16.00 16.35 
2016/11/10 16.50 16.85 16.50 16.70 
2016/11/11 16.50 16.70 16.40 16.45 
2016/11/14 16.50 17.10 16.50 16.95 
2016/11/15 16.85 17.05 16.70 16.90 
2016/11/16 17.05 17.10 16.80 16.85 
2016/11/17 16.85 16.95 16.70 16.80 
2016/11/18 16.85 17.05 16.75 16.90 
2016/11/21 17.05 17.05 16.75 16.75 
2016/11/22 16.75 17.30 16.75 17.30 
2016/11/23 17.20 17.50 17.10 17.45 
2016/11/24 17.50 18.10 17.50 18.00 
2016/11/25 18.20 18.20 17.75 18.05 
2016/11/28 18.05 18.20 17.90 18.00 
2016/11/29 18.00 18.00 17.80 17.80 
2016/11/30 17.80 17.85 17.80 17.85 
2016/12/01 17.95 17.95 17.80 17.80 
2016/12/02 17.80 17.80 17.55 17.55 
2016/12/05 17.55 17.60 17.45 17.50 
2016/12/06 17.80 17.80 17.55 17.65 
2016/12/07 17.65 17.65 17.50 17.60 
2016/12/08 17.60 17.80 17.60 17.70 
2016/12/09 17.80 18.65 17.75 18.30 
2016/12/12 18.55 18.60 18.10 18.10 
2016/12/13 18.05 18.20 17.90 18.00 
2016/12/14 18.15 18.15 17.90 18.00 
2016/12/15 18.00 18.00 17.85 17.90 
2016/12/16 18.00 18.25 17.85 17.90 
2016/12/19 18.00 18.15 17.70 17.80 
2016/12/20 17.75 17.90 17.60 17.65 
2016/12/21 17.85 18.70 17.85 18.15 
2016/12/22 18.15 18.25 17.95 17.95 
2016/12/23 18.00 18.00 17.85 17.95 
2016/12/26 18.10 18.10 17.80 17.95 
2016/12/27 17.90 17.95 17.80 17.80 
2016/12/28 17.85 17.95 17.75 17.95 
2016/12/29 17.95 18.00 17.80 17.85 
2016/12/30 17.85 18.00 17.85 17.90 
2017/01/03 17.90 17.90 17.75 17.80 
2017/01/04 17.80 17.90 17.70 17.90 
2017/01/05 18.00 18.15 17.90 17.95 
2017/01/06 17.85 18.45 17.85 18.10 
2017/01/09 18.15 18.20 18.00 18.00 
2017/01/10 17.95 18.15 17.80 17.90 
2017/01/11 17.80 17.90 17.60 17.90 
2017/01/12 17.90 17.90 17.70 17.90 
2017/01/13 17.90 17.90 17.75 17.80 
2017/01/16 17.80 17.80 17.60 17.60 
2017/01/17 17.60 17.90 17.60 17.65 
2017/01/18 17.60 17.80 17.60 17.70 
2017/01/19 17.75 17.80 17.60 17.60 
2017/01/20 17.60 17.75 17.55 17.60 
2017/01/23 17.80 17.95 17.75 17.75 
2017/01/24 17.75 18.00 17.70 18.00 
2017/02/02 18.25 18.75 18.25 18.45 
2017/02/03 18.45 18.45 18.20 18.20 
2017/02/06 18.40 18.60 18.40 18.50 
2017/02/07 18.60 18.65 18.40 18.45 
2017/02/08 18.50 18.50 18.35 18.40 
