2016/07/01 120.50 122.00 116.50 117.00 
2016/07/04 117.00 118.50 114.00 114.50 
2016/07/05 114.50 115.50 112.00 112.00 
2016/07/06 112.00 112.00 109.50 110.50 
2016/07/07 111.50 113.50 111.50 112.00 
2016/07/11 114.00 114.00 111.50 113.50 
2016/07/12 112.50 116.50 112.50 115.00 
2016/07/13 116.00 117.00 115.50 115.50 
2016/07/14 115.00 115.50 114.00 114.00 
2016/07/15 115.50 120.00 114.00 120.00 
2016/07/18 119.50 120.00 117.00 118.50 
2016/07/19 120.50 120.50 116.50 116.50 
2016/07/20 115.50 117.00 111.00 114.50 
2016/07/21 115.50 125.50 115.00 125.50 
2016/07/22 126.00 127.50 122.50 123.00 
2016/07/25 122.00 125.00 118.50 121.00 
2016/07/26 119.50 121.00 117.50 118.00 
2016/07/27 120.00 122.50 119.00 122.00 
2016/07/28 120.50 125.50 120.50 125.00 
2016/07/29 124.00 125.00 121.50 125.00 
2016/08/01 127.00 130.00 124.50 130.00 
2016/08/02 128.50 129.00 127.00 128.00 
2016/08/03 127.00 128.00 126.00 126.50 
2016/08/04 126.50 133.00 126.50 130.50 
2016/08/05 130.50 143.00 130.50 135.00 
2016/08/08 134.50 141.00 134.00 135.00 
2016/08/09 135.00 135.00 129.00 130.00 
2016/08/10 130.50 140.00 130.50 136.50 
2016/08/11 135.00 138.00 133.00 133.00 
2016/08/12 138.50 140.00 135.00 138.00 
2016/08/15 139.50 139.50 136.50 137.00 
2016/08/16 137.00 139.00 135.50 136.00 
2016/08/17 137.00 137.00 132.00 136.50 
2016/08/18 136.50 143.50 135.50 140.00 
2016/08/19 140.00 141.00 136.50 139.50 
2016/08/22 136.50 138.50 133.00 134.00 
2016/08/23 135.00 137.00 134.00 134.50 
2016/08/24 134.50 137.00 134.00 134.00 
2016/08/25 135.50 136.50 134.00 135.00 
2016/08/26 135.50 137.50 134.50 134.50 
2016/08/29 134.00 136.00 134.00 134.50 
2016/08/30 135.00 136.00 134.50 135.50 
2016/08/31 136.00 137.50 135.50 136.50 
2016/09/01 136.50 137.50 134.50 136.00 
2016/09/02 137.00 137.00 134.00 134.00 
2016/09/05 134.00 136.00 134.00 134.50 
2016/09/06 136.00 139.50 136.00 137.50 
2016/09/07 139.00 151.00 138.50 151.00 
2016/09/08 157.00 158.00 149.00 149.00 
2016/09/09 147.00 149.00 144.50 147.00 
2016/09/10 144.00 151.00 144.00 145.00 
2016/09/12 145.50 149.00 145.50 147.00 
2016/09/13 140.00 143.50 136.50 136.50 
2016/09/14 136.50 136.50 134.00 134.00 
2016/09/19 135.50 137.00 134.00 136.00 
2016/09/20 137.00 142.50 136.50 137.50 
2016/09/21 137.50 139.00 136.00 137.50 
2016/09/22 140.00 140.50 136.00 136.00 
2016/09/23 138.00 138.00 133.00 135.00 
2016/09/26 135.00 135.00 131.00 131.50 
2016/09/29 133.00 133.50 131.50 131.50 
2016/09/30 131.50 132.50 129.50 129.50 
2016/10/03 131.00 133.00 125.50 131.00 
2016/10/04 132.00 133.50 131.00 131.50 
2016/10/05 132.00 133.00 128.50 128.50 
2016/10/06 130.00 131.50 128.00 128.00 
2016/10/07 128.00 129.00 126.00 126.00 
2016/10/11 126.00 126.00 119.00 122.50 
2016/10/12 122.00 122.00 118.50 119.00 
2016/10/13 119.00 121.00 119.00 119.00 
2016/10/14 121.00 121.00 117.00 117.00 
2016/10/17 117.00 119.00 115.00 117.00 
2016/10/18 117.00 123.00 116.00 122.50 
2016/10/19 123.50 125.00 121.00 121.00 
2016/10/20 123.00 123.00 121.00 121.50 
2016/10/21 120.50 121.00 118.00 119.00 
2016/10/24 119.00 123.00 119.00 120.50 
2016/10/25 120.50 121.50 119.00 119.00 
2016/10/26 119.00 120.00 118.00 118.50 
2016/10/27 120.00 123.00 119.50 119.50 
2016/10/28 119.50 120.00 119.00 119.50 
2016/10/31 118.00 120.50 116.50 120.50 
2016/11/01 120.50 120.50 119.00 119.00 
2016/11/02 116.00 118.00 114.00 114.00 
2016/11/03 114.00 115.50 107.50 108.00 
2016/11/04 108.00 112.50 108.00 111.50 
2016/11/07 111.50 116.50 111.50 116.50 
2016/11/08 116.50 116.50 113.00 113.50 
2016/11/09 114.00 116.00 108.00 109.50 
2016/11/10 113.00 114.50 112.00 113.50 
2016/11/11 113.50 113.50 110.50 111.50 
2016/11/14 112.00 113.00 109.00 113.00 
2016/11/15 113.00 114.50 112.00 113.00 
2016/11/16 113.50 113.50 110.00 111.50 
2016/11/17 110.00 111.50 109.50 111.00 
2016/11/18 112.50 113.00 111.00 112.50 
2016/11/21 111.50 114.00 111.50 112.50 
2016/11/22 114.00 114.50 112.50 112.50 
2016/11/23 114.00 118.00 114.00 116.50 
2016/11/24 118.50 120.00 116.00 116.00 
2016/11/25 117.00 117.50 114.00 114.50 
2016/11/28 115.00 116.50 115.00 115.50 
2016/11/29 115.00 115.00 114.00 114.00 
2016/11/30 115.00 115.50 114.00 114.00 
2016/12/01 114.00 114.00 111.50 112.00 
2016/12/02 111.50 112.50 110.00 111.50 
2016/12/05 111.00 111.50 110.00 110.00 
2016/12/06 111.50 116.00 110.00 113.00 
2016/12/07 114.00 116.00 113.00 113.50 
2016/12/08 116.00 119.50 115.50 116.50 
2016/12/09 118.00 121.00 118.00 119.00 
2016/12/12 119.00 120.50 117.50 118.00 
2016/12/13 117.50 118.00 116.00 116.00 
2016/12/14 118.00 120.00 117.00 118.00 
2016/12/15 116.50 120.00 116.50 118.50 
2016/12/16 117.50 119.00 117.50 118.00 
2016/12/19 117.00 119.00 117.00 118.00 
2016/12/20 119.00 119.00 117.50 119.00 
2016/12/21 119.00 119.00 116.00 116.50 
2016/12/22 116.00 116.00 111.50 114.00 
2016/12/23 113.50 114.50 111.50 112.00 
2016/12/26 112.00 115.00 111.00 112.00 
2016/12/27 112.00 112.50 111.50 111.50 
2016/12/28 112.50 114.00 112.00 112.50 
2016/12/29 112.50 112.50 111.50 112.00 
2016/12/30 113.50 113.50 112.00 112.00 
2017/01/03 114.50 114.50 112.00 112.50 
2017/01/04 114.50 114.50 112.00 113.00 
2017/01/05 114.50 115.50 114.00 114.50 
2017/01/06 115.00 115.00 113.00 114.50 
2017/01/09 115.50 115.50 112.50 115.50 
2017/01/10 116.50 117.50 113.50 113.50 
2017/01/11 114.00 115.00 111.00 111.50 
2017/01/12 111.50 113.50 109.50 110.00 
2017/01/13 112.00 112.00 109.50 109.50 
2017/01/16 109.00 111.00 109.00 110.50 
2017/01/17 111.00 111.50 109.50 109.50 
2017/01/18 111.00 111.50 109.50 110.00 
2017/01/19 111.50 111.50 109.00 109.50 
2017/01/20 110.50 110.50 108.50 108.50 
2017/01/23 107.50 111.00 107.00 107.50 
2017/01/24 107.50 108.50 106.50 106.50 
2017/02/02 107.00 107.00 99.90 103.00 
2017/02/03 102.00 103.50 100.00 101.00 
2017/02/06 102.00 109.50 102.00 107.50 
2017/02/07 109.50 109.50 107.00 109.00 
2017/02/08 109.50 110.50 108.00 110.50 
