2016/07/01 13.05 13.20 13.00 13.05 
2016/07/04 13.05 13.25 13.00 13.00 
2016/07/05 13.00 13.10 12.95 13.05 
2016/07/06 13.05 13.10 12.60 12.75 
2016/07/07 12.75 13.15 12.75 13.10 
2016/07/11 13.20 13.40 13.10 13.15 
2016/07/12 13.20 13.60 13.20 13.35 
2016/07/13 13.40 13.55 13.35 13.45 
2016/07/14 13.40 13.45 13.35 13.40 
2016/07/15 13.40 13.45 13.25 13.35 
2016/07/18 13.35 13.35 13.05 13.10 
2016/07/19 13.20 13.25 13.10 13.20 
2016/07/20 12.80 13.05 12.75 12.80 
2016/07/21 12.85 13.20 12.85 12.90 
2016/07/22 13.00 13.10 12.85 12.85 
2016/07/25 12.95 12.95 12.85 12.95 
2016/07/26 13.05 13.20 12.95 13.00 
2016/07/27 13.05 13.10 12.90 13.00 
2016/07/28 12.95 13.00 12.85 12.85 
2016/07/29 13.00 13.05 12.70 12.90 
2016/08/01 12.75 12.95 12.75 12.95 
2016/08/02 12.85 12.95 12.75 12.95 
2016/08/03 12.75 12.90 12.70 12.85 
2016/08/04 12.85 12.95 12.75 12.85 
2016/08/05 13.00 13.15 12.90 13.00 
2016/08/08 13.00 13.00 12.85 12.95 
2016/08/09 12.85 12.95 12.75 12.95 
2016/08/10 12.75 13.15 12.75 12.80 
2016/08/11 12.65 12.90 12.60 12.80 
2016/08/12 14.05 14.05 14.05 14.05 
2016/08/15 15.45 15.45 15.45 15.45 
2016/08/16 15.80 16.80 15.70 16.20 
2016/08/17 16.20 17.20 16.05 17.20 
2016/08/18 17.20 17.55 16.90 17.40 
2016/08/19 16.80 16.85 15.75 15.90 
2016/08/22 16.00 16.40 15.55 15.95 
2016/08/23 15.95 16.20 15.65 15.75 
2016/08/24 16.05 16.65 16.00 16.00 
2016/08/25 16.10 16.15 15.80 15.90 
2016/08/26 16.10 16.10 15.60 15.70 
2016/08/29 15.50 16.20 15.50 16.00 
2016/08/30 16.10 16.45 15.85 16.10 
2016/08/31 15.85 16.10 15.75 15.80 
2016/09/01 15.65 16.05 15.60 15.70 
2016/09/02 15.60 15.90 15.05 15.05 
2016/09/05 15.15 15.20 14.70 14.70 
2016/09/06 14.90 14.95 14.60 14.80 
2016/09/07 14.85 15.25 14.70 15.15 
2016/09/08 15.35 15.35 15.05 15.15 
2016/09/09 15.10 15.10 14.60 14.85 
2016/09/10 14.80 14.90 14.75 14.90 
2016/09/12 14.70 15.00 14.70 14.70 
2016/09/13 14.80 14.90 14.45 14.45 
2016/09/14 14.60 14.70 14.30 14.55 
2016/09/19 14.70 14.85 14.60 14.70 
2016/09/20 14.90 15.75 14.85 15.25 
2016/09/21 15.40 15.45 15.10 15.25 
2016/09/22 15.40 15.45 15.10 15.10 
2016/09/23 15.25 15.75 15.15 15.40 
2016/09/26 15.40 15.55 15.30 15.40 
2016/09/29 15.60 15.60 15.20 15.25 
2016/09/30 15.20 15.20 15.00 15.00 
2016/10/03 15.30 15.30 14.95 14.95 
2016/10/04 15.10 15.25 15.00 15.10 
2016/10/05 15.25 15.25 15.00 15.05 
2016/10/06 15.20 15.30 15.10 15.15 
2016/10/07 15.15 15.30 15.05 15.10 
2016/10/11 15.00 15.00 14.10 14.15 
2016/10/12 14.30 14.35 14.00 14.15 
2016/10/13 14.25 14.30 14.20 14.30 
2016/10/14 14.20 14.40 13.75 13.80 
2016/10/17 13.95 13.95 13.75 13.95 
2016/10/18 13.95 13.95 13.80 13.95 
2016/10/19 13.90 14.00 13.85 14.00 
2016/10/20 13.85 14.30 13.85 14.20 
2016/10/21 14.20 14.30 14.10 14.10 
2016/10/24 14.25 14.30 14.20 14.25 
2016/10/25 14.30 14.30 14.10 14.10 
2016/10/26 14.30 15.10 14.20 14.45 
2016/10/27 14.60 14.60 14.30 14.40 
2016/10/28 14.55 14.55 14.45 14.45 
2016/10/31 14.50 14.50 14.15 14.30 
2016/11/01 14.25 14.25 14.05 14.05 
2016/11/02 13.95 14.00 13.70 13.70 
2016/11/03 13.50 13.95 13.50 13.70 
2016/11/04 13.85 13.90 13.70 13.90 
2016/11/07 13.95 13.95 13.70 13.75 
2016/11/08 13.80 13.85 13.60 13.80 
2016/11/09 13.80 13.80 13.30 13.30 
2016/11/10 13.55 13.75 13.55 13.70 
2016/11/11 14.20 14.25 13.90 14.00 
2016/11/14 13.90 13.90 12.60 12.70 
2016/11/15 12.70 12.90 12.60 12.85 
2016/11/16 12.85 13.10 12.85 12.90 
2016/11/17 13.00 13.05 12.90 12.90 
2016/11/18 12.80 13.10 12.80 13.10 
2016/11/21 13.10 13.15 12.90 13.10 
2016/11/22 13.10 13.15 13.00 13.05 
2016/11/23 13.10 13.20 13.05 13.05 
2016/11/24 13.10 13.25 13.05 13.10 
2016/11/25 13.05 13.15 13.05 13.10 
2016/11/28 13.20 13.20 13.10 13.20 
2016/11/29 13.10 13.20 13.05 13.20 
2016/11/30 13.15 13.20 13.10 13.20 
2016/12/01 13.20 13.25 13.20 13.25 
2016/12/02 13.15 13.20 13.05 13.05 
2016/12/05 13.10 13.15 13.00 13.15 
2016/12/06 13.20 13.25 13.05 13.10 
2016/12/07 13.20 13.65 13.15 13.50 
2016/12/08 13.70 13.70 13.40 13.50 
2016/12/09 13.65 13.75 13.60 13.70 
2016/12/12 14.45 14.45 14.10 14.20 
2016/12/13 14.40 14.50 14.10 14.15 
2016/12/14 14.15 14.20 13.95 13.95 
2016/12/15 13.80 15.30 13.80 14.85 
2016/12/16 14.90 15.00 14.60 14.85 
2016/12/19 14.85 16.00 14.85 15.05 
2016/12/20 15.10 15.35 14.75 14.85 
2016/12/21 14.95 15.10 14.80 14.85 
2016/12/22 14.80 15.00 14.80 14.80 
2016/12/23 14.90 15.00 14.70 14.70 
2016/12/26 15.05 15.05 14.80 14.95 
2016/12/27 14.85 14.95 14.80 14.80 
2016/12/28 14.85 14.95 14.50 14.70 
2016/12/29 14.70 14.80 14.65 14.80 
2016/12/30 14.75 14.90 14.75 14.80 
2017/01/03 14.90 15.10 14.90 14.90 
2017/01/04 15.00 15.25 14.95 15.00 
2017/01/05 15.25 15.25 15.00 15.00 
2017/01/06 15.00 15.05 14.90 15.00 
2017/01/09 15.00 15.20 15.00 15.10 
2017/01/10 15.05 15.10 14.90 15.10 
2017/01/11 15.75 15.75 15.15 15.15 
2017/01/12 15.20 15.25 15.15 15.15 
2017/01/13 15.15 15.15 14.95 14.95 
2017/01/16 15.00 15.00 14.75 14.75 
2017/01/17 14.75 15.00 14.75 14.80 
2017/01/18 14.90 14.90 14.80 14.90 
2017/01/19 14.85 14.95 14.80 14.90 
2017/01/20 14.85 15.00 14.80 14.90 
2017/01/23 15.05 15.05 14.80 14.85 
2017/01/24 14.95 15.00 14.80 15.00 
2017/02/02 15.00 15.15 14.75 14.85 
2017/02/03 14.90 14.95 14.90 14.90 
2017/02/06 15.00 15.80 14.85 15.80 
2017/02/07 15.90 16.20 15.25 15.25 
2017/02/08 15.20 15.40 15.05 15.10 
