2016/07/01 4.49 4.50 4.30 4.40 
2016/07/04 4.39 4.39 3.97 3.97 
2016/07/05 3.88 3.88 3.58 3.58 
2016/07/06 3.80 3.80 3.75 3.75 
2016/07/07 3.75 4.10 3.75 4.10 
2016/07/11 3.69 3.80 3.69 3.80 
2016/07/12 3.85 3.85 3.85 3.85 
2016/07/13 3.90 3.90 3.85 3.85 
2016/07/14 3.61 3.90 3.61 3.90 
2016/07/15 3.90 3.90 3.85 3.85 
2016/07/18 3.55 4.20 3.55 4.10 
2016/07/19 3.80 4.10 3.80 4.09 
2016/07/20 3.82 3.90 3.79 3.79 
2016/07/21 3.80 3.80 3.79 3.80 
2016/07/22 3.80 3.80 3.80 3.80 
2016/07/25 3.80 3.80 3.75 3.79 
2016/07/26 3.80 4.15 3.80 4.15 
2016/07/27 4.15 4.35 4.15 4.35 
2016/07/28 4.35 4.78 4.35 4.78 
2016/07/29 4.85 5.20 4.85 4.90 
2016/08/01 5.00 5.20 4.80 4.80 
2016/08/02 4.80 4.80 4.45 4.50 
2016/08/03 4.90 4.90 4.30 4.50 
2016/08/04 4.50 4.70 4.50 4.70 
2016/08/05 4.75 4.92 4.75 4.92 
2016/08/08 4.95 5.00 4.92 4.92 
2016/08/09 5.00 5.00 4.43 4.43 
2016/08/10 4.50 4.50 4.25 4.40 
2016/08/11 4.30 4.40 4.30 4.40 
2016/08/12 4.62 4.64 4.30 4.64 
2016/08/15 4.99 4.99 4.90 4.93 
2016/08/16 4.60 4.85 4.60 4.85 
2016/08/17 4.80 4.80 4.40 4.40 
2016/08/18 4.40 4.40 4.40 4.40 
2016/08/19 4.50 4.50 4.50 4.50 
2016/08/22 4.60 4.70 4.60 4.70 
2016/08/23 4.70 4.70 4.40 4.70 
2016/08/24 4.40 4.50 4.40 4.40 
2016/08/25 4.40 4.50 4.40 4.50 
2016/08/26 4.50 4.50 4.30 4.30 
2016/08/29 4.15 4.15 4.10 4.10 
2016/08/30 4.00 4.51 4.00 4.30 
2016/08/31 4.39 4.39 4.39 4.39 
2016/09/01 4.35 4.48 4.35 4.48 
2016/09/02 4.08 4.12 4.08 4.10 
2016/09/05 3.85 3.90 3.85 3.90 
2016/09/06 3.55 4.00 3.55 4.00 
2016/09/08 4.15 4.15 4.14 4.15 
2016/09/09 4.30 4.30 3.95 3.95 
2016/09/12 4.30 4.30 4.30 4.30 
2016/09/13 4.73 4.73 4.12 4.60 
2016/09/14 4.21 4.60 4.21 4.60 
2016/09/19 4.80 4.80 4.74 4.74 
2016/09/20 4.69 4.69 4.69 4.69 
2016/09/21 4.24 4.24 4.23 4.23 
2016/09/22 4.20 4.60 4.20 4.60 
2016/09/23 4.50 4.50 4.40 4.50 
2016/09/26 4.50 4.50 4.23 4.23 
2016/09/29 4.25 4.25 4.00 4.10 
2016/09/30 4.10 4.10 3.99 4.10 
2016/10/03 4.01 4.01 4.01 4.01 
2016/10/04 4.00 4.00 4.00 4.00 
2016/10/05 4.20 4.20 4.20 4.20 
2016/10/06 4.00 4.00 3.99 4.00 
2016/10/07 4.00 4.00 3.90 4.00 
2016/10/12 4.20 4.20 3.65 3.70 
2016/10/13 4.00 4.00 3.70 3.80 
2016/10/14 3.70 3.70 3.65 3.70 
2016/10/17 3.36 3.78 3.36 3.78 
2016/10/18 3.70 3.70 3.70 3.70 
2016/10/19 3.90 3.90 3.81 3.81 
2016/10/20 3.80 3.88 3.80 3.88 
2016/10/21 3.80 3.80 3.80 3.80 
2016/10/24 3.80 3.80 3.54 3.54 
2016/10/25 3.70 3.71 3.70 3.71 
2016/10/26 3.97 3.97 3.97 3.97 
2016/10/27 4.00 4.20 4.00 4.00 
2016/10/28 4.30 4.30 4.00 4.20 
2016/10/31 4.20 4.20 3.80 4.15 
2016/11/01 4.00 4.20 4.00 4.20 
2016/11/02 4.00 4.20 3.80 3.80 
2016/11/03 3.70 3.70 3.70 3.70 
2016/11/04 3.51 4.00 3.51 4.00 
2016/11/07 4.01 4.24 4.00 4.00 
2016/11/08 4.00 4.00 4.00 4.00 
2016/11/09 3.90 3.90 3.90 3.90 
2016/11/10 3.95 3.95 3.95 3.95 
2016/11/11 3.80 3.90 3.80 3.90 
2016/11/14 3.51 3.75 3.51 3.51 
2016/11/15 3.16 3.79 3.16 3.79 
2016/11/16 3.78 3.85 3.78 3.80 
2016/11/17 3.50 3.50 3.50 3.50 
2016/11/18 3.65 3.65 3.65 3.65 
2016/11/21 4.00 4.00 3.80 3.80 
2016/11/22 3.80 4.00 3.80 3.98 
2016/11/23 3.60 3.61 3.60 3.61 
2016/11/24 3.94 3.94 3.93 3.93 
2016/11/25 3.72 3.72 3.65 3.65 
2016/11/28 3.62 3.62 3.62 3.62 
2016/11/30 3.66 3.66 3.66 3.66 
2016/12/05 3.60 3.60 3.60 3.60 
2016/12/06 3.34 3.89 3.34 3.89 
2016/12/07 3.53 3.55 3.53 3.55 
2016/12/08 3.50 3.50 3.50 3.50 
2016/12/09 3.48 3.48 3.45 3.45 
2016/12/12 3.30 3.32 3.30 3.32 
2016/12/13 3.58 3.58 3.58 3.58 
2016/12/14 3.70 3.70 3.70 3.70 
2016/12/15 3.50 3.50 3.41 3.41 
2016/12/16 3.27 3.50 3.27 3.50 
2016/12/19 3.80 3.80 3.69 3.69 
2016/12/20 3.48 3.48 3.48 3.48 
2016/12/22 3.48 3.48 3.17 3.17 
2016/12/26 3.24 3.24 3.24 3.24 
2016/12/27 2.98 2.98 2.93 2.93 
2016/12/28 3.09 3.22 3.09 3.22 
2016/12/29 3.22 3.42 3.22 3.30 
2016/12/30 3.30 3.37 3.30 3.37 
2017/01/03 3.38 3.60 3.38 3.60 
2017/01/05 3.16 3.20 3.16 3.20 
2017/01/10 3.38 3.38 3.01 3.37 
2017/01/11 3.40 3.67 3.40 3.67 
2017/01/12 3.35 3.45 3.35 3.45 
2017/01/18 3.21 3.25 3.21 3.25 
2017/01/19 3.30 3.43 3.30 3.43 
2017/01/20 3.40 3.43 3.32 3.32 
2017/01/23 3.32 3.39 3.32 3.39 
2017/01/24 3.30 3.30 3.30 3.30 
2017/02/02 3.62 3.62 3.01 3.01 
2017/02/03 3.05 3.27 2.90 2.90 
2017/02/06 3.00 3.19 3.00 3.19 
2017/02/07 3.19 3.40 3.18 3.40 
2017/02/08 3.74 3.74 3.73 3.74 
