2016/07/01 28.30 28.30 27.20 27.65 
2016/07/04 27.65 27.70 27.00 27.40 
2016/07/05 27.50 27.75 27.40 27.75 
2016/07/06 27.50 27.95 27.50 27.65 
2016/07/07 27.65 27.90 27.65 27.85 
2016/07/11 27.85 28.00 27.50 28.00 
2016/07/12 27.55 28.50 27.50 28.15 
2016/07/13 27.85 28.00 27.50 28.00 
2016/07/14 28.05 28.25 27.85 28.00 
2016/07/15 27.90 28.20 27.40 28.20 
2016/07/18 27.80 28.20 27.70 28.10 
2016/07/19 28.10 28.10 28.00 28.10 
2016/07/20 28.20 28.20 28.00 28.00 
2016/07/21 27.85 28.20 27.85 28.05 
2016/07/22 27.90 27.90 27.65 27.85 
2016/07/25 28.20 28.20 27.50 27.55 
2016/07/26 27.55 28.00 27.40 28.00 
2016/07/27 28.10 28.30 27.85 27.85 
2016/07/28 27.90 28.10 27.90 27.90 
2016/07/29 28.00 28.00 27.65 27.80 
2016/08/01 27.80 28.10 27.80 27.85 
2016/08/02 27.85 28.00 27.85 28.00 
2016/08/03 27.85 28.30 27.70 28.30 
2016/08/04 28.50 28.50 27.95 27.95 
2016/08/05 28.00 28.15 27.85 27.85 
2016/08/08 27.90 27.90 27.70 27.75 
2016/08/09 27.80 27.85 27.75 27.80 
2016/08/10 27.80 28.05 27.50 28.00 
2016/08/11 28.30 28.30 28.00 28.20 
2016/08/12 28.20 28.35 28.20 28.35 
2016/08/15 28.55 28.70 28.50 28.50 
2016/08/16 28.50 28.50 28.30 28.40 
2016/08/17 28.70 28.70 28.15 28.65 
2016/08/18 28.75 28.75 28.60 28.60 
2016/08/19 28.75 28.75 28.10 28.70 
2016/08/22 28.35 28.50 28.30 28.50 
2016/08/23 28.50 28.85 28.50 28.60 
2016/08/24 26.75 27.50 26.75 27.20 
2016/08/25 27.00 27.60 27.00 27.45 
2016/08/26 27.70 27.80 27.45 27.60 
2016/08/29 27.70 27.90 27.35 27.70 
2016/08/30 27.85 28.00 27.75 27.75 
2016/08/31 27.75 27.80 27.70 27.70 
2016/09/01 27.65 27.65 27.55 27.55 
2016/09/02 27.55 27.55 27.05 27.35 
2016/09/05 27.35 27.85 27.30 27.85 
2016/09/06 27.40 27.65 27.35 27.65 
2016/09/07 27.90 27.90 27.55 27.60 
2016/09/08 27.60 28.00 27.45 27.95 
2016/09/09 27.85 27.85 27.65 27.65 
2016/09/10 27.65 27.65 27.25 27.60 
2016/09/12 27.60 27.60 27.40 27.40 
2016/09/13 27.50 27.65 27.45 27.50 
2016/09/14 27.65 27.65 27.65 27.65 
2016/09/19 27.85 27.85 27.70 27.75 
2016/09/20 27.75 27.75 27.50 27.50 
2016/09/21 27.95 28.10 27.95 28.10 
2016/09/22 28.15 28.40 27.70 28.10 
2016/09/23 28.30 29.30 27.75 29.30 
2016/09/26 29.00 29.20 28.90 29.20 
2016/09/29 29.30 29.30 28.60 29.20 
2016/09/30 28.85 29.15 28.85 29.15 
2016/10/03 29.10 29.45 28.95 29.15 
2016/10/04 28.75 28.80 28.75 28.80 
2016/10/05 29.15 29.15 28.80 29.00 
2016/10/06 29.00 29.20 29.00 29.00 
2016/10/07 29.00 29.10 28.70 29.10 
2016/10/11 29.10 29.10 28.75 28.75 
2016/10/12 28.70 28.75 28.50 28.50 
2016/10/13 29.10 29.10 28.30 28.35 
2016/10/14 28.35 28.50 28.20 28.40 
2016/10/17 28.40 28.50 28.40 28.50 
2016/10/18 28.50 28.80 28.50 28.75 
2016/10/19 28.50 28.75 28.30 28.35 
2016/10/20 28.35 28.75 28.35 28.35 
2016/10/21 28.70 28.70 28.35 28.35 
2016/10/24 28.35 28.50 28.35 28.50 
2016/10/25 28.50 28.80 28.50 28.60 
2016/10/26 28.50 28.50 28.50 28.50 
2016/10/27 28.40 28.40 28.40 28.40 
2016/10/28 28.40 28.40 28.35 28.35 
2016/10/31 28.35 28.35 28.30 28.35 
2016/11/01 28.30 28.35 28.25 28.25 
2016/11/02 28.20 28.20 27.30 28.00 
2016/11/03 27.55 27.80 27.50 27.50 
2016/11/04 27.40 27.40 27.35 27.35 
2016/11/07 27.30 27.90 27.20 27.65 
2016/11/08 27.65 27.70 27.30 27.70 
2016/11/09 27.65 27.65 27.05 27.05 
2016/11/10 27.10 27.20 27.10 27.20 
2016/11/11 27.20 27.20 27.20 27.20 
2016/11/15 26.95 27.10 26.90 27.00 
2016/11/16 27.00 27.15 27.00 27.10 
2016/11/17 27.00 27.05 27.00 27.00 
2016/11/18 27.05 27.10 26.80 27.10 
2016/11/21 27.15 27.15 27.10 27.10 
2016/11/22 27.15 27.15 27.15 27.15 
2016/11/23 27.15 27.60 27.15 27.25 
2016/11/24 27.50 27.50 27.30 27.50 
2016/11/25 27.50 27.50 27.20 27.20 
2016/11/28 27.70 27.70 27.25 27.35 
2016/11/29 27.65 27.65 27.50 27.50 
2016/11/30 27.70 28.10 27.40 27.45 
2016/12/01 28.05 28.50 27.55 27.75 
2016/12/02 27.60 27.70 27.40 27.65 
2016/12/05 27.65 27.65 27.65 27.65 
2016/12/06 27.65 27.75 27.60 27.60 
2016/12/07 27.75 27.75 27.40 27.70 
2016/12/08 27.75 27.85 27.40 27.45 
2016/12/09 27.75 27.80 27.50 27.80 
2016/12/12 27.90 28.00 27.80 27.80 
2016/12/13 28.15 28.50 28.00 28.30 
2016/12/14 28.30 28.30 28.20 28.20 
2016/12/15 28.30 28.45 28.20 28.45 
2016/12/16 28.50 28.50 28.30 28.40 
2016/12/19 28.30 28.30 28.30 28.30 
2016/12/21 28.00 28.15 28.00 28.15 
2016/12/22 28.15 28.50 28.15 28.50 
2016/12/23 28.50 28.50 28.40 28.40 
2016/12/27 28.40 28.50 27.80 27.80 
2016/12/28 28.00 28.20 27.85 28.05 
2016/12/29 28.10 28.10 28.05 28.05 
2016/12/30 28.20 28.20 28.20 28.20 
2017/01/03 28.20 28.60 28.20 28.50 
2017/01/04 28.10 28.80 28.10 28.70 
2017/01/05 28.90 29.00 28.80 28.80 
2017/01/06 29.00 29.00 28.70 28.70 
2017/01/09 28.60 28.60 28.50 28.50 
2017/01/10 28.50 28.80 28.50 28.80 
2017/01/11 29.00 29.00 29.00 29.00 
2017/01/12 29.20 29.20 28.90 28.90 
2017/01/13 28.60 29.00 28.60 28.80 
2017/01/16 28.85 29.00 28.85 29.00 
2017/01/17 29.00 29.60 29.00 29.10 
2017/01/18 29.10 29.30 29.00 29.00 
2017/01/19 29.00 30.00 29.00 29.70 
2017/01/20 29.70 30.50 29.70 30.00 
2017/01/23 30.00 31.00 29.70 30.70 
2017/01/24 30.70 30.95 30.25 30.65 
2017/02/02 30.00 31.00 30.00 30.80 
2017/02/03 31.00 31.00 30.60 30.75 
2017/02/06 30.75 31.00 30.75 30.80 
2017/02/07 31.00 31.40 30.80 31.30 
2017/02/08 31.50 31.60 31.30 31.30 
