2016/07/01 38.20 40.00 38.00 39.80 
2016/07/04 40.00 42.00 40.00 41.80 
2016/07/05 42.00 43.20 40.80 41.05 
2016/07/06 41.20 42.00 39.80 40.00 
2016/07/07 40.50 40.55 36.70 37.30 
2016/07/11 37.10 37.95 36.10 37.55 
2016/07/12 37.00 38.30 37.00 38.30 
2016/07/13 36.55 37.15 36.35 36.35 
2016/07/14 36.40 36.75 35.35 35.35 
2016/07/15 35.20 35.20 33.40 33.60 
2016/07/18 33.70 34.20 33.10 34.00 
2016/07/19 34.05 34.05 33.10 33.10 
2016/07/20 33.10 33.65 33.05 33.40 
2016/07/21 33.55 33.70 32.90 32.90 
2016/07/22 33.10 33.10 31.95 32.20 
2016/07/25 32.30 32.50 31.30 31.45 
2016/07/26 31.55 33.70 31.50 33.20 
2016/07/27 33.30 33.40 32.65 32.70 
2016/07/28 32.70 33.05 32.30 32.65 
2016/07/29 32.60 32.85 32.10 32.85 
2016/08/01 32.85 33.15 32.30 32.90 
2016/08/02 32.70 32.70 31.85 32.15 
2016/08/03 32.00 32.25 31.55 32.10 
2016/08/04 32.05 32.05 31.40 31.60 
2016/08/05 31.70 31.70 31.30 31.30 
2016/08/08 31.50 31.70 31.45 31.65 
2016/08/09 31.60 32.60 31.50 32.30 
2016/08/10 32.70 32.85 31.95 32.00 
2016/08/11 31.60 31.75 30.25 31.10 
2016/08/12 31.10 31.50 30.55 31.00 
2016/08/15 31.00 31.35 30.65 31.30 
2016/08/16 31.25 31.30 30.80 31.00 
2016/08/17 30.95 30.95 30.40 30.80 
2016/08/18 30.80 31.30 30.65 31.10 
2016/08/19 31.30 31.50 30.85 31.10 
2016/08/22 31.00 31.00 30.20 30.40 
2016/08/23 30.40 30.50 30.20 30.25 
2016/08/24 30.25 30.40 30.05 30.15 
2016/08/25 30.10 30.45 30.00 30.30 
2016/08/26 30.30 30.35 30.05 30.05 
2016/08/29 30.05 30.15 30.00 30.10 
2016/08/30 30.00 30.25 29.90 29.90 
2016/08/31 29.90 30.75 29.80 30.30 
2016/09/01 30.50 30.85 30.45 30.60 
2016/09/02 30.60 30.75 30.20 30.30 
2016/09/05 30.45 31.30 30.45 30.90 
2016/09/06 31.40 31.40 31.00 31.15 
2016/09/07 31.35 31.40 31.10 31.30 
2016/09/08 31.50 31.70 31.40 31.55 
2016/09/09 31.50 31.70 31.25 31.30 
2016/09/10 30.85 31.15 30.80 31.00 
2016/09/12 31.00 31.00 30.60 30.70 
2016/09/13 30.75 30.90 30.35 30.40 
2016/09/14 30.10 30.70 30.10 30.70 
2016/09/19 30.60 31.00 30.55 30.55 
2016/09/20 30.90 31.30 30.60 31.00 
2016/09/21 31.30 31.70 31.00 31.60 
2016/09/22 31.90 31.90 31.25 31.25 
2016/09/23 31.50 31.85 31.35 31.60 
2016/09/26 31.80 31.80 31.00 31.35 
2016/09/29 31.10 31.25 31.00 31.00 
2016/09/30 31.00 31.10 30.20 30.50 
2016/10/03 30.60 30.60 30.30 30.40 
2016/10/04 30.40 30.50 30.25 30.50 
2016/10/05 30.50 30.70 30.50 30.55 
2016/10/06 30.95 30.95 30.35 30.50 
2016/10/07 30.80 30.80 30.35 30.40 
2016/10/11 30.40 30.60 30.15 30.60 
2016/10/12 30.75 30.75 30.35 30.40 
2016/10/13 30.35 30.40 30.00 30.20 
2016/10/14 30.20 30.25 29.90 30.00 
2016/10/17 29.90 30.00 29.55 29.80 
2016/10/18 29.80 30.35 29.80 30.20 
2016/10/19 30.55 30.55 30.00 30.15 
2016/10/20 30.30 30.40 30.00 30.15 
2016/10/21 30.25 32.95 30.05 32.95 
2016/10/24 32.50 32.60 32.00 32.20 
2016/10/25 32.20 32.20 31.55 31.60 
2016/10/26 31.50 32.25 31.50 31.85 
2016/10/27 32.00 32.05 31.70 31.75 
2016/10/28 31.75 31.80 31.55 31.60 
2016/10/31 31.70 31.70 31.00 31.15 
2016/11/01 31.15 31.65 31.10 31.40 
2016/11/02 31.20 31.30 30.80 31.00 
2016/11/03 31.00 31.00 30.65 30.70 
2016/11/04 30.60 30.95 30.40 30.50 
2016/11/07 30.75 30.95 30.55 30.60 
2016/11/08 30.85 30.85 30.50 30.55 
2016/11/09 30.85 30.90 30.00 30.10 
2016/11/10 30.95 30.95 30.40 30.60 
2016/11/11 30.60 30.80 30.20 30.60 
2016/11/14 30.90 31.25 30.65 31.00 
2016/11/15 31.15 32.30 31.05 32.15 
2016/11/16 32.65 32.65 31.55 31.65 
2016/11/17 31.70 31.75 31.40 31.55 
2016/11/18 31.70 32.00 31.40 31.95 
2016/11/21 32.20 32.20 31.55 31.85 
2016/11/22 32.00 32.00 31.55 31.60 
2016/11/23 31.65 31.95 31.50 31.65 
2016/11/24 31.80 31.85 31.15 31.15 
2016/11/25 31.05 31.35 31.00 31.10 
2016/11/28 31.30 31.95 31.30 31.60 
2016/11/29 31.60 32.70 31.60 32.00 
2016/11/30 32.30 33.80 32.10 33.40 
2016/12/01 33.60 34.35 33.05 33.80 
2016/12/02 33.80 34.80 33.25 33.25 
2016/12/05 33.50 34.50 33.50 34.05 
2016/12/06 34.75 35.00 33.85 34.60 
2016/12/07 34.90 35.45 34.25 34.40 
2016/12/08 34.40 34.60 33.50 33.85 
2016/12/09 33.80 34.10 33.10 33.40 
2016/12/12 33.45 33.50 32.50 32.90 
2016/12/13 32.80 33.30 32.70 33.00 
2016/12/14 33.00 33.25 32.55 32.75 
2016/12/15 32.75 32.75 32.15 32.35 
2016/12/16 32.55 32.55 31.85 32.20 
2016/12/19 32.10 32.40 32.00 32.00 
2016/12/20 32.00 32.85 31.90 32.65 
2016/12/21 32.60 32.60 32.25 32.25 
2016/12/22 32.25 32.25 31.75 31.85 
2016/12/23 31.60 31.85 31.60 31.75 
2016/12/26 31.75 32.00 31.70 31.95 
2016/12/27 32.20 32.20 31.65 31.80 
2016/12/28 31.80 31.90 31.65 31.70 
2016/12/29 31.60 31.80 31.50 31.55 
2016/12/30 31.50 32.05 31.50 31.90 
2017/01/03 31.90 32.10 31.70 31.70 
2017/01/04 31.80 31.80 31.55 31.60 
2017/01/05 31.70 31.85 31.60 31.65 
2017/01/06 31.70 31.70 31.45 31.55 
2017/01/09 31.55 31.55 31.05 31.05 
2017/01/10 31.00 31.30 31.00 31.30 
2017/01/11 31.50 31.60 31.20 31.25 
2017/01/12 31.50 31.50 31.15 31.20 
2017/01/13 31.20 31.30 31.20 31.25 
2017/01/16 31.20 31.30 31.00 31.10 
2017/01/17 31.10 31.15 30.90 31.00 
2017/01/18 31.00 31.50 30.80 31.50 
2017/01/19 31.50 31.60 31.25 31.40 
2017/01/20 31.40 31.40 31.10 31.10 
2017/01/23 31.10 31.25 30.95 31.00 
2017/01/24 31.00 31.45 30.95 31.45 
2017/02/02 31.50 31.80 31.35 31.35 
2017/02/03 31.35 31.75 31.30 31.70 
2017/02/06 31.90 33.20 31.90 32.60 
2017/02/07 32.45 32.50 32.15 32.15 
2017/02/08 32.15 32.60 32.15 32.50 
