2016/07/01 5.22 5.45 5.05 5.30 
2016/07/04 5.39 5.40 5.04 5.34 
2016/07/05 5.33 5.33 5.16 5.18 
2016/07/06 5.20 5.25 5.01 5.11 
2016/07/07 5.04 5.09 5.00 5.04 
2016/07/11 5.05 5.06 4.97 5.02 
2016/07/12 5.02 5.11 4.96 5.07 
2016/07/13 5.03 5.05 4.98 5.00 
2016/07/14 5.02 5.15 5.00 5.10 
2016/07/15 5.11 5.20 5.02 5.08 
2016/07/18 5.05 5.09 5.02 5.05 
2016/07/19 5.08 5.13 5.06 5.07 
2016/07/20 5.05 5.13 5.05 5.10 
2016/07/21 5.15 5.27 5.09 5.20 
2016/07/22 5.20 5.22 5.11 5.16 
2016/07/25 5.18 5.18 5.08 5.18 
2016/07/26 5.05 5.14 5.03 5.12 
2016/07/27 5.10 5.12 5.04 5.10 
2016/07/28 5.05 5.11 5.02 5.08 
2016/07/29 5.02 5.08 5.02 5.08 
2016/08/01 5.22 5.22 5.06 5.07 
2016/08/02 5.03 5.10 5.03 5.06 
2016/08/03 5.05 5.06 5.00 5.01 
2016/08/04 5.05 5.05 5.00 5.03 
2016/08/05 5.00 5.06 5.00 5.05 
2016/08/08 5.05 5.08 5.03 5.06 
2016/08/09 5.03 5.09 5.03 5.09 
2016/08/10 5.09 5.16 5.07 5.16 
2016/08/11 5.14 5.15 5.07 5.13 
2016/08/12 5.10 5.20 5.04 5.08 
2016/08/15 5.14 5.19 5.01 5.14 
2016/08/16 5.14 5.15 5.08 5.08 
2016/08/17 5.10 5.12 5.05 5.07 
2016/08/18 5.05 5.14 5.05 5.14 
2016/08/19 5.14 5.15 5.06 5.11 
2016/08/22 5.06 5.16 5.02 5.11 
2016/08/23 5.11 5.11 5.07 5.10 
2016/08/24 5.10 5.13 5.05 5.10 
2016/08/25 5.10 5.10 5.06 5.10 
2016/08/26 5.11 5.61 5.11 5.61 
2016/08/29 5.72 6.17 5.57 6.17 
2016/08/30 6.17 6.19 6.01 6.03 
2016/08/31 6.10 6.16 6.00 6.06 
2016/09/01 6.04 6.11 5.78 5.85 
2016/09/02 5.94 6.00 5.72 5.80 
2016/09/05 5.95 5.95 5.69 5.72 
2016/09/06 5.80 5.83 5.70 5.70 
2016/09/07 5.79 5.79 5.61 5.63 
2016/09/08 5.59 5.96 5.59 5.82 
2016/09/09 5.90 5.91 5.72 5.75 
2016/09/10 5.61 5.69 5.60 5.64 
2016/09/12 5.62 5.87 5.62 5.74 
2016/09/13 5.70 5.73 5.62 5.73 
2016/09/14 5.70 5.70 5.66 5.68 
2016/09/19 5.78 5.87 5.72 5.80 
2016/09/20 5.84 6.38 5.77 6.38 
2016/09/21 6.60 6.91 6.50 6.89 
2016/09/22 7.08 7.08 6.50 6.54 
2016/09/23 6.72 6.72 6.54 6.61 
2016/09/26 6.69 7.27 6.60 7.27 
2016/09/29 7.49 7.72 7.35 7.64 
2016/09/30 7.50 7.50 7.20 7.28 
2016/10/03 7.22 7.27 6.84 6.97 
2016/10/04 6.77 6.98 6.77 6.88 
2016/10/05 6.90 7.06 6.83 6.92 
2016/10/06 6.92 6.92 6.74 6.82 
2016/10/07 6.99 6.99 6.75 6.80 
2016/10/11 6.30 6.77 6.22 6.32 
2016/10/12 6.32 6.32 6.02 6.08 
2016/10/13 6.10 6.10 6.02 6.06 
2016/10/14 5.68 5.90 5.68 5.90 
2016/10/17 5.75 5.90 5.69 5.86 
2016/10/18 6.01 6.40 6.00 6.31 
2016/10/19 6.02 6.22 6.02 6.09 
2016/10/20 6.02 6.18 6.00 6.10 
2016/10/21 6.12 6.19 6.11 6.11 
2016/10/24 6.11 6.11 6.01 6.04 
2016/10/25 6.15 6.29 6.10 6.12 
2016/10/26 6.04 6.20 6.02 6.08 
2016/10/27 6.18 6.18 6.03 6.10 
2016/10/28 6.10 6.15 6.01 6.04 
2016/10/31 5.95 6.05 5.95 6.05 
2016/11/01 6.00 6.13 5.91 6.11 
2016/11/02 5.98 6.00 5.90 5.95 
2016/11/03 5.80 5.90 5.79 5.85 
2016/11/04 5.80 5.93 5.75 5.88 
2016/11/07 5.94 5.94 5.81 5.86 
2016/11/08 5.80 5.98 5.80 5.85 
2016/11/09 5.85 5.99 5.30 5.30 
2016/11/10 5.50 5.68 5.40 5.65 
2016/11/11 5.65 5.65 5.42 5.47 
2016/11/14 5.48 5.71 5.48 5.61 
2016/11/15 5.52 5.68 5.50 5.58 
2016/11/16 5.83 5.83 5.60 5.65 
2016/11/17 5.52 5.69 5.52 5.69 
2016/11/18 5.71 5.71 5.62 5.69 
2016/11/21 5.68 5.80 5.60 5.80 
2016/11/22 5.80 5.90 5.76 5.88 
2016/11/23 5.88 5.89 5.80 5.89 
2016/11/24 5.89 5.90 5.78 5.84 
2016/11/25 5.86 5.87 5.75 5.87 
2016/11/28 5.87 5.95 5.71 5.72 
2016/11/29 5.72 5.78 5.71 5.75 
2016/11/30 5.75 5.79 5.69 5.79 
2016/12/01 5.70 5.77 5.69 5.77 
2016/12/02 5.77 5.77 5.67 5.67 
2016/12/05 5.63 5.64 5.60 5.64 
2016/12/06 5.65 5.76 5.60 5.71 
2016/12/07 5.70 5.72 5.64 5.65 
2016/12/08 5.67 5.87 5.66 5.80 
2016/12/09 5.77 5.84 5.76 5.81 
2016/12/12 5.83 6.39 5.83 6.39 
2016/12/13 6.45 6.49 6.06 6.13 
2016/12/14 6.15 6.15 6.01 6.14 
2016/12/15 6.06 6.10 6.03 6.06 
2016/12/16 6.06 6.21 6.06 6.07 
2016/12/19 6.07 6.07 5.98 5.98 
2016/12/20 5.93 5.98 5.80 5.95 
2016/12/21 6.19 6.19 5.95 6.00 
2016/12/22 5.91 5.95 5.83 5.83 
2016/12/23 5.83 5.89 5.80 5.83 
2016/12/26 5.99 5.99 5.80 5.85 
2016/12/27 5.77 5.88 5.77 5.85 
2016/12/28 5.84 5.93 5.84 5.93 
2016/12/29 5.93 5.93 5.82 5.82 
2016/12/30 5.82 5.83 5.80 5.81 
2017/01/03 5.83 5.90 5.78 5.83 
2017/01/04 5.85 5.86 5.80 5.82 
2017/01/05 5.87 5.87 5.78 5.84 
2017/01/06 5.83 5.84 5.76 5.78 
2017/01/09 5.78 5.85 5.77 5.79 
2017/01/10 5.76 5.76 5.71 5.71 
2017/01/11 5.72 5.79 5.70 5.75 
2017/01/12 5.75 5.79 5.70 5.79 
2017/01/13 5.76 5.76 5.72 5.76 
2017/01/16 5.76 5.77 5.70 5.74 
2017/01/17 5.74 5.95 5.73 5.89 
2017/01/18 5.90 6.34 5.87 6.18 
2017/01/19 6.15 6.15 5.96 6.06 
2017/01/20 6.00 6.02 5.93 5.94 
2017/01/23 5.95 6.02 5.92 5.93 
2017/01/24 5.90 6.20 5.88 6.07 
2017/02/02 6.15 6.15 6.05 6.11 
2017/02/03 6.12 6.14 6.07 6.11 
2017/02/06 6.11 6.20 6.09 6.20 
2017/02/07 6.18 6.40 6.16 6.30 
2017/02/08 6.30 6.47 6.26 6.35 
