2016/07/01 33.60 34.65 33.30 33.40 
2016/07/04 33.85 34.25 33.55 34.10 
2016/07/05 34.10 34.40 33.55 33.60 
2016/07/06 34.15 36.60 34.15 35.90 
2016/07/07 36.60 37.40 35.20 35.20 
2016/07/11 35.50 35.85 33.70 34.10 
2016/07/12 34.40 35.90 34.35 35.30 
2016/07/13 35.65 35.95 35.10 35.30 
2016/07/14 35.10 35.25 34.20 34.85 
2016/07/15 34.80 35.15 34.25 34.25 
2016/07/18 34.35 34.65 33.70 34.05 
2016/07/19 34.40 34.90 34.20 34.50 
2016/07/20 34.25 34.30 33.75 33.85 
2016/07/21 34.05 34.45 33.85 34.40 
2016/07/22 34.60 35.25 34.50 34.60 
2016/07/25 34.95 34.95 34.00 34.10 
2016/07/26 34.10 34.50 33.85 34.15 
2016/07/27 34.50 34.60 34.00 34.10 
2016/07/28 34.10 34.35 33.25 33.35 
2016/07/29 33.25 33.45 32.50 32.70 
2016/08/01 32.70 33.15 32.65 32.80 
2016/08/02 33.10 33.30 32.70 32.85 
2016/08/03 32.70 32.80 32.05 32.25 
2016/08/04 32.40 32.70 31.90 32.15 
2016/08/05 32.35 32.50 31.95 32.15 
2016/08/08 32.45 32.45 31.80 31.80 
2016/08/09 31.95 32.45 31.70 31.75 
2016/08/10 31.90 32.70 31.30 32.65 
2016/08/11 32.65 32.65 31.70 31.90 
2016/08/12 31.85 32.50 31.65 31.75 
2016/08/15 31.75 31.75 30.80 30.80 
2016/08/16 30.80 31.15 30.55 30.95 
2016/08/17 31.30 31.40 30.90 30.90 
2016/08/18 30.90 31.25 30.90 31.20 
2016/08/19 31.20 31.40 30.80 30.85 
2016/08/22 30.80 30.80 30.45 30.50 
2016/08/23 30.50 30.75 30.50 30.70 
2016/08/24 30.90 31.15 30.75 30.90 
2016/08/25 31.15 31.35 30.90 31.10 
2016/08/26 31.20 31.80 31.20 31.75 
2016/08/29 32.00 32.15 31.65 31.85 
2016/08/30 32.15 32.25 31.90 31.95 
2016/08/31 31.90 31.95 31.50 31.65 
2016/09/01 30.40 30.60 30.05 30.05 
2016/09/02 30.10 30.15 29.40 29.55 
2016/09/05 29.60 31.30 29.60 30.80 
2016/09/06 31.20 31.45 30.50 30.85 
2016/09/07 30.80 31.10 30.60 30.60 
2016/09/08 30.65 31.15 30.65 30.70 
2016/09/09 30.60 31.40 30.55 31.15 
2016/09/10 30.80 30.90 30.30 30.50 
2016/09/12 30.70 30.70 30.20 30.20 
2016/09/13 30.45 30.60 29.85 29.85 
2016/09/14 29.70 29.85 29.50 29.60 
2016/09/19 29.75 30.20 29.75 29.95 
2016/09/20 30.10 31.20 29.90 30.70 
2016/09/21 30.90 30.95 30.55 30.70 
2016/09/22 30.80 31.10 30.50 30.50 
2016/09/23 30.50 30.90 30.50 30.90 
2016/09/26 30.90 30.90 30.50 30.50 
2016/09/29 30.50 30.55 30.30 30.30 
2016/09/30 30.30 30.40 30.00 30.05 
2016/10/03 30.05 30.25 29.90 30.00 
2016/10/04 30.20 30.20 29.80 29.85 
2016/10/05 29.80 30.20 29.65 29.75 
2016/10/06 30.00 30.05 29.75 29.80 
2016/10/07 29.80 29.80 29.40 29.40 
2016/10/11 29.55 29.55 26.50 26.50 
2016/10/12 26.30 26.30 25.60 26.00 
2016/10/13 25.70 26.20 25.65 25.75 
2016/10/14 25.75 26.50 25.75 25.90 
2016/10/17 25.90 25.90 25.40 25.45 
2016/10/18 25.30 25.30 24.65 24.85 
2016/10/19 25.00 25.45 25.00 25.25 
2016/10/20 24.95 25.40 24.95 25.30 
2016/10/21 25.35 26.00 25.15 25.65 
2016/10/24 25.70 25.90 25.50 25.50 
2016/10/25 25.55 25.85 25.55 25.80 
2016/10/26 25.70 26.15 25.55 25.80 
2016/10/27 26.10 26.75 26.00 26.25 
2016/10/28 26.25 26.25 25.65 25.65 
2016/10/31 25.40 25.60 25.10 25.40 
2016/11/01 25.55 25.60 25.25 25.40 
2016/11/02 25.25 25.25 24.85 24.90 
2016/11/03 24.90 25.00 23.00 23.50 
2016/11/04 23.20 24.05 23.20 23.50 
2016/11/07 23.60 23.85 23.50 23.55 
2016/11/08 23.70 24.00 23.60 23.70 
2016/11/09 23.70 23.90 22.10 22.20 
2016/11/10 23.00 24.10 22.90 24.10 
2016/11/11 23.70 23.70 22.50 23.20 
2016/11/14 22.85 23.00 22.50 22.80 
2016/11/15 23.00 23.40 22.90 23.40 
2016/11/16 23.50 23.55 23.20 23.40 
2016/11/17 23.25 23.25 23.00 23.05 
2016/11/18 23.05 23.25 23.00 23.15 
2016/11/21 23.20 23.80 23.20 23.75 
2016/11/22 24.20 24.20 23.50 23.70 
2016/11/23 23.90 24.00 23.70 23.90 
2016/11/24 24.00 24.00 23.65 23.70 
2016/11/25 23.95 23.95 23.35 23.40 
2016/11/28 23.15 23.60 23.15 23.30 
2016/11/29 23.20 23.60 23.20 23.35 
2016/11/30 23.40 23.90 23.40 23.50 
2016/12/01 23.55 23.75 23.55 23.60 
2016/12/02 23.55 23.80 23.55 23.75 
2016/12/05 23.80 26.10 23.65 26.10 
2016/12/06 26.40 26.85 25.95 25.95 
2016/12/07 25.80 26.00 25.50 25.70 
2016/12/08 26.00 26.30 25.85 25.85 
2016/12/09 25.75 26.20 25.70 26.00 
2016/12/12 26.30 27.50 26.30 26.40 
2016/12/13 26.30 26.50 26.05 26.10 
2016/12/14 26.35 26.35 26.00 26.10 
2016/12/15 26.45 28.30 26.45 27.40 
2016/12/16 27.45 28.00 27.25 27.40 
2016/12/19 27.40 27.80 26.90 27.00 
2016/12/20 27.20 27.90 26.95 27.80 
2016/12/21 27.95 28.10 27.60 27.60 
2016/12/22 27.90 29.00 27.90 27.90 
2016/12/23 27.70 28.50 27.65 27.85 
2016/12/26 28.05 28.10 27.45 27.60 
2016/12/27 27.95 28.00 27.80 27.80 
2016/12/28 28.60 29.20 28.40 28.50 
2016/12/29 28.30 28.70 28.20 28.40 
2016/12/30 28.50 29.15 28.45 28.50 
2017/01/03 28.90 28.90 28.05 28.05 
2017/01/04 28.25 28.50 27.95 28.05 
2017/01/05 28.10 28.30 27.95 28.00 
2017/01/06 28.10 28.30 27.80 27.85 
2017/01/09 27.85 28.05 27.65 27.65 
2017/01/10 27.55 28.05 27.45 27.75 
2017/01/11 28.20 28.95 28.20 28.60 
2017/01/12 28.60 28.60 28.10 28.15 
2017/01/13 28.15 28.65 28.15 28.30 
2017/01/16 28.50 28.55 27.95 27.95 
2017/01/17 28.00 28.00 27.75 27.75 
2017/01/18 27.80 27.80 27.20 27.35 
2017/01/19 27.45 27.65 27.35 27.35 
2017/01/20 27.35 27.50 27.20 27.20 
2017/01/23 27.30 27.80 27.30 27.60 
2017/01/24 27.40 27.70 27.30 27.35 
2017/02/02 27.35 27.50 27.15 27.25 
2017/02/03 27.35 27.35 27.00 27.35 
2017/02/06 27.45 27.85 27.40 27.60 
2017/02/07 27.50 27.85 27.50 27.80 
2017/02/08 27.80 27.80 27.55 27.65 
