2016/07/01 141.00 144.50 141.00 143.00 
2016/07/04 144.00 144.50 141.00 141.50 
2016/07/05 141.50 142.00 140.00 142.00 
2016/07/06 141.00 141.00 140.00 140.50 
2016/07/07 141.00 141.50 140.00 141.00 
2016/07/11 142.00 142.00 138.00 140.00 
2016/07/12 140.50 140.50 138.50 139.50 
2016/07/13 140.00 140.00 138.00 138.00 
2016/07/14 139.50 140.50 139.00 139.00 
2016/07/15 140.00 140.00 139.00 139.50 
2016/07/18 139.50 140.00 139.00 140.00 
2016/07/19 140.50 140.50 136.50 138.50 
2016/07/20 137.50 140.50 137.50 139.50 
2016/07/21 140.50 140.50 139.00 139.50 
2016/07/22 140.00 141.50 140.00 141.50 
2016/07/25 140.00 142.50 140.00 142.00 
2016/07/26 141.50 145.00 141.50 144.00 
2016/07/27 144.00 145.00 144.00 144.00 
2016/07/28 145.00 147.00 144.00 146.00 
2016/07/29 147.00 147.00 146.00 146.50 
2016/08/01 147.00 147.00 145.00 145.50 
2016/08/02 146.50 147.00 145.50 145.50 
2016/08/03 145.50 145.50 144.50 145.00 
2016/08/04 145.00 145.50 144.00 144.50 
2016/08/05 144.00 145.00 144.00 145.00 
2016/08/08 145.00 147.00 145.00 146.00 
2016/08/09 147.50 148.50 146.50 147.50 
2016/08/10 147.50 147.50 147.00 147.50 
2016/08/11 153.00 154.50 149.50 154.00 
2016/08/12 154.50 155.00 153.00 154.50 
2016/08/15 155.00 155.50 152.50 153.00 
2016/08/16 154.00 156.50 152.50 155.00 
2016/08/17 155.50 156.00 154.00 156.00 
2016/08/18 156.00 158.50 155.50 158.50 
2016/08/19 158.50 162.00 158.00 159.00 
2016/08/22 158.00 158.00 153.50 155.50 
2016/08/23 156.50 158.00 155.00 156.50 
2016/08/24 158.00 160.00 157.00 159.00 
2016/08/25 159.00 161.00 158.00 158.50 
2016/08/26 160.00 160.00 158.50 159.50 
2016/08/29 159.50 160.50 157.50 160.50 
2016/08/30 160.50 161.00 159.00 160.00 
2016/08/31 161.00 161.00 156.00 157.50 
2016/09/01 157.50 159.00 156.50 157.00 
2016/09/02 157.00 158.00 153.50 155.50 
2016/09/05 156.50 157.50 154.50 157.00 
2016/09/06 158.00 161.50 158.00 158.50 
2016/09/07 160.50 161.00 158.00 161.00 
2016/09/08 161.00 162.50 158.50 162.00 
2016/09/09 158.50 161.00 156.50 160.00 
2016/09/10 158.00 158.50 157.00 157.50 
2016/09/12 159.50 160.00 158.00 159.50 
2016/09/13 160.00 160.00 158.00 158.50 
2016/09/14 158.50 158.50 155.00 158.00 
2016/09/19 158.50 159.50 157.50 159.50 
2016/09/20 159.50 160.00 158.50 158.50 
2016/09/21 159.50 160.00 158.00 160.00 
2016/09/22 160.00 163.00 160.00 161.00 
2016/09/23 160.50 164.00 160.50 163.00 
2016/09/26 163.00 163.00 161.50 163.00 
2016/09/29 160.50 162.50 159.50 160.00 
2016/09/30 160.00 162.00 160.00 161.00 
2016/10/03 161.00 164.00 161.00 163.50 
2016/10/04 163.00 168.50 163.00 167.00 
2016/10/05 168.00 168.00 166.00 166.00 
2016/10/06 165.50 167.00 164.50 165.50 
2016/10/07 164.50 167.50 162.00 164.00 
2016/10/11 161.00 162.00 157.00 157.00 
2016/10/12 157.00 159.00 157.00 158.50 
2016/10/13 158.50 159.50 158.00 159.50 
2016/10/14 157.50 160.00 156.50 157.00 
2016/10/17 156.50 158.00 153.00 158.00 
2016/10/18 157.00 158.00 155.50 157.50 
2016/10/19 157.50 159.50 157.00 159.00 
2016/10/20 158.50 158.50 157.00 158.50 
2016/10/21 158.00 158.50 153.00 153.00 
2016/10/24 153.00 153.00 150.50 151.50 
2016/10/25 151.00 152.00 150.50 151.50 
2016/10/26 151.50 152.00 150.50 151.00 
2016/10/27 151.00 153.00 151.00 151.50 
2016/10/28 151.50 151.50 150.50 150.50 
2016/10/31 149.00 152.50 148.50 152.50 
2016/11/01 150.50 153.00 150.50 152.00 
2016/11/02 151.00 152.00 150.50 151.50 
2016/11/03 151.00 151.00 147.50 148.50 
2016/11/04 148.50 150.50 148.50 150.00 
2016/11/07 150.50 151.50 150.00 150.50 
2016/11/08 150.50 150.50 148.00 150.00 
2016/11/09 149.00 149.00 145.00 146.00 
2016/11/10 148.00 151.00 147.00 149.00 
2016/11/11 149.00 149.50 146.00 148.00 
2016/11/14 149.50 149.50 146.50 148.00 
2016/11/15 148.00 150.00 147.00 149.50 
2016/11/16 149.50 150.00 148.00 148.50 
2016/11/17 149.00 149.00 147.50 148.50 
2016/11/18 149.00 151.00 149.00 151.00 
2016/11/21 149.50 151.00 149.00 151.00 
2016/11/22 150.00 152.00 150.00 151.50 
2016/11/23 151.50 151.50 149.50 150.00 
2016/11/24 149.00 149.50 148.00 149.00 
2016/11/25 150.00 150.50 149.00 150.00 
2016/11/28 150.00 152.00 150.00 151.50 
2016/11/29 151.50 152.00 150.50 151.50 
2016/11/30 150.00 151.50 150.00 151.00 
2016/12/01 151.00 151.50 150.00 150.50 
2016/12/02 149.50 151.00 149.50 150.00 
2016/12/05 150.00 151.50 150.00 151.00 
2016/12/06 151.50 151.50 150.00 150.00 
2016/12/07 150.00 151.50 150.00 150.50 
2016/12/08 150.50 151.50 150.50 150.50 
2016/12/09 150.00 153.50 150.00 153.00 
2016/12/12 153.50 153.50 152.50 153.00 
2016/12/13 152.00 153.00 151.50 152.00 
2016/12/14 151.00 153.00 151.00 152.00 
2016/12/15 152.00 154.00 151.00 152.50 
2016/12/16 152.50 155.00 152.50 155.00 
2016/12/19 155.00 159.50 155.00 157.00 
2016/12/20 156.00 159.50 156.00 158.50 
2016/12/21 158.50 161.00 158.00 160.00 
2016/12/22 159.50 161.50 159.50 160.00 
2016/12/23 160.00 161.00 158.00 159.00 
2016/12/26 159.00 160.50 159.00 160.00 
2016/12/27 160.00 161.00 159.00 160.00 
2016/12/28 160.00 160.00 159.50 159.50 
2016/12/29 159.50 160.50 159.00 160.00 
2016/12/30 160.50 161.00 160.00 160.50 
2017/01/03 161.00 161.00 159.00 159.00 
2017/01/04 159.00 161.00 159.00 160.00 
2017/01/05 160.00 162.50 160.00 161.50 
2017/01/06 160.50 163.00 160.50 163.00 
2017/01/09 163.00 163.00 161.00 161.50 
2017/01/10 162.50 163.00 161.00 162.50 
2017/01/11 162.50 163.50 162.50 163.50 
2017/01/12 163.50 163.50 162.00 162.00 
2017/01/13 163.00 163.00 161.50 162.00 
2017/01/16 160.00 162.00 159.50 160.50 
2017/01/17 159.50 162.50 159.50 161.50 
2017/01/18 162.00 163.00 161.50 162.50 
2017/01/19 162.50 163.00 162.00 163.00 
2017/01/20 163.00 163.00 161.50 162.00 
2017/01/23 160.50 163.00 160.50 163.00 
2017/01/24 162.50 162.50 161.00 161.00 
2017/02/02 161.00 162.50 160.50 161.00 
2017/02/03 161.00 161.00 159.50 160.00 
2017/02/06 159.50 161.00 159.50 160.00 
2017/02/07 161.00 161.00 159.50 161.00 
2017/02/08 161.00 161.00 160.00 160.50 
