2016/07/01 9.51 10.15 9.51 9.98 
2016/07/04 10.05 10.10 9.95 9.95 
2016/07/05 9.95 10.20 9.86 9.86 
2016/07/06 9.71 9.80 9.63 9.80 
2016/07/07 9.76 10.50 9.76 10.45 
2016/07/11 10.85 11.45 10.85 11.45 
2016/07/12 11.45 11.70 11.20 11.30 
2016/07/13 11.25 12.40 11.05 12.40 
2016/07/14 13.05 13.50 12.75 13.10 
2016/07/15 13.20 13.25 12.85 13.15 
2016/07/18 13.10 13.10 12.60 12.90 
2016/07/19 13.00 14.15 13.00 13.20 
2016/07/20 13.50 13.95 13.20 13.45 
2016/07/21 13.45 13.60 13.00 13.25 
2016/07/22 13.25 13.55 13.10 13.35 
2016/07/25 13.50 13.50 12.60 12.80 
2016/07/26 13.05 13.05 12.70 12.80 
2016/07/27 13.00 13.00 12.40 12.55 
2016/07/28 12.50 12.75 12.40 12.50 
2016/07/29 12.50 13.30 12.50 12.75 
2016/08/01 12.65 13.05 12.65 13.05 
2016/08/02 13.00 13.15 12.90 13.00 
2016/08/03 13.00 14.30 13.00 14.30 
2016/08/04 14.45 15.35 14.00 15.10 
2016/08/05 15.10 15.20 14.80 15.15 
2016/08/08 15.15 15.60 14.10 14.25 
2016/08/09 14.75 15.65 14.75 15.65 
2016/08/10 16.15 16.30 15.10 15.10 
2016/08/11 15.10 15.95 14.45 15.90 
2016/08/12 16.30 17.20 15.80 16.10 
2016/08/15 16.20 17.45 15.80 17.45 
2016/08/16 17.80 18.25 17.40 17.60 
2016/08/17 17.70 18.20 17.40 17.90 
2016/08/18 18.20 18.75 18.10 18.75 
2016/08/19 19.00 20.10 18.90 19.55 
2016/08/22 19.50 19.50 18.40 18.90 
2016/08/23 19.10 20.75 18.95 20.75 
2016/08/24 21.30 22.55 19.10 19.30 
2016/08/25 18.80 20.05 18.50 19.30 
2016/08/26 19.30 21.20 19.10 21.20 
2016/08/29 21.10 22.10 20.35 21.25 
2016/08/30 21.45 21.80 21.00 21.25 
2016/08/31 21.40 21.40 20.30 20.80 
2016/09/01 21.20 22.10 19.75 20.05 
2016/09/02 20.15 20.20 19.20 19.55 
2016/09/05 20.25 20.50 19.80 19.85 
2016/09/06 20.10 20.65 19.95 20.55 
2016/09/07 20.35 20.80 20.15 20.15 
2016/09/08 20.80 22.15 20.80 22.15 
2016/09/09 22.00 22.70 21.80 22.60 
2016/09/10 22.30 22.30 21.70 22.00 
2016/09/12 22.40 22.65 21.20 21.20 
2016/09/13 21.50 21.75 19.80 20.40 
2016/09/14 20.70 20.70 19.80 20.35 
2016/09/19 20.70 21.30 20.50 20.65 
2016/09/20 20.80 21.55 20.65 21.20 
2016/09/21 21.20 21.55 21.00 21.30 
2016/09/22 21.80 22.20 21.45 21.50 
2016/09/23 21.85 22.00 21.40 21.45 
2016/09/26 21.30 21.70 21.05 21.20 
2016/09/29 21.55 21.70 20.45 20.55 
2016/09/30 20.20 20.70 19.90 20.70 
2016/10/03 20.50 22.35 20.40 22.35 
2016/10/04 23.00 23.85 22.30 22.30 
2016/10/05 21.85 22.45 21.50 21.75 
2016/10/06 22.00 22.35 21.60 22.20 
2016/10/07 22.25 22.30 21.00 21.25 
2016/10/11 22.00 22.00 19.90 20.65 
2016/10/12 20.65 21.00 20.15 20.55 
2016/10/13 20.80 20.90 20.30 20.30 
2016/10/14 20.30 20.30 19.15 19.40 
2016/10/17 19.70 20.20 19.15 20.00 
2016/10/18 20.05 22.00 20.05 22.00 
2016/10/19 22.20 22.30 21.70 21.95 
2016/10/20 22.15 22.70 21.45 21.45 
2016/10/21 21.25 22.10 21.00 21.20 
2016/10/24 21.20 21.65 21.00 21.45 
2016/10/25 21.35 21.95 21.30 21.75 
2016/10/26 22.00 22.65 21.65 21.65 
2016/10/27 21.80 23.50 21.65 22.15 
2016/10/28 23.95 24.35 23.00 24.35 
2016/10/31 25.50 26.75 24.90 26.75 
2016/11/01 26.20 27.60 25.90 26.35 
2016/11/02 26.35 28.40 25.45 26.10 
2016/11/03 27.00 27.60 26.45 27.50 
2016/11/04 27.20 27.20 25.95 26.50 
2016/11/07 26.95 27.85 26.25 27.65 
2016/11/08 28.60 29.15 27.80 28.40 
2016/11/09 27.95 28.20 26.15 26.20 
2016/11/10 27.90 28.80 27.05 28.80 
2016/11/11 29.00 29.95 28.30 29.30 
2016/11/14 28.60 28.60 27.45 28.35 
2016/11/15 28.65 28.65 27.75 27.75 
2016/11/16 28.00 28.15 26.75 26.75 
2016/11/17 26.85 27.95 26.85 27.70 
2016/11/18 27.65 30.00 27.60 29.50 
2016/11/21 29.90 30.60 29.50 29.85 
2016/11/22 30.00 30.00 29.00 29.35 
2016/11/23 29.80 30.95 29.10 30.90 
2016/11/24 30.60 31.50 30.20 31.50 
2016/11/25 32.00 33.00 31.55 33.00 
2016/11/28 33.60 34.15 31.10 31.50 
2016/11/29 33.20 34.65 32.75 34.65 
2016/11/30 34.10 34.70 33.40 33.80 
2016/12/01 33.95 34.65 33.40 34.60 
2016/12/02 34.00 34.50 32.00 32.65 
2016/12/05 32.60 32.60 30.30 30.80 
2016/12/06 32.40 32.40 30.60 30.95 
2016/12/07 31.00 31.40 30.45 31.10 
2016/12/08 31.10 31.95 30.90 30.95 
2016/12/09 31.00 31.20 30.30 30.30 
2016/12/12 30.35 30.50 28.80 29.65 
2016/12/13 30.80 32.60 30.65 32.60 
2016/12/14 33.15 33.45 32.00 32.00 
2016/12/15 32.00 33.30 31.70 32.10 
2016/12/16 32.10 33.30 32.10 32.35 
2016/12/19 33.00 33.40 32.40 32.50 
2016/12/20 32.80 32.90 31.20 31.70 
2016/12/21 31.60 31.65 30.70 30.85 
2016/12/22 30.85 31.80 30.10 30.90 
2016/12/23 30.90 31.90 30.90 31.00 
2016/12/26 30.95 31.40 30.85 31.10 
2016/12/27 31.70 33.35 31.05 31.40 
2016/12/28 32.35 32.60 31.60 31.95 
2016/12/29 32.05 32.25 31.60 31.70 
2016/12/30 32.00 32.40 31.75 32.10 
2017/01/03 32.20 34.35 32.20 32.70 
2017/01/04 32.70 33.15 32.45 32.70 
2017/01/05 33.00 33.00 32.15 32.15 
2017/01/06 32.10 33.00 31.75 31.90 
2017/01/09 32.00 32.15 31.10 31.15 
2017/01/10 30.40 30.75 29.90 30.00 
2017/01/11 29.80 30.30 29.60 29.80 
2017/01/12 30.00 30.10 29.70 29.75 
2017/01/13 29.80 30.20 29.70 29.85 
2017/01/16 30.00 30.00 29.10 29.10 
2017/01/17 29.15 29.40 27.30 28.10 
2017/01/18 28.00 29.60 27.80 29.60 
2017/01/19 30.20 30.80 29.65 29.65 
2017/01/20 30.10 30.55 29.65 29.65 
2017/01/23 29.95 32.60 29.30 29.60 
2017/01/24 30.00 30.25 29.40 29.50 
2017/02/02 29.60 29.80 28.50 28.85 
2017/02/03 28.85 29.65 28.55 28.80 
2017/02/06 28.80 29.20 28.65 29.00 
2017/02/07 29.25 29.30 28.80 28.80 
2017/02/08 29.35 30.20 29.30 29.30 
