2016/07/01 14.55 14.55 14.45 14.45 
2016/07/04 14.55 14.65 14.50 14.65 
2016/07/05 14.80 14.80 14.50 14.65 
2016/07/06 14.55 15.20 14.55 14.85 
2016/07/07 15.05 15.15 14.60 14.90 
2016/07/11 15.10 15.80 14.90 15.75 
2016/07/12 15.65 15.65 15.10 15.10 
2016/07/13 15.10 15.25 14.90 15.05 
2016/07/14 14.95 15.00 14.80 14.80 
2016/07/15 14.80 15.15 14.80 15.00 
2016/07/18 15.00 15.10 14.50 14.75 
2016/07/19 14.85 14.85 14.55 14.60 
2016/07/20 14.70 16.05 14.70 15.90 
2016/07/21 16.30 16.30 15.55 15.90 
2016/07/22 16.00 16.30 15.85 15.95 
2016/07/25 16.25 16.25 15.75 15.85 
2016/07/26 15.80 16.00 15.30 15.45 
2016/07/27 15.45 15.50 15.35 15.35 
2016/07/28 15.30 15.40 15.25 15.25 
2016/07/29 15.25 15.60 15.25 15.40 
2016/08/01 15.65 15.70 15.35 15.40 
2016/08/02 15.40 15.70 15.40 15.45 
2016/08/03 15.40 15.45 15.35 15.45 
2016/08/04 15.45 15.45 15.35 15.35 
2016/08/05 15.35 15.70 15.35 15.40 
2016/08/08 15.40 15.40 15.25 15.25 
2016/08/09 15.25 15.35 15.05 15.05 
2016/08/10 15.15 15.30 14.95 14.95 
2016/08/11 14.80 14.80 14.30 14.35 
2016/08/12 14.45 14.65 14.45 14.60 
2016/08/15 14.60 14.85 14.60 14.80 
2016/08/16 14.60 14.90 14.55 14.90 
2016/08/17 14.70 15.30 14.70 15.10 
2016/08/18 14.95 15.20 14.95 15.05 
2016/08/19 15.00 15.25 14.80 15.20 
2016/08/22 15.20 15.20 14.65 14.65 
2016/08/23 14.30 14.65 14.30 14.35 
2016/08/24 14.45 14.60 14.30 14.40 
2016/08/25 14.55 15.00 14.55 14.85 
2016/08/26 14.70 15.00 14.60 14.85 
2016/08/29 14.80 14.80 14.65 14.80 
2016/08/30 14.80 14.90 14.80 14.80 
2016/08/31 14.85 15.20 14.85 15.05 
2016/09/01 15.15 15.15 14.95 15.00 
2016/09/02 15.00 15.45 15.00 15.10 
2016/09/05 15.35 15.40 15.05 15.10 
2016/09/06 15.10 15.20 15.00 15.10 
2016/09/07 15.00 15.35 15.00 15.20 
2016/09/08 15.20 15.40 15.15 15.15 
2016/09/09 15.10 15.15 15.10 15.15 
2016/09/10 15.00 15.00 14.90 15.00 
2016/09/12 15.65 15.80 14.80 14.80 
2016/09/13 15.20 15.20 14.80 14.80 
2016/09/14 14.80 14.80 14.75 14.75 
2016/09/19 14.85 15.05 14.85 15.00 
2016/09/20 15.00 15.00 14.90 14.95 
2016/09/21 14.90 15.00 14.85 15.00 
2016/09/22 15.00 15.30 14.90 15.00 
2016/09/23 15.00 15.25 14.95 15.10 
2016/09/26 15.10 15.10 15.05 15.10 
2016/09/29 15.30 15.70 15.15 15.55 
2016/09/30 15.75 15.75 15.20 15.20 
2016/10/03 15.40 15.40 15.10 15.40 
2016/10/04 15.30 15.40 15.05 15.25 
2016/10/05 15.40 15.40 14.95 15.05 
2016/10/06 15.05 15.15 14.90 15.00 
2016/10/07 14.90 15.00 14.80 15.00 
2016/10/11 14.85 14.90 14.40 14.75 
2016/10/12 14.60 14.85 14.60 14.80 
2016/10/13 14.80 14.90 14.60 14.80 
2016/10/14 14.50 14.55 14.05 14.05 
2016/10/17 14.50 14.75 14.05 14.75 
2016/10/18 14.50 14.50 14.40 14.40 
2016/10/19 14.40 14.80 14.40 14.65 
2016/10/20 14.50 14.50 14.40 14.40 
2016/10/21 14.50 14.50 14.00 14.30 
2016/10/24 14.30 14.60 14.10 14.60 
2016/10/25 14.40 14.40 14.40 14.40 
2016/10/26 14.35 14.50 14.35 14.35 
2016/10/27 14.60 14.60 14.30 14.35 
2016/10/28 14.35 14.35 14.25 14.25 
2016/10/31 14.20 14.20 14.00 14.05 
2016/11/01 14.05 14.10 14.05 14.05 
2016/11/02 13.90 13.90 13.70 13.70 
2016/11/03 13.70 13.95 13.70 13.95 
2016/11/04 13.95 14.00 13.85 14.00 
2016/11/07 14.10 14.10 13.70 13.90 
2016/11/08 14.10 14.10 13.75 14.00 
2016/11/09 13.85 13.85 13.40 13.45 
2016/11/10 14.00 14.00 13.60 13.90 
2016/11/11 14.10 14.20 13.70 14.20 
2016/11/14 14.20 14.25 13.85 14.00 
2016/11/15 13.90 14.00 13.80 14.00 
2016/11/16 14.00 14.00 14.00 14.00 
2016/11/17 13.75 13.75 13.60 13.65 
2016/11/18 13.90 13.90 13.80 13.80 
2016/11/21 13.75 14.00 13.75 13.85 
2016/11/22 13.85 13.95 13.70 13.95 
2016/11/23 13.95 13.95 13.85 13.85 
2016/11/24 13.85 13.85 13.85 13.85 
2016/11/25 13.80 13.80 13.75 13.80 
2016/11/28 13.70 13.95 13.70 13.95 
2016/11/29 13.95 14.05 13.95 14.00 
2016/11/30 13.90 14.25 13.90 14.10 
2016/12/01 14.20 14.20 14.00 14.05 
2016/12/02 13.95 13.95 13.70 13.75 
2016/12/05 13.70 14.50 13.70 14.20 
2016/12/06 14.20 14.35 14.20 14.25 
2016/12/07 14.25 14.40 14.20 14.30 
2016/12/08 14.30 14.45 14.20 14.40 
2016/12/09 14.50 14.50 14.20 14.40 
2016/12/12 14.50 14.80 14.35 14.80 
2016/12/13 14.60 14.75 14.40 14.75 
2016/12/14 14.85 14.85 14.45 14.60 
2016/12/15 14.60 14.60 14.40 14.40 
2016/12/16 14.40 14.45 14.25 14.25 
2016/12/19 14.15 14.30 14.05 14.25 
2016/12/20 14.20 14.20 14.00 14.15 
2016/12/21 14.30 14.30 14.00 14.00 
2016/12/22 14.00 14.00 13.80 13.90 
2016/12/23 13.90 13.90 13.85 13.85 
2016/12/26 13.70 13.90 13.70 13.90 
2016/12/27 13.95 13.95 13.95 13.95 
2016/12/28 13.95 14.00 13.90 13.90 
2016/12/29 13.95 13.95 13.95 13.95 
2016/12/30 14.00 14.00 13.95 14.00 
2017/01/03 14.00 14.00 13.95 13.95 
2017/01/04 14.00 14.10 13.90 14.10 
2017/01/05 14.00 14.10 13.90 14.10 
2017/01/06 14.10 14.20 13.95 14.15 
2017/01/09 14.20 14.20 13.85 14.00 
2017/01/10 13.90 14.00 13.90 14.00 
2017/01/11 14.15 14.25 14.10 14.20 
2017/01/12 14.15 14.15 13.95 13.95 
2017/01/13 13.85 14.10 13.85 14.00 
2017/01/16 14.20 14.20 13.90 13.95 
2017/01/17 14.10 14.10 13.90 14.00 
2017/01/18 14.10 14.10 13.90 13.95 
2017/01/19 14.00 14.00 13.95 14.00 
2017/01/20 14.10 14.15 14.00 14.00 
2017/01/23 14.00 14.10 14.00 14.10 
2017/01/24 14.10 14.25 14.10 14.20 
2017/02/02 14.20 14.25 14.10 14.10 
2017/02/03 14.10 14.10 13.90 13.90 
2017/02/06 14.00 14.45 14.00 14.40 
2017/02/07 14.40 14.40 14.20 14.40 
2017/02/08 14.30 14.60 14.20 14.55 
