2016/07/01 58.80 58.80 56.50 57.40 
2016/07/04 58.00 58.20 57.70 58.00 
2016/07/05 58.10 58.10 57.50 57.60 
2016/07/06 57.20 57.60 57.20 57.40 
2016/07/07 57.40 58.30 57.40 57.50 
2016/07/11 57.60 57.70 57.00 57.20 
2016/07/12 57.30 57.50 57.20 57.30 
2016/07/13 57.10 57.30 57.00 57.20 
2016/07/14 57.20 58.00 57.00 57.00 
2016/07/15 57.10 57.30 57.00 57.00 
2016/07/18 56.90 57.10 56.80 57.10 
2016/07/19 56.90 57.50 56.90 57.50 
2016/07/20 57.50 57.80 57.50 57.50 
2016/07/21 58.50 59.10 58.20 58.50 
2016/07/22 58.40 58.70 58.20 58.50 
2016/07/26 58.50 58.50 57.20 58.00 
2016/07/27 58.00 58.30 57.70 57.80 
2016/07/28 58.00 59.10 58.00 58.40 
2016/07/29 57.80 59.30 57.80 58.60 
2016/08/01 58.20 59.50 58.20 58.80 
2016/08/02 58.80 59.10 58.80 59.00 
2016/08/03 59.00 59.10 58.60 58.60 
2016/08/04 58.50 58.90 58.50 58.90 
2016/08/05 58.90 59.30 58.90 59.00 
2016/08/08 59.00 59.50 59.00 59.50 
2016/08/09 59.30 59.50 59.30 59.50 
2016/08/10 59.10 59.90 59.10 59.60 
2016/08/11 60.00 60.00 59.00 59.00 
2016/08/12 58.90 59.30 58.60 59.30 
2016/08/15 59.40 59.50 58.80 58.80 
2016/08/16 58.10 58.80 58.10 58.80 
2016/08/17 59.40 61.90 58.50 61.50 
2016/08/18 60.30 61.20 60.30 61.10 
2016/08/19 59.70 61.30 59.70 60.40 
2016/08/22 59.00 59.60 58.80 59.40 
2016/08/23 58.60 59.20 58.60 59.00 
2016/08/25 59.10 60.50 59.00 60.50 
2016/08/26 60.30 61.40 60.30 60.50 
2016/08/29 60.50 60.60 59.90 60.60 
2016/08/30 60.10 60.90 60.10 60.80 
2016/08/31 60.70 60.70 59.00 59.00 
2016/09/01 53.90 53.90 53.20 53.90 
2016/09/02 53.60 53.90 53.40 53.40 
2016/09/05 53.40 54.30 53.40 54.20 
2016/09/06 54.10 54.50 54.10 54.10 
2016/09/07 54.50 56.40 54.50 56.40 
2016/09/09 56.20 57.20 56.20 56.30 
2016/09/10 55.90 55.90 55.30 55.30 
2016/09/12 55.70 55.90 55.40 55.60 
2016/09/13 55.80 56.00 55.80 56.00 
2016/09/14 55.80 56.50 55.80 56.10 
2016/09/19 56.10 57.00 55.60 57.00 
2016/09/20 57.00 57.80 56.00 57.80 
2016/09/21 57.60 60.00 57.60 58.90 
2016/09/22 58.80 58.80 57.00 58.50 
2016/09/23 58.50 60.80 58.50 60.80 
2016/09/26 59.60 59.80 58.80 59.80 
2016/09/29 59.80 59.90 59.60 59.90 
2016/09/30 60.00 60.30 59.70 59.70 
2016/10/03 59.20 59.20 58.70 58.70 
2016/10/04 58.70 58.70 58.70 58.70 
2016/10/06 58.00 59.50 57.80 59.50 
2016/10/07 58.10 60.40 58.10 59.90 
2016/10/11 59.00 59.00 59.00 59.00 
2016/10/13 59.50 59.50 59.50 59.50 
2016/10/14 57.70 58.90 57.70 57.80 
2016/10/17 57.10 58.70 57.10 58.70 
2016/10/18 57.10 57.30 56.30 57.20 
2016/10/19 56.50 57.00 56.30 56.30 
2016/10/20 55.50 56.90 55.40 55.90 
2016/10/21 55.80 56.00 55.80 56.00 
2016/10/24 55.70 57.00 55.70 57.00 
2016/10/25 56.00 56.10 56.00 56.10 
2016/10/26 57.90 57.90 55.70 55.90 
2016/10/27 55.60 55.60 55.00 55.00 
2016/10/28 55.00 55.00 53.80 54.50 
2016/10/31 54.70 54.70 54.60 54.60 
2016/11/01 54.00 54.60 54.00 54.10 
2016/11/02 53.10 53.10 52.70 52.70 
2016/11/03 52.70 52.70 51.50 51.60 
2016/11/04 52.00 52.50 52.00 52.50 
2016/11/07 51.50 51.50 50.50 51.50 
2016/11/08 50.70 51.00 50.60 50.60 
2016/11/09 49.85 49.85 48.20 48.70 
2016/11/10 48.90 50.70 48.90 49.20 
2016/11/11 51.00 52.00 48.35 49.35 
2016/11/15 46.50 47.30 46.50 47.20 
2016/11/16 47.05 49.60 47.05 47.20 
2016/11/17 47.30 47.30 47.25 47.25 
2016/11/18 47.30 47.50 47.25 47.25 
2016/11/21 48.00 49.00 47.30 49.00 
2016/11/22 49.00 49.10 48.50 49.00 
2016/11/23 50.00 52.90 49.50 49.95 
2016/11/24 50.50 50.50 49.20 49.45 
2016/11/25 49.50 49.50 49.45 49.45 
2016/11/28 49.40 49.40 49.00 49.00 
2016/11/29 48.50 49.00 48.50 49.00 
2016/11/30 51.10 51.10 49.15 49.15 
2016/12/01 50.40 52.00 50.10 50.10 
2016/12/02 49.05 49.50 49.05 49.50 
2016/12/05 49.60 49.60 49.60 49.60 
2016/12/06 50.90 50.90 50.20 50.20 
2016/12/07 50.00 50.00 49.95 49.95 
2016/12/08 50.00 50.00 49.40 49.85 
2016/12/09 50.50 51.00 50.50 50.80 
2016/12/12 52.30 52.30 50.10 50.30 
2016/12/13 50.10 50.10 50.10 50.10 
2016/12/14 50.30 50.90 50.20 50.90 
2016/12/15 51.40 51.50 51.40 51.50 
2016/12/16 51.50 51.50 51.50 51.50 
2016/12/19 51.40 51.40 51.40 51.40 
2016/12/20 51.00 51.00 50.80 50.80 
2016/12/21 51.50 51.50 51.00 51.00 
2016/12/22 51.10 51.60 51.10 51.40 
2016/12/23 51.50 53.10 51.50 51.90 
2016/12/26 50.90 52.40 50.90 52.40 
2016/12/27 52.90 55.00 51.10 53.90 
2016/12/28 53.70 55.80 53.70 55.80 
2016/12/29 55.20 55.20 55.00 55.10 
2016/12/30 55.10 55.10 55.10 55.10 
2017/01/03 56.70 59.00 55.30 55.30 
2017/01/04 55.10 56.20 55.10 55.10 
2017/01/05 55.50 55.50 55.40 55.40 
2017/01/06 56.00 56.10 56.00 56.00 
2017/01/09 55.10 56.50 55.10 56.50 
2017/01/10 56.30 56.30 56.20 56.30 
2017/01/11 56.30 58.00 56.30 57.90 
2017/01/12 57.00 57.00 56.70 56.70 
2017/01/13 58.00 58.00 56.80 56.80 
2017/01/17 55.70 57.30 55.70 57.30 
2017/01/18 57.30 58.00 56.60 58.00 
2017/01/19 58.00 59.50 57.10 57.60 
2017/01/20 57.80 58.10 57.70 57.70 
2017/01/23 56.60 58.50 56.60 58.40 
2017/01/24 58.40 58.40 58.40 58.40 
2017/02/02 58.00 60.00 58.00 59.00 
2017/02/06 59.40 59.40 58.80 58.80 
2017/02/07 59.50 59.50 59.50 59.50 
2017/02/08 58.50 59.50 58.50 58.90 
