2016/07/01 14.05 14.20 13.70 14.20 
2016/07/04 14.15 14.25 13.85 13.90 
2016/07/05 13.90 13.95 13.55 13.90 
2016/07/06 13.95 13.95 13.80 13.85 
2016/07/07 13.90 13.90 13.70 13.70 
2016/07/11 13.50 13.75 13.50 13.70 
2016/07/12 13.75 13.85 13.60 13.75 
2016/07/13 13.80 14.10 13.75 14.05 
2016/07/14 14.10 14.50 13.80 14.10 
2016/07/15 14.15 14.50 14.10 14.10 
2016/07/18 14.25 14.25 13.95 14.05 
2016/07/19 14.05 14.20 13.95 13.95 
2016/07/20 14.15 14.15 13.70 13.85 
2016/07/21 13.90 14.00 13.75 13.80 
2016/07/22 13.80 13.80 13.70 13.75 
2016/07/25 13.85 14.10 13.75 13.95 
2016/07/26 14.10 14.10 13.75 13.80 
2016/07/27 13.85 14.20 13.80 13.90 
2016/07/28 13.95 14.05 13.85 14.00 
2016/07/29 14.00 14.20 13.80 13.85 
2016/08/01 13.95 13.95 13.75 13.80 
2016/08/02 14.10 14.20 13.90 14.05 
2016/08/03 14.10 14.10 13.90 14.10 
2016/08/04 14.10 14.25 14.10 14.15 
2016/08/05 14.20 14.35 14.00 14.20 
2016/08/08 14.30 14.35 14.10 14.25 
2016/08/09 14.30 14.30 13.90 14.20 
2016/08/10 14.20 14.25 14.00 14.25 
2016/08/11 14.10 14.30 14.05 14.25 
2016/08/12 14.25 15.60 14.10 15.00 
2016/08/15 14.90 15.50 14.60 15.05 
2016/08/16 15.00 15.25 14.70 14.80 
2016/08/17 14.70 14.95 14.70 14.75 
2016/08/18 14.80 14.85 14.50 14.60 
2016/08/19 14.60 14.85 14.50 14.65 
2016/08/22 14.75 14.80 14.65 14.80 
2016/08/23 14.90 14.90 14.65 14.80 
2016/08/24 14.80 14.85 14.65 14.70 
2016/08/25 14.75 15.10 14.75 14.75 
2016/08/26 14.75 15.00 14.70 15.00 
2016/08/29 14.85 15.15 14.70 15.15 
2016/08/30 15.00 15.20 14.70 14.85 
2016/08/31 14.80 14.95 14.10 14.20 
2016/09/01 14.00 14.65 13.90 14.65 
2016/09/02 14.35 14.70 14.20 14.65 
2016/09/05 14.65 14.80 14.55 14.70 
2016/09/06 14.70 14.70 14.45 14.45 
2016/09/07 14.50 14.50 14.20 14.35 
2016/09/08 14.35 14.45 14.20 14.35 
2016/09/09 14.25 14.55 14.25 14.45 
2016/09/10 14.25 14.50 14.10 14.25 
2016/09/12 14.00 14.15 13.60 13.60 
2016/09/13 13.75 13.80 13.40 13.70 
2016/09/14 13.60 13.80 13.50 13.50 
2016/09/19 13.60 13.75 13.40 13.75 
2016/09/20 13.85 13.90 13.65 13.90 
2016/09/21 13.80 14.10 13.75 14.00 
2016/09/22 13.95 14.00 13.85 13.90 
2016/09/23 13.90 13.95 13.80 13.90 
2016/09/26 13.90 13.90 13.65 13.80 
2016/09/29 13.70 13.90 13.60 13.65 
2016/09/30 13.70 14.40 13.70 14.10 
2016/10/03 14.10 14.15 14.00 14.00 
2016/10/04 14.00 14.05 13.95 13.95 
2016/10/05 14.05 14.05 13.95 14.05 
2016/10/06 14.10 14.15 14.05 14.10 
2016/10/07 14.20 14.20 14.00 14.00 
2016/10/11 14.05 14.20 13.60 14.20 
2016/10/12 14.15 14.60 14.00 14.55 
2016/10/13 14.50 14.50 14.10 14.40 
2016/10/14 14.10 14.20 13.80 13.85 
2016/10/17 13.85 14.00 13.70 13.95 
2016/10/18 13.95 14.00 13.85 13.95 
2016/10/19 13.90 14.05 13.80 13.95 
2016/10/20 13.85 14.10 13.65 14.10 
2016/10/21 13.90 14.25 13.80 14.25 
2016/10/24 14.25 14.40 13.95 14.35 
2016/10/25 14.30 14.60 14.15 14.30 
2016/10/26 14.50 15.60 14.50 15.35 
2016/11/08 16.90 16.90 15.70 15.70 
2016/11/09 15.50 15.80 14.25 14.65 
2016/11/10 15.05 16.10 14.95 16.10 
2016/11/11 15.90 16.15 15.50 15.85 
2016/11/14 15.70 15.90 15.50 15.70 
2016/11/15 14.95 15.20 14.50 15.20 
2016/11/16 15.15 15.45 14.90 15.35 
2016/11/17 15.30 15.35 15.05 15.20 
2016/11/18 15.20 15.35 15.05 15.25 
2016/11/21 15.20 15.25 14.95 15.10 
2016/11/22 15.10 15.15 14.90 15.00 
2016/11/23 15.00 15.00 14.95 15.00 
2016/11/24 15.00 15.80 15.00 15.75 
2016/11/25 15.85 16.20 15.70 15.95 
2016/11/28 16.30 16.55 15.85 15.85 
2016/11/29 15.85 16.00 15.60 15.70 
2016/11/30 15.65 15.85 15.50 15.60 
2016/12/01 15.65 15.80 15.40 15.40 
2016/12/02 15.35 15.50 15.30 15.45 
2016/12/05 15.45 15.45 15.15 15.15 
2016/12/06 15.15 15.20 15.05 15.10 
2016/12/07 15.20 15.20 15.00 15.10 
2016/12/08 15.15 15.40 15.00 15.10 
2016/12/09 15.10 15.10 14.70 14.95 
2016/12/12 14.85 15.05 14.85 15.05 
2016/12/13 15.05 15.05 14.80 14.95 
2016/12/14 14.85 14.95 14.85 14.95 
2016/12/15 15.00 15.10 14.80 15.00 
2016/12/16 14.85 14.90 14.85 14.90 
2016/12/19 14.80 14.85 14.75 14.85 
2016/12/20 14.90 14.90 14.85 14.90 
2016/12/21 14.90 15.00 14.80 14.95 
2016/12/22 14.95 14.95 14.75 14.85 
2016/12/23 14.80 14.90 14.65 14.90 
2016/12/26 14.70 14.90 14.35 14.35 
2016/12/27 14.30 14.35 13.95 13.95 
2016/12/28 14.00 14.20 13.95 14.15 
2016/12/29 14.20 14.30 14.00 14.25 
2016/12/30 14.25 14.35 14.05 14.30 
2017/01/03 14.15 14.45 14.15 14.40 
2017/01/04 14.40 14.70 14.30 14.65 
2017/01/05 14.60 14.85 14.60 14.85 
2017/01/06 14.75 14.85 14.55 14.55 
2017/01/09 14.55 14.65 14.40 14.65 
2017/01/10 14.60 14.75 14.60 14.70 
2017/01/11 15.00 16.15 15.00 16.15 
2017/01/12 15.90 16.20 15.55 15.65 
2017/01/13 15.50 15.70 15.10 15.60 
2017/01/16 15.50 15.55 15.40 15.50 
2017/01/17 15.40 15.75 15.40 15.75 
2017/01/18 15.65 15.65 15.25 15.40 
2017/01/19 15.30 16.00 15.00 15.95 
2017/01/20 15.80 16.00 15.55 15.90 
2017/01/23 15.90 16.00 15.70 15.95 
2017/01/24 16.00 16.40 15.80 15.80 
2017/02/02 15.65 16.20 15.65 16.20 
2017/02/03 16.00 16.40 15.95 16.00 
2017/02/06 15.95 16.35 15.90 16.30 
2017/02/07 16.15 16.35 16.10 16.30 
2017/02/08 16.30 16.35 16.10 16.15 
