2016/07/01 32.35 32.60 32.25 32.25 
2016/07/04 32.40 33.80 32.40 33.10 
2016/07/05 33.20 33.50 32.55 33.15 
2016/07/06 33.15 33.50 33.00 33.15 
2016/07/07 33.10 33.35 33.10 33.15 
2016/07/11 33.35 33.55 33.20 33.25 
2016/07/12 33.30 33.30 32.90 33.05 
2016/07/13 33.00 33.00 32.10 32.65 
2016/07/14 32.70 33.10 32.70 33.10 
2016/07/15 33.20 33.45 32.90 33.35 
2016/07/18 33.35 33.55 33.25 33.30 
2016/07/19 33.45 36.60 33.30 36.60 
2016/07/20 37.00 39.15 37.00 37.70 
2016/07/21 37.60 37.60 35.90 36.00 
2016/07/22 35.20 35.60 34.80 35.25 
2016/07/25 35.60 36.45 35.60 36.15 
2016/07/26 36.15 36.45 36.00 36.30 
2016/07/27 36.40 36.45 36.00 36.00 
2016/07/28 36.40 36.40 35.70 36.00 
2016/07/29 36.10 36.25 35.95 36.00 
2016/08/01 36.00 36.40 36.00 36.15 
2016/08/02 36.50 37.00 36.25 36.30 
2016/08/03 36.30 36.45 36.05 36.15 
2016/08/04 36.30 36.60 35.70 36.60 
2016/08/05 33.80 35.85 33.80 35.00 
2016/08/08 35.20 35.70 33.90 34.70 
2016/08/09 34.70 34.80 33.10 33.10 
2016/08/10 33.65 33.95 32.90 33.05 
2016/08/11 33.50 33.50 33.00 33.35 
2016/08/12 33.10 33.40 33.00 33.10 
2016/08/15 33.15 33.15 31.75 33.00 
2016/08/16 33.00 33.00 32.05 32.90 
2016/08/17 32.75 32.95 32.50 32.90 
2016/08/18 32.80 32.85 32.10 32.80 
2016/08/19 32.80 33.60 32.75 33.40 
2016/08/22 33.40 33.45 32.20 33.25 
2016/08/23 33.45 33.45 32.75 33.35 
2016/08/24 33.20 33.30 32.60 33.05 
2016/08/25 33.05 33.05 32.80 32.95 
2016/08/26 33.00 33.00 32.55 32.55 
2016/08/29 32.70 32.70 31.90 32.50 
2016/08/30 32.70 32.70 32.00 32.40 
2016/08/31 32.15 32.30 31.95 32.15 
2016/09/01 32.05 32.20 31.50 31.50 
2016/09/02 30.80 31.45 30.80 31.10 
2016/09/05 31.10 31.10 30.50 30.70 
2016/09/06 30.60 30.60 30.20 30.45 
2016/09/07 30.50 31.65 30.50 31.30 
2016/09/08 31.60 31.60 30.60 30.70 
2016/09/09 30.90 31.25 30.05 30.10 
2016/09/10 30.15 30.15 27.75 28.00 
2016/09/12 28.00 28.10 26.00 26.00 
2016/09/13 26.60 26.60 25.95 25.95 
2016/09/14 25.95 26.50 25.60 26.00 
2016/09/19 26.20 26.85 26.20 26.45 
2016/09/20 26.70 26.90 26.30 26.30 
2016/09/21 26.50 26.70 25.20 26.15 
2016/09/22 26.15 26.20 25.70 26.00 
2016/09/23 25.95 26.40 25.45 26.00 
2016/09/26 26.00 26.00 24.80 25.00 
2016/09/29 24.55 24.80 22.50 22.50 
2016/09/30 21.55 22.70 21.30 22.60 
2016/10/03 22.60 22.90 21.90 22.55 
2016/10/04 21.30 21.45 20.65 21.05 
2016/10/05 21.05 21.10 20.70 21.05 
2016/10/06 21.00 21.10 20.80 21.10 
2016/10/07 21.15 22.40 20.80 22.40 
2016/10/11 22.65 23.75 22.65 23.25 
2016/10/12 23.25 23.40 22.65 22.95 
2016/10/13 23.10 23.10 22.55 22.65 
2016/10/14 22.60 22.65 21.80 21.90 
2016/10/17 22.30 22.35 22.00 22.20 
2016/10/18 22.30 22.30 21.85 22.20 
2016/10/19 22.20 22.20 21.20 21.75 
2016/10/20 21.75 21.80 21.45 21.60 
2016/10/21 21.65 22.60 21.65 22.00 
2016/10/24 22.00 22.25 21.70 21.90 
2016/10/25 21.90 21.90 21.20 21.70 
2016/10/26 21.70 21.95 21.50 21.70 
2016/10/27 21.50 21.75 21.50 21.75 
2016/10/28 21.75 21.75 21.40 21.70 
2016/10/31 21.45 21.70 21.15 21.70 
2016/11/01 21.60 21.60 21.35 21.50 
2016/11/02 21.50 21.50 20.90 21.20 
2016/11/03 21.20 21.20 20.95 21.00 
2016/11/04 20.95 21.10 20.80 21.00 
2016/11/07 20.70 21.05 20.70 20.90 
2016/11/08 21.00 21.25 20.80 21.00 
2016/11/09 21.00 21.05 20.70 20.75 
2016/11/10 20.95 21.15 20.90 20.90 
2016/11/11 20.90 21.00 20.65 20.70 
2016/11/14 20.60 21.90 20.50 21.20 
2016/11/15 21.20 21.40 20.75 21.05 
2016/11/16 21.10 22.95 21.10 22.90 
2016/11/17 23.15 24.50 23.00 23.50 
2016/11/18 23.60 23.60 22.80 22.90 
2016/11/21 23.20 23.35 22.20 22.20 
2016/11/22 22.40 22.40 21.30 21.50 
2016/11/23 21.80 22.20 21.60 22.20 
2016/11/24 22.40 22.50 21.60 21.65 
2016/11/25 22.00 22.05 21.30 21.70 
2016/11/28 21.70 22.10 21.30 21.40 
2016/11/29 21.60 21.70 21.30 21.40 
2016/11/30 21.50 22.10 21.50 22.00 
2016/12/01 22.00 22.25 21.55 21.95 
2016/12/02 22.20 23.20 21.65 21.95 
2016/12/05 22.00 22.30 21.90 21.95 
2016/12/06 22.05 22.20 21.65 21.65 
2016/12/07 21.85 21.90 21.50 21.65 
2016/12/08 21.80 21.80 21.55 21.70 
2016/12/09 21.80 21.95 21.50 21.70 
2016/12/12 21.70 21.90 21.50 21.70 
2016/12/13 21.70 21.85 21.60 21.60 
2016/12/14 21.65 21.65 21.50 21.50 
2016/12/15 21.55 21.75 21.10 21.50 
2016/12/16 21.60 21.80 21.40 21.50 
2016/12/19 21.50 21.60 21.35 21.45 
2016/12/20 21.50 21.95 21.40 21.75 
2016/12/21 21.90 22.00 21.70 21.80 
2016/12/22 21.95 22.60 21.80 22.00 
2016/12/23 22.20 22.45 21.70 22.00 
2016/12/26 22.05 22.20 21.70 22.00 
2016/12/27 21.90 22.10 21.60 22.00 
2016/12/28 22.00 22.10 21.70 21.70 
2016/12/29 21.70 23.20 21.70 23.05 
2016/12/30 23.05 23.65 22.90 23.50 
2017/01/03 24.00 24.35 23.60 23.95 
2017/01/04 24.20 24.45 23.25 23.80 
2017/01/05 23.90 23.90 22.65 23.40 
2017/01/06 23.35 24.10 23.35 23.65 
2017/01/09 23.80 24.05 23.55 23.55 
2017/01/10 23.70 23.75 23.00 23.00 
2017/01/11 23.00 23.30 22.65 22.95 
2017/01/12 23.05 23.10 22.60 22.80 
2017/01/13 22.90 22.90 22.40 22.80 
2017/01/16 22.80 22.95 22.40 22.40 
2017/01/17 22.40 22.40 22.10 22.10 
2017/01/18 22.10 22.60 22.10 22.25 
2017/01/19 22.25 22.30 22.05 22.20 
2017/01/20 22.20 22.40 22.05 22.05 
2017/01/23 22.15 22.90 22.15 22.65 
2017/01/24 22.75 23.00 22.65 23.00 
2017/02/02 23.70 25.30 23.20 24.70 
2017/02/03 24.60 25.30 24.40 24.90 
2017/02/06 25.05 25.10 24.55 24.60 
2017/02/07 24.70 25.15 24.60 24.70 
2017/02/08 25.80 26.85 25.45 25.85 
