2016/07/01 39.85 41.35 39.10 41.35 
2016/07/04 41.35 41.35 39.90 41.20 
2016/07/05 40.35 41.50 40.35 41.50 
2016/07/06 40.90 41.50 40.60 41.25 
2016/07/07 41.60 41.60 40.00 40.70 
2016/07/11 40.70 40.70 40.15 40.40 
2016/07/12 40.50 40.85 40.50 40.80 
2016/07/13 41.15 41.20 40.50 41.00 
2016/07/14 41.20 41.30 40.65 41.00 
2016/07/15 40.90 40.90 40.35 40.85 
2016/07/18 41.00 41.40 40.85 41.25 
2016/07/19 41.20 42.00 41.20 41.80 
2016/07/20 41.80 42.50 41.40 42.50 
2016/07/21 39.30 39.50 38.80 39.50 
2016/07/22 39.60 39.60 39.50 39.60 
2016/07/25 39.60 39.60 38.50 38.60 
2016/07/26 38.60 39.00 38.50 39.00 
2016/07/27 39.00 39.40 39.00 39.30 
2016/07/28 39.00 39.40 38.80 39.35 
2016/07/29 38.80 39.30 38.80 39.30 
2016/08/01 39.30 39.30 38.80 38.80 
2016/08/02 39.40 39.40 39.40 39.40 
2016/08/03 38.95 39.30 38.85 39.30 
2016/08/04 39.00 39.30 39.00 39.25 
2016/08/05 39.25 39.40 39.00 39.10 
2016/08/08 39.00 39.20 38.80 39.00 
2016/08/09 39.20 39.45 39.00 39.15 
2016/08/10 39.20 39.20 38.70 39.10 
2016/08/11 39.50 39.50 39.10 39.10 
2016/08/12 39.90 39.90 39.10 39.30 
2016/08/15 39.40 39.40 39.00 39.00 
2016/08/16 39.00 39.30 39.00 39.30 
2016/08/17 39.30 39.35 39.05 39.35 
2016/08/18 39.80 39.80 39.50 39.50 
2016/08/19 39.30 39.40 39.30 39.40 
2016/08/22 39.25 39.70 39.25 39.65 
2016/08/23 39.65 39.65 39.30 39.50 
2016/08/24 39.35 39.60 39.30 39.50 
2016/08/25 39.60 39.60 39.30 39.30 
2016/08/26 39.75 39.75 39.20 39.30 
2016/08/29 39.00 39.85 39.00 39.05 
2016/08/30 39.30 39.40 39.15 39.20 
2016/08/31 39.30 39.30 39.00 39.30 
2016/09/01 39.00 39.00 38.95 39.00 
2016/09/02 39.90 39.90 39.00 39.20 
2016/09/05 38.75 39.70 38.30 39.70 
2016/09/06 39.70 39.70 38.50 39.30 
2016/09/07 39.30 39.40 39.10 39.30 
2016/09/08 39.00 39.30 39.00 39.20 
2016/09/09 38.70 39.55 38.70 39.55 
2016/09/10 38.55 39.50 38.55 39.45 
2016/09/12 39.00 39.35 39.00 39.35 
2016/09/13 39.00 39.55 39.00 39.55 
2016/09/14 39.55 39.55 39.00 39.30 
2016/09/19 39.00 39.20 39.00 39.15 
2016/09/20 39.15 39.50 39.15 39.50 
2016/09/21 39.30 39.50 39.15 39.50 
2016/09/22 39.50 39.50 39.10 39.25 
2016/09/23 39.25 39.45 39.25 39.45 
2016/09/26 39.00 39.35 38.90 39.35 
2016/09/29 39.30 39.30 39.00 39.25 
2016/09/30 39.00 39.10 39.00 39.10 
2016/10/03 39.45 39.45 39.45 39.45 
2016/10/04 39.10 39.10 38.80 38.80 
2016/10/05 39.25 39.25 38.70 38.70 
2016/10/06 38.80 39.15 38.80 38.80 
2016/10/07 39.35 39.35 38.80 39.20 
2016/10/11 38.80 38.80 38.20 38.20 
2016/10/12 38.10 38.30 38.10 38.30 
2016/10/13 38.30 38.30 38.20 38.20 
2016/10/14 38.20 38.20 38.10 38.10 
2016/10/17 38.00 38.60 38.00 38.00 
2016/10/18 37.10 38.60 37.10 38.20 
2016/10/19 38.50 38.60 38.30 38.30 
2016/10/20 38.95 38.95 38.00 38.75 
2016/10/21 38.75 38.75 38.50 38.50 
2016/10/24 38.70 38.70 38.20 38.25 
2016/10/25 38.30 38.40 38.25 38.30 
2016/10/26 38.25 38.30 37.75 38.25 
2016/10/27 37.80 38.25 37.80 38.00 
2016/10/28 38.25 38.25 38.25 38.25 
2016/10/31 37.40 38.15 37.40 38.10 
2016/11/01 38.10 38.40 38.10 38.20 
2016/11/02 38.00 38.10 37.80 37.80 
2016/11/03 37.45 38.20 37.45 37.90 
2016/11/04 37.90 38.00 37.90 38.00 
2016/11/07 38.20 39.00 38.20 39.00 
2016/11/08 39.05 39.05 39.00 39.00 
2016/11/09 39.00 39.00 38.15 38.60 
2016/11/10 39.00 39.00 38.80 38.80 
2016/11/11 38.50 38.50 38.00 38.05 
2016/11/14 38.55 38.55 37.80 38.45 
2016/11/15 38.00 38.55 38.00 38.50 
2016/11/16 38.85 39.30 38.85 39.20 
2016/11/17 38.70 38.70 38.70 38.70 
2016/11/18 38.50 39.40 38.50 39.20 
2016/11/21 39.65 39.80 38.65 39.75 
2016/11/22 39.85 40.00 39.25 39.25 
2016/11/23 39.05 39.25 39.05 39.25 
2016/11/24 39.50 39.75 39.00 39.75 
2016/11/25 39.50 40.30 39.20 39.80 
2016/11/28 39.90 40.00 39.70 39.75 
2016/11/29 39.80 40.00 39.60 39.90 
2016/11/30 39.90 39.90 39.55 39.70 
2016/12/01 39.90 39.90 39.55 39.55 
2016/12/02 39.60 39.60 39.30 39.30 
2016/12/05 39.50 39.50 39.00 39.35 
2016/12/06 39.10 39.35 39.00 39.35 
2016/12/07 39.40 39.40 39.00 39.00 
2016/12/08 39.50 39.80 39.40 39.50 
2016/12/09 39.40 39.50 39.20 39.50 
2016/12/12 39.50 39.60 39.50 39.50 
2016/12/13 39.50 39.50 39.40 39.40 
2016/12/15 39.10 39.20 39.10 39.20 
2016/12/16 39.20 39.20 39.00 39.20 
2016/12/19 39.15 39.20 39.15 39.20 
2016/12/20 39.20 39.75 39.20 39.75 
2016/12/21 39.05 39.50 39.05 39.50 
2016/12/22 39.40 40.65 39.40 40.15 
2016/12/23 39.80 40.10 39.80 39.80 
2016/12/26 39.80 40.00 39.75 39.75 
2016/12/27 40.20 40.20 40.00 40.00 
2016/12/28 40.00 40.25 39.25 40.25 
2016/12/29 39.90 40.20 39.60 39.60 
2016/12/30 39.70 39.70 39.70 39.70 
2017/01/03 39.70 39.70 39.70 39.70 
2017/01/04 40.00 40.00 40.00 40.00 
2017/01/05 40.00 40.50 40.00 40.00 
2017/01/06 39.65 39.80 39.50 39.50 
2017/01/09 39.85 39.85 39.85 39.85 
2017/01/11 39.30 39.45 39.25 39.45 
2017/01/12 39.45 39.70 39.45 39.70 
2017/01/13 39.50 39.60 39.50 39.60 
2017/01/16 39.20 39.60 39.20 39.60 
2017/01/17 39.55 39.60 39.55 39.60 
2017/01/18 39.30 39.30 39.30 39.30 
2017/01/20 39.30 39.30 39.30 39.30 
2017/01/23 39.30 39.35 39.30 39.35 
2017/01/24 39.35 39.35 39.35 39.35 
2017/02/02 39.35 39.35 39.35 39.35 
2017/02/03 38.95 40.25 38.95 40.25 
2017/02/06 40.20 40.25 39.70 40.00 
2017/02/07 40.00 40.15 39.65 39.95 
2017/02/08 39.70 40.10 39.50 39.95 
