2016/07/01 47.60 48.00 47.60 48.00 
2016/07/04 47.80 47.80 47.70 47.80 
2016/07/05 47.80 48.50 47.80 48.20 
2016/07/06 47.80 48.45 47.80 48.45 
2016/07/07 47.80 48.45 47.80 48.40 
2016/07/11 48.45 48.45 48.20 48.40 
2016/07/12 48.40 48.40 48.00 48.10 
2016/07/13 48.00 48.40 47.80 47.80 
2016/07/14 47.80 47.80 47.50 47.50 
2016/07/15 47.50 48.20 47.50 48.00 
2016/07/18 48.10 48.65 48.00 48.65 
2016/07/19 48.25 48.50 48.20 48.30 
2016/07/20 48.30 48.40 48.20 48.20 
2016/07/21 48.20 48.70 48.00 48.70 
2016/07/22 48.50 49.15 48.50 48.65 
2016/07/25 48.60 48.60 47.80 48.45 
2016/07/26 48.20 48.50 48.00 48.20 
2016/07/27 48.50 48.50 47.90 48.20 
2016/07/28 48.50 48.50 48.40 48.40 
2016/07/29 48.50 48.50 47.80 48.20 
2016/08/01 48.20 48.50 47.95 48.20 
2016/08/02 48.15 48.20 47.70 48.10 
2016/08/03 47.95 48.05 47.85 48.05 
2016/08/04 48.15 48.60 48.00 48.60 
2016/08/05 48.40 49.30 48.40 49.10 
2016/08/08 49.60 49.60 47.60 47.95 
2016/08/09 48.10 48.50 48.00 48.40 
2016/08/10 48.50 48.50 47.65 48.20 
2016/08/11 47.90 47.90 47.60 47.70 
2016/08/12 47.60 48.00 47.60 48.00 
2016/08/15 47.50 48.00 47.50 47.75 
2016/08/16 47.80 47.80 47.75 47.80 
2016/08/17 47.85 47.95 47.55 47.85 
2016/08/18 49.60 49.60 48.20 48.30 
2016/08/19 48.30 48.40 48.10 48.40 
2016/08/22 48.00 48.30 48.00 48.00 
2016/08/23 47.90 48.20 47.90 48.00 
2016/08/24 48.00 48.40 47.90 47.90 
2016/08/25 43.30 43.80 43.25 43.80 
2016/08/26 43.60 44.45 43.55 44.45 
2016/08/29 44.20 44.20 43.80 44.20 
2016/08/30 44.20 44.20 43.90 43.90 
2016/08/31 43.35 43.90 43.35 43.50 
2016/09/01 43.50 43.80 43.20 43.55 
2016/09/02 43.30 43.55 43.05 43.15 
2016/09/05 43.10 43.30 43.00 43.00 
2016/09/06 43.00 43.50 42.80 42.80 
2016/09/07 43.00 43.10 42.80 43.10 
2016/09/08 43.10 43.40 43.10 43.20 
2016/09/09 43.15 43.65 42.90 43.65 
2016/09/10 43.00 43.30 42.90 43.00 
2016/09/12 43.00 43.00 42.90 43.00 
2016/09/13 42.80 42.90 42.60 42.80 
2016/09/14 42.80 42.80 42.10 42.80 
2016/09/19 42.80 42.90 42.80 42.90 
2016/09/20 43.00 43.00 42.90 42.90 
2016/09/21 42.90 43.65 42.90 43.65 
2016/09/22 43.80 43.80 43.75 43.75 
2016/09/23 43.75 43.75 43.05 43.50 
2016/09/26 43.60 43.60 43.45 43.45 
2016/09/29 43.45 43.45 42.90 43.45 
2016/09/30 43.00 43.40 42.70 43.40 
2016/10/03 42.90 43.35 42.90 43.35 
2016/10/04 43.50 43.50 42.95 43.00 
2016/10/05 43.10 43.10 42.75 43.00 
2016/10/06 43.15 43.15 42.65 43.15 
2016/10/07 43.20 43.20 42.50 42.90 
2016/10/11 42.50 42.60 41.75 42.00 
2016/10/12 41.50 41.50 41.30 41.45 
2016/10/13 41.10 41.40 40.00 41.00 
2016/10/14 40.00 40.05 39.50 39.50 
2016/10/17 39.50 39.50 38.50 39.00 
2016/10/18 39.00 39.80 39.00 39.00 
2016/10/19 39.00 39.10 39.00 39.00 
2016/10/20 39.00 39.00 38.70 38.90 
2016/10/21 39.00 39.40 39.00 39.35 
2016/10/24 38.80 39.00 38.75 38.80 
2016/10/25 38.90 38.90 38.75 38.80 
2016/10/26 38.95 38.95 38.95 38.95 
2016/10/27 38.95 39.00 38.60 38.80 
2016/10/28 38.70 38.70 38.60 38.60 
2016/10/31 38.20 39.00 38.05 38.30 
2016/11/01 38.00 38.00 37.60 37.95 
2016/11/02 37.95 37.95 37.10 37.10 
2016/11/03 37.00 37.00 35.15 36.70 
2016/11/04 35.65 36.40 34.60 35.20 
2016/11/07 36.25 36.30 35.35 35.35 
2016/11/08 36.15 36.20 34.70 35.45 
2016/11/09 34.75 35.00 34.20 34.30 
2016/11/10 35.50 35.50 34.50 34.55 
2016/11/11 34.50 34.50 34.50 34.50 
2016/11/14 33.50 34.30 33.20 33.20 
2016/11/15 33.20 33.30 33.15 33.20 
2016/11/16 34.60 34.60 33.50 33.50 
2016/11/17 33.65 33.80 33.60 33.60 
2016/11/18 33.80 34.60 33.70 33.80 
2016/11/21 34.60 35.00 34.00 35.00 
2016/11/22 35.45 38.15 35.45 38.00 
2016/11/23 38.00 38.00 37.65 37.65 
2016/11/24 37.65 37.80 37.60 37.80 
2016/11/25 37.15 37.65 37.15 37.40 
2016/11/28 37.40 38.00 37.40 37.50 
2016/11/29 37.85 37.85 37.40 37.50 
2016/11/30 37.50 37.50 37.50 37.50 
2016/12/01 37.50 37.90 37.50 37.90 
2016/12/02 38.10 38.10 37.80 37.80 
2016/12/05 37.90 38.10 37.85 38.10 
2016/12/06 38.10 38.20 37.90 38.10 
2016/12/07 38.20 39.20 38.20 38.95 
2016/12/08 39.20 39.20 38.90 39.20 
2016/12/09 39.00 39.10 39.00 39.05 
2016/12/12 39.00 39.00 38.60 38.65 
2016/12/13 38.85 38.85 38.80 38.80 
2016/12/14 38.40 38.70 38.30 38.70 
2016/12/15 38.30 39.70 38.30 39.00 
2016/12/16 38.30 38.60 38.25 38.55 
2016/12/19 38.60 38.70 38.55 38.65 
2016/12/20 38.50 38.90 38.50 38.90 
2016/12/21 39.00 39.40 38.75 39.00 
2016/12/22 39.00 39.00 38.90 38.90 
2016/12/23 39.20 39.20 38.95 39.20 
2016/12/26 39.00 39.00 38.80 39.00 
2016/12/27 39.00 39.10 38.60 39.10 
2016/12/28 39.20 39.20 38.90 39.00 
2016/12/29 39.40 39.60 39.40 39.55 
2016/12/30 39.00 40.00 39.00 39.95 
2017/01/03 40.00 40.25 39.55 39.55 
2017/01/04 39.90 40.35 39.55 40.00 
2017/01/05 40.10 40.35 40.10 40.20 
2017/01/06 40.20 40.50 40.20 40.50 
2017/01/09 40.70 40.70 39.70 40.50 
2017/01/10 40.50 40.50 39.70 40.45 
2017/01/11 40.20 40.50 40.00 40.00 
2017/01/12 39.90 40.20 39.90 40.20 
2017/01/13 40.10 41.30 39.85 40.30 
2017/01/16 40.20 40.30 39.50 40.30 
2017/01/17 41.10 41.10 40.10 40.10 
2017/01/18 40.20 40.80 40.20 40.50 
2017/01/19 40.60 40.60 40.00 40.40 
2017/01/20 40.60 40.60 40.00 40.35 
2017/01/23 40.35 40.50 40.00 40.20 
2017/01/24 40.20 41.20 40.20 40.80 
2017/02/02 40.80 41.20 40.60 41.20 
2017/02/03 40.80 40.90 40.50 40.70 
2017/02/06 40.80 40.80 40.70 40.70 
2017/02/07 41.20 41.50 40.70 41.20 
2017/02/08 44.55 45.30 43.25 45.30 
