2016/07/01 58.20 58.20 57.60 57.60 
2016/07/04 58.00 58.00 57.20 57.50 
2016/07/05 57.80 57.80 57.20 57.80 
2016/07/06 57.30 57.40 56.80 57.00 
2016/07/07 56.70 56.90 56.10 56.20 
2016/07/11 56.50 57.10 56.30 56.30 
2016/07/12 56.10 56.80 55.50 56.40 
2016/07/13 57.00 57.80 56.10 57.80 
2016/07/14 57.90 58.60 57.50 58.00 
2016/07/15 58.00 61.00 58.00 60.50 
2016/07/18 60.50 60.50 59.20 60.00 
2016/07/19 60.00 60.30 59.50 59.70 
2016/07/20 60.00 60.00 59.20 59.70 
2016/07/21 60.50 60.50 59.60 60.30 
2016/07/22 60.20 60.20 59.80 59.80 
2016/07/25 59.80 59.80 58.60 58.80 
2016/07/26 58.80 59.60 58.60 59.40 
2016/07/27 59.40 60.30 59.40 59.70 
2016/07/28 60.10 60.10 59.20 59.80 
2016/07/29 59.40 59.60 59.10 59.20 
2016/08/01 59.20 59.50 58.80 58.80 
2016/08/02 58.30 59.00 58.30 58.60 
2016/08/03 58.60 59.30 58.10 59.10 
2016/08/04 59.10 59.50 58.80 59.50 
2016/08/05 59.50 61.80 59.20 60.70 
2016/08/08 61.00 61.10 60.00 60.30 
2016/08/09 60.60 60.60 59.20 59.70 
2016/08/10 60.30 61.70 60.30 60.90 
2016/08/11 61.80 62.00 60.20 61.20 
2016/08/12 61.50 61.90 60.60 60.80 
2016/08/15 60.80 61.30 60.40 61.00 
2016/08/16 61.40 61.40 60.50 60.70 
2016/08/17 61.50 64.00 61.50 62.10 
2016/08/18 62.60 64.40 62.30 63.80 
2016/08/19 64.50 64.80 62.90 63.30 
2016/08/22 63.50 64.60 62.70 64.60 
2016/08/23 65.00 65.60 64.30 64.60 
2016/08/24 64.80 64.80 63.60 64.10 
2016/08/25 64.60 64.90 64.00 64.90 
2016/08/26 53.80 55.60 53.80 54.60 
2016/08/29 55.40 55.60 54.60 55.40 
2016/08/30 55.80 56.00 55.60 55.80 
2016/08/31 55.90 57.00 55.60 55.60 
2016/09/01 55.00 55.60 54.90 55.00 
2016/09/02 55.00 55.00 53.70 53.70 
2016/09/05 54.00 54.30 52.50 54.30 
2016/09/06 55.30 55.30 54.00 54.30 
2016/09/07 54.60 54.60 53.50 53.80 
2016/09/08 53.90 55.40 53.80 55.00 
2016/09/09 54.60 55.30 54.60 55.10 
2016/09/10 55.00 56.00 54.80 55.30 
2016/09/12 56.20 56.20 54.70 54.70 
2016/09/13 55.70 55.70 54.10 54.10 
2016/09/14 54.90 54.90 53.80 53.80 
2016/09/19 54.00 54.80 53.90 54.30 
2016/09/20 54.10 54.70 54.10 54.10 
2016/09/21 54.60 54.60 53.50 53.50 
2016/09/22 54.20 54.40 53.50 53.60 
2016/09/23 54.30 54.30 53.60 53.60 
2016/09/26 53.60 53.60 53.00 53.00 
2016/09/29 52.90 53.50 52.60 53.00 
2016/09/30 53.00 53.90 53.00 53.80 
2016/10/03 53.00 55.20 53.00 53.50 
2016/10/04 53.50 54.20 53.40 53.50 
2016/10/05 53.90 54.00 53.50 53.50 
2016/10/06 53.50 54.80 53.50 54.80 
2016/10/07 54.80 54.80 54.10 54.10 
2016/10/11 54.10 54.30 51.10 52.20 
2016/10/12 52.70 53.40 52.50 53.00 
2016/10/13 53.00 53.00 52.00 52.00 
2016/10/14 52.00 52.00 48.50 48.75 
2016/10/17 48.75 48.75 46.00 47.30 
2016/10/18 46.95 49.95 46.95 48.45 
2016/10/19 48.80 49.90 48.80 48.80 
2016/10/20 49.50 49.50 48.60 49.05 
2016/10/21 49.05 49.20 48.80 48.80 
2016/10/24 49.95 51.20 49.25 50.20 
2016/10/25 50.40 51.10 50.30 50.30 
2016/10/26 49.00 49.70 49.00 49.25 
2016/10/27 49.25 50.00 49.15 49.60 
2016/10/28 50.60 50.60 49.60 49.60 
2016/10/31 49.60 49.95 49.00 49.75 
2016/11/01 49.35 49.60 49.20 49.20 
2016/11/02 48.30 48.95 47.90 47.90 
2016/11/03 47.90 48.30 47.10 47.50 
2016/11/04 47.55 48.55 47.35 47.50 
2016/11/07 47.50 50.30 47.50 50.30 
2016/11/08 53.00 53.00 51.50 52.00 
2016/11/09 52.00 52.40 49.25 49.60 
2016/11/10 51.80 52.00 51.10 51.20 
2016/11/11 49.30 49.50 48.65 48.65 
2016/11/14 47.80 49.60 47.80 49.20 
2016/11/15 49.80 49.80 49.05 49.10 
2016/11/16 49.50 49.50 48.70 48.75 
2016/11/17 48.80 49.20 48.00 48.50 
2016/11/18 48.50 49.20 48.50 49.20 
2016/11/21 50.00 50.00 49.10 49.20 
2016/11/22 49.70 49.70 49.20 49.35 
2016/11/23 49.00 49.35 48.80 48.80 
2016/11/24 48.65 49.15 48.65 48.80 
2016/11/25 48.70 49.20 48.70 49.00 
2016/11/28 49.00 49.80 49.00 49.10 
2016/11/29 49.10 49.50 49.10 49.20 
2016/11/30 49.60 49.90 49.55 49.75 
2016/12/01 50.00 50.00 49.50 49.50 
2016/12/02 49.70 49.70 49.35 49.35 
2016/12/05 49.50 49.50 49.20 49.35 
2016/12/06 49.25 49.70 49.20 49.30 
2016/12/07 49.30 49.75 49.30 49.55 
2016/12/08 49.90 51.30 49.90 50.70 
2016/12/09 50.70 51.90 50.50 50.90 
2016/12/12 49.50 49.90 49.10 49.90 
2016/12/13 50.00 50.00 49.10 49.30 
2016/12/14 49.70 49.75 49.15 49.15 
2016/12/15 49.10 49.20 49.10 49.15 
2016/12/16 49.25 50.10 49.10 49.10 
2016/12/19 48.90 49.25 48.90 49.00 
2016/12/20 49.30 49.30 48.90 48.90 
2016/12/21 48.90 49.30 48.90 49.20 
2016/12/22 49.50 49.50 49.10 49.10 
2016/12/23 49.10 49.20 48.80 48.80 
2016/12/26 48.70 48.95 48.60 48.60 
2016/12/27 48.60 49.00 48.50 48.60 
2016/12/28 48.70 49.40 48.70 49.00 
2016/12/29 49.00 49.40 49.00 49.40 
2016/12/30 49.70 49.90 49.30 49.35 
2017/01/03 49.35 49.35 49.20 49.20 
2017/01/04 49.15 49.80 49.15 49.30 
2017/01/05 49.40 49.65 49.30 49.30 
2017/01/06 49.40 49.50 49.30 49.30 
2017/01/09 49.60 49.60 48.55 48.80 
2017/01/10 48.70 48.80 48.60 48.80 
2017/01/11 49.10 49.30 48.90 49.00 
2017/01/12 48.60 48.80 48.60 48.70 
2017/01/13 48.50 49.00 48.40 48.65 
2017/01/16 48.40 48.95 48.40 48.60 
2017/01/17 48.65 48.65 48.40 48.50 
2017/01/18 48.90 48.90 48.40 48.75 
2017/01/19 48.65 48.90 48.65 48.70 
2017/01/20 48.70 48.70 48.50 48.50 
2017/01/23 48.50 48.95 48.50 48.60 
2017/01/24 48.70 49.30 48.65 48.80 
2017/02/02 49.00 49.50 48.50 48.50 
2017/02/03 48.50 48.90 48.50 48.75 
2017/02/06 48.90 49.75 48.90 49.40 
2017/02/07 49.60 49.80 49.45 49.50 
2017/02/08 49.50 50.90 49.50 50.90 
