2016/07/01 12.90 12.95 12.85 12.85 
2016/07/04 12.85 12.90 12.80 12.80 
2016/07/05 12.85 12.85 12.80 12.85 
2016/07/06 12.80 12.85 12.80 12.85 
2016/07/07 12.85 12.85 12.80 12.80 
2016/07/11 12.90 12.90 12.80 12.85 
2016/07/12 12.80 12.85 12.75 12.80 
2016/07/13 12.85 12.95 12.80 12.95 
2016/07/14 12.80 12.90 12.80 12.85 
2016/07/15 12.90 12.95 12.85 12.95 
2016/07/18 12.95 12.95 12.90 12.95 
2016/07/19 13.00 13.00 12.95 12.95 
2016/07/20 12.95 13.00 12.90 12.95 
2016/07/21 12.95 13.05 12.90 13.00 
2016/07/22 13.00 13.00 12.95 13.00 
2016/07/25 13.00 13.05 12.95 12.95 
2016/07/26 12.95 13.00 12.95 13.00 
2016/07/27 13.00 13.05 12.95 12.95 
2016/07/28 13.00 13.10 13.00 13.05 
2016/07/29 13.05 13.15 13.00 13.05 
2016/08/01 13.05 13.15 13.05 13.10 
2016/08/02 13.10 13.50 13.10 13.35 
2016/08/03 13.30 13.30 13.15 13.25 
2016/08/04 13.25 13.25 13.20 13.20 
2016/08/05 13.20 13.30 13.15 13.20 
2016/08/08 13.20 13.25 13.15 13.25 
2016/08/09 13.55 13.70 13.35 13.35 
2016/08/10 13.40 13.60 13.35 13.40 
2016/08/11 13.45 13.50 13.40 13.40 
2016/08/12 13.50 13.65 13.40 13.55 
2016/08/15 13.65 14.20 13.55 14.00 
2016/08/16 14.05 14.10 13.85 13.90 
2016/08/17 13.95 14.05 13.85 14.00 
2016/08/18 14.00 14.05 13.85 13.85 
2016/08/19 13.95 13.95 13.80 13.85 
2016/08/22 13.80 13.85 13.65 13.80 
2016/08/23 13.80 13.85 13.75 13.85 
2016/08/24 13.80 13.85 13.70 13.75 
2016/08/25 13.80 13.80 13.65 13.70 
2016/08/26 13.30 13.35 13.25 13.30 
2016/08/29 13.30 13.35 13.20 13.25 
2016/08/30 13.25 13.35 13.25 13.30 
2016/08/31 13.25 13.30 13.20 13.20 
2016/09/01 13.15 13.20 13.10 13.15 
2016/09/02 13.15 13.15 13.05 13.05 
2016/09/05 13.10 13.20 13.10 13.15 
2016/09/06 13.15 13.30 13.10 13.30 
2016/09/07 13.40 13.40 13.20 13.30 
2016/09/08 13.20 13.25 13.20 13.25 
2016/09/09 13.30 13.30 13.15 13.25 
2016/09/10 13.15 13.20 13.05 13.15 
2016/09/12 13.15 13.15 13.00 13.05 
2016/09/13 13.15 13.15 13.00 13.05 
2016/09/14 13.00 13.10 12.95 13.10 
2016/09/19 13.10 13.15 13.10 13.15 
2016/09/20 13.10 13.15 13.05 13.15 
2016/09/21 13.15 13.35 13.05 13.35 
2016/09/22 13.40 13.40 13.30 13.35 
2016/09/23 13.35 13.35 13.30 13.30 
2016/09/26 13.35 13.60 13.35 13.40 
2016/09/29 13.40 13.45 13.25 13.45 
2016/09/30 13.50 13.50 13.35 13.50 
2016/10/03 13.50 13.50 13.40 13.40 
2016/10/04 13.40 13.45 13.30 13.40 
2016/10/05 13.40 13.50 13.40 13.45 
2016/10/06 13.50 13.55 13.40 13.45 
2016/10/07 13.45 13.45 13.40 13.45 
2016/10/11 13.45 13.50 13.35 13.35 
2016/10/12 13.30 13.50 13.30 13.40 
2016/10/13 13.45 13.50 13.30 13.30 
2016/10/14 13.35 13.35 13.20 13.20 
2016/10/17 13.30 13.40 13.30 13.30 
2016/10/18 13.40 13.40 13.30 13.35 
2016/10/19 13.35 13.40 13.30 13.30 
2016/10/20 13.40 13.50 13.30 13.50 
2016/10/21 13.80 14.85 13.80 14.85 
2016/10/24 15.15 15.55 14.80 14.80 
2016/10/25 14.90 15.00 14.65 14.80 
2016/10/26 14.90 15.35 14.75 15.10 
2016/10/27 15.30 15.35 15.05 15.20 
2016/10/28 15.20 15.25 14.60 14.85 
2016/10/31 14.85 15.10 14.60 15.10 
2016/11/01 15.10 15.10 14.75 14.80 
2016/11/02 14.80 14.95 14.70 14.85 
2016/11/03 14.95 14.95 14.65 14.75 
2016/11/04 14.75 14.90 14.70 14.80 
2016/11/07 14.80 14.90 14.75 14.80 
2016/11/08 14.90 15.15 14.80 14.85 
2016/11/09 14.75 14.80 14.25 14.50 
2016/11/10 14.60 14.95 14.60 14.80 
2016/11/11 14.90 15.25 14.50 15.10 
2016/11/14 15.40 16.60 15.40 16.60 
2016/11/15 16.55 16.85 16.30 16.35 
2016/11/16 16.40 16.80 16.10 16.80 
2016/11/17 17.00 18.00 16.95 17.45 
2016/11/18 17.45 17.65 17.20 17.30 
2016/11/21 17.50 17.60 17.30 17.50 
2016/11/22 17.70 17.80 16.80 16.90 
2016/11/23 17.15 17.15 16.85 17.05 
2016/11/24 17.15 17.60 16.95 17.40 
2016/12/09 20.90 22.50 20.50 22.00 
2016/12/12 22.50 24.20 21.55 23.80 
2016/12/13 23.70 24.15 23.30 23.80 
2016/12/14 23.80 24.05 23.15 23.35 
2016/12/15 23.30 23.30 21.70 22.95 
2016/12/16 22.95 22.95 22.40 22.45 
2016/12/19 22.70 22.70 22.10 22.20 
2016/12/20 22.40 22.95 22.20 22.40 
2016/12/21 22.40 22.85 22.40 22.55 
2016/12/22 22.55 22.80 22.05 22.10 
2016/12/23 22.45 22.50 21.20 21.30 
2016/12/26 21.30 21.50 20.80 21.05 
2016/12/27 21.05 21.25 20.65 20.65 
2016/12/28 20.65 21.75 20.50 21.75 
2016/12/29 21.65 22.65 21.50 22.05 
2016/12/30 22.40 22.85 22.20 22.80 
2017/01/03 22.80 23.55 22.60 23.00 
2017/01/04 23.00 23.20 22.10 22.20 
2017/01/05 22.10 22.55 21.90 22.15 
2017/01/06 22.20 22.50 21.85 21.90 
2017/01/09 21.40 21.75 21.10 21.20 
2017/01/10 21.05 21.45 21.05 21.15 
2017/01/11 21.30 21.35 21.05 21.15 
2017/01/12 21.15 21.30 21.10 21.15 
2017/01/13 21.45 21.45 21.25 21.30 
2017/01/16 21.50 21.80 21.40 21.60 
2017/01/17 21.65 21.85 21.65 21.80 
2017/01/18 21.80 22.40 21.80 21.95 
2017/01/19 22.00 22.00 21.75 21.75 
2017/01/20 21.75 21.90 21.45 21.45 
2017/01/23 21.25 22.00 21.25 21.80 
2017/01/24 21.95 23.90 21.60 22.80 
2017/02/02 22.80 24.95 22.55 24.70 
2017/02/03 24.70 25.50 23.70 24.10 
2017/02/06 24.20 25.45 24.20 24.90 
2017/02/07 24.95 24.95 24.10 24.35 
2017/02/08 24.35 24.35 23.15 23.60 
