2016/07/01 8.75 8.84 8.73 8.73 
2016/07/04 8.75 8.87 8.74 8.77 
2016/07/05 8.80 8.86 8.71 8.80 
2016/07/06 8.80 8.80 8.58 8.60 
2016/07/07 8.62 8.66 8.51 8.55 
2016/07/11 8.60 8.77 8.58 8.75 
2016/07/12 8.66 8.75 8.65 8.67 
2016/07/13 8.68 8.87 8.68 8.86 
2016/07/14 8.87 9.16 8.82 9.09 
2016/07/15 9.09 9.23 9.07 9.09 
2016/07/18 9.10 9.11 9.01 9.02 
2016/07/19 9.05 9.09 9.01 9.03 
2016/07/20 9.03 9.11 8.92 8.92 
2016/07/21 8.93 9.13 8.93 9.12 
2016/07/22 9.07 9.11 9.00 9.03 
2016/07/25 9.03 9.10 8.97 8.98 
2016/07/26 9.00 9.13 8.96 9.01 
2016/07/27 8.99 9.07 8.97 9.03 
2016/07/28 9.05 9.37 9.03 9.22 
2016/07/29 9.27 9.33 9.20 9.20 
2016/08/01 9.81 10.10 9.81 10.10 
2016/08/02 10.10 10.25 10.05 10.10 
2016/08/03 10.00 10.15 10.00 10.10 
2016/08/04 10.15 10.25 10.05 10.10 
2016/08/05 10.15 10.20 10.10 10.20 
2016/08/08 10.30 10.40 10.20 10.25 
2016/08/09 10.25 10.30 10.10 10.15 
2016/08/10 10.15 10.25 10.10 10.15 
2016/08/11 10.15 10.15 10.00 10.10 
2016/08/12 10.15 10.20 10.05 10.10 
2016/08/15 10.15 10.20 10.10 10.20 
2016/08/16 10.20 10.25 9.85 9.90 
2016/08/17 9.91 10.05 9.91 9.97 
2016/08/18 9.97 9.98 9.93 9.95 
2016/08/19 9.99 9.99 9.87 9.89 
2016/08/22 9.92 10.05 9.92 10.00 
2016/08/23 10.00 10.10 9.96 10.05 
2016/08/24 10.05 10.20 10.05 10.15 
2016/08/25 10.15 10.20 10.10 10.20 
2016/08/26 10.20 10.20 10.05 10.10 
2016/08/29 10.05 10.20 10.05 10.10 
2016/08/30 10.15 10.25 10.10 10.25 
2016/08/31 10.20 10.25 10.15 10.20 
2016/09/01 10.20 10.20 10.10 10.20 
2016/09/02 10.15 10.20 10.10 10.15 
2016/09/05 10.20 10.25 10.15 10.25 
2016/09/06 10.25 10.40 10.20 10.40 
2016/09/07 10.40 11.30 10.35 10.95 
2016/09/08 10.90 11.05 10.80 10.95 
2016/09/09 10.85 10.95 10.75 10.85 
2016/09/10 10.75 10.75 10.60 10.65 
2016/09/12 10.65 10.70 10.60 10.65 
2016/09/13 10.65 10.70 10.50 10.55 
2016/09/14 10.50 10.60 10.45 10.55 
2016/09/19 10.60 10.90 10.55 10.80 
2016/09/20 10.75 10.80 10.75 10.75 
2016/09/21 10.70 10.80 10.60 10.80 
2016/09/22 10.80 11.15 10.70 11.00 
2016/09/23 10.95 11.15 10.85 10.90 
2016/09/26 10.80 10.90 10.65 10.70 
2016/09/29 10.80 10.80 10.65 10.70 
2016/09/30 10.65 10.65 10.35 10.40 
2016/10/03 10.45 10.50 10.20 10.20 
2016/10/04 10.20 10.35 10.20 10.30 
2016/10/05 10.30 10.35 10.25 10.35 
2016/10/06 10.35 10.35 10.25 10.35 
2016/10/07 10.35 10.40 10.25 10.35 
2016/10/11 10.40 10.40 10.15 10.30 
2016/10/12 10.25 10.30 10.15 10.30 
2016/10/13 10.30 10.30 10.15 10.30 
2016/10/14 10.20 10.25 10.10 10.15 
2016/10/17 10.20 10.20 10.05 10.15 
2016/10/18 9.99 10.10 9.96 10.10 
2016/10/19 10.10 10.15 10.05 10.05 
2016/10/20 10.10 10.20 10.05 10.10 
2016/10/21 10.10 10.45 10.05 10.40 
2016/10/24 10.40 10.45 10.30 10.35 
2016/10/25 10.35 10.60 10.35 10.60 
2016/10/26 10.60 11.00 10.55 10.85 
2016/10/27 10.85 11.10 10.80 11.00 
2016/10/28 11.00 11.00 10.80 11.00 
2016/10/31 11.20 11.30 11.00 11.05 
2016/11/01 11.10 11.15 10.90 10.90 
2016/11/02 10.85 10.85 10.65 10.70 
2016/11/03 10.80 10.80 10.50 10.55 
2016/11/04 10.60 10.80 10.55 10.80 
2016/11/07 10.85 11.30 10.80 11.25 
2016/11/08 11.45 11.65 11.35 11.45 
2016/11/09 11.40 11.45 10.85 10.95 
2016/11/10 11.45 12.00 11.40 12.00 
2016/11/11 12.30 12.85 12.30 12.55 
2016/11/14 12.45 12.90 12.25 12.80 
2016/11/15 12.90 13.25 12.80 12.85 
2016/11/16 12.80 12.80 12.55 12.70 
2016/11/17 12.80 13.00 12.55 12.60 
2016/11/18 12.75 12.85 12.55 12.70 
2016/11/21 12.65 13.40 12.65 13.30 
2016/11/22 13.40 13.50 13.10 13.40 
2016/11/23 13.45 13.45 13.10 13.10 
2016/11/24 13.30 13.40 13.05 13.30 
2016/11/25 13.25 13.30 13.10 13.10 
2016/11/28 13.15 13.20 12.85 12.90 
2016/11/29 13.00 13.65 13.00 13.40 
2016/11/30 13.45 13.50 13.20 13.40 
2016/12/01 13.40 13.45 13.15 13.25 
2016/12/02 13.20 13.50 13.15 13.25 
2016/12/05 13.40 13.40 12.95 12.95 
2016/12/06 13.00 13.20 12.95 13.05 
2016/12/07 13.10 13.45 12.95 13.40 
2016/12/08 13.40 13.45 13.10 13.15 
2016/12/09 13.15 13.30 13.10 13.25 
2016/12/12 13.30 13.30 12.80 12.90 
2016/12/13 12.95 13.00 12.60 12.85 
2016/12/14 12.95 13.10 12.80 12.85 
2016/12/15 12.85 12.95 12.70 12.95 
2016/12/16 12.90 13.05 12.70 12.70 
2016/12/19 12.65 12.70 12.05 12.10 
2016/12/20 12.15 12.30 12.05 12.15 
2016/12/21 12.20 12.50 12.15 12.45 
2016/12/22 12.45 12.45 12.05 12.10 
2016/12/23 12.05 12.05 11.75 11.80 
2016/12/26 11.80 11.95 11.75 11.75 
2016/12/27 11.75 11.75 11.40 11.50 
2016/12/28 11.50 12.00 11.50 12.00 
2016/12/29 11.85 11.95 11.70 11.75 
2016/12/30 11.90 11.90 11.75 11.85 
2017/01/03 11.80 11.85 11.55 11.65 
2017/01/04 11.65 11.85 11.60 11.80 
2017/01/05 11.85 12.05 11.75 11.95 
2017/01/06 11.90 12.05 11.85 11.85 
2017/01/09 12.05 12.10 11.80 11.85 
2017/01/10 11.90 11.90 11.80 11.85 
2017/01/11 12.00 12.20 11.90 12.20 
2017/01/12 12.15 12.30 11.95 12.05 
2017/01/13 12.05 12.10 11.95 11.95 
2017/01/16 12.00 12.00 11.80 11.85 
2017/01/17 11.85 12.10 11.85 12.05 
2017/01/18 12.05 12.10 11.95 12.05 
2017/01/19 12.10 12.20 11.95 12.10 
2017/01/20 12.10 12.50 12.05 12.05 
2017/01/23 12.05 12.20 11.95 12.10 
2017/01/24 12.10 12.30 12.10 12.15 
2017/02/02 12.30 13.30 12.25 12.95 
2017/02/03 13.20 13.25 12.65 12.85 
2017/02/06 13.00 13.10 12.90 13.00 
2017/02/07 13.15 13.45 13.05 13.40 
2017/02/08 13.40 13.50 12.90 12.95 
