2016/07/01 7.63 7.72 7.63 7.65 
2016/07/04 7.68 7.88 7.65 7.85 
2016/07/05 7.91 8.25 7.86 8.09 
2016/07/06 8.10 8.10 7.87 7.88 
2016/07/07 7.98 8.00 7.88 7.91 
2016/07/11 8.00 8.01 7.90 7.91 
2016/07/12 7.97 7.99 7.87 7.93 
2016/07/13 7.98 7.98 7.81 7.83 
2016/07/14 7.88 8.02 7.83 7.92 
2016/07/15 8.10 8.10 7.92 7.95 
2016/07/18 7.95 8.03 7.90 7.97 
2016/07/19 8.00 8.10 8.00 8.04 
2016/07/20 8.10 8.25 8.04 8.18 
2016/07/21 8.18 8.25 8.07 8.07 
2016/07/22 8.15 8.15 7.96 7.98 
2016/07/25 7.90 7.97 7.78 7.81 
2016/07/26 7.81 7.85 7.73 7.85 
2016/07/27 7.90 7.90 7.81 7.87 
2016/07/28 7.91 8.04 7.87 7.87 
2016/07/29 8.04 8.26 7.88 7.88 
2016/08/01 7.92 8.00 7.91 7.95 
2016/08/02 8.07 8.09 7.97 8.02 
2016/08/03 8.02 8.02 7.90 7.99 
2016/08/04 8.01 8.05 7.96 8.04 
2016/08/05 8.08 8.14 8.04 8.09 
2016/08/08 8.10 8.23 8.10 8.19 
2016/08/09 8.20 8.23 8.02 8.02 
2016/08/10 8.02 8.06 7.96 8.00 
2016/08/11 8.00 8.00 7.87 7.90 
2016/08/12 7.87 7.93 7.80 7.83 
2016/08/15 7.81 7.90 7.78 7.88 
2016/08/16 7.97 8.04 7.93 7.97 
2016/08/17 8.00 8.04 7.91 7.98 
2016/08/18 8.03 8.03 7.92 7.96 
2016/08/19 8.00 8.04 7.89 7.92 
2016/08/22 7.86 7.96 7.85 7.89 
2016/08/23 7.88 7.93 7.81 7.86 
2016/08/24 7.88 7.92 7.81 7.90 
2016/08/25 7.89 7.95 7.89 7.90 
2016/08/26 7.90 8.04 7.90 8.02 
2016/08/29 8.00 8.05 7.92 7.98 
2016/08/30 7.95 7.99 7.95 7.99 
2016/08/31 7.97 8.04 7.96 8.04 
2016/09/01 8.05 8.09 7.98 8.02 
2016/09/02 8.04 8.04 7.88 7.95 
2016/09/05 7.98 8.00 7.93 7.99 
2016/09/06 8.04 8.05 7.99 7.99 
2016/09/07 8.00 8.05 8.00 8.03 
2016/09/08 8.05 8.07 8.00 8.03 
2016/09/09 8.03 8.06 8.00 8.04 
2016/09/10 8.00 8.00 7.91 7.96 
2016/09/12 7.90 7.93 7.86 7.87 
2016/09/13 7.87 7.92 7.77 7.77 
2016/09/14 7.77 7.80 7.69 7.80 
2016/09/19 7.80 7.86 7.77 7.84 
2016/09/20 7.80 7.87 7.80 7.82 
2016/09/21 7.81 7.99 7.81 7.99 
2016/09/22 8.05 8.05 7.97 8.00 
2016/09/23 8.00 8.04 7.96 8.02 
2016/09/26 7.97 8.00 7.95 8.00 
2016/09/29 8.00 8.07 8.00 8.04 
2016/09/30 8.00 8.04 7.97 8.00 
2016/10/03 7.91 8.02 7.91 7.99 
2016/10/04 7.90 7.99 7.80 7.86 
2016/10/05 7.86 7.99 7.86 7.97 
2016/10/06 7.97 7.97 7.86 7.95 
2016/10/07 8.00 8.00 7.90 7.90 
2016/10/11 7.85 8.02 7.85 7.98 
2016/10/12 7.90 8.00 7.87 7.98 
2016/10/13 7.97 7.98 7.88 7.94 
2016/10/14 7.98 8.08 7.91 7.96 
2016/10/17 7.96 8.05 7.85 8.01 
2016/10/18 8.01 8.03 7.97 8.01 
2016/10/19 8.04 8.06 7.98 8.04 
2016/10/20 8.04 8.08 7.96 8.03 
2016/10/21 8.04 8.09 8.02 8.08 
2016/10/24 8.15 8.86 8.15 8.64 
2016/10/25 8.64 8.75 8.31 8.49 
2016/10/26 8.45 8.57 8.43 8.43 
2016/10/27 8.48 8.48 8.40 8.45 
2016/10/28 8.45 8.45 8.20 8.26 
2016/10/31 7.44 7.51 7.44 7.44 
2016/11/01 7.34 7.49 7.33 7.44 
2016/11/02 7.44 7.60 7.40 7.47 
2016/11/03 7.50 7.57 7.07 7.12 
2016/11/04 7.18 7.32 7.18 7.25 
2016/11/07 7.26 7.50 7.26 7.44 
2016/11/08 7.49 7.49 7.39 7.41 
2016/11/09 7.42 7.42 7.20 7.37 
2016/11/10 7.48 7.48 7.34 7.46 
2016/11/11 7.44 7.46 7.32 7.39 
2016/11/14 7.49 7.49 7.34 7.40 
2016/11/15 7.40 7.45 7.38 7.40 
2016/11/16 7.49 7.49 7.37 7.39 
2016/11/17 7.40 7.40 7.36 7.38 
2016/11/18 7.36 7.46 7.34 7.45 
2016/11/21 7.45 7.48 7.39 7.45 
2016/11/22 7.40 7.45 7.36 7.36 
2016/11/23 7.37 7.37 7.25 7.29 
2016/11/24 7.27 7.35 7.25 7.31 
2016/11/25 7.29 7.39 7.29 7.39 
2016/11/28 7.39 7.52 7.39 7.51 
2016/11/29 7.50 7.54 7.42 7.51 
2016/11/30 7.51 7.56 7.45 7.52 
2016/12/01 7.56 7.66 7.54 7.59 
2016/12/02 7.59 7.65 7.53 7.63 
2016/12/05 7.65 7.68 7.51 7.51 
2016/12/06 7.51 7.57 7.44 7.51 
2016/12/07 7.51 7.54 7.47 7.47 
2016/12/08 7.48 7.51 7.42 7.50 
2016/12/09 7.45 7.57 7.43 7.52 
2016/12/12 7.55 7.55 7.45 7.50 
2016/12/13 7.50 7.54 7.45 7.50 
2016/12/14 7.45 7.50 7.44 7.45 
2016/12/15 7.45 7.45 7.39 7.44 
2016/12/16 7.42 7.47 7.38 7.44 
2016/12/19 7.40 7.47 7.36 7.43 
2016/12/20 7.47 7.47 7.35 7.43 
2016/12/21 7.43 7.46 7.38 7.44 
2016/12/22 7.44 7.50 7.38 7.50 
2016/12/23 7.50 7.52 7.41 7.44 
2016/12/26 7.51 7.51 7.45 7.50 
2016/12/27 7.50 7.50 7.38 7.46 
2016/12/28 7.46 7.46 7.38 7.39 
2016/12/29 7.42 7.44 7.38 7.44 
2016/12/30 7.41 7.48 7.41 7.45 
2017/01/03 7.45 7.47 7.45 7.47 
2017/01/04 7.45 8.08 7.45 7.90 
2017/01/05 7.84 7.93 7.72 7.82 
2017/01/06 7.82 7.83 7.73 7.81 
2017/01/09 7.81 7.81 7.68 7.78 
2017/01/10 7.77 7.77 7.62 7.65 
2017/01/11 7.71 7.74 7.65 7.69 
2017/01/12 7.80 7.80 7.70 7.75 
2017/01/13 7.75 7.80 7.66 7.75 
2017/01/16 7.75 7.75 7.56 7.64 
2017/01/17 7.63 7.64 7.55 7.64 
2017/01/18 7.64 7.65 7.57 7.65 
2017/01/19 7.65 7.66 7.61 7.64 
2017/01/20 7.64 7.78 7.64 7.67 
2017/01/23 7.67 7.98 7.67 7.70 
2017/01/24 7.73 7.76 7.63 7.66 
2017/02/02 7.60 7.74 7.60 7.73 
2017/02/03 7.73 7.98 7.73 7.89 
2017/02/06 7.89 7.95 7.84 7.95 
2017/02/07 8.00 8.24 7.98 8.20 
2017/02/08 8.24 8.24 8.11 8.18 
