2016/07/01 8.24 8.26 8.17 8.25 
2016/07/04 8.25 8.25 8.18 8.22 
2016/07/05 8.22 8.30 8.22 8.27 
2016/07/06 8.20 8.25 8.15 8.24 
2016/07/07 8.23 8.25 8.15 8.20 
2016/07/11 8.11 8.11 8.01 8.04 
2016/07/12 8.04 8.26 8.04 8.21 
2016/07/13 8.21 8.21 8.14 8.17 
2016/07/14 8.17 8.28 8.17 8.25 
2016/07/15 8.25 8.27 8.20 8.27 
2016/07/18 8.27 8.32 8.27 8.30 
2016/07/19 8.29 8.40 8.29 8.35 
2016/07/20 8.40 8.40 8.30 8.37 
2016/07/21 8.37 8.41 8.37 8.37 
2016/07/22 8.37 8.37 8.27 8.28 
2016/07/25 8.29 8.38 8.29 8.37 
2016/07/26 8.43 8.43 8.34 8.39 
2016/07/27 8.39 8.41 8.28 8.39 
2016/07/28 8.39 8.39 8.25 8.28 
2016/07/29 8.28 8.32 8.28 8.30 
2016/08/01 8.30 8.37 8.29 8.37 
2016/08/02 8.45 8.50 8.37 8.40 
2016/08/03 8.38 8.40 8.31 8.38 
2016/08/04 8.38 8.38 8.31 8.38 
2016/08/05 8.33 8.58 8.33 8.45 
2016/08/08 8.45 8.45 8.35 8.45 
2016/08/09 8.38 8.44 8.32 8.32 
2016/08/10 8.32 8.43 8.30 8.39 
2016/08/11 8.35 8.39 8.26 8.33 
2016/08/12 8.28 8.41 8.28 8.41 
2016/08/15 8.32 8.39 8.32 8.39 
2016/08/16 8.43 8.43 8.33 8.35 
2016/08/17 8.35 8.45 8.33 8.42 
2016/08/18 8.42 8.43 8.40 8.43 
2016/08/19 8.43 8.48 8.43 8.47 
2016/08/22 8.47 8.51 8.40 8.48 
2016/08/23 8.48 8.48 8.35 8.48 
2016/08/24 8.50 8.50 8.44 8.44 
2016/08/25 8.50 8.50 8.40 8.41 
2016/08/26 8.41 8.41 8.38 8.40 
2016/08/29 8.41 8.42 8.35 8.40 
2016/08/30 8.40 8.40 8.37 8.40 
2016/08/31 8.40 8.40 8.30 8.39 
2016/09/01 8.55 8.55 8.33 8.39 
2016/09/02 8.34 8.39 8.25 8.37 
2016/09/05 8.37 8.37 8.28 8.35 
2016/09/06 8.35 8.37 8.30 8.35 
2016/09/07 8.35 8.38 8.26 8.35 
2016/09/08 8.35 8.39 8.34 8.38 
2016/09/09 8.45 8.45 8.37 8.43 
2016/09/10 8.43 8.56 8.43 8.48 
2016/09/12 8.50 8.52 8.46 8.49 
2016/09/13 8.50 8.56 8.46 8.49 
2016/09/14 8.50 8.54 8.49 8.53 
2016/09/19 8.54 8.54 8.50 8.52 
2016/09/20 8.53 8.58 8.47 8.53 
2016/09/21 8.53 8.75 8.51 8.75 
2016/09/22 8.75 8.83 8.64 8.65 
2016/09/23 8.65 8.80 8.65 8.70 
2016/09/26 8.70 8.72 8.70 8.72 
2016/09/29 8.85 8.86 8.70 8.80 
2016/09/30 8.73 8.76 8.73 8.76 
2016/10/03 8.77 8.80 8.76 8.77 
2016/10/04 8.77 8.78 8.71 8.78 
2016/10/05 8.71 8.74 8.71 8.73 
2016/10/06 8.70 8.76 8.67 8.67 
2016/10/07 8.68 8.68 8.59 8.67 
2016/10/11 8.70 8.76 8.65 8.76 
2016/10/12 8.75 8.79 8.67 8.75 
2016/10/13 8.75 8.75 8.67 8.75 
2016/10/14 8.72 8.75 8.53 8.75 
2016/10/17 8.80 8.80 8.61 8.69 
2016/10/18 8.65 8.65 8.60 8.61 
2016/10/19 8.61 8.78 8.55 8.60 
2016/10/20 8.56 8.69 8.56 8.59 
2016/10/21 8.60 8.67 8.56 8.67 
2016/10/24 8.67 8.71 8.61 8.61 
2016/10/25 8.61 8.69 8.53 8.65 
2016/10/26 8.65 8.89 8.63 8.80 
2016/10/27 8.72 8.79 8.72 8.75 
2016/10/28 8.75 8.76 8.75 8.76 
2016/10/31 8.80 8.98 8.77 8.89 
2016/11/01 8.95 8.95 8.80 8.89 
2016/11/02 8.80 8.80 8.69 8.69 
2016/11/03 8.71 8.75 8.68 8.74 
2016/11/04 8.79 8.80 8.71 8.71 
2016/11/07 8.76 8.77 8.67 8.77 
2016/11/08 8.89 8.89 8.72 8.78 
2016/11/09 8.78 8.78 8.63 8.63 
2016/11/10 8.65 8.87 8.65 8.71 
2016/11/11 8.90 9.19 8.87 9.07 
2016/11/14 9.15 9.18 8.91 9.05 
2016/11/15 9.05 9.19 8.95 9.09 
2016/11/16 9.13 9.13 9.00 9.07 
2016/11/17 9.10 9.10 9.00 9.00 
2016/11/18 9.00 9.04 8.91 9.04 
2016/11/21 9.00 9.06 8.99 9.06 
2016/11/22 9.05 9.06 9.02 9.05 
2016/11/23 9.11 9.11 9.01 9.05 
2016/11/24 9.05 9.13 9.04 9.07 
2016/11/25 9.07 9.12 9.04 9.12 
2016/11/28 9.12 9.24 9.08 9.08 
2016/11/29 9.07 9.13 9.05 9.05 
2016/11/30 9.06 9.08 9.01 9.06 
2016/12/01 9.29 9.29 9.06 9.06 
2016/12/02 9.08 9.19 9.06 9.10 
2016/12/05 9.10 9.10 9.02 9.04 
2016/12/06 9.20 9.20 9.00 9.00 
2016/12/07 9.00 9.00 8.95 8.96 
2016/12/08 9.00 9.01 8.92 8.95 
2016/12/09 9.00 9.10 8.99 9.08 
2016/12/12 9.04 9.08 8.97 9.08 
2016/12/13 9.08 9.08 9.00 9.08 
2016/12/14 9.08 9.08 9.04 9.05 
2016/12/15 9.00 9.15 9.00 9.06 
2016/12/16 9.06 9.07 9.02 9.05 
2016/12/19 9.01 9.05 9.01 9.02 
2016/12/20 9.04 9.14 9.00 9.02 
2016/12/21 9.01 9.10 9.01 9.02 
2016/12/22 9.00 9.01 8.91 8.98 
2016/12/23 8.95 8.96 8.95 8.95 
2016/12/26 8.93 8.95 8.93 8.93 
2016/12/27 8.90 8.95 8.90 8.91 
2016/12/28 8.90 9.04 8.88 8.88 
2016/12/29 8.90 8.90 8.82 8.83 
2016/12/30 8.81 8.90 8.81 8.83 
2017/01/03 8.83 8.83 8.80 8.81 
2017/01/04 8.81 8.85 8.79 8.81 
2017/01/05 8.80 8.99 8.80 8.99 
2017/01/06 8.90 8.98 8.90 8.98 
2017/01/09 8.97 9.04 8.91 8.95 
2017/01/10 9.00 9.00 8.94 8.94 
2017/01/11 8.90 8.94 8.89 8.94 
2017/01/12 8.94 8.96 8.92 8.95 
2017/01/13 8.94 8.99 8.94 8.97 
2017/01/16 8.91 8.96 8.88 8.93 
2017/01/17 8.88 8.97 8.88 8.97 
2017/01/18 8.97 9.04 8.95 9.02 
2017/01/19 8.99 9.03 8.99 9.02 
2017/01/20 9.00 9.05 9.00 9.05 
2017/01/23 8.97 9.13 8.97 9.10 
2017/01/24 9.12 9.13 9.04 9.10 
2017/02/02 9.10 9.19 9.09 9.17 
2017/02/03 9.24 9.45 9.24 9.30 
2017/02/06 9.44 9.50 9.36 9.36 
2017/02/07 9.31 10.25 9.31 10.25 
2017/02/08 11.00 11.15 10.75 10.75 
