2016/07/01 24.15 24.60 24.15 24.60 
2016/07/04 24.35 24.50 24.30 24.30 
2016/07/05 24.30 24.50 24.25 24.50 
2016/07/06 24.25 24.45 24.25 24.45 
2016/07/07 24.15 24.45 24.15 24.45 
2016/07/11 24.45 24.50 24.25 24.50 
2016/07/12 24.30 24.60 24.30 24.60 
2016/07/13 24.40 24.60 24.40 24.60 
2016/07/14 24.35 24.60 24.35 24.60 
2016/07/15 24.30 24.80 24.30 24.75 
2016/07/18 24.70 25.10 24.70 25.10 
2016/07/19 25.00 25.20 24.85 25.15 
2016/07/20 24.40 24.45 24.15 24.35 
2016/07/21 24.90 24.90 24.45 24.45 
2016/07/22 24.30 24.50 24.30 24.50 
2016/07/25 24.30 24.75 24.30 24.40 
2016/07/26 24.20 24.50 24.00 24.30 
2016/07/27 24.30 24.55 24.30 24.35 
2016/07/28 24.30 24.60 24.30 24.55 
2016/07/29 24.40 24.80 24.40 24.60 
2016/08/01 24.40 24.75 24.40 24.60 
2016/08/02 24.60 24.60 24.40 24.55 
2016/08/03 24.25 24.60 24.20 24.60 
2016/08/04 24.35 24.65 24.35 24.65 
2016/08/05 24.40 24.50 24.40 24.50 
2016/08/08 24.40 24.50 24.35 24.50 
2016/08/09 24.30 24.40 24.30 24.40 
2016/08/10 24.00 24.40 23.90 24.40 
2016/08/11 24.50 24.65 24.30 24.55 
2016/08/12 24.45 24.55 24.40 24.55 
2016/08/15 24.50 24.60 24.35 24.60 
2016/08/16 24.35 24.60 24.35 24.60 
2016/08/17 24.70 24.90 24.40 24.70 
2016/08/18 24.50 24.60 24.45 24.55 
2016/08/19 24.50 24.60 24.35 24.45 
2016/08/22 24.45 24.45 24.25 24.40 
2016/08/23 24.60 24.60 24.35 24.45 
2016/08/24 24.35 24.50 24.20 24.30 
2016/08/25 24.60 24.60 24.35 24.35 
2016/08/26 24.20 24.45 24.20 24.40 
2016/08/29 24.35 24.55 24.10 24.50 
2016/08/30 24.30 24.50 24.30 24.45 
2016/08/31 24.25 24.40 24.20 24.25 
2016/09/01 24.30 24.30 24.00 24.15 
2016/09/02 24.10 24.30 24.05 24.15 
2016/09/05 24.00 24.20 23.85 24.10 
2016/09/06 23.95 24.00 23.85 24.00 
2016/09/07 23.95 24.40 23.95 24.20 
2016/09/08 24.30 24.30 24.10 24.20 
2016/09/09 24.00 24.30 23.95 23.95 
2016/09/10 24.20 24.20 23.85 24.10 
2016/09/12 23.85 24.00 23.85 23.85 
2016/09/13 23.70 23.90 23.65 23.65 
2016/09/14 23.60 24.00 23.60 23.90 
2016/09/19 23.80 24.15 23.80 24.05 
2016/09/20 23.80 24.05 23.80 24.05 
2016/09/21 23.80 25.65 23.80 25.10 
2016/09/22 24.80 24.90 24.60 24.85 
2016/09/23 24.85 24.90 24.70 24.75 
2016/09/26 24.65 24.80 24.65 24.80 
2016/09/29 24.80 25.20 24.80 24.85 
2016/09/30 24.70 24.90 24.70 24.85 
2016/10/03 24.75 24.85 24.60 24.60 
2016/10/04 24.60 24.75 24.60 24.65 
2016/10/05 24.65 24.65 24.60 24.60 
2016/10/06 24.50 24.90 24.50 24.60 
2016/10/07 24.45 24.75 24.45 24.65 
2016/10/11 24.60 24.60 24.05 24.50 
2016/10/12 24.50 24.50 24.05 24.40 
2016/10/13 24.05 24.35 24.05 24.35 
2016/10/14 24.10 24.30 23.85 24.00 
2016/10/17 23.90 24.10 23.80 24.00 
2016/10/18 23.85 24.05 23.85 24.05 
2016/10/19 23.85 24.30 23.80 23.80 
2016/10/20 23.85 23.90 23.80 23.85 
2016/10/21 23.90 24.00 23.85 24.00 
2016/10/24 23.95 24.10 23.90 24.10 
2016/10/25 24.00 24.20 24.00 24.15 
2016/10/26 23.95 24.40 23.95 24.35 
2016/10/27 24.10 24.10 24.10 24.10 
2016/10/28 23.95 24.30 23.95 24.30 
2016/10/31 24.00 24.35 24.00 24.35 
2016/11/01 24.10 24.30 24.10 24.30 
2016/11/02 24.00 24.15 24.00 24.15 
2016/11/03 23.95 24.05 23.95 24.05 
2016/11/04 24.05 24.05 23.95 24.00 
2016/11/07 23.85 24.40 23.85 24.40 
2016/11/08 24.15 24.15 24.00 24.10 
2016/11/09 23.85 23.90 23.80 23.80 
2016/11/10 23.95 24.65 23.95 24.25 
2016/11/11 24.20 24.20 24.00 24.10 
2016/11/14 23.95 24.15 23.95 24.15 
2016/11/15 24.15 24.40 24.00 24.10 
2016/11/16 24.05 24.25 24.05 24.05 
2016/11/17 24.05 24.20 24.05 24.10 
2016/11/18 24.10 24.55 24.10 24.30 
2016/11/21 24.05 24.30 24.05 24.25 
2016/11/22 24.10 24.35 24.10 24.35 
2016/11/23 24.20 24.35 24.20 24.25 
2016/11/24 24.15 24.30 24.15 24.25 
2016/11/25 24.25 24.25 24.00 24.20 
2016/11/28 24.00 24.20 24.00 24.20 
2016/11/29 24.30 24.30 24.10 24.20 
2016/11/30 24.10 24.30 24.10 24.25 
2016/12/01 24.30 24.55 24.30 24.35 
2016/12/02 24.40 24.50 24.20 24.25 
2016/12/05 24.10 24.65 24.10 24.25 
2016/12/06 24.25 24.75 24.25 24.55 
2016/12/07 24.45 24.60 24.45 24.55 
2016/12/08 24.60 25.70 24.60 24.95 
2016/12/09 24.95 25.20 24.70 24.95 
2016/12/12 24.90 25.25 24.80 24.80 
2016/12/13 24.80 24.90 24.70 24.80 
2016/12/14 24.80 25.00 24.65 24.80 
2016/12/15 24.55 24.80 24.35 24.50 
2016/12/16 24.50 24.60 24.35 24.35 
2016/12/19 24.35 24.35 24.20 24.20 
2016/12/20 24.10 24.35 24.10 24.35 
2016/12/21 24.15 24.40 24.15 24.30 
2016/12/22 24.10 24.15 24.10 24.15 
2016/12/23 24.15 24.15 23.95 24.00 
2016/12/26 24.10 24.35 24.00 24.35 
2016/12/27 24.15 24.20 24.00 24.20 
2016/12/28 24.00 24.35 23.80 24.35 
2016/12/29 24.00 24.35 24.00 24.20 
2016/12/30 24.10 24.25 24.10 24.20 
2017/01/03 24.20 24.20 24.05 24.20 
2017/01/04 24.20 24.20 24.05 24.05 
2017/01/05 24.10 24.20 24.10 24.20 
2017/01/06 24.30 24.35 24.10 24.15 
2017/01/09 24.15 24.20 24.10 24.20 
2017/01/10 24.10 24.25 24.00 24.25 
2017/01/11 24.10 24.25 24.10 24.25 
2017/01/12 24.25 24.30 24.20 24.20 
2017/01/13 24.00 24.20 24.00 24.20 
2017/01/16 24.10 24.10 23.90 24.10 
2017/01/17 24.00 24.15 24.00 24.15 
2017/01/18 24.20 24.25 24.10 24.25 
2017/01/19 24.25 24.35 24.20 24.20 
2017/01/20 24.20 24.35 24.20 24.30 
2017/01/23 24.40 24.60 24.40 24.50 
2017/01/24 24.60 24.80 24.40 24.70 
2017/02/02 25.00 25.80 25.00 25.50 
2017/02/03 25.75 26.35 25.50 26.15 
2017/02/06 26.15 26.60 26.00 26.55 
2017/02/07 26.60 26.70 26.10 26.10 
2017/02/08 26.30 26.30 25.70 25.90 
