2016/07/01 8.75 8.86 8.75 8.86 
2016/07/04 8.70 8.70 8.70 8.70 
2016/07/06 8.68 8.80 8.68 8.70 
2016/07/07 8.80 8.80 8.80 8.80 
2016/07/11 8.70 8.99 8.70 8.99 
2016/07/12 9.02 9.02 9.02 9.02 
2016/07/13 8.88 9.10 8.88 9.10 
2016/07/14 9.00 9.10 9.00 9.10 
2016/07/15 9.00 9.10 9.00 9.10 
2016/07/18 9.00 9.00 9.00 9.00 
2016/07/19 8.95 9.00 8.95 9.00 
2016/07/20 9.14 9.14 9.00 9.00 
2016/07/21 9.00 9.20 9.00 9.20 
2016/07/22 9.15 9.15 9.15 9.15 
2016/07/25 9.15 9.15 9.15 9.15 
2016/07/26 9.00 9.15 9.00 9.15 
2016/07/27 9.15 9.15 9.12 9.12 
2016/07/28 9.12 9.12 9.12 9.12 
2016/07/29 9.25 9.25 9.10 9.10 
2016/08/01 9.10 9.19 9.10 9.19 
2016/08/02 9.19 9.28 9.19 9.28 
2016/08/03 9.21 9.29 9.21 9.29 
2016/08/04 9.20 9.28 9.16 9.16 
2016/08/05 9.30 9.48 9.25 9.48 
2016/08/08 9.48 9.48 9.48 9.48 
2016/08/09 9.30 9.47 9.30 9.47 
2016/08/10 9.10 9.41 9.10 9.41 
2016/08/11 9.40 9.40 9.23 9.35 
2016/08/12 9.32 9.60 9.32 9.59 
2016/08/15 9.65 10.05 9.65 10.00 
2016/08/16 10.15 10.20 10.05 10.05 
2016/08/17 10.00 10.15 10.00 10.15 
2016/08/18 10.15 10.35 10.15 10.30 
2016/08/19 10.35 10.35 10.20 10.30 
2016/08/22 9.93 10.15 9.93 10.10 
2016/08/23 10.05 10.05 10.05 10.05 
2016/08/24 9.92 10.15 9.92 10.15 
2016/08/26 9.95 10.20 9.95 10.20 
2016/08/29 10.20 10.30 10.20 10.30 
2016/08/30 10.30 10.30 10.30 10.30 
2016/08/31 10.30 10.50 10.30 10.45 
2016/09/02 10.40 10.40 10.10 10.30 
2016/09/05 10.30 10.30 10.10 10.20 
2016/09/06 10.15 10.30 10.10 10.10 
2016/09/07 10.10 10.25 10.05 10.25 
2016/09/08 10.05 10.10 9.92 10.10 
2016/09/10 9.96 9.96 9.63 9.78 
2016/09/12 9.80 9.88 9.71 9.88 
2016/09/13 9.88 9.88 9.75 9.88 
2016/09/14 9.87 9.96 9.87 9.96 
2016/09/19 10.25 10.25 9.87 10.00 
2016/09/20 10.00 10.20 9.91 10.00 
2016/09/21 10.10 10.15 10.10 10.15 
2016/09/22 10.00 10.05 9.92 10.05 
2016/09/23 9.93 10.00 9.90 10.00 
2016/09/26 10.00 10.10 9.91 10.10 
2016/09/29 9.91 9.96 9.65 9.95 
2016/09/30 9.80 9.90 9.80 9.90 
2016/10/03 9.98 10.00 9.95 9.95 
2016/10/04 10.05 10.05 10.05 10.05 
2016/10/05 9.95 9.95 9.93 9.93 
2016/10/06 9.90 10.00 9.90 10.00 
2016/10/07 9.82 9.96 9.82 9.96 
2016/10/11 9.85 9.98 9.85 9.98 
2016/10/12 9.95 9.96 9.81 9.96 
2016/10/13 9.73 9.93 9.73 9.93 
2016/10/14 9.80 9.97 9.75 9.75 
2016/10/17 9.87 9.87 9.76 9.76 
2016/10/18 9.86 9.86 9.86 9.86 
2016/10/19 9.96 9.96 9.96 9.96 
2016/10/20 9.96 9.96 9.72 9.86 
2016/10/21 9.70 9.94 9.70 9.93 
2016/10/24 9.93 9.93 9.75 9.90 
2016/10/25 9.96 9.96 9.90 9.90 
2016/10/26 9.95 10.00 9.90 10.00 
2016/10/27 9.99 9.99 9.99 9.99 
2016/10/31 9.90 9.90 9.90 9.90 
2016/11/01 9.96 9.96 9.96 9.96 
2016/11/02 9.85 9.96 9.85 9.96 
2016/11/03 9.95 9.95 9.81 9.95 
2016/11/04 9.85 9.95 9.85 9.95 
2016/11/07 9.82 9.91 9.82 9.91 
2016/11/08 9.92 9.93 9.90 9.90 
2016/11/09 10.15 10.15 9.70 9.70 
2016/11/10 9.90 9.98 9.76 9.98 
2016/11/11 9.90 10.20 9.88 10.20 
2016/11/14 10.30 10.30 10.05 10.20 
2016/11/15 10.10 10.20 10.00 10.15 
2016/11/16 10.05 10.30 10.05 10.05 
2016/11/17 10.10 10.10 10.10 10.10 
2016/11/18 10.05 10.10 10.00 10.10 
2016/11/22 10.00 10.05 10.00 10.05 
2016/11/23 10.10 10.20 10.10 10.20 
2016/11/24 10.20 10.20 10.10 10.20 
2016/11/25 10.20 10.20 10.15 10.15 
2016/11/28 10.20 10.20 10.10 10.20 
2016/11/29 10.15 10.15 10.15 10.15 
2016/11/30 10.10 10.25 10.10 10.25 
2016/12/01 10.10 10.25 10.00 10.00 
2016/12/02 10.05 10.20 10.00 10.20 
2016/12/06 10.20 10.20 10.00 10.05 
2016/12/07 10.00 10.00 10.00 10.00 
2016/12/08 10.00 10.00 10.00 10.00 
2016/12/12 10.15 11.00 10.00 10.75 
2016/12/13 10.75 10.95 10.65 10.65 
2016/12/14 10.80 10.80 10.50 10.50 
2016/12/15 10.50 10.80 10.40 10.70 
2016/12/16 10.70 10.70 10.50 10.70 
2016/12/19 10.75 10.75 10.30 10.45 
2016/12/20 10.30 10.35 10.30 10.30 
2016/12/21 10.35 10.55 10.25 10.40 
2016/12/22 10.50 10.50 10.35 10.35 
2016/12/23 10.25 10.35 10.25 10.35 
2016/12/26 10.20 10.30 10.20 10.30 
2016/12/27 10.35 10.35 10.10 10.35 
2016/12/28 10.30 10.30 10.15 10.25 
2016/12/29 10.15 10.15 10.10 10.15 
2016/12/30 10.15 10.25 10.15 10.20 
2017/01/03 10.25 10.25 10.20 10.20 
2017/01/04 10.15 10.15 10.10 10.15 
2017/01/05 10.15 10.20 10.15 10.20 
2017/01/06 10.15 11.10 10.15 10.95 
2017/01/09 10.95 11.35 10.60 10.85 
2017/01/10 10.60 10.75 10.60 10.65 
2017/01/11 10.70 10.90 10.40 10.70 
2017/01/12 10.60 11.00 10.60 10.85 
2017/01/13 10.70 10.70 10.60 10.70 
2017/01/16 10.70 10.70 10.30 10.35 
2017/01/17 10.35 10.50 10.35 10.45 
2017/01/18 10.45 10.50 10.30 10.45 
2017/01/19 10.50 10.50 10.40 10.50 
2017/01/20 10.50 10.50 10.50 10.50 
2017/01/23 10.50 10.50 10.50 10.50 
2017/01/24 10.50 11.00 10.50 10.85 
2017/02/02 10.90 11.50 10.70 11.30 
2017/02/03 11.15 11.25 11.10 11.25 
2017/02/06 11.30 11.35 11.00 11.00 
2017/02/07 11.10 11.20 11.00 11.15 
2017/02/08 11.25 11.25 10.90 10.90 
