2016/07/01 7.61 7.77 7.61 7.70 
2016/07/04 7.70 7.78 7.70 7.78 
2016/07/05 7.75 7.79 7.70 7.71 
2016/07/06 7.70 7.77 7.66 7.72 
2016/07/07 7.74 7.80 7.74 7.79 
2016/07/11 8.20 8.52 8.16 8.37 
2016/07/12 8.51 8.51 8.11 8.32 
2016/07/13 8.24 8.37 8.18 8.35 
2016/07/14 8.45 8.45 8.31 8.35 
2016/07/15 8.35 8.41 8.32 8.35 
2016/07/18 8.44 8.45 8.35 8.37 
2016/07/19 8.35 8.40 8.32 8.32 
2016/07/20 8.34 8.46 8.30 8.42 
2016/07/21 8.42 8.43 8.34 8.41 
2016/07/22 8.42 8.45 8.42 8.43 
2016/07/25 8.42 8.44 8.39 8.44 
2016/07/26 8.04 8.14 8.04 8.14 
2016/07/27 8.17 8.18 8.03 8.03 
2016/07/28 8.05 8.19 8.05 8.12 
2016/07/29 8.20 8.20 8.12 8.16 
2016/08/01 8.23 8.23 8.16 8.22 
2016/08/02 8.25 8.25 8.18 8.22 
2016/08/03 8.20 8.24 8.15 8.21 
2016/08/04 8.20 8.24 8.17 8.18 
2016/08/05 8.17 8.25 8.16 8.24 
2016/08/08 8.25 8.25 8.22 8.23 
2016/08/09 8.22 8.22 8.12 8.17 
2016/08/10 8.13 8.19 8.08 8.10 
2016/08/11 8.04 8.14 8.03 8.04 
2016/08/12 8.04 8.17 8.04 8.12 
2016/08/15 8.12 8.16 8.06 8.07 
2016/08/16 8.08 8.18 8.08 8.08 
2016/08/17 8.07 8.15 8.07 8.14 
2016/08/18 8.10 8.12 8.10 8.10 
2016/08/19 8.15 8.15 8.00 8.00 
2016/08/22 7.97 8.02 7.96 8.02 
2016/08/23 8.00 8.05 7.97 7.98 
2016/08/24 7.95 8.01 7.90 8.00 
2016/08/25 8.10 8.10 7.97 8.02 
2016/08/26 8.01 8.01 8.00 8.00 
2016/08/29 8.00 8.08 8.00 8.03 
2016/08/30 8.02 8.12 7.98 8.03 
2016/08/31 7.98 8.08 7.98 8.05 
2016/09/01 8.05 8.17 8.05 8.15 
2016/09/02 8.15 8.15 8.12 8.14 
2016/09/05 8.17 8.17 8.10 8.14 
2016/09/06 8.17 8.23 8.14 8.15 
2016/09/07 8.15 8.20 8.15 8.18 
2016/09/08 8.18 8.23 8.18 8.20 
2016/09/09 8.19 8.21 8.17 8.19 
2016/09/10 7.93 8.27 7.93 8.19 
2016/09/12 8.28 8.28 8.17 8.17 
2016/09/13 8.17 8.21 8.15 8.17 
2016/09/14 8.17 8.17 8.10 8.12 
2016/09/19 8.20 8.20 8.08 8.17 
2016/09/20 8.12 8.17 8.12 8.12 
2016/09/21 8.11 8.19 8.11 8.19 
2016/09/22 8.15 8.18 8.14 8.18 
2016/09/23 8.14 8.15 8.12 8.12 
2016/09/26 8.10 8.19 8.10 8.10 
2016/09/29 8.10 8.14 8.10 8.14 
2016/09/30 8.10 8.14 8.10 8.11 
2016/10/03 8.05 8.12 8.05 8.07 
2016/10/04 8.10 8.13 8.08 8.10 
2016/10/05 8.13 8.13 8.06 8.12 
2016/10/06 8.10 8.10 8.06 8.07 
2016/10/07 8.07 8.07 8.04 8.04 
2016/10/11 8.02 8.09 7.81 7.90 
2016/10/12 7.85 7.90 7.76 7.76 
2016/10/13 7.90 7.90 7.75 7.75 
2016/10/14 7.80 7.80 7.61 7.65 
2016/10/17 7.60 7.85 7.60 7.74 
2016/10/18 7.61 7.74 7.61 7.74 
2016/10/19 7.74 7.74 7.65 7.70 
2016/10/20 7.78 7.87 7.71 7.81 
2016/10/21 7.81 7.81 7.71 7.80 
2016/10/24 7.83 7.89 7.78 7.78 
2016/10/25 7.80 7.89 7.80 7.85 
2016/10/26 7.90 7.91 7.82 7.90 
2016/10/27 7.90 7.91 7.82 7.89 
2016/10/28 7.85 7.88 7.77 7.78 
2016/10/31 7.79 7.87 7.76 7.76 
2016/11/01 7.80 7.91 7.78 7.80 
2016/11/02 7.85 7.89 7.76 7.84 
2016/11/03 7.75 7.87 7.71 7.75 
2016/11/04 7.75 7.75 7.70 7.70 
2016/11/07 7.70 7.80 7.67 7.67 
2016/11/08 7.77 7.85 7.69 7.79 
2016/11/09 7.82 7.82 7.65 7.77 
2016/11/10 7.76 7.84 7.67 7.81 
2016/11/11 7.79 8.20 7.79 8.05 
2016/11/14 7.92 8.07 7.92 8.00 
2016/11/15 8.06 8.08 7.99 8.00 
2016/11/16 8.05 8.35 8.05 8.10 
2016/11/17 8.13 8.16 8.04 8.05 
2016/11/18 8.05 8.13 8.02 8.08 
2016/11/21 8.08 8.19 8.07 8.07 
2016/11/22 8.09 8.17 8.08 8.09 
2016/11/23 8.10 8.11 8.07 8.09 
2016/11/24 8.09 8.15 8.05 8.11 
2016/11/25 8.10 8.33 8.10 8.15 
2016/11/28 8.30 8.30 8.20 8.25 
2016/11/29 8.30 8.30 8.20 8.25 
2016/11/30 8.24 8.41 8.23 8.40 
2016/12/01 8.40 8.48 8.38 8.46 
2016/12/02 8.40 8.59 8.38 8.56 
2016/12/05 8.65 8.76 8.48 8.48 
2016/12/06 8.48 8.62 8.45 8.56 
2016/12/07 8.72 8.72 8.58 8.58 
2016/12/08 8.70 8.70 8.43 8.43 
2016/12/09 8.43 8.49 8.34 8.35 
2016/12/12 8.37 8.45 8.36 8.38 
2016/12/13 8.40 8.57 8.34 8.46 
2016/12/14 8.46 8.55 8.45 8.45 
2016/12/15 8.42 8.60 8.41 8.55 
2016/12/16 8.51 8.67 8.51 8.63 
2016/12/19 8.61 8.63 8.40 8.40 
2016/12/20 8.40 8.50 8.40 8.42 
2016/12/21 8.42 8.42 8.36 8.42 
2016/12/22 8.37 8.37 8.20 8.21 
2016/12/23 8.20 8.26 8.16 8.17 
2016/12/26 8.16 8.38 8.16 8.17 
2016/12/27 8.16 8.32 8.16 8.18 
2016/12/28 8.20 8.30 8.20 8.21 
2016/12/29 8.20 8.28 8.18 8.28 
2016/12/30 8.26 8.34 8.23 8.29 
2017/01/03 8.30 8.39 8.30 8.34 
2017/01/04 8.33 8.33 8.30 8.30 
2017/01/05 8.35 8.40 8.33 8.34 
2017/01/06 8.40 8.40 8.31 8.39 
2017/01/09 8.39 8.39 8.30 8.31 
2017/01/10 8.40 8.51 8.39 8.49 
2017/01/11 8.47 8.50 8.39 8.50 
2017/01/12 8.41 8.54 8.41 8.53 
2017/01/13 8.50 8.51 8.46 8.46 
2017/01/16 8.41 8.49 8.41 8.41 
2017/01/17 8.42 8.45 8.40 8.41 
2017/01/18 8.41 8.50 8.41 8.50 
2017/01/19 8.42 8.50 8.41 8.43 
2017/01/20 8.43 8.48 8.40 8.40 
2017/01/23 8.42 8.46 8.40 8.41 
2017/01/24 8.56 8.56 8.41 8.41 
2017/02/02 8.46 8.80 8.40 8.65 
2017/02/03 8.65 8.71 8.55 8.55 
2017/02/06 8.65 8.70 8.55 8.56 
2017/02/07 8.60 9.20 8.60 8.90 
2017/02/08 8.90 9.00 8.73 8.90 
