2016/07/01 23.85 24.05 23.80 23.95 
2016/07/04 23.95 24.00 23.60 23.85 
2016/07/05 23.85 23.90 23.65 23.70 
2016/07/06 23.65 23.75 23.55 23.75 
2016/07/07 23.80 24.20 23.80 23.90 
2016/07/11 23.90 23.95 23.65 23.75 
2016/07/12 23.65 23.90 23.65 23.80 
2016/07/13 23.50 23.75 23.20 23.40 
2016/07/14 23.40 24.60 23.30 23.95 
2016/07/15 23.90 24.05 23.70 23.75 
2016/07/18 23.80 24.10 23.65 24.10 
2016/07/19 24.05 24.10 23.85 24.00 
2016/07/20 23.90 26.40 23.90 26.40 
2016/07/21 26.40 26.40 25.40 25.60 
2016/07/22 25.50 27.30 25.40 26.60 
2016/07/25 26.00 26.30 25.65 25.65 
2016/07/26 26.00 26.00 25.25 25.55 
2016/07/27 26.05 26.50 26.05 26.45 
2016/07/28 26.40 26.40 25.90 26.15 
2016/07/29 26.15 26.20 25.80 25.80 
2016/08/01 25.80 25.80 25.30 25.40 
2016/08/02 25.40 25.40 25.20 25.30 
2016/08/03 25.25 25.75 24.80 25.75 
2016/08/04 25.75 25.95 25.75 25.85 
2016/08/05 25.90 26.40 25.70 26.15 
2016/08/08 28.75 28.75 28.75 28.75 
2016/08/09 30.95 30.95 28.20 28.20 
2016/08/10 27.80 28.00 27.30 27.75 
2016/08/11 27.80 27.85 26.40 27.05 
2016/08/12 27.05 28.40 27.00 27.70 
2016/08/15 28.30 28.30 27.40 27.85 
2016/08/16 28.00 28.55 27.90 28.30 
2016/08/17 28.50 29.05 28.50 28.70 
2016/08/18 28.70 29.45 28.50 29.00 
2016/08/19 29.20 29.30 28.55 28.80 
2016/08/22 29.30 29.40 28.50 28.50 
2016/08/23 28.80 28.80 28.30 28.45 
2016/08/24 28.50 28.50 28.25 28.40 
2016/08/25 28.50 28.90 28.50 28.75 
2016/08/26 28.70 29.35 28.70 28.75 
2016/08/29 28.20 28.20 26.40 26.70 
2016/08/30 27.00 27.30 26.75 27.15 
2016/08/31 27.15 27.15 26.75 26.75 
2016/09/01 27.10 27.10 26.60 26.60 
2016/09/02 27.05 27.05 26.35 26.50 
2016/09/05 26.85 26.85 26.40 26.50 
2016/09/06 27.00 27.50 26.70 26.70 
2016/09/07 26.90 26.90 26.70 26.75 
2016/09/08 26.95 26.95 26.45 26.50 
2016/09/09 26.50 26.75 26.50 26.55 
2016/09/10 26.55 26.65 26.40 26.40 
2016/09/12 26.40 26.40 25.75 25.75 
2016/09/13 26.00 26.20 25.85 25.95 
2016/09/14 25.80 25.95 25.65 25.90 
2016/09/19 25.90 26.20 25.85 25.90 
2016/09/20 26.20 26.20 25.80 25.90 
2016/09/21 25.30 26.20 25.30 26.15 
2016/09/22 26.45 26.45 26.00 26.20 
2016/09/23 26.30 26.35 26.10 26.20 
2016/09/26 26.35 27.05 26.30 26.55 
2016/09/29 26.70 27.10 26.70 26.80 
2016/09/30 26.80 26.95 26.80 26.95 
2016/10/03 27.00 27.45 27.00 27.40 
2016/10/04 27.45 27.90 27.20 27.30 
2016/10/05 27.50 27.50 26.95 27.10 
2016/10/06 27.45 27.45 27.05 27.15 
2016/10/07 27.45 27.45 27.05 27.05 
2016/10/11 27.25 27.40 27.05 27.40 
2016/10/12 27.00 27.45 26.70 27.40 
2016/10/13 27.20 27.40 26.80 26.95 
2016/10/14 27.20 27.40 26.65 26.65 
2016/10/17 26.80 26.80 26.60 26.70 
2016/10/18 26.90 26.90 26.80 26.80 
2016/10/19 26.90 27.20 26.80 27.05 
2016/10/20 27.30 27.45 26.65 27.20 
2016/10/21 27.40 27.40 26.80 27.00 
2016/10/24 27.20 27.20 26.70 26.90 
2016/10/25 27.10 27.10 26.65 26.95 
2016/10/26 26.70 26.90 26.65 26.65 
2016/10/27 27.10 27.10 26.50 26.60 
2016/10/28 26.85 26.85 26.30 26.65 
2016/10/31 26.35 26.60 26.20 26.60 
2016/11/01 26.55 26.55 26.20 26.30 
2016/11/02 26.30 26.35 24.90 24.95 
2016/11/03 25.20 25.30 25.00 25.10 
2016/11/04 24.75 25.25 24.75 25.10 
2016/11/07 25.40 25.55 25.10 25.55 
2016/11/08 25.20 25.50 25.20 25.50 
2016/11/09 25.90 25.90 25.00 25.50 
2016/11/10 25.50 26.10 25.50 25.65 
2016/11/11 25.65 25.70 25.50 25.65 
2016/11/14 25.80 26.50 25.45 25.45 
2016/11/15 25.80 25.80 25.45 25.45 
2016/11/16 25.70 25.70 25.45 25.55 
2016/11/17 25.75 25.75 25.45 25.55 
2016/11/18 25.80 25.80 25.50 25.50 
2016/11/21 25.90 25.90 25.45 25.75 
2016/11/22 25.85 25.85 25.45 25.45 
2016/11/23 25.55 25.55 25.40 25.40 
2016/11/24 25.45 25.45 25.35 25.40 
2016/11/25 25.50 25.50 25.35 25.45 
2016/11/28 25.45 25.70 25.45 25.60 
2016/11/29 25.65 25.65 25.35 25.50 
2016/11/30 25.55 25.55 25.30 25.40 
2016/12/01 25.55 25.55 25.35 25.40 
2016/12/02 25.45 25.45 25.20 25.20 
2016/12/05 25.20 25.50 25.20 25.30 
2016/12/06 25.60 26.10 25.60 25.70 
2016/12/07 25.70 25.75 25.50 25.75 
2016/12/08 25.85 25.85 25.55 25.55 
2016/12/09 25.80 25.80 25.40 25.50 
2016/12/12 25.50 25.80 25.45 25.70 
2016/12/13 25.65 25.65 25.40 25.40 
2016/12/14 25.50 25.55 25.45 25.50 
2016/12/15 25.70 27.80 25.40 26.60 
2016/12/16 26.65 26.80 26.20 26.45 
2016/12/19 26.65 26.70 26.35 26.55 
2016/12/20 26.65 26.65 26.20 26.50 
2016/12/21 26.20 26.50 25.80 26.20 
2016/12/22 26.40 26.40 25.80 26.00 
2016/12/23 26.20 26.20 25.60 26.00 
2016/12/26 26.15 26.40 25.70 26.40 
2016/12/27 26.45 26.50 26.00 26.40 
2016/12/28 26.40 26.70 26.40 26.70 
2016/12/29 27.00 27.10 26.40 26.55 
2016/12/30 26.50 26.65 26.15 26.15 
2017/01/03 26.40 26.40 25.85 26.00 
2017/01/04 26.00 26.05 25.90 26.05 
2017/01/05 26.10 26.10 25.80 25.95 
2017/01/06 26.15 26.20 25.85 26.00 
2017/01/09 26.30 27.10 26.00 26.35 
2017/01/10 25.75 26.15 25.75 26.15 
2017/01/11 25.80 26.50 25.75 26.00 
2017/01/12 26.20 26.20 25.80 25.80 
2017/01/13 26.10 26.10 25.50 25.95 
2017/01/16 25.95 25.95 25.80 25.80 
2017/01/17 26.10 26.30 25.70 25.85 
2017/01/18 25.90 25.95 25.55 25.85 
2017/01/19 25.85 25.95 25.65 25.65 
2017/01/20 25.80 25.80 25.40 25.70 
2017/01/23 26.00 26.00 25.65 25.65 
2017/01/24 25.80 25.85 25.50 25.75 
2017/02/02 25.75 25.90 24.80 25.75 
2017/02/03 25.75 26.40 25.75 26.20 
2017/02/06 26.20 26.40 26.15 26.35 
2017/02/07 26.00 26.35 26.00 26.20 
2017/02/08 26.40 26.40 26.10 26.10 
