2016/07/01 18.40 18.45 18.30 18.40 
2016/07/04 18.40 18.45 18.35 18.35 
2016/07/05 18.40 18.70 18.35 18.65 
2016/07/06 18.65 18.65 18.45 18.55 
2016/07/07 18.55 18.60 18.50 18.55 
2016/07/11 18.65 18.75 18.55 18.70 
2016/07/12 18.55 18.75 18.55 18.55 
2016/07/13 18.65 18.65 18.50 18.60 
2016/07/14 18.65 18.65 18.50 18.60 
2016/07/15 18.55 18.80 18.55 18.80 
2016/07/18 18.85 18.95 18.75 18.80 
2016/07/19 18.90 18.90 18.80 18.85 
2016/07/20 18.80 18.85 18.60 18.70 
2016/07/21 18.75 18.80 18.65 18.70 
2016/07/22 18.75 18.85 18.65 18.85 
2016/07/25 18.30 18.35 18.15 18.15 
2016/07/26 18.25 18.30 18.10 18.20 
2016/07/27 18.30 18.30 18.15 18.15 
2016/07/28 18.00 18.15 18.00 18.10 
2016/07/29 18.10 18.20 18.10 18.20 
2016/08/01 18.20 18.25 18.10 18.20 
2016/08/02 18.20 18.25 18.10 18.25 
2016/08/03 18.25 18.25 18.15 18.20 
2016/08/04 18.20 18.30 18.15 18.20 
2016/08/05 18.25 18.30 18.15 18.15 
2016/08/08 18.20 18.30 18.15 18.20 
2016/08/09 18.20 18.30 18.15 18.20 
2016/08/10 18.20 18.20 18.10 18.15 
2016/08/11 18.15 18.20 18.00 18.05 
2016/08/12 18.05 18.20 18.05 18.20 
2016/08/15 18.20 18.25 18.10 18.15 
2016/08/16 18.20 18.60 18.10 18.45 
2016/08/17 18.45 18.45 18.20 18.35 
2016/08/18 18.35 18.40 18.30 18.35 
2016/08/19 18.40 18.45 18.20 18.25 
2016/08/22 18.20 18.40 18.20 18.20 
2016/08/23 18.35 18.35 18.15 18.15 
2016/08/24 18.25 18.30 18.15 18.25 
2016/08/25 18.25 18.30 18.20 18.25 
2016/08/26 18.30 18.30 18.15 18.20 
2016/08/29 18.20 18.25 18.10 18.15 
2016/08/30 18.25 18.25 18.10 18.15 
2016/08/31 18.15 18.25 18.10 18.20 
2016/09/01 18.20 18.25 18.15 18.15 
2016/09/02 18.20 18.20 18.00 18.10 
2016/09/05 18.10 18.20 18.10 18.10 
2016/09/06 18.15 18.15 18.05 18.10 
2016/09/07 18.15 18.20 18.10 18.15 
2016/09/08 18.15 18.25 18.10 18.20 
2016/09/09 18.20 18.25 18.15 18.20 
2016/09/10 18.20 18.30 18.15 18.20 
2016/09/12 18.25 18.30 18.15 18.15 
2016/09/13 18.20 18.25 18.05 18.05 
2016/09/14 18.05 18.15 18.00 18.15 
2016/09/19 18.20 18.20 18.05 18.10 
2016/09/20 18.20 18.20 18.10 18.15 
2016/09/21 18.15 18.20 18.05 18.20 
2016/09/22 18.20 18.25 18.05 18.10 
2016/09/23 18.15 18.20 18.10 18.10 
2016/09/26 18.10 18.15 18.05 18.05 
2016/09/29 18.10 18.15 18.05 18.05 
2016/09/30 18.05 18.15 18.00 18.15 
2016/10/03 18.15 18.20 18.05 18.15 
2016/10/04 18.20 18.20 18.05 18.10 
2016/10/05 18.20 18.20 18.05 18.05 
2016/10/06 18.05 18.20 18.05 18.05 
2016/10/07 18.10 18.15 18.05 18.10 
2016/10/11 18.10 18.15 17.85 18.00 
2016/10/12 18.00 18.00 17.95 18.00 
2016/10/13 18.00 18.10 17.90 18.05 
2016/10/14 18.05 18.05 17.80 17.80 
2016/10/17 17.80 17.95 17.75 17.85 
2016/10/18 17.85 18.05 17.80 18.00 
2016/10/19 18.05 18.20 17.95 18.00 
2016/10/20 18.10 18.20 18.00 18.10 
2016/10/21 18.10 18.15 17.90 18.05 
2016/10/24 18.05 18.10 17.85 17.85 
2016/10/25 17.90 17.95 17.85 17.90 
2016/10/26 17.90 18.10 17.90 18.00 
2016/10/27 18.00 18.00 17.85 17.90 
2016/10/28 18.00 18.00 17.90 17.90 
2016/10/31 17.90 17.90 17.80 17.80 
2016/11/01 17.80 17.90 17.75 17.75 
2016/11/02 17.75 17.80 17.65 17.65 
2016/11/03 17.65 17.70 17.60 17.60 
2016/11/04 17.65 17.75 17.60 17.65 
2016/11/07 17.65 17.75 17.65 17.70 
2016/11/08 17.70 17.85 17.70 17.80 
2016/11/09 17.80 17.85 17.60 17.65 
2016/11/10 17.75 18.15 17.75 17.95 
2016/11/11 17.95 18.00 17.80 18.00 
2016/11/14 17.90 17.95 17.85 17.90 
2016/11/15 17.95 17.95 17.85 17.85 
2016/11/16 17.85 17.95 17.80 17.95 
2016/11/17 17.95 17.95 17.80 17.85 
2016/11/18 17.95 17.95 17.80 17.95 
2016/11/21 17.95 17.95 17.85 17.90 
2016/11/22 17.90 18.00 17.90 17.95 
2016/11/23 17.95 17.95 17.90 17.90 
2016/11/24 17.95 18.05 17.90 18.00 
2016/11/25 18.00 18.05 17.95 18.00 
2016/11/28 18.00 18.05 17.90 18.00 
2016/11/29 18.00 18.05 17.95 18.05 
2016/11/30 18.05 18.10 17.95 17.95 
2016/12/01 18.00 18.05 17.95 17.95 
2016/12/02 18.00 18.05 18.00 18.00 
2016/12/05 18.05 18.05 17.95 18.00 
2016/12/06 18.05 18.05 17.95 18.00 
2016/12/07 18.00 18.10 17.95 18.05 
2016/12/08 18.10 18.10 18.00 18.00 
2016/12/09 18.00 18.10 17.95 18.05 
2016/12/12 18.10 18.35 18.10 18.30 
2016/12/13 18.30 18.30 18.20 18.25 
2016/12/14 18.25 18.30 18.00 18.10 
2016/12/15 18.15 18.20 18.00 18.20 
2016/12/16 18.20 18.20 18.05 18.05 
2016/12/19 18.05 18.20 18.05 18.15 
2016/12/20 18.15 18.20 18.10 18.15 
2016/12/21 18.20 18.20 18.05 18.15 
2016/12/22 18.15 18.15 18.00 18.05 
2016/12/23 18.10 18.15 18.05 18.10 
2016/12/26 18.10 18.10 18.00 18.05 
2016/12/27 18.05 18.10 18.00 18.10 
2016/12/28 18.20 18.25 18.15 18.15 
2016/12/29 18.15 18.20 18.10 18.10 
2016/12/30 18.10 18.25 18.10 18.20 
2017/01/03 18.20 18.25 18.15 18.20 
2017/01/04 18.20 18.25 18.15 18.20 
2017/01/05 18.20 18.25 18.15 18.20 
2017/01/06 18.20 18.20 18.10 18.15 
2017/01/09 18.15 18.25 18.10 18.15 
2017/01/10 18.15 18.25 18.05 18.10 
2017/01/11 18.10 18.10 18.05 18.10 
2017/01/12 18.10 18.10 18.05 18.05 
2017/01/13 18.05 18.10 18.00 18.10 
2017/01/16 18.10 18.10 18.00 18.00 
2017/01/17 18.05 18.05 17.90 18.00 
2017/01/18 18.00 18.20 18.00 18.10 
2017/01/19 18.10 18.20 18.05 18.10 
2017/01/20 18.10 18.15 18.00 18.15 
2017/01/23 18.15 18.20 18.05 18.05 
2017/01/24 18.15 18.15 18.05 18.10 
2017/02/02 18.10 18.35 18.10 18.25 
2017/02/03 18.25 18.35 18.25 18.30 
2017/02/06 18.50 18.50 18.35 18.45 
2017/02/07 18.50 18.60 18.40 18.50 
2017/02/08 18.60 18.60 18.45 18.50 
