2016/07/01 67.50 68.30 67.50 67.80 
2016/07/04 67.80 68.20 67.50 68.10 
2016/07/05 68.10 68.20 67.20 67.30 
2016/07/06 67.00 67.30 66.30 66.50 
2016/07/07 66.70 67.00 66.50 66.90 
2016/07/11 67.20 67.50 66.50 67.50 
2016/07/12 68.00 68.60 68.00 68.30 
2016/07/13 68.30 68.70 68.00 68.50 
2016/07/14 68.50 68.90 68.00 68.00 
2016/07/15 68.10 68.90 68.00 68.90 
2016/07/18 68.80 69.70 68.80 69.50 
2016/07/19 69.80 69.90 69.00 69.70 
2016/07/20 69.70 69.70 68.80 69.70 
2016/07/21 70.40 71.90 70.40 70.50 
2016/07/22 70.50 72.00 70.50 71.40 
2016/07/25 71.50 72.20 71.40 71.50 
2016/07/26 70.70 70.80 69.20 70.10 
2016/07/27 70.10 70.40 69.50 69.50 
2016/07/28 69.50 69.90 68.50 68.60 
2016/07/29 68.50 69.50 68.40 69.50 
2016/08/01 69.50 69.80 69.00 69.30 
2016/08/02 69.30 70.00 69.30 69.90 
2016/08/03 69.90 71.70 69.50 70.80 
2016/08/04 70.80 71.60 70.80 71.30 
2016/08/05 71.80 72.10 71.60 72.00 
2016/08/08 72.30 72.50 71.00 71.30 
2016/08/09 71.30 71.50 70.50 70.90 
2016/08/10 70.90 71.60 70.90 71.60 
2016/08/11 71.40 71.50 70.10 70.90 
2016/08/12 70.90 72.10 70.60 71.90 
2016/08/15 71.90 71.90 71.30 71.80 
2016/08/16 71.80 71.80 70.60 70.90 
2016/08/17 70.90 71.00 68.50 69.60 
2016/08/18 69.20 69.80 69.10 69.50 
2016/08/19 69.50 70.30 69.10 69.20 
2016/08/22 68.50 69.00 68.20 68.70 
2016/08/23 69.10 70.20 69.10 69.70 
2016/08/24 69.90 70.20 69.60 70.10 
2016/08/25 70.00 70.20 69.60 70.10 
2016/08/26 70.00 70.10 69.80 70.10 
2016/08/29 70.10 70.60 69.60 70.60 
2016/08/30 70.80 71.20 70.00 70.50 
2016/08/31 70.50 71.00 70.20 71.00 
2016/09/01 70.60 70.60 69.50 69.90 
2016/09/02 69.90 70.20 69.30 69.50 
2016/09/05 69.60 70.00 69.40 70.00 
2016/09/06 70.00 70.00 69.50 69.60 
2016/09/07 69.80 70.20 69.40 70.00 
2016/09/08 70.00 71.00 69.80 70.80 
2016/09/09 70.80 71.40 70.10 71.20 
2016/09/10 70.50 70.50 69.50 69.90 
2016/09/12 69.90 70.00 68.80 68.90 
2016/09/13 68.90 69.90 68.80 68.90 
2016/09/14 68.80 69.00 68.20 68.40 
2016/09/19 68.50 69.40 68.50 69.20 
2016/09/20 69.40 70.00 69.00 70.00 
2016/09/21 70.50 71.50 70.30 71.00 
2016/09/22 71.20 71.20 70.50 70.80 
2016/09/23 70.30 71.00 70.30 71.00 
2016/09/26 71.00 71.00 70.20 70.90 
2016/09/29 70.90 71.00 69.90 70.30 
2016/09/30 70.30 70.30 69.50 69.50 
2016/10/03 69.60 70.20 69.60 69.80 
2016/10/04 69.90 70.30 69.90 70.30 
2016/10/05 70.40 70.40 69.60 69.90 
2016/10/06 70.40 70.40 69.50 70.00 
2016/10/07 69.60 70.00 69.30 70.00 
2016/10/11 70.00 70.20 68.90 69.80 
2016/10/12 69.00 69.40 67.30 68.00 
2016/10/13 67.50 67.60 66.70 67.20 
2016/10/14 67.20 67.40 67.00 67.40 
2016/10/17 67.40 67.70 66.90 67.50 
2016/10/18 67.80 67.80 66.90 67.50 
2016/10/19 67.50 68.40 67.30 67.50 
2016/10/20 68.00 69.20 67.70 69.20 
2016/10/21 69.50 69.80 67.90 69.40 
2016/10/24 69.10 69.10 68.30 68.30 
2016/10/25 68.30 68.60 66.90 67.40 
2016/10/26 67.00 67.60 66.90 67.30 
2016/10/27 67.30 67.90 66.80 67.60 
2016/10/28 67.50 68.10 67.00 67.80 
2016/10/31 67.70 67.70 67.00 67.30 
2016/11/01 67.30 67.60 66.90 67.60 
2016/11/02 67.00 67.30 66.70 67.00 
2016/11/03 67.00 67.20 66.00 66.20 
2016/11/04 66.20 66.50 66.00 66.50 
2016/11/07 66.50 66.90 66.30 66.50 
2016/11/08 66.50 66.90 65.80 66.60 
2016/11/09 66.60 66.60 64.80 65.50 
2016/11/10 65.70 66.60 65.70 66.20 
2016/11/11 66.00 66.00 64.90 65.20 
2016/11/14 65.20 65.20 62.80 64.00 
2016/11/15 64.00 64.00 63.20 63.60 
2016/11/16 63.60 64.10 63.50 63.70 
2016/11/17 63.70 64.10 62.50 62.90 
2016/11/18 62.90 63.60 62.70 63.50 
2016/11/21 63.50 63.50 61.80 62.00 
2016/11/22 62.00 62.80 61.70 62.50 
2016/11/23 62.50 63.30 62.20 63.00 
2016/11/24 63.00 63.80 62.90 63.80 
2016/11/25 63.80 63.90 63.10 63.80 
2016/11/28 63.90 64.10 63.40 63.90 
2016/11/29 63.90 64.50 63.50 64.30 
2016/11/30 64.30 64.50 63.60 64.50 
2016/12/01 64.40 64.40 63.40 64.00 
2016/12/02 63.90 63.90 62.60 62.90 
2016/12/05 63.00 63.30 62.90 62.90 
2016/12/06 63.20 63.40 63.00 63.10 
2016/12/07 63.10 63.40 63.10 63.40 
2016/12/08 63.40 64.10 63.20 63.90 
2016/12/09 64.10 64.10 63.30 64.00 
2016/12/12 64.20 64.20 63.20 63.20 
2016/12/13 63.20 63.60 63.10 63.30 
2016/12/14 63.40 63.60 63.30 63.30 
2016/12/15 63.20 63.60 63.00 63.50 
2016/12/16 63.50 63.60 63.10 63.40 
2016/12/19 63.40 63.60 63.20 63.20 
2016/12/20 63.20 63.50 62.70 63.00 
2016/12/21 63.00 63.30 62.80 62.80 
2016/12/22 62.90 63.20 62.50 63.00 
2016/12/23 63.00 63.00 62.00 62.20 
2016/12/26 62.20 62.50 61.60 61.60 
2016/12/27 61.60 62.00 61.10 61.30 
2016/12/28 61.30 61.70 61.30 61.40 
2016/12/29 61.40 61.70 61.10 61.10 
2016/12/30 61.10 61.40 61.00 61.10 
2017/01/03 61.20 61.40 61.00 61.20 
2017/01/04 61.40 61.50 61.10 61.10 
2017/01/05 61.30 62.50 61.30 62.50 
2017/01/06 62.60 63.10 62.50 62.80 
2017/01/09 62.70 63.00 62.20 62.30 
2017/01/10 62.50 62.80 62.30 62.80 
2017/01/11 62.90 63.40 62.90 63.00 
2017/01/12 63.00 63.60 63.00 63.60 
2017/01/13 63.60 63.70 63.40 63.60 
2017/01/16 63.60 63.60 62.90 63.10 
2017/01/17 63.10 63.20 62.50 63.20 
2017/01/18 63.20 63.30 63.00 63.20 
2017/01/19 63.20 63.80 63.20 63.60 
2017/01/20 63.60 63.90 63.50 63.80 
2017/01/23 63.80 64.00 63.60 63.80 
2017/01/24 63.80 64.30 63.60 64.10 
2017/02/02 64.30 64.30 63.80 63.90 
2017/02/03 63.50 63.90 63.00 63.40 
2017/02/06 63.40 63.70 63.20 63.60 
2017/02/07 63.60 64.20 63.50 64.00 
2017/02/08 64.10 64.10 63.50 63.90 
