2016/07/01 209.00 211.00 209.00 211.00 
2016/07/04 211.00 213.00 210.00 210.50 
2016/07/05 210.50 212.00 210.00 211.00 
2016/07/06 210.00 212.00 209.00 211.00 
2016/07/07 211.00 215.00 210.50 215.00 
2016/07/11 215.00 218.50 210.00 210.00 
2016/07/12 211.00 213.00 210.00 212.00 
2016/07/13 211.50 212.50 210.00 210.00 
2016/07/14 210.00 212.50 210.00 212.50 
2016/07/15 212.50 216.50 212.00 216.00 
2016/07/18 211.50 215.00 211.00 213.00 
2016/07/19 216.00 219.50 214.50 215.00 
2016/07/20 216.00 216.50 213.50 213.50 
2016/07/21 213.00 216.00 213.00 214.00 
2016/07/22 214.00 218.00 214.00 215.50 
2016/07/25 217.00 218.00 214.00 214.50 
2016/07/26 214.50 218.00 214.00 217.00 
2016/07/27 217.00 218.00 215.50 215.50 
2016/07/28 215.50 218.50 215.50 217.50 
2016/07/29 217.00 217.00 212.00 214.00 
2016/08/01 214.50 215.50 212.50 215.00 
2016/08/02 215.00 217.00 213.00 215.00 
2016/08/03 214.50 215.50 214.00 215.00 
2016/08/04 214.50 216.50 214.50 215.50 
2016/08/05 216.00 218.00 215.50 217.00 
2016/08/08 218.50 218.50 214.00 216.00 
2016/08/09 215.50 217.00 212.50 214.50 
2016/08/10 213.50 215.00 210.00 213.00 
2016/08/11 212.50 216.50 212.50 214.00 
2016/08/12 214.00 216.00 213.50 213.50 
2016/08/15 212.50 215.50 212.50 215.50 
2016/08/16 215.50 215.50 213.00 213.00 
2016/08/17 214.00 215.00 213.50 215.00 
2016/08/18 215.50 220.00 215.00 217.50 
2016/08/19 219.50 220.00 216.00 217.50 
2016/08/22 218.00 219.00 216.50 218.50 
2016/08/23 218.50 220.00 217.50 218.50 
2016/08/24 219.00 220.00 217.50 217.50 
2016/08/25 218.00 220.00 217.50 220.00 
2016/08/26 221.00 232.00 221.00 229.00 
2016/08/29 227.50 228.00 221.50 226.50 
2016/08/30 226.50 233.50 225.00 231.50 
2016/08/31 231.50 242.00 231.50 238.00 
2016/09/01 237.50 247.50 235.50 246.50 
2016/09/02 247.50 249.00 241.50 242.00 
2016/09/05 244.00 245.50 240.50 243.50 
2016/09/06 243.00 247.00 241.50 247.00 
2016/09/07 246.00 249.50 243.00 243.00 
2016/09/08 244.00 245.00 240.00 240.50 
2016/09/09 240.50 244.50 239.50 240.50 
2016/09/10 234.00 240.00 234.00 240.00 
2016/09/12 242.00 242.50 239.50 240.00 
2016/09/13 241.50 245.00 237.50 237.50 
2016/09/14 237.00 237.00 233.00 235.00 
2016/09/19 237.50 250.00 237.50 250.00 
2016/09/20 250.00 262.50 248.50 255.50 
2016/09/21 258.00 261.50 255.50 256.00 
2016/09/22 259.50 261.50 258.00 258.00 
2016/09/23 259.50 262.00 256.00 262.00 
2016/09/26 261.00 264.00 259.00 259.00 
2016/09/29 259.50 263.00 258.50 263.00 
2016/09/30 263.50 266.50 260.00 260.00 
2016/10/03 260.00 263.00 257.50 257.50 
2016/10/04 261.00 262.50 258.00 261.00 
2016/10/05 261.00 263.00 259.00 261.00 
2016/10/06 261.00 268.00 259.00 267.00 
2016/10/07 269.50 280.00 267.00 276.00 
2016/10/11 275.00 275.00 264.50 267.50 
2016/10/12 268.50 268.50 262.50 266.00 
2016/10/13 266.50 269.00 263.50 264.50 
2016/10/14 265.50 277.50 265.00 268.50 
2016/10/17 271.00 271.00 261.00 267.50 
2016/10/18 265.50 270.00 265.00 266.50 
2016/10/19 265.50 271.50 265.50 270.00 
2016/10/20 270.50 282.00 270.50 274.50 
2016/10/21 277.50 279.00 274.50 274.50 
2016/10/24 276.50 277.00 270.00 275.00 
2016/10/25 275.50 277.50 273.00 275.50 
2016/10/26 275.50 276.00 273.00 273.50 
2016/10/27 271.50 273.00 265.00 268.50 
2016/10/28 271.00 271.00 264.50 266.00 
2016/10/31 266.00 267.00 264.00 265.00 
2016/11/01 265.00 265.00 261.00 263.50 
2016/11/02 261.50 261.50 250.50 251.00 
2016/11/03 250.00 258.50 248.50 256.00 
2016/11/04 255.00 257.00 250.50 254.50 
2016/11/07 257.00 258.00 253.00 254.00 
2016/11/08 257.50 257.50 255.00 255.50 
2016/11/09 257.00 258.50 240.50 241.00 
2016/11/10 250.00 263.00 250.00 263.00 
2016/11/11 260.00 260.00 249.50 250.00 
2016/11/14 252.50 253.00 239.00 242.50 
2016/11/15 242.50 247.00 233.50 240.00 
2016/11/16 242.00 245.50 240.00 242.50 
2016/11/17 243.50 244.00 237.50 237.50 
2016/11/18 238.00 242.50 237.50 239.50 
2016/11/21 240.00 240.50 233.00 234.50 
2016/11/22 234.50 242.50 234.50 238.00 
2016/11/23 242.00 247.50 238.00 238.50 
2016/11/24 238.50 239.00 235.00 237.00 
2016/11/25 237.50 242.50 237.50 242.00 
2016/11/28 243.00 246.00 242.00 243.50 
2016/11/29 245.00 245.50 242.00 242.00 
2016/11/30 243.50 243.50 237.50 239.00 
2016/12/01 236.00 241.50 235.50 240.00 
2016/12/02 240.00 240.00 236.50 238.00 
2016/12/05 238.00 238.00 233.00 234.00 
2016/12/06 236.00 237.50 235.50 235.50 
2016/12/07 237.50 243.00 237.50 239.50 
2016/12/08 241.00 245.00 239.50 243.00 
2016/12/09 244.50 245.00 240.50 243.00 
2016/12/12 244.50 247.00 241.00 241.00 
2016/12/13 242.00 243.50 238.50 239.00 
2016/12/14 239.00 241.00 237.50 237.50 
2016/12/15 237.50 240.50 236.00 239.50 
2016/12/16 240.00 240.50 238.50 238.50 
2016/12/19 238.50 239.00 228.50 231.00 
2016/12/20 231.00 232.00 222.50 228.00 
2016/12/21 227.00 231.50 226.50 231.50 
2016/12/22 231.00 234.50 229.00 233.50 
2016/12/23 233.50 233.50 226.00 226.00 
2016/12/26 226.50 230.00 226.50 230.00 
2016/12/27 230.00 231.00 229.00 230.50 
2016/12/28 207.50 210.00 207.50 207.50 
2016/12/29 207.00 220.50 199.50 207.50 
2016/12/30 198.00 202.00 187.00 187.00 
2017/01/03 177.00 178.50 168.50 168.50 
2017/01/04 171.50 175.50 167.50 174.50 
2017/01/05 175.50 184.50 173.00 183.50 
2017/01/06 183.50 188.00 180.50 181.00 
2017/01/09 182.50 183.50 168.50 172.00 
2017/01/10 172.00 176.50 171.00 176.00 
2017/01/11 171.00 173.00 167.00 170.00 
2017/01/12 170.00 172.00 168.50 171.50 
2017/01/13 171.50 172.00 169.50 171.50 
2017/01/16 171.50 176.50 171.00 172.00 
2017/01/17 173.00 175.00 172.50 174.00 
2017/01/18 174.00 175.00 173.00 174.00 
2017/01/19 175.00 182.50 175.00 178.50 
2017/01/20 179.00 180.50 178.00 179.00 
2017/01/23 180.50 182.00 179.00 179.00 
2017/01/24 181.00 181.00 178.50 178.50 
2017/02/02 179.00 179.00 170.00 172.00 
2017/02/03 175.00 175.00 173.00 173.50 
2017/02/06 172.00 174.50 172.00 173.00 
2017/02/07 172.00 174.50 172.00 173.50 
2017/02/08 173.50 181.00 173.00 179.50 
