2016/07/01 17.60 17.60 17.25 17.40 
2016/07/04 17.35 17.45 17.25 17.40 
2016/07/05 17.45 17.70 17.35 17.40 
2016/07/06 17.35 17.40 17.05 17.20 
2016/07/07 17.20 17.40 17.00 17.15 
2016/07/11 17.20 17.25 17.15 17.25 
2016/07/12 17.30 17.40 17.25 17.25 
2016/07/13 17.30 17.40 17.20 17.40 
2016/07/14 17.40 17.55 17.30 17.40 
2016/07/15 17.50 17.60 17.40 17.55 
2016/07/18 17.60 17.65 17.45 17.55 
2016/07/19 17.55 17.55 17.25 17.30 
2016/07/20 17.35 17.70 17.25 17.60 
2016/07/21 17.95 18.15 17.90 17.95 
2016/07/22 18.15 18.15 17.90 18.00 
2016/07/25 18.10 18.10 17.75 17.85 
2016/07/26 18.00 18.10 17.85 18.10 
2016/07/27 18.10 18.15 17.90 17.95 
2016/07/28 17.95 18.00 17.60 17.75 
2016/07/29 17.75 17.85 17.70 17.75 
2016/08/01 17.95 17.95 17.75 17.85 
2016/08/02 17.85 17.85 17.75 17.80 
2016/08/03 17.80 17.85 17.65 17.85 
2016/08/04 17.90 17.90 17.75 17.80 
2016/08/05 17.75 18.00 17.75 17.90 
2016/08/08 18.00 18.10 17.75 17.85 
2016/08/09 17.85 17.90 17.65 17.75 
2016/08/10 17.80 17.85 17.10 17.15 
2016/08/11 17.10 17.25 17.00 17.20 
2016/08/12 17.20 17.50 17.15 17.40 
2016/08/15 17.50 17.50 17.30 17.35 
2016/08/16 17.40 17.45 17.35 17.45 
2016/08/17 17.45 17.50 17.35 17.45 
2016/08/18 17.45 17.45 17.35 17.40 
2016/08/19 17.40 17.50 17.35 17.35 
2016/08/22 17.40 17.45 17.35 17.40 
2016/08/23 17.40 17.45 17.30 17.35 
2016/08/24 17.35 17.45 17.30 17.35 
2016/08/25 16.25 16.35 16.20 16.30 
2016/08/26 16.40 16.40 16.25 16.25 
2016/08/29 16.30 16.35 16.20 16.25 
2016/08/30 16.30 16.30 16.20 16.25 
2016/08/31 16.25 16.40 16.25 16.35 
2016/09/01 16.30 16.35 16.20 16.25 
2016/09/02 16.25 16.30 16.10 16.10 
2016/09/05 16.15 16.30 16.15 16.25 
2016/09/06 16.40 16.40 16.25 16.25 
2016/09/07 16.30 16.30 16.15 16.25 
2016/09/08 16.25 16.35 16.20 16.30 
2016/09/09 16.30 16.45 16.25 16.30 
2016/09/10 16.15 16.30 16.15 16.20 
2016/09/12 16.30 16.45 16.30 16.30 
2016/09/13 16.35 16.40 16.25 16.25 
2016/09/14 16.20 16.30 16.15 16.20 
2016/09/19 16.40 16.40 16.20 16.25 
2016/09/20 16.25 16.30 16.20 16.20 
2016/09/21 16.25 16.55 16.20 16.50 
2016/09/22 16.70 16.80 16.60 16.70 
2016/09/23 16.80 16.85 16.70 16.75 
2016/09/26 16.80 16.85 16.75 16.80 
2016/09/29 16.80 16.85 16.70 16.75 
2016/09/30 16.80 16.80 16.65 16.70 
2016/10/03 16.75 17.00 16.75 16.80 
2016/10/04 17.00 17.00 16.85 16.90 
2016/10/05 16.90 16.90 16.85 16.85 
2016/10/06 16.90 17.05 16.80 17.00 
2016/10/07 17.00 17.00 16.75 16.80 
2016/10/11 16.80 16.80 16.45 16.50 
2016/10/12 16.50 17.20 16.40 17.05 
2016/10/13 17.10 17.25 16.75 16.85 
2016/10/14 16.85 16.85 16.45 16.55 
2016/10/17 16.55 16.60 16.45 16.50 
2016/10/18 16.50 16.80 16.50 16.60 
2016/10/19 16.75 16.75 16.60 16.65 
2016/10/20 16.80 17.05 16.70 16.95 
2016/10/21 17.10 17.15 16.80 16.85 
2016/10/24 17.10 17.25 16.95 17.10 
2016/10/25 17.10 17.10 16.90 16.90 
2016/10/26 16.90 17.00 16.85 16.85 
2016/10/27 17.00 17.05 16.80 16.90 
2016/10/28 17.00 17.00 16.85 16.90 
2016/10/31 16.85 16.95 16.80 16.90 
2016/11/01 16.95 16.95 16.75 16.85 
2016/11/02 16.85 16.85 16.65 16.65 
2016/11/03 16.80 16.90 16.60 16.65 
2016/11/04 16.65 16.70 16.60 16.70 
2016/11/07 16.75 16.80 16.65 16.70 
2016/11/08 16.70 16.75 16.65 16.65 
2016/11/09 16.70 16.75 16.25 16.35 
2016/11/10 16.60 16.80 16.55 16.65 
2016/11/11 16.65 16.70 16.55 16.55 
2016/11/14 16.65 16.70 16.55 16.60 
2016/11/15 16.65 16.85 16.60 16.75 
2016/11/16 16.80 16.90 16.75 16.85 
2016/11/17 16.85 16.90 16.75 16.80 
2016/11/18 16.80 16.90 16.75 16.80 
2016/11/21 17.00 17.00 16.85 16.95 
2016/11/22 16.90 16.95 16.75 16.80 
2016/11/23 16.90 16.95 16.80 16.85 
2016/11/24 16.85 16.95 16.80 16.90 
2016/11/25 16.90 17.05 16.90 16.95 
2016/11/28 16.95 17.15 16.95 17.05 
2016/11/29 17.00 17.05 16.95 17.00 
2016/11/30 17.10 17.10 16.90 16.90 
2016/12/01 16.95 17.15 16.95 17.05 
2016/12/02 17.10 17.30 16.95 17.00 
2016/12/05 17.10 17.20 17.00 17.10 
2016/12/06 17.15 17.15 17.05 17.05 
2016/12/07 17.10 17.15 17.05 17.10 
2016/12/08 17.15 17.20 17.05 17.10 
2016/12/09 17.15 17.15 16.95 16.95 
2016/12/12 17.00 17.00 16.85 16.85 
2016/12/13 16.85 16.95 16.80 16.85 
2016/12/14 16.90 16.95 16.80 16.85 
2016/12/15 16.85 16.95 16.80 16.90 
2016/12/16 16.95 17.05 16.80 17.00 
2016/12/19 17.00 17.10 17.00 17.00 
2016/12/20 17.05 17.10 17.00 17.00 
2016/12/21 17.10 17.20 17.10 17.10 
2016/12/22 17.15 17.15 17.00 17.00 
2016/12/23 17.05 17.10 17.00 17.05 
2016/12/26 17.05 17.10 16.95 16.95 
2016/12/27 16.95 17.00 16.80 16.85 
2016/12/28 16.90 16.95 16.85 16.90 
2016/12/29 16.95 16.95 16.85 16.85 
2016/12/30 16.90 16.95 16.85 16.95 
2017/01/03 16.95 17.00 16.90 16.95 
2017/01/04 17.00 17.05 16.90 16.95 
2017/01/05 16.95 17.00 16.90 17.00 
2017/01/06 17.00 17.00 16.95 16.95 
2017/01/09 17.00 17.10 17.00 17.00 
2017/01/10 17.05 17.10 17.00 17.00 
2017/01/11 17.10 17.15 17.05 17.10 
2017/01/12 17.10 17.15 17.10 17.10 
2017/01/13 17.15 17.15 17.00 17.05 
2017/01/16 17.05 17.05 16.90 16.90 
2017/01/17 16.90 17.00 16.90 16.90 
2017/01/18 16.90 17.00 16.90 16.95 
2017/01/19 16.95 17.05 16.85 17.05 
2017/01/20 17.05 17.10 16.90 17.00 
2017/01/23 17.10 17.15 17.05 17.05 
2017/01/24 17.10 17.10 16.95 17.00 
2017/02/02 17.10 17.15 17.05 17.10 
2017/02/03 17.10 17.15 17.05 17.05 
2017/02/06 17.10 17.25 17.05 17.25 
2017/02/07 17.35 18.15 17.30 18.10 
2017/02/08 18.05 18.05 17.70 17.75 
