2016/07/01 19.80 19.80 19.60 19.65 
2016/07/04 19.60 19.90 19.60 19.90 
2016/07/05 19.90 20.35 19.80 20.30 
2016/07/06 20.30 20.30 20.00 20.25 
2016/07/07 20.25 21.05 20.20 20.75 
2016/07/11 20.90 21.30 20.60 21.15 
2016/07/12 21.25 21.35 20.75 20.85 
2016/07/13 20.80 21.00 20.60 20.70 
2016/07/14 20.90 21.05 20.55 20.70 
2016/07/15 21.00 21.00 20.60 20.65 
2016/07/18 20.75 20.95 20.70 20.75 
2016/07/19 20.80 20.90 20.75 20.80 
2016/07/20 20.80 20.90 20.70 20.80 
2016/07/21 20.85 20.85 20.70 20.75 
2016/07/22 20.75 20.75 20.30 20.50 
2016/07/25 20.50 20.75 20.25 20.35 
2016/07/26 20.45 20.55 20.05 20.25 
2016/07/27 20.15 20.15 19.85 19.90 
2016/07/28 19.90 20.05 19.80 19.90 
2016/07/29 19.90 19.90 19.55 19.60 
2016/08/01 19.75 19.75 19.40 19.45 
2016/08/02 19.50 19.50 19.35 19.40 
2016/08/03 19.35 19.40 19.05 19.10 
2016/08/04 19.15 19.65 19.10 19.65 
2016/08/05 19.65 19.65 19.40 19.65 
2016/08/08 19.65 19.70 19.45 19.70 
2016/08/09 19.70 20.15 19.60 19.80 
2016/08/10 20.00 20.05 19.65 19.70 
2016/08/11 19.70 19.70 19.40 19.70 
2016/08/12 19.75 19.90 19.65 19.75 
2016/08/15 19.65 19.65 19.30 19.30 
2016/08/16 19.50 19.55 19.30 19.30 
2016/08/17 19.40 19.65 19.25 19.65 
2016/08/18 19.40 19.70 19.40 19.60 
2016/08/19 19.65 19.80 19.45 19.45 
2016/08/22 19.50 19.70 19.40 19.65 
2016/08/23 19.70 19.70 19.50 19.50 
2016/08/24 19.65 19.80 19.60 19.70 
2016/08/25 19.80 19.85 19.75 19.85 
2016/08/26 19.85 19.85 19.70 19.70 
2016/08/29 19.80 19.90 19.60 19.70 
2016/08/30 19.70 19.80 19.60 19.60 
2016/08/31 19.70 19.80 19.55 19.80 
2016/09/01 19.80 20.15 19.70 19.95 
2016/09/02 19.95 20.25 19.90 19.95 
2016/09/05 20.20 20.20 19.85 20.05 
2016/09/06 20.10 20.15 20.00 20.15 
2016/09/07 20.25 20.30 20.05 20.25 
2016/09/08 20.20 20.60 20.10 20.55 
2016/09/09 20.55 20.55 20.35 20.45 
2016/09/10 20.30 20.35 20.05 20.20 
2016/09/12 20.20 20.20 19.95 19.95 
2016/09/13 20.00 20.00 19.75 19.75 
2016/09/14 19.70 19.70 19.30 19.30 
2016/09/19 19.40 19.90 19.40 19.60 
2016/09/20 19.70 19.75 19.40 19.60 
2016/09/21 19.60 19.95 19.60 19.85 
2016/09/22 20.15 20.15 19.85 19.95 
2016/09/23 20.00 20.05 19.85 19.90 
2016/09/26 19.90 20.00 19.60 19.65 
2016/09/29 19.50 19.75 19.50 19.65 
2016/09/30 19.70 19.75 19.50 19.65 
2016/10/03 19.75 19.75 19.50 19.55 
2016/10/04 19.60 19.60 19.45 19.55 
2016/10/05 19.65 19.85 19.55 19.80 
2016/10/06 19.80 19.85 19.55 19.60 
2016/10/07 19.65 20.20 19.60 20.15 
2016/10/11 20.25 20.70 20.20 20.60 
2016/10/12 20.55 20.60 20.30 20.50 
2016/10/13 20.50 21.00 20.40 20.70 
2016/10/14 20.70 20.80 20.10 20.15 
2016/10/17 20.15 20.35 20.00 20.05 
2016/10/18 20.15 20.60 20.10 20.60 
2016/10/19 20.75 21.15 20.65 21.00 
2016/10/20 21.05 21.65 21.00 21.25 
2016/10/21 21.35 21.45 20.85 21.00 
2016/10/24 21.05 21.10 20.70 20.75 
2016/10/25 20.85 20.95 20.60 20.60 
2016/10/26 20.65 20.65 20.25 20.30 
2016/10/27 20.30 20.50 20.15 20.25 
2016/10/28 20.30 20.40 20.05 20.05 
2016/10/31 20.00 20.05 19.70 19.75 
2016/11/01 19.75 20.20 19.65 19.95 
2016/11/02 19.85 19.90 19.60 19.65 
2016/11/03 19.70 19.95 19.60 19.85 
2016/11/04 19.85 19.85 19.65 19.70 
2016/11/07 19.80 20.00 19.70 19.90 
2016/11/08 20.00 20.05 19.75 19.90 
2016/11/09 20.05 20.05 19.50 19.75 
2016/11/10 20.00 20.50 20.00 20.30 
2016/11/11 20.40 20.80 20.20 20.55 
2016/11/14 20.65 20.90 20.45 20.50 
2016/11/15 20.20 20.25 19.75 19.80 
2016/11/16 19.90 20.25 19.75 19.85 
2016/11/17 19.90 20.00 19.75 19.85 
2016/11/18 19.90 20.50 19.85 20.40 
2016/11/21 20.60 21.05 20.50 20.80 
2016/11/22 20.90 21.10 20.70 20.80 
2016/11/23 20.90 20.95 20.65 20.90 
2016/11/24 20.90 20.95 20.70 20.80 
2016/11/25 20.75 20.95 20.65 20.95 
2016/11/28 21.00 21.50 21.00 21.15 
2016/11/29 21.05 21.55 21.05 21.35 
2016/11/30 21.40 22.30 21.35 22.20 
2016/12/01 22.50 23.55 22.30 22.45 
2016/12/02 22.50 22.85 22.15 22.20 
2016/12/05 22.30 22.40 21.70 21.85 
2016/12/06 21.95 22.05 21.65 21.75 
2016/12/07 21.85 22.35 21.75 21.75 
2016/12/08 22.20 22.35 21.75 22.25 
2016/12/09 22.15 22.50 22.10 22.10 
2016/12/12 22.65 24.30 22.60 23.90 
2016/12/13 23.65 24.65 23.30 24.30 
2016/12/14 24.55 24.90 23.90 23.95 
2016/12/15 24.05 24.90 24.05 24.45 
2016/12/16 24.60 24.90 24.20 24.60 
2016/12/19 24.40 24.40 23.60 23.90 
2016/12/20 23.75 24.30 23.50 24.10 
2016/12/21 24.10 24.35 23.80 23.85 
2016/12/22 24.00 24.00 23.10 23.20 
2016/12/23 23.25 23.45 22.85 23.45 
2016/12/26 23.50 23.60 23.00 23.00 
2016/12/27 23.00 23.05 22.65 22.75 
2016/12/28 22.95 23.45 22.90 23.00 
2016/12/29 23.00 23.15 22.80 23.00 
2016/12/30 23.00 23.45 23.00 23.10 
2017/01/03 23.40 24.30 23.25 24.20 
2017/01/04 24.30 24.30 23.90 24.15 
2017/01/05 24.20 25.20 24.05 24.95 
2017/01/06 25.20 25.40 24.70 24.75 
2017/01/09 25.05 25.70 24.55 24.80 
2017/01/10 24.90 25.10 24.45 24.50 
2017/01/11 24.70 25.30 24.15 25.05 
2017/01/12 25.00 25.35 24.80 25.00 
2017/01/13 25.10 25.25 24.80 25.20 
2017/01/16 25.35 25.45 24.95 25.10 
2017/01/17 25.35 26.80 25.15 26.40 
2017/01/18 26.30 26.35 25.80 26.20 
2017/01/19 26.20 26.50 26.05 26.40 
2017/01/20 26.60 26.65 26.20 26.20 
2017/01/23 26.50 26.75 26.30 26.70 
2017/01/24 26.80 28.00 26.80 27.70 
2017/02/02 28.70 29.40 28.25 28.80 
2017/02/03 28.80 29.90 28.50 29.70 
2017/02/06 30.30 31.80 29.80 29.95 
2017/02/07 30.05 30.20 28.80 28.80 
2017/02/08 28.80 29.30 28.35 28.40 
