2016/07/01 6.84 6.97 6.84 6.90 
2016/07/04 6.87 6.95 6.85 6.90 
2016/07/05 6.93 6.94 6.86 6.92 
2016/07/06 6.93 6.93 6.80 6.83 
2016/07/07 6.92 6.92 6.84 6.85 
2016/07/11 6.89 6.94 6.89 6.93 
2016/07/12 6.93 6.95 6.88 6.92 
2016/07/13 6.94 7.20 6.90 7.14 
2016/07/14 7.13 7.23 7.13 7.19 
2016/07/15 7.26 7.27 7.21 7.24 
2016/07/18 7.27 7.63 7.27 7.58 
2016/07/19 7.70 7.70 7.53 7.54 
2016/07/20 7.54 7.56 7.41 7.42 
2016/07/21 7.45 7.52 7.43 7.43 
2016/07/22 7.43 7.51 7.39 7.43 
2016/07/25 7.42 7.59 7.40 7.46 
2016/07/26 7.50 7.50 7.41 7.43 
2016/07/27 7.43 7.47 7.39 7.41 
2016/07/28 7.40 7.53 7.39 7.46 
2016/07/29 7.46 7.53 7.41 7.45 
2016/08/01 7.41 7.50 7.41 7.47 
2016/08/02 7.50 7.59 7.47 7.49 
2016/08/03 7.48 7.53 7.42 7.53 
2016/08/04 7.57 7.58 7.48 7.50 
2016/08/05 7.50 7.53 7.45 7.49 
2016/08/08 7.50 7.52 7.39 7.42 
2016/08/09 7.42 7.45 7.38 7.40 
2016/08/10 7.40 7.40 7.28 7.34 
2016/08/11 7.34 7.37 7.23 7.27 
2016/08/12 7.35 7.46 7.34 7.40 
2016/08/15 7.44 7.52 7.40 7.48 
2016/08/16 7.48 7.50 7.45 7.48 
2016/08/17 7.50 7.50 7.42 7.50 
2016/08/18 7.50 7.68 7.46 7.61 
2016/08/19 7.65 7.82 7.65 7.78 
2016/08/22 7.77 7.98 7.74 7.86 
2016/08/23 7.86 7.87 7.73 7.75 
2016/08/24 7.80 7.82 7.72 7.73 
2016/08/25 7.83 7.83 7.71 7.72 
2016/08/26 7.73 7.77 7.65 7.67 
2016/08/29 7.67 7.75 7.61 7.67 
2016/08/30 7.67 7.74 7.65 7.68 
2016/08/31 7.70 7.74 7.40 7.40 
2016/09/01 7.46 7.51 7.40 7.42 
2016/09/02 7.28 7.30 7.13 7.14 
2016/09/05 7.18 7.29 7.13 7.26 
2016/09/06 7.27 7.36 7.27 7.35 
2016/09/07 7.35 7.41 7.35 7.41 
2016/09/08 7.40 7.41 7.36 7.41 
2016/09/09 7.41 7.41 7.34 7.36 
2016/09/10 7.25 7.30 7.25 7.28 
2016/09/12 7.28 7.33 7.22 7.23 
2016/09/13 7.23 7.23 7.18 7.20 
2016/09/14 7.18 7.21 7.14 7.21 
2016/09/19 7.21 7.35 7.15 7.26 
2016/09/20 7.26 7.29 7.21 7.21 
2016/09/21 7.20 7.30 7.19 7.29 
2016/09/22 7.32 7.39 7.28 7.36 
2016/09/23 7.38 7.43 7.36 7.36 
2016/09/26 7.36 7.39 7.31 7.33 
2016/09/29 7.33 7.36 7.30 7.33 
2016/09/30 7.31 7.35 7.26 7.31 
2016/10/03 7.31 7.39 7.22 7.33 
2016/10/04 7.37 7.37 7.29 7.31 
2016/10/05 7.31 7.39 7.31 7.35 
2016/10/06 7.35 7.37 7.32 7.34 
2016/10/07 7.34 7.40 7.28 7.39 
2016/10/11 7.41 7.49 7.30 7.30 
2016/10/12 7.23 7.29 7.23 7.26 
2016/10/13 7.26 7.33 7.25 7.32 
2016/10/14 7.32 7.41 7.29 7.37 
2016/10/17 7.40 7.47 7.37 7.44 
2016/10/18 7.46 7.88 7.45 7.74 
2016/10/19 7.81 7.88 7.68 7.75 
2016/10/20 7.78 8.15 7.78 7.99 
2016/10/21 8.06 8.06 7.81 7.88 
2016/10/24 8.00 8.05 7.88 8.00 
2016/10/25 8.08 8.09 7.99 7.99 
2016/10/26 7.92 8.00 7.86 7.88 
2016/10/27 7.90 7.94 7.80 7.82 
2016/10/28 7.82 7.85 7.73 7.80 
2016/10/31 7.71 7.76 7.65 7.75 
2016/11/01 7.75 7.98 7.70 7.93 
2016/11/02 7.91 7.91 7.69 7.69 
2016/11/03 7.66 7.74 7.54 7.63 
2016/11/04 7.60 7.63 7.52 7.53 
2016/11/07 7.54 7.67 7.53 7.62 
2016/11/08 7.62 7.74 7.61 7.63 
2016/11/09 7.60 7.66 7.29 7.32 
2016/11/10 7.51 7.57 7.47 7.53 
2016/11/11 7.49 7.68 7.47 7.59 
2016/11/14 7.60 7.63 7.46 7.59 
2016/11/15 7.54 7.90 7.54 7.75 
2016/11/16 7.75 7.83 7.67 7.74 
2016/11/17 7.72 7.94 7.72 7.78 
2016/11/18 7.79 7.89 7.76 7.87 
2016/11/21 7.90 8.08 7.87 8.00 
2016/11/22 8.06 8.07 7.83 7.83 
2016/11/23 7.84 7.86 7.73 7.73 
2016/11/24 7.76 7.83 7.74 7.80 
2016/11/25 7.79 7.87 7.77 7.85 
2016/11/28 7.86 8.05 7.86 7.95 
2016/11/29 8.00 8.11 7.95 8.03 
2016/11/30 8.05 8.10 7.90 7.90 
2016/12/01 7.98 8.29 7.96 8.27 
2016/12/02 8.25 8.39 8.19 8.26 
2016/12/05 8.25 8.31 8.10 8.10 
2016/12/06 8.11 8.53 8.11 8.30 
2016/12/07 8.39 8.39 8.22 8.30 
2016/12/08 8.32 8.38 8.24 8.25 
2016/12/09 8.34 8.45 8.29 8.31 
2016/12/12 8.45 8.64 8.40 8.49 
2016/12/13 8.53 8.65 8.41 8.59 
2016/12/14 8.64 8.86 8.64 8.77 
2016/12/15 8.71 8.78 8.64 8.75 
2016/12/16 8.75 8.94 8.75 8.94 
2016/12/19 9.00 9.03 8.61 8.63 
2016/12/20 8.63 8.75 8.53 8.72 
2016/12/21 8.79 8.86 8.69 8.69 
2016/12/22 8.69 8.69 8.38 8.39 
2016/12/23 8.39 8.42 8.27 8.27 
2016/12/26 8.27 8.33 8.18 8.19 
2016/12/27 8.24 8.26 8.10 8.21 
2016/12/28 8.24 8.33 8.24 8.30 
2016/12/29 8.32 8.35 8.22 8.24 
2016/12/30 8.32 8.33 8.24 8.29 
2017/01/03 8.29 8.45 8.25 8.45 
2017/01/04 8.48 8.48 8.41 8.45 
2017/01/05 8.45 8.48 8.39 8.42 
2017/01/06 8.48 8.48 8.38 8.42 
2017/01/09 8.42 8.60 8.42 8.48 
2017/01/10 8.48 8.51 8.41 8.45 
2017/01/11 8.50 8.54 8.46 8.49 
2017/01/12 8.51 8.75 8.51 8.70 
2017/01/13 8.78 8.80 8.68 8.70 
2017/01/16 8.69 8.70 8.39 8.39 
2017/01/17 8.39 8.45 8.37 8.42 
2017/01/18 8.42 8.45 8.35 8.43 
2017/01/19 8.43 8.46 8.38 8.39 
2017/01/20 8.43 8.51 8.40 8.41 
2017/01/23 8.41 8.48 8.41 8.44 
2017/01/24 8.45 8.55 8.44 8.52 
2017/02/02 8.54 8.85 8.54 8.75 
2017/02/03 8.80 8.99 8.72 8.77 
2017/02/06 8.77 8.95 8.77 8.95 
2017/02/07 9.00 9.22 8.95 8.95 
2017/02/08 9.00 9.06 8.85 8.89 
