2016/07/01 33.40 34.40 33.35 34.00 
2016/07/04 34.00 35.10 34.00 34.75 
2016/07/05 34.80 35.45 34.80 35.20 
2016/07/06 35.30 35.70 34.90 35.30 
2016/07/07 35.30 35.65 35.20 35.25 
2016/07/11 35.30 35.60 35.00 35.45 
2016/07/12 35.45 35.80 35.30 35.30 
2016/07/13 35.50 35.60 35.20 35.35 
2016/07/14 35.30 35.50 35.30 35.45 
2016/07/15 35.50 35.80 35.25 35.35 
2016/07/18 35.40 35.60 35.35 35.35 
2016/07/19 35.40 35.40 35.05 35.20 
2016/07/20 35.10 35.40 35.10 35.15 
2016/07/21 31.35 33.40 31.35 33.35 
2016/07/22 33.20 33.50 32.55 33.30 
2016/07/25 33.40 34.10 33.15 33.40 
2016/07/26 33.50 34.70 33.35 34.30 
2016/07/27 34.30 34.30 33.75 34.20 
2016/07/28 34.10 34.25 33.60 33.60 
2016/07/29 33.80 33.80 32.90 33.25 
2016/08/01 33.25 33.25 32.90 33.05 
2016/08/02 33.20 34.00 33.20 33.95 
2016/08/03 33.80 34.15 33.50 33.70 
2016/08/04 33.55 33.95 33.50 33.55 
2016/08/05 33.55 34.10 33.35 34.10 
2016/08/08 34.10 34.15 33.75 33.80 
2016/08/09 33.80 33.80 33.40 33.80 
2016/08/10 33.80 33.80 33.40 33.40 
2016/08/11 33.35 33.35 32.80 33.35 
2016/08/12 33.80 34.00 33.55 33.65 
2016/08/15 33.95 33.95 33.55 33.80 
2016/08/16 33.90 34.10 33.70 34.10 
2016/08/17 34.10 34.15 33.80 34.00 
2016/08/18 34.00 35.00 33.80 34.95 
2016/08/19 34.95 35.00 34.55 34.60 
2016/08/22 34.80 34.80 34.20 34.60 
2016/08/23 34.60 34.75 34.40 34.40 
2016/08/24 34.50 34.60 34.20 34.40 
2016/08/25 34.20 34.85 34.20 34.80 
2016/08/26 34.80 35.20 34.60 34.80 
2016/08/29 34.60 35.05 34.25 34.90 
2016/08/30 34.90 34.90 34.55 34.55 
2016/08/31 34.55 34.75 34.40 34.40 
2016/09/01 34.40 34.60 34.15 34.40 
2016/09/02 34.75 34.90 34.20 34.25 
2016/09/05 34.50 34.75 34.45 34.65 
2016/09/06 34.80 34.80 34.50 34.70 
2016/09/07 34.50 34.90 34.50 34.80 
2016/09/08 34.80 34.95 34.70 34.80 
2016/09/09 34.80 34.95 34.60 34.70 
2016/09/10 34.40 34.50 34.20 34.45 
2016/09/12 34.40 34.45 34.20 34.20 
2016/09/13 34.25 34.45 33.90 33.95 
2016/09/14 34.00 35.10 33.40 35.10 
2016/09/19 35.00 35.05 34.50 34.70 
2016/09/20 34.80 34.90 34.30 34.40 
2016/09/21 34.50 34.70 34.35 34.70 
2016/09/22 34.50 34.70 34.35 34.50 
2016/09/23 34.75 34.75 34.00 34.40 
2016/09/26 34.40 34.65 34.10 34.35 
2016/09/29 34.25 34.40 34.05 34.15 
2016/09/30 34.15 34.20 33.75 33.75 
2016/10/03 33.75 33.75 33.45 33.45 
2016/10/04 33.45 33.90 33.35 33.90 
2016/10/05 33.60 33.85 33.50 33.75 
2016/10/06 33.80 33.90 33.50 33.55 
2016/10/07 33.55 34.20 33.50 33.85 
2016/10/11 33.65 33.65 33.40 33.50 
2016/10/12 33.40 33.80 33.35 33.65 
2016/10/13 33.65 33.95 33.40 33.95 
2016/10/14 33.80 33.80 33.35 33.35 
2016/10/17 33.35 33.40 33.30 33.35 
2016/10/18 33.30 33.50 33.30 33.50 
2016/10/19 33.50 33.50 33.40 33.45 
2016/10/20 33.50 33.60 33.30 33.35 
2016/10/21 33.35 33.75 33.30 33.50 
2016/10/24 33.45 33.50 33.35 33.45 
2016/10/25 33.40 33.65 33.35 33.50 
2016/10/26 33.50 33.50 33.35 33.45 
2016/10/27 33.55 33.90 33.50 33.70 
2016/10/28 33.70 33.70 33.50 33.60 
2016/10/31 33.50 33.50 33.15 33.30 
2016/11/01 33.25 33.40 33.25 33.25 
2016/11/02 33.25 33.30 33.15 33.20 
2016/11/03 33.30 33.35 33.10 33.15 
2016/11/04 33.10 33.20 33.10 33.15 
2016/11/07 33.20 33.30 33.20 33.20 
2016/11/08 33.25 33.40 33.15 33.25 
2016/11/09 33.25 33.25 32.90 33.25 
2016/11/10 33.30 33.50 33.30 33.45 
2016/11/11 33.30 33.40 33.10 33.15 
2016/11/14 33.00 33.10 32.85 33.10 
2016/11/15 33.10 33.15 32.85 32.85 
2016/11/16 33.05 33.20 32.85 32.95 
2016/11/17 32.95 32.95 32.70 32.80 
2016/11/18 32.80 32.95 32.65 32.65 
2016/11/21 32.65 32.70 32.50 32.60 
2016/11/22 32.60 32.60 32.50 32.60 
2016/11/23 32.60 33.00 32.60 32.85 
2016/11/24 32.90 32.95 32.70 32.80 
2016/11/25 32.80 32.80 32.60 32.60 
2016/11/28 32.65 32.70 32.60 32.70 
2016/11/29 32.65 32.90 32.60 32.90 
2016/11/30 32.85 33.10 32.60 33.10 
2016/12/01 33.10 33.10 32.85 32.85 
2016/12/02 32.80 32.85 32.70 32.75 
2016/12/05 32.70 32.70 32.60 32.65 
2016/12/06 32.65 32.85 32.65 32.80 
2016/12/07 32.90 32.95 32.65 32.70 
2016/12/08 32.90 33.00 32.75 33.00 
2016/12/09 33.00 33.10 32.90 32.90 
2016/12/12 33.00 33.55 32.95 33.30 
2016/12/13 33.30 33.40 33.20 33.25 
2016/12/14 33.20 33.25 32.90 32.90 
2016/12/15 33.00 33.30 32.85 33.30 
2016/12/16 33.30 33.30 32.95 32.95 
2016/12/19 32.95 33.20 32.80 32.95 
2016/12/20 32.95 33.35 32.95 33.35 
2016/12/21 33.35 33.40 33.00 33.05 
2016/12/22 33.35 33.40 33.00 33.05 
2016/12/23 33.25 33.25 32.80 32.90 
2016/12/26 32.80 32.85 32.65 32.75 
2016/12/27 32.80 32.80 32.50 32.75 
2016/12/28 32.90 32.95 32.60 32.70 
2016/12/29 32.50 32.90 32.50 32.90 
2016/12/30 32.90 33.10 32.80 32.95 
2017/01/03 33.00 33.20 33.00 33.20 
2017/01/04 33.20 33.35 33.10 33.25 
2017/01/05 33.35 33.50 33.25 33.50 
2017/01/06 33.50 33.65 33.40 33.50 
2017/01/09 33.50 33.65 33.20 33.60 
2017/01/10 33.40 33.60 33.20 33.40 
2017/01/11 33.50 33.50 33.20 33.25 
2017/01/12 33.35 33.35 32.95 33.30 
2017/01/13 33.00 33.30 32.90 33.25 
2017/01/16 33.00 33.00 32.80 33.00 
2017/01/17 33.00 33.10 32.90 33.00 
2017/01/18 33.20 33.35 33.00 33.20 
2017/01/19 33.30 33.50 33.20 33.40 
2017/01/20 33.40 34.10 33.35 33.70 
2017/01/23 33.70 33.95 33.70 33.75 
2017/01/24 33.90 34.00 33.80 33.95 
2017/02/02 33.95 34.35 33.80 33.95 
2017/02/03 33.95 33.95 33.40 33.50 
2017/02/06 33.70 33.90 33.60 33.80 
2017/02/07 33.80 33.85 33.70 33.75 
2017/02/08 33.80 34.50 33.55 34.50 
