2016/07/01 33.95 34.10 33.60 33.80 
2016/07/04 33.80 33.90 33.55 33.70 
2016/07/05 33.70 34.50 33.70 34.35 
2016/07/06 34.35 34.65 34.10 34.55 
2016/07/07 34.65 34.65 34.25 34.25 
2016/07/11 34.25 34.60 34.15 34.20 
2016/07/12 34.30 34.60 34.25 34.25 
2016/07/13 34.25 34.35 33.90 34.10 
2016/07/14 34.10 34.45 34.00 34.45 
2016/07/15 34.40 34.75 34.40 34.50 
2016/07/18 34.75 35.50 34.70 35.35 
2016/07/19 35.55 35.60 35.15 35.30 
2016/07/20 35.25 35.40 34.80 34.85 
2016/07/21 35.00 35.20 34.80 35.00 
2016/07/22 35.00 35.00 34.75 34.90 
2016/07/25 34.90 35.00 34.70 34.80 
2016/07/26 34.80 35.10 34.60 35.00 
2016/07/27 35.00 35.00 34.60 34.65 
2016/07/28 34.95 34.95 34.35 34.50 
2016/07/29 34.65 34.65 34.40 34.50 
2016/08/01 34.70 34.75 34.55 34.60 
2016/08/02 33.20 33.35 33.20 33.35 
2016/08/03 33.20 33.25 33.10 33.10 
2016/08/04 33.20 33.35 33.05 33.10 
2016/08/05 33.10 33.25 33.00 33.05 
2016/08/08 33.10 33.10 32.85 32.90 
2016/08/09 32.90 32.90 32.40 32.55 
2016/08/10 32.50 32.55 32.20 32.30 
2016/08/11 32.20 32.35 31.80 32.15 
2016/08/12 32.35 32.65 32.30 32.55 
2016/08/15 32.60 32.65 32.30 32.50 
2016/08/16 32.50 32.65 32.50 32.50 
2016/08/17 32.50 32.65 32.25 32.55 
2016/08/18 32.50 32.50 32.15 32.25 
2016/08/19 32.25 32.50 32.10 32.10 
2016/08/22 32.10 32.10 31.50 31.60 
2016/08/23 31.60 32.05 31.60 32.00 
2016/08/24 32.00 32.00 31.65 31.65 
2016/08/25 31.70 32.10 31.65 32.10 
2016/08/26 32.20 32.45 31.70 32.00 
2016/08/29 32.00 32.05 31.60 31.75 
2016/08/30 31.95 32.05 31.60 31.70 
2016/08/31 31.60 32.00 31.60 31.80 
2016/09/01 31.90 32.05 31.70 31.75 
2016/09/02 31.80 31.80 31.55 31.70 
2016/09/05 31.80 31.95 31.65 31.95 
2016/09/06 31.95 32.10 31.70 31.90 
2016/09/07 32.10 32.20 31.80 32.20 
2016/09/08 32.20 32.40 32.10 32.35 
2016/09/09 32.35 32.45 32.15 32.35 
2016/09/10 32.20 32.30 32.00 32.20 
2016/09/12 32.15 32.50 32.10 32.20 
2016/09/13 32.30 32.30 31.75 31.80 
2016/09/14 31.70 31.90 31.70 31.80 
2016/09/19 32.05 32.30 31.90 32.20 
2016/09/20 32.10 32.40 32.05 32.40 
2016/09/21 32.35 32.55 32.25 32.55 
2016/09/22 32.60 32.70 32.45 32.55 
2016/09/23 32.65 32.85 32.60 32.75 
2016/09/26 33.05 34.40 32.85 33.60 
2016/09/29 33.70 33.90 33.20 33.25 
2016/09/30 33.50 33.50 33.10 33.25 
2016/10/03 33.50 33.65 33.30 33.45 
2016/10/04 33.60 33.60 33.30 33.45 
2016/10/05 33.45 33.45 33.20 33.35 
2016/10/06 33.25 33.55 33.15 33.35 
2016/10/07 33.35 33.70 33.25 33.35 
2016/10/11 33.60 33.65 32.60 32.85 
2016/10/12 32.85 32.95 32.60 32.75 
2016/10/13 32.95 32.95 32.45 32.50 
2016/10/14 32.70 32.90 32.00 32.45 
2016/10/17 32.40 32.50 32.20 32.25 
2016/10/18 32.25 32.50 32.25 32.30 
2016/10/19 32.40 32.55 32.30 32.40 
2016/10/20 32.30 32.60 32.30 32.50 
2016/10/21 32.50 32.65 32.20 32.30 
2016/10/24 32.30 32.70 32.30 32.35 
2016/10/25 32.70 33.30 32.70 32.95 
2016/10/26 33.15 33.30 32.90 33.00 
2016/10/27 33.30 33.30 32.55 32.65 
2016/10/28 32.65 32.75 32.50 32.65 
2016/10/31 32.75 32.85 32.55 32.80 
2016/11/01 32.75 32.75 32.45 32.50 
2016/11/02 32.35 32.45 31.95 32.00 
2016/11/03 31.90 32.20 31.85 31.95 
2016/11/04 31.85 32.25 31.85 32.20 
2016/11/07 32.60 32.60 32.00 32.00 
2016/11/08 32.25 32.25 31.90 32.20 
2016/11/09 32.10 32.20 31.50 31.55 
2016/11/10 31.85 32.35 31.70 32.30 
2016/11/11 32.20 33.00 31.95 32.95 
2016/11/14 32.90 32.90 32.30 32.50 
2016/11/15 32.45 32.60 32.30 32.30 
2016/11/16 32.30 32.50 32.20 32.40 
2016/11/17 32.25 32.40 32.20 32.30 
2016/11/18 32.10 32.50 32.10 32.35 
2016/11/21 32.30 32.40 32.25 32.35 
2016/11/22 32.35 32.60 32.30 32.40 
2016/11/23 32.60 32.60 32.05 32.10 
2016/11/24 32.00 32.10 31.85 32.00 
2016/11/25 31.95 32.20 31.90 32.00 
2016/11/28 32.00 32.20 31.95 32.05 
2016/11/29 32.10 32.10 32.00 32.05 
2016/11/30 32.00 32.20 32.00 32.05 
2016/12/01 32.10 32.40 32.10 32.30 
2016/12/02 32.40 32.40 32.10 32.30 
2016/12/05 32.20 32.40 32.15 32.25 
2016/12/06 32.40 32.45 32.10 32.20 
2016/12/07 32.15 32.35 32.05 32.10 
2016/12/08 32.30 32.30 32.10 32.10 
2016/12/09 32.10 32.30 32.10 32.20 
2016/12/12 32.40 32.80 32.25 32.50 
2016/12/13 32.60 32.65 32.45 32.60 
2016/12/14 32.60 32.80 32.45 32.60 
2016/12/15 32.60 32.65 32.35 32.40 
2016/12/16 32.35 32.60 32.30 32.60 
2016/12/19 32.60 32.65 32.45 32.60 
2016/12/20 32.70 32.80 32.60 32.70 
2016/12/21 32.70 32.75 32.60 32.60 
2016/12/22 32.70 32.70 32.55 32.55 
2016/12/23 32.55 32.60 32.40 32.50 
2016/12/26 32.60 32.60 32.20 32.40 
2016/12/27 32.50 32.50 32.30 32.45 
2016/12/28 32.35 32.45 32.30 32.30 
2016/12/29 32.30 32.50 32.20 32.45 
2016/12/30 32.50 32.60 32.35 32.60 
2017/01/03 32.75 32.95 32.60 32.85 
2017/01/04 32.90 33.00 32.90 32.90 
2017/01/05 32.90 32.95 32.80 32.80 
2017/01/06 32.80 32.95 32.75 32.75 
2017/01/09 32.75 32.80 32.40 32.45 
2017/01/10 32.55 32.55 32.40 32.45 
2017/01/11 32.90 32.95 32.60 32.75 
2017/01/12 32.80 32.80 32.45 32.55 
2017/01/13 32.70 32.70 32.40 32.40 
2017/01/16 32.40 32.50 32.20 32.20 
2017/01/17 32.45 32.45 32.25 32.25 
2017/01/18 32.50 32.60 32.30 32.60 
2017/01/19 32.60 32.65 32.40 32.60 
2017/01/20 32.35 32.60 32.35 32.35 
2017/01/23 32.40 32.55 32.35 32.50 
2017/01/24 32.50 32.55 32.35 32.40 
2017/02/02 32.60 32.60 32.25 32.25 
2017/02/03 32.40 32.55 32.25 32.30 
2017/02/06 32.50 32.80 32.45 32.80 
2017/02/07 32.80 32.85 32.65 32.80 
2017/02/08 32.80 32.85 32.65 32.80 
