2016/07/01 43.25 43.25 42.95 43.00 
2016/07/04 43.00 43.30 42.85 43.00 
2016/07/05 43.00 43.15 42.85 43.05 
2016/07/06 43.30 43.55 42.65 42.65 
2016/07/07 42.65 42.90 42.55 42.55 
2016/07/11 43.00 43.30 42.80 43.05 
2016/07/12 42.85 43.25 42.75 43.25 
2016/07/13 43.50 43.90 43.20 43.90 
2016/07/14 44.00 44.00 43.70 44.00 
2016/07/15 44.00 44.40 43.80 44.40 
2016/07/18 44.40 44.75 44.20 44.50 
2016/07/19 44.50 44.85 44.05 44.85 
2016/07/20 44.75 45.25 44.50 45.10 
2016/07/21 45.15 45.30 44.85 44.90 
2016/07/22 44.80 44.95 44.40 44.65 
2016/07/25 44.75 44.85 43.85 44.35 
2016/07/26 44.45 44.75 44.10 44.75 
2016/07/27 44.75 44.90 44.45 44.80 
2016/07/28 44.70 44.90 44.30 44.75 
2016/07/29 44.75 44.80 44.45 44.50 
2016/08/01 44.65 44.70 44.40 44.60 
2016/08/02 44.55 44.95 44.55 44.75 
2016/08/03 44.70 45.00 44.40 45.00 
2016/08/04 45.00 45.05 44.80 45.00 
2016/08/05 45.05 45.20 44.85 45.10 
2016/08/08 45.10 45.15 44.85 45.05 
2016/08/09 45.00 45.10 44.90 45.00 
2016/08/10 45.00 45.45 44.90 45.45 
2016/08/11 45.35 45.45 44.90 45.05 
2016/08/12 45.05 45.20 45.00 45.10 
2016/08/15 45.20 45.25 44.80 44.95 
2016/08/16 45.00 45.05 44.40 44.55 
2016/08/17 42.50 43.15 42.50 43.05 
2016/08/18 43.10 43.15 42.85 43.05 
2016/08/19 43.10 43.15 42.65 42.70 
2016/08/22 42.65 42.65 42.25 42.25 
2016/08/23 42.20 42.45 42.00 42.25 
2016/08/24 42.50 42.50 42.20 42.20 
2016/08/25 42.40 42.55 42.20 42.55 
2016/08/26 42.50 42.70 42.35 42.65 
2016/08/29 42.65 42.65 42.10 42.55 
2016/08/30 42.55 42.55 42.20 42.40 
2016/08/31 42.40 42.40 41.70 41.90 
2016/09/01 41.90 42.05 41.55 41.95 
2016/09/02 41.80 42.10 41.80 42.00 
2016/09/05 42.40 42.40 42.05 42.15 
2016/09/06 42.35 42.90 42.15 42.90 
2016/09/07 43.00 43.00 42.55 42.55 
2016/09/08 42.90 43.10 42.50 43.10 
2016/09/09 43.00 43.00 42.45 42.45 
2016/09/10 42.10 42.30 42.05 42.05 
2016/09/12 42.00 42.15 41.80 41.85 
2016/09/13 41.90 42.00 41.25 41.80 
2016/09/14 41.65 41.85 41.55 41.75 
2016/09/19 41.75 42.15 41.75 41.80 
2016/09/20 41.80 42.15 41.75 41.95 
2016/09/21 41.95 42.70 41.90 42.55 
2016/09/22 42.60 42.70 42.30 42.50 
2016/09/23 42.35 42.55 42.05 42.20 
2016/09/26 42.20 42.50 42.10 42.50 
2016/09/29 42.60 42.75 42.35 42.65 
2016/09/30 42.55 42.70 42.00 42.00 
2016/10/03 42.05 42.35 42.00 42.35 
2016/10/04 42.40 42.45 42.20 42.45 
2016/10/05 42.45 42.45 42.20 42.30 
2016/10/06 42.40 42.60 42.10 42.15 
2016/10/07 42.15 42.30 42.10 42.20 
2016/10/11 42.50 42.55 41.85 42.10 
2016/10/12 42.15 42.15 41.90 42.10 
2016/10/13 42.15 42.40 42.00 42.40 
2016/10/14 42.30 42.35 42.10 42.10 
2016/10/17 42.55 42.60 42.10 42.20 
2016/10/18 42.20 42.75 42.20 42.75 
2016/10/19 42.85 43.20 42.65 42.75 
2016/10/20 42.85 43.00 42.55 42.60 
2016/10/21 42.55 42.75 42.55 42.65 
2016/10/24 42.90 42.90 42.50 42.65 
2016/10/25 42.50 42.60 42.30 42.50 
2016/10/26 42.35 42.50 42.15 42.15 
2016/10/27 42.35 42.35 42.05 42.10 
2016/10/28 42.10 42.30 42.10 42.25 
2016/10/31 42.10 42.30 41.95 42.30 
2016/11/01 42.00 42.20 42.00 42.10 
2016/11/02 41.85 41.95 41.70 41.75 
2016/11/03 41.50 41.75 41.50 41.75 
2016/11/04 41.60 41.85 41.50 41.55 
2016/11/07 41.50 41.70 41.50 41.55 
2016/11/08 41.60 41.80 41.55 41.80 
2016/11/09 42.00 42.10 40.80 41.10 
2016/11/10 41.65 41.70 41.35 41.45 
2016/11/11 41.00 41.10 40.75 40.75 
2016/11/14 40.50 40.60 40.10 40.30 
2016/11/15 40.30 40.80 40.30 40.30 
2016/11/16 40.40 40.60 40.30 40.30 
2016/11/17 40.50 40.50 40.10 40.30 
2016/11/18 40.10 40.25 39.95 40.00 
2016/11/21 40.00 40.15 39.90 39.95 
2016/11/22 40.05 40.25 40.00 40.10 
2016/11/23 40.20 40.30 40.15 40.25 
2016/11/24 40.25 40.25 39.95 40.00 
2016/11/25 40.20 40.80 40.15 40.75 
2016/11/28 40.75 40.80 40.00 40.35 
2016/11/29 40.30 40.30 40.10 40.15 
2016/11/30 40.15 40.60 40.00 40.55 
2016/12/01 40.50 40.60 40.10 40.20 
2016/12/02 40.10 40.25 40.05 40.10 
2016/12/05 40.30 40.30 39.80 39.90 
2016/12/06 40.15 40.20 39.90 40.15 
2016/12/07 40.15 40.30 40.00 40.25 
2016/12/08 40.25 41.25 40.15 41.20 
2016/12/09 41.25 41.25 40.90 41.20 
2016/12/12 41.20 41.35 41.00 41.10 
2016/12/13 41.10 41.60 41.00 41.55 
2016/12/14 41.50 41.85 41.25 41.50 
2016/12/15 41.40 41.40 40.85 41.20 
2016/12/16 41.15 41.15 40.70 40.80 
2016/12/19 40.90 41.00 40.50 40.55 
2016/12/20 40.30 40.55 40.30 40.50 
2016/12/21 40.45 40.50 40.25 40.25 
2016/12/22 40.20 40.25 40.00 40.00 
2016/12/23 40.00 40.20 40.00 40.00 
2016/12/26 40.05 40.25 40.05 40.05 
2016/12/27 40.05 40.10 40.00 40.05 
2016/12/28 40.30 40.30 40.00 40.20 
2016/12/29 40.25 40.25 39.95 39.95 
2016/12/30 40.00 40.40 40.00 40.15 
2017/01/03 40.05 40.30 40.05 40.25 
2017/01/04 40.25 40.70 40.25 40.60 
2017/01/05 40.80 40.80 40.45 40.65 
2017/01/06 40.60 40.85 40.55 40.75 
2017/01/09 40.80 40.80 40.35 40.50 
2017/01/10 40.50 40.65 40.35 40.45 
2017/01/11 40.60 40.65 40.35 40.65 
2017/01/12 40.75 40.80 40.55 40.80 
2017/01/13 40.85 40.95 40.65 40.95 
2017/01/16 40.95 40.95 40.35 40.35 
2017/01/17 40.50 40.65 40.25 40.50 
2017/01/18 40.40 40.55 40.20 40.45 
2017/01/19 40.40 40.40 40.15 40.35 
2017/01/20 40.35 40.50 40.15 40.15 
2017/01/23 40.40 40.65 40.40 40.50 
2017/01/24 40.25 40.70 40.25 40.70 
2017/02/02 40.85 41.30 40.70 40.95 
2017/02/03 41.00 41.90 41.00 41.90 
2017/02/06 42.40 43.40 42.15 42.75 
2017/02/07 42.90 43.00 42.55 42.85 
2017/02/08 43.00 43.30 42.70 43.00 
