2016/07/01 75.70 76.00 75.60 76.00 
2016/07/04 76.00 76.50 75.30 76.30 
2016/07/05 76.30 76.60 75.80 76.00 
2016/07/06 75.90 76.10 75.60 76.00 
2016/07/07 76.00 77.00 76.00 76.20 
2016/07/11 77.20 77.20 76.20 76.40 
2016/07/12 77.00 77.00 75.50 75.50 
2016/07/13 75.90 76.00 75.60 75.60 
2016/07/14 75.70 75.90 75.60 75.80 
2016/07/15 75.30 76.20 75.30 76.00 
2016/07/18 76.00 76.20 75.80 76.00 
2016/07/19 76.00 76.00 75.80 76.00 
2016/07/20 75.50 76.10 75.50 76.10 
2016/07/21 75.80 76.20 75.80 76.10 
2016/07/22 75.80 76.00 75.80 75.90 
2016/07/25 75.70 76.10 75.70 76.10 
2016/07/26 76.10 76.10 75.80 76.00 
2016/07/27 76.00 76.20 75.80 76.00 
2016/07/28 76.20 76.30 75.90 76.00 
2016/07/29 76.00 76.10 75.60 75.80 
2016/08/01 75.50 75.80 75.50 75.80 
2016/08/02 75.50 75.80 75.50 75.80 
2016/08/03 75.50 75.80 75.00 75.50 
2016/08/04 75.80 76.40 75.70 76.40 
2016/08/05 76.90 77.30 76.40 77.00 
2016/08/08 77.60 77.70 77.00 77.40 
2016/08/09 77.20 77.60 77.10 77.40 
2016/08/10 78.00 79.00 78.00 78.60 
2016/08/11 78.60 79.20 78.10 78.50 
2016/08/12 78.50 79.20 78.50 79.20 
2016/08/15 79.50 79.50 79.00 79.20 
2016/08/16 79.10 79.20 78.90 79.00 
2016/08/17 79.40 79.70 79.10 79.70 
2016/08/18 76.00 77.80 75.80 76.90 
2016/08/19 78.00 78.00 76.50 76.50 
2016/08/22 76.20 76.50 76.00 76.00 
2016/08/23 75.10 76.00 75.10 75.90 
2016/08/24 76.50 76.50 75.90 75.90 
2016/08/25 75.90 77.50 75.50 76.60 
2016/08/26 77.10 77.10 76.20 76.20 
2016/08/29 76.50 76.50 75.50 76.00 
2016/08/30 76.30 76.30 75.60 76.10 
2016/08/31 76.40 77.40 75.60 77.40 
2016/09/01 77.40 77.40 76.20 76.50 
2016/09/02 76.50 76.50 75.70 75.90 
2016/09/05 76.30 76.30 75.70 76.20 
2016/09/06 76.50 76.70 75.80 76.00 
2016/09/07 76.00 76.90 76.00 76.60 
2016/09/08 76.60 76.90 76.60 76.80 
2016/09/09 76.50 76.60 75.90 76.10 
2016/09/10 75.60 76.00 75.50 75.50 
2016/09/12 75.50 75.50 75.30 75.40 
2016/09/13 75.40 75.40 74.60 74.80 
2016/09/14 74.80 76.70 74.20 76.70 
2016/09/19 76.70 76.90 76.30 76.50 
2016/09/20 76.50 76.50 75.80 76.00 
2016/09/21 75.50 77.50 75.40 77.50 
2016/09/22 76.60 77.10 76.30 76.40 
2016/09/23 76.40 76.50 76.10 76.30 
2016/09/26 75.60 76.30 75.60 75.80 
2016/09/29 75.80 75.90 75.70 75.70 
2016/09/30 75.50 75.60 75.30 75.60 
2016/10/03 75.50 75.50 75.30 75.40 
2016/10/04 76.30 76.30 75.40 75.50 
2016/10/06 75.50 76.00 75.40 75.50 
2016/10/07 76.20 76.20 75.20 75.40 
2016/10/11 75.40 75.80 75.40 75.60 
2016/10/12 75.60 76.00 75.40 76.00 
2016/10/13 76.00 76.50 75.60 76.50 
2016/10/14 75.70 76.50 75.70 76.30 
2016/10/17 76.40 76.40 76.20 76.30 
2016/10/18 76.30 76.60 76.00 76.50 
2016/10/19 76.50 76.70 76.30 76.50 
2016/10/20 76.90 78.00 76.50 77.50 
2016/10/21 77.50 77.80 76.80 77.00 
2016/10/24 77.00 77.20 77.00 77.10 
2016/10/25 77.90 77.90 76.50 76.80 
2016/10/26 76.80 77.20 76.50 77.20 
2016/10/27 77.00 78.20 77.00 77.50 
2016/10/28 77.10 77.10 77.00 77.00 
2016/10/31 77.00 77.70 76.60 77.70 
2016/11/01 76.70 77.90 76.70 77.60 
2016/11/02 77.70 78.00 77.30 77.40 
2016/11/03 77.80 78.00 77.10 77.70 
2016/11/04 77.70 78.40 77.50 78.20 
2016/11/07 77.10 78.20 77.10 77.60 
2016/11/08 77.90 78.00 77.60 78.00 
2016/11/09 77.20 77.90 77.20 77.30 
2016/11/10 77.30 78.00 77.20 77.70 
2016/11/11 78.40 78.40 77.20 77.40 
2016/11/14 77.20 77.50 77.20 77.20 
2016/11/15 76.20 77.80 76.20 77.20 
2016/11/16 77.00 78.20 77.00 77.90 
2016/11/17 77.30 77.50 77.30 77.50 
2016/11/18 77.10 78.10 77.10 78.10 
2016/11/21 77.80 78.80 77.80 78.10 
2016/11/22 77.20 78.50 77.20 78.30 
2016/11/23 77.40 78.50 77.40 78.50 
2016/11/24 78.40 78.40 78.20 78.40 
2016/11/25 77.80 79.10 77.80 79.10 
2016/11/28 78.40 78.90 78.40 78.70 
2016/11/29 79.20 79.20 78.80 78.90 
2016/11/30 78.70 79.60 77.10 77.10 
2016/12/01 78.00 78.10 77.60 77.60 
2016/12/02 77.60 77.90 76.50 77.90 
2016/12/05 78.00 78.00 78.00 78.00 
2016/12/06 78.00 78.10 77.40 77.50 
2016/12/07 77.50 77.80 77.40 77.60 
2016/12/08 77.60 77.80 77.20 77.80 
2016/12/09 77.80 78.20 77.70 77.70 
2016/12/12 77.70 78.00 77.70 77.80 
2016/12/13 78.20 78.50 77.90 78.00 
2016/12/14 78.80 78.80 78.00 78.20 
2016/12/15 78.20 78.20 78.00 78.00 
2016/12/16 78.00 78.50 77.90 78.50 
2016/12/19 78.50 78.70 78.20 78.30 
2016/12/20 78.40 78.60 78.30 78.40 
2016/12/21 78.40 80.00 78.40 80.00 
2016/12/22 80.00 80.50 79.60 79.70 
2016/12/23 79.00 79.00 78.90 78.90 
2016/12/26 78.70 78.90 78.70 78.90 
2016/12/27 78.90 78.90 78.70 78.80 
2016/12/28 79.00 79.30 78.90 79.00 
2016/12/29 78.50 79.00 78.50 78.70 
2016/12/30 78.80 80.00 78.80 80.00 
2017/01/03 80.00 80.50 79.80 80.00 
2017/01/04 80.50 80.50 79.80 80.20 
2017/01/05 80.00 80.00 79.90 80.00 
2017/01/06 79.50 80.10 79.40 80.00 
2017/01/09 80.00 80.00 79.90 79.90 
2017/01/10 79.90 80.00 79.10 80.00 
2017/01/11 80.90 81.00 80.30 80.40 
2017/01/12 80.10 80.60 80.00 80.20 
2017/01/13 80.30 80.50 80.30 80.40 
2017/01/16 79.90 80.10 79.70 80.00 
2017/01/17 80.20 80.20 80.00 80.10 
2017/01/18 80.50 80.60 80.10 80.60 
2017/01/19 80.30 80.80 80.10 80.50 
2017/01/20 80.50 80.60 80.30 80.30 
2017/01/23 80.50 81.10 80.50 81.10 
2017/01/24 81.00 81.00 80.80 80.90 
2017/02/02 81.00 81.20 80.00 81.20 
2017/02/03 81.10 81.20 80.50 80.60 
2017/02/06 81.00 81.00 80.50 80.60 
2017/02/07 80.70 81.00 80.60 80.90 
2017/02/08 80.90 81.60 80.90 81.40 
