2016/07/01 12.80 13.00 12.75 13.00 
2016/07/04 12.95 12.95 12.80 12.95 
2016/07/05 12.85 12.95 12.85 12.85 
2016/07/06 12.85 12.95 12.75 12.90 
2016/07/07 12.40 12.50 12.35 12.40 
2016/07/11 12.40 12.50 12.40 12.45 
2016/07/12 12.45 12.60 12.30 12.60 
2016/07/13 12.60 12.70 12.60 12.70 
2016/07/14 12.70 12.85 12.65 12.85 
2016/07/15 12.85 12.90 12.70 12.90 
2016/07/18 12.70 12.90 12.70 12.90 
2016/07/19 12.90 12.90 12.70 12.80 
2016/07/20 12.85 12.85 12.80 12.80 
2016/07/21 12.80 12.80 12.65 12.75 
2016/07/22 12.75 12.80 12.70 12.75 
2016/07/25 12.60 12.65 12.50 12.50 
2016/07/26 12.55 12.60 12.55 12.55 
2016/07/27 12.55 12.55 12.50 12.50 
2016/07/28 12.50 12.50 12.35 12.45 
2016/07/29 12.45 12.45 12.35 12.40 
2016/08/01 12.35 12.50 12.35 12.45 
2016/08/02 12.40 12.55 12.40 12.55 
2016/08/03 12.40 12.50 12.40 12.50 
2016/08/04 12.65 12.65 12.45 12.50 
2016/08/05 12.65 12.65 12.50 12.60 
2016/08/08 13.00 13.05 12.80 12.85 
2016/08/09 12.80 12.80 12.65 12.80 
2016/08/10 12.70 12.70 12.60 12.65 
2016/08/11 12.65 12.70 12.55 12.55 
2016/08/12 12.60 12.60 12.50 12.50 
2016/08/15 12.55 12.75 12.50 12.65 
2016/08/16 12.70 12.70 12.60 12.60 
2016/08/17 12.60 12.75 12.60 12.75 
2016/08/18 12.65 12.80 12.65 12.70 
2016/08/19 12.70 12.70 12.65 12.65 
2016/08/22 12.55 12.95 12.55 12.70 
2016/08/23 12.70 12.70 12.60 12.60 
2016/08/24 12.60 12.75 12.60 12.75 
2016/08/25 12.60 12.80 12.60 12.80 
2016/08/26 12.80 12.80 12.70 12.70 
2016/08/29 12.70 12.70 12.60 12.60 
2016/08/30 12.70 12.75 12.70 12.75 
2016/08/31 12.75 12.75 12.55 12.60 
2016/09/01 12.60 12.70 12.60 12.70 
2016/09/02 12.75 12.75 12.65 12.70 
2016/09/05 12.60 12.70 12.60 12.65 
2016/09/06 12.60 12.70 12.55 12.65 
2016/09/07 12.60 12.85 12.60 12.85 
2016/09/08 12.80 12.80 12.70 12.70 
2016/09/09 12.70 12.75 12.70 12.70 
2016/09/10 12.75 12.90 12.70 12.85 
2016/09/12 12.85 12.85 12.75 12.75 
2016/09/13 12.70 12.80 12.65 12.70 
2016/09/14 12.65 13.45 12.65 13.10 
2016/09/19 13.15 13.40 13.10 13.30 
2016/09/20 13.45 13.85 13.30 13.50 
2016/09/21 13.50 13.65 13.40 13.65 
2016/09/22 13.65 13.65 13.15 13.20 
2016/09/23 13.45 13.45 13.05 13.05 
2016/09/26 13.05 13.10 13.00 13.10 
2016/09/29 13.15 13.15 13.05 13.10 
2016/09/30 13.00 13.00 12.90 13.00 
2016/10/03 13.00 13.00 12.90 12.90 
2016/10/04 13.15 13.15 12.90 13.00 
2016/10/05 12.90 13.10 12.90 13.00 
2016/10/06 13.10 13.10 12.85 13.05 
2016/10/07 12.95 13.00 12.95 13.00 
2016/10/11 13.15 13.15 12.80 12.90 
2016/10/12 12.85 12.95 12.80 12.90 
2016/10/13 12.85 12.90 12.80 12.90 
2016/10/14 13.00 13.00 12.80 12.85 
2016/10/17 12.85 12.85 12.65 12.80 
2016/10/18 12.80 12.85 12.80 12.85 
2016/10/19 12.80 12.80 12.65 12.65 
2016/10/20 12.65 12.85 12.65 12.75 
2016/10/21 12.75 12.80 12.70 12.80 
2016/10/24 12.80 12.80 12.80 12.80 
2016/10/25 12.80 12.90 12.80 12.85 
2016/10/26 12.85 12.85 12.75 12.85 
2016/10/27 12.85 12.85 12.70 12.80 
2016/10/28 12.70 12.75 12.60 12.65 
2016/10/31 12.60 12.65 12.60 12.65 
2016/11/01 12.65 12.70 12.65 12.65 
2016/11/02 12.65 12.65 12.50 12.50 
2016/11/03 12.50 12.55 12.45 12.45 
2016/11/04 12.50 12.50 12.45 12.50 
2016/11/07 12.50 12.60 12.50 12.55 
2016/11/08 12.55 12.55 12.50 12.50 
2016/11/09 12.55 12.55 12.30 12.30 
2016/11/10 12.60 12.60 12.50 12.50 
2016/11/11 12.55 12.60 12.50 12.55 
2016/11/14 12.50 12.80 12.50 12.55 
2016/11/15 12.60 12.60 12.50 12.55 
2016/11/16 12.70 12.70 12.60 12.60 
2016/11/17 12.65 12.65 12.60 12.60 
2016/11/18 12.60 12.70 12.60 12.70 
2016/11/21 12.80 12.80 12.55 12.65 
2016/11/22 12.65 12.70 12.65 12.65 
2016/11/23 12.60 12.75 12.60 12.65 
2016/11/24 12.60 12.70 12.60 12.70 
2016/11/25 12.75 12.75 12.60 12.70 
2016/11/28 12.70 12.75 12.70 12.70 
2016/11/29 12.70 12.70 12.65 12.65 
2016/11/30 12.65 12.70 12.65 12.65 
2016/12/01 12.80 13.05 12.70 12.85 
2016/12/02 13.00 13.00 12.80 12.90 
2016/12/05 13.00 13.05 12.90 13.05 
2016/12/06 13.10 13.10 12.95 13.00 
2016/12/07 13.00 13.15 12.95 13.05 
2016/12/08 13.15 13.30 12.90 13.15 
2016/12/09 13.15 13.15 13.00 13.05 
2016/12/12 13.10 13.30 13.05 13.10 
2016/12/13 13.15 13.50 13.15 13.25 
2016/12/14 13.35 13.35 13.20 13.30 
2016/12/15 13.20 13.20 13.10 13.15 
2016/12/16 13.10 13.25 13.05 13.15 
2016/12/19 13.15 13.15 13.05 13.05 
2016/12/20 13.05 13.10 13.05 13.10 
2016/12/21 13.30 13.60 13.15 13.40 
2016/12/22 13.65 13.65 13.20 13.20 
2016/12/23 13.25 13.30 12.90 13.15 
2016/12/26 13.05 13.20 13.05 13.20 
2016/12/27 13.30 13.30 12.85 13.10 
2016/12/28 13.05 13.10 13.05 13.10 
2016/12/29 13.10 13.10 13.10 13.10 
2016/12/30 13.20 13.20 12.95 13.10 
2017/01/03 13.20 13.20 13.00 13.05 
2017/01/04 13.05 13.05 13.00 13.05 
2017/01/05 13.00 13.05 12.90 12.95 
2017/01/06 13.10 13.20 12.95 13.15 
2017/01/09 13.30 13.30 13.10 13.20 
2017/01/10 13.30 13.45 13.30 13.40 
2017/01/11 13.40 13.45 13.25 13.40 
2017/01/12 13.40 13.40 13.20 13.35 
2017/01/13 13.35 13.35 13.25 13.25 
2017/01/16 13.25 13.25 13.10 13.10 
2017/01/17 13.25 13.30 13.15 13.25 
2017/01/18 13.25 13.30 13.10 13.30 
2017/01/19 13.20 13.30 13.20 13.30 
2017/01/20 13.30 13.30 13.20 13.30 
2017/01/23 13.30 13.35 13.25 13.30 
2017/01/24 13.35 13.35 13.25 13.35 
2017/02/02 13.35 13.40 13.30 13.35 
2017/02/03 13.45 14.40 13.45 13.90 
2017/02/06 13.95 14.10 13.90 13.90 
2017/02/07 13.90 14.05 13.80 14.00 
2017/02/08 14.10 14.30 14.05 14.15 
