2016/07/01 68.50 68.50 68.20 68.30 
2016/07/04 68.30 69.00 68.30 68.60 
2016/07/05 68.60 68.80 68.40 68.70 
2016/07/06 68.70 68.70 68.20 68.20 
2016/07/07 68.40 68.50 67.80 68.40 
2016/07/11 68.40 68.50 68.20 68.40 
2016/07/12 68.40 68.50 68.20 68.50 
2016/07/13 68.50 68.70 68.20 68.50 
2016/07/14 68.70 69.00 68.60 68.80 
2016/07/15 69.00 69.00 68.80 69.00 
2016/07/18 69.00 74.00 68.80 71.70 
2016/07/19 72.20 73.00 72.00 72.40 
2016/07/20 72.70 72.90 72.20 72.20 
2016/07/21 72.50 73.50 72.40 72.70 
2016/07/22 73.00 73.20 72.60 72.70 
2016/07/25 73.00 73.00 72.50 73.00 
2016/07/26 73.30 73.40 72.90 72.90 
2016/07/27 72.90 73.00 72.50 72.80 
2016/07/28 72.80 73.20 72.40 72.80 
2016/07/29 73.00 73.00 72.60 72.70 
2016/08/01 72.80 74.00 72.60 73.00 
2016/08/02 73.10 73.10 72.50 72.50 
2016/08/03 72.40 72.50 71.00 71.80 
2016/08/04 73.00 73.50 71.60 72.00 
2016/08/05 72.00 72.40 71.70 71.90 
2016/08/08 72.00 72.20 71.80 71.90 
2016/08/09 72.00 72.40 71.80 71.80 
2016/08/10 72.30 72.30 71.60 71.60 
2016/08/11 72.00 72.00 71.40 71.80 
2016/08/12 72.50 72.50 71.50 71.70 
2016/08/15 71.70 71.80 71.00 71.40 
2016/08/16 71.50 71.50 71.00 71.20 
2016/08/17 71.20 71.30 70.80 71.20 
2016/08/18 71.60 71.80 70.70 70.80 
2016/08/19 70.90 71.40 70.50 70.60 
2016/08/22 70.60 70.70 70.40 70.40 
2016/08/23 70.50 70.60 70.30 70.50 
2016/08/24 70.60 70.70 70.50 70.50 
2016/08/25 70.50 70.70 70.40 70.70 
2016/08/26 70.60 71.80 70.50 71.50 
2016/08/29 71.50 71.60 70.40 70.40 
2016/08/30 70.40 70.40 68.60 68.80 
2016/08/31 68.60 68.90 68.00 68.60 
2016/09/01 68.60 70.20 68.00 68.80 
2016/09/02 68.80 69.00 68.40 68.90 
2016/09/05 69.00 69.50 68.70 69.10 
2016/09/06 69.20 70.40 69.20 70.10 
2016/09/07 70.10 71.00 70.10 71.00 
2016/09/08 71.00 71.10 68.10 68.50 
2016/09/09 68.30 68.50 64.50 66.40 
2016/09/10 66.40 68.00 65.90 67.10 
2016/09/12 67.10 67.50 67.00 67.20 
2016/09/13 67.40 67.40 66.40 67.20 
2016/09/14 67.20 67.20 66.50 66.50 
2016/09/19 66.40 66.50 65.40 65.40 
2016/09/20 65.50 65.90 65.00 65.60 
2016/09/21 65.80 66.80 65.50 66.00 
2016/09/22 66.10 66.30 65.20 65.20 
2016/09/23 65.40 71.60 64.90 70.90 
2016/09/26 71.00 71.10 69.10 69.60 
2016/09/29 69.70 70.00 68.80 69.10 
2016/09/30 69.20 70.40 69.00 69.20 
2016/10/03 69.30 69.40 68.80 68.90 
2016/10/04 69.20 69.30 68.30 68.50 
2016/10/05 68.50 68.70 67.60 67.90 
2016/10/06 68.00 68.50 67.40 68.10 
2016/10/07 68.10 68.20 67.70 67.80 
2016/10/11 67.90 68.80 67.70 68.50 
2016/10/12 68.50 69.50 68.40 68.70 
2016/10/13 69.90 69.90 68.60 68.90 
2016/10/14 68.90 69.40 68.70 69.00 
2016/10/17 69.10 71.00 69.00 70.50 
2016/10/18 70.50 70.80 70.10 70.20 
2016/10/19 70.50 70.70 70.10 70.20 
2016/10/20 70.30 71.10 70.30 71.10 
2016/10/21 71.10 71.50 71.00 71.40 
2016/10/24 73.30 77.30 72.80 76.20 
2016/10/25 77.30 77.40 74.00 74.00 
2016/10/26 74.00 74.20 72.30 74.00 
2016/10/27 74.00 74.60 74.00 74.20 
2016/10/28 74.20 74.80 74.10 74.40 
2016/10/31 74.40 74.50 74.00 74.00 
2016/11/01 74.00 74.00 73.00 73.00 
2016/11/02 72.80 72.80 70.80 70.90 
2016/11/03 70.80 70.90 68.80 68.80 
2016/11/04 67.00 67.00 65.80 66.10 
2016/11/07 66.40 66.40 65.30 65.30 
2016/11/08 65.30 65.90 65.00 65.50 
2016/11/09 65.50 65.80 63.80 65.30 
2016/11/10 65.30 65.30 62.70 63.80 
2016/11/11 63.70 64.10 58.10 63.80 
2016/11/14 63.80 63.80 61.40 63.50 
2016/11/15 63.40 63.50 62.80 63.30 
2016/11/16 63.30 64.90 63.30 63.50 
2016/11/17 63.50 64.30 63.40 63.40 
2016/11/18 63.50 65.00 63.50 64.10 
2016/11/21 64.10 66.20 64.10 65.80 
2016/11/22 65.80 66.50 65.70 65.80 
2016/11/23 65.80 66.80 65.80 66.60 
2016/11/24 66.60 68.20 66.60 67.40 
2016/11/25 67.40 68.50 67.40 67.80 
2016/11/28 68.30 69.50 67.80 68.60 
2016/11/29 68.90 69.10 65.90 67.80 
2016/11/30 67.80 68.60 67.70 68.60 
2016/12/01 68.60 68.90 68.20 68.20 
2016/12/02 68.20 68.40 67.80 68.40 
2016/12/05 68.50 68.90 67.60 68.10 
2016/12/06 68.00 68.40 66.80 66.80 
2016/12/07 66.80 67.50 65.30 66.90 
2016/12/08 66.90 66.90 66.00 66.40 
2016/12/09 66.40 66.40 65.30 65.90 
2016/12/12 65.80 67.20 65.50 65.50 
2016/12/13 66.40 66.40 65.20 65.20 
2016/12/14 65.30 65.40 64.90 65.10 
2016/12/15 65.10 65.40 64.90 65.10 
2016/12/16 65.20 65.60 64.90 65.00 
2016/12/19 65.20 65.80 65.20 65.40 
2016/12/20 65.60 65.60 65.30 65.40 
2016/12/21 66.00 66.00 64.50 65.00 
2016/12/22 65.00 65.00 63.80 63.80 
2016/12/23 63.80 64.00 63.20 63.40 
2016/12/26 63.60 63.70 62.60 62.60 
2016/12/27 62.80 63.10 62.30 62.40 
2016/12/28 62.50 62.80 62.40 62.50 
2016/12/29 62.50 62.50 61.20 62.00 
2016/12/30 62.00 63.00 62.00 62.70 
2017/01/03 63.00 63.50 62.50 62.70 
2017/01/04 62.70 63.10 62.70 62.70 
2017/01/05 62.90 63.10 62.80 63.00 
2017/01/06 63.00 65.00 62.90 63.50 
2017/01/09 63.50 63.70 62.90 63.00 
2017/01/10 63.20 63.80 63.00 63.00 
2017/01/11 63.00 63.00 62.50 62.50 
2017/01/12 62.50 62.60 62.10 62.50 
2017/01/13 62.70 62.80 61.90 62.40 
2017/01/16 62.40 63.00 61.90 62.60 
2017/01/17 62.60 62.90 62.50 62.60 
2017/01/18 62.70 63.00 62.60 62.80 
2017/01/19 62.80 63.40 62.80 62.90 
2017/01/20 62.90 63.70 62.90 63.50 
2017/01/23 63.50 64.10 63.40 64.00 
2017/01/24 64.30 64.50 64.10 64.30 
2017/02/02 64.30 64.40 64.10 64.10 
2017/02/03 64.30 64.70 64.20 64.30 
2017/02/06 64.30 64.70 64.20 64.60 
2017/02/07 64.60 65.00 64.60 64.70 
2017/02/08 64.90 65.00 64.40 64.80 
