2016/07/01 37.00 37.00 36.80 36.85 
2016/07/04 36.80 37.00 36.75 36.90 
2016/07/05 36.90 37.05 36.65 36.70 
2016/07/06 37.45 37.45 36.65 36.70 
2016/07/07 36.80 36.90 36.65 36.80 
2016/07/11 36.80 36.95 36.70 36.95 
2016/07/12 36.90 36.90 36.80 36.80 
2016/07/13 36.80 36.90 36.75 36.75 
2016/07/14 36.75 36.95 36.75 36.85 
2016/07/15 36.95 37.20 36.95 37.15 
2016/07/18 37.20 37.30 37.15 37.15 
2016/07/19 37.50 37.50 37.05 37.35 
2016/07/20 37.35 37.40 37.30 37.35 
2016/07/21 37.40 37.65 37.35 37.60 
2016/07/22 37.60 37.70 37.55 37.60 
2016/07/25 37.60 37.75 37.60 37.75 
2016/07/26 37.80 37.80 37.60 37.70 
2016/07/27 37.80 37.80 37.70 37.70 
2016/07/28 38.00 38.00 37.70 37.70 
2016/07/29 37.70 37.80 37.45 37.65 
2016/08/01 38.00 38.50 37.85 38.25 
2016/08/02 38.50 38.60 38.40 38.40 
2016/08/03 38.60 39.00 38.55 39.00 
2016/08/04 37.95 38.00 37.50 37.70 
2016/08/05 38.20 38.65 37.70 37.75 
2016/08/08 37.75 37.90 37.20 37.40 
2016/08/09 38.00 38.00 37.20 37.25 
2016/08/10 37.30 37.30 37.00 37.00 
2016/08/11 37.00 37.00 36.50 36.95 
2016/08/12 36.80 36.95 36.60 36.75 
2016/08/15 37.00 37.00 36.70 36.75 
2016/08/16 36.70 37.00 36.70 36.90 
2016/08/17 36.90 37.00 36.80 36.85 
2016/08/18 37.00 37.10 36.90 37.05 
2016/08/19 37.10 37.10 36.90 37.00 
2016/08/22 37.00 37.00 36.80 36.85 
2016/08/23 37.00 37.50 36.85 36.90 
2016/08/24 37.00 37.00 36.85 36.85 
2016/08/25 36.90 37.00 36.85 36.95 
2016/08/26 36.95 37.15 36.95 37.15 
2016/08/29 37.30 37.30 37.10 37.20 
2016/08/30 37.30 37.45 37.20 37.20 
2016/08/31 37.20 37.20 37.00 37.05 
2016/09/01 36.85 37.15 36.80 37.00 
2016/09/02 37.00 37.20 36.95 37.20 
2016/09/05 37.00 37.10 36.85 37.00 
2016/09/06 37.00 37.10 36.85 37.00 
2016/09/07 37.00 37.00 36.85 36.85 
2016/09/08 37.00 37.10 36.90 36.90 
2016/09/09 36.90 37.05 36.85 36.95 
2016/09/10 36.90 36.95 36.80 36.85 
2016/09/12 36.80 36.85 36.55 36.55 
2016/09/13 36.85 36.85 36.50 36.55 
2016/09/14 36.40 36.45 36.35 36.40 
2016/09/19 36.45 36.70 36.40 36.50 
2016/09/20 36.55 36.70 36.50 36.55 
2016/09/21 36.60 36.85 36.60 36.70 
2016/09/22 36.70 36.80 36.65 36.80 
2016/09/23 37.00 37.00 36.60 36.70 
2016/09/26 36.60 36.70 36.55 36.60 
2016/09/29 36.80 36.95 36.50 36.55 
2016/09/30 36.55 36.55 36.45 36.45 
2016/10/03 36.50 36.55 36.40 36.50 
2016/10/04 36.50 36.50 36.45 36.50 
2016/10/05 36.45 36.60 36.45 36.60 
2016/10/06 36.50 36.55 36.40 36.40 
2016/10/07 36.35 36.50 36.30 36.45 
2016/10/11 36.45 36.55 36.30 36.30 
2016/10/12 36.20 36.45 36.20 36.40 
2016/10/13 36.50 36.50 36.20 36.25 
2016/10/14 36.25 36.25 36.10 36.10 
2016/10/17 36.05 36.30 36.00 36.10 
2016/10/18 36.10 36.30 36.05 36.20 
2016/10/19 36.45 36.45 36.10 36.20 
2016/10/20 36.20 36.25 36.10 36.20 
2016/10/21 36.20 36.40 36.10 36.10 
2016/10/24 36.10 36.30 36.05 36.05 
2016/10/25 36.05 36.15 36.05 36.10 
2016/10/26 36.30 36.30 36.10 36.30 
2016/10/27 36.30 36.30 36.15 36.25 
2016/10/28 36.30 36.30 36.00 36.20 
2016/10/31 36.45 36.60 36.35 36.50 
2016/11/01 36.70 36.80 36.55 36.60 
2016/11/02 36.85 36.85 36.55 36.55 
2016/11/03 36.40 36.60 36.40 36.55 
2016/11/04 36.40 36.55 36.25 36.30 
2016/11/07 36.30 36.50 36.30 36.35 
2016/11/08 36.30 36.40 36.25 36.30 
2016/11/09 36.20 36.40 35.90 35.90 
2016/11/10 36.60 36.70 36.25 36.65 
2016/11/11 36.50 36.60 36.30 36.45 
2016/11/14 36.45 36.50 36.30 36.35 
2016/11/15 36.45 36.45 36.15 36.40 
2016/11/16 36.40 36.45 36.20 36.30 
2016/11/17 36.30 36.40 36.25 36.40 
2016/11/18 36.50 36.70 36.40 36.50 
2016/11/21 36.60 36.85 36.50 36.75 
2016/11/22 36.75 37.35 36.75 37.35 
2016/11/23 37.30 37.60 37.30 37.40 
2016/11/24 37.40 37.65 37.40 37.50 
2016/11/25 37.45 37.50 37.35 37.40 
2016/11/28 37.40 37.40 37.15 37.35 
2016/11/29 37.35 37.40 37.25 37.30 
2016/11/30 37.80 37.80 37.35 37.60 
2016/12/01 37.60 37.70 37.45 37.60 
2016/12/02 37.75 37.90 37.70 37.80 
2016/12/05 37.85 38.05 37.85 38.00 
2016/12/06 38.05 38.20 38.05 38.15 
2016/12/07 38.50 38.60 38.05 38.10 
2016/12/08 38.00 38.10 37.95 38.00 
2016/12/09 38.00 38.10 37.95 38.00 
2016/12/12 38.10 38.40 38.00 38.05 
2016/12/13 38.10 38.25 38.10 38.20 
2016/12/14 38.25 38.45 38.25 38.40 
2016/12/15 38.50 38.85 38.50 38.65 
2016/12/16 38.80 39.00 38.70 38.75 
2016/12/19 38.90 38.90 38.60 38.65 
2016/12/20 38.45 38.70 38.40 38.40 
2016/12/21 38.40 38.40 38.00 38.00 
2016/12/22 38.05 38.25 38.00 38.00 
2016/12/23 38.05 38.10 38.00 38.05 
2016/12/26 38.10 38.35 37.90 38.00 
2016/12/27 38.00 38.20 37.95 38.20 
2016/12/28 38.30 38.40 38.05 38.05 
2016/12/29 38.10 38.25 37.90 38.05 
2016/12/30 38.05 38.20 38.05 38.10 
2017/01/03 38.30 38.30 38.00 38.00 
2017/01/04 38.00 38.15 38.00 38.05 
2017/01/05 38.05 38.25 38.05 38.25 
2017/01/06 38.20 38.45 38.10 38.15 
2017/01/09 38.05 38.30 38.05 38.20 
2017/01/10 38.10 38.20 38.05 38.05 
2017/01/11 38.10 38.10 38.00 38.05 
2017/01/12 38.10 38.30 38.05 38.05 
2017/01/13 38.05 38.15 38.05 38.05 
2017/01/16 38.10 38.25 38.10 38.10 
2017/01/17 38.10 38.10 38.05 38.05 
2017/01/18 38.10 38.15 38.05 38.10 
2017/01/19 38.10 38.15 38.05 38.15 
2017/01/20 38.25 38.25 38.00 38.15 
2017/01/23 38.35 38.35 38.05 38.20 
2017/01/24 38.10 38.30 38.05 38.10 
2017/02/02 38.20 38.30 38.10 38.10 
2017/02/03 38.10 38.35 38.10 38.25 
2017/02/06 38.45 38.55 38.40 38.40 
2017/02/07 38.40 38.40 38.30 38.40 
2017/02/08 38.40 38.50 38.30 38.45 
