2016/07/01 12.90 12.95 12.90 12.95 
2016/07/04 12.85 13.00 12.85 13.00 
2016/07/05 13.00 13.00 12.85 12.95 
2016/07/06 13.00 13.05 12.95 13.00 
2016/07/07 13.10 13.40 13.10 13.35 
2016/07/11 13.20 13.20 13.00 13.00 
2016/07/12 13.15 13.15 13.00 13.00 
2016/07/13 13.05 13.05 13.00 13.00 
2016/07/14 13.00 13.05 13.00 13.05 
2016/07/15 13.05 13.20 13.05 13.20 
2016/07/18 13.05 13.20 13.05 13.20 
2016/07/19 13.05 13.15 13.00 13.05 
2016/07/20 13.15 13.35 13.10 13.10 
2016/07/21 13.00 13.15 13.00 13.15 
2016/07/22 13.05 13.20 13.00 13.10 
2016/07/25 13.10 13.10 13.00 13.00 
2016/07/26 13.00 13.00 13.00 13.00 
2016/07/27 13.05 13.10 13.00 13.05 
2016/07/28 13.10 13.10 12.95 13.05 
2016/07/29 13.00 13.00 12.90 12.90 
2016/08/01 12.95 13.05 12.90 13.05 
2016/08/02 13.10 13.10 12.95 13.05 
2016/08/03 13.10 13.20 13.05 13.20 
2016/08/04 13.40 14.10 13.25 13.85 
2016/08/05 13.85 13.85 13.50 13.60 
2016/08/08 13.50 13.55 13.25 13.25 
2016/08/09 13.30 13.30 13.15 13.20 
2016/08/10 13.30 13.55 13.25 13.25 
2016/08/11 13.40 13.40 13.00 13.15 
2016/08/12 13.15 13.25 13.10 13.10 
2016/08/15 13.10 13.15 13.10 13.10 
2016/08/16 13.05 13.10 13.05 13.10 
2016/08/17 13.10 13.20 13.10 13.20 
2016/08/18 13.50 13.70 13.30 13.30 
2016/08/19 13.35 13.55 13.35 13.50 
2016/08/22 13.45 13.45 13.30 13.40 
2016/08/23 13.50 13.50 13.15 13.40 
2016/08/24 13.50 13.50 13.30 13.30 
2016/08/25 13.15 13.35 13.15 13.15 
2016/08/26 13.10 13.20 13.10 13.15 
2016/08/29 13.45 13.50 13.25 13.25 
2016/08/30 13.50 14.00 13.45 13.55 
2016/08/31 13.60 13.70 13.40 13.40 
2016/09/01 13.60 13.70 13.45 13.55 
2016/09/02 13.65 14.15 13.50 13.65 
2016/09/05 13.75 14.30 13.75 13.90 
2016/09/06 13.90 13.95 13.70 13.70 
2016/09/07 13.70 13.80 13.40 13.40 
2016/09/08 13.60 13.60 13.45 13.50 
2016/09/09 13.45 13.55 13.35 13.35 
2016/09/10 13.30 13.55 13.30 13.45 
2016/09/12 13.45 13.70 13.45 13.60 
2016/09/13 13.75 13.75 13.45 13.50 
2016/09/14 13.50 13.60 13.45 13.50 
2016/09/19 13.50 13.50 13.40 13.40 
2016/09/20 13.40 13.50 13.30 13.40 
2016/09/21 13.60 13.70 13.50 13.50 
2016/09/22 13.55 13.65 13.45 13.45 
2016/09/23 13.45 13.55 13.45 13.50 
2016/09/26 13.60 13.70 13.50 13.70 
2016/09/29 14.05 14.10 13.50 13.50 
2016/09/30 13.50 13.60 13.50 13.50 
2016/10/03 13.50 13.60 13.40 13.40 
2016/10/04 13.50 13.60 13.35 13.40 
2016/10/05 13.45 13.50 13.35 13.35 
2016/10/06 13.50 13.50 13.35 13.35 
2016/10/07 13.45 13.45 13.30 13.30 
2016/10/11 13.45 13.45 13.20 13.30 
2016/10/12 13.30 13.40 13.30 13.30 
2016/10/13 13.30 13.35 13.20 13.20 
2016/10/14 13.20 13.35 13.10 13.10 
2016/10/17 13.15 13.25 13.10 13.15 
2016/10/18 13.20 13.30 13.20 13.30 
2016/10/19 13.30 13.40 13.15 13.25 
2016/10/20 13.20 13.35 13.20 13.30 
2016/10/21 13.20 13.55 13.20 13.40 
2016/10/24 13.50 13.50 13.30 13.40 
2016/10/25 13.30 13.55 13.30 13.30 
2016/10/26 13.45 13.50 13.45 13.45 
2016/10/27 13.40 13.50 13.30 13.30 
2016/10/28 13.40 13.45 13.35 13.40 
2016/10/31 13.40 13.40 13.40 13.40 
2016/11/01 13.40 13.50 13.40 13.45 
2016/11/02 13.45 13.50 13.40 13.40 
2016/11/03 13.50 13.50 13.35 13.45 
2016/11/04 13.50 13.50 13.35 13.45 
2016/11/07 13.45 13.45 13.35 13.45 
2016/11/08 13.45 13.45 13.30 13.30 
2016/11/09 13.35 13.40 12.85 12.90 
2016/11/10 13.05 13.20 13.05 13.15 
2016/11/11 13.10 13.10 13.00 13.05 
2016/11/14 12.85 13.30 12.85 13.30 
2016/11/15 13.30 13.30 13.05 13.10 
2016/11/16 13.15 13.15 13.00 13.15 
2016/11/17 13.10 13.10 13.00 13.05 
2016/11/18 13.15 13.40 13.10 13.30 
2016/11/21 13.25 13.30 13.10 13.15 
2016/11/22 13.10 13.25 13.05 13.05 
2016/11/23 13.15 13.20 13.00 13.10 
2016/11/24 13.15 13.20 13.05 13.05 
2016/11/25 13.10 13.10 13.05 13.05 
2016/11/28 13.15 13.45 13.15 13.35 
2016/11/29 13.40 13.50 13.35 13.40 
2016/11/30 13.75 14.10 13.50 13.75 
2016/12/01 13.75 13.75 13.50 13.60 
2016/12/02 13.90 13.90 13.70 13.70 
2016/12/05 13.70 13.90 13.60 13.65 
2016/12/06 13.80 13.80 13.55 13.65 
2016/12/07 13.70 13.70 13.35 13.40 
2016/12/08 13.55 13.55 13.35 13.35 
2016/12/09 13.45 13.45 13.35 13.40 
2016/12/12 13.50 13.50 13.30 13.30 
2016/12/13 13.35 13.45 13.30 13.30 
2016/12/14 13.40 13.50 13.40 13.45 
2016/12/15 13.45 13.50 13.40 13.50 
2016/12/16 13.50 13.60 13.50 13.55 
2016/12/19 13.55 13.60 13.40 13.40 
2016/12/20 13.60 13.60 13.35 13.45 
2016/12/21 13.45 13.50 13.45 13.50 
2016/12/22 13.50 13.65 13.45 13.50 
2016/12/23 13.50 13.50 13.45 13.50 
2016/12/26 13.50 13.50 13.40 13.40 
2016/12/27 13.45 13.45 13.40 13.40 
2016/12/28 13.60 13.65 13.40 13.45 
2016/12/29 13.35 13.55 13.35 13.55 
2016/12/30 13.55 13.55 13.40 13.45 
2017/01/03 13.50 13.70 13.45 13.55 
2017/01/04 13.60 13.75 13.50 13.70 
2017/01/05 13.90 13.95 13.65 13.65 
2017/01/06 13.65 13.65 13.55 13.55 
2017/01/09 13.60 13.65 13.50 13.55 
2017/01/10 13.65 13.70 13.50 13.55 
2017/01/11 13.50 13.55 13.50 13.50 
2017/01/12 13.50 13.50 13.45 13.45 
2017/01/13 13.50 13.50 13.40 13.50 
2017/01/16 13.50 13.50 13.40 13.45 
2017/01/17 13.45 13.50 13.40 13.40 
2017/01/18 13.50 13.60 13.45 13.50 
2017/01/19 13.40 13.50 13.40 13.40 
2017/01/20 13.45 13.45 13.35 13.35 
2017/01/23 13.40 13.40 13.30 13.35 
2017/01/24 13.30 13.40 13.30 13.30 
2017/02/02 13.20 13.30 13.20 13.20 
2017/02/03 13.20 13.30 13.15 13.30 
2017/02/06 13.90 13.90 13.50 13.50 
2017/02/07 13.70 13.75 13.50 13.50 
2017/02/08 13.65 13.70 13.55 13.60 
