2016/07/01 27.00 27.05 26.90 26.90 
2016/07/04 27.00 27.10 26.60 26.95 
2016/07/05 26.90 27.50 26.90 27.40 
2016/07/06 27.35 27.35 27.05 27.15 
2016/07/07 27.30 27.40 27.05 27.05 
2016/07/11 27.30 27.30 27.15 27.20 
2016/07/12 27.25 27.35 27.20 27.25 
2016/07/13 27.40 27.50 27.25 27.45 
2016/07/14 27.40 27.45 27.30 27.45 
2016/07/15 27.40 27.60 27.35 27.55 
2016/07/18 27.70 28.50 27.70 28.45 
2016/07/19 28.80 28.80 28.20 28.30 
2016/07/20 28.30 28.70 28.10 28.10 
2016/07/21 28.30 28.45 28.25 28.25 
2016/07/22 28.25 28.30 28.10 28.10 
2016/07/25 28.20 28.30 27.80 27.80 
2016/07/26 27.80 28.00 27.80 27.90 
2016/07/27 27.90 28.00 27.80 27.80 
2016/07/28 27.70 28.00 27.70 27.75 
2016/07/29 27.75 27.80 27.55 27.60 
2016/08/01 27.60 27.80 27.40 27.50 
2016/08/02 27.50 27.60 27.45 27.50 
2016/08/03 27.20 27.40 27.10 27.25 
2016/08/04 27.30 27.60 27.30 27.35 
2016/08/05 27.35 27.60 27.35 27.35 
2016/08/08 27.50 28.00 27.50 27.90 
2016/08/09 27.90 27.90 27.40 27.55 
2016/08/10 27.65 27.65 27.35 27.45 
2016/08/11 27.35 27.45 27.10 27.10 
2016/08/12 26.95 27.35 26.95 27.20 
2016/08/15 27.20 27.30 27.05 27.20 
2016/08/16 27.45 27.45 26.95 27.05 
2016/08/17 27.05 27.30 26.85 27.15 
2016/08/18 27.05 27.05 26.90 27.05 
2016/08/19 27.00 27.20 26.90 26.95 
2016/08/22 27.30 27.30 26.90 26.90 
2016/08/23 27.05 27.05 26.80 26.85 
2016/08/24 26.85 26.90 26.70 26.70 
2016/08/25 26.60 26.90 26.55 26.70 
2016/08/26 26.60 26.80 26.60 26.80 
2016/08/29 27.00 27.00 26.60 26.70 
2016/08/30 26.80 26.80 26.65 26.70 
2016/08/31 26.70 26.70 26.50 26.65 
2016/09/01 25.70 25.70 25.40 25.60 
2016/09/02 25.60 25.65 25.50 25.50 
2016/09/05 25.70 25.80 25.65 25.75 
2016/09/06 25.80 25.80 25.70 25.75 
2016/09/07 25.75 25.95 25.70 25.85 
2016/09/08 26.00 26.05 25.70 26.00 
2016/09/09 26.00 26.55 25.85 26.45 
2016/09/10 26.40 26.40 25.95 26.10 
2016/09/12 26.10 26.25 26.00 26.00 
2016/09/13 26.10 26.10 25.70 25.85 
2016/09/14 25.70 26.00 25.55 25.90 
2016/09/19 26.00 26.20 25.90 26.05 
2016/09/20 26.25 26.25 26.05 26.10 
2016/09/21 26.10 26.40 26.10 26.30 
2016/09/22 26.45 27.15 26.15 26.55 
2016/09/23 26.60 26.90 26.55 26.65 
2016/09/26 26.65 26.70 26.35 26.35 
2016/09/29 26.25 26.50 26.25 26.45 
2016/09/30 26.45 26.45 26.25 26.30 
2016/10/03 26.35 26.35 26.05 26.15 
2016/10/04 26.05 26.30 26.00 26.25 
2016/10/05 26.10 26.30 26.00 26.05 
2016/10/06 26.25 26.25 26.05 26.15 
2016/10/07 26.25 26.25 25.95 25.95 
2016/10/11 25.95 26.00 25.55 25.65 
2016/10/12 25.60 25.75 25.60 25.75 
2016/10/13 25.70 25.70 25.30 25.65 
2016/10/14 25.50 25.85 25.40 25.60 
2016/10/17 25.60 26.10 25.60 25.90 
2016/10/18 25.95 26.20 25.95 26.00 
2016/10/19 26.00 26.10 25.80 25.90 
2016/10/20 26.00 26.00 25.85 25.90 
2016/10/21 25.90 26.20 25.75 25.80 
2016/10/24 26.00 26.10 25.85 25.90 
2016/10/25 25.90 25.90 25.75 25.90 
2016/10/26 25.90 25.90 25.60 25.65 
2016/10/27 25.60 25.85 25.60 25.80 
2016/10/28 25.80 25.80 25.60 25.65 
2016/10/31 25.60 25.65 25.50 25.55 
2016/11/01 25.50 25.55 25.40 25.50 
2016/11/02 25.35 25.45 25.05 25.05 
2016/11/03 25.05 25.15 24.75 24.90 
2016/11/04 24.90 25.05 24.60 24.90 
2016/11/07 24.65 24.90 24.65 24.90 
2016/11/08 24.95 25.00 24.70 24.95 
2016/11/09 24.95 24.95 24.00 24.00 
2016/11/10 24.20 24.90 24.20 24.45 
2016/11/11 24.50 24.50 24.10 24.20 
2016/11/14 24.00 24.10 23.60 23.75 
2016/11/15 24.00 24.10 23.50 23.70 
2016/11/16 23.70 23.90 23.50 23.90 
2016/11/17 23.85 23.85 23.70 23.80 
2016/11/18 23.90 24.15 23.90 24.05 
2016/11/21 24.05 24.30 23.85 24.05 
2016/11/22 24.05 24.30 24.00 24.10 
2016/11/23 24.10 24.30 24.10 24.10 
2016/11/24 24.10 24.45 24.10 24.15 
2016/11/25 24.20 24.35 24.10 24.10 
2016/11/28 24.00 24.10 23.85 23.85 
2016/11/29 23.85 23.85 23.60 23.70 
2016/11/30 23.70 24.00 23.70 23.75 
2016/12/01 23.95 24.00 23.75 23.90 
2016/12/02 24.00 24.30 23.80 24.05 
2016/12/05 24.00 24.10 23.90 23.90 
2016/12/06 24.10 24.15 24.00 24.05 
2016/12/07 24.10 24.10 23.90 23.90 
2016/12/08 24.00 24.00 23.85 24.00 
2016/12/09 24.10 24.30 24.00 24.25 
2016/12/12 24.25 24.60 24.25 24.60 
2016/12/13 24.80 25.00 24.65 24.80 
2016/12/14 25.00 25.00 24.60 24.60 
2016/12/15 24.50 24.50 24.30 24.50 
2016/12/16 24.50 24.60 24.35 24.45 
2016/12/19 24.40 24.45 24.30 24.35 
2016/12/20 24.35 24.35 24.20 24.20 
2016/12/21 24.20 24.25 24.00 24.20 
2016/12/22 24.20 24.40 24.05 24.10 
2016/12/23 24.30 24.30 24.05 24.15 
2016/12/26 24.30 24.65 24.20 24.50 
2016/12/27 24.65 24.65 24.25 24.30 
2016/12/28 24.30 24.35 24.15 24.20 
2016/12/29 24.20 24.20 24.05 24.10 
2016/12/30 24.25 24.30 24.10 24.15 
2017/01/03 24.30 24.30 24.05 24.10 
2017/01/04 24.10 24.25 24.05 24.20 
2017/01/05 24.10 24.45 24.10 24.45 
2017/01/06 24.45 24.60 24.30 24.45 
2017/01/09 24.45 24.55 24.25 24.30 
2017/01/10 24.25 24.45 24.15 24.15 
2017/01/11 24.30 24.30 24.10 24.15 
2017/01/12 24.15 24.25 24.10 24.20 
2017/01/13 24.20 24.20 24.00 24.10 
2017/01/16 24.05 24.10 24.00 24.05 
2017/01/17 24.05 24.10 24.00 24.10 
2017/01/18 24.10 24.10 24.00 24.10 
2017/01/19 24.00 24.05 24.00 24.05 
2017/01/20 23.95 24.10 23.90 24.10 
2017/01/23 24.10 24.10 23.80 23.95 
2017/01/24 23.95 23.95 23.85 23.95 
2017/02/02 24.10 24.10 23.90 24.00 
2017/02/03 24.10 24.10 24.00 24.00 
2017/02/06 24.00 24.35 23.95 24.25 
2017/02/07 24.25 24.30 24.20 24.30 
2017/02/08 24.30 24.40 24.15 24.35 
