2016/07/01 47.25 47.40 46.80 46.85 
2016/07/04 46.35 46.85 46.30 46.45 
2016/07/05 46.20 47.10 46.10 46.70 
2016/07/06 46.15 46.55 45.95 46.55 
2016/07/07 46.10 46.90 46.10 46.35 
2016/07/11 46.35 46.50 46.05 46.10 
2016/07/12 46.10 46.20 45.90 46.00 
2016/07/13 46.00 46.60 45.95 46.55 
2016/07/14 46.30 46.60 46.25 46.60 
2016/07/15 46.70 47.40 46.70 47.20 
2016/07/18 47.80 47.80 47.25 47.70 
2016/07/19 48.10 48.15 47.60 47.80 
2016/07/20 47.60 47.60 46.95 47.20 
2016/07/21 48.00 48.20 47.45 48.05 
2016/07/22 47.90 48.90 47.75 48.70 
2016/07/25 49.20 49.20 47.80 48.15 
2016/07/26 48.15 48.15 47.80 47.90 
2016/07/27 47.60 48.10 47.35 47.35 
2016/07/28 47.50 47.50 47.05 47.05 
2016/07/29 47.05 47.05 46.70 46.90 
2016/08/01 46.85 46.85 46.55 46.65 
2016/08/02 46.70 47.00 46.60 46.80 
2016/08/03 46.85 46.90 46.05 46.30 
2016/08/04 46.20 47.20 46.20 47.05 
2016/08/05 46.80 46.85 46.50 46.70 
2016/08/08 46.90 47.00 46.10 46.25 
2016/08/09 46.80 46.80 46.10 46.15 
2016/08/10 46.50 46.65 46.40 46.65 
2016/08/11 46.65 46.65 46.15 46.25 
2016/08/12 46.25 46.60 46.15 46.15 
2016/08/15 46.35 46.50 46.15 46.25 
2016/08/16 46.25 46.85 46.25 46.35 
2016/08/17 46.40 46.85 46.35 46.85 
2016/08/18 46.85 47.00 46.75 46.90 
2016/08/19 47.10 47.10 46.70 46.80 
2016/08/22 46.80 47.20 46.40 46.70 
2016/08/23 46.70 46.70 46.30 46.30 
2016/08/24 46.45 47.50 46.30 46.60 
2016/08/25 47.20 47.20 46.75 46.90 
2016/08/26 46.95 46.95 46.60 46.80 
2016/08/29 46.80 46.80 46.45 46.50 
2016/08/30 46.60 46.75 46.45 46.70 
2016/08/31 46.60 46.60 46.20 46.30 
2016/09/01 46.30 46.65 46.30 46.35 
2016/09/02 46.35 47.40 46.35 46.70 
2016/09/05 46.75 48.50 46.75 47.80 
2016/09/06 48.10 49.55 48.05 49.15 
2016/09/07 49.60 50.80 49.35 49.45 
2016/09/08 49.70 49.80 48.85 49.60 
2016/09/09 49.60 49.90 49.25 49.75 
2016/09/10 48.30 48.90 48.20 48.60 
2016/09/12 49.10 49.70 48.50 49.20 
2016/09/13 49.30 49.50 48.60 49.00 
2016/09/14 49.00 49.15 48.45 48.60 
2016/09/19 49.25 49.25 48.80 48.80 
2016/09/20 48.80 49.20 48.80 48.95 
2016/09/21 49.60 49.60 48.60 49.25 
2016/09/22 49.35 49.50 48.70 48.80 
2016/09/23 49.40 51.00 49.30 50.40 
2016/09/26 50.50 51.60 50.00 51.40 
2016/09/29 51.90 52.50 51.00 51.90 
2016/09/30 52.50 52.80 51.60 52.10 
2016/10/03 52.50 52.50 51.70 51.70 
2016/10/04 51.70 52.30 51.20 52.20 
2016/10/05 52.20 52.40 51.80 51.90 
2016/10/06 51.90 52.40 51.60 51.80 
2016/10/07 52.00 52.00 51.10 51.30 
2016/10/11 51.40 51.40 49.20 50.10 
2016/10/12 50.90 50.90 50.00 50.40 
2016/10/13 50.30 50.30 49.70 49.70 
2016/10/14 49.50 49.70 47.60 47.75 
2016/10/17 47.80 48.55 47.80 48.20 
2016/10/18 48.20 48.45 47.70 47.90 
2016/10/19 47.90 48.50 47.80 47.80 
2016/10/20 47.90 48.10 47.85 47.90 
2016/10/21 47.50 47.70 44.65 44.65 
2016/10/24 45.20 46.50 45.20 46.00 
2016/10/25 46.00 46.50 46.00 46.30 
2016/10/26 46.50 46.50 46.05 46.15 
2016/10/27 46.15 46.50 45.90 46.05 
2016/10/28 46.00 46.25 45.85 46.10 
2016/10/31 45.50 45.95 45.50 45.90 
2016/11/01 45.75 45.90 45.50 45.75 
2016/11/02 45.50 45.60 44.05 44.35 
2016/11/03 44.35 44.95 44.30 44.60 
2016/11/04 44.40 44.65 44.20 44.20 
2016/11/07 44.85 45.45 44.65 44.75 
2016/11/08 44.90 45.30 44.50 44.90 
2016/11/09 45.20 45.20 43.85 43.90 
2016/11/10 44.20 45.20 44.20 44.90 
2016/11/11 44.45 45.00 44.45 44.60 
2016/11/14 44.90 44.90 44.00 44.75 
2016/11/15 45.00 45.00 44.50 44.75 
2016/11/16 44.80 45.00 44.60 44.65 
2016/11/17 44.65 44.80 44.25 44.25 
2016/11/18 44.25 45.15 44.25 45.00 
2016/11/21 45.40 45.40 45.00 45.30 
2016/11/22 45.50 45.90 45.50 45.65 
2016/11/23 45.90 46.30 45.70 45.80 
2016/11/24 45.80 46.00 45.15 45.45 
2016/11/25 45.45 45.50 45.25 45.25 
2016/11/28 45.25 45.25 45.00 45.10 
2016/11/29 45.30 45.40 45.00 45.00 
2016/11/30 44.85 45.50 44.85 45.15 
2016/12/01 45.30 45.30 44.60 44.80 
2016/12/02 45.00 45.15 44.60 45.05 
2016/12/05 45.45 45.50 44.80 44.85 
2016/12/06 45.20 46.90 45.20 46.70 
2016/12/07 47.00 47.45 46.80 46.85 
2016/12/08 47.00 47.05 46.30 46.30 
2016/12/09 46.40 46.85 46.30 46.55 
2016/12/12 46.75 46.85 46.00 46.25 
2016/12/13 46.60 46.80 46.35 46.65 
2016/12/14 46.65 47.20 46.50 47.15 
2016/12/15 47.05 47.35 46.80 46.80 
2016/12/16 46.80 46.95 46.60 46.80 
2016/12/19 47.00 47.00 46.45 46.50 
2016/12/20 46.95 47.30 46.50 47.20 
2016/12/21 47.20 47.40 46.75 46.75 
2016/12/22 47.00 47.00 46.30 46.30 
2016/12/23 46.30 46.75 46.10 46.40 
2016/12/26 47.10 47.10 46.50 46.70 
2016/12/27 46.70 46.70 46.35 46.35 
2016/12/28 47.00 47.00 46.50 46.80 
2016/12/29 46.40 46.70 46.35 46.35 
2016/12/30 46.80 46.80 46.20 46.45 
2017/01/03 46.70 46.70 46.15 46.15 
2017/01/04 46.60 46.60 46.15 46.50 
2017/01/05 46.75 46.90 46.40 46.80 
2017/01/06 46.80 47.00 46.70 46.70 
2017/01/09 46.95 46.95 46.45 46.55 
2017/01/10 47.00 47.00 46.40 46.50 
2017/01/11 46.90 46.90 46.35 46.50 
2017/01/12 46.50 46.50 46.10 46.30 
2017/01/13 46.10 46.30 45.85 46.15 
2017/01/16 46.15 46.15 45.50 45.50 
2017/01/17 45.70 45.70 45.45 45.45 
2017/01/18 45.45 45.95 45.20 45.35 
2017/01/19 45.45 45.45 45.15 45.35 
2017/01/20 45.15 45.95 45.00 45.10 
2017/01/23 45.20 45.45 45.00 45.10 
2017/01/24 44.90 45.40 44.90 45.40 
2017/02/02 45.25 45.50 45.15 45.20 
2017/02/03 45.20 45.25 45.10 45.10 
2017/02/06 45.20 45.55 45.20 45.45 
2017/02/07 45.75 45.75 45.55 45.60 
2017/02/08 45.70 45.80 45.30 45.65 
