2016/07/01 42.60 42.60 42.40 42.40 
2016/07/04 42.70 42.70 42.40 42.65 
2016/07/05 42.70 42.70 42.55 42.60 
2016/07/06 42.60 42.60 42.00 42.15 
2016/07/07 42.20 42.60 42.15 42.35 
2016/07/11 42.50 43.30 42.40 43.00 
2016/07/12 43.00 43.45 42.85 43.35 
2016/07/13 43.50 43.50 43.25 43.35 
2016/07/14 43.35 43.35 43.05 43.20 
2016/07/15 43.30 43.55 43.10 43.55 
2016/07/18 43.60 43.60 43.30 43.35 
2016/07/19 43.65 44.20 43.35 44.20 
2016/07/20 44.10 44.30 43.80 43.95 
2016/07/21 43.90 44.30 43.90 44.05 
2016/07/22 44.05 44.35 44.05 44.10 
2016/07/25 44.00 44.15 43.25 43.90 
2016/07/26 43.90 43.95 43.80 43.90 
2016/07/27 43.70 43.90 43.70 43.70 
2016/07/28 43.70 44.00 43.70 43.70 
2016/07/29 43.80 44.00 43.65 43.80 
2016/08/01 43.90 44.00 43.85 44.00 
2016/08/02 44.00 44.05 43.85 43.95 
2016/08/03 43.95 44.10 43.80 44.10 
2016/08/04 44.10 44.50 44.00 44.25 
2016/08/05 44.50 44.70 44.25 44.30 
2016/08/08 44.40 45.00 44.40 44.80 
2016/08/09 44.90 44.90 44.60 44.70 
2016/08/10 46.30 46.80 46.05 46.30 
2016/08/11 46.40 46.60 46.05 46.20 
2016/08/12 46.30 47.15 46.30 46.75 
2016/08/15 46.95 47.80 46.95 47.70 
2016/08/16 47.80 48.65 47.60 47.70 
2016/08/17 47.50 47.50 46.00 47.00 
2016/08/18 47.00 47.60 47.00 47.50 
2016/08/19 47.50 48.15 47.50 47.50 
2016/08/22 47.50 47.75 46.10 46.65 
2016/08/23 46.60 47.15 46.20 47.00 
2016/08/24 47.00 47.00 46.80 47.00 
2016/08/25 46.70 47.90 46.70 47.70 
2016/08/26 47.75 48.50 47.75 48.20 
2016/08/29 48.20 48.20 47.70 48.15 
2016/08/30 48.00 48.20 48.00 48.15 
2016/08/31 48.15 48.45 48.00 48.10 
2016/09/01 48.00 48.40 47.95 48.15 
2016/09/02 48.15 48.40 47.50 47.60 
2016/09/05 47.80 48.05 47.80 48.00 
2016/09/06 48.00 48.00 47.50 47.50 
2016/09/07 48.00 48.00 47.60 47.95 
2016/09/08 47.95 47.95 47.60 47.80 
2016/09/09 48.00 48.00 47.60 47.95 
2016/09/10 47.70 48.00 47.70 47.90 
2016/09/12 47.85 47.95 47.60 47.60 
2016/09/13 47.70 47.75 46.65 47.35 
2016/09/14 47.30 47.30 46.80 47.15 
2016/09/19 47.35 47.65 47.00 47.30 
2016/09/20 47.50 47.50 47.20 47.40 
2016/09/21 47.60 48.55 47.50 48.30 
2016/09/22 48.60 48.80 48.10 48.10 
2016/09/23 48.30 48.30 47.80 47.80 
2016/09/26 47.80 47.95 47.70 47.90 
2016/09/29 48.00 48.50 48.00 48.10 
2016/09/30 48.00 48.30 48.00 48.30 
2016/10/03 48.35 48.40 48.10 48.10 
2016/10/04 48.05 48.40 48.05 48.40 
2016/10/05 48.40 48.50 48.35 48.45 
2016/10/06 48.50 48.50 48.35 48.50 
2016/10/07 48.60 48.60 48.45 48.50 
2016/10/11 48.55 48.55 47.55 48.40 
2016/10/12 48.20 48.20 47.90 48.00 
2016/10/13 48.10 48.80 48.00 48.80 
2016/10/14 48.80 48.80 48.20 48.30 
2016/10/17 48.50 48.50 48.00 48.30 
2016/10/18 48.50 48.50 48.30 48.45 
2016/10/19 48.45 48.90 48.30 48.75 
2016/10/20 49.10 50.30 48.75 50.00 
2016/10/21 50.40 51.30 49.70 50.50 
2016/10/24 51.00 51.50 50.60 50.60 
2016/10/25 50.70 50.70 50.30 50.50 
2016/10/26 50.60 51.60 50.60 51.50 
2016/10/27 51.50 53.80 51.50 52.80 
2016/10/28 53.80 53.80 51.30 51.90 
2016/10/31 52.00 52.30 51.60 51.90 
2016/11/01 51.90 51.90 51.20 51.60 
2016/11/02 51.60 51.60 50.00 50.20 
2016/11/03 50.20 50.80 49.70 50.00 
2016/11/04 50.00 50.50 50.00 50.00 
2016/11/07 50.00 50.80 50.00 50.60 
2016/11/08 50.50 51.10 50.50 51.10 
2016/11/09 51.00 51.10 49.80 50.00 
2016/11/10 51.00 51.90 50.50 50.70 
2016/11/11 51.30 51.70 50.70 51.30 
2016/11/14 51.20 51.70 51.00 51.40 
2016/11/15 51.40 52.00 51.40 52.00 
2016/11/16 52.10 52.80 51.80 51.90 
2016/11/17 52.40 52.40 52.00 52.20 
2016/11/18 52.10 52.20 51.50 51.80 
2016/11/21 51.80 52.00 51.60 51.60 
2016/11/22 51.50 51.80 51.20 51.40 
2016/11/23 51.50 51.80 51.30 51.50 
2016/11/24 51.50 51.60 51.00 51.40 
2016/11/25 51.70 52.10 51.30 52.10 
2016/11/28 52.00 52.70 51.70 52.20 
2016/11/29 52.20 52.20 52.00 52.20 
2016/11/30 52.20 52.80 52.00 52.20 
2016/12/01 52.00 52.60 52.00 52.20 
2016/12/02 52.40 52.40 52.00 52.20 
2016/12/05 52.20 52.70 52.20 52.50 
2016/12/06 52.50 52.90 52.10 52.80 
2016/12/07 53.00 53.00 52.70 52.90 
2016/12/08 53.00 53.20 52.80 53.00 
2016/12/09 53.10 53.80 53.10 53.70 
2016/12/12 54.00 55.40 53.50 54.70 
2016/12/13 54.70 54.80 54.20 54.80 
2016/12/14 55.30 55.40 54.80 55.00 
2016/12/15 54.90 54.90 54.50 54.50 
2016/12/16 54.50 54.50 53.80 54.00 
2016/12/19 54.20 54.40 53.00 53.10 
2016/12/20 53.30 54.00 53.30 54.00 
2016/12/21 54.00 54.00 53.10 53.40 
2016/12/22 53.40 53.40 53.10 53.40 
2016/12/23 53.50 53.90 53.40 53.40 
2016/12/26 53.20 53.60 53.20 53.60 
2016/12/27 53.60 53.60 53.20 53.30 
2016/12/28 53.20 54.00 53.10 53.60 
2016/12/29 53.60 53.70 53.30 53.30 
2016/12/30 53.30 53.80 53.10 53.50 
2017/01/03 53.50 54.50 53.50 54.50 
2017/01/04 54.50 54.80 54.10 54.70 
2017/01/05 54.50 54.50 54.20 54.50 
2017/01/06 54.40 54.70 54.40 54.70 
2017/01/09 54.60 54.60 54.40 54.40 
2017/01/10 54.50 55.00 54.50 55.00 
2017/01/11 55.00 55.00 54.50 54.50 
2017/01/12 55.00 55.00 54.20 54.90 
2017/01/13 54.90 55.00 54.60 55.00 
2017/01/16 55.00 55.00 54.50 54.50 
2017/01/17 54.40 54.40 53.70 54.00 
2017/01/18 54.00 54.50 53.80 54.50 
2017/01/19 54.50 54.50 53.90 54.50 
2017/01/20 54.50 54.60 54.30 54.60 
2017/01/23 54.60 54.60 54.10 54.30 
2017/01/24 54.30 54.30 54.00 54.00 
2017/02/02 54.00 54.50 54.00 54.00 
2017/02/03 54.10 54.40 54.00 54.00 
2017/02/06 54.20 54.20 53.90 54.10 
2017/02/07 54.10 54.80 54.10 54.60 
2017/02/08 54.60 54.90 54.50 54.70 
