2016/07/01 106.00 106.00 103.50 103.50 
2016/07/04 104.50 106.00 102.50 106.00 
2016/07/05 107.50 111.50 106.00 106.00 
2016/07/06 106.00 107.00 104.50 106.00 
2016/07/07 107.00 107.00 103.00 103.00 
2016/07/11 104.00 104.50 103.00 104.00 
2016/07/12 104.50 104.50 103.00 103.00 
2016/07/13 103.00 105.50 103.00 105.50 
2016/07/14 105.50 106.00 103.00 104.00 
2016/07/15 104.00 105.00 104.00 104.50 
2016/07/18 105.00 106.00 104.50 105.50 
2016/07/19 106.00 106.50 103.00 104.00 
2016/07/20 104.50 105.00 102.00 103.00 
2016/07/21 103.50 104.00 102.00 103.00 
2016/07/22 103.00 103.00 101.50 101.50 
2016/07/25 103.00 103.00 100.50 101.00 
2016/07/26 101.00 102.00 100.50 102.00 
2016/07/27 102.50 102.50 100.00 100.50 
2016/07/28 97.50 98.00 96.30 98.00 
2016/07/29 97.50 98.00 97.10 98.00 
2016/08/01 97.90 98.20 97.20 98.00 
2016/08/02 97.80 98.00 97.20 97.20 
2016/08/03 97.70 97.70 96.60 97.40 
2016/08/04 97.00 97.00 95.60 95.70 
2016/08/05 95.80 96.20 95.50 95.80 
2016/08/08 95.00 95.00 91.50 94.80 
2016/08/09 94.90 95.00 93.00 94.40 
2016/08/10 94.90 95.30 94.20 94.90 
2016/08/11 95.00 95.00 93.40 94.80 
2016/08/12 95.40 95.60 94.50 95.60 
2016/08/15 95.60 95.70 95.00 95.70 
2016/08/16 95.80 96.00 95.00 95.80 
2016/08/17 96.00 96.00 94.20 95.70 
2016/08/18 95.80 95.80 94.20 95.40 
2016/08/19 95.70 96.00 94.60 96.00 
2016/08/22 96.40 96.40 94.50 96.40 
2016/08/23 96.50 96.60 95.00 96.30 
2016/08/24 96.40 96.40 95.30 96.00 
2016/08/25 95.90 100.00 95.50 99.90 
2016/08/26 100.00 100.50 98.40 99.90 
2016/08/29 100.00 100.00 98.60 100.00 
2016/08/30 100.00 101.00 98.30 101.00 
2016/08/31 100.00 101.00 99.00 99.90 
2016/09/01 99.00 100.00 99.00 100.00 
2016/09/02 100.00 100.00 99.10 100.00 
2016/09/05 99.50 100.50 99.50 100.50 
2016/09/06 99.50 100.50 99.40 99.40 
2016/09/07 99.80 99.80 98.50 99.70 
2016/09/08 99.90 100.00 98.60 99.70 
2016/09/09 99.70 99.70 98.40 98.50 
2016/09/10 98.00 99.00 96.60 98.70 
2016/09/12 99.90 99.90 99.00 99.20 
2016/09/13 99.50 99.50 97.90 99.10 
2016/09/14 98.20 99.20 98.20 98.30 
2016/09/19 98.80 99.30 98.20 99.30 
2016/09/20 98.50 99.50 98.50 99.40 
2016/09/21 99.40 99.60 98.70 99.60 
2016/09/22 99.00 99.70 98.50 99.30 
2016/09/23 99.60 99.60 98.40 99.30 
2016/09/26 99.40 99.40 98.60 99.40 
2016/09/29 98.70 99.50 98.70 99.50 
2016/09/30 99.50 99.60 99.10 99.10 
2016/10/03 99.20 99.40 98.00 98.40 
2016/10/04 98.40 98.80 98.00 98.70 
2016/10/05 98.80 98.80 97.60 97.70 
2016/10/06 97.70 98.50 96.60 97.20 
2016/10/07 97.10 97.40 95.20 95.20 
2016/10/11 95.80 95.80 93.60 94.20 
2016/10/12 93.40 94.50 93.40 93.60 
2016/10/13 93.90 94.30 93.00 93.00 
2016/10/14 93.00 94.00 91.40 92.20 
2016/10/17 93.30 93.30 91.50 92.90 
2016/10/18 92.80 93.40 92.80 93.40 
2016/10/19 93.00 93.80 92.80 93.80 
2016/10/20 93.80 95.00 93.80 94.50 
2016/10/21 94.70 94.70 94.00 94.70 
2016/10/24 94.50 96.90 93.50 96.90 
2016/10/25 97.10 98.00 96.70 98.00 
2016/10/26 98.10 98.60 97.30 98.40 
2016/10/27 98.50 98.60 97.40 98.20 
2016/10/28 98.20 98.60 98.00 98.40 
2016/10/31 98.40 98.50 97.70 97.70 
2016/11/01 97.70 97.80 94.50 95.10 
2016/11/02 94.60 96.00 94.40 95.50 
2016/11/03 95.50 95.80 94.60 95.50 
2016/11/04 95.50 96.00 95.50 95.80 
2016/11/07 95.10 96.10 95.10 96.00 
2016/11/08 96.50 96.60 95.20 96.00 
2016/11/09 96.10 96.10 93.80 95.00 
2016/11/10 94.00 96.60 94.00 96.60 
2016/11/11 96.60 96.80 95.30 95.80 
2016/11/14 95.00 96.10 95.00 95.50 
2016/11/15 95.70 98.00 94.60 98.00 
2016/11/16 98.00 98.60 97.00 98.60 
2016/11/17 98.50 98.80 98.00 98.50 
2016/11/18 98.50 98.80 98.00 98.80 
2016/11/21 98.80 99.50 98.00 99.30 
2016/11/22 98.60 99.70 98.60 99.40 
2016/11/23 99.00 99.60 99.00 99.40 
2016/11/24 99.10 99.40 98.50 99.20 
2016/11/25 99.00 99.30 97.70 99.00 
2016/11/28 99.00 99.10 98.30 98.80 
2016/11/29 98.80 98.80 98.00 98.80 
2016/11/30 98.00 98.80 98.00 98.80 
2016/12/01 98.80 99.20 98.80 99.20 
2016/12/02 98.90 99.20 98.30 99.20 
2016/12/05 98.40 99.30 98.30 99.30 
2016/12/06 100.00 100.00 98.10 99.30 
2016/12/07 99.30 99.70 98.60 99.20 
2016/12/08 99.00 99.30 98.00 98.60 
2016/12/09 98.90 99.10 98.00 98.90 
2016/12/12 100.00 100.00 99.30 99.40 
2016/12/13 98.40 99.00 97.90 99.00 
2016/12/14 98.90 98.90 98.00 98.70 
2016/12/15 99.90 99.90 97.60 97.60 
2016/12/16 97.60 99.10 97.60 98.50 
2016/12/19 97.40 98.30 97.30 98.30 
2016/12/20 98.30 98.40 97.50 98.20 
2016/12/21 97.50 98.20 97.00 98.20 
2016/12/22 97.20 98.10 97.00 98.10 
2016/12/23 98.10 98.20 96.80 96.80 
2016/12/26 96.60 97.00 96.60 97.00 
2016/12/27 97.40 97.40 96.50 97.40 
2016/12/28 97.50 97.70 96.60 97.50 
2016/12/29 97.30 97.30 95.50 95.50 
2016/12/30 95.40 97.20 95.40 97.20 
2017/01/03 97.00 97.80 96.00 97.30 
2017/01/04 97.00 97.20 96.30 96.30 
2017/01/05 96.30 97.10 96.30 96.30 
2017/01/06 96.40 96.90 95.50 96.80 
2017/01/09 96.50 97.30 95.30 95.70 
2017/01/10 95.10 95.90 93.50 93.50 
2017/01/11 93.50 94.80 92.40 93.10 
2017/01/12 93.10 94.50 93.10 93.40 
2017/01/13 93.40 94.80 93.00 94.60 
2017/01/16 95.00 95.30 93.80 93.80 
2017/01/17 93.50 94.80 93.20 94.50 
2017/01/18 94.60 94.70 93.20 94.50 
2017/01/19 94.50 94.70 93.30 93.80 
2017/01/20 93.30 94.10 93.00 93.90 
2017/01/23 94.80 95.30 93.20 93.20 
2017/01/24 93.30 93.80 92.80 93.50 
2017/02/02 93.60 94.50 93.60 94.00 
2017/02/03 94.10 94.20 93.30 93.90 
2017/02/06 93.30 94.10 93.00 94.10 
2017/02/07 93.60 94.20 93.30 94.00 
2017/02/08 93.90 94.00 93.50 94.00 
