2016/07/01 20.00 20.00 19.70 20.00 
2016/07/04 20.00 20.15 19.70 20.15 
2016/07/05 20.00 20.40 20.00 20.30 
2016/07/06 20.30 20.45 20.00 20.20 
2016/07/07 20.35 20.35 20.00 20.00 
2016/07/11 22.00 22.00 22.00 22.00 
2016/07/12 23.00 23.00 22.00 22.15 
2016/07/13 22.15 22.25 21.45 22.00 
2016/07/14 22.15 22.15 21.65 21.80 
2016/07/15 22.05 23.95 21.90 23.90 
2016/07/18 24.85 24.90 24.00 24.90 
2016/07/19 24.60 24.70 24.20 24.60 
2016/07/20 24.45 24.45 23.25 23.30 
2016/07/21 23.40 23.80 23.10 23.45 
2016/07/22 23.70 23.75 23.10 23.15 
2016/07/25 23.25 23.50 22.80 22.90 
2016/07/26 23.25 23.25 22.65 22.65 
2016/07/27 22.90 22.90 22.40 22.40 
2016/07/28 22.40 22.95 22.40 22.60 
2016/07/29 22.40 22.70 22.30 22.50 
2016/08/01 23.25 23.25 22.30 22.55 
2016/08/02 22.70 22.80 22.45 22.75 
2016/08/03 22.35 23.10 22.35 22.70 
2016/08/04 22.95 23.30 22.95 23.15 
2016/08/05 23.15 23.30 22.90 22.90 
2016/08/08 23.40 23.40 22.95 23.30 
2016/08/09 23.20 23.30 22.50 22.50 
2016/08/10 23.10 23.20 22.50 22.80 
2016/08/11 22.80 22.80 22.05 22.15 
2016/08/12 22.15 22.30 21.75 21.80 
2016/08/15 21.70 21.95 21.55 21.80 
2016/08/16 21.80 22.00 21.60 21.75 
2016/08/17 22.00 22.00 21.50 21.90 
2016/08/18 21.70 21.85 21.50 21.80 
2016/08/19 21.80 22.30 21.80 22.10 
2016/08/22 21.80 22.05 21.50 22.00 
2016/08/23 22.05 22.30 21.70 22.00 
2016/08/24 22.10 22.10 21.80 21.90 
2016/08/25 21.60 21.85 21.20 21.80 
2016/08/26 21.80 21.90 21.65 21.70 
2016/08/29 21.50 21.50 21.50 21.50 
2016/08/30 21.50 21.60 21.25 21.35 
2016/08/31 21.35 21.35 20.60 20.60 
2016/09/01 20.85 21.05 20.65 21.05 
2016/09/02 20.70 21.00 20.35 20.90 
2016/09/05 20.30 21.00 20.30 21.00 
2016/09/06 21.00 21.20 20.65 21.10 
2016/09/07 21.35 21.65 21.20 21.45 
2016/09/08 21.20 21.45 21.00 21.45 
2016/09/09 21.45 21.70 21.40 21.45 
2016/09/10 21.00 21.00 20.70 20.90 
2016/09/12 21.00 21.00 20.55 20.65 
2016/09/13 20.60 20.60 20.00 20.35 
2016/09/14 20.30 20.40 20.00 20.40 
2016/09/19 20.25 20.50 20.20 20.25 
2016/09/20 20.25 20.40 20.20 20.35 
2016/09/21 20.15 20.50 20.15 20.40 
2016/09/22 20.65 20.65 20.20 20.20 
2016/09/23 20.30 20.60 20.10 20.30 
2016/09/26 20.15 20.50 20.15 20.15 
2016/09/29 20.10 20.20 20.00 20.20 
2016/09/30 20.00 20.30 19.95 19.95 
2016/10/03 20.25 20.25 19.90 20.00 
2016/10/04 20.00 20.00 19.90 19.90 
2016/10/05 19.95 20.25 19.80 20.20 
2016/10/06 20.20 20.20 20.00 20.00 
2016/10/07 20.00 20.20 19.85 20.20 
2016/10/11 20.20 20.20 19.40 19.50 
2016/10/12 19.50 19.70 19.15 19.70 
2016/10/13 19.50 19.50 19.25 19.40 
2016/10/14 19.15 19.35 19.00 19.00 
2016/10/17 18.80 19.10 18.80 19.10 
2016/10/18 19.05 19.25 19.00 19.00 
2016/10/19 18.95 19.30 18.95 19.30 
2016/10/20 19.10 19.20 19.10 19.10 
2016/10/21 19.30 19.45 19.05 19.15 
2016/10/24 18.95 19.10 18.90 18.95 
2016/10/25 19.00 19.05 18.85 19.05 
2016/10/26 19.00 19.10 18.85 18.85 
2016/10/27 18.95 18.95 18.55 18.85 
2016/10/28 18.65 18.80 18.50 18.65 
2016/10/31 18.65 18.80 18.65 18.80 
2016/11/01 18.75 18.80 18.40 18.80 
2016/11/02 18.80 18.80 18.35 18.35 
2016/11/03 18.15 18.30 17.80 18.15 
2016/11/04 18.15 18.50 18.15 18.45 
2016/11/07 18.45 18.45 18.00 18.00 
2016/11/08 18.10 18.35 18.00 18.35 
2016/11/09 18.35 18.35 17.00 17.05 
2016/11/10 17.80 18.10 17.50 18.10 
2016/11/11 17.90 17.90 17.35 17.80 
2016/11/14 17.55 17.90 17.55 17.90 
2016/11/15 17.60 18.00 17.60 18.00 
2016/11/16 18.20 18.20 17.80 18.20 
2016/11/17 19.10 19.10 18.40 18.40 
2016/11/18 18.50 18.95 18.50 18.80 
2016/11/21 18.80 18.80 18.40 18.75 
2016/11/22 18.75 19.00 18.60 18.70 
2016/11/23 18.40 18.80 18.40 18.80 
2016/11/24 18.50 18.50 18.45 18.50 
2016/11/25 18.40 18.60 18.20 18.45 
2016/11/28 18.45 18.45 18.00 18.40 
2016/11/29 18.20 18.50 18.15 18.50 
2016/11/30 18.50 18.60 18.20 18.55 
2016/12/01 18.80 20.40 18.80 20.15 
2016/12/02 20.15 20.15 19.50 19.90 
2016/12/05 20.00 20.30 19.75 20.10 
2016/12/06 20.10 20.15 19.95 19.95 
2016/12/07 20.15 20.15 19.70 19.90 
2016/12/08 19.75 19.95 19.65 19.90 
2016/12/09 19.90 20.00 19.65 20.00 
2016/12/12 19.75 21.00 19.75 19.90 
2016/12/13 19.90 19.95 19.65 19.65 
2016/12/14 19.90 20.00 19.65 19.80 
2016/12/15 19.80 19.80 19.45 19.75 
2016/12/16 19.85 19.85 19.30 19.35 
2016/12/19 19.30 19.30 19.00 19.30 
2016/12/20 19.10 19.20 19.00 19.05 
2016/12/21 19.25 19.25 18.90 19.15 
2016/12/22 19.00 19.40 19.00 19.05 
2016/12/23 19.00 19.40 19.00 19.20 
2016/12/26 19.10 19.15 19.00 19.15 
2016/12/27 19.15 19.15 19.10 19.15 
2016/12/28 19.30 19.30 19.30 19.30 
2016/12/29 19.25 19.50 19.10 19.45 
2016/12/30 19.80 19.80 19.30 19.50 
2017/01/03 19.60 19.80 19.30 19.60 
2017/01/04 19.80 19.80 19.50 19.70 
2017/01/05 19.55 19.75 19.40 19.50 
2017/01/06 19.50 19.80 19.40 19.80 
2017/01/09 19.80 19.85 19.55 19.80 
2017/01/10 19.80 19.95 19.60 19.70 
2017/01/11 19.45 19.70 19.40 19.70 
2017/01/12 19.45 19.70 19.25 19.70 
2017/01/13 19.70 19.70 19.35 19.60 
2017/01/16 19.60 19.60 19.20 19.20 
2017/01/17 19.20 19.25 18.85 19.25 
2017/01/18 19.10 19.30 18.80 19.05 
2017/01/19 19.05 19.10 18.80 19.05 
2017/01/20 19.05 19.05 18.55 18.55 
2017/01/23 18.25 19.00 18.25 18.80 
2017/01/24 18.70 18.85 18.40 18.80 
2017/02/02 19.05 19.05 18.45 18.90 
2017/02/03 18.90 19.10 18.70 18.90 
2017/02/06 18.90 19.20 18.75 19.10 
2017/02/07 19.30 19.30 18.90 18.90 
2017/02/08 19.10 19.55 19.10 19.45 
