2016/07/01 29.60 29.60 29.10 29.10 
2016/07/04 29.10 29.10 28.80 29.10 
2016/07/05 32.00 32.00 32.00 32.00 
2016/07/06 32.90 34.30 32.10 32.40 
2016/07/07 32.60 33.00 31.65 32.50 
2016/07/11 32.40 32.85 31.75 31.90 
2016/07/12 32.10 33.55 32.10 32.15 
2016/07/13 32.25 32.70 32.00 32.00 
2016/07/14 32.80 32.80 32.15 32.40 
2016/07/15 33.00 33.80 32.45 33.25 
2016/07/18 33.60 35.20 33.60 34.60 
2016/07/19 34.65 34.85 34.10 34.35 
2016/07/20 34.30 34.30 33.20 33.95 
2016/07/21 34.10 34.30 33.70 33.75 
2016/07/22 33.75 33.95 33.00 33.00 
2016/07/25 33.70 33.90 31.70 32.15 
2016/07/26 32.45 32.65 32.20 32.55 
2016/07/27 32.65 32.65 31.90 31.90 
2016/07/28 31.45 31.95 31.45 31.60 
2016/07/29 31.80 31.80 31.10 31.15 
2016/08/01 31.20 32.30 31.20 31.85 
2016/08/02 32.10 32.10 31.60 31.95 
2016/08/03 31.95 31.95 31.60 31.60 
2016/08/04 31.70 31.70 31.40 31.45 
2016/08/05 31.50 31.85 31.30 31.30 
2016/08/08 31.50 31.70 31.05 31.10 
2016/08/09 31.15 31.30 30.50 30.60 
2016/08/10 30.60 30.80 30.30 30.45 
2016/08/11 30.45 30.70 30.35 30.70 
2016/08/12 30.60 31.25 30.60 30.90 
2016/08/15 30.55 30.70 30.15 30.20 
2016/08/16 30.20 31.00 30.20 30.50 
2016/08/17 30.50 30.50 30.00 30.15 
2016/08/18 30.45 30.45 30.05 30.10 
2016/08/19 30.10 30.30 29.90 30.00 
2016/08/22 30.00 30.00 29.50 29.50 
2016/08/23 29.55 29.80 29.40 29.80 
2016/08/24 30.05 30.10 29.60 29.60 
2016/08/25 29.60 29.85 29.30 29.80 
2016/08/26 29.80 30.45 29.80 30.25 
2016/08/29 30.20 30.30 29.80 30.00 
2016/08/30 30.00 30.80 30.00 30.65 
2016/08/31 30.80 30.90 30.40 30.40 
2016/09/01 30.40 30.60 30.25 30.60 
2016/09/02 30.85 31.20 30.30 30.35 
2016/09/05 30.60 30.75 30.15 30.65 
2016/09/06 30.45 30.70 30.35 30.60 
2016/09/07 30.50 30.80 30.50 30.70 
2016/09/08 30.60 30.90 30.60 30.70 
2016/09/09 30.70 30.80 30.50 30.70 
2016/09/10 30.35 30.35 30.00 30.10 
2016/09/12 32.80 32.80 30.90 31.05 
2016/09/13 31.25 31.40 30.90 31.10 
2016/09/14 31.60 31.60 30.80 30.90 
2016/09/19 31.45 31.60 31.15 31.60 
2016/09/20 31.60 31.90 31.30 31.30 
2016/09/21 31.30 31.90 31.20 31.40 
2016/09/22 31.70 31.70 31.10 31.20 
2016/09/23 31.30 32.95 31.30 32.00 
2016/09/26 31.80 32.30 31.70 31.75 
2016/09/29 32.60 34.75 32.30 32.50 
2016/09/30 32.45 32.80 32.10 32.80 
2016/10/03 33.45 34.30 32.80 33.10 
2016/10/04 33.30 33.95 33.10 33.45 
2016/10/05 33.40 33.40 32.60 32.65 
2016/10/06 32.65 33.15 32.65 33.10 
2016/10/07 33.10 33.25 32.70 33.00 
2016/10/11 32.00 32.30 30.00 30.80 
2016/10/12 30.70 31.10 30.55 30.70 
2016/10/13 30.80 31.10 30.35 30.40 
2016/10/14 30.40 30.70 29.75 30.15 
2016/10/17 30.40 30.50 30.10 30.20 
2016/10/18 30.20 30.90 30.10 30.90 
2016/10/19 30.90 30.90 30.60 30.75 
2016/10/20 30.55 30.90 30.55 30.90 
2016/10/21 30.70 30.95 30.70 30.85 
2016/10/24 30.65 30.75 30.25 30.55 
2016/10/25 30.35 31.20 30.35 30.80 
2016/10/26 31.00 31.00 30.60 30.60 
2016/10/27 31.00 31.15 30.70 30.70 
2016/10/28 30.70 30.85 30.30 30.85 
2016/10/31 30.50 30.65 30.50 30.65 
2016/11/01 30.50 30.60 30.25 30.25 
2016/11/02 30.15 30.15 29.65 29.65 
2016/11/03 29.80 29.80 29.30 29.30 
2016/11/04 29.00 29.75 29.00 29.50 
2016/11/07 29.40 29.70 29.40 29.50 
2016/11/08 29.60 29.80 29.35 29.50 
2016/11/09 29.10 29.50 28.75 29.20 
2016/11/10 30.00 30.30 29.80 30.10 
2016/11/11 29.90 30.00 29.20 29.95 
2016/11/14 29.50 29.80 29.00 29.30 
2016/11/15 29.35 29.80 29.35 29.80 
2016/11/16 29.80 29.80 29.35 29.45 
2016/11/17 30.10 30.95 29.30 29.30 
2016/11/18 29.50 30.25 29.50 30.00 
2016/11/21 30.00 30.30 29.65 30.30 
2016/11/22 30.00 30.00 29.75 29.80 
2016/11/23 30.00 30.20 29.85 30.00 
2016/11/24 29.90 30.15 29.50 29.75 
2016/11/25 29.90 30.60 29.65 29.75 
2016/11/28 30.20 30.70 29.75 30.25 
2016/11/29 29.90 30.45 29.90 30.20 
2016/11/30 30.10 30.75 29.90 30.45 
2016/12/01 30.55 30.60 30.15 30.15 
2016/12/02 30.30 30.50 30.05 30.05 
2016/12/05 30.00 30.15 29.75 29.75 
2016/12/06 30.20 30.20 29.70 29.70 
2016/12/07 29.80 29.85 29.70 29.80 
2016/12/08 30.00 30.00 29.70 29.80 
2016/12/09 29.80 30.25 29.80 29.90 
2016/12/12 29.90 30.00 29.60 29.60 
2016/12/13 29.60 29.65 29.55 29.55 
2016/12/14 29.60 29.80 29.40 29.40 
2016/12/15 29.40 30.00 29.30 29.95 
2016/12/16 29.95 29.95 29.55 29.55 
2016/12/19 29.40 29.40 29.20 29.20 
2016/12/20 29.20 29.40 29.20 29.25 
2016/12/21 29.20 29.50 29.20 29.50 
2016/12/22 29.30 30.00 29.30 30.00 
2016/12/23 30.00 30.00 29.45 30.00 
2016/12/26 29.80 29.80 29.40 29.80 
2016/12/27 29.70 29.95 29.70 29.95 
2016/12/28 30.00 30.40 29.80 30.05 
2016/12/29 30.10 30.20 29.90 30.05 
2016/12/30 30.40 31.65 30.30 30.30 
2017/01/03 30.30 30.50 30.00 30.00 
2017/01/04 30.05 30.20 29.90 29.90 
2017/01/05 29.85 30.90 29.85 30.45 
2017/01/06 30.25 30.70 30.25 30.40 
2017/01/09 30.40 30.40 30.10 30.40 
2017/01/10 30.10 30.40 29.95 30.10 
2017/01/11 30.00 30.10 30.00 30.00 
2017/01/12 30.45 30.50 29.90 29.90 
2017/01/13 29.90 29.90 29.70 29.70 
2017/01/16 29.70 29.70 29.40 29.40 
2017/01/17 29.50 29.65 29.30 29.35 
2017/01/18 29.35 29.65 29.35 29.50 
2017/01/19 29.50 29.60 29.40 29.45 
2017/01/20 29.45 29.60 29.45 29.45 
2017/01/23 29.45 29.45 29.35 29.35 
2017/01/24 29.30 29.55 29.30 29.50 
2017/02/02 29.50 29.70 29.40 29.65 
2017/02/03 29.65 29.75 29.55 29.75 
2017/02/06 29.70 30.10 29.70 30.00 
2017/02/07 29.90 30.00 29.70 29.70 
2017/02/08 29.70 30.40 29.70 30.40 
