2016/07/01 23.10 23.10 22.85 22.90 
2016/07/04 22.90 23.15 22.90 23.05 
2016/07/05 23.05 23.25 23.00 23.10 
2016/07/06 23.10 23.40 23.05 23.05 
2016/07/07 23.10 23.15 22.95 23.10 
2016/07/11 23.55 24.30 23.40 23.95 
2016/07/12 23.85 24.25 23.80 23.80 
2016/07/13 23.85 24.00 23.85 23.85 
2016/07/14 23.95 24.90 23.90 24.55 
2016/07/15 24.85 24.85 24.50 24.50 
2016/07/18 24.60 24.85 24.60 24.65 
2016/07/19 24.80 24.80 24.20 24.30 
2016/07/20 24.30 24.30 23.90 24.05 
2016/07/21 23.00 23.25 22.80 23.00 
2016/07/22 23.20 23.20 22.85 22.85 
2016/07/25 22.90 23.00 22.70 22.85 
2016/07/26 22.60 22.80 22.60 22.70 
2016/07/27 22.75 22.80 22.50 22.75 
2016/07/28 22.70 22.70 22.60 22.65 
2016/07/29 22.65 22.70 22.45 22.50 
2016/08/01 22.50 22.95 22.50 22.95 
2016/08/02 23.00 23.55 23.00 23.20 
2016/08/03 23.00 23.30 22.85 23.15 
2016/08/04 23.20 23.35 22.95 23.05 
2016/08/05 23.25 24.50 23.25 24.25 
2016/08/08 24.60 25.80 24.60 24.80 
2016/08/09 25.30 26.05 24.90 25.25 
2016/08/10 25.25 25.40 24.50 24.75 
2016/08/11 24.25 24.30 23.15 23.15 
2016/08/12 23.10 23.70 22.85 23.00 
2016/08/15 23.10 23.40 22.80 22.80 
2016/08/16 22.90 23.30 22.80 23.10 
2016/08/17 23.30 23.30 22.80 22.80 
2016/08/18 22.90 23.30 22.85 23.10 
2016/08/19 23.15 23.20 22.85 22.85 
2016/08/22 23.10 23.10 22.60 22.70 
2016/08/23 22.70 22.75 22.50 22.60 
2016/08/24 22.60 22.70 22.50 22.55 
2016/08/25 22.65 22.90 22.55 22.80 
2016/08/26 22.85 22.85 22.70 22.70 
2016/08/29 22.70 22.80 22.70 22.80 
2016/08/30 22.80 22.95 22.70 22.90 
2016/08/31 22.90 22.95 22.65 22.70 
2016/09/01 22.80 22.80 22.50 22.80 
2016/09/02 22.80 22.80 22.50 22.50 
2016/09/05 22.55 22.70 22.45 22.65 
2016/09/06 22.75 22.75 22.55 22.60 
2016/09/07 22.60 22.65 22.50 22.60 
2016/09/08 22.60 22.70 22.50 22.60 
2016/09/09 22.60 22.70 22.55 22.55 
2016/09/10 22.60 23.20 22.55 22.85 
2016/09/12 22.90 23.05 22.75 22.75 
2016/09/13 22.90 22.90 22.55 22.65 
2016/09/14 22.65 22.65 22.50 22.50 
2016/09/19 22.70 22.75 22.55 22.55 
2016/09/20 22.55 22.85 22.55 22.70 
2016/09/21 22.70 22.80 22.65 22.70 
2016/09/22 22.75 22.75 22.60 22.70 
2016/09/23 22.70 22.70 22.55 22.65 
2016/09/26 22.60 22.65 22.55 22.60 
2016/09/29 22.55 22.60 22.40 22.40 
2016/09/30 22.40 22.50 22.25 22.35 
2016/10/03 22.70 22.70 22.40 22.55 
2016/10/04 22.60 22.60 22.45 22.50 
2016/10/05 22.50 22.60 22.45 22.45 
2016/10/06 22.50 22.50 22.45 22.50 
2016/10/07 22.45 22.50 22.35 22.35 
2016/10/11 22.30 22.35 21.30 21.70 
2016/10/12 21.70 21.70 21.30 21.35 
2016/10/13 21.20 21.35 21.20 21.30 
2016/10/14 21.30 21.30 21.00 21.05 
2016/10/17 21.05 21.10 20.95 21.05 
2016/10/18 21.10 21.60 21.10 21.40 
2016/10/19 21.50 21.60 21.50 21.55 
2016/10/20 21.60 21.70 21.60 21.60 
2016/10/21 21.60 21.75 21.60 21.65 
2016/10/24 21.75 21.90 21.70 21.70 
2016/10/25 21.75 21.75 21.70 21.70 
2016/10/26 21.70 21.70 21.30 21.30 
2016/10/27 21.20 21.55 21.20 21.40 
2016/10/28 21.50 21.50 21.40 21.40 
2016/10/31 21.40 21.70 21.25 21.70 
2016/11/01 21.70 21.70 21.40 21.70 
2016/11/02 21.70 21.70 21.40 21.45 
2016/11/03 21.30 21.35 20.90 20.90 
2016/11/04 21.15 21.15 21.00 21.00 
2016/11/07 21.00 21.10 20.80 21.10 
2016/11/08 21.15 21.25 21.05 21.05 
2016/11/09 21.30 21.30 20.50 20.55 
2016/11/10 20.75 20.90 20.70 20.80 
2016/11/11 20.70 20.75 20.45 20.70 
2016/11/14 20.75 21.20 20.75 21.20 
2016/11/15 21.10 21.40 21.00 21.35 
2016/11/16 21.55 21.65 21.55 21.60 
2016/11/17 21.65 21.65 21.30 21.50 
2016/11/18 21.55 21.55 21.40 21.50 
2016/11/21 21.50 21.50 21.05 21.30 
2016/11/22 21.40 21.65 21.40 21.65 
2016/11/23 21.75 21.75 21.55 21.60 
2016/11/24 21.65 21.65 21.50 21.50 
2016/11/25 21.65 22.20 21.50 22.20 
2016/11/28 22.10 22.55 21.80 22.20 
2016/11/29 22.10 22.20 21.95 22.20 
2016/11/30 22.20 22.20 22.00 22.15 
2016/12/01 22.15 22.15 21.90 22.15 
2016/12/02 22.10 22.10 22.00 22.05 
2016/12/05 22.15 22.15 21.70 21.80 
2016/12/06 21.85 21.90 21.60 21.80 
2016/12/07 21.70 21.80 21.60 21.70 
2016/12/08 21.65 21.95 21.65 21.85 
2016/12/09 21.95 22.95 21.95 22.25 
2016/12/12 22.30 22.55 22.30 22.40 
2016/12/13 22.45 22.75 22.40 22.45 
2016/12/14 22.60 22.60 22.25 22.25 
2016/12/15 22.05 22.20 22.05 22.15 
2016/12/16 22.20 22.50 22.20 22.30 
2016/12/19 22.50 22.60 22.15 22.50 
2016/12/20 22.65 22.65 22.30 22.30 
2016/12/21 22.40 22.55 22.25 22.25 
2016/12/22 22.10 22.30 22.00 22.00 
2016/12/23 22.00 22.00 21.80 22.00 
2016/12/26 22.15 22.15 21.80 21.95 
2016/12/27 21.95 22.20 21.85 21.95 
2016/12/28 21.95 22.15 21.85 21.90 
2016/12/29 21.90 22.00 21.85 22.00 
2016/12/30 22.00 22.05 21.80 21.80 
2017/01/03 21.90 21.95 21.80 21.80 
2017/01/04 21.80 22.10 21.80 22.10 
2017/01/05 22.10 22.15 21.90 21.95 
2017/01/06 22.10 22.10 21.80 21.90 
2017/01/09 21.95 21.95 21.60 21.70 
2017/01/10 21.70 21.90 21.70 21.90 
2017/01/11 22.40 23.25 22.40 22.45 
2017/01/12 22.45 22.45 22.20 22.30 
2017/01/13 22.35 22.55 22.30 22.55 
2017/01/16 22.50 22.50 22.20 22.30 
2017/01/17 22.30 22.40 22.25 22.30 
2017/01/18 22.40 22.50 22.20 22.20 
2017/01/19 22.20 22.30 22.15 22.20 
2017/01/20 22.20 22.30 22.15 22.30 
2017/01/23 22.25 22.40 22.20 22.20 
2017/01/24 22.20 22.50 22.10 22.15 
2017/02/02 22.30 22.50 22.15 22.20 
2017/02/03 22.30 22.30 22.15 22.20 
2017/02/06 22.20 22.45 22.20 22.45 
2017/02/07 22.55 22.75 22.50 22.65 
2017/02/08 22.65 22.65 22.45 22.50 
