2016/07/01 43.90 44.20 43.65 43.75 
2016/07/04 43.80 43.95 43.25 43.80 
2016/07/05 43.80 45.00 43.80 44.55 
2016/07/06 44.50 44.50 43.70 43.70 
2016/07/07 44.00 44.25 43.80 44.00 
2016/07/11 44.30 44.65 43.80 43.85 
2016/07/12 43.90 44.40 43.85 44.20 
2016/07/13 44.50 45.65 44.25 45.65 
2016/07/14 45.65 45.65 45.05 45.15 
2016/07/15 45.35 45.80 45.20 45.45 
2016/07/18 46.50 47.45 46.25 46.25 
2016/07/19 46.70 47.00 45.65 45.80 
2016/07/20 45.80 46.20 45.00 45.30 
2016/07/21 45.80 45.80 44.95 45.00 
2016/07/22 45.05 45.20 44.50 44.55 
2016/07/25 44.60 44.75 43.75 44.15 
2016/07/26 44.15 44.90 44.10 44.80 
2016/07/27 45.00 45.00 44.30 44.40 
2016/07/28 44.50 44.90 44.50 44.70 
2016/07/29 44.70 44.90 44.20 44.45 
2016/08/01 44.50 44.65 44.30 44.40 
2016/08/02 44.40 45.10 44.40 44.70 
2016/08/03 44.55 44.75 44.45 44.60 
2016/08/04 44.65 44.85 44.15 44.25 
2016/08/05 44.50 44.55 44.15 44.15 
2016/08/08 44.90 44.95 44.55 44.75 
2016/08/09 45.00 45.00 44.00 44.10 
2016/08/10 42.30 42.45 41.75 41.80 
2016/08/11 42.00 42.40 41.80 42.30 
2016/08/12 42.55 42.55 41.30 41.80 
2016/08/15 41.80 41.85 41.05 41.20 
2016/08/16 41.20 41.45 41.10 41.35 
2016/08/17 41.20 41.35 40.85 41.25 
2016/08/18 41.20 41.45 41.00 41.25 
2016/08/19 41.30 41.45 41.25 41.25 
2016/08/22 41.25 41.30 40.20 40.45 
2016/08/23 40.50 41.10 40.50 41.00 
2016/08/24 41.05 41.15 40.65 41.05 
2016/08/25 41.10 41.30 40.80 41.15 
2016/08/26 41.20 41.40 41.20 41.30 
2016/08/29 41.30 41.65 41.05 41.10 
2016/08/30 41.15 41.30 40.95 40.95 
2016/08/31 40.65 40.80 40.20 40.60 
2016/09/01 40.50 40.90 40.40 40.65 
2016/09/02 40.70 40.75 40.35 40.40 
2016/09/05 40.45 41.75 40.35 41.70 
2016/09/06 41.50 41.75 41.40 41.70 
2016/09/07 41.75 42.20 41.50 41.70 
2016/09/08 42.05 42.10 41.35 41.65 
2016/09/09 41.65 42.10 41.60 41.80 
2016/09/10 41.40 41.50 41.10 41.10 
2016/09/12 41.15 41.45 40.60 40.60 
2016/09/13 40.80 41.05 40.35 40.50 
2016/09/14 40.40 40.65 40.30 40.55 
2016/09/19 40.80 41.00 40.60 40.80 
2016/09/20 40.80 41.00 40.55 40.60 
2016/09/21 40.70 42.15 40.70 42.15 
2016/09/22 42.75 42.75 42.30 42.65 
2016/09/23 42.85 44.00 42.75 43.65 
2016/09/26 43.80 43.80 43.20 43.60 
2016/09/29 43.50 44.10 43.40 44.05 
2016/09/30 44.00 44.00 43.10 43.10 
2016/10/03 43.10 43.50 42.50 42.55 
2016/10/04 42.55 42.85 42.50 42.85 
2016/10/05 42.90 42.90 42.40 42.55 
2016/10/06 42.55 43.10 42.40 43.10 
2016/10/07 43.10 43.10 42.60 42.90 
2016/10/11 42.60 42.80 41.50 41.70 
2016/10/12 41.05 41.90 41.05 41.35 
2016/10/13 41.35 41.55 41.05 41.40 
2016/10/14 41.40 41.40 40.30 40.55 
2016/10/17 40.55 41.20 40.55 41.00 
2016/10/18 41.00 41.05 40.65 41.00 
2016/10/19 41.00 41.25 40.85 40.95 
2016/10/20 41.00 41.75 40.65 41.60 
2016/10/21 41.25 41.45 41.00 41.00 
2016/10/24 41.20 41.20 40.55 40.75 
2016/10/25 40.80 40.90 40.65 40.80 
2016/10/26 40.80 41.10 40.70 40.85 
2016/10/27 41.10 41.10 40.55 40.65 
2016/10/28 40.65 40.65 40.50 40.65 
2016/10/31 40.75 40.85 39.80 40.20 
2016/11/01 40.40 40.40 39.20 39.25 
2016/11/02 39.25 39.25 38.10 38.30 
2016/11/03 38.40 38.50 37.55 37.95 
2016/11/04 38.00 38.50 37.80 38.30 
2016/11/07 38.80 38.80 38.35 38.65 
2016/11/08 38.65 38.80 38.05 38.80 
2016/11/09 38.95 39.00 37.25 37.50 
2016/11/10 38.50 39.80 38.50 39.45 
2016/11/11 39.70 39.70 38.85 39.10 
2016/11/14 39.45 39.45 38.50 39.10 
2016/11/15 39.10 39.30 38.40 38.50 
2016/11/16 38.70 39.05 38.50 38.90 
2016/11/17 38.85 38.85 37.80 38.00 
2016/11/18 38.00 38.70 38.00 38.35 
2016/11/21 38.75 39.05 38.55 38.80 
2016/11/22 38.90 39.10 38.70 38.95 
2016/11/23 38.95 40.00 38.95 39.55 
2016/11/24 39.70 39.90 39.35 39.60 
2016/11/25 39.70 39.70 38.90 38.95 
2016/11/28 38.95 39.30 38.60 38.70 
2016/11/29 39.00 39.15 38.80 39.00 
2016/11/30 39.15 39.50 38.95 39.50 
2016/12/01 39.50 39.75 39.35 39.50 
2016/12/02 39.55 39.65 39.20 39.20 
2016/12/05 39.20 39.40 39.00 39.05 
2016/12/06 39.15 39.50 39.15 39.20 
2016/12/07 39.40 39.40 38.90 38.90 
2016/12/08 39.20 39.20 38.70 38.80 
2016/12/09 38.70 39.45 38.70 39.00 
2016/12/12 39.30 39.30 38.90 39.20 
2016/12/13 39.15 39.45 38.90 39.00 
2016/12/14 39.10 39.10 38.90 39.00 
2016/12/15 38.90 39.00 38.75 38.75 
2016/12/16 38.75 38.80 38.55 38.55 
2016/12/19 38.55 38.70 37.90 38.00 
2016/12/20 38.00 38.05 37.70 37.85 
2016/12/21 38.00 38.35 37.85 37.85 
2016/12/22 37.85 38.75 37.85 38.05 
2016/12/23 38.45 38.60 38.10 38.10 
2016/12/26 38.15 38.30 38.05 38.15 
2016/12/27 38.15 38.45 38.10 38.30 
2016/12/28 38.20 38.65 38.20 38.30 
2016/12/29 38.45 38.45 38.15 38.45 
2016/12/30 38.60 38.80 38.55 38.65 
2017/01/03 38.65 38.85 38.60 38.70 
2017/01/04 38.80 39.00 38.60 38.75 
2017/01/05 38.80 39.40 38.80 39.35 
2017/01/06 39.50 39.90 39.35 39.50 
2017/01/09 39.60 39.70 39.15 39.25 
2017/01/10 39.25 39.65 38.95 39.40 
2017/01/11 39.70 39.75 39.30 39.30 
2017/01/12 39.30 39.35 38.60 38.95 
2017/01/13 38.90 39.00 38.50 38.55 
2017/01/16 38.55 38.55 38.05 38.20 
2017/01/17 38.20 38.20 37.90 38.10 
2017/01/18 38.00 38.40 37.90 38.30 
2017/01/19 38.50 38.50 38.00 38.10 
2017/01/20 38.15 38.40 38.10 38.25 
2017/01/23 38.25 38.50 38.15 38.25 
2017/01/24 38.40 38.40 38.15 38.25 
2017/02/02 38.25 38.60 38.25 38.60 
2017/02/03 38.65 39.20 38.65 38.85 
2017/02/06 39.10 39.25 38.90 39.15 
2017/02/07 39.45 39.45 38.95 39.15 
2017/02/08 39.15 39.95 39.05 39.90 
