2016/07/01 7.59 7.68 7.59 7.64 
2016/07/04 7.64 7.72 7.61 7.68 
2016/07/05 7.79 7.84 7.76 7.79 
2016/07/06 7.79 7.79 7.70 7.75 
2016/07/07 7.74 7.82 7.71 7.75 
2016/07/11 7.80 7.80 7.71 7.79 
2016/07/12 7.80 7.80 7.70 7.78 
2016/07/13 7.74 7.80 7.72 7.78 
2016/07/14 7.74 7.88 7.72 7.81 
2016/07/15 7.80 7.82 7.74 7.82 
2016/07/18 7.82 7.90 7.82 7.86 
2016/07/19 7.86 7.86 7.75 7.83 
2016/07/20 7.78 7.84 7.76 7.83 
2016/07/21 7.83 7.90 7.81 7.88 
2016/07/22 7.89 7.90 7.82 7.86 
2016/07/25 7.82 7.86 7.77 7.81 
2016/07/26 7.80 7.84 7.79 7.83 
2016/07/27 7.83 7.85 7.81 7.82 
2016/07/28 7.65 7.72 7.65 7.70 
2016/07/29 7.68 7.71 7.63 7.71 
2016/08/01 7.70 8.00 7.66 8.00 
2016/08/02 7.97 8.00 7.88 7.91 
2016/08/03 7.80 8.00 7.80 7.96 
2016/08/04 7.90 8.00 7.86 7.91 
2016/08/05 7.89 8.00 7.89 7.97 
2016/08/08 7.93 8.02 7.93 8.00 
2016/08/09 8.00 8.09 8.00 8.04 
2016/08/10 8.04 8.10 8.02 8.05 
2016/08/11 8.05 8.08 7.90 7.95 
2016/08/12 7.85 8.01 7.85 7.98 
2016/08/15 7.98 7.98 7.89 7.92 
2016/08/16 7.95 7.95 7.89 7.90 
2016/08/17 7.84 8.00 7.84 8.00 
2016/08/18 7.87 7.99 7.87 7.99 
2016/08/19 7.95 8.00 7.92 8.00 
2016/08/22 7.89 7.91 7.87 7.89 
2016/08/23 7.95 7.97 7.87 7.93 
2016/08/24 7.93 7.95 7.93 7.95 
2016/08/25 7.89 7.95 7.88 7.95 
2016/08/26 8.00 8.00 7.86 7.95 
2016/08/29 7.90 7.95 7.85 7.93 
2016/08/30 7.90 7.96 7.90 7.92 
2016/08/31 7.90 7.94 7.90 7.93 
2016/09/01 7.91 7.94 7.90 7.92 
2016/09/02 7.92 7.94 7.88 7.94 
2016/09/05 7.94 8.00 7.94 7.95 
2016/09/06 7.95 8.01 7.94 7.97 
2016/09/07 7.90 7.99 7.90 7.99 
2016/09/08 7.99 8.00 7.93 8.00 
2016/09/09 8.00 8.00 7.92 8.00 
2016/09/10 7.90 7.98 7.86 7.96 
2016/09/12 8.00 8.00 7.95 7.98 
2016/09/13 7.91 7.97 7.91 7.97 
2016/09/14 7.84 7.99 7.84 7.99 
2016/09/19 8.00 8.03 7.95 7.96 
2016/09/20 8.06 8.06 8.00 8.03 
2016/09/21 8.02 8.13 8.02 8.12 
2016/09/22 8.13 8.38 8.09 8.25 
2016/09/23 8.26 8.27 8.13 8.27 
2016/09/26 8.20 8.27 8.16 8.25 
2016/09/29 8.20 8.24 8.15 8.19 
2016/09/30 8.19 8.19 8.02 8.12 
2016/10/03 8.20 8.25 8.12 8.20 
2016/10/04 8.20 8.22 8.17 8.22 
2016/10/05 8.20 8.26 8.20 8.25 
2016/10/06 8.16 8.31 8.16 8.29 
2016/10/07 8.26 8.26 8.18 8.18 
2016/10/11 8.19 8.19 8.08 8.15 
2016/10/12 8.14 8.25 8.14 8.20 
2016/10/13 8.20 8.20 8.13 8.16 
2016/10/14 8.10 8.17 8.08 8.10 
2016/10/17 8.11 8.16 8.07 8.16 
2016/10/18 8.16 8.18 8.07 8.18 
2016/10/19 8.12 8.14 7.98 8.09 
2016/10/20 8.08 8.10 8.00 8.09 
2016/10/21 8.04 8.14 8.03 8.12 
2016/10/24 8.11 8.17 8.11 8.17 
2016/10/25 8.17 8.18 8.10 8.10 
2016/10/26 8.10 8.14 8.09 8.10 
2016/10/27 8.10 8.12 8.04 8.08 
2016/10/28 8.10 8.11 7.98 8.00 
2016/10/31 8.00 8.02 7.95 8.02 
2016/11/01 8.07 8.08 8.02 8.08 
2016/11/02 8.07 8.09 8.04 8.06 
2016/11/03 8.04 8.08 8.00 8.06 
2016/11/04 8.09 8.09 8.06 8.07 
2016/11/07 8.07 8.17 8.07 8.13 
2016/11/08 8.11 8.15 8.05 8.13 
2016/11/09 8.10 8.15 7.91 7.98 
2016/11/10 8.05 8.77 8.05 8.55 
2016/11/11 8.69 8.71 8.40 8.50 
2016/11/14 8.61 8.62 8.50 8.57 
2016/11/15 8.78 8.78 8.58 8.60 
2016/11/16 8.70 8.98 8.57 8.71 
2016/11/17 8.80 8.96 8.68 8.73 
2016/11/18 8.76 8.78 8.66 8.68 
2016/11/21 8.69 8.69 8.55 8.61 
2016/11/22 8.61 8.64 8.51 8.55 
2016/11/23 8.60 9.14 8.58 9.12 
2016/11/24 9.10 9.10 8.96 8.97 
2016/11/25 8.91 9.09 8.82 8.84 
2016/11/28 8.84 8.94 8.84 8.88 
2016/11/29 8.96 9.25 8.90 9.05 
2016/11/30 9.08 9.08 8.99 9.02 
2016/12/01 9.08 9.49 9.03 9.40 
2016/12/02 9.39 9.39 9.27 9.28 
2016/12/05 9.28 9.30 9.12 9.13 
2016/12/06 9.16 9.21 9.10 9.10 
2016/12/07 9.14 9.22 9.14 9.20 
2016/12/08 9.26 9.30 9.20 9.23 
2016/12/09 9.24 9.24 9.10 9.12 
2016/12/12 9.04 9.21 9.00 9.18 
2016/12/13 9.18 9.24 9.16 9.18 
2016/12/14 9.19 9.24 9.17 9.22 
2016/12/15 9.20 9.25 9.16 9.18 
2016/12/16 9.18 9.23 9.16 9.18 
2016/12/19 9.19 9.20 9.11 9.12 
2016/12/20 9.11 9.23 9.11 9.13 
2016/12/21 9.15 9.16 9.13 9.14 
2016/12/22 9.14 9.18 9.10 9.14 
2016/12/23 9.12 9.18 9.05 9.06 
2016/12/26 9.04 9.09 9.00 9.00 
2016/12/27 9.00 9.05 8.93 8.93 
2016/12/28 8.90 9.02 8.90 9.00 
2016/12/29 8.93 9.01 8.90 9.01 
2016/12/30 9.01 9.54 9.01 9.40 
2017/01/03 9.40 9.41 9.28 9.28 
2017/01/04 9.34 9.34 9.23 9.23 
2017/01/05 9.23 9.44 9.23 9.38 
2017/01/06 9.36 9.60 9.32 9.45 
2017/01/09 9.45 9.48 9.32 9.38 
2017/01/10 9.35 9.45 9.25 9.35 
2017/01/11 9.40 9.46 9.35 9.36 
2017/01/12 9.38 9.39 9.30 9.30 
2017/01/13 9.27 9.32 9.25 9.26 
2017/01/16 9.25 9.32 9.19 9.29 
2017/01/17 9.29 9.38 9.23 9.35 
2017/01/18 9.34 9.40 9.34 9.37 
2017/01/19 9.38 9.55 9.36 9.38 
2017/01/20 9.40 9.59 9.39 9.49 
2017/01/23 9.54 9.75 9.53 9.62 
2017/01/24 9.70 9.79 9.55 9.71 
2017/02/02 9.90 10.15 9.77 10.10 
2017/02/03 10.05 10.40 10.05 10.15 
2017/02/06 10.20 10.20 10.00 10.05 
2017/02/07 10.00 10.40 10.00 10.15 
2017/02/08 10.20 10.35 10.10 10.25 
