2016/07/01 32.50 32.50 32.00 32.00 
2016/07/04 32.65 32.65 32.00 32.15 
2016/07/05 32.00 32.10 31.90 32.10 
2016/07/06 31.55 32.10 31.55 31.70 
2016/07/07 31.70 31.90 31.65 31.75 
2016/07/11 31.80 31.80 31.65 31.70 
2016/07/12 31.70 32.40 31.70 31.70 
2016/07/13 31.85 32.15 31.85 32.00 
2016/07/14 31.60 32.30 31.60 32.30 
2016/07/15 32.40 32.40 31.95 32.35 
2016/07/18 32.10 32.35 32.00 32.35 
2016/07/19 32.45 32.45 32.10 32.10 
2016/07/20 32.00 32.45 31.95 32.10 
2016/07/21 32.00 33.30 31.95 32.85 
2016/07/22 32.40 32.65 32.30 32.65 
2016/07/25 32.50 33.00 32.50 32.60 
2016/07/26 32.50 33.10 32.50 32.95 
2016/07/27 32.80 33.20 32.30 32.45 
2016/07/28 32.80 32.80 32.50 32.50 
2016/07/29 32.20 32.60 32.10 32.60 
2016/08/01 32.55 32.60 32.30 32.60 
2016/08/02 33.00 33.00 32.45 32.80 
2016/08/03 32.40 32.55 31.90 31.90 
2016/08/04 32.05 32.30 32.05 32.30 
2016/08/05 32.40 32.40 32.20 32.20 
2016/08/08 32.30 32.45 32.20 32.45 
2016/08/09 32.30 32.30 32.05 32.05 
2016/08/10 31.80 33.30 31.80 33.00 
2016/08/11 32.35 32.75 32.35 32.70 
2016/08/12 32.35 32.65 32.20 32.55 
2016/08/15 32.45 32.50 32.20 32.50 
2016/08/16 32.50 32.50 32.00 32.00 
2016/08/17 32.00 33.00 32.00 32.90 
2016/08/18 32.65 32.80 32.30 32.80 
2016/08/19 32.60 32.60 31.80 32.30 
2016/08/22 32.00 32.20 31.45 31.90 
2016/08/23 31.60 31.80 31.50 31.60 
2016/08/24 31.65 31.80 31.50 31.50 
2016/08/25 31.90 31.90 31.50 31.85 
2016/08/26 32.20 32.20 31.65 32.10 
2016/08/29 32.10 32.10 31.20 31.90 
2016/08/30 31.90 32.05 31.60 31.90 
2016/08/31 31.85 32.10 31.45 31.95 
2016/09/01 32.10 32.10 31.85 32.10 
2016/09/02 32.30 32.30 31.95 32.00 
2016/09/05 32.00 32.30 32.00 32.10 
2016/09/06 31.80 31.80 31.60 31.65 
2016/09/07 31.75 31.75 31.25 31.70 
2016/09/08 31.40 31.50 31.20 31.40 
2016/09/09 31.20 31.35 31.20 31.35 
2016/09/10 31.15 31.45 31.15 31.45 
2016/09/12 31.80 31.80 31.10 31.10 
2016/09/13 31.30 31.30 31.00 31.00 
2016/09/14 30.90 31.00 30.80 31.00 
2016/09/19 30.90 31.35 30.65 31.25 
2016/09/20 30.80 31.00 30.80 31.00 
2016/09/21 30.95 32.30 30.95 31.90 
2016/09/22 31.80 32.10 31.80 32.10 
2016/09/23 32.00 32.15 31.70 31.75 
2016/09/26 31.80 32.00 31.65 31.65 
2016/09/29 31.60 31.65 31.50 31.50 
2016/09/30 31.50 31.50 31.20 31.25 
2016/10/03 31.80 31.80 31.20 31.20 
2016/10/04 31.50 31.50 30.85 31.10 
2016/10/05 31.15 31.20 30.40 30.70 
2016/10/06 30.70 31.20 30.65 31.20 
2016/10/07 31.65 31.65 31.50 31.50 
2016/10/11 30.85 30.85 30.85 30.85 
2016/10/13 30.50 30.50 30.20 30.35 
2016/10/14 30.30 30.40 29.60 30.10 
2016/10/17 30.45 30.50 30.00 30.45 
2016/10/18 30.75 30.75 30.35 30.40 
2016/10/19 30.75 30.80 30.15 30.80 
2016/10/20 30.80 30.85 30.30 30.35 
2016/10/21 30.75 30.75 30.00 30.40 
2016/10/24 30.60 30.60 30.15 30.50 
2016/10/25 30.50 30.50 30.05 30.10 
2016/10/26 30.10 30.35 30.00 30.30 
2016/10/27 30.45 30.50 30.25 30.35 
2016/10/28 30.10 30.35 30.05 30.05 
2016/10/31 30.45 30.45 30.00 30.05 
2016/11/01 30.05 30.05 30.00 30.00 
2016/11/02 30.25 30.25 30.05 30.10 
2016/11/03 30.10 30.20 30.00 30.15 
2016/11/04 30.00 30.45 29.40 29.45 
2016/11/07 29.50 29.75 27.70 28.70 
2016/11/08 28.90 29.15 28.70 29.15 
2016/11/09 29.35 29.35 28.20 28.20 
2016/11/10 28.80 29.50 28.80 29.30 
2016/11/11 29.45 29.50 28.75 29.20 
2016/11/14 29.75 29.75 28.75 29.35 
2016/11/15 29.95 32.25 29.95 32.25 
2016/11/16 32.30 32.35 30.00 31.40 
2016/11/17 31.40 31.45 30.30 30.80 
2016/11/18 30.40 31.00 30.25 30.45 
2016/11/21 30.80 30.80 30.10 30.75 
2016/11/22 30.45 30.75 30.10 30.25 
2016/11/23 30.00 30.00 29.30 29.35 
2016/11/24 29.35 29.65 28.80 29.10 
2016/11/25 29.60 29.60 29.05 29.45 
2016/11/28 29.30 30.40 29.30 30.05 
2016/11/29 30.20 30.30 29.80 30.00 
2016/11/30 30.05 31.50 29.80 31.50 
2016/12/01 31.30 32.25 31.00 31.90 
2016/12/02 32.00 32.30 31.95 32.30 
2016/12/05 32.55 32.55 31.75 32.10 
2016/12/06 32.10 32.55 31.75 32.15 
2016/12/07 32.55 32.55 31.70 32.10 
2016/12/08 32.10 32.50 31.90 32.30 
2016/12/09 32.00 32.20 31.75 31.95 
2016/12/12 31.95 32.80 31.95 32.55 
2016/12/13 32.30 32.80 32.15 32.80 
2016/12/14 32.60 33.10 32.60 33.00 
2016/12/15 32.95 32.95 32.30 32.80 
2016/12/16 32.70 32.70 31.80 32.30 
2016/12/19 32.00 32.00 31.70 32.00 
2016/12/20 32.00 32.00 31.60 31.70 
2016/12/21 31.50 31.75 30.90 31.70 
2016/12/22 31.85 31.85 31.45 31.45 
2016/12/23 32.40 32.40 31.95 32.10 
2016/12/26 31.90 32.00 31.90 31.95 
2016/12/27 31.70 32.15 31.70 32.10 
2016/12/28 32.10 32.20 32.00 32.20 
2016/12/29 32.10 32.10 31.85 32.10 
2016/12/30 32.30 32.80 31.95 32.70 
2017/01/03 32.90 32.90 32.35 32.50 
2017/01/04 32.80 32.80 32.45 32.70 
2017/01/05 32.75 33.95 32.70 33.00 
2017/01/06 33.00 33.40 32.70 32.70 
2017/01/09 33.15 33.30 32.20 32.60 
2017/01/10 32.90 32.90 32.30 32.60 
2017/01/11 32.90 32.90 32.30 32.60 
2017/01/12 32.90 32.90 31.95 32.00 
2017/01/13 32.00 32.30 31.70 32.30 
2017/01/16 32.50 32.50 31.70 31.90 
2017/01/17 31.90 32.20 31.70 32.00 
2017/01/18 32.30 32.40 32.00 32.20 
2017/01/19 32.20 32.20 31.55 31.60 
2017/01/20 31.90 32.50 31.90 32.15 
2017/01/23 32.30 32.90 32.30 32.85 
2017/01/24 32.95 33.65 32.85 33.55 
2017/02/02 33.85 33.90 32.80 33.00 
2017/02/03 33.45 33.45 32.75 32.95 
2017/02/06 33.25 35.00 33.25 34.55 
2017/02/07 34.55 34.55 34.00 34.30 
2017/02/08 34.65 34.65 33.90 33.90 
