2016/07/01 9.60 9.60 9.52 9.56 
2016/07/04 9.59 9.75 9.56 9.73 
2016/07/05 9.77 9.80 9.70 9.73 
2016/07/06 9.78 9.78 9.72 9.77 
2016/07/07 9.79 9.79 9.75 9.79 
2016/07/11 9.81 9.83 9.78 9.78 
2016/07/12 9.78 9.79 9.71 9.73 
2016/07/13 9.74 9.83 9.74 9.80 
2016/07/14 9.80 9.83 9.79 9.81 
2016/07/15 9.81 9.85 9.80 9.84 
2016/07/18 9.84 9.88 9.76 9.76 
2016/07/19 9.23 9.28 9.22 9.27 
2016/07/20 9.25 9.26 9.22 9.23 
2016/07/21 9.25 9.30 9.23 9.25 
2016/07/22 9.27 9.29 9.22 9.22 
2016/07/25 9.22 9.23 9.15 9.16 
2016/07/26 9.19 9.19 9.14 9.17 
2016/07/27 9.17 9.17 9.13 9.14 
2016/07/28 9.14 9.18 9.14 9.15 
2016/07/29 9.16 9.19 9.13 9.14 
2016/08/01 9.13 9.18 9.13 9.17 
2016/08/02 9.15 9.18 9.14 9.15 
2016/08/03 9.14 9.16 9.11 9.14 
2016/08/04 9.17 9.18 9.14 9.15 
2016/08/05 9.16 9.28 9.15 9.25 
2016/08/08 9.25 9.27 9.18 9.18 
2016/08/09 9.18 9.23 9.18 9.18 
2016/08/10 9.18 9.20 9.15 9.16 
2016/08/11 9.06 9.16 9.06 9.12 
2016/08/12 9.21 9.21 9.11 9.12 
2016/08/15 9.12 9.17 9.12 9.12 
2016/08/16 9.12 9.13 9.00 9.13 
2016/08/17 9.10 9.18 9.07 9.18 
2016/08/18 9.19 9.19 9.09 9.09 
2016/08/19 9.07 9.15 9.07 9.10 
2016/08/22 9.06 9.10 9.00 9.01 
2016/08/23 9.01 9.09 9.01 9.05 
2016/08/24 9.05 9.09 9.02 9.02 
2016/08/25 8.98 9.05 8.98 9.03 
2016/08/26 9.03 9.03 8.98 9.02 
2016/08/29 9.01 9.02 8.97 8.98 
2016/08/30 8.98 9.05 8.97 9.00 
2016/08/31 8.96 9.00 8.95 8.99 
2016/09/01 9.00 9.00 8.91 8.91 
2016/09/02 8.97 8.97 8.87 8.90 
2016/09/05 8.87 8.96 8.87 8.90 
2016/09/06 8.90 8.95 8.90 8.90 
2016/09/07 8.92 9.04 8.92 8.95 
2016/09/08 9.00 9.01 8.99 9.00 
2016/09/09 9.00 9.00 8.96 8.99 
2016/09/10 8.95 8.97 8.92 8.92 
2016/09/12 8.92 8.92 8.88 8.88 
2016/09/13 8.90 8.90 8.81 8.81 
2016/09/14 8.81 8.84 8.77 8.84 
2016/09/19 8.86 8.90 8.83 8.84 
2016/09/20 8.84 8.91 8.82 8.82 
2016/09/21 8.90 8.99 8.81 8.89 
2016/09/22 8.90 8.94 8.86 8.92 
2016/09/23 8.95 8.95 8.89 8.92 
2016/09/26 8.87 8.92 8.87 8.88 
2016/09/29 8.97 8.97 8.88 8.91 
2016/09/30 8.88 8.95 8.87 8.94 
2016/10/03 8.94 8.99 8.94 8.94 
2016/10/04 9.00 9.05 8.99 9.00 
2016/10/05 9.00 9.10 9.00 9.06 
2016/10/06 9.07 9.10 9.01 9.10 
2016/10/07 9.11 9.12 9.02 9.02 
2016/10/11 9.03 9.12 9.00 9.01 
2016/10/12 9.09 9.10 9.00 9.01 
2016/10/13 9.01 9.02 8.96 8.96 
2016/10/14 8.92 8.94 8.90 8.90 
2016/10/17 8.88 9.00 8.88 8.88 
2016/10/18 8.90 9.00 8.90 8.93 
2016/10/19 8.97 9.08 8.97 8.98 
2016/10/20 9.02 9.14 9.02 9.13 
2016/10/21 9.15 9.17 9.09 9.09 
2016/10/24 9.06 9.11 9.06 9.11 
2016/10/25 9.06 9.08 9.05 9.05 
2016/10/26 9.05 9.10 9.02 9.09 
2016/10/27 9.08 9.11 9.05 9.05 
2016/10/28 8.91 9.04 8.91 9.01 
2016/10/31 8.93 9.03 8.93 8.95 
2016/11/01 8.98 9.01 8.95 8.96 
2016/11/02 9.05 9.05 8.87 8.88 
2016/11/03 8.88 8.96 8.88 8.88 
2016/11/04 8.90 8.90 8.82 8.85 
2016/11/07 8.90 8.90 8.81 8.85 
2016/11/08 8.88 8.94 8.85 8.85 
2016/11/09 8.86 8.86 8.53 8.53 
2016/11/10 8.64 8.83 8.61 8.71 
2016/11/11 8.80 8.81 8.67 8.74 
2016/11/14 8.86 8.86 8.66 8.70 
2016/11/15 8.70 8.79 8.67 8.71 
2016/11/16 8.72 8.81 8.72 8.79 
2016/11/17 8.76 8.79 8.70 8.71 
2016/11/18 8.70 8.84 8.70 8.81 
2016/11/21 8.84 8.85 8.80 8.84 
2016/11/22 8.82 8.88 8.82 8.85 
2016/11/23 8.85 8.90 8.84 8.84 
2016/11/24 8.85 8.87 8.80 8.83 
2016/11/25 8.80 8.87 8.73 8.77 
2016/11/28 8.80 8.90 8.80 8.88 
2016/11/29 8.89 8.94 8.88 8.92 
2016/11/30 8.92 8.97 8.81 8.89 
2016/12/01 8.90 9.19 8.90 9.15 
2016/12/02 9.15 9.24 9.11 9.22 
2016/12/05 9.23 9.29 9.17 9.17 
2016/12/06 9.18 9.21 9.13 9.13 
2016/12/07 9.16 9.24 9.16 9.16 
2016/12/08 9.18 9.23 9.17 9.22 
2016/12/09 9.25 9.25 9.19 9.20 
2016/12/12 9.22 9.29 9.21 9.25 
2016/12/13 9.26 9.34 9.24 9.31 
2016/12/14 9.36 9.36 9.30 9.32 
2016/12/15 9.30 9.34 9.25 9.29 
2016/12/16 9.38 9.38 9.26 9.26 
2016/12/19 9.26 9.29 9.18 9.20 
2016/12/20 9.20 9.20 9.15 9.20 
2016/12/21 9.20 9.27 9.12 9.14 
2016/12/22 9.15 9.19 9.04 9.05 
2016/12/23 9.00 9.08 9.00 9.00 
2016/12/26 9.07 9.07 9.01 9.01 
2016/12/27 9.00 9.01 8.97 8.99 
2016/12/28 8.99 9.05 8.99 9.00 
2016/12/29 9.07 9.18 9.07 9.13 
2016/12/30 9.16 9.21 9.13 9.21 
2017/01/03 9.21 9.22 9.18 9.20 
2017/01/04 9.21 9.24 9.16 9.16 
2017/01/05 9.27 9.98 9.27 9.82 
2017/01/06 9.87 10.05 9.84 9.95 
2017/01/09 9.99 9.99 9.60 9.73 
2017/01/10 9.66 9.79 9.66 9.79 
2017/01/11 9.83 9.83 9.75 9.76 
2017/01/12 9.82 9.84 9.70 9.74 
2017/01/13 9.70 9.80 9.70 9.73 
2017/01/16 9.85 9.87 9.77 9.78 
2017/01/17 9.83 10.05 9.80 9.92 
2017/01/18 9.95 9.98 9.86 9.89 
2017/01/19 9.89 9.89 9.79 9.81 
2017/01/20 9.81 10.25 9.81 10.00 
2017/01/23 10.05 10.10 9.96 9.96 
2017/01/24 10.00 10.05 9.91 9.91 
2017/02/02 9.91 9.99 9.91 9.91 
2017/02/03 9.92 9.98 9.81 9.81 
2017/02/06 9.84 9.90 9.78 9.84 
2017/02/07 9.86 9.88 9.78 9.79 
2017/02/08 9.80 9.82 9.72 9.74 
