2016/07/01 9.71 9.75 9.70 9.72 
2016/07/04 9.72 9.79 9.71 9.74 
2016/07/05 9.57 9.58 9.49 9.54 
2016/07/06 9.54 9.54 9.45 9.46 
2016/07/07 9.46 9.49 9.45 9.46 
2016/07/11 9.50 9.57 9.50 9.52 
2016/07/12 9.52 9.52 9.47 9.49 
2016/07/13 9.51 9.53 9.48 9.50 
2016/07/14 9.50 9.56 9.48 9.56 
2016/07/15 9.56 9.56 9.52 9.53 
2016/07/18 9.58 10.05 9.53 10.05 
2016/07/19 10.05 10.05 9.80 9.87 
2016/07/20 9.80 9.82 9.68 9.70 
2016/07/21 9.71 9.87 9.70 9.76 
2016/07/22 9.77 9.80 9.66 9.68 
2016/07/25 9.69 9.73 9.60 9.68 
2016/07/26 9.68 9.68 9.56 9.62 
2016/07/27 9.62 9.62 9.54 9.54 
2016/07/28 9.56 9.59 9.52 9.58 
2016/07/29 9.53 9.61 9.49 9.50 
2016/08/01 9.50 9.55 9.46 9.47 
2016/08/02 9.48 9.51 9.42 9.42 
2016/08/03 9.41 9.41 9.35 9.40 
2016/08/04 9.40 9.42 9.31 9.34 
2016/08/05 9.33 9.48 9.32 9.47 
2016/08/08 9.48 9.50 9.37 9.38 
2016/08/09 9.41 9.42 9.33 9.36 
2016/08/10 9.36 9.40 9.36 9.36 
2016/08/11 9.36 9.39 9.31 9.34 
2016/08/12 9.34 9.39 9.32 9.35 
2016/08/15 9.39 9.43 9.37 9.43 
2016/08/16 9.38 9.43 9.36 9.43 
2016/08/17 9.43 9.43 9.35 9.40 
2016/08/18 9.40 9.40 9.33 9.34 
2016/08/19 9.35 9.39 9.34 9.35 
2016/08/22 9.31 9.32 9.22 9.26 
2016/08/23 9.30 9.36 9.28 9.35 
2016/08/24 9.35 9.36 9.28 9.30 
2016/08/25 9.32 9.32 9.26 9.30 
2016/08/26 9.31 9.32 9.26 9.28 
2016/08/29 9.30 9.30 9.13 9.13 
2016/08/30 9.14 9.16 9.03 9.07 
2016/08/31 9.09 9.09 9.03 9.03 
2016/09/01 9.05 9.07 8.99 9.00 
2016/09/02 9.02 9.05 9.00 9.01 
2016/09/05 9.04 9.12 9.02 9.11 
2016/09/06 9.10 9.22 9.08 9.22 
2016/09/07 9.22 9.30 9.22 9.29 
2016/09/08 9.30 9.32 9.25 9.29 
2016/09/09 9.28 9.28 9.18 9.26 
2016/09/10 9.22 9.25 9.18 9.20 
2016/09/12 9.19 9.20 9.06 9.09 
2016/09/13 9.11 9.11 9.00 9.02 
2016/09/14 9.01 9.03 8.86 8.86 
2016/09/19 8.92 9.00 8.92 8.93 
2016/09/20 9.00 9.00 8.93 8.95 
2016/09/21 9.00 9.08 8.95 9.07 
2016/09/22 9.07 9.09 9.01 9.03 
2016/09/23 9.05 9.09 9.01 9.01 
2016/09/26 9.07 9.07 9.00 9.02 
2016/09/29 9.07 9.07 9.04 9.05 
2016/09/30 9.07 9.24 9.06 9.21 
2016/10/03 9.35 9.69 9.34 9.56 
2016/10/04 9.56 9.60 9.45 9.57 
2016/10/05 9.59 9.60 9.45 9.47 
2016/10/06 9.50 9.50 9.41 9.43 
2016/10/07 9.43 9.43 9.30 9.33 
2016/10/11 9.35 9.38 9.26 9.27 
2016/10/12 9.28 9.30 9.20 9.27 
2016/10/13 9.27 9.27 9.20 9.26 
2016/10/14 9.24 9.26 9.15 9.17 
2016/10/17 9.17 9.19 9.14 9.16 
2016/10/18 9.17 9.31 9.15 9.29 
2016/10/19 9.30 9.31 9.23 9.26 
2016/10/20 9.35 9.50 9.30 9.49 
2016/10/21 9.59 9.60 9.35 9.35 
2016/10/24 9.41 9.54 9.35 9.52 
2016/10/25 9.52 9.54 9.41 9.43 
2016/10/26 9.44 9.52 9.40 9.49 
2016/10/27 9.50 9.50 9.40 9.45 
2016/10/28 9.45 9.45 9.34 9.36 
2016/10/31 9.32 9.47 9.28 9.30 
2016/11/01 9.30 9.30 9.27 9.28 
2016/11/02 9.24 9.28 9.16 9.17 
2016/11/03 9.16 9.25 9.16 9.17 
2016/11/04 9.13 9.21 9.13 9.17 
2016/11/07 9.18 9.25 9.16 9.21 
2016/11/08 9.19 9.24 9.15 9.19 
2016/11/09 9.20 9.23 9.00 9.01 
2016/11/10 9.05 9.13 9.05 9.11 
2016/11/11 9.09 9.09 9.02 9.05 
2016/11/14 9.05 9.05 9.01 9.05 
2016/11/15 9.09 9.20 9.08 9.15 
2016/11/16 9.20 9.40 9.20 9.31 
2016/11/17 9.31 9.31 9.23 9.25 
2016/11/18 9.26 9.27 9.19 9.22 
2016/11/21 9.23 9.26 9.21 9.26 
2016/11/22 9.26 9.28 9.21 9.21 
2016/11/23 9.25 9.27 9.22 9.23 
2016/11/24 9.25 9.28 9.20 9.24 
2016/11/25 9.24 9.27 9.22 9.25 
2016/11/28 9.25 9.54 9.25 9.51 
2016/11/29 9.50 9.50 9.40 9.41 
2016/11/30 9.41 9.65 9.40 9.61 
2016/12/01 9.59 9.60 9.50 9.55 
2016/12/02 9.61 9.61 9.52 9.53 
2016/12/05 9.60 9.60 9.43 9.43 
2016/12/06 9.45 9.50 9.42 9.43 
2016/12/07 9.44 9.50 9.43 9.48 
2016/12/08 9.50 9.59 9.50 9.58 
2016/12/09 9.59 9.60 9.52 9.54 
2016/12/12 9.56 9.72 9.56 9.62 
2016/12/13 9.68 9.68 9.58 9.59 
2016/12/14 9.60 9.62 9.50 9.55 
2016/12/15 9.55 9.55 9.42 9.53 
2016/12/16 9.53 9.87 9.48 9.81 
2016/12/19 9.81 9.81 9.62 9.62 
2016/12/20 9.65 9.70 9.58 9.70 
2016/12/21 9.73 9.74 9.65 9.66 
2016/12/22 9.70 9.70 9.48 9.50 
2016/12/23 9.48 9.54 9.46 9.49 
2016/12/26 9.50 9.57 9.45 9.46 
2016/12/27 9.45 9.50 9.36 9.39 
2016/12/28 9.43 9.51 9.40 9.49 
2016/12/29 9.51 9.67 9.51 9.62 
2016/12/30 9.65 9.68 9.63 9.68 
2017/01/03 9.68 9.72 9.68 9.71 
2017/01/04 9.72 9.81 9.70 9.78 
2017/01/05 9.88 10.75 9.88 10.75 
2017/01/06 10.75 11.45 10.65 11.25 
2017/01/09 11.25 11.30 10.90 10.95 
2017/01/10 10.95 11.10 10.65 10.75 
2017/01/11 10.85 10.95 10.70 10.85 
2017/01/12 10.85 10.90 10.60 10.65 
2017/01/13 10.65 10.85 10.55 10.65 
2017/01/16 10.75 10.85 10.60 10.65 
2017/01/17 10.70 11.10 10.65 11.05 
2017/01/18 11.10 11.30 10.85 10.85 
2017/01/19 10.85 10.95 10.65 10.70 
2017/01/20 10.70 11.15 10.70 10.90 
2017/01/23 10.95 11.05 10.85 10.90 
2017/01/24 10.95 11.05 10.80 10.90 
2017/02/02 10.95 11.05 10.75 10.85 
2017/02/03 10.90 10.95 10.70 10.75 
2017/02/06 10.90 10.90 10.80 10.85 
2017/02/07 10.90 10.95 10.80 10.90 
2017/02/08 10.90 10.90 10.75 10.85 
