2016/07/01 16.00 16.15 15.95 16.15 
2016/07/04 16.20 16.60 16.20 16.45 
2016/07/05 15.70 16.25 15.65 15.85 
2016/07/06 15.95 15.95 15.45 15.55 
2016/07/07 15.50 15.55 15.00 15.30 
2016/07/11 15.65 15.95 15.60 15.65 
2016/07/12 15.75 16.15 15.70 16.00 
2016/07/13 16.05 16.20 15.85 15.95 
2016/07/14 15.90 15.90 15.70 15.80 
2016/07/15 15.75 15.90 15.55 15.65 
2016/07/18 15.60 15.95 15.50 15.90 
2016/07/19 16.00 16.10 15.80 15.90 
2016/07/20 15.90 16.00 15.80 15.90 
2016/07/21 16.00 16.10 15.85 15.85 
2016/07/22 15.80 15.80 15.55 15.70 
2016/07/25 15.70 15.70 15.50 15.60 
2016/07/26 15.60 15.65 15.50 15.65 
2016/07/27 15.65 15.85 15.65 15.80 
2016/07/28 15.80 15.95 15.70 15.85 
2016/07/29 15.85 15.90 15.80 15.85 
2016/08/01 15.85 16.00 15.80 15.90 
2016/08/02 15.90 16.00 15.80 15.90 
2016/08/03 15.75 16.40 15.75 16.20 
2016/08/04 16.45 16.70 16.20 16.30 
2016/08/05 16.20 16.40 16.20 16.40 
2016/08/08 16.50 16.55 16.30 16.35 
2016/08/09 16.15 16.15 15.60 15.75 
2016/08/10 15.75 15.75 15.45 15.65 
2016/08/11 15.55 15.55 15.20 15.35 
2016/08/12 15.40 15.70 15.30 15.70 
2016/08/15 15.80 16.15 15.80 15.95 
2016/08/16 16.05 16.10 15.80 15.80 
2016/08/17 15.70 15.90 15.70 15.85 
2016/08/18 15.90 16.10 15.75 16.10 
2016/08/19 16.15 16.40 16.10 16.15 
2016/08/22 16.00 16.10 15.80 15.85 
2016/08/23 15.85 15.95 15.70 15.80 
2016/08/24 15.80 15.85 15.65 15.75 
2016/08/25 15.65 15.80 15.50 15.65 
2016/08/26 15.55 15.80 15.55 15.75 
2016/08/29 15.65 15.75 15.45 15.60 
2016/08/30 15.50 15.65 15.50 15.65 
2016/08/31 15.60 15.65 15.50 15.60 
2016/09/01 15.55 15.60 15.50 15.50 
2016/09/02 15.50 15.50 15.15 15.20 
2016/09/05 15.20 15.50 15.20 15.50 
2016/09/06 15.50 15.60 15.40 15.60 
2016/09/07 15.60 16.25 15.55 16.20 
2016/09/08 16.20 16.35 16.15 16.20 
2016/09/09 16.00 16.20 15.75 16.20 
2016/09/10 15.95 16.15 15.85 16.05 
2016/09/12 16.10 16.20 16.00 16.20 
2016/09/13 15.85 16.05 15.65 15.80 
2016/09/14 15.60 16.00 15.35 16.00 
2016/09/19 15.65 15.70 15.40 15.45 
2016/09/20 15.50 15.50 15.20 15.20 
2016/09/21 15.20 15.45 15.20 15.40 
2016/09/22 15.45 15.45 15.20 15.25 
2016/09/23 15.30 15.40 15.30 15.30 
2016/09/26 15.25 15.30 15.20 15.20 
2016/09/29 15.30 15.30 15.05 15.15 
2016/09/30 15.15 15.15 14.95 15.10 
2016/10/03 15.40 15.65 15.40 15.45 
2016/10/04 15.45 15.55 15.30 15.40 
2016/10/05 15.40 15.55 15.30 15.35 
2016/10/06 15.35 15.35 15.30 15.35 
2016/10/07 15.30 15.35 15.20 15.20 
2016/10/11 15.20 15.30 15.00 15.10 
2016/10/12 15.00 15.30 15.00 15.15 
2016/10/13 15.20 15.20 15.05 15.05 
2016/10/14 15.05 15.15 14.90 14.90 
2016/10/17 14.90 15.05 14.90 14.95 
2016/10/18 14.95 15.10 14.90 14.95 
2016/10/19 15.00 15.40 15.00 15.20 
2016/10/20 15.20 15.25 15.10 15.15 
2016/10/21 15.10 15.40 15.10 15.40 
2016/10/24 15.30 15.40 15.20 15.25 
2016/10/25 15.25 15.25 15.05 15.15 
2016/10/26 15.15 15.20 15.10 15.10 
2016/10/27 15.10 15.20 15.00 15.05 
2016/10/28 15.05 15.15 14.95 15.05 
2016/10/31 15.05 15.10 14.95 15.00 
2016/11/01 14.95 15.00 14.80 14.90 
2016/11/02 14.85 14.95 14.25 14.85 
2016/11/03 14.80 15.00 14.60 14.80 
2016/11/04 14.75 15.00 14.70 14.90 
2016/11/07 14.90 14.95 14.80 14.80 
2016/11/08 14.90 15.00 14.80 15.00 
2016/11/09 14.90 15.05 14.80 14.85 
2016/11/10 15.00 15.05 14.90 15.05 
2016/11/11 15.00 15.35 14.90 15.30 
2016/11/14 15.25 15.25 14.95 15.00 
2016/11/15 15.10 15.15 15.00 15.15 
2016/11/16 15.15 15.15 14.90 15.05 
2016/11/17 15.05 15.05 14.85 14.95 
2016/11/18 15.00 15.15 14.95 15.00 
2016/11/21 15.00 15.15 14.90 15.15 
2016/11/22 15.15 15.20 15.05 15.10 
2016/11/23 15.05 15.35 15.05 15.35 
2016/11/24 15.35 15.40 15.25 15.35 
2016/11/25 15.35 15.40 15.30 15.35 
2016/11/28 15.35 16.20 15.35 16.00 
2016/11/29 16.00 16.00 15.85 15.90 
2016/11/30 16.00 16.35 16.00 16.20 
2016/12/01 16.30 16.30 16.05 16.15 
2016/12/02 16.20 16.45 16.05 16.25 
2016/12/05 16.40 16.70 16.20 16.20 
2016/12/06 16.20 16.30 15.95 16.15 
2016/12/07 16.20 16.25 15.90 16.00 
2016/12/08 16.20 16.30 16.00 16.10 
2016/12/09 16.15 16.20 16.00 16.15 
2016/12/12 16.15 16.20 15.95 16.10 
2016/12/13 16.10 16.15 15.55 15.70 
2016/12/14 15.75 15.80 15.55 15.60 
2016/12/15 15.60 15.95 15.55 15.90 
2016/12/16 15.90 15.95 15.70 15.70 
2016/12/19 15.60 15.70 15.50 15.65 
2016/12/20 15.65 15.65 15.55 15.60 
2016/12/21 15.60 15.85 15.60 15.80 
2016/12/22 15.80 15.80 15.55 15.65 
2016/12/23 15.55 15.65 15.40 15.60 
2016/12/26 15.65 15.85 15.65 15.80 
2016/12/27 15.75 15.80 15.65 15.70 
2016/12/28 15.75 15.90 15.70 15.80 
2016/12/29 15.90 16.35 15.90 16.05 
2016/12/30 16.10 16.35 16.05 16.35 
2017/01/03 16.35 17.15 16.35 17.15 
2017/01/04 17.25 17.90 17.25 17.45 
2017/01/05 17.70 18.80 17.70 18.45 
2017/01/06 20.00 20.25 19.25 20.25 
2017/01/09 20.45 20.45 19.90 20.30 
2017/01/10 20.25 22.00 20.10 21.70 
2017/01/11 21.40 21.75 20.80 20.80 
2017/01/12 20.90 21.30 20.55 20.60 
2017/01/13 20.95 21.50 20.00 20.45 
2017/01/16 20.50 21.20 20.40 20.95 
2017/01/17 21.30 22.90 21.20 22.35 
2017/01/18 22.60 23.25 22.35 23.10 
2017/01/19 23.25 23.25 22.35 22.60 
2017/01/20 22.60 24.10 22.50 23.80 
2017/01/23 24.00 24.70 23.65 24.55 
2017/01/24 24.50 25.30 23.80 24.60 
2017/02/02 24.80 25.20 24.20 24.60 
2017/02/03 24.60 24.75 23.90 24.30 
2017/02/06 24.30 25.60 24.10 25.40 
2017/02/07 25.40 25.75 24.40 24.90 
2017/02/08 25.00 25.00 24.55 24.60 
