2016/07/01 24.81 24.87 24.81 24.84 
2016/07/04 24.84 24.99 24.82 24.97 
2016/07/05 24.97 24.97 24.85 24.97 
2016/07/06 24.72 24.85 24.52 24.52 
2016/07/07 24.76 24.76 24.64 24.64 
2016/07/11 24.99 25.06 24.99 25.06 
2016/07/12 25.11 25.20 25.11 25.14 
2016/07/13 25.45 25.45 25.28 25.44 
2016/07/14 25.45 25.57 25.44 25.57 
2016/07/15 25.57 25.91 25.57 25.84 
2016/07/18 25.86 25.92 25.86 25.89 
2016/07/19 25.98 26.08 25.89 26.08 
2016/07/20 26.00 26.15 25.99 25.99 
2016/07/21 26.02 26.41 26.02 26.21 
2016/07/22 26.25 26.35 26.21 26.24 
2016/07/25 26.33 26.42 26.05 26.06 
2016/07/26 26.07 26.20 26.07 26.20 
2016/07/27 26.30 26.47 26.29 26.29 
2016/07/28 26.31 26.46 26.28 26.40 
2016/07/29 26.29 26.29 26.17 26.21 
2016/08/01 26.31 26.51 26.31 26.40 
2016/08/02 26.42 26.50 26.42 26.44 
2016/08/03 26.25 26.33 26.25 26.30 
2016/08/04 26.30 26.30 26.28 26.28 
2016/08/05 26.37 26.75 26.30 26.74 
2016/08/08 26.74 26.78 26.74 26.74 
2016/08/09 26.79 26.80 26.20 26.64 
2016/08/10 26.62 26.62 26.54 26.62 
2016/08/11 26.60 26.60 26.28 26.50 
2016/08/12 26.52 26.68 26.48 26.68 
2016/08/15 26.55 26.55 26.46 26.46 
2016/08/16 26.46 26.63 26.43 26.58 
2016/08/17 26.57 26.57 26.17 26.17 
2016/08/18 26.42 26.53 26.42 26.53 
2016/08/19 26.58 26.64 26.40 26.40 
2016/08/22 26.36 26.36 26.16 26.30 
2016/08/23 26.30 26.30 26.25 26.28 
2016/08/24 26.29 26.30 26.27 26.27 
2016/08/25 26.27 26.45 26.27 26.43 
2016/08/26 26.50 26.59 26.45 26.55 
2016/08/29 26.55 26.55 26.36 26.52 
2016/08/30 26.55 26.66 26.48 26.50 
2016/08/31 26.50 26.50 26.50 26.50 
2016/09/01 26.50 26.50 26.30 26.48 
2016/09/02 26.48 26.48 26.33 26.33 
2016/09/05 26.40 26.50 26.38 26.50 
2016/09/06 26.65 26.83 26.65 26.83 
2016/09/07 26.85 27.01 26.85 27.00 
2016/09/08 27.00 27.15 27.00 27.15 
2016/09/09 26.92 26.94 26.91 26.91 
2016/09/10 26.75 26.75 26.50 26.50 
2016/09/12 26.50 26.50 26.32 26.32 
2016/09/13 26.50 26.60 26.34 26.38 
2016/09/14 26.15 26.18 26.15 26.15 
2016/09/19 26.43 26.77 26.43 26.69 
2016/09/20 26.75 26.89 26.74 26.89 
2016/09/21 26.80 26.96 26.80 26.96 
2016/09/22 27.00 27.08 26.96 26.99 
2016/09/23 27.00 27.16 26.41 26.41 
2016/09/26 26.55 26.98 26.55 26.92 
2016/09/29 26.92 27.11 26.92 27.04 
2016/09/30 27.04 27.12 26.87 27.12 
2016/10/03 27.12 27.12 26.96 26.99 
2016/10/04 27.04 27.10 27.04 27.10 
2016/10/05 27.10 27.10 26.99 27.02 
2016/10/06 27.02 27.13 27.02 27.05 
2016/10/07 27.05 27.10 26.97 26.97 
2016/10/11 27.06 27.10 26.70 26.70 
2016/10/12 26.70 26.95 26.70 26.85 
2016/10/13 26.81 27.00 26.72 27.00 
2016/10/14 26.86 26.86 26.60 26.60 
2016/10/17 26.31 26.50 26.31 26.40 
2016/10/18 26.40 26.70 26.40 26.70 
2016/10/19 26.65 26.65 26.65 26.65 
2016/10/20 26.66 26.70 26.63 26.63 
2016/10/21 26.68 26.68 26.68 26.68 
2016/10/24 26.61 26.78 26.61 26.78 
2016/10/25 26.80 26.90 26.78 26.82 
2016/10/26 26.90 26.90 26.90 26.90 
2016/10/27 26.90 26.90 26.90 26.90 
2016/10/28 26.83 26.83 26.81 26.81 
2016/10/31 26.81 26.81 26.48 26.64 
2016/11/01 26.62 26.62 26.62 26.62 
2016/11/02 26.62 26.62 26.11 26.11 
2016/11/03 26.03 26.03 25.83 25.83 
2016/11/04 25.83 25.83 25.79 25.79 
2016/11/07 25.79 25.95 25.79 25.95 
2016/11/08 26.25 26.25 25.96 25.96 
2016/11/09 26.29 26.29 25.24 25.24 
2016/11/10 25.83 26.09 25.83 26.01 
2016/11/11 25.94 25.94 25.47 25.50 
2016/11/14 25.51 25.85 25.25 25.85 
2016/11/15 25.50 25.65 25.46 25.46 
2016/11/16 25.48 25.70 25.48 25.70 
2016/11/17 25.69 25.69 25.45 25.59 
2016/11/18 25.55 25.59 25.55 25.59 
2016/11/21 25.71 25.76 25.69 25.69 
2016/11/22 25.85 26.00 25.85 26.00 
2016/11/23 25.75 25.75 25.35 25.35 
2016/11/24 25.34 25.38 25.34 25.38 
2016/11/25 25.46 25.46 25.01 25.01 
2016/11/28 25.54 25.66 25.54 25.66 
2016/11/29 25.60 25.70 25.60 25.70 
2016/11/30 25.90 25.90 25.70 25.70 
2016/12/01 25.64 25.70 25.64 25.70 
2016/12/02 25.64 25.64 25.64 25.64 
2016/12/05 25.51 25.51 25.44 25.44 
2016/12/06 25.69 25.69 25.66 25.66 
2016/12/07 25.66 25.70 25.50 25.50 
2016/12/08 25.62 25.85 25.62 25.73 
2016/12/09 25.80 25.88 25.75 25.77 
2016/12/12 25.85 25.85 25.72 25.75 
2016/12/13 25.86 25.86 25.67 25.83 
2016/12/14 25.80 25.90 25.79 25.90 
2016/12/15 25.80 25.80 25.76 25.76 
2016/12/16 25.76 25.90 25.76 25.76 
2016/12/19 26.00 26.00 25.21 25.21 
2016/12/20 25.40 25.50 25.40 25.50 
2016/12/21 25.50 25.50 25.50 25.50 
2016/12/22 25.50 25.50 25.26 25.30 
2016/12/23 25.30 25.30 25.23 25.23 
2016/12/26 25.31 25.31 25.19 25.20 
2016/12/27 25.20 27.72 25.06 27.72 
2016/12/28 25.50 25.50 25.26 25.35 
2016/12/29 25.41 25.48 25.35 25.36 
2016/12/30 25.36 25.63 25.36 25.63 
2017/01/03 25.50 25.60 25.43 25.60 
2017/01/04 25.60 25.60 25.57 25.57 
2017/01/05 25.50 25.85 25.50 25.85 
2017/01/06 26.02 26.02 25.84 25.90 
2017/01/09 26.09 26.09 25.76 25.76 
2017/01/10 25.80 25.94 25.80 25.81 
2017/01/11 26.00 26.00 25.95 26.00 
2017/01/12 26.01 26.10 26.01 26.10 
2017/01/13 26.00 26.14 26.00 26.00 
2017/01/16 26.00 26.00 25.98 25.98 
2017/01/17 25.98 26.10 25.98 26.10 
2017/01/18 26.12 26.18 26.10 26.16 
2017/01/19 25.90 26.16 25.75 26.12 
2017/01/20 26.12 26.17 26.10 26.14 
2017/01/23 25.70 26.35 25.70 26.33 
2017/01/24 26.36 26.47 26.36 26.46 
2017/02/02 26.50 26.91 26.50 26.91 
2017/02/03 26.80 27.15 26.80 27.13 
2017/02/06 27.09 27.38 27.09 27.20 
2017/02/07 27.19 27.33 27.19 27.25 
2017/02/08 27.30 27.35 27.13 27.19 
