2016/07/01 20.54 20.68 20.54 20.68 
2016/07/04 20.67 20.80 20.65 20.76 
2016/07/05 20.68 20.69 20.68 20.69 
2016/07/07 20.45 20.49 20.43 20.49 
2016/07/11 20.74 20.81 20.74 20.80 
2016/07/12 20.82 20.92 20.82 20.92 
2016/07/13 21.10 21.15 21.10 21.13 
2016/07/14 21.14 21.17 21.14 21.17 
2016/07/15 21.27 21.45 21.27 21.41 
2016/07/18 21.52 21.65 21.52 21.56 
2016/07/19 21.73 21.75 21.64 21.75 
2016/07/20 21.72 21.80 21.61 21.61 
2016/07/21 21.88 22.00 20.56 21.90 
2016/07/22 21.90 21.90 21.90 21.90 
2016/07/25 21.70 21.75 21.59 21.75 
2016/07/26 21.70 21.78 21.70 21.75 
2016/07/27 21.90 21.91 21.87 21.87 
2016/07/28 21.76 21.85 21.75 21.85 
2016/07/29 21.80 21.81 21.78 21.78 
2016/08/01 21.78 22.06 21.78 22.00 
2016/08/02 21.95 22.00 21.95 22.00 
2016/08/03 21.83 21.86 21.83 21.86 
2016/08/04 21.87 21.87 21.77 21.77 
2016/08/05 21.85 22.05 21.81 22.05 
2016/08/08 22.01 22.09 22.01 22.04 
2016/08/09 22.10 22.12 22.08 22.08 
2016/08/10 22.00 22.02 21.98 21.98 
2016/08/11 22.00 22.01 21.98 22.01 
2016/08/12 21.89 21.89 21.83 21.84 
2016/08/15 21.95 21.98 21.93 21.95 
2016/08/16 22.04 22.06 21.98 21.99 
2016/08/17 21.89 21.93 21.83 21.93 
2016/08/18 21.81 21.85 21.80 21.81 
2016/08/19 22.00 22.02 21.71 21.74 
2016/08/22 21.74 21.74 21.73 21.73 
2016/08/23 21.85 21.85 21.85 21.85 
2016/08/24 21.85 21.85 21.85 21.85 
2016/08/25 22.02 22.04 21.94 22.04 
2016/08/26 22.19 22.20 22.09 22.20 
2016/08/29 21.89 21.99 21.89 21.99 
2016/08/30 22.22 22.22 22.06 22.06 
2016/08/31 21.95 21.95 21.88 21.95 
2016/09/01 21.54 21.58 21.54 21.57 
2016/09/02 21.57 21.71 21.57 21.71 
2016/09/05 21.99 21.99 21.86 21.97 
2016/09/06 22.15 22.23 22.15 22.21 
2016/09/07 22.21 22.36 22.21 22.33 
2016/09/08 22.33 22.36 22.33 22.36 
2016/09/09 22.07 22.07 22.04 22.07 
2016/09/10 21.73 21.75 21.69 21.72 
2016/09/12 21.66 21.69 21.66 21.67 
2016/09/13 21.57 21.60 21.44 21.44 
2016/09/14 21.62 21.64 21.62 21.64 
2016/09/19 22.02 22.30 22.02 22.30 
2016/09/20 22.23 22.26 22.23 22.26 
2016/09/21 22.29 22.29 22.29 22.29 
2016/09/22 22.40 22.43 22.39 22.39 
2016/09/23 22.39 22.50 22.37 22.50 
2016/09/29 22.50 22.52 22.41 22.52 
2016/09/30 22.27 22.27 22.27 22.27 
2016/10/03 22.37 22.37 22.37 22.37 
2016/10/04 22.44 22.53 22.44 22.53 
2016/10/05 22.50 22.56 22.50 22.56 
2016/10/06 22.49 22.49 22.49 22.49 
2016/10/07 22.48 22.48 22.45 22.46 
2016/10/11 22.58 22.58 22.28 22.43 
2016/10/12 22.37 22.51 22.36 22.51 
2016/10/13 22.30 22.40 22.30 22.40 
2016/10/14 22.32 22.32 22.24 22.24 
2016/10/17 22.02 22.08 22.02 22.08 
2016/10/18 22.10 22.36 22.10 22.36 
2016/10/19 22.51 22.51 22.51 22.51 
2016/10/20 22.53 22.59 22.53 22.59 
2016/10/21 22.67 22.69 22.66 22.66 
2016/10/24 22.64 22.64 22.61 22.63 
2016/10/25 22.71 22.82 22.71 22.79 
2016/10/26 22.84 22.84 22.77 22.80 
2016/10/27 22.76 22.76 22.58 22.63 
2016/10/28 22.53 22.57 22.52 22.57 
2016/10/31 22.48 22.48 22.44 22.44 
2016/11/01 22.55 22.61 22.55 22.61 
2016/11/02 22.41 22.41 22.41 22.41 
2016/11/03 22.06 22.06 22.05 22.05 
2016/11/04 22.00 22.00 22.00 22.00 
2016/11/07 22.09 22.18 22.09 22.18 
2016/11/08 22.34 22.34 22.24 22.24 
2016/11/09 22.27 22.27 21.61 21.61 
2016/11/10 22.15 22.15 22.15 22.15 
2016/11/11 21.80 21.80 21.35 21.35 
2016/11/14 21.35 21.35 21.02 21.20 
2016/11/15 21.29 21.29 21.27 21.27 
2016/11/17 21.37 21.37 21.10 21.10 
2016/11/18 21.09 21.30 21.07 21.30 
2016/11/21 21.19 21.29 21.19 21.29 
2016/11/22 21.59 21.69 21.54 21.69 
2016/11/23 21.05 21.05 20.91 20.91 
2016/11/24 21.00 21.00 20.98 20.98 
2016/11/25 20.80 20.81 20.80 20.81 
2016/11/28 21.05 21.05 20.96 21.02 
2016/11/29 21.02 21.12 21.02 21.12 
2016/11/30 21.07 21.07 21.07 21.07 
2016/12/01 21.07 21.24 21.07 21.24 
2016/12/02 20.88 20.90 20.88 20.90 
2016/12/05 20.93 20.93 20.81 20.83 
2016/12/06 21.08 21.08 21.05 21.05 
2016/12/07 21.20 21.21 21.20 21.21 
2016/12/08 21.25 21.36 21.25 21.36 
2016/12/09 21.36 21.50 21.36 21.48 
2016/12/12 21.50 21.55 21.50 21.50 
2016/12/13 21.50 21.51 21.43 21.43 
2016/12/15 21.26 21.26 21.26 21.26 
2016/12/19 21.32 21.32 21.32 21.32 
2016/12/20 21.10 21.15 21.10 21.15 
2016/12/22 20.70 21.08 20.70 21.00 
2016/12/23 21.00 21.00 20.88 20.88 
2016/12/27 20.95 20.95 20.95 20.95 
2016/12/28 20.96 20.96 20.95 20.96 
2016/12/29 20.96 20.96 20.95 20.95 
2016/12/30 21.14 21.18 21.14 21.18 
2017/01/03 21.13 21.16 21.13 21.16 
2017/01/04 21.25 21.25 21.21 21.22 
2017/01/05 21.30 21.37 21.30 21.37 
2017/01/06 21.43 21.46 21.42 21.46 
2017/01/09 21.59 21.66 21.53 21.53 
2017/01/10 21.49 21.49 21.49 21.49 
2017/01/11 21.63 21.63 21.42 21.45 
2017/01/12 21.64 21.64 21.57 21.57 
2017/01/13 21.61 21.61 21.58 21.60 
2017/01/16 21.46 21.46 21.45 21.45 
2017/01/17 21.68 21.68 21.68 21.68 
2017/01/18 21.60 21.62 21.59 21.59 
2017/01/19 21.60 21.62 21.50 21.61 
2017/01/20 21.16 21.64 21.16 21.64 
2017/01/23 21.15 21.79 21.15 21.79 
2017/01/24 21.78 21.84 21.78 21.83 
2017/02/02 22.10 22.27 21.94 21.94 
2017/02/03 22.04 22.04 21.97 21.97 
2017/02/06 22.09 22.16 22.09 22.16 
2017/02/07 22.19 22.22 22.19 22.22 
2017/02/08 22.26 22.31 22.25 22.31 
