2016/07/01 16.75 16.80 16.40 16.75 
2016/07/04 16.85 16.85 16.35 16.45 
2016/07/05 16.50 16.50 16.00 16.15 
2016/07/06 16.20 16.20 15.90 16.20 
2016/07/07 16.40 16.50 15.80 16.35 
2016/07/11 16.45 16.45 16.15 16.40 
2016/07/12 16.45 16.45 16.25 16.30 
2016/07/13 16.20 16.55 16.20 16.45 
2016/07/14 16.45 16.45 16.25 16.30 
2016/07/15 16.45 16.45 16.20 16.45 
2016/07/18 16.20 16.35 16.15 16.35 
2016/07/19 16.30 16.40 16.20 16.25 
2016/07/20 16.20 16.25 16.05 16.10 
2016/07/21 16.35 16.35 16.15 16.20 
2016/07/22 16.30 16.30 16.00 16.20 
2016/07/25 16.05 16.05 16.00 16.00 
2016/07/26 16.00 16.30 15.95 16.05 
2016/07/27 15.75 15.90 15.70 15.75 
2016/07/28 16.00 16.00 15.75 15.80 
2016/07/29 15.70 15.95 15.70 15.95 
2016/08/01 15.90 16.00 15.70 15.70 
2016/08/02 15.80 15.80 15.50 15.70 
2016/08/03 15.60 15.85 15.60 15.85 
2016/08/04 15.60 15.80 15.60 15.80 
2016/08/05 16.00 16.00 15.55 15.80 
2016/08/08 15.80 16.75 15.75 16.70 
2016/08/09 17.25 18.35 16.85 17.90 
2016/08/10 18.00 18.00 17.20 17.85 
2016/08/11 17.80 17.80 17.40 17.60 
2016/08/12 18.10 18.10 17.60 18.00 
2016/08/15 18.40 18.55 17.60 18.10 
2016/08/16 17.80 18.10 17.20 17.80 
2016/08/17 17.80 19.55 17.80 19.55 
2016/08/18 20.00 21.50 20.00 21.50 
2016/08/19 22.50 22.60 20.25 20.40 
2016/08/22 20.40 21.10 20.20 20.70 
2016/08/23 21.00 21.25 20.75 20.85 
2016/08/24 21.00 22.55 20.90 21.35 
2016/08/25 21.45 21.80 20.55 20.90 
2016/08/26 21.30 21.30 20.65 20.80 
2016/08/29 20.75 21.00 20.60 20.70 
2016/08/30 20.90 21.10 20.70 20.70 
2016/08/31 20.65 21.90 20.60 21.25 
2016/09/01 20.85 21.25 20.45 20.50 
2016/09/02 20.95 21.05 20.60 20.60 
2016/09/05 20.50 21.25 20.50 21.20 
2016/09/06 21.30 22.20 20.85 21.65 
2016/09/07 21.95 22.20 21.40 21.40 
2016/09/08 22.00 22.85 21.50 22.70 
2016/09/09 22.50 23.40 22.20 22.60 
2016/09/10 22.75 22.75 21.80 21.80 
2016/09/12 21.85 21.90 20.95 20.95 
2016/09/13 21.40 21.40 20.00 20.05 
2016/09/14 19.90 20.50 19.90 20.15 
2016/09/19 20.10 20.95 20.10 20.60 
2016/09/20 20.35 20.50 19.00 19.30 
2016/09/21 19.20 19.80 19.15 19.25 
2016/09/22 19.60 19.90 19.30 19.45 
2016/09/23 19.60 19.60 18.60 19.30 
2016/09/26 19.30 19.30 18.80 18.80 
2016/09/29 18.80 19.00 18.60 18.90 
2016/09/30 18.65 18.80 18.55 18.60 
2016/10/03 18.80 18.80 18.40 18.60 
2016/10/04 18.60 18.60 17.60 17.90 
2016/10/05 17.90 17.90 17.20 17.30 
2016/10/06 17.30 18.50 17.30 17.95 
2016/10/07 18.15 18.15 17.75 17.75 
2016/10/11 17.60 17.60 16.00 16.20 
2016/10/12 15.85 16.25 15.80 15.90 
2016/10/13 16.00 16.00 15.80 15.90 
2016/10/14 15.85 16.00 15.45 15.65 
2016/10/17 15.65 15.75 15.50 15.55 
2016/10/18 15.70 16.40 15.70 16.00 
2016/10/19 15.90 16.30 15.90 16.20 
2016/10/20 16.20 16.20 15.85 15.85 
2016/10/21 16.00 16.00 15.80 15.90 
2016/10/24 15.80 15.80 15.60 15.70 
2016/10/25 15.70 15.70 15.50 15.60 
2016/10/26 15.60 15.60 15.50 15.50 
2016/10/27 15.60 15.65 15.50 15.60 
2016/10/28 15.60 16.00 15.60 15.60 
2016/10/31 15.50 15.65 15.00 15.20 
2016/11/01 15.10 15.20 15.05 15.15 
2016/11/02 15.00 15.15 14.75 14.75 
2016/11/03 14.75 14.80 14.10 14.10 
2016/11/04 14.50 14.50 14.00 14.45 
2016/11/07 14.45 14.70 14.30 14.70 
2016/11/08 14.50 14.70 14.50 14.70 
2016/11/09 14.25 14.25 13.25 13.35 
2016/11/10 13.80 14.00 13.40 14.00 
2016/11/11 14.00 14.90 13.85 14.30 
2016/11/14 14.70 14.70 14.20 14.50 
2016/11/15 14.50 14.60 14.30 14.50 
2016/11/16 14.60 14.60 14.15 14.15 
2016/11/17 14.50 14.50 14.00 14.30 
2016/11/18 13.90 14.20 13.80 14.00 
2016/11/21 14.40 14.40 14.05 14.25 
2016/11/22 14.10 14.20 13.75 13.80 
2016/11/23 13.80 14.00 13.75 13.90 
2016/11/24 13.75 14.00 13.50 13.70 
2016/11/25 13.75 13.85 13.60 13.85 
2016/11/28 14.00 14.10 13.70 13.95 
2016/11/29 13.95 14.20 13.95 14.20 
2016/11/30 14.40 14.90 14.25 14.25 
2016/12/01 14.20 14.25 13.95 13.95 
2016/12/02 13.80 13.95 13.70 13.80 
2016/12/05 13.80 13.90 13.65 13.65 
2016/12/06 13.80 13.80 13.60 13.60 
2016/12/07 13.50 13.75 13.35 13.55 
2016/12/08 13.60 13.70 13.40 13.60 
2016/12/09 13.60 13.60 13.50 13.55 
2016/12/12 13.55 14.10 13.30 13.80 
2016/12/13 13.80 15.00 13.80 14.40 
2016/12/14 14.60 14.60 13.90 13.95 
2016/12/15 13.95 14.00 13.50 13.50 
2016/12/16 13.55 13.90 13.50 13.55 
2016/12/19 13.60 13.65 13.45 13.45 
2016/12/20 13.95 13.95 13.45 13.45 
2016/12/21 13.50 13.60 13.40 13.60 
2016/12/22 13.50 13.50 13.30 13.40 
2016/12/23 13.45 13.50 13.30 13.35 
2016/12/26 13.40 13.40 13.40 13.40 
2016/12/27 13.45 13.45 13.30 13.30 
2016/12/28 13.40 13.75 13.40 13.70 
2016/12/29 13.65 13.95 13.65 13.75 
2016/12/30 13.80 13.80 13.75 13.80 
2017/01/03 13.80 14.05 13.80 14.05 
2017/01/04 14.25 14.25 13.80 14.00 
2017/01/05 13.95 13.95 13.75 13.80 
2017/01/06 13.75 14.10 13.65 14.00 
2017/01/09 14.10 15.40 14.10 15.40 
2017/01/10 15.40 15.50 14.40 14.85 
2017/01/11 14.70 15.10 14.70 14.90 
2017/01/12 15.25 16.35 15.25 16.35 
2017/01/13 16.20 17.90 16.00 17.45 
2017/01/16 17.00 17.15 16.60 17.00 
2017/01/17 17.10 18.20 16.60 17.80 
2017/01/18 17.75 18.20 17.55 17.75 
2017/01/19 17.60 18.20 17.30 17.40 
2017/01/20 17.35 17.95 17.20 17.25 
2017/01/23 17.10 17.55 17.10 17.35 
2017/01/24 17.35 18.35 17.35 18.20 
2017/02/02 18.20 18.80 18.20 18.40 
2017/02/03 18.20 18.55 18.15 18.35 
2017/02/06 18.40 18.45 18.25 18.40 
2017/02/07 18.40 19.30 18.40 19.10 
2017/02/08 19.10 19.25 18.90 18.95 
