2016/07/01 8.99 9.14 8.98 9.01 
2016/07/04 9.02 9.02 8.88 8.97 
2016/07/05 8.98 9.24 8.98 9.02 
2016/07/06 8.98 9.07 8.80 9.07 
2016/07/07 9.08 9.08 8.81 9.03 
2016/07/11 9.07 9.07 8.81 8.86 
2016/07/12 8.86 8.96 8.86 8.86 
2016/07/13 9.30 9.33 9.04 9.12 
2016/07/14 9.01 9.20 9.01 9.05 
2016/07/15 9.10 9.10 8.88 8.91 
2016/07/18 8.96 9.04 8.90 8.93 
2016/07/19 8.93 9.05 8.90 8.95 
2016/07/20 8.98 9.00 8.91 8.95 
2016/07/21 8.95 9.03 8.95 8.95 
2016/07/22 8.95 8.95 8.85 8.95 
2016/07/25 8.99 8.99 8.85 8.85 
2016/07/26 8.86 9.08 8.86 9.04 
2016/07/27 9.15 9.15 8.96 8.96 
2016/07/28 9.00 9.00 8.70 8.81 
2016/07/29 8.80 8.89 8.74 8.74 
2016/08/01 8.70 8.80 8.67 8.73 
2016/08/02 8.73 8.73 8.53 8.59 
2016/08/03 8.57 8.59 8.46 8.59 
2016/08/04 8.72 9.05 8.59 8.97 
2016/08/05 8.97 9.04 8.91 8.91 
2016/08/08 9.04 9.09 8.78 8.80 
2016/08/09 8.80 8.89 8.75 8.75 
2016/08/10 8.75 8.75 8.62 8.62 
2016/08/11 8.62 8.62 8.54 8.56 
2016/08/12 8.50 8.65 8.50 8.51 
2016/08/15 8.56 8.62 8.50 8.55 
2016/08/16 8.70 8.70 8.57 8.57 
2016/08/17 8.57 8.68 8.50 8.68 
2016/08/18 8.68 8.68 8.51 8.56 
2016/08/19 8.51 8.63 8.48 8.55 
2016/08/22 8.46 8.50 8.43 8.45 
2016/08/23 8.40 8.56 8.35 8.45 
2016/08/24 8.45 8.45 8.35 8.35 
2016/08/25 8.32 8.34 8.25 8.25 
2016/08/26 8.40 8.49 8.36 8.41 
2016/08/29 8.40 8.57 8.35 8.53 
2016/08/30 8.46 8.65 8.41 8.65 
2016/08/31 8.69 9.50 8.65 9.11 
2016/09/01 8.80 8.89 8.65 8.65 
2016/09/02 8.69 8.81 8.48 8.48 
2016/09/05 8.65 8.65 8.45 8.55 
2016/09/06 8.61 8.66 8.55 8.55 
2016/09/07 8.64 8.67 8.53 8.53 
2016/09/08 8.53 8.61 8.46 8.50 
2016/09/09 8.58 8.60 8.46 8.51 
2016/09/10 8.49 8.89 8.47 8.76 
2016/09/12 8.74 8.74 8.53 8.53 
2016/09/13 8.61 8.61 8.50 8.55 
2016/09/14 8.50 8.51 8.46 8.48 
2016/09/19 8.64 8.72 8.52 8.64 
2016/09/20 8.65 8.78 8.53 8.68 
2016/09/21 8.72 8.80 8.57 8.80 
2016/09/22 8.72 8.78 8.60 8.61 
2016/09/23 8.68 8.68 8.56 8.56 
2016/09/26 8.58 8.58 8.51 8.51 
2016/09/29 8.48 8.56 8.48 8.50 
2016/09/30 8.48 8.59 8.45 8.46 
2016/10/03 8.50 8.50 8.35 8.46 
2016/10/04 8.45 8.46 8.36 8.39 
2016/10/05 8.43 8.43 8.31 8.32 
2016/10/06 8.45 8.45 8.35 8.35 
2016/10/07 8.32 8.34 8.31 8.32 
2016/10/11 8.33 8.40 8.05 8.10 
2016/10/12 8.06 8.08 7.93 7.93 
2016/10/13 8.04 8.10 7.97 8.00 
2016/10/14 8.00 8.09 7.80 7.80 
2016/10/17 7.85 7.85 7.62 7.70 
2016/10/18 7.85 7.85 7.62 7.66 
2016/10/19 7.67 8.10 7.63 7.97 
2016/10/20 7.95 8.60 7.95 8.51 
2016/10/21 8.41 8.59 8.17 8.53 
2016/10/24 8.53 8.69 8.42 8.53 
2016/10/25 8.50 8.75 8.50 8.60 
2016/10/26 8.60 8.75 8.60 8.72 
2016/10/27 8.72 8.77 8.31 8.74 
2016/10/28 8.55 9.00 8.52 9.00 
2016/10/31 9.00 9.00 8.76 8.88 
2016/11/01 8.75 8.90 8.67 8.87 
2016/11/02 8.86 9.01 8.51 8.89 
2016/11/03 8.89 8.89 8.67 8.70 
2016/11/04 8.71 8.82 8.67 8.82 
2016/11/07 8.82 8.93 8.72 8.72 
2016/11/08 8.70 8.80 8.62 8.64 
2016/11/09 8.70 8.90 8.40 8.89 
2016/11/10 8.62 9.07 8.62 9.00 
2016/11/11 8.83 9.25 8.58 9.25 
2016/11/14 9.25 9.25 8.99 9.06 
2016/11/15 9.02 9.45 9.02 9.35 
2016/11/16 9.35 9.35 9.11 9.20 
2016/11/17 9.18 9.25 9.09 9.21 
2016/11/18 9.21 9.22 9.11 9.20 
2016/11/21 9.20 9.28 9.10 9.10 
2016/11/22 9.10 9.14 8.90 8.90 
2016/11/23 8.89 8.90 8.60 8.60 
2016/11/24 8.60 8.70 8.58 8.58 
2016/11/25 8.58 8.60 8.50 8.59 
2016/11/28 8.65 8.74 8.58 8.58 
2016/11/29 8.50 8.95 8.50 8.90 
2016/11/30 8.90 8.90 8.62 8.64 
2016/12/01 8.66 8.88 8.65 8.80 
2016/12/02 8.80 8.91 8.71 8.90 
2016/12/05 8.90 8.90 8.72 8.80 
2016/12/06 8.75 8.80 8.69 8.70 
2016/12/07 8.70 8.70 8.65 8.66 
2016/12/08 8.70 8.73 8.64 8.65 
2016/12/09 8.65 8.72 8.53 8.65 
2016/12/12 8.60 8.69 8.60 8.69 
2016/12/13 8.65 8.65 8.50 8.51 
2016/12/14 8.52 8.77 8.52 8.65 
2016/12/15 8.60 8.71 8.51 8.52 
2016/12/16 8.55 8.63 8.52 8.62 
2016/12/19 8.62 8.62 8.52 8.53 
2016/12/20 8.55 8.55 8.53 8.54 
2016/12/21 8.58 8.68 8.52 8.52 
2016/12/22 8.60 8.60 8.52 8.56 
2016/12/23 8.52 8.53 8.52 8.52 
2016/12/26 8.50 8.55 8.46 8.50 
2016/12/27 8.67 8.75 8.56 8.69 
2016/12/28 8.67 8.76 8.66 8.66 
2016/12/29 8.66 8.73 8.52 8.53 
2016/12/30 8.48 8.69 8.48 8.60 
2017/01/03 8.70 8.70 8.47 8.55 
2017/01/04 8.50 8.64 8.50 8.55 
2017/01/05 8.59 8.62 8.57 8.58 
2017/01/06 8.60 8.68 8.51 8.52 
2017/01/09 8.73 8.73 8.52 8.64 
2017/01/10 8.60 8.60 8.53 8.57 
2017/01/11 8.56 8.56 8.48 8.49 
2017/01/12 8.50 8.55 8.45 8.53 
2017/01/13 8.46 8.55 8.46 8.46 
2017/01/16 8.46 8.59 8.46 8.49 
2017/01/17 8.50 8.55 8.45 8.45 
2017/01/18 8.50 8.50 8.41 8.49 
2017/01/19 8.48 8.50 8.47 8.47 
2017/01/20 8.48 8.50 8.46 8.50 
2017/01/23 8.50 8.51 8.46 8.49 
2017/01/24 8.63 8.63 8.46 8.49 
2017/02/02 8.50 8.50 8.36 8.40 
2017/02/03 8.60 8.60 8.42 8.50 
2017/02/06 8.49 8.55 8.49 8.52 
2017/02/07 8.55 8.55 8.48 8.55 
2017/02/08 8.51 8.64 8.51 8.57 
