2016/07/01 5.35 5.35 5.28 5.34 
2016/07/04 5.42 5.42 5.38 5.42 
2016/07/05 5.47 5.47 5.45 5.45 
2016/07/06 5.45 5.45 5.25 5.40 
2016/07/07 5.37 5.47 5.30 5.47 
2016/07/11 5.36 5.54 5.36 5.51 
2016/07/12 5.40 5.40 5.35 5.35 
2016/07/13 5.35 5.40 5.35 5.40 
2016/07/14 5.35 5.35 5.30 5.30 
2016/07/15 5.30 5.42 5.30 5.30 
2016/07/18 5.30 5.32 5.30 5.31 
2016/07/19 5.29 5.37 5.25 5.26 
2016/07/20 5.25 5.33 5.25 5.26 
2016/07/21 5.30 5.30 5.30 5.30 
2016/07/22 5.30 5.30 5.28 5.30 
2016/07/25 5.27 5.28 5.27 5.28 
2016/07/26 5.29 5.31 5.29 5.31 
2016/07/28 5.29 5.38 5.29 5.32 
2016/07/29 5.32 5.32 5.32 5.32 
2016/08/01 5.30 5.31 5.27 5.27 
2016/08/02 5.28 5.30 5.28 5.29 
2016/08/03 5.29 5.31 5.28 5.28 
2016/08/04 5.49 5.49 5.33 5.35 
2016/08/05 5.35 5.40 5.30 5.40 
2016/08/08 5.40 5.48 5.40 5.46 
2016/08/09 5.42 5.42 5.35 5.35 
2016/08/10 5.36 5.49 5.35 5.49 
2016/08/11 5.37 5.40 5.31 5.40 
2016/08/12 5.35 5.43 5.32 5.35 
2016/08/15 5.35 5.35 5.30 5.32 
2016/08/16 5.32 5.40 5.30 5.40 
2016/08/17 5.40 5.40 5.40 5.40 
2016/08/18 5.48 5.48 5.40 5.42 
2016/08/19 5.42 5.96 5.42 5.96 
2016/08/22 5.92 6.29 5.80 6.10 
2016/08/23 5.80 6.25 5.80 6.17 
2016/08/24 6.02 6.10 6.02 6.06 
2016/08/25 6.02 6.17 6.02 6.10 
2016/08/26 6.06 6.20 6.05 6.15 
2016/08/29 6.10 6.29 6.00 6.29 
2016/08/30 6.29 6.64 6.12 6.60 
2016/08/31 6.60 7.00 6.60 6.74 
2016/09/01 6.35 6.75 6.35 6.70 
2016/09/02 6.50 6.72 6.50 6.50 
2016/09/05 6.50 6.55 6.50 6.55 
2016/09/06 6.55 6.55 6.53 6.55 
2016/09/07 6.53 6.55 6.40 6.55 
2016/09/08 6.53 6.53 6.48 6.50 
2016/09/09 6.48 6.50 6.30 6.49 
2016/09/10 6.42 6.65 6.30 6.65 
2016/09/12 6.39 6.42 6.30 6.40 
2016/09/13 6.55 6.80 6.50 6.50 
2016/09/14 6.59 6.63 6.42 6.50 
2016/09/19 6.75 6.75 6.33 6.69 
2016/09/20 6.45 6.62 6.35 6.62 
2016/09/21 6.60 6.65 6.53 6.53 
2016/09/22 6.41 6.55 6.41 6.48 
2016/09/23 6.47 6.59 6.47 6.55 
2016/09/26 6.53 6.53 6.50 6.50 
2016/09/29 6.50 6.57 6.50 6.53 
2016/09/30 6.50 6.56 6.35 6.56 
2016/10/03 6.50 6.53 6.50 6.50 
2016/10/04 6.55 6.55 6.45 6.46 
2016/10/05 6.36 6.50 6.36 6.50 
2016/10/06 6.40 6.95 6.40 6.74 
2016/10/07 6.85 7.04 6.74 6.78 
2016/10/11 6.50 6.58 6.30 6.40 
2016/10/12 6.42 6.56 6.42 6.56 
2016/10/13 6.60 6.60 6.45 6.58 
2016/10/14 6.50 6.58 6.40 6.40 
2016/10/17 6.40 6.40 6.20 6.40 
2016/10/18 6.40 6.40 6.26 6.40 
2016/10/19 6.40 6.50 6.40 6.40 
2016/10/20 6.40 6.60 6.30 6.60 
2016/10/21 6.60 6.61 6.41 6.43 
2016/10/24 6.43 6.43 6.30 6.30 
2016/10/25 6.50 6.50 6.38 6.50 
2016/10/28 6.36 6.36 6.36 6.36 
2016/11/01 6.30 6.35 6.30 6.35 
2016/11/02 6.30 6.30 6.20 6.20 
2016/11/03 6.11 6.20 6.11 6.20 
2016/11/04 6.10 6.20 6.10 6.12 
2016/11/07 6.12 6.49 6.12 6.49 
2016/11/08 6.49 6.49 6.21 6.40 
2016/11/09 6.01 6.38 6.01 6.38 
2016/11/10 6.30 6.98 6.30 6.97 
2016/11/11 6.68 6.68 6.61 6.61 
2016/11/14 6.10 6.54 6.10 6.54 
2016/11/15 6.54 6.69 6.44 6.44 
2016/11/16 6.44 6.44 6.24 6.43 
2016/11/17 6.48 6.70 6.40 6.60 
2016/11/18 6.20 6.60 6.20 6.54 
2016/11/22 6.30 6.44 6.23 6.23 
2016/11/23 6.55 6.55 6.20 6.36 
2016/11/24 6.20 6.21 6.20 6.21 
2016/11/25 6.36 6.36 6.34 6.34 
2016/11/28 6.20 6.32 6.20 6.32 
2016/11/29 6.32 6.32 6.25 6.25 
2016/11/30 6.25 6.30 6.20 6.23 
2016/12/01 6.18 6.18 6.18 6.18 
2016/12/02 6.15 6.15 6.15 6.15 
2016/12/05 6.13 6.20 6.02 6.02 
2016/12/06 6.02 6.20 6.02 6.20 
2016/12/07 6.26 6.47 6.26 6.26 
2016/12/08 6.26 6.38 6.25 6.37 
2016/12/09 6.30 6.30 6.25 6.30 
2016/12/12 6.35 6.35 6.25 6.25 
2016/12/13 6.45 6.45 6.45 6.45 
2016/12/14 6.15 6.54 6.15 6.25 
2016/12/15 6.25 6.30 6.12 6.30 
2016/12/16 6.20 6.20 6.16 6.16 
2016/12/19 6.16 6.17 6.16 6.17 
2016/12/20 6.29 6.40 6.20 6.37 
2016/12/21 6.40 6.40 6.25 6.25 
2016/12/22 6.30 6.40 6.25 6.25 
2016/12/23 6.30 6.30 6.30 6.30 
2016/12/27 6.30 6.34 6.30 6.34 
2016/12/28 6.35 6.35 6.30 6.35 
2016/12/29 6.35 6.35 6.35 6.35 
2016/12/30 6.22 6.45 6.22 6.45 
2017/01/03 6.47 6.47 6.44 6.44 
2017/01/04 6.17 6.43 6.17 6.21 
2017/01/05 6.20 6.31 6.20 6.31 
2017/01/09 6.50 6.50 6.50 6.50 
2017/01/10 6.38 6.44 6.38 6.44 
2017/01/11 6.50 6.50 6.29 6.29 
2017/01/12 6.23 6.30 6.23 6.30 
2017/01/13 6.39 6.39 6.25 6.26 
2017/01/16 6.26 6.26 6.26 6.26 
2017/01/17 6.22 6.44 6.21 6.39 
2017/01/18 6.49 6.49 6.31 6.31 
2017/01/19 6.31 6.31 6.22 6.22 
2017/01/20 6.32 6.34 6.26 6.26 
2017/01/23 6.20 6.23 6.20 6.22 
2017/01/24 6.38 6.45 6.25 6.45 
2017/02/02 6.49 6.67 6.49 6.51 
2017/02/03 6.50 6.58 6.50 6.58 
2017/02/06 6.48 6.63 6.41 6.60 
2017/02/07 6.60 6.77 6.55 6.55 
2017/02/08 6.60 7.20 6.60 7.20 
