2016/07/01 45.50 45.50 44.90 44.90 
2016/07/04 45.00 45.30 45.00 45.10 
2016/07/05 45.60 45.60 44.95 44.95 
2016/07/06 45.20 45.20 44.40 44.45 
2016/07/07 44.35 45.40 44.35 45.25 
2016/07/11 46.00 46.00 45.60 45.60 
2016/07/12 45.65 45.85 45.60 45.65 
2016/07/13 45.75 46.10 45.35 45.80 
2016/07/14 45.80 47.10 45.80 46.85 
2016/07/15 44.25 44.85 44.25 44.45 
2016/07/18 44.45 44.85 44.15 44.55 
2016/07/19 44.60 45.35 44.30 45.00 
2016/07/20 45.00 45.65 44.70 45.05 
2016/07/21 45.35 49.00 45.20 47.90 
2016/07/22 47.50 47.90 47.15 47.90 
2016/07/25 48.30 48.30 46.60 47.05 
2016/07/26 47.40 49.00 47.10 48.85 
2016/07/27 48.55 49.50 48.50 49.40 
2016/07/28 49.30 49.50 48.20 48.55 
2016/07/29 48.70 48.95 48.20 48.75 
2016/08/01 48.75 49.40 48.75 49.40 
2016/08/02 49.70 49.75 48.90 49.10 
2016/08/03 48.50 49.00 48.40 48.60 
2016/08/04 48.60 49.15 48.55 48.75 
2016/08/05 48.75 48.90 48.15 48.20 
2016/08/08 48.05 48.50 48.05 48.20 
2016/08/09 48.30 48.50 47.80 47.80 
2016/08/10 48.00 48.00 47.30 47.90 
2016/08/11 48.05 48.75 48.00 48.60 
2016/08/12 48.65 50.70 48.25 50.50 
2016/08/15 50.40 50.80 50.00 50.70 
2016/08/16 51.00 51.30 49.50 49.50 
2016/08/17 49.15 49.70 49.05 49.50 
2016/08/18 49.60 50.00 49.30 49.80 
2016/08/19 49.90 50.30 48.75 49.00 
2016/08/22 48.75 48.75 47.70 48.00 
2016/08/23 48.00 49.20 48.00 49.10 
2016/08/24 49.10 49.35 48.80 49.00 
2016/08/25 49.05 49.10 48.75 48.85 
2016/08/26 49.10 49.35 48.85 49.00 
2016/08/29 49.10 49.10 48.60 49.05 
2016/08/30 49.50 50.20 49.50 49.95 
2016/08/31 50.20 50.70 49.90 49.90 
2016/09/01 50.00 50.00 49.10 49.15 
2016/09/02 49.25 49.25 48.30 48.50 
2016/09/05 48.55 49.40 48.55 49.15 
2016/09/06 49.15 49.25 48.95 49.15 
2016/09/07 49.30 49.60 49.15 49.15 
2016/09/08 50.30 51.70 50.10 51.20 
2016/09/09 51.20 52.10 50.60 51.30 
2016/09/10 50.20 51.00 50.10 50.60 
2016/09/12 50.50 51.70 50.50 50.80 
2016/09/13 51.10 51.70 49.80 50.50 
2016/09/14 50.50 51.40 50.50 51.00 
2016/09/19 51.50 52.30 50.70 52.00 
2016/09/20 52.20 53.00 51.80 52.20 
2016/09/21 52.20 52.80 51.80 52.60 
2016/09/22 52.60 54.80 52.30 54.00 
2016/09/23 54.00 54.40 53.70 54.10 
2016/09/26 53.70 54.10 53.20 53.40 
2016/09/29 53.40 55.70 53.40 55.40 
2016/09/30 54.90 55.20 54.40 54.80 
2016/10/03 54.80 55.60 54.80 55.00 
2016/10/04 55.10 55.50 55.00 55.30 
2016/10/05 55.30 55.50 54.40 54.70 
2016/10/06 55.00 55.00 54.50 54.60 
2016/10/07 54.70 54.80 53.90 53.90 
2016/10/11 54.00 54.40 51.30 52.80 
2016/10/12 52.50 53.00 52.20 52.60 
2016/10/13 52.80 53.00 52.50 52.50 
2016/10/14 52.50 52.50 51.20 51.80 
2016/10/17 51.40 52.90 51.40 52.70 
2016/10/18 52.50 53.20 52.00 52.90 
2016/10/19 52.90 53.00 52.50 52.50 
2016/10/20 52.50 52.90 52.10 52.10 
2016/10/21 51.80 52.90 51.80 52.30 
2016/10/24 52.40 52.50 52.00 52.00 
2016/10/25 52.10 52.50 52.00 52.20 
2016/10/26 52.20 52.80 52.10 52.40 
2016/10/27 52.50 52.50 52.00 52.00 
2016/10/28 52.60 52.60 51.70 51.70 
2016/10/31 51.70 52.20 51.60 51.80 
2016/11/01 52.10 53.30 52.00 52.50 
2016/11/02 53.30 53.90 52.60 52.60 
2016/11/03 52.90 53.40 52.20 52.40 
2016/11/04 52.80 52.80 51.80 51.80 
2016/11/07 52.20 52.40 52.10 52.10 
2016/11/08 52.70 53.40 52.50 53.30 
2016/11/09 53.70 54.40 51.80 53.10 
2016/11/10 54.80 55.50 54.10 55.30 
2016/11/11 54.50 55.00 53.50 54.50 
2016/11/14 55.40 57.00 54.20 56.50 
2016/11/15 56.30 57.50 55.40 56.80 
2016/11/16 58.30 58.60 57.00 57.00 
2016/11/17 57.60 58.20 57.00 57.50 
2016/11/18 57.70 59.00 57.70 59.00 
2016/11/21 60.00 61.40 59.60 60.70 
2016/11/22 61.40 62.30 60.00 61.60 
2016/11/23 62.50 62.60 61.90 62.50 
2016/11/24 63.00 63.00 61.60 62.50 
2016/11/25 62.00 62.00 60.60 60.80 
2016/11/28 61.20 61.80 60.70 61.30 
2016/11/29 61.30 62.30 60.90 61.70 
2016/11/30 62.00 62.10 60.40 61.20 
2016/12/01 61.40 61.90 61.00 61.20 
2016/12/02 61.60 62.10 61.20 61.70 
2016/12/05 62.00 63.40 61.20 63.20 
2016/12/06 64.80 64.80 63.80 64.30 
2016/12/07 64.70 64.80 62.30 62.70 
2016/12/08 62.80 63.00 60.70 61.00 
2016/12/09 61.40 62.20 61.10 61.40 
2016/12/12 61.50 62.50 61.50 62.40 
2016/12/13 61.90 62.60 61.80 61.90 
2016/12/14 62.70 63.20 62.10 62.40 
2016/12/15 62.20 62.30 61.50 61.70 
2016/12/16 61.70 62.30 61.30 61.30 
2016/12/19 62.00 62.00 59.00 59.20 
2016/12/20 59.30 60.70 58.80 60.50 
2016/12/21 60.40 61.70 59.20 61.40 
2016/12/22 61.20 61.90 60.40 60.40 
2016/12/23 60.00 61.00 60.00 61.00 
2016/12/26 61.30 61.80 61.10 61.10 
2016/12/27 61.10 61.20 60.00 60.20 
2016/12/28 60.20 60.80 60.00 60.20 
2016/12/29 60.00 60.20 59.70 60.00 
2016/12/30 60.40 60.50 59.70 60.00 
2017/01/03 60.00 60.10 59.50 60.10 
2017/01/04 60.00 61.20 60.00 60.90 
2017/01/05 61.10 61.20 60.60 60.90 
2017/01/06 61.00 61.30 60.30 60.30 
2017/01/09 60.30 61.00 59.30 59.30 
2017/01/10 59.30 59.90 58.20 59.00 
2017/01/11 58.60 58.80 57.10 57.20 
2017/01/12 57.10 57.80 55.70 57.60 
2017/01/13 57.50 57.50 56.20 57.00 
2017/01/16 57.10 57.50 56.60 56.90 
2017/01/17 56.90 58.00 56.90 57.70 
2017/01/18 57.50 57.90 57.30 57.40 
2017/01/19 57.00 58.40 57.00 58.30 
2017/01/20 57.90 58.60 57.50 57.60 
2017/01/23 58.50 58.90 57.80 58.20 
2017/01/24 58.20 58.50 58.00 58.10 
2017/02/02 58.10 58.10 57.30 57.50 
2017/02/03 57.80 60.40 57.80 60.20 
2017/02/06 60.30 60.90 59.80 60.20 
2017/02/07 60.40 60.40 59.50 59.80 
2017/02/08 59.80 60.10 59.10 59.10 
