2016/07/01 29.35 29.60 29.25 29.40 
2016/07/04 29.70 29.70 29.15 29.30 
2016/07/05 29.30 29.30 28.80 28.95 
2016/07/06 28.00 28.15 27.85 27.90 
2016/07/07 28.20 28.30 27.90 27.95 
2016/07/11 28.30 28.35 27.95 28.30 
2016/07/12 28.45 28.45 27.95 28.10 
2016/07/13 28.30 28.80 28.05 28.70 
2016/07/14 28.80 28.80 28.30 28.50 
2016/07/15 28.60 28.65 28.45 28.60 
2016/07/18 28.60 28.75 28.55 28.65 
2016/07/19 28.60 28.90 28.40 28.70 
2016/07/20 28.90 28.95 28.70 28.95 
2016/07/21 29.00 29.35 29.00 29.20 
2016/07/22 29.20 29.25 28.85 29.05 
2016/07/25 29.00 29.15 28.40 28.65 
2016/07/26 28.60 28.75 28.40 28.60 
2016/07/27 28.65 29.00 28.55 28.60 
2016/07/28 28.55 28.70 28.30 28.35 
2016/07/29 28.50 28.50 28.10 28.15 
2016/08/01 28.45 28.45 28.10 28.20 
2016/08/02 28.20 29.20 28.05 28.95 
2016/08/03 28.70 28.70 28.30 28.35 
2016/08/04 28.55 28.55 28.00 28.10 
2016/08/05 28.10 28.30 28.10 28.25 
2016/08/08 28.45 28.45 28.00 28.00 
2016/08/09 28.25 28.25 27.85 27.95 
2016/08/10 28.20 28.20 27.60 27.90 
2016/08/11 27.75 27.75 27.30 27.50 
2016/08/12 27.55 27.70 27.30 27.35 
2016/08/15 27.30 27.40 26.75 26.85 
2016/08/16 26.95 26.95 26.40 26.40 
2016/08/17 26.40 26.50 26.20 26.50 
2016/08/18 26.50 26.50 26.40 26.50 
2016/08/19 27.00 27.45 26.60 26.70 
2016/08/22 26.80 26.80 26.25 26.30 
2016/08/23 26.30 26.40 26.25 26.30 
2016/08/24 26.50 26.55 26.30 26.40 
2016/08/25 26.35 26.40 26.25 26.35 
2016/08/26 26.40 26.50 26.35 26.45 
2016/08/29 26.55 26.55 26.10 26.20 
2016/08/30 26.40 26.40 26.00 26.15 
2016/08/31 26.10 26.15 25.80 25.90 
2016/09/01 25.90 25.90 25.55 25.65 
2016/09/02 25.65 25.65 25.00 25.15 
2016/09/05 25.10 25.30 24.60 24.75 
2016/09/06 24.90 25.50 24.85 25.40 
2016/09/07 25.60 26.35 25.55 26.20 
2016/09/08 26.20 26.40 26.05 26.25 
2016/09/09 26.25 26.30 26.00 26.10 
2016/09/10 25.55 26.20 25.55 26.00 
2016/09/12 25.95 26.10 25.75 25.80 
2016/09/13 25.95 26.20 25.60 25.70 
2016/09/14 25.50 25.70 25.40 25.60 
2016/09/19 25.60 25.85 25.50 25.50 
2016/09/20 25.45 25.70 25.40 25.60 
2016/09/21 25.60 26.55 25.50 26.40 
2016/09/22 26.50 26.85 26.20 26.25 
2016/09/23 26.30 26.40 26.15 26.20 
2016/09/26 26.25 26.25 25.95 25.95 
2016/09/29 25.95 26.20 25.75 25.75 
2016/09/30 25.80 26.00 25.40 25.60 
2016/10/03 25.60 25.75 25.50 25.60 
2016/10/04 25.50 25.75 25.40 25.65 
2016/10/05 25.65 25.65 25.40 25.60 
2016/10/06 25.70 25.70 25.45 25.60 
2016/10/07 25.50 25.50 25.20 25.25 
2016/10/11 25.30 25.35 24.60 24.75 
2016/10/12 24.90 24.90 24.00 24.20 
2016/10/13 24.20 24.20 23.95 24.05 
2016/10/14 24.00 24.00 23.60 23.65 
2016/10/17 23.60 24.20 23.60 24.20 
2016/10/18 23.90 24.55 23.90 24.15 
2016/10/19 24.15 24.40 24.15 24.15 
2016/10/20 24.15 24.70 24.15 24.30 
2016/10/21 24.30 24.55 23.85 24.05 
2016/10/24 24.25 24.40 24.00 24.00 
2016/10/25 24.30 24.30 23.95 24.00 
2016/10/26 24.00 24.10 23.75 23.85 
2016/10/27 23.90 24.10 23.75 23.90 
2016/10/28 23.75 24.00 23.75 23.85 
2016/10/31 23.95 23.95 23.70 23.85 
2016/11/01 23.90 24.60 23.70 24.25 
2016/11/02 24.05 24.25 23.85 23.85 
2016/11/03 23.85 23.90 23.30 23.30 
2016/11/04 23.00 23.20 23.00 23.15 
2016/11/07 23.30 23.55 23.20 23.40 
2016/11/08 23.30 23.55 23.10 23.15 
2016/11/09 23.20 23.30 22.50 22.50 
2016/11/10 22.80 23.10 22.80 22.90 
2016/11/11 22.55 23.50 22.40 23.30 
2016/11/14 23.45 23.45 22.80 22.85 
2016/11/15 22.95 23.00 22.70 22.90 
2016/11/16 24.70 24.70 23.85 23.90 
2016/11/17 24.00 24.05 23.60 23.65 
2016/11/18 23.60 24.05 23.55 24.00 
2016/11/21 24.05 24.30 23.95 24.05 
2016/11/22 24.05 24.30 24.05 24.10 
2016/11/23 24.20 24.40 24.10 24.20 
2016/11/24 24.10 24.25 23.70 24.00 
2016/11/25 24.00 24.10 23.90 24.05 
2016/11/28 24.10 24.50 24.10 24.25 
2016/11/29 24.45 24.45 24.25 24.30 
2016/11/30 24.30 24.45 24.10 24.20 
2016/12/01 24.10 24.35 24.10 24.25 
2016/12/02 24.20 24.20 23.85 23.95 
2016/12/05 24.10 24.10 23.65 23.70 
2016/12/06 23.90 23.95 23.65 23.70 
2016/12/07 23.95 24.10 23.85 23.90 
2016/12/08 23.95 24.30 23.95 24.15 
2016/12/09 24.15 24.30 23.90 24.00 
2016/12/12 24.05 24.15 23.90 24.10 
2016/12/13 24.15 24.20 24.00 24.00 
2016/12/14 24.10 24.45 24.10 24.35 
2016/12/15 24.40 24.40 24.15 24.20 
2016/12/16 24.45 26.60 24.40 26.60 
2016/12/19 27.00 27.30 25.80 25.80 
2016/12/20 26.05 26.20 25.35 25.70 
2016/12/21 25.90 26.00 24.85 25.00 
2016/12/22 25.05 25.35 24.50 24.50 
2016/12/23 24.50 24.85 24.35 24.45 
2016/12/26 24.60 24.75 24.05 24.05 
2016/12/27 24.25 24.50 24.00 24.10 
2016/12/28 24.30 24.35 24.05 24.05 
2016/12/29 24.05 25.15 24.00 24.80 
2016/12/30 24.85 25.20 24.65 24.65 
2017/01/03 24.65 24.90 24.40 24.60 
2017/01/04 24.60 24.90 24.55 24.85 
2017/01/05 25.00 25.45 24.90 25.20 
2017/01/06 25.30 25.45 25.05 25.20 
2017/01/09 25.40 25.40 24.75 24.95 
2017/01/10 25.00 25.00 24.55 24.95 
2017/01/11 24.95 25.00 24.70 24.75 
2017/01/12 24.75 25.05 24.75 25.00 
2017/01/13 25.00 25.00 24.80 24.90 
2017/01/16 25.05 25.05 24.30 24.40 
2017/01/17 24.50 24.70 24.45 24.50 
2017/01/18 24.75 24.75 24.45 24.60 
2017/01/19 24.60 24.70 24.30 24.55 
2017/01/20 24.60 24.70 24.50 24.50 
2017/01/23 24.50 24.70 24.45 24.70 
2017/01/24 24.70 25.25 24.70 24.85 
2017/02/02 25.20 25.20 24.80 25.15 
2017/02/03 25.40 26.40 25.20 25.75 
2017/02/06 25.90 25.95 25.40 25.55 
2017/02/07 25.50 25.70 25.25 25.55 
2017/02/08 25.50 25.50 25.25 25.25 
