2016/07/01 38.60 38.60 37.80 37.85 
2016/07/04 37.75 38.20 37.50 37.95 
2016/07/05 37.95 38.20 37.80 37.80 
2016/07/06 37.90 38.15 36.80 37.15 
2016/07/07 38.00 38.00 37.20 37.75 
2016/07/11 37.75 37.95 37.35 37.40 
2016/07/12 37.30 38.60 37.20 38.40 
2016/07/13 38.55 39.70 38.55 39.25 
2016/07/14 39.20 39.45 39.10 39.15 
2016/07/15 39.20 39.60 39.10 39.30 
2016/07/18 39.65 39.65 39.25 39.35 
2016/07/19 39.35 39.40 39.00 39.25 
2016/07/20 39.10 39.20 38.60 38.60 
2016/07/21 35.45 35.65 35.30 35.50 
2016/07/22 35.60 35.80 35.55 35.70 
2016/07/25 35.70 35.70 35.25 35.25 
2016/07/26 35.25 35.50 35.20 35.20 
2016/07/27 35.30 35.40 35.15 35.15 
2016/07/28 35.15 35.15 34.80 34.80 
2016/07/29 34.80 35.80 34.65 34.90 
2016/08/01 35.40 36.00 35.30 35.70 
2016/08/02 36.05 36.05 35.50 35.55 
2016/08/03 35.60 35.60 35.25 35.25 
2016/08/04 35.50 35.60 35.25 35.30 
2016/08/05 35.70 35.70 35.20 35.20 
2016/08/08 35.10 35.15 34.20 34.30 
2016/08/09 34.30 34.50 33.90 33.90 
2016/08/10 34.30 34.80 33.80 33.80 
2016/08/11 33.60 33.60 30.45 30.45 
2016/08/12 30.10 30.10 29.60 30.00 
2016/08/15 29.95 30.25 29.85 29.90 
2016/08/16 30.05 30.05 29.80 29.90 
2016/08/17 30.00 30.25 29.90 30.05 
2016/08/18 30.35 30.35 29.95 30.00 
2016/08/19 30.10 30.10 29.25 29.25 
2016/08/22 29.25 29.65 29.25 29.65 
2016/08/23 29.65 29.80 29.25 29.55 
2016/08/24 29.40 29.70 29.40 29.50 
2016/08/25 29.70 31.20 29.70 30.65 
2016/08/26 31.00 31.00 30.65 30.70 
2016/08/29 31.00 31.00 30.10 30.20 
2016/08/30 30.35 30.90 30.30 30.60 
2016/08/31 30.80 31.00 30.60 30.65 
2016/09/01 30.65 30.70 30.50 30.50 
2016/09/02 30.50 30.55 29.80 30.15 
2016/09/05 30.25 30.45 30.00 30.30 
2016/09/06 30.35 30.40 30.00 30.05 
2016/09/07 30.05 30.25 29.80 29.80 
2016/09/08 29.75 30.20 29.55 29.85 
2016/09/09 29.90 29.90 29.50 29.60 
2016/09/10 28.75 28.90 28.55 28.75 
2016/09/12 29.40 29.40 28.30 28.35 
2016/09/13 28.40 28.45 28.00 28.05 
2016/09/14 28.10 28.10 27.30 27.45 
2016/09/19 27.45 27.50 27.15 27.20 
2016/09/20 27.20 27.20 26.55 26.80 
2016/09/21 27.00 27.00 26.50 26.90 
2016/09/22 26.90 27.20 26.75 27.10 
2016/09/23 27.20 28.45 27.20 28.25 
2016/09/26 28.30 28.45 27.80 27.95 
2016/09/29 28.00 28.00 27.80 27.80 
2016/09/30 27.50 27.75 27.20 27.50 
2016/10/03 27.50 27.50 27.20 27.30 
2016/10/04 27.30 27.55 27.25 27.40 
2016/10/05 27.50 29.25 27.50 29.05 
2016/10/06 29.20 29.20 28.60 28.80 
2016/10/07 29.25 29.25 28.70 28.70 
2016/10/11 28.90 28.90 27.80 28.30 
2016/10/12 28.00 28.00 27.55 27.70 
2016/10/13 27.80 28.10 27.30 27.55 
2016/10/14 27.50 27.50 26.65 26.75 
2016/10/17 26.75 26.85 26.45 26.50 
2016/10/18 26.60 26.90 26.50 26.75 
2016/10/19 27.05 27.10 26.60 27.10 
2016/10/20 27.00 27.30 26.80 27.00 
2016/10/21 27.00 27.30 26.95 27.00 
2016/10/24 27.05 27.50 27.00 27.35 
2016/10/25 27.40 27.55 27.15 27.55 
2016/10/26 27.90 28.30 27.60 27.60 
2016/10/27 27.70 27.85 27.45 27.85 
2016/10/28 27.85 27.85 27.30 27.30 
2016/10/31 27.30 27.50 27.20 27.20 
2016/11/01 27.20 27.30 26.60 26.90 
2016/11/02 26.90 26.90 25.65 25.65 
2016/11/03 25.65 25.65 23.85 24.30 
2016/11/04 24.40 25.00 24.15 24.20 
2016/11/07 24.10 24.45 23.65 23.70 
2016/11/08 23.70 23.70 22.35 22.70 
2016/11/09 22.95 23.20 20.45 20.45 
2016/11/10 21.00 21.90 20.75 21.60 
2016/11/11 21.15 21.50 20.80 21.25 
2016/11/14 21.25 21.70 20.75 21.70 
2016/11/15 22.35 23.85 22.30 23.15 
2016/11/16 23.15 23.45 22.95 23.20 
2016/11/17 23.10 23.15 22.50 22.90 
2016/11/18 22.90 23.30 22.70 23.15 
2016/11/21 23.05 23.45 22.95 23.40 
2016/11/22 23.50 23.50 23.05 23.15 
2016/11/23 23.30 23.45 23.20 23.25 
2016/11/24 23.55 23.55 22.85 23.15 
2016/11/25 23.30 23.30 22.95 23.00 
2016/11/28 23.20 23.80 23.20 23.45 
2016/11/29 23.60 23.85 23.35 23.70 
2016/11/30 23.80 25.45 23.80 24.70 
2016/12/01 24.95 25.20 24.55 24.95 
2016/12/02 24.65 25.25 24.60 25.25 
2016/12/05 25.30 25.35 24.80 24.90 
2016/12/06 24.90 25.15 24.85 25.00 
2016/12/07 25.05 25.40 24.95 25.00 
2016/12/08 25.30 25.30 24.85 24.85 
2016/12/09 25.00 25.10 24.60 24.60 
2016/12/12 24.60 24.80 24.25 24.30 
2016/12/13 24.35 24.95 24.25 24.80 
2016/12/14 26.30 26.30 24.85 25.15 
2016/12/15 25.20 25.25 24.90 25.10 
2016/12/16 25.30 25.30 25.05 25.05 
2016/12/19 25.30 25.30 24.85 24.90 
2016/12/20 24.90 24.95 24.80 24.80 
2016/12/21 25.00 25.20 25.00 25.00 
2016/12/22 25.10 25.10 24.80 24.80 
2016/12/23 24.80 24.80 24.55 24.60 
2016/12/26 24.60 24.80 24.60 24.70 
2016/12/27 24.75 24.90 24.75 24.90 
2016/12/28 24.95 24.95 24.85 24.85 
2016/12/29 24.80 24.85 24.60 24.70 
2016/12/30 24.85 24.95 24.75 24.75 
2017/01/03 24.60 24.75 24.60 24.60 
2017/01/04 24.50 24.80 24.50 24.60 
2017/01/05 24.70 25.15 24.70 25.10 
2017/01/06 25.10 25.25 25.10 25.10 
2017/01/09 24.80 24.80 23.60 24.50 
2017/01/10 24.00 24.45 23.85 24.15 
2017/01/11 24.40 24.40 24.00 24.00 
2017/01/12 24.00 24.45 23.95 24.45 
2017/01/13 24.50 24.65 24.00 24.00 
2017/01/16 24.05 24.25 23.30 23.50 
2017/01/17 23.50 23.70 23.35 23.55 
2017/01/18 23.60 23.70 23.40 23.60 
2017/01/19 23.60 23.70 23.30 23.40 
2017/01/20 23.50 24.40 23.50 24.25 
2017/01/23 25.20 25.20 24.50 24.60 
2017/01/24 24.70 24.70 24.40 24.50 
2017/02/02 25.10 25.10 24.25 24.25 
2017/02/03 24.50 24.50 24.10 24.35 
2017/02/06 24.50 24.50 24.20 24.25 
2017/02/07 24.50 24.85 24.30 24.75 
2017/02/08 25.15 25.15 24.80 24.85 
