2016/07/01 13.90 14.60 13.80 14.25 
2016/07/04 14.50 14.90 14.40 14.90 
2016/07/05 15.00 15.60 14.95 15.10 
2016/07/06 15.05 15.50 14.85 15.45 
2016/07/07 15.65 15.90 15.05 15.25 
2016/07/11 15.65 15.75 15.25 15.40 
2016/07/12 15.55 15.60 15.35 15.35 
2016/07/13 15.55 15.55 15.30 15.30 
2016/07/14 15.40 16.05 15.30 15.35 
2016/07/15 15.40 15.50 15.30 15.35 
2016/07/18 15.50 16.50 15.50 15.90 
2016/07/19 16.40 16.65 16.15 16.25 
2016/07/20 16.60 16.70 16.30 16.50 
2016/07/21 16.65 16.65 16.30 16.50 
2016/07/22 16.70 16.70 16.25 16.25 
2016/07/25 16.50 16.50 15.55 15.55 
2016/07/26 15.55 16.15 15.55 16.05 
2016/07/27 16.15 16.30 15.80 15.95 
2016/07/28 15.90 15.90 15.40 15.50 
2016/07/29 15.50 15.55 15.35 15.45 
2016/08/01 15.65 16.40 15.60 16.20 
2016/08/02 16.35 16.60 16.05 16.20 
2016/08/03 16.10 16.35 15.95 16.25 
2016/08/04 16.45 16.45 16.05 16.05 
2016/08/05 16.05 16.20 15.90 15.90 
2016/08/08 16.10 16.40 15.90 15.90 
2016/08/09 15.95 16.05 15.40 15.45 
2016/08/10 15.65 15.65 15.05 15.05 
2016/08/11 14.80 15.15 14.45 14.75 
2016/08/12 15.05 15.15 14.90 14.90 
2016/08/15 15.15 15.15 14.95 14.95 
2016/08/16 15.00 15.10 14.65 14.80 
2016/08/17 14.90 14.95 14.70 14.80 
2016/08/18 15.10 15.35 15.00 15.00 
2016/08/19 15.15 15.15 14.90 14.90 
2016/08/22 14.95 15.15 14.85 15.00 
2016/08/23 15.10 15.10 14.95 15.00 
2016/08/24 15.10 15.10 14.85 14.95 
2016/08/25 14.95 15.60 14.90 15.35 
2016/08/26 15.45 15.45 15.00 15.00 
2016/08/29 15.05 15.05 14.60 14.60 
2016/08/30 14.70 14.80 14.35 14.50 
2016/08/31 14.30 14.65 14.30 14.65 
2016/09/01 14.70 14.75 14.55 14.60 
2016/09/02 14.70 14.70 14.30 14.30 
2016/09/05 14.40 14.55 14.25 14.35 
2016/09/06 14.25 14.35 13.85 14.10 
2016/09/07 14.10 14.25 13.90 14.25 
2016/09/08 14.30 14.45 14.10 14.40 
2016/09/09 13.85 14.00 13.70 13.95 
2016/09/10 13.70 13.85 13.70 13.75 
2016/09/12 13.75 13.95 13.75 13.85 
2016/09/13 13.95 14.00 13.70 13.75 
2016/09/14 13.75 13.85 13.75 13.80 
2016/09/19 13.90 14.20 13.90 13.95 
2016/09/20 13.95 14.25 13.95 14.15 
2016/09/21 14.20 14.70 14.20 14.50 
2016/09/22 14.65 14.70 14.30 14.35 
2016/09/23 14.50 14.50 14.30 14.35 
2016/09/26 14.40 14.45 14.30 14.30 
2016/09/29 14.45 14.45 14.15 14.15 
2016/09/30 14.25 14.25 13.95 14.05 
2016/10/03 14.05 14.15 13.90 13.95 
2016/10/04 13.95 14.00 13.85 14.00 
2016/10/05 13.85 14.00 13.85 13.90 
2016/10/06 13.80 14.00 13.80 14.00 
2016/10/07 13.90 13.95 13.85 13.95 
2016/10/11 14.00 14.05 13.60 13.60 
2016/10/12 13.60 13.65 13.40 13.65 
2016/10/13 13.70 13.70 13.55 13.60 
2016/10/14 13.60 13.60 13.20 13.25 
2016/10/17 13.25 13.35 13.15 13.20 
2016/10/18 13.20 13.50 13.15 13.40 
2016/10/19 13.45 13.60 13.40 13.50 
2016/10/20 13.50 13.75 13.50 13.50 
2016/10/21 13.55 13.70 13.55 13.60 
2016/10/24 13.60 13.65 13.55 13.55 
2016/10/25 13.55 14.10 13.45 13.75 
2016/10/26 13.75 14.10 13.65 13.90 
2016/10/27 14.00 14.25 13.90 13.90 
2016/10/28 14.00 14.00 13.70 13.70 
2016/10/31 13.70 13.75 13.50 13.55 
2016/11/01 13.55 13.55 13.45 13.50 
2016/11/02 13.35 13.40 13.20 13.20 
2016/11/03 13.10 13.20 12.95 12.95 
2016/11/04 12.95 12.95 12.45 12.45 
2016/11/07 12.45 12.80 12.45 12.60 
2016/11/08 12.60 12.60 12.45 12.55 
2016/11/09 12.60 12.60 11.40 11.60 
2016/11/10 11.80 12.75 11.80 12.75 
2016/11/11 12.60 12.70 12.35 12.70 
2016/11/14 12.50 13.00 12.40 12.90 
2016/11/15 12.75 12.95 12.75 12.90 
2016/11/16 13.00 13.00 12.85 12.95 
2016/11/17 12.75 12.95 12.70 12.70 
2016/11/18 12.70 12.90 12.70 12.80 
2016/11/21 12.85 13.00 12.75 12.80 
2016/11/22 12.85 12.95 12.70 12.80 
2016/11/23 12.80 12.80 12.65 12.65 
2016/11/24 12.60 12.80 12.60 12.60 
2016/11/25 12.55 12.65 12.50 12.65 
2016/11/28 12.65 12.70 12.65 12.65 
2016/11/29 12.65 12.80 12.65 12.75 
2016/11/30 12.80 12.80 12.65 12.65 
2016/12/01 12.70 12.70 12.50 12.55 
2016/12/02 12.60 12.65 12.45 12.55 
2016/12/05 12.50 12.70 12.50 12.65 
2016/12/06 12.65 12.80 12.55 12.60 
2016/12/07 12.60 12.85 12.60 12.70 
2016/12/08 12.80 12.85 12.65 12.75 
2016/12/09 12.85 13.35 12.75 12.85 
2016/12/12 12.90 13.20 12.75 12.80 
2016/12/13 12.90 12.90 12.70 12.75 
2016/12/14 12.85 12.90 12.60 12.60 
2016/12/15 12.65 12.80 12.60 12.65 
2016/12/16 12.75 12.85 12.65 12.70 
2016/12/19 12.80 12.85 12.60 12.60 
2016/12/20 12.80 12.80 12.50 12.70 
2016/12/21 12.70 13.10 12.60 12.95 
2016/12/22 12.90 13.00 12.65 12.70 
2016/12/23 12.80 12.80 12.50 12.65 
2016/12/26 12.90 12.90 12.70 12.70 
2016/12/27 12.80 12.80 12.50 12.55 
2016/12/28 12.60 12.70 12.55 12.65 
2016/12/29 12.70 12.70 12.60 12.65 
2016/12/30 12.70 12.85 12.70 12.80 
2017/01/03 12.90 13.65 12.85 13.60 
2017/01/04 13.70 13.75 13.45 13.50 
2017/01/05 13.50 14.20 13.45 13.70 
2017/01/06 13.65 13.95 13.65 13.80 
2017/01/09 13.95 14.05 13.55 13.55 
2017/01/10 13.55 13.65 13.45 13.50 
2017/01/11 13.55 13.65 13.45 13.50 
2017/01/12 13.60 13.75 13.45 13.50 
2017/01/13 13.50 13.65 13.50 13.60 
2017/01/16 13.65 13.65 13.35 13.35 
2017/01/17 13.35 14.10 13.35 14.05 
2017/01/18 14.10 14.20 13.80 13.95 
2017/01/19 14.00 14.10 13.70 13.95 
2017/01/20 14.05 14.55 13.90 14.30 
2017/01/23 14.35 14.35 14.05 14.30 
2017/01/24 14.30 14.30 14.15 14.15 
2017/02/02 14.25 15.05 14.20 14.70 
2017/02/03 14.95 15.30 14.80 15.15 
2017/02/06 15.15 15.30 14.90 15.10 
2017/02/07 15.10 15.20 15.00 15.10 
2017/02/08 15.10 15.10 14.70 14.75 
