2016/07/01 67.30 67.40 66.50 66.60 
2016/07/04 66.80 67.90 66.40 67.80 
2016/07/05 68.20 68.30 65.00 65.40 
2016/07/06 65.40 66.20 65.40 65.80 
2016/07/07 66.30 66.80 66.10 66.30 
2016/07/11 66.80 67.10 65.60 66.00 
2016/07/12 67.00 67.70 66.50 66.60 
2016/07/13 66.60 66.90 66.20 66.30 
2016/07/14 66.30 67.50 66.30 66.80 
2016/07/15 67.30 67.40 66.70 66.70 
2016/07/18 67.00 67.50 66.60 67.40 
2016/07/19 67.40 67.40 66.60 66.80 
2016/07/20 66.80 66.90 66.30 66.50 
2016/07/21 64.00 64.10 63.40 63.60 
2016/07/22 63.60 63.60 63.00 63.00 
2016/07/25 63.20 63.20 61.50 61.70 
2016/07/26 61.60 62.80 61.20 62.60 
2016/07/27 62.60 63.30 62.20 62.90 
2016/07/28 63.00 63.90 62.60 63.90 
2016/07/29 64.00 64.50 63.80 64.00 
2016/08/01 64.20 65.10 63.70 64.90 
2016/08/02 65.10 65.70 64.90 65.00 
2016/08/03 64.50 64.80 62.80 63.00 
2016/08/04 63.40 63.40 61.70 62.50 
2016/08/05 62.50 62.70 62.00 62.20 
2016/08/08 62.20 63.80 62.00 63.80 
2016/08/09 63.40 63.80 62.00 62.20 
2016/08/10 63.50 65.50 63.20 64.80 
2016/08/11 65.20 66.00 64.60 66.00 
2016/08/12 66.70 66.90 65.60 66.30 
2016/08/15 66.80 70.20 66.70 69.50 
2016/08/16 70.00 70.50 68.60 69.50 
2016/08/17 69.20 70.90 68.60 69.40 
2016/08/18 69.80 70.90 69.30 70.50 
2016/08/19 70.50 71.80 69.80 69.80 
2016/08/22 70.00 70.30 69.20 70.00 
2016/08/23 70.40 74.70 70.10 74.60 
2016/08/24 75.00 75.20 71.30 73.30 
2016/08/25 73.20 74.30 73.00 73.40 
2016/08/26 70.80 72.10 70.70 71.10 
2016/08/29 71.10 71.10 70.10 70.40 
2016/08/30 70.80 73.30 70.20 73.20 
2016/08/31 73.20 73.60 72.40 72.90 
2016/09/01 72.50 72.90 70.60 70.80 
2016/09/02 71.10 71.30 69.30 70.50 
2016/09/05 70.50 72.10 70.50 72.00 
2016/09/06 71.90 73.20 71.50 72.40 
2016/09/07 72.80 73.30 72.30 72.30 
2016/09/08 72.20 73.20 72.20 73.00 
2016/09/09 73.20 73.20 72.50 73.10 
2016/09/10 72.10 73.00 72.10 72.50 
2016/09/12 72.80 72.80 72.00 72.00 
2016/09/13 72.70 72.80 70.30 71.50 
2016/09/14 71.50 71.90 70.50 70.50 
2016/09/19 71.20 71.60 70.80 71.30 
2016/09/20 71.00 72.00 71.00 71.30 
2016/09/21 71.90 73.40 71.00 73.40 
2016/09/22 74.50 75.50 73.40 73.40 
2016/09/23 73.50 73.50 72.00 72.10 
2016/09/26 71.10 71.60 70.30 70.30 
2016/09/29 70.60 73.70 70.60 73.00 
2016/09/30 73.70 75.40 73.50 74.00 
2016/10/03 74.30 74.80 72.70 73.10 
2016/10/04 73.40 73.70 72.90 73.00 
2016/10/05 73.20 73.20 72.40 72.70 
2016/10/06 73.00 73.00 71.50 71.90 
2016/10/07 71.70 72.40 71.40 71.50 
2016/10/11 72.00 72.60 68.70 69.90 
2016/10/12 68.70 69.80 68.70 69.30 
2016/10/13 69.50 70.20 69.10 69.10 
2016/10/14 68.90 69.10 65.60 66.50 
2016/10/17 66.50 67.90 66.30 67.40 
2016/10/18 67.60 67.80 66.70 67.10 
2016/10/19 67.50 68.80 67.30 68.10 
2016/10/20 68.20 68.70 67.80 68.30 
2016/10/21 68.30 68.30 67.50 67.80 
2016/10/24 67.90 68.20 67.80 67.90 
2016/10/25 68.20 68.20 67.80 68.00 
2016/10/26 68.00 68.90 68.00 68.50 
2016/10/27 68.30 68.50 67.80 67.80 
2016/10/28 67.00 67.00 65.50 66.10 
2016/10/31 66.10 66.10 65.20 65.70 
2016/11/01 65.70 67.00 65.30 66.20 
2016/11/02 65.50 66.00 64.50 64.50 
2016/11/03 64.00 64.50 62.60 62.60 
2016/11/04 62.60 64.20 62.60 63.70 
2016/11/07 64.70 65.40 64.20 64.90 
2016/11/08 65.20 65.20 63.10 64.00 
2016/11/09 63.80 64.30 60.40 60.40 
2016/11/10 62.00 63.80 62.00 63.30 
2016/11/11 63.30 63.30 62.10 62.30 
2016/11/14 63.00 64.50 62.30 63.90 
2016/11/15 63.60 64.20 62.70 62.80 
2016/11/16 63.10 63.60 62.40 62.80 
2016/11/17 62.80 63.00 61.80 61.90 
2016/11/18 61.90 62.30 61.60 61.90 
2016/11/21 62.30 62.60 61.80 61.80 
2016/11/22 62.00 62.40 62.00 62.00 
2016/11/23 62.10 62.30 61.20 61.30 
2016/11/24 61.50 62.20 61.00 61.90 
2016/11/25 62.10 63.60 62.10 62.60 
2016/11/28 62.90 63.40 62.40 62.70 
2016/11/29 63.00 63.00 62.40 62.60 
2016/11/30 62.60 62.80 61.80 61.80 
2016/12/01 61.80 62.30 61.60 62.00 
2016/12/02 61.60 62.80 61.60 62.10 
2016/12/05 62.40 62.70 61.90 62.00 
2016/12/06 62.60 62.80 62.20 62.80 
2016/12/07 63.60 64.40 63.20 63.70 
2016/12/08 64.10 64.10 63.00 63.00 
2016/12/09 63.30 63.30 62.50 63.00 
2016/12/12 63.40 63.80 63.20 63.30 
2016/12/13 63.10 63.50 62.70 62.80 
2016/12/14 63.00 63.10 62.30 62.40 
2016/12/15 62.20 62.30 61.70 62.00 
2016/12/16 62.00 62.50 61.60 62.20 
2016/12/19 62.40 62.40 61.90 62.00 
2016/12/20 62.10 62.20 61.80 61.90 
2016/12/21 62.00 63.70 62.00 63.00 
2016/12/22 63.00 63.00 62.40 62.40 
2016/12/23 62.20 62.40 62.10 62.20 
2016/12/26 62.20 62.50 62.10 62.30 
2016/12/27 62.70 62.70 62.00 62.10 
2016/12/28 62.10 62.30 62.00 62.20 
2016/12/29 62.40 62.50 62.20 62.30 
2016/12/30 62.30 62.70 62.30 62.60 
2017/01/03 62.50 63.50 62.40 63.10 
2017/01/04 63.20 64.60 63.20 64.10 
2017/01/05 64.50 64.50 63.70 64.00 
2017/01/06 64.20 64.20 63.30 63.40 
2017/01/09 63.50 63.70 63.00 63.30 
2017/01/10 63.20 63.20 62.70 62.90 
2017/01/11 62.60 62.80 62.10 62.20 
2017/01/12 62.10 62.20 61.10 61.20 
2017/01/13 61.00 61.00 60.50 60.60 
2017/01/16 60.60 61.00 60.60 60.80 
2017/01/17 60.80 61.10 60.70 61.00 
2017/01/18 61.10 61.10 60.70 60.70 
2017/01/19 60.80 61.30 60.70 61.20 
2017/01/20 61.30 61.30 60.60 60.70 
2017/01/23 60.80 61.00 60.60 60.80 
2017/01/24 61.00 61.00 60.60 60.70 
2017/02/02 61.00 61.20 60.70 60.90 
2017/02/03 60.90 62.10 60.90 62.10 
2017/02/06 62.40 62.70 62.00 62.20 
2017/02/07 62.20 62.40 61.70 61.80 
2017/02/08 62.00 62.80 61.70 62.10 
