2016/07/01 14.75 14.80 14.30 14.30 
2016/07/04 14.25 14.55 14.20 14.45 
2016/07/05 14.65 14.75 14.15 14.35 
2016/07/06 14.40 14.40 14.00 14.25 
2016/07/07 14.30 14.45 14.00 14.00 
2016/07/11 14.30 15.40 14.25 15.40 
2016/07/12 15.20 15.60 15.15 15.30 
2016/07/13 15.55 16.10 15.55 15.90 
2016/07/14 15.70 15.70 15.20 15.35 
2016/07/15 15.55 16.70 15.40 16.20 
2016/07/18 16.40 16.90 16.30 16.50 
2016/07/19 16.65 16.65 16.10 16.35 
2016/07/20 16.15 16.20 15.35 15.60 
2016/07/21 15.75 16.15 15.60 15.70 
2016/07/22 15.70 15.80 15.30 15.80 
2016/07/25 15.80 15.90 15.45 15.70 
2016/07/26 15.90 16.00 15.35 15.45 
2016/07/27 15.65 16.05 15.35 15.85 
2016/07/28 15.90 17.40 15.90 17.40 
2016/07/29 17.50 17.60 17.00 17.30 
2016/08/01 17.50 18.05 17.30 17.30 
2016/08/02 17.25 17.85 17.25 17.60 
2016/08/03 17.50 17.85 17.25 17.50 
2016/08/04 17.60 18.40 17.60 17.75 
2016/08/05 17.85 17.95 17.30 17.30 
2016/08/08 17.55 17.75 17.10 17.65 
2016/08/09 17.70 17.75 16.70 16.90 
2016/08/10 17.45 17.50 16.80 16.80 
2016/08/11 16.80 17.10 16.45 16.60 
2016/08/12 16.55 16.60 15.85 15.85 
2016/08/15 15.85 15.90 15.40 15.75 
2016/08/16 15.75 16.60 15.75 16.20 
2016/08/17 16.15 16.55 16.00 16.00 
2016/08/18 16.15 16.60 16.05 16.15 
2016/08/19 16.25 16.35 15.75 15.75 
2016/08/22 15.75 15.85 15.40 15.45 
2016/08/23 15.65 15.85 15.50 15.65 
2016/08/24 15.80 17.10 15.70 16.80 
2016/08/25 16.80 17.65 16.70 17.10 
2016/08/26 17.25 17.30 16.90 16.95 
2016/08/29 16.90 17.15 16.60 16.80 
2016/08/30 16.95 17.60 16.95 17.25 
2016/08/31 17.30 17.50 16.90 16.95 
2016/09/01 17.00 17.00 16.45 16.50 
2016/09/02 16.50 16.50 14.85 16.25 
2016/09/05 16.50 16.70 16.25 16.45 
2016/09/06 16.70 16.70 16.45 16.50 
2016/09/07 16.80 17.30 16.70 16.90 
2016/09/08 16.95 16.95 16.60 16.80 
2016/09/09 17.45 17.70 16.70 16.70 
2016/09/10 16.30 16.60 16.25 16.30 
2016/09/12 16.40 16.50 16.00 16.05 
2016/09/13 16.10 16.30 15.50 15.85 
2016/09/14 15.65 16.00 15.55 15.60 
2016/09/19 15.75 16.05 15.70 15.95 
2016/09/20 16.10 16.40 16.00 16.20 
2016/09/21 16.20 16.25 16.00 16.05 
2016/09/22 16.15 16.50 16.05 16.05 
2016/09/23 16.10 16.30 16.00 16.05 
2016/09/26 16.00 16.00 15.70 15.70 
2016/09/29 15.85 15.90 15.50 15.60 
2016/09/30 15.60 16.00 15.55 15.80 
2016/10/03 15.95 16.05 15.80 15.95 
2016/10/04 15.90 16.10 15.80 15.85 
2016/10/05 15.90 16.25 15.80 16.20 
2016/10/06 16.35 16.95 16.20 16.85 
2016/10/07 17.00 17.20 16.40 16.45 
2016/10/11 17.40 17.95 16.70 17.05 
2016/10/12 16.95 17.45 16.70 17.30 
2016/10/13 17.40 17.40 17.00 17.15 
2016/10/14 17.20 17.20 16.35 16.45 
2016/10/17 16.45 17.10 16.15 17.00 
2016/10/18 17.00 17.70 16.85 17.70 
2016/10/19 17.95 18.00 17.30 17.45 
2016/10/20 17.45 17.65 17.20 17.20 
2016/10/21 17.30 17.60 17.25 17.45 
2016/10/24 17.50 17.60 17.15 17.15 
2016/10/25 17.15 17.90 16.85 17.90 
2016/10/26 17.70 17.85 17.50 17.55 
2016/10/27 17.70 17.75 17.45 17.50 
2016/10/28 17.50 17.65 17.00 17.05 
2016/10/31 17.05 17.40 16.70 17.10 
2016/11/01 17.10 17.30 16.85 17.00 
2016/11/02 16.75 17.00 16.40 16.40 
2016/11/03 16.70 16.70 16.30 16.50 
2016/11/04 16.60 16.85 16.50 16.80 
2016/11/07 16.80 17.20 16.80 17.00 
2016/11/08 17.10 17.25 16.90 16.90 
2016/11/09 17.05 17.20 15.60 15.80 
2016/11/10 16.55 16.55 16.00 16.05 
2016/11/11 16.05 16.25 15.15 15.15 
2016/11/14 15.30 15.45 14.90 15.20 
2016/11/15 15.30 15.35 15.15 15.25 
2016/11/16 15.40 15.50 15.20 15.25 
2016/11/17 15.30 15.30 14.95 15.00 
2016/11/18 15.05 15.40 15.05 15.35 
2016/11/21 15.50 15.80 15.20 15.60 
2016/11/22 15.80 15.80 15.55 15.60 
2016/11/23 15.70 15.75 15.50 15.50 
2016/11/24 15.40 15.75 15.40 15.40 
2016/11/25 15.40 15.50 15.25 15.25 
2016/11/28 15.25 15.55 15.25 15.30 
2016/11/29 15.30 15.55 15.25 15.35 
2016/11/30 15.40 15.50 15.25 15.30 
2016/12/01 15.30 15.50 15.20 15.25 
2016/12/02 15.25 15.30 15.15 15.15 
2016/12/05 15.30 15.80 15.30 15.55 
2016/12/06 15.75 15.80 15.50 15.55 
2016/12/07 15.70 15.80 15.55 15.55 
2016/12/08 15.70 16.20 15.70 15.80 
2016/12/09 16.05 16.05 15.65 15.65 
2016/12/12 15.65 15.70 15.35 15.35 
2016/12/13 15.40 16.30 15.35 16.30 
2016/12/14 16.20 16.40 16.15 16.15 
2016/12/15 16.20 16.20 15.85 16.00 
2016/12/16 16.10 16.15 15.95 16.00 
2016/12/19 16.00 16.00 15.75 15.85 
2016/12/20 15.85 15.95 15.70 15.75 
2016/12/21 15.75 15.95 15.75 15.80 
2016/12/22 15.80 15.85 15.60 15.60 
2016/12/23 15.60 15.70 15.60 15.65 
2016/12/26 15.55 15.80 15.55 15.65 
2016/12/27 15.60 15.95 15.60 15.70 
2016/12/28 15.75 15.90 15.75 15.75 
2016/12/29 15.80 16.00 15.75 15.85 
2016/12/30 15.90 16.65 15.90 16.40 
2017/01/03 16.40 16.95 16.40 16.50 
2017/01/04 16.60 16.85 16.40 16.80 
2017/01/05 16.75 17.10 16.50 16.50 
2017/01/06 16.55 16.70 16.45 16.50 
2017/01/09 16.60 17.00 16.30 16.85 
2017/01/10 16.85 17.00 16.60 16.65 
2017/01/11 16.65 16.80 16.60 16.65 
2017/01/12 16.75 16.80 16.60 16.75 
2017/01/13 16.90 17.10 16.75 16.90 
2017/01/16 16.85 16.85 16.65 16.80 
2017/01/17 16.75 16.80 16.55 16.60 
2017/01/18 16.60 16.70 16.50 16.60 
2017/01/19 16.70 16.80 16.55 16.55 
2017/01/20 16.60 16.75 16.55 16.55 
2017/01/23 16.70 16.70 16.40 16.40 
2017/01/24 16.40 16.65 16.35 16.35 
2017/02/02 16.50 16.60 16.35 16.60 
2017/02/03 16.60 16.75 16.50 16.70 
2017/02/06 16.75 17.25 16.75 16.95 
2017/02/07 17.10 17.10 16.75 16.80 
2017/02/08 16.85 17.60 16.70 17.30 
