2016/07/01 91.00 91.80 91.00 91.80 
2016/07/04 91.80 91.80 91.40 91.40 
2016/07/05 91.40 91.40 90.70 91.20 
2016/07/06 91.90 91.90 90.50 90.50 
2016/07/07 90.00 90.20 90.00 90.00 
2016/07/11 90.00 90.20 90.00 90.20 
2016/07/12 90.00 90.50 89.70 89.70 
2016/07/13 90.00 90.60 89.90 90.60 
2016/07/14 91.00 91.00 89.80 90.10 
2016/07/15 90.10 90.50 89.30 90.30 
2016/07/18 90.40 90.40 90.00 90.20 
2016/07/19 90.20 92.00 89.50 91.10 
2016/07/20 90.60 91.20 90.60 90.80 
2016/07/21 91.00 91.40 90.50 90.50 
2016/07/22 90.30 90.50 90.10 90.10 
2016/07/25 89.80 90.10 89.70 90.00 
2016/07/26 90.00 90.20 89.90 90.10 
2016/07/27 90.10 90.10 89.50 89.90 
2016/07/28 89.70 89.80 89.30 89.40 
2016/07/29 89.50 89.50 88.50 89.00 
2016/08/01 88.80 88.80 86.20 88.10 
2016/08/02 88.10 88.10 87.50 87.50 
2016/08/03 87.60 88.20 87.60 88.10 
2016/08/04 88.70 88.70 87.20 87.50 
2016/08/05 87.30 88.10 87.30 87.60 
2016/08/08 87.90 88.00 87.00 87.10 
2016/08/09 87.10 87.40 87.10 87.40 
2016/08/10 87.10 87.10 85.60 86.60 
2016/08/11 87.00 87.00 86.30 86.60 
2016/08/12 88.30 90.40 87.20 88.00 
2016/08/15 88.00 88.60 88.00 88.60 
2016/08/16 88.60 90.70 88.00 90.70 
2016/08/17 91.40 91.90 88.70 89.50 
2016/08/18 89.50 89.50 89.10 89.50 
2016/08/19 89.60 89.60 89.10 89.10 
2016/08/22 89.10 89.10 88.60 88.60 
2016/08/23 88.40 88.40 88.00 88.00 
2016/08/24 88.20 90.30 88.20 88.70 
2016/08/25 89.50 90.50 89.40 89.50 
2016/08/26 90.00 90.00 89.20 89.20 
2016/08/29 88.50 90.50 88.50 89.10 
2016/08/30 89.20 89.20 88.80 88.80 
2016/08/31 88.90 90.00 88.80 89.00 
2016/09/01 89.30 89.30 89.00 89.00 
2016/09/02 89.00 90.00 89.00 90.00 
2016/09/05 90.00 90.00 89.70 89.80 
2016/09/06 89.00 90.00 89.00 89.90 
2016/09/07 90.30 90.30 89.50 89.60 
2016/09/08 89.60 90.30 89.60 90.30 
2016/09/09 90.90 90.90 89.70 89.70 
2016/09/10 91.80 91.80 88.60 89.00 
2016/09/12 88.60 90.00 88.60 89.00 
2016/09/13 89.00 89.70 88.70 89.70 
2016/09/14 90.00 90.00 89.80 90.00 
2016/09/19 90.40 90.40 89.80 90.10 
2016/09/20 89.50 89.90 89.40 89.90 
2016/09/21 90.40 90.40 90.00 90.00 
2016/09/22 90.20 90.20 89.60 89.60 
2016/09/23 89.70 89.70 89.40 89.40 
2016/09/26 89.20 89.20 89.00 89.00 
2016/09/29 88.50 88.50 86.60 87.70 
2016/09/30 87.20 87.20 86.50 86.70 
2016/10/03 86.50 86.50 84.90 85.20 
2016/10/04 85.20 85.90 84.10 84.40 
2016/10/05 85.30 85.30 85.10 85.10 
2016/10/06 85.50 86.00 84.60 85.00 
2016/10/07 85.00 85.70 84.30 85.50 
2016/10/11 84.50 84.50 82.90 83.00 
2016/10/12 81.90 83.70 81.90 83.70 
2016/10/13 84.90 84.90 83.70 84.00 
2016/10/14 83.80 83.80 82.10 82.10 
2016/10/17 82.10 82.10 81.20 81.20 
2016/10/18 81.20 81.80 81.00 81.60 
2016/10/19 82.00 82.00 81.50 82.00 
2016/10/20 82.50 82.50 81.20 81.50 
2016/10/21 81.50 82.50 81.50 82.40 
2016/10/24 81.10 82.00 81.10 81.40 
2016/10/25 81.50 81.70 81.50 81.70 
2016/10/26 82.00 83.90 81.10 82.30 
2016/10/27 82.30 82.30 82.30 82.30 
2016/10/28 82.50 84.20 82.50 83.80 
2016/10/31 83.10 84.30 82.50 83.30 
2016/11/01 85.80 85.90 83.40 85.90 
2016/11/02 84.50 85.90 84.30 84.40 
2016/11/03 83.60 85.80 83.60 85.00 
2016/11/04 85.00 85.10 84.50 84.50 
2016/11/07 84.50 85.90 84.50 85.90 
2016/11/08 85.00 85.80 85.00 85.00 
2016/11/09 84.50 84.50 82.70 83.20 
2016/11/10 83.20 85.50 83.20 85.50 
2016/11/11 85.60 87.70 85.60 87.40 
2016/11/14 89.30 89.90 87.40 88.00 
2016/11/15 88.60 89.20 88.50 88.80 
2016/11/16 89.30 89.30 88.50 88.50 
2016/11/17 87.70 88.40 87.40 87.50 
2016/11/18 88.50 89.20 88.30 89.20 
2016/11/21 89.50 89.50 88.00 88.00 
2016/11/22 87.80 89.50 87.80 89.50 
2016/11/23 88.40 89.20 88.30 89.20 
2016/11/24 88.50 89.00 88.30 89.00 
2016/11/25 88.70 89.20 88.70 88.70 
2016/11/28 89.20 89.60 88.80 88.90 
2016/11/29 88.90 90.20 88.90 90.00 
2016/11/30 90.90 90.90 89.50 90.10 
2016/12/01 90.30 90.80 90.10 90.10 
2016/12/02 90.10 91.80 90.00 91.80 
2016/12/05 91.80 97.50 90.10 97.50 
2016/12/06 95.60 97.90 95.00 97.50 
2016/12/07 97.50 97.80 96.20 97.40 
2016/12/08 97.10 97.40 96.00 97.40 
2016/12/09 97.40 97.60 96.80 97.50 
2016/12/12 97.50 97.60 97.20 97.60 
2016/12/13 98.00 98.00 96.80 96.80 
2016/12/14 88.50 97.10 88.50 94.50 
2016/12/15 93.60 95.00 93.10 94.10 
2016/12/16 95.40 95.40 93.50 94.50 
2016/12/19 94.30 96.50 93.00 96.50 
2016/12/20 95.00 96.80 95.00 96.80 
2016/12/21 97.00 97.70 96.60 97.10 
2016/12/22 97.20 99.30 97.20 98.70 
2016/12/23 98.00 99.00 98.00 98.80 
2016/12/26 99.00 100.00 98.80 99.50 
2016/12/27 99.50 99.60 98.20 98.70 
2016/12/28 99.50 99.50 98.00 98.00 
2016/12/29 98.20 102.00 98.20 101.00 
2016/12/30 100.00 100.50 99.10 100.00 
2017/01/03 99.50 100.00 99.00 99.50 
2017/01/04 99.90 99.90 98.50 99.00 
2017/01/05 99.00 99.40 98.60 99.20 
2017/01/06 98.10 99.60 98.10 99.50 
2017/01/09 99.50 100.00 99.00 99.50 
2017/01/10 98.50 99.70 98.50 99.50 
2017/01/11 98.30 99.50 98.30 99.40 
2017/01/12 99.30 99.50 98.80 99.40 
2017/01/13 99.00 99.50 98.80 99.50 
2017/01/16 99.00 99.70 98.80 99.20 
2017/01/17 99.20 99.50 99.20 99.50 
2017/01/18 99.90 100.00 99.30 100.00 
2017/01/19 100.00 104.00 99.80 103.00 
2017/01/20 103.00 104.00 102.50 103.00 
2017/01/23 103.00 103.00 101.50 103.00 
2017/01/24 103.00 103.50 101.50 103.00 
2017/02/02 102.50 103.50 102.00 103.50 
2017/02/03 103.00 103.00 101.50 102.00 
2017/02/06 101.00 102.00 100.50 101.50 
2017/02/07 101.00 101.50 101.00 101.50 
2017/02/08 101.50 103.00 101.00 101.50 
