2016/07/01 11.65 11.75 11.60 11.70 
2016/07/04 11.80 12.85 11.70 12.85 
2016/07/05 13.30 13.75 12.65 12.65 
2016/07/06 12.40 12.55 12.30 12.40 
2016/07/07 12.30 12.75 12.30 12.50 
2016/07/11 12.35 12.45 12.20 12.20 
2016/07/12 12.35 12.50 12.30 12.50 
2016/07/13 12.25 12.55 12.25 12.40 
2016/07/14 12.25 12.70 12.25 12.50 
2016/07/15 12.50 12.70 12.45 12.55 
2016/07/18 12.35 12.70 12.35 12.65 
2016/07/19 12.40 12.55 12.30 12.30 
2016/07/20 12.40 12.95 12.30 12.75 
2016/07/21 12.90 12.90 12.55 12.65 
2016/07/22 12.50 12.60 12.30 12.50 
2016/07/25 12.45 12.45 12.25 12.40 
2016/07/26 12.25 12.30 12.25 12.30 
2016/07/27 12.40 12.55 12.35 12.55 
2016/07/28 12.55 12.55 12.25 12.30 
2016/08/01 12.30 12.35 12.05 12.30 
2016/08/02 12.15 12.30 12.15 12.25 
2016/08/03 12.10 12.15 11.95 12.00 
2016/08/04 12.00 12.40 12.00 12.40 
2016/08/05 12.20 12.35 12.15 12.20 
2016/08/08 12.20 12.45 12.05 12.15 
2016/08/09 12.05 12.15 12.00 12.10 
2016/08/10 12.00 12.00 11.80 11.90 
2016/08/11 11.80 12.05 11.45 11.60 
2016/08/12 11.65 11.75 11.50 11.75 
2016/08/15 11.50 11.65 11.50 11.65 
2016/08/16 11.60 12.45 11.60 12.15 
2016/08/17 12.10 12.10 11.80 11.95 
2016/08/18 12.05 12.45 11.95 12.05 
2016/08/19 12.25 12.25 11.95 12.05 
2016/08/22 11.90 12.20 11.75 12.00 
2016/08/23 12.10 12.20 11.90 12.20 
2016/08/24 12.00 12.30 12.00 12.10 
2016/08/25 12.15 12.30 12.10 12.25 
2016/08/26 12.10 12.15 12.05 12.05 
2016/08/29 12.00 12.30 12.00 12.30 
2016/08/30 12.00 12.10 11.95 12.10 
2016/08/31 11.95 12.00 11.90 12.00 
2016/09/01 11.95 11.95 11.70 11.95 
2016/09/02 11.90 11.90 11.70 11.80 
2016/09/05 11.80 11.80 11.65 11.80 
2016/09/07 11.80 11.80 11.70 11.80 
2016/09/08 11.80 11.90 11.80 11.90 
2016/09/09 11.85 11.85 11.70 11.80 
2016/09/10 11.75 11.75 11.60 11.70 
2016/09/12 11.70 11.70 11.50 11.70 
2016/09/13 11.70 11.70 11.55 11.65 
2016/09/14 11.50 11.55 11.40 11.50 
2016/09/19 11.50 11.70 11.50 11.60 
2016/09/20 11.75 11.75 11.55 11.65 
2016/09/21 11.60 11.65 11.50 11.65 
2016/09/22 11.55 11.60 11.55 11.55 
2016/09/23 11.55 11.60 11.50 11.60 
2016/09/26 11.60 11.65 11.50 11.65 
2016/09/29 11.50 11.65 11.50 11.65 
2016/09/30 11.50 11.55 11.50 11.55 
2016/10/03 11.50 11.75 11.50 11.70 
2016/10/04 11.70 11.70 11.60 11.60 
2016/10/05 11.55 11.65 11.45 11.55 
2016/10/06 11.55 12.15 11.55 11.90 
2016/10/07 12.00 12.00 11.70 11.75 
2016/10/11 11.80 11.80 11.50 11.65 
2016/10/12 11.70 11.70 11.40 11.50 
2016/10/13 11.60 11.60 11.50 11.50 
2016/10/14 11.60 11.60 11.20 11.40 
2016/10/17 11.30 11.55 11.15 11.55 
2016/10/18 11.55 11.60 11.30 11.40 
2016/10/19 11.55 11.55 11.10 11.35 
2016/10/20 11.40 11.40 11.25 11.40 
2016/10/21 11.45 11.45 11.25 11.40 
2016/10/24 11.40 11.80 11.40 11.65 
2016/10/25 11.70 11.70 11.35 11.45 
2016/10/26 11.45 11.50 11.40 11.40 
2016/10/27 11.45 11.50 11.30 11.45 
2016/10/28 11.30 11.35 11.20 11.20 
2016/10/31 11.30 11.30 11.15 11.30 
2016/11/01 11.30 11.30 11.10 11.20 
2016/11/02 11.15 11.15 10.75 10.95 
2016/11/03 10.95 10.95 10.45 10.80 
2016/11/04 10.80 10.95 10.70 10.95 
2016/11/07 10.95 11.00 10.55 11.00 
2016/11/08 11.10 11.15 10.70 10.85 
2016/11/09 10.85 10.85 10.30 10.80 
2016/11/10 10.75 11.00 10.65 11.00 
2016/11/11 11.10 11.10 10.75 10.95 
2016/11/14 10.80 10.90 10.65 10.90 
2016/11/16 11.10 11.10 10.60 10.75 
2016/11/17 10.65 10.85 10.65 10.80 
2016/11/18 10.75 10.75 10.55 10.60 
2016/11/21 10.60 10.60 10.50 10.60 
2016/11/22 10.50 10.55 10.15 10.20 
2016/11/23 10.20 10.25 10.10 10.10 
2016/11/24 10.05 10.15 10.00 10.00 
2016/11/25 10.10 10.10 9.92 9.97 
2016/11/28 9.96 10.30 9.95 10.15 
2016/11/29 10.05 10.40 10.05 10.20 
2016/11/30 10.20 10.30 10.00 10.15 
2016/12/01 10.10 10.15 10.05 10.05 
2016/12/02 10.10 10.15 10.10 10.15 
2016/12/05 10.20 10.20 10.10 10.20 
2016/12/06 10.15 10.20 10.15 10.20 
2016/12/07 10.15 10.20 10.15 10.15 
2016/12/08 10.10 10.15 10.05 10.15 
2016/12/09 10.25 10.30 10.15 10.15 
2016/12/12 10.35 10.35 10.20 10.20 
2016/12/13 10.20 10.35 10.20 10.25 
2016/12/14 10.25 10.30 10.25 10.25 
2016/12/15 10.25 10.35 10.25 10.25 
2016/12/16 10.35 10.65 10.30 10.35 
2016/12/19 10.40 10.50 10.35 10.40 
2016/12/20 10.45 10.50 10.45 10.45 
2016/12/21 10.50 10.50 10.45 10.50 
2016/12/22 10.45 10.50 10.45 10.50 
2016/12/23 10.45 10.45 10.40 10.45 
2016/12/26 10.55 10.65 10.50 10.50 
2016/12/27 10.35 10.50 10.30 10.50 
2016/12/28 10.50 10.50 10.40 10.45 
2016/12/29 10.50 10.50 10.50 10.50 
2016/12/30 10.55 10.55 10.50 10.50 
2017/01/03 10.75 10.75 10.70 10.70 
2017/01/04 10.70 10.70 10.70 10.70 
2017/01/05 10.70 11.15 10.45 10.45 
2017/01/06 10.60 11.45 10.60 11.45 
2017/01/09 11.40 11.75 11.30 11.60 
2017/01/10 11.30 11.50 11.25 11.30 
2017/01/11 11.35 11.45 11.30 11.45 
2017/01/12 11.35 11.45 11.05 11.05 
2017/01/13 11.20 11.25 11.10 11.15 
2017/01/16 11.15 11.50 11.15 11.40 
2017/01/17 11.40 11.50 11.40 11.50 
2017/01/18 11.25 11.40 11.25 11.30 
2017/01/19 11.25 11.50 11.25 11.50 
2017/01/20 11.50 12.20 11.35 11.80 
2017/01/23 11.75 11.75 11.40 11.40 
2017/01/24 11.65 11.70 11.35 11.50 
2017/02/02 11.60 12.15 11.60 11.70 
2017/02/03 11.85 12.30 11.70 12.30 
2017/02/06 12.25 12.65 12.15 12.65 
2017/02/07 12.70 13.90 12.70 13.90 
2017/02/08 14.70 14.90 13.90 14.05 
