2016/07/01 24.45 24.50 24.35 24.40 
2016/07/04 24.40 24.60 24.40 24.45 
2016/07/05 24.50 24.65 24.40 24.50 
2016/07/06 24.50 24.50 24.40 24.45 
2016/07/07 24.45 24.45 23.85 23.85 
2016/07/11 23.05 23.20 23.00 23.10 
2016/07/12 23.15 23.20 23.10 23.10 
2016/07/13 23.20 23.40 23.20 23.40 
2016/07/14 23.35 23.35 23.30 23.35 
2016/07/15 23.35 23.80 23.35 23.60 
2016/07/18 24.00 24.35 23.95 24.20 
2016/07/19 24.20 24.20 23.95 23.95 
2016/07/20 23.95 23.95 23.75 23.80 
2016/07/21 24.00 24.00 23.80 23.85 
2016/07/22 23.85 23.95 23.85 23.90 
2016/07/25 23.90 23.90 23.55 23.65 
2016/07/26 23.65 23.90 23.60 23.80 
2016/07/27 23.80 23.80 23.50 23.65 
2016/07/28 23.75 23.75 23.60 23.60 
2016/07/29 23.55 23.65 23.45 23.45 
2016/08/01 23.45 23.60 23.40 23.60 
2016/08/02 23.70 23.70 23.40 23.50 
2016/08/03 23.50 23.60 23.30 23.50 
2016/08/04 23.55 23.80 23.50 23.55 
2016/08/05 23.60 23.60 23.40 23.45 
2016/08/08 23.45 23.60 23.45 23.45 
2016/08/09 23.35 23.45 23.30 23.30 
2016/08/10 23.30 23.80 23.30 23.50 
2016/08/11 23.35 23.65 23.30 23.35 
2016/08/12 23.35 23.60 23.30 23.30 
2016/08/15 23.40 23.50 23.25 23.45 
2016/08/16 23.30 23.30 23.20 23.20 
2016/08/17 23.20 23.20 23.05 23.15 
2016/08/18 23.10 23.35 23.00 23.30 
2016/08/19 23.20 23.45 23.10 23.10 
2016/08/22 23.00 23.20 22.95 23.00 
2016/08/23 23.00 23.45 23.00 23.10 
2016/08/24 23.35 23.45 23.15 23.20 
2016/08/25 23.20 23.45 23.20 23.35 
2016/08/26 23.40 23.40 23.20 23.20 
2016/08/29 23.45 23.45 23.25 23.35 
2016/08/30 23.35 23.45 23.25 23.45 
2016/08/31 23.55 23.55 23.30 23.35 
2016/09/01 23.35 23.35 23.20 23.20 
2016/09/02 23.20 23.35 23.15 23.15 
2016/09/05 23.20 23.20 23.10 23.15 
2016/09/06 23.15 23.60 23.15 23.45 
2016/09/07 23.25 23.45 23.25 23.45 
2016/09/08 23.50 23.90 23.50 23.70 
2016/09/09 23.90 23.90 23.60 23.85 
2016/09/10 23.50 23.65 23.45 23.55 
2016/09/12 23.55 23.55 23.40 23.40 
2016/09/13 23.45 23.50 23.35 23.35 
2016/09/14 23.55 23.55 23.25 23.40 
2016/09/19 23.60 23.60 23.30 23.35 
2016/09/20 23.25 23.35 23.20 23.35 
2016/09/21 23.35 23.50 23.25 23.35 
2016/09/22 23.35 23.50 23.35 23.50 
2016/09/23 23.50 23.50 23.35 23.40 
2016/09/26 23.40 23.50 23.30 23.30 
2016/09/29 23.30 23.50 23.30 23.40 
2016/09/30 23.40 23.40 23.25 23.25 
2016/10/03 23.25 23.35 23.25 23.35 
2016/10/04 23.45 23.45 23.25 23.30 
2016/10/05 23.35 23.35 23.20 23.20 
2016/10/06 23.20 23.20 23.10 23.15 
2016/10/07 23.20 23.20 23.00 23.00 
2016/10/11 23.40 23.40 22.90 23.00 
2016/10/12 22.90 22.90 22.65 22.70 
2016/10/13 22.85 22.85 22.45 22.45 
2016/10/14 22.45 22.60 21.90 21.90 
2016/10/17 22.20 22.20 21.95 21.95 
2016/10/18 21.95 21.95 21.90 21.90 
2016/10/19 21.95 22.10 21.90 22.10 
2016/10/20 22.10 22.15 22.00 22.00 
2016/10/21 22.00 22.10 21.95 22.05 
2016/10/24 22.10 22.30 22.10 22.20 
2016/10/25 22.20 22.50 22.10 22.25 
2016/10/26 22.25 22.30 22.20 22.20 
2016/10/27 22.25 22.25 22.00 22.05 
2016/10/28 22.05 22.10 21.85 21.85 
2016/10/31 21.90 21.90 21.60 21.65 
2016/11/01 21.70 21.80 21.60 21.70 
2016/11/02 21.60 21.60 21.25 21.30 
2016/11/03 21.30 21.30 20.65 20.70 
2016/11/04 20.60 20.60 20.40 20.40 
2016/11/07 20.50 20.80 20.45 20.45 
2016/11/08 20.45 20.60 20.20 20.60 
2016/11/09 20.70 20.70 20.00 20.40 
2016/11/10 20.40 20.45 20.30 20.40 
2016/11/11 20.40 20.40 20.10 20.10 
2016/11/14 20.20 20.30 20.00 20.10 
2016/11/15 20.10 20.20 20.05 20.15 
2016/11/16 20.30 20.30 20.10 20.10 
2016/11/17 20.10 20.10 20.05 20.10 
2016/11/18 20.10 20.20 20.00 20.20 
2016/11/21 20.20 20.25 20.05 20.25 
2016/11/22 20.30 20.50 20.25 20.50 
2016/11/23 20.50 20.75 20.30 20.75 
2016/11/24 20.75 20.75 20.55 20.55 
2016/11/25 20.55 20.55 20.35 20.35 
2016/11/28 20.35 20.50 20.25 20.30 
2016/11/29 20.25 20.35 20.25 20.30 
2016/11/30 20.30 20.35 20.10 20.10 
2016/12/01 20.20 20.20 20.15 20.15 
2016/12/02 20.10 20.15 20.10 20.10 
2016/12/05 20.10 20.20 20.05 20.10 
2016/12/06 20.20 20.25 20.05 20.10 
2016/12/07 20.25 20.60 20.20 20.45 
2016/12/08 20.45 20.45 20.30 20.30 
2016/12/09 20.30 20.30 20.15 20.15 
2016/12/12 20.15 20.30 20.10 20.15 
2016/12/13 20.15 20.15 20.10 20.10 
2016/12/14 20.10 20.25 20.10 20.20 
2016/12/15 20.20 20.25 20.10 20.20 
2016/12/16 20.15 20.30 20.15 20.20 
2016/12/19 20.30 20.85 20.30 20.85 
2016/12/20 21.10 22.90 21.10 22.90 
2016/12/21 23.15 23.70 22.50 22.90 
2016/12/22 22.90 22.90 22.40 22.40 
2016/12/23 22.40 23.10 22.40 22.60 
2016/12/26 22.70 22.70 22.40 22.50 
2016/12/27 22.40 22.70 22.30 22.30 
2016/12/28 22.30 22.65 21.95 22.05 
2016/12/29 22.05 22.35 21.95 22.05 
2016/12/30 22.15 22.60 22.10 22.25 
2017/01/03 22.30 22.30 22.05 22.05 
2017/01/04 22.10 22.15 21.90 21.90 
2017/01/05 21.90 22.10 21.80 21.90 
2017/01/06 21.90 22.10 21.75 21.80 
2017/01/09 21.80 21.80 21.65 21.70 
2017/01/10 21.60 21.60 21.30 21.60 
2017/01/11 21.15 21.50 21.15 21.35 
2017/01/12 21.35 21.75 21.35 21.40 
2017/01/13 21.60 21.80 21.45 21.60 
2017/01/16 21.60 21.80 21.60 21.70 
2017/01/17 21.70 22.80 21.70 21.90 
2017/01/18 22.00 22.00 21.75 21.75 
2017/01/19 21.70 22.10 21.60 21.80 
2017/01/20 21.80 22.00 21.80 21.85 
2017/01/23 21.85 22.25 21.80 21.90 
2017/01/24 21.90 22.45 21.85 21.85 
2017/02/02 21.85 22.45 21.75 22.00 
2017/02/03 22.20 22.30 22.05 22.15 
2017/02/06 22.10 22.70 22.10 22.35 
2017/02/07 22.40 22.40 21.90 22.00 
2017/02/08 22.00 22.30 22.00 22.10 
