2016/07/01 26.30 26.55 26.20 26.35 
2016/07/04 26.10 26.40 26.10 26.35 
2016/07/05 26.35 26.60 26.35 26.60 
2016/07/06 26.80 27.05 26.50 26.80 
2016/07/07 26.85 26.95 26.50 26.80 
2016/07/11 27.00 27.05 26.80 26.80 
2016/07/12 26.80 27.00 26.70 26.95 
2016/07/13 27.00 27.25 26.80 27.10 
2016/07/14 27.20 28.30 27.20 28.15 
2016/07/15 28.15 28.50 27.75 27.90 
2016/07/18 28.30 30.65 28.15 29.15 
2016/07/19 29.15 29.45 28.75 29.15 
2016/07/20 29.25 31.45 29.20 30.40 
2016/07/21 31.20 31.70 30.60 30.80 
2016/07/22 31.30 31.35 30.65 31.00 
2016/07/25 31.50 34.00 31.50 33.85 
2016/07/26 33.95 34.45 33.25 33.65 
2016/07/27 34.00 34.85 32.65 32.85 
2016/07/28 32.85 33.40 31.60 31.85 
2016/07/29 32.10 33.20 32.00 32.40 
2016/08/01 32.40 32.80 32.10 32.50 
2016/08/02 32.65 34.80 32.60 34.45 
2016/08/03 33.80 35.40 33.60 33.80 
2016/08/04 34.40 34.45 32.55 32.90 
2016/08/05 33.30 33.45 32.70 33.10 
2016/08/08 33.05 33.05 31.60 31.80 
2016/08/09 31.55 32.20 30.30 30.70 
2016/08/10 30.90 31.70 30.00 31.00 
2016/08/11 31.30 31.50 30.45 31.20 
2016/08/12 31.20 32.10 31.20 31.40 
2016/08/15 31.95 32.50 31.55 31.80 
2016/08/16 32.40 33.25 32.25 33.25 
2016/08/17 33.65 34.00 32.85 33.00 
2016/08/18 33.45 33.80 33.20 33.40 
2016/08/19 33.50 33.80 32.30 32.30 
2016/08/22 32.25 32.35 31.45 31.55 
2016/08/23 31.80 33.30 31.80 32.50 
2016/08/24 32.75 33.15 32.50 32.50 
2016/08/25 32.85 34.10 32.65 33.90 
2016/08/26 34.40 35.40 34.20 35.10 
2016/08/29 36.25 36.45 34.85 34.85 
2016/08/30 34.85 35.25 34.45 35.20 
2016/08/31 35.60 35.90 34.00 34.15 
2016/09/01 34.30 34.40 33.60 33.70 
2016/09/02 33.90 34.15 32.00 32.30 
2016/09/05 32.65 33.55 32.60 33.40 
2016/09/06 33.80 34.30 33.30 33.35 
2016/09/07 33.50 33.75 32.65 32.80 
2016/09/08 32.90 33.20 32.80 32.95 
2016/09/09 33.00 33.25 32.80 32.90 
2016/09/10 31.60 32.05 31.25 31.35 
2016/09/12 31.45 31.70 30.70 31.00 
2016/09/13 31.00 31.45 30.00 30.30 
2016/09/14 29.75 30.10 29.45 30.10 
2016/09/19 30.40 30.50 30.15 30.35 
2016/09/20 30.35 30.35 29.80 29.95 
2016/09/21 29.95 31.10 29.95 30.70 
2016/09/22 30.95 30.95 30.25 30.50 
2016/09/23 30.60 30.80 30.50 30.65 
2016/09/26 30.65 30.65 29.90 29.95 
2016/09/29 30.30 30.30 29.40 29.50 
2016/09/30 29.50 29.70 29.40 29.60 
2016/10/03 29.80 29.90 29.45 29.55 
2016/10/04 29.70 30.95 29.55 30.90 
2016/10/05 30.80 32.10 30.60 31.15 
2016/10/06 31.45 31.90 31.25 31.35 
2016/10/07 31.50 31.55 30.55 30.55 
2016/10/11 30.70 31.20 29.75 30.00 
2016/10/12 30.00 30.25 29.65 29.90 
2016/10/13 29.95 30.15 29.75 29.80 
2016/10/14 29.60 29.80 28.50 28.50 
2016/10/17 28.45 29.20 28.00 29.05 
2016/10/18 28.80 29.40 28.80 28.80 
2016/10/19 29.00 29.05 28.60 28.70 
2016/10/20 28.60 28.70 28.30 28.30 
2016/10/21 28.30 28.85 28.30 28.45 
2016/10/24 28.60 28.60 28.00 28.15 
2016/10/25 28.00 28.30 28.00 28.15 
2016/10/26 28.10 28.45 28.10 28.20 
2016/10/27 28.20 28.40 28.10 28.20 
2016/10/28 28.20 28.40 28.15 28.30 
2016/10/31 28.50 28.50 28.30 28.35 
2016/11/01 28.40 28.50 28.15 28.20 
2016/11/02 28.20 28.20 27.50 27.60 
2016/11/03 27.35 27.55 26.45 26.65 
2016/11/04 26.50 27.35 26.30 27.15 
2016/11/07 27.00 28.20 27.00 28.05 
2016/11/08 28.20 28.30 27.70 28.25 
2016/11/09 28.20 28.25 27.10 27.10 
2016/11/10 27.70 28.10 27.70 28.05 
2016/11/11 27.70 28.20 27.35 28.00 
2016/11/14 28.00 28.10 27.25 28.00 
2016/11/15 27.90 28.00 27.70 27.85 
2016/11/16 27.80 28.05 27.50 27.55 
2016/11/17 27.80 27.80 27.20 27.30 
2016/11/18 27.50 27.50 27.10 27.35 
2016/11/21 27.60 27.60 27.20 27.20 
2016/11/22 27.30 27.55 27.25 27.30 
2016/11/23 27.30 28.50 27.30 28.00 
2016/11/24 28.20 29.00 28.20 28.65 
2016/11/25 28.90 28.90 28.45 28.50 
2016/11/28 28.60 28.60 28.10 28.30 
2016/11/29 28.30 28.60 28.20 28.20 
2016/11/30 28.25 28.65 28.25 28.55 
2016/12/01 28.55 29.40 28.30 29.00 
2016/12/02 29.00 29.00 28.65 28.70 
2016/12/05 29.20 29.85 29.00 29.80 
2016/12/06 30.20 30.55 30.00 30.00 
2016/12/07 30.45 30.50 29.85 29.85 
2016/12/08 30.20 30.20 29.75 29.75 
2016/12/09 29.75 30.20 29.65 29.65 
2016/12/12 29.85 30.00 29.45 29.45 
2016/12/13 29.60 29.85 29.45 29.60 
2016/12/14 29.70 30.00 29.55 30.00 
2016/12/15 30.00 30.30 29.80 30.10 
2016/12/16 30.30 32.40 30.30 32.00 
2016/12/19 32.20 32.25 30.70 30.95 
2016/12/20 30.60 30.95 30.45 30.65 
2016/12/21 31.00 31.70 30.70 31.05 
2016/12/22 31.20 31.30 30.50 30.50 
2016/12/23 30.30 31.00 30.30 30.70 
2016/12/26 30.70 31.20 30.70 30.75 
2016/12/27 30.60 31.00 30.50 30.55 
2016/12/28 30.55 30.70 30.35 30.35 
2016/12/29 30.20 30.50 30.15 30.20 
2016/12/30 30.30 30.60 29.85 30.40 
2017/01/03 30.70 31.80 30.70 31.40 
2017/01/04 31.70 31.95 31.15 31.45 
2017/01/05 31.55 32.45 31.40 31.40 
2017/01/06 31.40 31.60 30.85 31.05 
2017/01/09 31.60 31.60 31.00 31.25 
2017/01/10 31.25 32.15 30.90 31.75 
2017/01/11 32.00 32.30 31.45 31.45 
2017/01/12 31.50 32.45 31.50 31.90 
2017/01/13 32.10 33.10 32.10 32.55 
2017/01/16 32.85 33.35 32.30 32.35 
2017/01/17 32.50 33.15 32.20 33.00 
2017/01/18 32.95 33.60 32.60 32.70 
2017/01/19 32.85 33.10 32.05 32.05 
2017/01/20 32.10 32.30 31.40 31.75 
2017/01/23 32.10 32.35 31.80 31.80 
2017/01/24 32.30 32.30 31.55 31.85 
2017/02/02 32.05 32.10 31.35 31.40 
2017/02/03 31.40 32.90 31.40 32.35 
2017/02/06 32.10 32.65 32.05 32.15 
2017/02/07 32.10 32.80 32.05 32.40 
2017/02/08 32.10 32.20 31.20 31.55 
