2016/07/01 62.00 62.90 62.00 62.30 
2016/07/04 62.30 62.50 61.60 61.80 
2016/07/05 62.30 63.50 61.70 62.30 
2016/07/06 62.20 62.20 60.70 60.80 
2016/07/07 61.30 61.80 60.30 60.50 
2016/07/11 62.00 62.10 61.10 61.20 
2016/07/12 61.30 65.00 61.30 63.60 
2016/07/13 63.60 64.40 63.20 63.30 
2016/07/14 63.30 64.60 62.50 63.50 
2016/07/15 64.40 64.90 63.80 63.80 
2016/07/18 63.80 65.40 63.80 64.00 
2016/07/19 64.20 64.50 63.00 63.20 
2016/07/20 63.60 67.00 63.60 65.10 
2016/07/21 66.00 66.40 64.90 65.20 
2016/07/22 65.70 65.70 64.10 64.40 
2016/07/25 64.40 65.00 63.20 63.40 
2016/07/26 64.00 64.50 63.50 64.10 
2016/07/27 64.20 66.30 64.20 64.90 
2016/07/28 65.40 65.70 64.20 64.50 
2016/07/29 64.90 64.90 63.70 64.50 
2016/08/01 65.50 66.30 65.20 65.60 
2016/08/02 65.80 67.30 65.60 66.80 
2016/08/03 66.60 70.80 65.80 69.20 
2016/08/04 70.20 72.60 69.30 71.50 
2016/08/05 71.30 71.30 69.20 70.10 
2016/08/08 71.30 71.70 70.20 70.20 
2016/08/09 70.20 70.50 68.00 68.00 
2016/08/10 69.00 70.10 68.60 68.80 
2016/08/11 69.80 70.50 68.50 69.00 
2016/08/12 70.30 72.40 69.70 70.60 
2016/08/15 71.00 74.70 70.20 74.00 
2016/08/16 74.00 76.30 73.50 74.70 
2016/08/17 74.50 76.00 74.20 76.00 
2016/08/18 76.30 77.80 76.10 76.40 
2016/08/19 76.80 77.20 74.10 74.10 
2016/08/22 74.30 74.90 72.70 73.50 
2016/08/23 74.10 76.90 74.00 76.20 
2016/08/24 76.70 77.20 74.80 75.40 
2016/08/25 75.80 76.50 74.60 74.60 
2016/08/26 75.00 76.30 74.70 75.60 
2016/08/29 75.60 76.40 74.20 74.70 
2016/08/30 72.80 74.90 72.40 74.80 
2016/08/31 74.80 76.20 74.20 76.10 
2016/09/01 76.60 77.60 74.50 74.50 
2016/09/02 75.00 75.10 72.80 73.10 
2016/09/05 74.10 74.60 73.10 73.20 
2016/09/06 73.60 74.70 72.80 73.00 
2016/09/07 73.40 73.50 71.70 71.70 
2016/09/08 72.00 74.30 72.00 74.20 
2016/09/09 74.30 76.80 73.50 76.40 
2016/09/10 75.10 76.20 74.70 75.10 
2016/09/12 74.70 74.90 73.20 73.20 
2016/09/13 73.80 74.30 70.50 70.70 
2016/09/14 69.70 71.40 69.60 70.60 
2016/09/19 72.00 73.30 71.60 72.20 
2016/09/20 72.20 73.20 72.00 72.00 
2016/09/21 72.10 73.50 72.10 72.80 
2016/09/22 73.30 74.80 72.30 74.20 
2016/09/23 74.30 74.80 73.80 74.50 
2016/09/26 75.10 75.30 74.00 74.70 
2016/09/29 74.80 75.40 74.20 74.90 
2016/09/30 75.50 76.40 75.00 75.50 
2016/10/03 76.40 76.50 74.20 74.20 
2016/10/04 74.40 74.70 73.60 73.90 
2016/10/05 74.20 74.30 73.60 73.60 
2016/10/06 73.80 74.30 73.00 73.30 
2016/10/07 73.80 73.80 73.00 73.40 
2016/10/11 73.00 73.00 68.20 69.40 
2016/10/12 69.80 69.90 67.40 68.90 
2016/10/13 67.90 68.10 65.30 65.60 
2016/10/14 65.80 67.10 65.10 65.90 
2016/10/17 65.00 65.40 61.40 63.50 
2016/10/18 63.70 64.60 63.60 64.00 
2016/10/19 65.00 65.90 64.40 64.50 
2016/10/20 65.00 65.10 64.40 65.00 
2016/10/21 65.50 66.80 65.30 66.10 
2016/10/24 66.30 66.50 65.30 66.00 
2016/10/25 66.60 68.50 66.30 67.80 
2016/10/26 68.00 68.70 67.50 67.80 
2016/10/27 68.10 68.10 66.50 66.60 
2016/10/28 67.00 67.00 65.70 65.70 
2016/10/31 65.70 65.70 64.20 65.40 
2016/11/01 65.40 66.50 65.10 65.30 
2016/11/02 64.80 65.00 62.10 62.10 
2016/11/03 61.80 62.60 60.10 61.10 
2016/11/04 61.20 61.80 60.40 61.20 
2016/11/07 62.20 62.40 61.40 62.00 
2016/11/08 62.50 62.50 58.80 61.10 
2016/11/09 62.00 62.50 58.90 59.60 
2016/11/10 61.90 62.50 61.20 61.80 
2016/11/11 61.90 62.10 59.70 60.20 
2016/11/14 60.20 60.70 57.60 59.80 
2016/11/15 59.80 60.50 59.70 60.10 
2016/11/16 60.60 61.90 60.60 61.30 
2016/11/17 61.20 61.50 60.60 61.30 
2016/11/18 61.30 61.30 60.40 60.70 
2016/11/21 60.50 61.00 60.20 60.20 
2016/11/22 60.80 61.90 60.70 61.50 
2016/11/23 61.80 62.40 60.90 61.00 
2016/11/24 61.30 61.30 60.80 60.80 
2016/11/25 61.10 62.20 61.00 61.20 
2016/11/28 61.60 61.70 60.50 60.50 
2016/11/29 60.90 61.20 60.20 60.80 
2016/11/30 61.00 61.90 60.40 60.40 
2016/12/01 60.80 60.90 58.80 59.90 
2016/12/02 59.90 60.40 59.50 59.90 
2016/12/05 60.10 61.20 59.40 60.10 
2016/12/06 60.70 61.30 60.50 60.70 
2016/12/07 61.20 61.90 60.80 60.90 
2016/12/08 61.30 63.80 61.30 62.90 
2016/12/09 63.20 63.70 62.30 62.40 
2016/12/12 61.60 61.80 60.10 60.20 
2016/12/13 60.40 60.90 60.20 60.80 
2016/12/14 61.00 61.20 60.20 60.20 
2016/12/15 60.50 60.70 59.90 60.50 
2016/12/16 61.30 61.70 61.00 61.00 
2016/12/19 61.60 61.70 60.50 60.50 
2016/12/20 61.50 63.40 61.10 61.90 
2016/12/21 61.60 62.10 61.10 61.80 
2016/12/22 62.40 62.40 60.80 60.90 
2016/12/23 61.10 61.50 60.80 61.00 
2016/12/26 61.20 61.40 60.00 60.40 
2016/12/27 60.70 60.80 60.00 60.00 
2016/12/28 60.40 60.60 60.10 60.40 
2016/12/29 60.40 60.40 59.90 59.90 
2016/12/30 60.60 61.20 60.20 60.30 
2017/01/03 60.50 60.80 60.20 60.60 
2017/01/04 60.90 62.20 60.80 61.50 
2017/01/05 61.80 62.10 61.00 61.10 
2017/01/06 61.10 61.40 60.80 60.90 
2017/01/09 61.40 61.40 59.00 59.70 
2017/01/10 59.70 60.90 59.50 59.80 
2017/01/11 60.40 60.80 59.20 59.60 
2017/01/12 60.00 60.90 60.00 60.40 
2017/01/13 60.80 61.00 60.20 60.20 
2017/01/16 60.50 60.50 58.80 59.00 
2017/01/17 59.00 59.50 58.80 59.00 
2017/01/18 58.90 59.50 58.90 59.50 
2017/01/19 59.70 59.80 58.50 58.70 
2017/01/20 58.70 59.40 58.70 59.10 
2017/01/23 59.70 59.70 58.70 59.10 
2017/01/24 59.30 59.80 59.00 59.50 
2017/02/02 60.10 60.10 58.90 59.10 
2017/02/03 59.30 59.50 58.90 59.00 
2017/02/06 59.10 62.40 59.10 61.40 
2017/02/07 61.40 61.50 60.80 60.80 
2017/02/08 61.50 62.30 60.80 61.80 
