2016/07/01 148.50 148.50 147.50 148.00 
2016/07/04 148.50 150.00 147.50 148.00 
2016/07/05 141.50 143.00 141.00 142.00 
2016/07/06 142.00 144.00 142.00 144.00 
2016/07/07 145.00 145.50 144.00 144.50 
2016/07/11 146.00 147.00 144.00 147.00 
2016/07/12 147.00 147.00 145.00 145.00 
2016/07/13 145.00 145.00 143.50 144.00 
2016/07/14 144.00 145.00 143.00 145.00 
2016/07/15 145.00 145.50 145.00 145.00 
2016/07/18 146.00 147.00 145.00 146.00 
2016/07/19 146.00 146.00 145.00 146.00 
2016/07/20 146.00 146.00 145.00 145.00 
2016/07/21 145.00 145.00 143.50 145.00 
2016/07/22 145.00 146.00 144.00 145.00 
2016/07/25 146.00 149.00 144.50 149.00 
2016/07/26 149.00 149.00 147.50 149.00 
2016/07/27 149.00 163.00 148.00 157.00 
2016/07/28 155.50 157.50 155.00 157.50 
2016/07/29 159.00 163.00 156.00 157.00 
2016/08/01 159.50 162.50 159.00 160.50 
2016/08/02 160.50 164.50 160.00 163.00 
2016/08/03 162.50 163.00 161.00 162.50 
2016/08/04 163.00 163.50 159.00 162.00 
2016/08/05 163.00 163.00 160.00 161.00 
2016/08/08 164.00 167.50 164.00 165.50 
2016/08/09 166.50 167.00 162.00 163.50 
2016/08/10 163.50 165.00 162.50 164.00 
2016/08/11 164.00 164.00 160.00 160.50 
2016/08/12 160.50 163.00 160.50 162.50 
2016/08/15 163.50 165.00 163.50 164.50 
2016/08/16 165.50 165.50 163.00 163.00 
2016/08/17 163.50 167.50 163.50 166.00 
2016/08/18 167.00 167.00 164.00 164.00 
2016/08/19 165.00 166.00 163.00 163.00 
2016/08/22 165.00 167.50 164.00 165.50 
2016/08/23 166.50 172.50 166.00 172.50 
2016/08/24 172.50 172.50 169.00 170.50 
2016/08/25 169.50 172.00 168.50 171.00 
2016/08/26 172.00 172.50 169.00 170.50 
2016/08/29 170.00 170.00 165.00 166.00 
2016/08/30 166.50 167.00 164.00 164.00 
2016/08/31 164.00 164.00 161.00 162.00 
2016/09/01 162.00 163.00 161.00 163.00 
2016/09/02 163.00 163.00 157.50 158.50 
2016/09/05 158.00 159.50 158.00 159.50 
2016/09/06 159.50 165.50 159.50 164.50 
2016/09/07 163.00 164.50 161.50 163.00 
2016/09/08 163.00 165.00 161.00 163.50 
2016/09/09 164.00 164.50 161.00 162.00 
2016/09/10 160.00 164.00 159.00 162.50 
2016/09/12 163.00 163.00 160.00 160.50 
2016/09/13 160.50 161.50 160.00 160.50 
2016/09/14 160.00 161.00 160.00 160.50 
2016/09/19 161.50 161.50 161.00 161.50 
2016/09/20 162.00 163.00 161.50 163.00 
2016/09/21 163.50 163.50 162.00 162.00 
2016/09/22 162.00 162.00 161.00 161.00 
2016/09/23 161.00 162.00 160.50 161.00 
2016/09/26 160.50 160.50 159.00 159.00 
2016/09/29 160.00 160.00 159.00 159.00 
2016/09/30 159.00 159.50 159.00 159.00 
2016/10/03 159.50 160.50 159.00 159.50 
2016/10/04 160.00 160.00 159.00 159.00 
2016/10/05 159.00 162.50 159.00 161.50 
2016/10/06 161.50 161.50 159.50 160.00 
2016/10/07 160.00 160.00 159.00 159.00 
2016/10/11 159.50 159.50 156.00 158.00 
2016/10/12 157.50 157.50 156.50 157.00 
2016/10/13 156.50 159.50 156.50 159.00 
2016/10/14 158.00 158.00 157.50 157.50 
2016/10/17 158.00 159.50 158.00 159.00 
2016/10/18 159.00 161.00 158.50 160.50 
2016/10/19 161.50 164.00 161.50 163.00 
2016/10/20 163.50 163.50 162.00 162.00 
2016/10/21 162.00 162.50 162.00 162.00 
2016/10/24 162.00 162.50 161.00 162.00 
2016/10/25 162.00 162.50 161.00 161.00 
2016/10/26 162.00 162.00 160.50 161.50 
2016/10/27 161.50 161.50 160.50 161.00 
2016/10/28 161.00 161.00 159.50 160.00 
2016/10/31 160.00 163.00 159.50 162.00 
2016/11/01 162.00 162.50 161.50 162.00 
2016/11/02 161.50 161.50 158.50 159.50 
2016/11/03 160.00 160.00 156.50 157.50 
2016/11/04 157.00 157.00 156.00 156.00 
2016/11/07 158.00 158.00 154.50 155.00 
2016/11/08 155.50 155.50 152.00 154.00 
2016/11/09 155.00 155.00 149.50 150.50 
2016/11/10 152.00 158.00 151.50 153.00 
2016/11/11 153.00 153.50 150.50 152.50 
2016/11/14 151.00 152.00 151.00 151.50 
2016/11/15 151.50 152.00 151.50 152.00 
2016/11/16 152.00 152.00 148.00 150.50 
2016/11/17 151.00 151.00 150.00 150.50 
2016/11/18 150.50 152.00 150.00 151.50 
2016/11/21 152.50 152.50 150.50 151.00 
2016/11/22 152.00 152.00 151.00 151.50 
2016/11/23 152.50 152.50 150.50 150.50 
2016/11/24 150.50 151.50 150.50 151.50 
2016/11/25 152.00 152.00 151.00 151.00 
2016/11/28 151.00 152.00 151.00 152.00 
2016/11/29 151.50 152.00 150.50 152.00 
2016/11/30 151.50 152.00 150.50 151.50 
2016/12/01 151.50 152.00 151.50 151.50 
2016/12/02 152.00 152.00 151.00 151.50 
2016/12/05 152.50 153.00 152.50 152.50 
2016/12/06 153.00 155.50 153.00 155.50 
2016/12/07 156.50 157.50 156.00 157.00 
2016/12/08 158.00 158.00 157.00 158.00 
2016/12/09 158.00 158.00 157.50 158.00 
2016/12/12 158.00 158.00 156.50 156.50 
2016/12/13 156.00 156.50 155.50 156.50 
2016/12/14 155.50 156.00 154.50 154.50 
2016/12/15 153.50 154.50 153.50 154.00 
2016/12/16 153.50 154.00 153.00 153.00 
2016/12/19 154.00 154.50 153.00 154.50 
2016/12/20 153.50 154.00 153.50 154.00 
2016/12/21 154.00 155.00 154.00 154.50 
2016/12/22 155.50 155.50 153.00 153.50 
2016/12/23 153.00 154.00 153.00 154.00 
2016/12/26 154.00 154.00 153.00 153.00 
2016/12/27 155.00 155.00 153.50 153.50 
2016/12/28 153.50 155.00 153.00 155.00 
2016/12/29 154.00 156.00 154.00 154.00 
2016/12/30 154.00 155.00 154.00 154.50 
2017/01/03 154.50 155.00 154.50 155.00 
2017/01/04 155.00 156.50 155.00 156.00 
2017/01/05 156.00 159.00 156.00 158.50 
2017/01/06 158.50 158.50 157.50 158.00 
2017/01/09 158.00 158.00 156.50 157.00 
2017/01/10 157.00 157.00 156.00 156.50 
2017/01/11 156.50 157.00 156.00 156.00 
2017/01/12 157.00 157.50 157.00 157.00 
2017/01/13 156.50 157.00 155.50 155.50 
2017/01/16 156.00 156.50 155.50 155.50 
2017/01/17 156.00 157.00 155.50 157.00 
2017/01/18 157.00 157.00 156.50 156.50 
2017/01/19 156.00 157.50 156.00 157.00 
2017/01/20 157.50 157.50 156.50 157.00 
2017/01/23 157.00 157.50 156.50 157.50 
2017/01/24 156.50 157.00 156.00 157.00 
2017/02/02 157.00 157.00 155.00 156.00 
2017/02/03 156.00 156.00 154.00 155.50 
2017/02/06 155.50 160.00 155.50 158.00 
2017/02/07 158.00 158.00 156.50 157.50 
2017/02/08 157.50 157.50 157.00 157.00 
