2016/07/01 31.50 31.95 31.50 31.50 
2016/07/04 31.95 32.00 31.25 31.25 
2016/07/05 32.00 32.00 31.50 31.50 
2016/07/06 31.50 32.00 31.50 31.60 
2016/07/07 31.90 32.10 31.90 32.00 
2016/07/11 32.00 32.70 32.00 32.20 
2016/07/12 32.60 32.90 32.50 32.90 
2016/07/13 32.60 33.20 32.60 32.75 
2016/07/14 33.10 33.60 33.10 33.40 
2016/07/15 33.30 34.30 33.20 33.20 
2016/07/18 33.10 34.20 33.10 33.60 
2016/07/19 34.00 34.40 34.00 34.30 
2016/07/20 34.30 34.30 33.90 34.00 
2016/07/21 34.20 34.20 33.90 33.90 
2016/07/22 34.00 34.00 33.70 34.00 
2016/07/25 33.80 33.80 32.00 32.50 
2016/07/26 32.60 34.00 32.60 34.00 
2016/07/27 34.00 34.00 33.80 34.00 
2016/07/28 33.80 33.80 33.80 33.80 
2016/07/29 33.80 33.80 33.80 33.80 
2016/08/01 34.20 34.20 33.80 34.05 
2016/08/02 34.05 34.05 33.50 33.50 
2016/08/03 33.50 33.50 33.40 33.50 
2016/08/04 33.50 33.50 33.00 33.30 
2016/08/05 33.40 33.50 33.10 33.10 
2016/08/08 32.00 33.20 32.00 33.00 
2016/08/09 33.00 33.00 32.00 32.00 
2016/08/10 32.50 32.60 32.10 32.50 
2016/08/11 31.05 32.15 31.05 32.00 
2016/08/12 31.50 32.50 31.50 31.80 
2016/08/15 32.45 32.45 31.80 32.40 
2016/08/16 32.50 32.50 31.90 31.90 
2016/08/17 31.90 32.00 31.80 32.00 
2016/08/18 30.80 32.00 30.80 31.30 
2016/08/19 32.30 32.30 32.20 32.30 
2016/08/22 32.20 32.20 32.00 32.00 
2016/08/23 32.00 32.00 32.00 32.00 
2016/08/24 32.00 32.00 31.60 32.00 
2016/08/25 31.60 32.00 31.60 31.90 
2016/08/26 31.90 32.00 31.80 32.00 
2016/08/29 30.50 32.00 30.50 32.00 
2016/08/30 32.00 32.00 31.80 31.80 
2016/08/31 31.90 32.20 31.90 31.90 
2016/09/01 32.00 32.00 32.00 32.00 
2016/09/02 31.60 32.00 31.60 32.00 
2016/09/05 30.60 31.90 30.60 31.90 
2016/09/06 31.90 32.00 31.80 31.80 
2016/09/07 31.80 32.00 31.80 32.00 
2016/09/08 32.00 32.00 31.80 32.00 
2016/09/09 32.00 32.00 31.90 32.00 
2016/09/10 32.00 32.00 32.00 32.00 
2016/09/12 32.00 32.00 31.90 32.00 
2016/09/13 32.00 32.10 32.00 32.00 
2016/09/14 32.10 32.10 32.00 32.00 
2016/09/19 32.00 32.05 32.00 32.05 
2016/09/20 32.00 32.00 32.00 32.00 
2016/09/21 32.05 32.10 31.75 32.00 
2016/09/22 32.10 32.20 32.00 32.10 
2016/09/23 32.20 32.20 32.00 32.20 
2016/09/26 32.20 32.20 32.10 32.10 
2016/09/29 32.10 32.10 32.00 32.00 
2016/09/30 32.10 32.10 32.00 32.10 
2016/10/03 32.10 32.20 32.10 32.10 
2016/10/04 32.20 32.30 32.00 32.00 
2016/10/05 32.20 32.20 32.20 32.20 
2016/10/06 32.20 32.30 32.10 32.10 
2016/10/07 32.20 32.40 32.10 32.10 
2016/10/11 32.00 32.20 32.00 32.20 
2016/10/12 32.20 32.20 31.80 31.80 
2016/10/13 31.80 32.00 31.80 32.00 
2016/10/14 32.10 32.10 32.00 32.00 
2016/10/17 32.20 32.20 32.00 32.00 
2016/10/18 32.20 32.20 32.10 32.10 
2016/10/19 32.10 32.15 32.05 32.05 
2016/10/20 32.10 32.15 32.05 32.05 
2016/10/21 32.15 32.20 31.90 32.10 
2016/10/24 32.15 32.15 32.00 32.10 
2016/10/25 32.00 32.00 31.90 31.90 
2016/10/26 32.00 32.00 32.00 32.00 
2016/10/27 32.00 32.10 31.90 32.00 
2016/10/28 32.05 32.05 31.90 32.00 
2016/10/31 32.05 32.05 31.90 31.90 
2016/11/01 32.00 32.00 32.00 32.00 
2016/11/02 32.00 32.00 31.90 31.95 
2016/11/03 32.00 32.00 31.10 31.50 
2016/11/04 31.95 31.95 31.80 31.90 
2016/11/07 32.00 32.00 31.85 31.90 
2016/11/08 31.90 31.95 31.90 31.95 
2016/11/09 31.90 31.95 31.90 31.90 
2016/11/10 31.90 32.00 31.90 32.00 
2016/11/11 32.00 32.00 31.95 31.95 
2016/11/14 31.90 31.90 31.90 31.90 
2016/11/15 32.00 32.00 31.80 31.90 
2016/11/16 32.00 32.00 31.90 32.00 
2016/11/17 32.00 32.00 32.00 32.00 
2016/11/18 31.80 31.85 31.80 31.85 
2016/11/21 31.90 31.90 31.90 31.90 
2016/11/22 31.90 31.95 31.90 31.95 
2016/11/23 32.00 32.00 31.95 31.95 
2016/11/24 31.90 31.95 31.80 31.90 
2016/11/25 31.90 31.95 31.90 31.95 
2016/11/28 31.90 32.00 31.90 31.90 
2016/11/29 31.80 32.00 31.80 32.00 
2016/11/30 32.00 32.00 32.00 32.00 
2016/12/01 32.00 32.00 31.80 31.80 
2016/12/02 31.70 32.00 31.50 31.50 
2016/12/05 31.90 31.90 31.50 31.50 
2016/12/06 31.90 31.90 31.50 31.50 
2016/12/07 31.70 31.70 31.50 31.50 
2016/12/08 31.50 31.60 31.00 31.60 
2016/12/09 31.50 31.75 31.50 31.75 
2016/12/12 31.75 31.95 31.75 31.95 
2016/12/13 31.95 32.00 31.90 31.90 
2016/12/14 33.80 33.80 32.00 32.00 
2016/12/15 32.00 32.30 32.00 32.30 
2016/12/16 32.00 32.00 32.00 32.00 
2016/12/19 32.00 32.20 31.90 32.00 
2016/12/20 32.00 32.00 31.70 31.70 
2016/12/21 32.00 32.00 32.00 32.00 
2016/12/22 33.00 33.00 32.20 32.20 
2016/12/23 32.45 32.45 32.40 32.40 
2016/12/26 32.40 32.40 32.40 32.40 
2016/12/27 32.40 32.45 32.30 32.30 
2016/12/28 32.00 32.30 32.00 32.30 
2016/12/29 32.30 32.35 32.00 32.35 
2016/12/30 32.20 32.40 32.20 32.40 
2017/01/03 32.50 32.60 32.10 32.60 
2017/01/04 32.60 32.60 32.10 32.60 
2017/01/05 32.60 32.60 32.60 32.60 
2017/01/06 32.60 32.70 32.50 32.50 
2017/01/09 32.40 32.50 32.30 32.50 
2017/01/10 32.60 32.60 32.50 32.60 
2017/01/11 32.65 32.65 32.00 32.00 
2017/01/12 32.00 32.50 32.00 32.50 
2017/01/13 32.60 32.60 32.00 32.60 
2017/01/16 32.60 32.70 32.60 32.60 
2017/01/17 32.30 32.60 32.30 32.60 
2017/01/18 32.60 32.90 32.50 32.60 
2017/01/19 32.60 32.70 32.60 32.70 
2017/01/20 32.70 33.00 32.70 33.00 
2017/01/23 33.00 33.50 33.00 33.40 
2017/01/24 33.45 33.50 33.10 33.10 
2017/02/02 33.45 33.80 33.45 33.80 
2017/02/03 33.60 33.90 33.60 33.90 
2017/02/06 33.80 34.00 33.80 34.00 
2017/02/07 34.00 34.10 33.80 34.00 
2017/02/08 34.00 34.10 34.00 34.00 
