2016/07/01 25.05 26.00 24.90 24.95 
2016/07/04 25.40 27.40 24.55 27.40 
2016/07/05 28.50 29.30 27.55 27.85 
2016/07/06 27.20 28.60 27.10 28.30 
2016/07/07 29.70 29.90 27.50 28.00 
2016/07/11 28.80 28.80 26.90 27.50 
2016/07/12 26.60 26.70 24.95 25.20 
2016/07/13 25.70 27.60 25.20 26.40 
2016/07/14 25.65 26.40 25.65 25.95 
2016/07/15 25.80 26.60 25.25 25.25 
2016/07/18 25.55 25.80 24.80 24.80 
2016/07/19 25.00 25.80 24.65 25.30 
2016/07/20 25.50 26.00 25.40 25.65 
2016/07/21 26.10 26.70 25.70 25.70 
2016/07/22 25.70 25.90 24.30 24.55 
2016/07/25 24.65 24.80 23.50 23.70 
2016/07/26 23.90 24.40 23.85 24.10 
2016/07/27 24.45 26.15 24.35 25.40 
2016/07/28 25.40 25.45 24.50 24.80 
2016/07/29 24.90 25.40 24.50 24.90 
2016/08/01 25.00 25.05 24.50 24.75 
2016/08/02 24.90 25.65 24.55 24.85 
2016/08/03 24.70 24.75 24.30 24.40 
2016/08/04 24.60 24.90 23.95 23.95 
2016/08/05 24.10 24.15 23.80 23.95 
2016/08/08 24.00 24.20 23.60 23.60 
2016/08/09 23.95 24.30 22.70 22.85 
2016/08/10 23.15 23.15 22.25 22.30 
2016/08/11 22.15 22.60 21.50 22.00 
2016/08/12 22.10 22.45 21.75 21.75 
2016/08/15 21.90 21.90 19.70 20.25 
2016/08/16 20.45 21.85 20.45 21.85 
2016/08/17 22.00 22.20 21.15 21.30 
2016/08/18 21.15 21.60 21.00 21.50 
2016/08/19 22.10 23.65 22.10 23.65 
2016/08/22 23.30 23.45 22.60 22.70 
2016/08/23 22.80 22.80 22.30 22.45 
2016/08/24 22.55 22.65 21.75 21.75 
2016/08/25 22.00 22.35 21.80 21.90 
2016/08/26 22.20 22.70 22.00 22.10 
2016/08/29 22.20 22.35 21.75 21.95 
2016/08/30 22.50 23.30 22.50 22.85 
2016/08/31 22.80 22.80 22.30 22.45 
2016/09/01 22.55 22.70 22.40 22.60 
2016/09/02 23.20 24.85 23.20 24.85 
2016/09/05 26.00 26.15 25.00 25.30 
2016/09/06 25.50 25.80 24.55 24.80 
2016/09/07 25.00 27.10 25.00 25.55 
2016/09/08 25.65 25.80 25.15 25.40 
2016/09/09 25.40 25.60 24.90 25.10 
2016/09/10 23.80 24.15 23.70 23.85 
2016/09/12 24.70 26.20 24.60 25.20 
2016/09/13 25.20 25.30 24.25 24.40 
2016/09/14 24.20 25.00 24.20 24.85 
2016/09/19 25.50 25.60 24.85 24.90 
2016/09/20 25.10 25.20 24.80 24.90 
2016/09/21 25.35 26.20 25.30 25.30 
2016/09/22 25.95 26.00 25.50 26.00 
2016/09/23 26.40 27.70 26.40 26.60 
2016/09/26 26.60 26.90 26.10 26.20 
2016/09/29 26.95 27.00 26.35 26.75 
2016/09/30 27.00 27.20 26.00 26.00 
2016/10/03 26.60 26.60 25.60 25.60 
2016/10/04 26.10 26.90 25.75 25.80 
2016/10/05 25.60 26.40 25.60 25.95 
2016/10/06 26.30 26.60 25.75 26.20 
2016/10/07 26.45 26.70 26.15 26.30 
2016/10/11 26.50 26.55 24.30 25.25 
2016/10/12 24.10 24.40 23.15 23.40 
2016/10/13 23.40 23.70 23.30 23.30 
2016/10/14 23.20 23.70 21.90 21.90 
2016/10/17 22.20 22.70 21.10 22.50 
2016/10/18 22.60 22.60 22.00 22.10 
2016/10/19 22.45 22.90 22.30 22.40 
2016/10/20 22.75 23.55 22.60 23.05 
2016/10/21 23.45 24.15 23.30 23.60 
2016/10/24 23.90 23.95 23.30 23.30 
2016/10/25 23.35 23.55 23.10 23.15 
2016/10/26 23.15 23.60 23.15 23.20 
2016/10/27 23.25 23.50 22.70 22.80 
2016/10/28 22.65 22.80 21.85 22.05 
2016/10/31 22.00 22.30 21.50 22.25 
2016/11/01 22.05 22.40 21.80 22.10 
2016/11/02 21.70 22.00 20.80 20.90 
2016/11/03 21.40 22.15 21.10 21.55 
2016/11/04 21.95 22.00 21.65 21.75 
2016/11/07 22.00 22.00 21.50 21.50 
2016/11/08 21.95 22.20 20.90 20.90 
2016/11/09 21.05 21.25 19.40 19.75 
2016/11/10 20.05 20.30 19.85 20.05 
2016/11/11 20.05 20.05 18.90 19.30 
2016/11/14 19.10 19.30 18.45 19.30 
2016/11/15 19.30 19.30 19.05 19.15 
2016/11/16 19.50 19.50 18.90 18.90 
2016/11/17 18.80 18.95 18.55 18.55 
2016/11/18 19.10 20.25 19.10 20.20 
2016/11/21 20.20 20.35 19.80 20.00 
2016/11/22 20.10 20.20 19.75 19.80 
2016/11/23 20.55 21.00 20.20 20.20 
2016/11/24 20.50 21.70 20.25 21.40 
2016/11/25 21.20 21.40 20.85 20.85 
2016/11/28 21.20 22.60 21.00 22.35 
2016/11/29 22.35 22.55 21.90 22.10 
2016/11/30 22.45 22.45 21.50 21.55 
2016/12/01 21.85 22.35 21.65 21.80 
2016/12/02 21.65 21.65 21.10 21.20 
2016/12/05 21.40 21.40 20.70 21.00 
2016/12/06 21.60 21.60 20.85 20.95 
2016/12/07 21.30 21.30 20.65 21.00 
2016/12/08 21.40 21.60 21.00 21.00 
2016/12/09 21.20 21.20 20.80 20.80 
2016/12/12 21.00 21.40 20.85 21.30 
2016/12/13 21.30 21.75 21.20 21.30 
2016/12/14 21.45 21.50 20.85 20.90 
2016/12/15 21.00 21.30 20.90 21.15 
2016/12/16 21.35 21.35 20.85 20.90 
2016/12/19 20.95 21.55 20.95 21.00 
2016/12/20 21.30 21.80 21.10 21.50 
2016/12/21 21.80 21.85 21.20 21.30 
2016/12/22 21.75 21.80 21.40 21.65 
2016/12/23 22.05 23.00 21.50 21.50 
2016/12/26 21.70 21.70 20.65 20.70 
2016/12/27 20.70 20.90 20.30 20.50 
2016/12/28 20.50 20.70 20.40 20.55 
2016/12/29 20.35 20.50 20.30 20.35 
2016/12/30 20.40 20.55 20.30 20.30 
2017/01/03 20.30 20.65 20.30 20.40 
2017/01/04 20.40 20.60 20.40 20.45 
2017/01/05 20.70 21.00 20.60 20.70 
2017/01/06 20.90 20.90 20.55 20.70 
2017/01/09 20.80 20.80 20.30 20.30 
2017/01/10 20.50 20.50 20.05 20.20 
2017/01/11 20.20 20.60 20.10 20.10 
2017/01/12 20.15 20.35 19.95 20.00 
2017/01/13 20.00 20.00 19.50 19.50 
2017/01/16 20.00 20.00 19.60 19.70 
2017/01/17 20.10 20.45 19.95 20.00 
2017/01/18 19.85 20.00 19.65 19.70 
2017/01/19 19.70 19.85 19.60 19.65 
2017/01/20 19.70 19.70 19.45 19.45 
2017/01/23 19.50 19.70 19.50 19.55 
2017/01/24 19.95 19.95 19.40 19.80 
2017/02/02 20.00 20.00 19.60 19.65 
2017/02/03 19.70 20.20 19.70 20.00 
2017/02/06 20.35 20.45 20.05 20.15 
2017/02/07 20.25 20.70 20.20 20.40 
2017/02/08 20.45 21.40 20.25 20.80 
