2016/07/01 54.00 54.20 53.60 53.90 
2016/07/04 53.90 53.90 53.20 53.20 
2016/07/05 53.20 53.50 53.10 53.10 
2016/07/06 53.00 53.00 52.00 52.60 
2016/07/07 52.70 52.90 52.60 52.60 
2016/07/11 52.30 52.50 51.10 51.50 
2016/07/12 52.00 52.00 51.20 51.70 
2016/07/13 51.80 52.00 51.60 51.60 
2016/07/14 51.80 52.50 51.30 51.90 
2016/07/15 52.70 52.70 51.90 52.30 
2016/07/18 52.80 53.00 52.30 52.40 
2016/07/19 52.40 53.30 52.40 53.00 
2016/07/20 53.40 53.50 52.60 53.00 
2016/07/21 53.00 53.60 53.00 53.30 
2016/07/22 53.10 53.40 52.80 53.20 
2016/07/25 53.70 54.00 52.80 52.80 
2016/07/26 52.90 53.10 52.70 52.80 
2016/07/27 52.80 53.10 52.70 52.70 
2016/07/28 52.70 53.00 52.60 52.70 
2016/07/29 52.70 52.80 52.30 52.30 
2016/08/01 52.40 52.80 52.40 52.60 
2016/08/02 52.60 52.70 52.50 52.50 
2016/08/03 52.50 52.80 52.40 52.60 
2016/08/04 52.80 52.80 52.40 52.40 
2016/08/05 52.60 53.00 52.10 52.70 
2016/08/08 52.60 52.70 52.30 52.40 
2016/08/09 52.40 52.40 51.90 52.30 
2016/08/10 52.30 52.30 52.00 52.10 
2016/08/11 52.50 52.50 51.10 51.30 
2016/08/12 52.20 52.20 51.30 51.30 
2016/08/15 50.50 50.50 49.45 49.80 
2016/08/16 49.95 50.60 49.50 50.20 
2016/08/17 50.20 50.20 49.75 50.20 
2016/08/18 50.20 51.40 50.20 50.90 
2016/08/19 51.20 51.30 50.80 51.00 
2016/08/22 50.50 51.00 50.50 50.60 
2016/08/23 50.60 51.70 50.60 51.00 
2016/08/24 51.10 51.60 51.10 51.10 
2016/08/25 51.70 53.20 51.70 52.50 
2016/08/26 52.80 53.30 52.50 52.70 
2016/08/29 52.70 53.30 52.30 52.80 
2016/08/30 50.40 52.50 50.20 51.60 
2016/08/31 51.60 52.40 51.20 52.00 
2016/09/01 52.00 52.20 51.50 51.80 
2016/09/02 51.70 52.00 51.40 51.90 
2016/09/05 51.80 52.20 51.70 51.90 
2016/09/06 52.00 53.30 52.00 53.00 
2016/09/07 53.60 55.50 53.10 55.20 
2016/09/08 55.20 56.70 54.80 55.20 
2016/09/09 54.00 54.90 52.90 54.30 
2016/09/10 55.00 55.20 54.10 55.00 
2016/09/12 54.90 55.60 54.60 55.50 
2016/09/13 55.50 57.50 55.50 56.30 
2016/09/14 56.30 56.30 55.40 55.70 
2016/09/19 55.70 57.30 55.50 56.40 
2016/09/20 56.50 57.70 56.40 57.40 
2016/09/21 57.40 58.10 57.40 58.00 
2016/09/22 58.00 58.30 57.60 57.90 
2016/09/23 58.20 58.70 58.00 58.10 
2016/09/26 58.20 58.70 57.60 58.70 
2016/09/29 58.70 59.00 58.50 58.70 
2016/09/30 57.40 59.80 57.40 59.80 
2016/10/03 60.00 62.50 60.00 61.10 
2016/10/04 61.00 61.50 59.90 60.20 
2016/10/05 60.10 61.40 60.10 61.00 
2016/10/06 61.00 61.50 60.70 61.00 
2016/10/07 61.00 63.20 60.90 62.70 
2016/10/11 64.00 64.00 62.10 62.70 
2016/10/12 63.00 63.00 62.10 62.40 
2016/10/13 62.40 62.40 59.60 60.00 
2016/10/14 60.00 60.30 59.00 60.10 
2016/10/17 60.20 61.40 60.20 61.10 
2016/10/18 61.10 61.20 60.60 61.10 
2016/10/19 61.10 62.40 61.00 61.50 
2016/10/20 62.00 62.00 61.50 61.50 
2016/10/21 61.50 62.00 61.50 61.80 
2016/10/24 62.00 62.00 61.40 61.40 
2016/10/25 61.40 61.50 60.50 60.50 
2016/10/26 60.30 61.00 60.30 60.70 
2016/10/27 61.60 61.60 61.00 61.20 
2016/10/28 61.40 61.40 60.40 61.00 
2016/10/31 61.00 61.00 60.80 61.00 
2016/11/01 61.00 62.00 60.80 60.80 
2016/11/02 60.70 60.70 58.70 59.70 
2016/11/03 59.20 59.60 58.40 58.70 
2016/11/04 58.30 58.30 57.00 57.70 
2016/11/07 57.20 58.20 57.20 57.90 
2016/11/08 58.50 58.60 57.70 58.10 
2016/11/09 58.10 58.10 56.20 56.40 
2016/11/10 56.50 58.10 56.50 57.20 
2016/11/11 56.80 57.20 56.20 56.20 
2016/11/14 56.20 56.20 54.30 55.00 
2016/11/15 55.10 55.50 54.50 54.50 
2016/11/16 54.40 55.20 54.40 55.00 
2016/11/17 55.60 55.60 55.00 55.10 
2016/11/18 55.50 55.60 55.20 55.20 
2016/11/21 56.40 57.00 55.60 57.00 
2016/11/22 57.50 58.40 57.00 57.80 
2016/11/23 57.90 58.40 57.00 57.30 
2016/11/24 57.60 57.90 57.40 57.50 
2016/11/25 57.50 57.50 56.70 57.30 
2016/11/28 56.70 57.00 56.40 56.40 
2016/11/29 56.40 56.90 56.00 56.90 
2016/11/30 56.90 56.90 56.00 56.60 
2016/12/01 56.60 56.60 55.70 56.60 
2016/12/02 55.80 56.50 55.80 56.00 
2016/12/05 56.00 56.10 55.70 56.10 
2016/12/06 56.70 56.70 55.90 55.90 
2016/12/07 55.60 55.90 55.00 55.60 
2016/12/08 55.60 56.00 54.50 54.80 
2016/12/09 54.80 55.00 54.30 55.00 
2016/12/12 55.60 55.60 54.00 54.00 
2016/12/13 53.90 54.00 53.80 53.90 
2016/12/14 54.60 54.70 53.40 53.40 
2016/12/15 53.00 53.40 53.00 53.30 
2016/12/16 53.50 54.10 53.50 54.10 
2016/12/19 53.60 53.80 53.60 53.60 
2016/12/20 53.80 54.00 53.10 53.50 
2016/12/21 53.50 53.50 53.00 53.00 
2016/12/22 53.70 54.30 53.40 53.50 
2016/12/23 53.00 54.00 53.00 53.50 
2016/12/26 53.50 53.50 53.40 53.50 
2016/12/27 53.20 53.50 53.00 53.40 
2016/12/28 53.70 53.80 53.40 53.40 
2016/12/29 53.80 54.20 53.40 53.60 
2016/12/30 53.80 54.00 53.30 54.00 
2017/01/03 54.30 55.40 54.30 55.10 
2017/01/04 55.40 55.40 54.50 54.60 
2017/01/05 55.00 55.20 54.70 55.00 
2017/01/06 55.00 55.00 54.40 54.50 
2017/01/09 54.50 54.80 54.30 54.80 
2017/01/10 54.50 54.70 54.00 54.20 
2017/01/11 54.00 54.30 53.50 54.00 
2017/01/12 53.50 53.90 53.10 53.40 
2017/01/13 53.40 53.70 52.80 52.80 
2017/01/16 53.40 53.40 52.30 52.30 
2017/01/17 52.40 53.40 52.40 53.00 
2017/01/18 53.00 53.00 53.00 53.00 
2017/01/19 53.10 53.50 53.00 53.10 
2017/01/20 53.50 53.50 52.80 52.80 
2017/01/23 52.80 53.10 52.80 52.90 
2017/01/24 53.20 53.20 52.90 52.90 
2017/02/02 54.00 54.00 53.00 53.00 
2017/02/03 53.00 53.90 53.00 53.10 
2017/02/06 52.90 53.50 52.90 53.00 
2017/02/07 53.00 53.40 52.90 52.90 
2017/02/08 53.40 53.40 52.80 52.80 
