2016/07/01 9.25 9.25 8.83 9.15 
2016/07/04 9.14 9.21 9.00 9.03 
2016/07/05 8.95 9.03 8.50 8.60 
2016/07/06 8.40 8.88 8.40 8.83 
2016/07/07 8.75 9.10 8.75 8.81 
2016/07/11 9.10 9.69 8.98 9.61 
2016/07/12 9.20 9.43 9.03 9.06 
2016/07/13 9.10 9.19 9.06 9.19 
2016/07/14 9.36 9.36 9.12 9.32 
2016/07/15 9.43 9.45 9.20 9.30 
2016/07/18 9.30 9.39 9.11 9.13 
2016/07/19 9.25 9.25 8.95 9.01 
2016/07/20 9.01 9.10 8.85 8.95 
2016/07/21 8.92 9.13 8.92 9.10 
2016/07/22 9.29 9.29 9.10 9.13 
2016/07/25 9.25 9.25 8.75 8.75 
2016/07/26 8.75 8.90 8.70 8.82 
2016/07/27 8.83 8.88 8.68 8.68 
2016/07/28 8.90 8.98 8.77 8.98 
2016/07/29 9.00 9.00 8.90 9.00 
2016/08/01 9.00 9.00 8.91 9.00 
2016/08/02 9.20 9.20 9.01 9.01 
2016/08/03 9.10 9.10 8.90 9.02 
2016/08/04 9.10 9.10 8.86 8.99 
2016/08/05 8.89 9.09 8.86 8.88 
2016/08/08 8.99 9.00 8.92 8.92 
2016/08/09 9.08 9.08 8.92 8.92 
2016/08/10 9.18 9.18 8.96 8.96 
2016/08/11 8.96 9.06 8.96 9.06 
2016/08/12 8.82 9.05 8.70 8.78 
2016/08/15 8.94 9.00 8.88 9.00 
2016/08/16 9.14 9.14 8.81 9.09 
2016/08/17 9.09 9.09 8.69 8.98 
2016/08/18 9.08 9.08 9.04 9.04 
2016/08/19 8.80 8.90 8.80 8.80 
2016/08/22 9.00 9.00 9.00 9.00 
2016/08/23 9.19 9.19 9.17 9.18 
2016/08/24 9.29 9.29 8.87 9.09 
2016/08/25 9.19 9.19 8.90 9.09 
2016/08/26 9.07 9.19 9.07 9.07 
2016/08/29 9.07 9.10 9.05 9.05 
2016/08/30 9.05 9.05 9.05 9.05 
2016/08/31 9.19 9.40 9.19 9.19 
2016/09/01 9.17 9.19 9.17 9.18 
2016/09/02 9.17 9.40 9.00 9.15 
2016/09/05 9.31 9.31 9.26 9.27 
2016/09/06 8.90 9.27 8.90 9.27 
2016/09/07 9.15 9.15 8.96 9.10 
2016/09/08 9.15 9.15 8.91 9.07 
2016/09/09 8.85 9.07 8.85 9.00 
2016/09/10 9.07 9.07 8.78 9.00 
2016/09/12 9.10 9.10 8.73 8.85 
2016/09/13 8.90 8.95 8.75 8.85 
2016/09/14 8.98 9.00 8.73 8.90 
2016/09/19 8.90 8.99 8.70 8.90 
2016/09/20 8.99 8.99 8.70 8.89 
2016/09/21 8.70 8.84 8.63 8.76 
2016/09/22 8.76 8.76 8.58 8.63 
2016/09/23 8.50 8.77 8.50 8.64 
2016/09/26 8.60 8.94 8.53 8.54 
2016/09/29 8.70 8.70 8.54 8.56 
2016/09/30 8.49 8.70 8.49 8.67 
2016/10/03 8.75 8.75 8.41 8.47 
2016/10/04 8.47 8.47 8.36 8.46 
2016/10/05 8.30 8.38 8.22 8.24 
2016/10/06 8.30 8.30 8.24 8.28 
2016/10/07 8.40 8.40 8.26 8.26 
2016/10/11 8.20 8.30 7.89 7.89 
2016/10/12 8.07 8.25 7.85 7.85 
2016/10/13 7.85 7.99 7.83 7.85 
2016/10/14 7.85 7.85 7.70 7.70 
2016/10/17 7.94 7.94 7.75 7.75 
2016/10/18 7.75 7.90 7.61 7.70 
2016/10/19 7.71 7.88 7.71 7.83 
2016/10/20 7.70 7.83 7.70 7.80 
2016/10/21 7.68 7.80 7.65 7.80 
2016/10/24 7.80 8.08 7.80 7.81 
2016/10/25 7.81 8.07 7.72 7.95 
2016/10/26 8.07 8.07 7.87 7.90 
2016/10/27 8.00 8.02 7.83 7.83 
2016/10/28 7.90 7.98 7.83 7.90 
2016/10/31 7.90 7.93 7.80 7.88 
2016/11/01 8.00 8.07 7.92 8.00 
2016/11/02 8.00 8.00 7.73 8.00 
2016/11/03 8.00 8.00 7.95 7.98 
2016/11/04 8.00 8.00 7.82 7.90 
2016/11/07 8.00 8.00 7.70 7.79 
2016/11/08 7.95 7.97 7.82 7.83 
2016/11/09 7.90 7.97 7.83 7.94 
2016/11/10 7.94 8.07 7.94 8.07 
2016/11/11 8.20 8.20 8.08 8.10 
2016/11/14 8.10 8.12 8.00 8.12 
2016/11/15 8.38 8.38 8.13 8.26 
2016/11/16 8.26 8.31 8.12 8.29 
2016/11/17 8.30 8.30 7.83 7.83 
2016/11/18 7.86 7.95 7.75 7.95 
2016/11/21 7.95 8.18 7.95 8.18 
2016/11/22 8.18 8.28 7.97 8.16 
2016/11/23 8.20 8.20 8.00 8.17 
2016/11/24 7.97 8.12 7.97 8.01 
2016/11/25 7.89 8.01 7.85 8.01 
2016/11/28 8.15 8.15 8.03 8.12 
2016/11/29 8.12 8.20 7.91 8.03 
2016/11/30 7.91 8.00 7.87 7.95 
2016/12/01 8.05 8.08 7.92 8.02 
2016/12/02 8.02 8.02 7.91 7.91 
2016/12/05 7.91 8.05 7.91 7.92 
2016/12/06 8.14 8.14 7.92 7.99 
2016/12/07 8.05 8.05 7.87 7.87 
2016/12/08 8.00 8.00 7.90 8.00 
2016/12/09 8.00 8.09 7.85 8.09 
2016/12/12 7.85 7.99 7.85 7.87 
2016/12/13 7.77 7.96 7.72 7.95 
2016/12/14 7.95 8.00 7.80 7.97 
2016/12/15 7.98 7.99 7.84 7.99 
2016/12/16 8.09 8.09 7.81 7.86 
2016/12/19 8.10 8.10 7.82 7.82 
2016/12/20 7.81 7.92 7.80 7.89 
2016/12/21 7.93 7.93 7.80 7.90 
2016/12/22 7.80 7.87 7.80 7.87 
2016/12/23 7.88 7.88 7.75 7.84 
2016/12/26 7.90 7.90 7.65 7.79 
2016/12/27 7.80 7.80 7.61 7.63 
2016/12/28 7.61 7.67 7.52 7.63 
2016/12/29 7.63 7.67 7.56 7.67 
2016/12/30 7.67 7.67 7.52 7.60 
2017/01/03 7.65 7.65 7.45 7.45 
2017/01/04 7.20 7.50 7.16 7.50 
2017/01/05 7.45 7.55 7.40 7.54 
2017/01/06 7.47 7.56 7.42 7.50 
2017/01/09 7.49 7.49 7.34 7.36 
2017/01/10 7.40 7.47 7.07 7.07 
2017/01/11 7.28 7.28 7.15 7.23 
2017/01/12 7.23 7.34 7.15 7.32 
2017/01/13 7.23 7.34 7.23 7.33 
2017/01/16 7.45 7.45 7.20 7.23 
2017/01/17 7.35 7.39 7.24 7.27 
2017/01/18 7.37 7.40 7.23 7.40 
2017/01/19 7.40 7.49 7.40 7.40 
2017/01/20 7.34 7.49 7.32 7.44 
2017/01/23 7.44 7.47 7.34 7.44 
2017/01/24 7.23 7.48 7.23 7.48 
2017/02/02 7.50 7.59 7.41 7.50 
2017/02/03 7.69 7.69 7.53 7.60 
2017/02/06 7.85 7.85 7.61 7.70 
2017/02/07 7.66 7.75 7.62 7.62 
2017/02/08 7.75 7.77 7.61 7.61 
