2016/07/01 19.05 19.45 19.05 19.15 
2016/07/04 19.30 19.30 18.80 18.90 
2016/07/05 18.95 19.80 18.95 19.35 
2016/07/06 19.35 19.35 18.90 18.90 
2016/07/07 19.30 19.45 19.05 19.05 
2016/07/11 19.25 19.30 18.80 18.80 
2016/07/12 19.00 19.00 18.65 18.70 
2016/07/13 18.80 19.15 18.70 18.75 
2016/07/14 19.10 19.10 18.75 18.90 
2016/07/15 19.05 19.50 19.05 19.15 
2016/07/18 19.25 20.25 19.25 19.80 
2016/07/19 19.95 20.10 19.50 19.50 
2016/07/20 19.50 20.15 19.50 19.80 
2016/07/21 20.05 20.45 19.95 19.95 
2016/07/22 20.05 20.10 19.55 19.65 
2016/07/25 19.80 19.80 19.05 19.10 
2016/07/26 19.20 19.40 19.15 19.20 
2016/07/27 19.20 19.40 19.20 19.20 
2016/07/28 19.25 19.75 19.25 19.25 
2016/07/29 19.35 19.35 19.10 19.20 
2016/08/01 19.15 19.35 19.15 19.25 
2016/08/02 19.25 19.50 19.25 19.45 
2016/08/03 19.30 19.40 19.25 19.25 
2016/08/04 19.35 19.80 19.30 19.45 
2016/08/05 19.55 20.35 19.55 19.95 
2016/08/08 20.15 20.20 19.80 19.80 
2016/08/09 20.10 20.25 19.65 19.80 
2016/08/10 19.95 19.95 19.55 19.55 
2016/08/11 19.55 19.55 18.50 18.70 
2016/08/12 18.75 18.95 18.75 18.80 
2016/08/15 18.90 19.05 18.80 18.90 
2016/08/16 18.95 19.05 18.85 18.85 
2016/08/17 18.85 19.30 18.85 19.25 
2016/08/18 19.40 19.40 19.10 19.15 
2016/08/19 19.20 19.40 19.10 19.10 
2016/08/22 19.20 19.20 18.70 18.80 
2016/08/23 18.90 19.45 18.75 19.25 
2016/08/24 19.25 19.35 18.90 18.90 
2016/08/25 19.00 19.25 18.85 18.85 
2016/08/26 16.70 17.70 16.70 17.15 
2016/08/29 17.15 17.50 17.15 17.30 
2016/08/30 17.40 17.45 17.25 17.30 
2016/08/31 17.35 17.40 17.10 17.20 
2016/09/01 17.30 17.30 17.10 17.10 
2016/09/02 17.10 17.25 16.95 16.95 
2016/09/05 17.05 17.20 17.00 17.15 
2016/09/06 17.15 17.55 17.15 17.25 
2016/09/07 17.30 17.30 17.15 17.25 
2016/09/08 17.15 17.35 17.15 17.30 
2016/09/09 17.25 17.50 17.25 17.30 
2016/09/10 17.30 17.40 17.10 17.30 
2016/09/12 17.40 17.70 17.20 17.20 
2016/09/13 17.45 17.45 17.00 17.05 
2016/09/14 17.00 17.25 16.95 16.95 
2016/09/19 17.15 17.25 16.95 17.00 
2016/09/20 17.10 17.15 16.95 17.10 
2016/09/21 17.20 17.30 17.15 17.15 
2016/09/22 17.20 17.30 17.05 17.10 
2016/09/23 17.25 17.25 17.00 17.05 
2016/09/26 17.00 17.10 16.90 16.90 
2016/09/29 16.90 17.10 16.90 16.90 
2016/09/30 16.90 17.00 16.85 16.85 
2016/10/03 17.15 17.15 16.90 16.95 
2016/10/04 17.00 17.40 17.00 17.10 
2016/10/05 17.20 17.25 17.00 17.05 
2016/10/06 17.05 17.05 16.90 16.90 
2016/10/07 17.00 17.05 16.75 16.75 
2016/10/11 16.75 16.75 15.10 15.10 
2016/10/12 14.95 15.10 14.30 14.65 
2016/10/13 14.75 15.00 14.70 14.75 
2016/10/14 14.60 14.65 13.35 13.50 
2016/10/17 13.55 13.90 13.35 13.90 
2016/10/18 13.85 13.95 13.55 13.80 
2016/10/19 13.80 13.90 13.75 13.85 
2016/10/20 13.90 14.10 13.90 14.00 
2016/10/21 14.00 14.25 14.00 14.05 
2016/10/24 14.15 14.15 13.80 13.90 
2016/10/25 13.90 13.95 13.75 13.90 
2016/10/26 13.80 13.95 13.75 13.80 
2016/10/27 13.80 13.85 13.55 13.65 
2016/10/28 13.65 13.75 13.50 13.75 
2016/10/31 13.75 13.75 13.60 13.65 
2016/11/01 13.60 13.65 13.50 13.60 
2016/11/02 13.70 13.70 12.95 12.95 
2016/11/03 12.95 13.10 12.80 12.90 
2016/11/04 12.90 13.20 12.90 13.10 
2016/11/07 13.10 13.15 13.00 13.05 
2016/11/08 13.05 13.05 12.90 13.00 
2016/11/09 13.05 13.05 11.70 11.70 
2016/11/10 12.40 12.40 12.05 12.20 
2016/11/11 12.15 12.15 11.30 11.95 
2016/11/14 11.85 11.90 11.40 11.60 
2016/11/15 11.30 11.50 11.15 11.50 
2016/11/16 11.50 12.50 11.50 12.15 
2016/11/17 12.20 12.25 11.85 11.85 
2016/11/18 12.15 12.40 12.00 12.25 
2016/11/21 12.30 12.35 12.15 12.30 
2016/11/22 12.35 12.75 12.35 12.35 
2016/11/23 12.40 12.60 12.25 12.35 
2016/11/24 12.30 12.45 12.15 12.15 
2016/11/25 12.15 13.35 12.10 13.35 
2016/11/28 13.50 14.20 13.40 13.75 
2016/11/29 13.80 14.00 13.45 14.00 
2016/11/30 14.00 14.05 13.60 14.05 
2016/12/01 14.60 14.65 14.05 14.05 
2016/12/02 13.90 14.00 13.70 13.70 
2016/12/05 13.60 13.80 13.60 13.60 
2016/12/06 13.75 13.80 13.55 13.55 
2016/12/07 13.70 14.20 13.70 13.75 
2016/12/08 13.95 14.05 13.70 13.70 
2016/12/09 13.75 13.80 13.65 13.70 
2016/12/12 13.90 13.90 13.55 13.65 
2016/12/13 13.65 13.85 13.65 13.85 
2016/12/14 13.90 13.95 13.80 13.80 
2016/12/15 13.65 13.90 13.65 13.80 
2016/12/16 13.80 14.85 13.80 14.50 
2016/12/19 14.65 14.90 14.45 14.50 
2016/12/20 14.60 14.85 14.50 14.65 
2016/12/21 14.65 14.70 14.45 14.50 
2016/12/22 14.50 14.70 14.15 14.20 
2016/12/23 14.20 14.25 14.05 14.10 
2016/12/26 14.15 14.35 14.05 14.05 
2016/12/27 14.05 14.10 14.00 14.00 
2016/12/28 14.00 14.15 13.85 13.90 
2016/12/29 13.85 14.00 13.85 13.85 
2016/12/30 13.90 13.95 13.80 13.80 
2017/01/03 13.90 14.00 13.80 13.85 
2017/01/04 13.90 14.95 13.90 14.85 
2017/01/05 14.95 15.00 14.75 14.85 
2017/01/06 14.90 15.00 14.55 14.55 
2017/01/09 14.55 14.70 14.30 14.40 
2017/01/10 14.40 14.60 14.40 14.50 
2017/01/11 14.30 14.50 14.00 14.05 
2017/01/12 14.00 14.20 13.90 14.00 
2017/01/13 14.00 14.00 13.90 13.95 
2017/01/16 13.95 14.05 13.70 13.75 
2017/01/17 13.80 13.95 13.70 13.85 
2017/01/18 13.95 14.85 13.95 14.55 
2017/01/19 14.60 14.65 14.30 14.35 
2017/01/20 14.40 14.50 14.25 14.30 
2017/01/23 14.30 14.35 14.10 14.30 
2017/01/24 14.15 14.25 14.05 14.05 
2017/02/02 14.00 14.15 14.00 14.10 
2017/02/03 14.10 14.35 14.10 14.35 
2017/02/06 14.45 14.80 14.35 14.65 
2017/02/07 14.70 14.75 14.45 14.45 
2017/02/08 14.55 14.65 14.45 14.55 
