2016/07/01 13.20 14.05 13.20 14.05 
2016/07/04 14.65 15.45 14.60 15.45 
2016/07/05 14.90 15.90 14.70 15.10 
2016/07/06 14.70 15.00 14.45 14.55 
2016/07/07 14.70 14.90 14.00 14.00 
2016/07/11 14.10 14.20 13.75 13.95 
2016/07/12 14.20 15.30 14.20 15.00 
2016/07/13 15.15 15.15 14.15 14.30 
2016/07/14 14.30 14.70 14.30 14.35 
2016/07/15 14.45 14.90 14.40 14.40 
2016/07/18 14.40 14.40 14.25 14.25 
2016/07/19 14.05 14.80 14.00 14.40 
2016/07/20 14.40 14.70 14.35 14.35 
2016/07/21 14.40 14.65 14.10 14.10 
2016/07/22 14.40 14.75 14.30 14.35 
2016/07/25 14.25 14.30 13.75 13.95 
2016/07/26 14.00 14.15 14.00 14.15 
2016/07/27 14.25 14.25 13.95 14.00 
2016/07/28 14.00 14.00 13.85 13.85 
2016/07/29 14.10 14.10 14.00 14.10 
2016/08/01 14.10 14.20 13.80 13.85 
2016/08/02 13.90 14.05 13.60 13.60 
2016/08/03 13.60 13.70 13.55 13.65 
2016/08/04 13.55 13.65 13.55 13.55 
2016/08/05 13.70 14.90 13.70 14.35 
2016/08/08 14.40 14.45 14.10 14.10 
2016/08/09 14.30 14.35 13.60 13.60 
2016/08/10 13.60 13.60 13.00 13.10 
2016/08/11 13.45 14.30 13.45 13.70 
2016/08/12 13.75 13.95 13.20 13.20 
2016/08/15 13.20 13.70 13.20 13.40 
2016/08/16 13.20 13.50 13.00 13.15 
2016/08/17 13.20 13.50 13.15 13.35 
2016/08/18 13.30 13.75 13.30 13.55 
2016/08/19 13.55 13.55 13.30 13.55 
2016/08/22 13.50 13.50 13.00 13.20 
2016/08/23 13.45 13.45 13.10 13.10 
2016/08/24 13.10 13.20 12.55 12.85 
2016/08/25 12.55 12.95 12.55 12.75 
2016/08/26 12.90 13.45 12.65 12.95 
2016/08/29 13.15 13.15 12.80 12.90 
2016/08/30 13.10 13.55 13.00 13.20 
2016/08/31 13.05 13.15 12.85 12.90 
2016/09/01 12.95 12.95 12.55 12.60 
2016/09/02 12.60 12.75 12.55 12.60 
2016/09/05 12.60 12.80 12.50 12.60 
2016/09/06 12.70 12.80 12.60 12.60 
2016/09/07 12.60 13.40 12.60 12.85 
2016/09/08 13.00 13.30 13.00 13.15 
2016/09/09 13.00 13.00 12.70 12.70 
2016/09/10 12.70 12.70 12.70 12.70 
2016/09/12 12.30 12.80 12.30 12.60 
2016/09/13 12.85 12.85 12.55 12.55 
2016/09/14 12.50 12.55 12.40 12.55 
2016/09/19 12.50 12.90 12.50 12.70 
2016/09/20 12.75 12.85 12.55 12.70 
2016/09/21 12.60 12.60 12.50 12.55 
2016/09/22 12.60 12.80 12.25 12.30 
2016/09/23 12.30 12.75 12.30 12.60 
2016/09/26 12.65 12.70 12.40 12.60 
2016/09/29 12.50 12.70 12.20 12.20 
2016/09/30 12.60 12.90 12.20 12.70 
2016/10/03 12.50 12.75 12.35 12.50 
2016/10/04 12.40 12.50 12.25 12.40 
2016/10/05 12.65 12.65 12.35 12.45 
2016/10/06 12.35 12.40 12.30 12.30 
2016/10/07 12.30 12.55 12.30 12.40 
2016/10/11 12.50 12.50 11.70 11.90 
2016/10/12 11.50 11.70 11.00 11.00 
2016/10/13 10.70 10.75 10.20 10.25 
2016/10/14 10.25 11.25 10.25 11.25 
2016/10/17 11.60 12.30 11.15 11.20 
2016/10/18 11.30 11.60 10.80 11.45 
2016/10/19 11.30 11.30 10.90 10.90 
2016/10/20 10.90 11.45 10.80 11.20 
2016/10/21 11.10 11.10 10.80 10.95 
2016/10/24 10.90 10.90 10.60 10.80 
2016/10/25 11.00 11.00 10.75 10.85 
2016/10/26 10.80 10.80 10.65 10.75 
2016/10/27 10.60 10.65 10.50 10.60 
2016/10/28 10.90 10.90 10.50 10.65 
2016/10/31 10.70 10.70 10.45 10.50 
2016/11/01 10.50 10.75 10.45 10.65 
2016/11/02 10.25 11.15 10.25 10.85 
2016/11/03 11.00 11.00 10.40 10.45 
2016/11/04 10.30 10.55 10.25 10.55 
2016/11/07 10.30 10.55 10.30 10.35 
2016/11/08 10.40 10.55 10.05 10.50 
2016/11/09 10.40 10.45 9.83 9.95 
2016/11/10 10.55 10.90 10.55 10.90 
2016/11/11 10.70 11.70 10.70 11.10 
2016/11/14 11.30 11.50 10.90 10.90 
2016/11/15 10.90 11.00 10.70 10.70 
2016/11/16 10.70 11.05 10.70 10.70 
2016/11/17 10.80 10.90 10.80 10.85 
2016/11/18 10.85 10.95 10.80 10.80 
2016/11/21 10.50 10.50 10.40 10.40 
2016/11/22 10.35 10.55 10.30 10.40 
2016/11/23 10.35 10.40 10.30 10.30 
2016/11/24 10.45 11.30 10.45 11.30 
2016/11/25 11.45 11.45 10.80 10.80 
2016/11/28 10.80 10.80 10.60 10.60 
2016/11/29 10.65 10.75 10.45 10.65 
2016/11/30 10.55 10.65 10.50 10.65 
2016/12/01 10.55 10.65 10.40 10.45 
2016/12/02 10.45 10.65 10.35 10.50 
2016/12/05 10.55 11.40 10.55 10.75 
2016/12/06 10.70 10.75 10.55 10.55 
2016/12/07 10.80 10.85 10.60 10.70 
2016/12/08 10.80 10.90 10.55 10.55 
2016/12/09 10.55 11.15 10.55 10.90 
2016/12/12 11.40 11.95 11.35 11.95 
2016/12/13 11.85 12.30 10.90 12.30 
2016/12/14 12.45 13.40 12.35 12.50 
2016/12/15 12.45 13.40 12.45 13.10 
2016/12/16 14.20 14.20 13.15 13.65 
2016/12/19 15.00 15.00 12.75 13.20 
2016/12/20 12.80 13.70 12.80 13.30 
2016/12/21 13.70 13.85 13.10 13.85 
2016/12/22 13.55 13.75 12.80 12.90 
2016/12/23 12.90 13.15 12.35 12.40 
2016/12/26 12.40 12.60 12.05 12.20 
2016/12/27 12.25 12.80 12.25 12.55 
2016/12/28 12.70 13.45 12.00 13.45 
2016/12/29 13.75 13.90 13.45 13.55 
2016/12/30 13.75 13.75 13.05 13.55 
2017/01/03 13.50 13.55 13.15 13.15 
2017/01/04 13.25 13.45 13.00 13.10 
2017/01/05 13.30 13.40 13.05 13.20 
2017/01/06 13.10 13.30 12.80 12.80 
2017/01/09 12.80 12.80 12.60 12.65 
2017/01/10 12.65 12.85 12.65 12.80 
2017/01/11 12.85 12.90 12.35 12.35 
2017/01/12 12.35 13.05 12.10 12.90 
2017/01/13 12.90 13.15 12.65 13.15 
2017/01/16 13.05 13.05 12.70 12.70 
2017/01/17 12.65 12.65 11.80 11.85 
2017/01/18 11.90 12.25 11.90 11.95 
2017/01/19 12.10 12.20 11.95 12.00 
2017/01/20 12.15 12.45 12.10 12.15 
2017/01/23 12.15 12.15 11.85 12.00 
2017/01/24 12.00 12.15 11.95 11.95 
2017/02/02 12.10 12.10 11.60 11.75 
2017/02/03 11.85 12.00 11.85 11.85 
2017/02/06 12.00 12.50 11.90 12.30 
2017/02/07 12.20 12.20 12.00 12.05 
2017/02/08 12.05 12.45 12.05 12.05 
