2016/07/01 6.05 6.05 5.90 5.90 
2016/07/04 5.90 5.99 5.90 5.94 
2016/07/05 5.94 6.00 5.89 5.92 
2016/07/06 5.89 6.01 5.87 5.96 
2016/07/07 5.99 6.01 5.97 5.98 
2016/07/11 6.00 6.15 5.92 5.96 
2016/07/12 5.90 5.96 5.88 5.90 
2016/07/13 5.90 5.90 5.85 5.85 
2016/07/14 5.85 5.96 5.81 5.91 
2016/07/15 5.91 5.95 5.89 5.92 
2016/07/18 5.94 5.96 5.85 5.93 
2016/07/19 5.90 5.96 5.90 5.90 
2016/07/20 5.90 5.90 5.85 5.87 
2016/07/21 5.97 6.03 5.87 5.95 
2016/07/22 5.95 6.03 5.91 6.01 
2016/07/25 5.97 6.01 5.90 5.90 
2016/07/26 5.88 5.94 5.88 5.93 
2016/07/27 5.93 6.00 5.93 5.95 
2016/07/28 5.93 6.00 5.90 5.90 
2016/07/29 5.91 5.96 5.88 5.89 
2016/08/01 5.99 5.99 5.91 5.97 
2016/08/02 5.96 5.96 5.92 5.92 
2016/08/03 5.92 5.92 5.87 5.91 
2016/08/04 5.90 5.98 5.90 5.94 
2016/08/05 5.91 5.98 5.91 5.98 
2016/08/08 5.98 6.13 5.98 6.13 
2016/08/09 6.26 6.73 6.26 6.72 
2016/08/10 6.75 6.84 6.51 6.63 
2016/08/11 6.62 6.62 6.30 6.41 
2016/08/12 6.41 6.45 6.20 6.33 
2016/08/15 6.25 6.25 6.08 6.11 
2016/08/16 6.10 6.10 6.03 6.04 
2016/08/17 6.19 6.19 6.06 6.12 
2016/08/18 6.13 6.17 6.09 6.11 
2016/08/19 6.11 6.12 6.01 6.01 
2016/08/22 6.02 6.09 5.97 6.02 
2016/08/23 6.10 6.19 6.09 6.16 
2016/08/24 6.16 6.19 6.11 6.19 
2016/08/25 6.20 6.20 6.16 6.20 
2016/08/26 6.16 6.35 6.16 6.33 
2016/08/29 6.33 6.36 6.25 6.33 
2016/08/30 6.34 6.34 6.17 6.30 
2016/08/31 6.30 6.30 6.18 6.27 
2016/09/01 6.26 6.27 6.18 6.18 
2016/09/02 6.16 6.16 6.10 6.13 
2016/09/05 6.13 6.16 6.09 6.10 
2016/09/06 6.16 6.16 6.08 6.10 
2016/09/07 6.09 6.13 6.09 6.12 
2016/09/08 6.12 6.12 6.09 6.09 
2016/09/09 6.06 6.09 6.04 6.04 
2016/09/10 6.01 6.02 5.92 5.97 
2016/09/12 5.93 6.00 5.81 5.83 
2016/09/13 5.85 5.90 5.84 5.86 
2016/09/14 5.90 5.91 5.85 5.86 
2016/09/19 5.86 5.93 5.82 5.82 
2016/09/20 5.82 5.88 5.77 5.80 
2016/09/21 5.80 5.94 5.79 5.92 
2016/09/22 5.87 5.90 5.82 5.83 
2016/09/23 5.85 5.87 5.80 5.84 
2016/09/26 5.82 5.90 5.82 5.87 
2016/09/29 5.87 5.93 5.86 5.92 
2016/09/30 5.92 5.92 5.79 5.87 
2016/10/03 5.87 5.89 5.80 5.81 
2016/10/04 5.81 5.85 5.80 5.81 
2016/10/05 5.81 5.84 5.76 5.76 
2016/10/06 5.76 5.80 5.76 5.79 
2016/10/07 5.80 5.82 5.77 5.78 
2016/10/11 5.78 5.78 5.55 5.58 
2016/10/12 5.23 5.40 5.04 5.04 
2016/10/13 5.25 5.36 5.05 5.05 
2016/10/14 5.06 5.14 5.04 5.04 
2016/10/17 5.05 5.10 5.02 5.03 
2016/10/18 5.03 5.08 5.03 5.04 
2016/10/19 5.10 5.10 4.95 5.00 
2016/10/20 4.98 5.04 4.93 4.94 
2016/10/21 4.93 4.98 4.93 4.95 
2016/10/24 4.96 5.00 4.95 4.98 
2016/10/25 4.98 5.08 4.98 5.01 
2016/10/26 5.00 5.03 5.00 5.00 
2016/10/27 5.07 5.07 5.00 5.00 
2016/10/28 5.02 5.05 5.00 5.00 
2016/10/31 4.98 4.98 4.93 4.93 
2016/11/01 4.93 4.94 4.87 4.88 
2016/11/02 4.73 4.88 4.73 4.75 
2016/11/03 4.75 4.75 4.55 4.55 
2016/11/04 4.55 4.60 4.51 4.55 
2016/11/07 4.55 4.55 4.26 4.30 
2016/11/08 4.30 4.40 4.26 4.26 
2016/11/09 4.40 4.48 4.29 4.31 
2016/11/10 4.34 4.60 4.34 4.60 
2016/11/11 4.58 4.58 4.44 4.50 
2016/11/14 4.51 4.52 4.42 4.50 
2016/11/15 4.50 4.50 4.32 4.38 
2016/11/16 4.38 4.44 4.31 4.32 
2016/11/17 4.32 4.38 4.28 4.32 
2016/11/18 4.30 4.35 4.26 4.31 
2016/11/21 4.30 4.39 4.30 4.36 
2016/11/22 4.39 4.47 4.35 4.35 
2016/11/23 4.35 4.39 4.31 4.31 
2016/11/24 4.32 4.37 4.28 4.30 
2016/11/25 4.12 4.24 4.12 4.24 
2016/11/28 4.24 4.28 4.14 4.28 
2016/11/29 4.28 4.29 4.23 4.25 
2016/11/30 4.22 4.25 4.17 4.25 
2016/12/01 4.29 4.30 4.16 4.26 
2016/12/02 4.24 4.68 4.24 4.68 
2016/12/05 5.13 5.14 4.94 5.14 
2016/12/06 5.18 5.63 5.18 5.41 
2016/12/07 5.20 5.40 5.15 5.16 
2016/12/08 5.17 5.27 5.14 5.20 
2016/12/09 5.17 5.17 5.01 5.02 
2016/12/12 5.15 5.25 5.01 5.16 
2016/12/13 5.15 5.16 5.00 5.01 
2016/12/14 5.01 5.01 4.85 4.87 
2016/12/15 4.87 4.90 4.76 4.78 
2016/12/16 4.78 5.25 4.73 5.25 
2016/12/19 5.22 5.24 5.10 5.15 
2016/12/20 5.15 5.26 5.12 5.19 
2016/12/21 5.22 5.30 5.18 5.20 
2016/12/22 5.20 5.26 5.15 5.16 
2016/12/23 5.13 5.23 5.13 5.14 
2016/12/26 5.30 5.30 5.10 5.13 
2016/12/27 5.07 5.19 5.07 5.10 
2016/12/28 5.06 5.18 5.06 5.10 
2016/12/29 5.07 5.15 5.07 5.15 
2016/12/30 5.12 5.16 5.12 5.15 
2017/01/03 5.12 5.24 5.12 5.14 
2017/01/04 5.12 5.18 5.12 5.17 
2017/01/05 5.17 5.29 5.13 5.20 
2017/01/06 5.20 5.20 5.13 5.16 
2017/01/09 5.16 5.19 5.14 5.14 
2017/01/10 5.14 5.15 5.09 5.13 
2017/01/11 5.16 5.16 5.10 5.11 
2017/01/12 5.12 5.27 5.12 5.24 
2017/01/13 5.27 5.27 5.21 5.23 
2017/01/16 5.30 5.30 5.18 5.20 
2017/01/17 5.20 5.20 5.14 5.19 
2017/01/18 5.20 5.25 5.14 5.20 
2017/01/19 5.20 5.20 5.07 5.14 
2017/01/20 5.14 5.17 5.14 5.15 
2017/01/23 5.20 5.20 5.09 5.11 
2017/01/24 5.11 5.14 5.08 5.12 
2017/02/02 5.09 5.17 5.03 5.12 
2017/02/03 5.15 5.63 5.11 5.63 
2017/02/06 5.88 6.00 5.68 5.95 
2017/02/07 5.97 6.00 5.70 5.73 
2017/02/08 5.73 5.78 5.62 5.67 
