2016/07/01 23.85 24.20 23.65 23.80 
2016/07/04 23.85 24.25 23.80 24.05 
2016/07/05 24.05 24.05 23.80 23.95 
2016/07/06 23.95 23.95 23.60 23.60 
2016/07/07 23.60 23.70 23.55 23.55 
2016/07/11 23.60 23.80 23.55 23.80 
2016/07/12 23.80 23.95 23.80 23.95 
2016/07/13 24.05 24.25 23.85 23.85 
2016/07/14 23.90 24.00 23.80 23.90 
2016/07/15 24.00 24.15 23.90 24.05 
2016/07/18 24.15 25.80 24.15 25.30 
2016/07/19 25.50 25.50 25.00 25.25 
2016/07/20 25.25 25.75 25.20 25.70 
2016/07/21 26.00 26.35 25.90 26.00 
2016/07/22 26.00 26.00 25.50 25.55 
2016/07/25 25.70 25.70 25.25 25.35 
2016/07/26 25.30 25.40 25.10 25.25 
2016/07/27 25.50 26.00 25.40 25.45 
2016/07/28 25.80 25.85 25.40 25.40 
2016/07/29 25.50 25.60 25.15 25.30 
2016/08/01 25.70 25.70 25.10 25.35 
2016/08/02 25.35 25.35 25.10 25.25 
2016/08/03 25.30 25.40 25.20 25.40 
2016/08/04 25.55 25.75 25.45 25.65 
2016/08/05 25.65 27.50 25.65 26.65 
2016/08/08 25.40 25.50 24.00 25.00 
2016/08/09 25.05 25.20 24.40 24.50 
2016/08/10 24.55 24.60 24.30 24.35 
2016/08/11 26.15 26.75 25.25 25.80 
2016/08/12 26.05 27.30 25.90 26.85 
2016/08/15 27.20 28.60 26.50 28.35 
2016/08/16 28.70 28.70 27.60 28.10 
2016/08/17 27.90 28.00 27.30 28.00 
2016/08/18 28.30 29.35 28.20 29.10 
2016/08/19 29.10 29.25 28.60 28.80 
2016/08/22 28.85 28.85 27.90 28.00 
2016/08/23 28.00 28.50 27.80 28.30 
2016/08/24 28.40 28.60 28.00 28.00 
2016/08/25 28.00 28.90 28.00 28.05 
2016/08/26 28.05 28.85 28.05 28.50 
2016/08/29 28.60 28.80 28.45 28.60 
2016/08/30 28.75 28.75 28.40 28.45 
2016/08/31 28.45 28.50 28.10 28.15 
2016/09/01 28.10 28.10 27.60 27.85 
2016/09/02 27.85 27.85 26.50 26.95 
2016/09/05 27.00 27.45 27.00 27.35 
2016/09/06 27.50 27.75 27.50 27.70 
2016/09/07 27.70 28.45 27.70 28.30 
2016/09/08 28.40 28.45 28.20 28.25 
2016/09/09 28.70 30.00 28.45 30.00 
2016/09/10 29.20 31.20 29.20 30.65 
2016/09/12 31.20 31.20 30.00 30.00 
2016/09/13 30.55 30.55 29.10 29.25 
2016/09/14 29.10 29.60 28.85 29.25 
2016/09/19 29.60 29.70 29.20 29.30 
2016/09/20 29.60 29.75 29.30 29.40 
2016/09/21 29.60 29.60 29.20 29.40 
2016/09/22 29.50 29.55 29.25 29.30 
2016/09/23 29.40 29.40 28.95 29.05 
2016/09/26 28.90 29.25 28.90 29.00 
2016/09/29 29.35 29.55 29.00 29.10 
2016/09/30 29.10 29.30 28.90 29.00 
2016/10/03 29.05 29.50 29.05 29.35 
2016/10/04 29.10 29.45 29.10 29.15 
2016/10/05 27.50 28.50 26.30 26.90 
2016/10/06 26.85 27.45 26.85 27.05 
2016/10/07 27.60 27.90 27.35 27.35 
2016/10/11 27.45 27.50 25.80 26.55 
2016/10/12 26.30 26.55 25.95 26.35 
2016/10/13 26.35 26.75 26.35 26.55 
2016/10/14 26.55 26.70 25.95 25.95 
2016/10/17 25.80 26.35 25.80 26.15 
2016/10/18 26.10 26.20 25.85 26.10 
2016/10/19 26.15 26.95 26.15 26.65 
2016/10/20 26.50 26.80 26.50 26.75 
2016/10/21 27.10 27.30 26.85 27.30 
2016/10/24 27.30 27.30 26.80 26.85 
2016/10/25 26.95 27.45 26.95 27.20 
2016/10/26 27.30 27.30 26.80 26.85 
2016/10/27 26.85 27.05 26.85 26.90 
2016/10/28 26.90 27.05 26.60 26.90 
2016/10/31 26.75 27.00 26.30 27.00 
2016/11/01 27.00 27.00 26.75 26.85 
2016/11/02 26.85 26.85 26.20 26.25 
2016/11/03 26.20 26.35 26.10 26.20 
2016/11/04 26.20 26.30 26.05 26.10 
2016/11/07 26.10 26.40 26.00 26.10 
2016/11/08 26.35 26.95 26.05 26.80 
2016/11/09 27.00 27.10 25.75 25.90 
2016/11/10 26.50 26.85 26.20 26.50 
2016/11/11 26.15 26.30 25.90 26.00 
2016/11/14 26.10 26.45 25.95 26.15 
2016/11/15 26.15 26.40 26.00 26.15 
2016/11/16 26.35 26.50 26.25 26.25 
2016/11/17 26.25 26.30 26.15 26.30 
2016/11/18 26.30 26.45 26.20 26.20 
2016/11/21 26.20 26.70 26.20 26.70 
2016/11/22 26.80 27.00 26.40 26.40 
2016/11/23 26.40 26.60 26.40 26.45 
2016/11/24 26.65 26.85 26.45 26.60 
2016/11/25 26.70 26.80 26.50 26.55 
2016/11/28 26.85 26.85 26.50 26.70 
2016/11/29 26.70 26.85 26.70 26.80 
2016/11/30 26.80 26.95 26.80 26.90 
2016/12/01 26.95 28.00 26.95 27.65 
2016/12/02 28.00 28.05 27.50 27.70 
2016/12/05 27.95 27.95 27.70 27.80 
2016/12/06 28.00 28.00 27.25 27.30 
2016/12/07 27.60 27.60 27.25 27.55 
2016/12/08 27.80 28.30 27.45 28.20 
2016/12/09 28.25 28.30 27.60 27.70 
2016/12/12 28.00 28.00 27.40 27.50 
2016/12/13 27.85 27.90 27.30 27.40 
2016/12/14 27.40 27.80 27.40 27.50 
2016/12/15 27.35 27.65 27.30 27.60 
2016/12/16 27.85 27.85 27.45 27.55 
2016/12/19 27.70 27.70 27.35 27.55 
2016/12/20 27.60 27.70 27.35 27.60 
2016/12/21 27.70 28.00 27.60 27.90 
2016/12/22 27.90 27.90 27.60 27.60 
2016/12/23 27.50 27.50 27.30 27.35 
2016/12/26 27.25 27.45 27.20 27.35 
2016/12/27 27.25 27.25 27.10 27.15 
2016/12/28 27.05 27.25 27.05 27.20 
2016/12/29 27.15 27.50 27.15 27.45 
2016/12/30 27.60 27.60 27.45 27.45 
2017/01/03 27.65 28.05 27.45 28.00 
2017/01/04 28.10 28.50 27.75 27.80 
2017/01/05 28.00 28.30 27.85 28.25 
2017/01/06 28.50 28.55 28.05 28.25 
2017/01/09 28.45 28.85 28.25 28.25 
2017/01/10 28.25 28.45 28.15 28.30 
2017/01/11 28.40 28.60 28.30 28.60 
2017/01/12 28.60 28.65 28.25 28.35 
2017/01/13 28.35 28.40 28.15 28.35 
2017/01/16 28.35 28.35 27.75 27.85 
2017/01/17 27.85 27.90 27.75 27.90 
2017/01/18 28.10 28.10 27.85 28.00 
2017/01/19 28.00 28.05 27.90 28.00 
2017/01/20 28.10 28.30 28.05 28.15 
2017/01/23 28.45 28.65 28.30 28.40 
2017/01/24 28.50 29.25 28.50 29.05 
2017/02/02 29.25 29.70 28.85 29.55 
2017/02/03 29.75 30.20 29.70 29.90 
2017/02/06 30.25 30.30 29.80 29.80 
2017/02/07 30.00 30.00 29.75 29.85 
2017/02/08 30.10 30.80 29.80 30.80 
