2016/07/01 19.50 19.60 18.90 19.05 
2016/07/04 20.15 20.30 19.65 19.75 
2016/07/05 19.75 19.85 19.40 19.45 
2016/07/06 19.40 19.40 19.10 19.15 
2016/07/07 19.30 19.80 19.20 19.65 
2016/07/11 19.70 20.00 19.35 19.75 
2016/07/12 19.95 19.95 19.45 19.75 
2016/07/13 19.65 20.20 19.65 19.90 
2016/07/14 20.20 20.25 19.90 19.95 
2016/07/15 20.05 20.15 19.80 19.95 
2016/07/18 20.00 20.10 18.90 19.10 
2016/07/19 19.25 19.35 18.65 19.20 
2016/07/20 19.05 19.35 18.75 19.00 
2016/07/21 19.10 19.20 18.95 18.95 
2016/07/22 19.05 19.40 18.95 19.30 
2016/07/25 19.30 19.55 19.10 19.10 
2016/07/26 19.10 20.00 19.10 19.95 
2016/07/27 19.95 20.30 19.70 19.80 
2016/07/28 20.00 20.50 19.90 20.30 
2016/07/29 20.45 20.60 20.10 20.30 
2016/08/01 20.40 20.90 20.35 20.50 
2016/08/02 21.50 21.90 20.80 20.95 
2016/08/03 20.55 20.90 20.45 20.80 
2016/08/04 20.95 21.00 20.60 20.65 
2016/08/05 20.70 20.95 20.45 20.45 
2016/08/08 20.70 20.70 20.05 20.15 
2016/08/09 20.20 20.35 19.80 19.80 
2016/08/10 19.80 19.85 19.30 19.35 
2016/08/11 19.35 19.55 19.15 19.30 
2016/08/12 19.45 19.75 19.30 19.60 
2016/08/15 19.90 20.30 19.85 20.20 
2016/08/16 20.20 20.35 19.85 19.95 
2016/08/17 20.00 20.00 19.60 19.60 
2016/08/18 19.60 19.75 19.50 19.70 
2016/08/19 19.90 20.05 19.50 19.55 
2016/08/22 19.60 20.00 19.55 19.70 
2016/08/23 19.70 20.65 19.65 20.50 
2016/08/24 20.45 20.85 20.35 20.40 
2016/08/25 20.50 20.90 20.50 20.70 
2016/08/26 20.70 21.65 20.55 21.65 
2016/08/29 21.65 21.70 21.10 21.25 
2016/08/30 21.25 21.65 21.00 21.50 
2016/08/31 21.60 21.90 21.15 21.15 
2016/09/01 21.35 21.80 21.15 21.25 
2016/09/02 21.15 21.20 20.50 20.50 
2016/09/05 20.60 21.40 20.55 21.40 
2016/09/06 21.50 21.90 21.20 21.65 
2016/09/07 21.65 21.75 21.05 21.10 
2016/09/08 21.20 21.25 20.80 20.85 
2016/09/09 20.75 21.20 20.70 20.95 
2016/09/10 20.35 20.70 20.20 20.55 
2016/09/12 20.50 20.50 20.05 20.10 
2016/09/13 20.30 20.40 19.75 19.75 
2016/09/14 19.75 19.90 18.90 19.25 
2016/09/19 19.35 20.30 19.35 20.30 
2016/09/20 20.25 20.40 19.85 19.95 
2016/09/21 19.90 20.10 19.80 19.95 
2016/09/22 20.10 20.20 19.90 19.90 
2016/09/23 20.05 20.15 19.90 19.90 
2016/09/26 20.05 20.45 19.95 20.05 
2016/09/29 20.10 20.20 19.70 19.80 
2016/09/30 19.85 19.85 19.40 19.50 
2016/10/03 19.60 19.95 19.60 19.80 
2016/10/04 20.25 20.25 19.85 19.85 
2016/10/05 20.05 20.35 19.85 19.90 
2016/10/06 19.90 19.95 19.65 19.95 
2016/10/07 19.70 19.75 19.20 19.30 
2016/10/11 19.35 19.45 18.20 18.60 
2016/10/12 18.50 18.60 18.20 18.40 
2016/10/13 18.60 18.65 17.65 17.75 
2016/10/14 17.55 17.55 16.90 16.90 
2016/10/17 17.05 17.40 16.90 17.40 
2016/10/18 17.15 17.45 17.15 17.30 
2016/10/19 17.40 17.55 17.20 17.30 
2016/10/20 17.30 17.35 16.80 17.05 
2016/10/21 17.15 17.45 17.00 17.30 
2016/10/24 17.10 17.20 16.90 17.10 
2016/10/25 17.10 17.25 17.00 17.20 
2016/10/26 17.55 18.40 17.50 17.70 
2016/10/27 17.80 18.05 17.70 17.70 
2016/10/28 17.70 17.70 17.20 17.20 
2016/10/31 17.25 17.30 17.05 17.10 
2016/11/01 17.35 17.55 17.30 17.45 
2016/11/02 17.15 17.20 16.60 16.60 
2016/11/03 16.15 16.45 15.65 16.00 
2016/11/04 16.00 16.30 15.85 16.05 
2016/11/07 16.40 16.40 16.05 16.05 
2016/11/08 16.25 16.25 15.55 15.55 
2016/11/09 15.65 15.70 14.00 14.25 
2016/11/10 15.05 15.10 14.40 14.50 
2016/11/11 14.50 14.85 13.50 14.70 
2016/11/14 14.50 15.75 14.15 15.70 
2016/11/15 15.55 16.35 15.45 15.50 
2016/11/16 15.50 15.80 15.30 15.30 
2016/11/17 15.35 15.65 15.35 15.55 
2016/11/18 15.85 15.85 15.50 15.60 
2016/11/21 15.80 15.90 15.50 15.60 
2016/11/22 15.70 16.25 15.70 15.85 
2016/11/23 15.95 16.00 15.60 15.60 
2016/11/24 15.60 16.45 15.60 16.25 
2016/11/25 16.50 16.80 16.15 16.20 
2016/11/28 16.25 16.40 15.75 15.90 
2016/11/29 15.90 15.90 15.60 15.75 
2016/11/30 15.80 15.90 15.35 15.45 
2016/12/01 15.40 15.60 15.20 15.35 
2016/12/02 15.30 15.55 15.20 15.45 
2016/12/05 15.50 15.85 15.45 15.55 
2016/12/06 15.65 15.70 15.55 15.65 
2016/12/07 16.00 16.30 15.80 15.80 
2016/12/08 15.90 16.10 15.85 15.85 
2016/12/09 15.95 16.00 15.70 15.80 
2016/12/12 15.95 16.00 15.70 15.70 
2016/12/13 15.80 15.85 15.70 15.75 
2016/12/14 15.85 15.90 15.65 15.65 
2016/12/15 15.65 15.75 15.60 15.60 
2016/12/16 15.70 15.85 15.65 15.65 
2016/12/19 15.75 16.05 15.75 15.80 
2016/12/20 16.05 16.60 16.05 16.30 
2016/12/21 16.30 16.50 16.15 16.45 
2016/12/22 16.60 16.75 16.45 16.55 
2016/12/23 16.60 16.65 16.35 16.35 
2016/12/26 16.35 16.45 15.55 15.85 
2016/12/27 15.90 15.95 15.60 15.80 
2016/12/28 16.00 16.10 15.90 15.95 
2016/12/29 16.00 16.00 15.90 16.00 
2016/12/30 16.05 16.20 15.80 15.90 
2017/01/03 16.00 16.30 15.95 16.15 
2017/01/04 16.30 16.30 16.05 16.10 
2017/01/05 16.25 16.40 16.15 16.40 
2017/01/06 16.70 17.10 16.65 16.85 
2017/01/09 16.95 17.30 16.65 16.85 
2017/01/10 17.20 17.45 16.95 17.15 
2017/01/11 17.30 17.45 17.20 17.25 
2017/01/12 17.20 17.35 17.00 17.05 
2017/01/13 16.90 17.15 16.80 17.00 
2017/01/16 17.00 17.15 16.85 16.95 
2017/01/17 16.95 17.05 16.80 16.85 
2017/01/18 16.95 17.50 16.85 17.35 
2017/01/19 17.50 17.75 17.30 17.30 
2017/01/20 17.20 17.45 17.20 17.25 
2017/01/23 17.50 17.50 17.30 17.40 
2017/01/24 17.45 18.05 17.30 17.75 
2017/02/02 18.25 18.30 17.85 18.30 
2017/02/03 18.50 18.50 18.15 18.30 
2017/02/06 18.60 18.75 18.50 18.60 
2017/02/07 18.70 19.30 18.40 19.10 
2017/02/08 19.45 19.65 19.20 19.20 
