2016/07/01 9.10 9.14 9.03 9.09 
2016/07/04 9.12 9.12 9.04 9.04 
2016/07/05 9.04 9.06 8.91 8.91 
2016/07/06 8.89 8.95 8.88 8.90 
2016/07/07 8.90 9.00 8.87 8.92 
2016/07/11 8.93 9.14 8.93 9.00 
2016/07/12 9.00 9.02 8.92 8.95 
2016/07/13 9.05 9.05 8.95 9.02 
2016/07/14 9.02 9.04 8.96 9.00 
2016/07/15 9.03 9.03 8.99 9.00 
2016/07/18 9.00 9.05 8.96 8.99 
2016/07/19 9.00 9.04 8.98 9.00 
2016/07/20 9.02 9.05 9.00 9.01 
2016/07/21 9.05 9.18 9.05 9.18 
2016/07/22 9.18 9.18 9.10 9.11 
2016/07/25 9.19 9.19 9.01 9.01 
2016/07/26 9.03 9.25 9.03 9.06 
2016/07/27 9.15 9.26 9.09 9.14 
2016/07/28 9.20 9.21 9.09 9.10 
2016/07/29 9.21 9.37 9.11 9.29 
2016/08/01 9.30 9.55 9.30 9.48 
2016/08/02 9.50 9.53 9.40 9.40 
2016/08/03 9.30 9.32 9.20 9.29 
2016/08/04 9.30 9.40 9.20 9.25 
2016/08/05 9.25 9.30 9.23 9.28 
2016/08/08 9.28 9.40 9.28 9.30 
2016/08/09 9.31 9.40 9.25 9.26 
2016/08/10 9.38 9.38 9.28 9.30 
2016/08/11 9.31 9.35 9.25 9.27 
2016/08/12 9.30 9.42 9.27 9.37 
2016/08/15 9.43 9.43 9.25 9.36 
2016/08/16 9.41 9.46 9.33 9.33 
2016/08/17 9.42 9.42 9.26 9.35 
2016/08/18 9.40 9.40 9.30 9.34 
2016/08/19 9.34 9.38 9.33 9.37 
2016/08/22 9.36 9.36 9.27 9.30 
2016/08/23 9.10 9.22 9.10 9.13 
2016/08/24 9.13 9.17 9.12 9.16 
2016/08/25 9.16 9.16 9.12 9.13 
2016/08/26 9.21 9.22 9.13 9.20 
2016/08/29 9.20 9.27 9.17 9.23 
2016/08/30 9.22 9.28 9.21 9.21 
2016/08/31 9.21 9.23 9.10 9.23 
2016/09/01 9.27 9.27 9.16 9.22 
2016/09/02 9.25 9.25 9.15 9.19 
2016/09/05 9.29 9.29 9.20 9.24 
2016/09/06 9.28 9.28 9.22 9.22 
2016/09/07 9.23 9.37 9.23 9.37 
2016/09/08 9.38 9.52 9.38 9.46 
2016/09/09 9.65 10.40 9.56 10.40 
2016/09/10 10.05 10.40 10.05 10.35 
2016/09/12 10.55 10.85 10.00 10.05 
2016/09/13 10.15 10.35 9.98 10.15 
2016/09/14 10.15 10.15 10.00 10.05 
2016/09/19 10.20 10.60 10.20 10.50 
2016/09/20 10.45 10.50 10.25 10.30 
2016/09/21 10.40 10.45 10.25 10.35 
2016/09/22 10.45 10.80 10.35 10.60 
2016/09/23 11.00 11.65 11.00 11.65 
2016/09/26 11.80 12.20 11.65 11.65 
2016/09/29 11.75 11.90 11.40 11.50 
2016/09/30 11.50 11.65 11.20 11.25 
2016/10/03 11.30 11.60 11.30 11.45 
2016/10/04 11.60 11.70 11.30 11.30 
2016/10/05 11.30 11.40 11.15 11.25 
2016/10/06 11.50 11.50 11.30 11.30 
2016/10/07 11.50 11.50 11.20 11.40 
2016/10/11 11.50 11.50 10.30 10.55 
2016/10/12 10.55 10.80 10.45 10.55 
2016/10/13 10.65 10.70 10.30 10.40 
2016/10/14 10.35 10.40 9.99 10.05 
2016/10/17 10.10 10.30 10.10 10.20 
2016/10/18 10.20 10.40 10.15 10.40 
2016/10/19 10.50 11.10 10.50 10.75 
2016/10/20 10.80 11.00 10.70 10.90 
2016/10/21 10.90 11.05 10.80 10.95 
2016/10/24 11.10 11.35 11.10 11.10 
2016/10/25 11.30 11.35 11.05 11.15 
2016/10/26 11.25 11.25 11.10 11.20 
2016/10/27 11.20 11.70 11.15 11.50 
2016/10/28 11.55 11.75 11.30 11.45 
2016/10/31 11.50 11.50 11.05 11.30 
2016/11/01 11.30 11.30 11.15 11.15 
2016/11/02 11.10 11.10 10.60 10.70 
2016/11/03 10.65 11.20 10.65 10.75 
2016/11/04 10.85 10.95 10.70 10.85 
2016/11/07 11.00 11.05 10.90 11.00 
2016/11/08 11.45 11.45 11.15 11.15 
2016/11/09 11.25 11.25 10.50 10.60 
2016/11/10 11.10 11.20 10.95 11.20 
2016/11/11 11.15 11.30 11.00 11.20 
2016/11/14 11.20 11.25 10.70 10.95 
2016/11/15 10.80 11.05 10.70 10.95 
2016/11/16 11.20 11.20 10.70 10.75 
2016/11/17 10.80 10.90 10.65 10.80 
2016/11/18 10.80 10.95 10.80 10.85 
2016/11/21 10.85 11.90 10.80 11.90 
2016/11/22 12.05 12.35 11.45 11.55 
2016/11/23 11.55 11.65 11.30 11.45 
2016/11/24 11.50 12.10 11.50 11.70 
2016/11/25 11.90 12.30 11.85 12.10 
2016/11/28 12.30 12.75 12.25 12.25 
2016/11/29 12.15 12.45 12.05 12.35 
2016/11/30 12.45 12.70 12.30 12.35 
2016/12/01 12.50 12.55 12.20 12.25 
2016/12/02 12.15 12.25 12.05 12.20 
2016/12/05 12.20 12.25 11.65 11.75 
2016/12/06 11.80 11.95 11.70 11.75 
2016/12/07 11.90 12.10 11.85 12.05 
2016/12/08 12.30 12.45 12.00 12.05 
2016/12/09 12.00 12.10 11.65 11.80 
2016/12/12 11.70 12.00 11.60 12.00 
2016/12/13 12.25 12.50 12.20 12.30 
2016/12/14 12.45 12.50 12.15 12.20 
2016/12/15 12.15 12.20 12.05 12.15 
2016/12/16 12.15 12.30 12.05 12.10 
2016/12/19 12.10 12.10 11.70 11.70 
2016/12/20 11.70 11.80 11.60 11.70 
2016/12/21 11.80 11.90 11.75 11.80 
2016/12/22 11.85 12.15 11.75 11.75 
2016/12/23 11.95 12.15 11.85 11.90 
2016/12/26 11.95 12.05 11.75 11.75 
2016/12/27 11.75 11.75 11.60 11.60 
2016/12/28 11.70 11.80 11.60 11.70 
2016/12/29 11.75 12.00 11.70 11.80 
2016/12/30 11.85 11.90 11.65 11.70 
2017/01/03 11.70 11.80 11.65 11.75 
2017/01/04 11.80 11.85 11.70 11.80 
2017/01/05 11.90 12.15 11.85 11.90 
2017/01/06 12.00 12.05 11.90 12.00 
2017/01/09 12.30 12.45 12.05 12.05 
2017/01/10 12.15 12.20 11.90 12.00 
2017/01/11 12.00 12.05 11.90 11.90 
2017/01/12 12.05 12.10 11.90 12.00 
2017/01/13 12.00 12.00 11.90 11.95 
2017/01/16 11.90 11.95 11.75 11.75 
2017/01/17 11.80 11.95 11.75 11.90 
2017/01/18 12.00 12.05 11.85 12.00 
2017/01/19 12.00 12.05 11.90 11.95 
2017/01/20 11.95 12.25 11.95 12.00 
2017/01/23 12.10 12.30 12.05 12.25 
2017/01/24 12.35 12.35 12.10 12.20 
2017/02/02 12.35 12.70 12.20 12.60 
2017/02/03 13.10 13.45 12.90 13.05 
2017/02/06 13.20 13.25 12.85 13.00 
2017/02/07 13.05 13.25 12.95 13.15 
2017/02/08 13.30 13.30 12.95 13.05 
