2016/07/01 4.64 4.70 4.45 4.50 
2016/07/04 4.64 4.64 4.44 4.44 
2016/07/05 4.62 4.62 4.43 4.43 
2016/07/06 4.48 4.53 4.43 4.49 
2016/07/07 4.49 4.55 4.41 4.54 
2016/07/11 4.54 4.99 4.44 4.78 
2016/07/12 4.77 4.77 4.54 4.63 
2016/07/13 4.73 4.73 4.54 4.65 
2016/07/14 4.68 4.68 4.50 4.60 
2016/07/15 4.50 4.68 4.43 4.60 
2016/07/18 4.62 4.68 4.55 4.60 
2016/07/19 4.60 4.60 4.53 4.60 
2016/07/20 4.60 4.60 4.50 4.50 
2016/07/21 4.50 4.69 4.50 4.55 
2016/07/22 4.55 4.65 4.51 4.65 
2016/07/25 4.63 4.65 4.55 4.64 
2016/07/26 4.65 4.66 4.62 4.64 
2016/07/27 4.64 4.67 4.55 4.65 
2016/07/28 4.67 4.69 4.57 4.69 
2016/07/29 4.70 4.71 4.60 4.65 
2016/08/01 4.52 4.67 4.52 4.65 
2016/08/02 4.65 4.70 4.64 4.70 
2016/08/03 4.70 4.70 4.57 4.65 
2016/08/04 4.53 4.64 4.53 4.57 
2016/08/05 4.65 4.70 4.59 4.70 
2016/08/08 4.70 4.71 4.67 4.70 
2016/08/09 4.70 4.70 4.61 4.69 
2016/08/10 4.69 4.69 4.57 4.57 
2016/08/11 4.63 4.63 4.53 4.57 
2016/08/12 4.57 4.77 4.41 4.77 
2016/08/15 4.72 4.72 4.59 4.65 
2016/08/16 4.67 4.67 4.55 4.64 
2016/08/17 4.64 4.64 4.55 4.60 
2016/08/18 4.59 4.63 4.52 4.53 
2016/08/19 4.53 4.60 4.40 4.50 
2016/08/22 4.51 4.59 4.40 4.51 
2016/08/23 4.51 4.54 4.43 4.52 
2016/08/24 4.52 4.52 4.45 4.49 
2016/08/25 4.49 4.50 4.35 4.44 
2016/08/26 4.33 4.48 4.33 4.45 
2016/08/29 4.45 4.45 4.40 4.41 
2016/08/30 4.41 4.60 4.34 4.55 
2016/08/31 4.60 4.63 4.51 4.63 
2016/09/01 4.63 4.68 4.63 4.64 
2016/09/02 4.67 4.71 4.58 4.68 
2016/09/05 4.68 4.68 4.59 4.67 
2016/09/06 4.67 4.67 4.60 4.65 
2016/09/07 4.68 4.68 4.58 4.64 
2016/09/08 4.64 4.64 4.56 4.56 
2016/09/09 4.59 4.63 4.55 4.60 
2016/09/10 4.57 4.65 4.48 4.65 
2016/09/12 4.64 4.64 4.55 4.59 
2016/09/13 4.59 4.59 4.50 4.50 
2016/09/14 4.54 4.54 4.42 4.48 
2016/09/19 4.42 4.57 4.42 4.57 
2016/09/20 4.57 4.59 4.53 4.57 
2016/09/21 4.64 4.64 4.57 4.59 
2016/09/22 4.62 4.65 4.53 4.62 
2016/09/23 4.62 5.08 4.62 5.06 
2016/09/26 4.99 5.15 4.99 5.10 
2016/09/29 5.12 5.35 5.03 5.17 
2016/09/30 5.06 5.17 4.98 5.01 
2016/10/03 5.01 5.09 4.95 5.05 
2016/10/04 4.99 5.03 4.85 5.03 
2016/10/05 5.00 5.05 4.90 5.00 
2016/10/06 4.99 5.03 4.84 5.02 
2016/10/07 5.02 5.02 4.92 5.00 
2016/10/11 5.08 5.08 4.84 4.94 
2016/10/12 4.96 4.96 4.83 4.85 
2016/10/13 4.85 4.88 4.75 4.88 
2016/10/14 4.87 4.87 4.76 4.84 
2016/10/17 4.84 4.86 4.77 4.85 
2016/10/18 4.86 4.88 4.78 4.78 
2016/10/19 4.85 4.95 4.78 4.95 
2016/10/20 4.94 4.94 4.82 4.92 
2016/10/21 4.92 4.92 4.84 4.89 
2016/10/24 4.89 4.92 4.82 4.92 
2016/10/25 4.92 4.92 4.81 4.90 
2016/10/26 4.89 4.89 4.81 4.89 
2016/10/27 4.88 4.91 4.80 4.88 
2016/10/28 4.88 4.88 4.82 4.88 
2016/10/31 4.88 4.88 4.78 4.79 
2016/11/01 4.79 4.82 4.73 4.80 
2016/11/02 4.76 4.82 4.73 4.77 
2016/11/03 4.77 4.78 4.73 4.76 
2016/11/04 4.76 4.85 4.75 4.83 
2016/11/07 4.83 4.88 4.83 4.88 
2016/11/08 4.88 5.05 4.87 4.99 
2016/11/09 4.81 4.95 4.68 4.83 
2016/11/10 4.83 4.87 4.71 4.83 
2016/11/11 4.70 4.70 4.69 4.70 
2016/11/14 4.70 4.78 4.63 4.78 
2016/11/15 4.77 4.77 4.62 4.75 
2016/11/16 4.70 4.70 4.61 4.69 
2016/11/17 4.75 4.75 4.51 4.60 
2016/11/18 4.60 4.60 4.39 4.39 
2016/11/21 4.40 4.55 4.40 4.53 
2016/11/22 4.50 4.58 4.45 4.45 
2016/11/23 4.43 4.48 4.38 4.38 
2016/11/24 4.38 4.43 4.30 4.41 
2016/11/25 4.41 4.41 4.14 4.27 
2016/11/28 4.23 4.23 4.13 4.21 
2016/11/29 4.18 4.24 4.15 4.24 
2016/11/30 4.21 4.24 4.20 4.24 
2016/12/01 4.25 4.26 4.25 4.25 
2016/12/02 4.22 4.24 4.17 4.24 
2016/12/05 4.24 4.28 4.24 4.25 
2016/12/06 4.25 4.33 4.22 4.26 
2016/12/07 4.26 4.28 4.20 4.26 
2016/12/08 4.28 4.32 4.27 4.32 
2016/12/09 4.38 4.38 4.25 4.30 
2016/12/12 4.25 4.32 4.23 4.32 
2016/12/13 4.32 4.40 4.25 4.38 
2016/12/14 4.38 4.38 4.27 4.29 
2016/12/15 4.30 4.36 4.29 4.36 
2016/12/16 4.35 4.35 4.26 4.30 
2016/12/19 4.35 4.35 4.25 4.26 
2016/12/20 4.22 4.28 4.22 4.28 
2016/12/21 4.30 4.30 4.24 4.26 
2016/12/22 4.25 4.26 4.24 4.24 
2016/12/23 4.25 4.25 4.18 4.21 
2016/12/26 4.15 4.26 4.15 4.16 
2016/12/27 4.16 4.16 4.15 4.16 
2016/12/28 4.16 4.21 4.10 4.10 
2016/12/29 4.10 4.11 4.05 4.11 
2016/12/30 4.18 4.18 4.05 4.12 
2017/01/03 4.21 4.25 4.21 4.22 
2017/01/04 4.22 4.23 4.16 4.18 
2017/01/05 4.18 4.29 4.18 4.27 
2017/01/06 4.31 4.37 4.29 4.30 
2017/01/09 4.35 4.63 4.29 4.52 
2017/01/10 4.43 4.97 4.43 4.97 
2017/01/11 5.20 5.46 5.20 5.46 
2017/01/12 5.55 5.99 5.51 5.75 
2017/01/13 5.88 5.88 5.42 5.60 
2017/01/16 5.80 5.95 5.62 5.84 
2017/01/17 5.93 6.20 5.92 6.12 
2017/01/18 6.55 6.72 6.24 6.72 
2017/01/19 6.76 6.76 6.05 6.12 
2017/01/20 6.03 6.32 6.01 6.17 
2017/01/23 6.17 6.18 6.05 6.08 
2017/01/24 6.07 6.28 6.03 6.03 
2017/02/02 6.03 6.25 6.03 6.25 
2017/02/03 6.31 6.49 6.27 6.45 
2017/02/06 6.38 6.41 6.31 6.39 
2017/02/07 6.38 6.59 6.38 6.48 
2017/02/08 6.51 6.51 6.38 6.48 
