2016/07/01 156.00 157.00 154.50 155.00 
2016/07/04 155.50 156.00 153.50 153.50 
2016/07/05 155.50 157.00 154.00 154.50 
2016/07/06 156.50 156.50 154.00 155.00 
2016/07/07 155.50 155.50 154.00 154.50 
2016/07/11 156.00 157.00 155.50 157.00 
2016/07/12 158.00 162.50 157.50 162.50 
2016/07/13 162.50 168.00 162.50 168.00 
2016/07/14 167.50 167.50 164.50 165.00 
2016/07/15 165.00 167.00 164.50 164.50 
2016/07/18 164.50 165.00 161.00 161.50 
2016/07/19 161.00 162.50 161.00 162.50 
2016/07/20 161.50 162.50 161.50 162.00 
2016/07/21 161.50 163.00 159.50 159.50 
2016/07/22 160.50 163.00 160.00 162.50 
2016/07/25 163.00 164.00 161.00 163.50 
2016/07/26 164.00 167.00 163.50 164.00 
2016/07/27 164.00 170.00 164.00 169.00 
2016/07/28 170.00 171.00 167.50 169.00 
2016/07/29 170.00 170.50 169.00 169.50 
2016/08/01 170.00 173.00 170.00 172.50 
2016/08/02 173.00 173.00 170.50 171.00 
2016/08/03 169.00 170.50 168.00 169.00 
2016/08/04 169.50 174.00 169.50 172.50 
2016/08/05 173.00 174.00 172.00 173.50 
2016/08/08 162.50 166.50 162.50 165.50 
2016/08/09 165.50 165.50 163.50 164.00 
2016/08/10 161.00 162.00 160.00 162.00 
2016/08/11 161.00 164.00 161.00 163.00 
2016/08/15 179.00 179.00 173.00 177.50 
2016/08/16 177.50 178.50 173.00 175.50 
2016/08/17 176.50 177.00 173.00 173.50 
2016/08/18 173.50 177.00 173.50 175.00 
2016/08/19 176.00 177.00 173.00 173.50 
2016/08/22 175.00 189.50 173.00 186.00 
2016/08/23 188.00 193.00 185.00 187.00 
2016/08/24 186.50 188.00 177.00 178.50 
2016/08/25 178.00 182.50 178.00 179.00 
2016/08/26 178.50 188.50 178.50 186.00 
2016/08/29 188.00 191.00 186.50 188.00 
2016/08/30 189.00 189.50 185.50 187.50 
2016/08/31 189.00 190.00 183.50 186.00 
2016/09/01 185.50 188.50 185.00 187.50 
2016/09/02 188.50 188.50 184.00 185.00 
2016/09/05 185.50 185.50 182.00 182.00 
2016/09/06 183.00 184.00 181.50 182.50 
2016/09/07 184.00 184.50 182.00 183.00 
2016/09/08 184.00 184.50 181.50 182.00 
2016/09/09 183.00 183.50 180.50 181.00 
2016/09/10 179.50 181.00 178.50 181.00 
2016/09/12 180.00 180.00 178.00 178.00 
2016/09/13 180.00 180.00 174.50 176.00 
2016/09/14 177.50 177.50 173.50 175.50 
2016/09/19 175.00 177.00 175.00 177.00 
2016/09/20 178.00 184.50 178.00 181.00 
2016/09/21 183.50 187.00 181.50 186.50 
2016/09/22 186.50 189.00 184.00 187.50 
2016/09/23 188.00 189.50 187.50 188.00 
2016/09/26 188.00 189.00 187.50 188.00 
2016/09/29 186.50 192.00 186.50 192.00 
2016/09/30 191.50 193.00 190.50 191.50 
2016/10/03 191.50 195.00 190.00 194.50 
2016/10/04 195.00 197.00 194.00 196.00 
2016/10/05 195.00 195.00 192.50 193.50 
2016/10/06 194.00 195.00 193.00 195.00 
2016/10/07 193.00 198.50 193.00 197.00 
2016/10/11 200.00 208.00 198.00 199.00 
2016/10/12 197.00 205.00 196.50 202.00 
2016/10/13 203.00 209.00 199.00 199.00 
2016/10/14 201.00 202.50 194.00 194.50 
2016/10/17 195.50 195.50 190.00 194.50 
2016/10/18 195.50 195.50 191.50 195.00 
2016/10/19 194.00 197.00 194.00 195.00 
2016/10/20 193.50 197.00 193.50 194.00 
2016/10/21 195.00 200.00 194.50 198.00 
2016/10/24 200.00 201.00 197.00 197.00 
2016/10/25 197.00 198.50 195.50 197.50 
2016/10/26 196.00 197.00 191.50 192.00 
2016/10/27 192.00 194.00 188.00 191.00 
2016/10/28 191.00 191.00 186.00 186.50 
2016/10/31 186.50 187.50 184.00 186.00 
2016/11/01 186.50 188.00 186.00 187.00 
2016/11/02 186.00 187.00 182.50 182.50 
2016/11/03 184.50 185.00 182.00 184.00 
2016/11/04 183.50 186.00 183.50 185.50 
2016/11/07 184.00 188.00 183.50 187.00 
2016/11/08 189.50 194.50 188.50 192.00 
2016/11/09 193.50 193.50 181.00 184.00 
2016/11/10 188.50 191.00 187.00 187.00 
2016/11/11 185.00 185.50 179.50 180.50 
2016/11/14 177.00 177.00 173.00 176.00 
2016/11/15 175.50 179.00 175.00 177.00 
2016/11/16 177.00 179.00 177.00 177.00 
2016/11/17 177.00 178.00 175.50 176.50 
2016/11/18 177.00 181.00 177.00 178.50 
2016/11/21 178.00 182.00 178.00 181.00 
2016/11/22 180.00 182.50 178.50 180.00 
2016/11/23 181.00 181.00 177.50 178.50 
2016/11/24 178.50 180.00 178.50 179.50 
2016/11/25 179.00 184.50 178.50 181.00 
2016/11/28 181.00 182.50 180.00 182.00 
2016/11/29 181.50 182.00 180.50 182.00 
2016/11/30 184.50 186.50 184.00 184.00 
2016/12/01 182.50 183.50 179.00 179.00 
2016/12/02 179.00 180.50 177.50 180.50 
2016/12/05 178.50 180.00 177.50 177.50 
2016/12/06 177.50 179.50 177.50 178.50 
2016/12/07 178.50 179.50 177.00 178.50 
2016/12/08 179.00 180.00 178.50 179.50 
2016/12/09 179.50 180.00 179.00 179.00 
2016/12/12 179.50 180.00 178.50 180.00 
2016/12/13 181.00 181.00 179.00 179.00 
2016/12/14 179.00 180.00 178.00 178.00 
2016/12/15 176.00 178.00 175.50 176.00 
2016/12/16 176.00 176.50 176.00 176.50 
2016/12/19 176.00 176.00 173.50 173.50 
2016/12/20 173.00 174.00 173.00 173.00 
2016/12/21 174.00 175.50 173.50 175.50 
2016/12/22 175.00 176.00 174.00 174.00 
2016/12/23 174.00 175.50 174.00 174.00 
2016/12/26 174.00 175.00 174.00 174.00 
2016/12/27 174.00 175.00 174.00 174.00 
2016/12/28 175.50 175.50 174.00 174.00 
2016/12/29 174.00 175.00 174.00 175.00 
2016/12/30 176.00 177.00 175.00 177.00 
2017/01/03 177.00 177.00 174.50 174.50 
2017/01/04 174.50 175.50 174.50 175.50 
2017/01/05 175.00 177.00 174.50 175.00 
2017/01/06 176.00 182.00 176.00 181.50 
2017/01/09 184.00 187.50 182.50 184.00 
2017/01/10 184.00 185.00 180.00 180.00 
2017/01/11 181.50 182.00 177.00 177.50 
2017/01/12 177.00 180.00 177.00 177.50 
2017/01/13 177.00 178.50 176.50 177.00 
2017/01/16 177.00 177.00 175.50 176.00 
2017/01/17 175.50 176.50 175.00 175.00 
2017/01/18 174.50 174.50 174.00 174.50 
2017/01/19 175.50 175.50 174.00 174.00 
2017/01/20 174.00 175.50 173.50 173.50 
2017/01/23 174.50 174.50 173.50 173.50 
2017/01/24 175.50 175.50 173.50 174.00 
2017/02/02 175.50 176.00 173.50 174.50 
2017/02/03 175.00 178.00 175.00 178.00 
2017/02/06 179.00 184.00 179.00 181.00 
2017/02/07 181.00 181.00 178.00 178.00 
2017/02/08 178.00 179.50 175.50 177.50 
