2016/07/01 22.75 22.80 22.50 22.55 
2016/07/04 22.60 22.70 22.50 22.55 
2016/07/05 22.55 22.70 22.55 22.60 
2016/07/06 22.55 22.70 22.50 22.55 
2016/07/07 22.60 22.75 22.60 22.70 
2016/07/11 22.75 22.95 22.70 22.75 
2016/07/12 22.75 22.90 22.75 22.80 
2016/07/13 22.75 22.90 22.65 22.85 
2016/07/14 22.85 23.00 22.80 22.95 
2016/07/15 23.00 23.55 23.00 23.40 
2016/07/18 23.70 23.80 23.60 23.70 
2016/07/19 23.70 23.70 23.50 23.50 
2016/07/20 23.55 23.60 23.30 23.30 
2016/07/21 21.50 21.80 21.45 21.80 
2016/07/22 21.95 22.10 21.70 22.10 
2016/07/25 22.15 22.35 21.70 21.95 
2016/07/26 21.95 22.30 21.85 22.25 
2016/07/27 22.45 22.45 22.20 22.40 
2016/07/28 22.40 22.40 22.10 22.10 
2016/07/29 22.15 22.45 22.00 22.35 
2016/08/01 22.30 22.35 22.05 22.20 
2016/08/02 22.15 22.20 21.80 22.20 
2016/08/03 22.00 22.10 21.80 22.10 
2016/08/04 22.20 22.25 22.00 22.20 
2016/08/05 22.30 22.35 22.10 22.25 
2016/08/08 22.45 22.60 22.30 22.40 
2016/08/09 22.40 22.45 22.20 22.25 
2016/08/10 22.00 22.45 22.00 22.40 
2016/08/11 22.20 22.45 22.20 22.40 
2016/08/12 22.35 22.55 22.20 22.50 
2016/08/15 22.35 22.40 22.20 22.30 
2016/08/16 22.30 22.40 22.05 22.05 
2016/08/17 22.05 22.25 21.95 22.10 
2016/08/18 22.05 22.20 22.05 22.20 
2016/08/19 22.20 22.40 22.10 22.30 
2016/08/22 22.20 22.30 21.70 21.95 
2016/08/23 21.95 22.15 21.95 21.95 
2016/08/24 21.95 22.00 21.90 22.00 
2016/08/25 21.90 22.00 21.85 22.00 
2016/08/26 21.90 22.00 21.85 21.85 
2016/08/29 21.85 21.95 21.75 21.90 
2016/08/30 21.95 22.00 21.20 21.55 
2016/08/31 21.60 21.70 21.30 21.60 
2016/09/01 21.70 21.70 21.50 21.55 
2016/09/02 21.55 21.65 21.45 21.45 
2016/09/05 21.45 21.60 21.45 21.55 
2016/09/06 21.55 21.75 21.55 21.60 
2016/09/07 21.65 22.00 21.60 21.85 
2016/09/08 21.95 22.05 21.85 21.95 
2016/09/09 21.75 22.05 21.75 22.00 
2016/09/10 21.80 21.95 21.80 21.90 
2016/09/12 21.75 22.05 21.75 21.90 
2016/09/13 21.90 21.95 21.75 21.80 
2016/09/14 21.80 21.80 21.65 21.70 
2016/09/19 21.70 22.30 21.70 22.00 
2016/09/20 21.95 22.00 21.90 21.90 
2016/09/21 21.95 22.20 21.80 22.15 
2016/09/22 22.30 22.30 21.90 22.00 
2016/09/23 22.30 22.65 22.10 22.35 
2016/09/26 22.55 22.85 22.35 22.40 
2016/09/29 22.65 22.85 22.50 22.60 
2016/09/30 22.60 22.75 22.35 22.60 
2016/10/03 22.60 22.75 22.50 22.60 
2016/10/04 22.60 22.70 22.60 22.65 
2016/10/05 22.70 22.95 22.70 22.90 
2016/10/06 23.00 23.00 22.65 22.90 
2016/10/07 22.80 22.80 22.50 22.50 
2016/10/11 22.50 22.65 22.15 22.25 
2016/10/12 22.30 22.45 22.20 22.35 
2016/10/13 22.35 22.50 21.95 22.10 
2016/10/14 22.10 22.30 22.00 22.05 
2016/10/17 22.40 22.40 22.05 22.10 
2016/10/18 22.15 22.25 22.05 22.15 
2016/10/19 22.20 22.25 22.10 22.25 
2016/10/20 22.25 22.35 22.20 22.30 
2016/10/21 22.20 22.30 22.20 22.25 
2016/10/24 22.20 22.25 22.05 22.05 
2016/10/25 22.00 22.10 22.00 22.05 
2016/10/26 22.20 22.30 22.10 22.10 
2016/10/27 22.35 22.35 22.10 22.10 
2016/10/28 22.10 22.20 22.05 22.10 
2016/10/31 22.10 22.15 22.00 22.10 
2016/11/01 22.25 22.25 22.10 22.10 
2016/11/02 22.05 22.15 22.00 22.10 
2016/11/03 22.05 22.10 22.00 22.00 
2016/11/04 22.05 22.20 22.05 22.20 
2016/11/07 22.10 22.25 22.05 22.10 
2016/11/08 22.15 22.15 22.00 22.05 
2016/11/09 22.30 22.30 21.85 21.85 
2016/11/10 21.95 22.20 21.95 22.15 
2016/11/11 22.25 22.30 22.00 22.10 
2016/11/14 22.10 22.25 22.10 22.10 
2016/11/15 22.15 22.20 22.10 22.10 
2016/11/16 22.15 22.25 22.05 22.25 
2016/11/17 22.25 22.25 22.05 22.15 
2016/11/18 22.15 22.60 22.15 22.50 
2016/11/21 22.65 22.75 22.55 22.60 
2016/11/22 22.70 22.70 22.55 22.60 
2016/11/23 22.60 22.90 22.55 22.80 
2016/11/24 22.80 24.30 22.75 24.00 
2016/11/25 24.10 24.15 23.40 23.75 
2016/11/28 24.00 24.15 23.55 23.55 
2016/11/29 23.60 23.65 23.10 23.25 
2016/11/30 23.30 23.30 23.15 23.30 
2016/12/01 23.45 23.45 23.15 23.20 
2016/12/02 23.05 23.05 22.95 23.00 
2016/12/05 23.00 23.05 22.90 22.90 
2016/12/06 23.00 23.20 22.90 23.20 
2016/12/07 23.15 23.15 22.90 23.15 
2016/12/08 23.25 23.40 23.15 23.15 
2016/12/09 23.15 23.45 23.10 23.40 
2016/12/12 23.45 23.65 23.35 23.35 
2016/12/13 23.45 23.55 23.30 23.45 
2016/12/14 23.45 23.70 23.35 23.55 
2016/12/15 23.55 23.70 23.40 23.70 
2016/12/16 23.80 24.10 23.75 23.85 
2016/12/19 23.85 23.85 23.40 23.40 
2016/12/20 23.55 23.80 23.40 23.70 
2016/12/21 23.70 24.05 23.65 23.90 
2016/12/22 24.00 24.10 23.65 23.65 
2016/12/23 23.80 23.85 23.10 23.20 
2016/12/26 23.20 23.35 23.20 23.20 
2016/12/27 23.50 23.50 23.20 23.25 
2016/12/28 23.40 23.70 23.10 23.70 
2016/12/29 23.70 23.70 23.40 23.45 
2016/12/30 23.50 23.60 23.40 23.55 
2017/01/03 23.60 23.70 23.40 23.40 
2017/01/04 23.65 23.65 23.40 23.45 
2017/01/05 23.40 23.55 23.40 23.55 
2017/01/06 23.55 23.60 23.45 23.50 
2017/01/09 23.40 23.40 22.90 22.95 
2017/01/10 22.95 23.15 22.95 23.10 
2017/01/11 23.20 23.20 23.05 23.15 
2017/01/12 23.20 23.20 22.90 23.00 
2017/01/13 22.95 23.05 22.85 23.05 
2017/01/16 23.10 23.10 22.85 23.00 
2017/01/17 23.00 23.10 22.95 23.10 
2017/01/18 23.10 23.10 22.90 23.10 
2017/01/19 23.00 23.15 23.00 23.15 
2017/01/20 23.15 23.20 23.00 23.15 
2017/01/23 23.20 23.20 23.05 23.20 
2017/01/24 23.20 23.35 22.95 23.20 
2017/02/02 23.30 23.50 23.20 23.40 
2017/02/03 23.40 23.75 23.40 23.65 
2017/02/06 23.80 23.85 23.55 23.65 
2017/02/07 23.70 23.70 23.55 23.65 
2017/02/08 23.70 23.80 23.55 23.60 
