2016/07/01 41.00 41.20 40.75 40.75 
2016/07/04 40.50 41.45 40.15 40.15 
2016/07/05 40.15 40.85 40.10 40.50 
2016/07/06 40.80 40.80 40.15 40.20 
2016/07/07 40.00 40.75 40.00 40.40 
2016/07/11 40.80 40.80 40.30 40.40 
2016/07/12 40.45 40.75 40.00 40.20 
2016/07/13 40.20 40.75 40.10 40.20 
2016/07/14 40.20 40.20 40.15 40.15 
2016/07/15 40.25 41.45 40.25 40.50 
2016/07/18 40.60 40.60 40.20 40.50 
2016/07/19 40.40 40.90 39.60 39.80 
2016/07/20 40.00 40.50 39.90 40.00 
2016/07/21 40.20 40.30 39.80 39.90 
2016/07/22 40.80 40.80 39.50 40.00 
2016/07/25 40.00 40.30 39.70 39.75 
2016/07/26 39.80 40.05 39.75 40.00 
2016/07/27 40.00 40.05 39.95 40.00 
2016/07/28 40.00 40.20 39.85 39.85 
2016/07/29 39.90 40.20 39.85 40.00 
2016/08/01 40.00 40.00 39.60 39.60 
2016/08/02 39.60 40.00 39.60 39.70 
2016/08/03 39.70 40.00 39.50 39.95 
2016/08/04 40.70 40.80 39.95 40.35 
2016/08/05 40.40 40.40 40.10 40.40 
2016/08/08 40.50 40.60 40.30 40.30 
2016/08/09 40.15 40.30 39.80 40.00 
2016/08/10 40.30 40.60 40.00 40.30 
2016/08/11 40.25 40.25 37.50 38.00 
2016/08/12 38.90 38.90 37.90 38.30 
2016/08/15 38.20 38.60 37.60 38.10 
2016/08/16 38.40 38.40 37.25 37.60 
2016/08/17 37.60 37.60 37.20 37.45 
2016/08/18 37.50 37.90 37.15 37.45 
2016/08/19 37.85 37.85 37.10 37.50 
2016/08/22 37.50 37.55 37.00 37.25 
2016/08/23 37.25 37.45 37.00 37.00 
2016/08/24 37.05 37.35 36.50 36.95 
2016/08/25 35.60 35.90 35.40 35.50 
2016/08/26 35.50 36.95 35.50 36.85 
2016/08/29 37.30 37.60 37.15 37.55 
2016/08/30 37.55 37.55 37.25 37.25 
2016/08/31 37.30 37.80 37.10 37.30 
2016/09/01 38.25 38.25 37.40 37.60 
2016/09/02 37.60 37.60 36.80 37.40 
2016/09/05 37.40 37.70 37.40 37.60 
2016/09/06 37.60 37.70 37.20 37.65 
2016/09/07 37.80 37.80 37.40 37.80 
2016/09/08 37.65 37.80 37.50 37.80 
2016/09/09 37.80 38.70 37.70 38.30 
2016/09/10 38.20 38.50 38.00 38.45 
2016/09/12 39.50 40.45 39.35 40.00 
2016/09/13 40.10 40.30 39.00 39.40 
2016/09/14 39.70 39.90 38.45 39.80 
2016/09/19 40.20 40.20 39.60 39.70 
2016/09/20 39.70 39.70 39.15 39.40 
2016/09/21 39.90 39.90 39.20 39.45 
2016/09/22 39.45 39.60 39.10 39.30 
2016/09/23 40.00 40.00 38.90 39.30 
2016/09/26 39.00 39.50 38.95 39.50 
2016/09/29 39.10 39.35 38.80 39.25 
2016/09/30 39.50 39.50 38.80 39.25 
2016/10/03 39.05 39.05 38.20 38.50 
2016/10/04 38.50 38.70 38.10 38.70 
2016/10/05 38.30 38.35 37.70 37.70 
2016/10/06 38.05 38.05 37.00 37.00 
2016/10/07 37.00 38.00 37.00 37.85 
2016/10/11 37.00 37.95 36.40 36.40 
2016/10/12 36.40 36.90 36.40 36.90 
2016/10/13 36.00 36.75 36.00 36.70 
2016/10/14 36.70 36.70 36.30 36.30 
2016/10/17 36.80 36.80 36.45 36.60 
2016/10/18 36.50 36.60 36.40 36.60 
2016/10/19 37.35 37.35 36.75 37.05 
2016/10/20 37.05 37.05 36.45 36.45 
2016/10/21 36.50 36.80 36.45 36.70 
2016/10/24 37.95 37.95 36.60 37.20 
2016/10/25 36.80 36.90 36.35 36.90 
2016/10/26 36.80 36.80 36.00 36.20 
2016/10/27 35.60 36.00 35.60 35.85 
2016/10/28 35.85 35.85 35.50 35.80 
2016/10/31 35.80 35.80 35.80 35.80 
2016/11/01 35.60 35.60 35.45 35.45 
2016/11/02 35.30 35.30 34.10 34.20 
2016/11/03 34.00 34.00 32.00 32.60 
2016/11/04 32.60 32.60 31.05 32.40 
2016/11/07 31.80 32.50 31.80 32.05 
2016/11/08 33.40 33.40 32.05 32.10 
2016/11/09 34.80 34.80 32.10 32.30 
2016/11/10 33.50 33.50 32.35 33.20 
2016/11/11 32.25 32.70 31.40 32.20 
2016/11/14 33.40 33.40 30.60 32.25 
2016/11/15 32.00 32.00 31.10 31.90 
2016/11/16 32.95 33.00 31.65 31.75 
2016/11/17 31.95 32.40 31.95 32.10 
2016/11/18 32.50 32.60 32.15 32.15 
2016/11/21 32.00 32.80 32.00 32.80 
2016/11/22 32.50 32.95 32.50 32.65 
2016/11/23 32.70 32.90 31.95 32.50 
2016/11/24 32.95 33.00 32.40 32.85 
2016/11/25 32.90 32.90 32.90 32.90 
2016/11/28 33.00 33.00 31.75 32.35 
2016/11/29 32.75 33.00 32.20 32.75 
2016/11/30 32.30 32.50 32.00 32.50 
2016/12/01 32.10 32.30 31.80 32.30 
2016/12/02 31.85 32.00 31.65 32.00 
2016/12/05 32.00 32.70 32.00 32.45 
2016/12/06 32.50 32.80 32.30 32.35 
2016/12/07 32.50 32.80 32.35 32.35 
2016/12/08 32.50 32.50 32.15 32.15 
2016/12/09 32.00 32.10 31.80 32.10 
2016/12/12 32.20 32.80 32.20 32.75 
2016/12/13 32.30 32.75 32.00 32.65 
2016/12/14 32.60 33.50 32.50 33.45 
2016/12/15 33.30 33.45 33.30 33.45 
2016/12/16 34.20 34.20 33.30 33.80 
2016/12/19 33.60 33.80 33.50 33.80 
2016/12/20 33.90 35.50 33.90 34.90 
2016/12/21 34.60 35.40 34.60 35.25 
2016/12/22 34.70 35.05 33.80 34.45 
2016/12/23 34.90 36.60 34.90 36.00 
2016/12/26 35.80 36.50 35.55 35.55 
2016/12/27 35.30 35.90 35.25 35.90 
2016/12/28 35.80 35.90 35.60 35.90 
2016/12/29 35.90 35.90 35.50 35.85 
2016/12/30 35.85 35.85 35.45 35.50 
2017/01/03 35.20 35.50 35.00 35.10 
2017/01/04 35.05 35.05 34.60 35.00 
2017/01/05 35.00 36.00 35.00 35.70 
2017/01/06 35.80 37.80 35.80 36.80 
2017/01/09 36.90 37.00 36.65 36.80 
2017/01/10 36.80 36.80 36.55 36.65 
2017/01/11 36.65 36.65 35.80 36.35 
2017/01/12 36.00 36.45 35.90 36.40 
2017/01/13 35.90 36.00 35.80 36.00 
2017/01/16 35.80 36.00 35.70 36.00 
2017/01/17 35.35 35.80 35.35 35.50 
2017/01/18 35.40 35.70 35.40 35.70 
2017/01/19 35.70 35.70 35.50 35.70 
2017/01/20 35.00 36.15 35.00 35.60 
2017/01/23 35.80 37.30 35.80 36.10 
2017/01/24 36.10 36.30 35.60 35.60 
2017/02/02 35.50 36.00 35.50 35.90 
2017/02/03 35.90 36.60 35.80 36.35 
2017/02/06 36.00 36.70 36.00 36.50 
2017/02/07 36.50 36.50 36.20 36.20 
2017/02/08 36.10 36.50 36.00 36.45 
