2016/07/01 28.60 29.00 28.25 28.90 
2016/07/04 29.50 29.75 29.10 29.40 
2016/07/05 29.40 30.80 28.95 30.55 
2016/07/06 30.50 30.95 29.75 30.95 
2016/07/07 31.40 31.40 30.60 30.90 
2016/07/11 31.00 31.15 30.55 30.55 
2016/07/12 30.65 30.70 29.80 30.50 
2016/07/13 30.50 30.50 30.05 30.25 
2016/07/14 30.40 30.65 30.30 30.30 
2016/07/15 30.45 30.95 30.25 30.90 
2016/07/18 30.90 31.30 30.65 30.65 
2016/07/19 30.65 31.20 30.50 31.00 
2016/07/20 31.00 31.00 30.40 30.95 
2016/07/21 31.30 32.40 30.85 32.20 
2016/07/22 31.90 32.15 31.65 32.00 
2016/07/25 32.40 32.40 31.30 31.65 
2016/07/26 31.45 31.85 31.35 31.35 
2016/07/27 31.40 31.40 30.70 31.00 
2016/07/28 31.00 31.45 30.55 30.70 
2016/07/29 31.20 31.60 30.80 31.05 
2016/08/01 31.40 31.95 31.40 31.75 
2016/08/02 31.75 32.25 31.75 31.95 
2016/08/03 30.00 30.65 30.00 30.65 
2016/08/04 31.00 31.50 30.60 30.85 
2016/08/05 30.95 31.30 30.75 30.85 
2016/08/08 30.90 31.15 30.80 31.05 
2016/08/09 31.00 31.00 30.10 30.10 
2016/08/10 30.00 30.70 30.00 30.15 
2016/08/11 30.15 30.20 28.00 28.90 
2016/08/12 29.90 30.60 29.70 30.00 
2016/08/15 30.35 30.35 29.40 30.10 
2016/08/16 30.20 30.20 29.80 30.20 
2016/08/17 30.20 30.30 29.80 30.00 
2016/08/18 29.95 30.30 29.90 30.25 
2016/08/19 30.25 30.30 30.05 30.20 
2016/08/22 30.30 30.30 29.50 29.85 
2016/08/23 29.85 30.10 29.80 29.85 
2016/08/24 29.85 30.20 29.75 29.80 
2016/08/25 30.20 30.55 30.05 30.05 
2016/08/26 30.10 30.30 29.80 30.20 
2016/08/29 30.40 32.25 30.40 32.10 
2016/08/30 32.30 32.30 31.50 31.75 
2016/08/31 31.60 32.10 31.60 31.70 
2016/09/01 31.70 32.25 31.60 31.90 
2016/09/02 32.00 32.00 30.40 31.20 
2016/09/05 31.00 31.20 30.80 31.00 
2016/09/06 31.70 31.70 31.00 31.10 
2016/09/07 31.40 31.45 31.10 31.20 
2016/09/08 31.30 31.40 31.05 31.15 
2016/09/09 31.40 31.70 31.10 31.40 
2016/09/10 31.50 31.50 30.70 31.40 
2016/09/12 31.50 32.20 31.40 31.60 
2016/09/13 32.05 32.05 30.80 31.25 
2016/09/14 31.25 31.25 30.45 30.90 
2016/09/19 31.00 31.30 31.00 31.30 
2016/09/20 31.30 31.40 31.20 31.35 
2016/09/21 31.25 32.15 31.25 31.75 
2016/09/22 31.90 32.00 31.45 31.60 
2016/09/23 31.70 31.75 31.50 31.75 
2016/09/26 31.55 31.60 31.45 31.50 
2016/09/29 31.70 31.70 31.15 31.35 
2016/09/30 31.10 31.30 30.90 31.30 
2016/10/03 31.20 31.20 30.60 30.80 
2016/10/04 30.65 30.85 30.60 30.85 
2016/10/05 30.75 30.95 30.70 30.90 
2016/10/06 31.10 31.10 30.80 31.00 
2016/10/07 31.00 31.00 30.10 30.10 
2016/10/11 31.00 31.00 29.75 30.35 
2016/10/12 30.60 30.60 30.30 30.50 
2016/10/13 30.45 30.45 30.10 30.10 
2016/10/14 30.05 30.10 29.35 29.35 
2016/10/17 29.50 30.10 29.25 30.10 
2016/10/18 30.00 30.00 29.70 29.70 
2016/10/19 29.70 29.95 29.60 29.60 
2016/10/20 29.45 29.90 29.40 29.90 
2016/10/21 29.95 30.30 29.95 30.10 
2016/10/24 30.25 30.50 30.00 30.45 
2016/10/25 30.50 30.50 30.15 30.30 
2016/10/26 30.30 30.35 30.25 30.35 
2016/10/27 30.40 30.65 30.25 30.25 
2016/10/28 30.15 30.20 29.90 29.90 
2016/10/31 29.90 29.95 29.65 29.75 
2016/11/01 29.95 30.20 29.85 30.10 
2016/11/02 30.00 30.00 29.60 29.60 
2016/11/03 29.65 29.80 29.50 29.60 
2016/11/04 29.50 29.60 29.45 29.60 
2016/11/07 29.60 29.70 29.40 29.65 
2016/11/08 29.50 29.50 29.25 29.50 
2016/11/09 29.45 29.45 28.05 28.15 
2016/11/10 29.40 29.95 29.20 29.85 
2016/11/11 29.85 29.85 28.80 29.25 
2016/11/14 28.15 28.15 26.85 27.00 
2016/11/15 26.90 27.20 26.80 26.85 
2016/11/16 27.15 27.35 27.00 27.10 
2016/11/17 27.10 27.10 26.30 26.80 
2016/11/18 26.80 26.95 26.55 26.95 
2016/11/21 27.65 27.75 27.15 27.40 
2016/11/22 27.55 27.80 27.50 27.80 
2016/11/23 27.80 28.00 27.75 27.80 
2016/11/24 27.80 27.80 27.60 27.60 
2016/11/25 27.65 27.75 27.60 27.65 
2016/11/28 27.70 27.80 27.65 27.75 
2016/11/29 27.75 27.80 27.55 27.80 
2016/11/30 27.80 27.90 27.80 27.85 
2016/12/01 27.85 27.95 27.70 27.85 
2016/12/02 27.55 27.90 27.55 27.85 
2016/12/05 27.85 27.85 27.70 27.80 
2016/12/06 27.60 28.20 27.60 28.00 
2016/12/07 28.10 28.25 28.00 28.20 
2016/12/08 28.25 28.40 28.10 28.30 
2016/12/09 28.30 28.30 28.10 28.30 
2016/12/12 28.80 28.80 28.30 28.30 
2016/12/13 28.35 28.45 28.30 28.30 
2016/12/14 28.30 28.40 27.90 28.00 
2016/12/15 28.00 28.15 27.95 28.10 
2016/12/16 28.10 28.30 28.05 28.30 
2016/12/19 28.35 28.35 28.00 28.10 
2016/12/20 28.00 28.00 27.90 28.00 
2016/12/21 28.00 28.05 27.85 27.85 
2016/12/22 27.80 27.80 27.55 27.70 
2016/12/23 27.70 27.85 27.65 27.85 
2016/12/26 27.85 28.10 27.85 27.90 
2016/12/27 27.85 28.05 27.85 27.90 
2016/12/28 28.00 28.00 27.85 27.85 
2016/12/29 27.85 28.00 27.80 27.90 
2016/12/30 28.40 28.40 27.95 28.10 
2017/01/03 28.10 28.45 28.10 28.40 
2017/01/04 28.50 28.70 28.40 28.60 
2017/01/05 28.80 29.40 28.70 29.15 
2017/01/06 29.30 29.30 29.05 29.20 
2017/01/09 29.30 29.40 29.10 29.30 
2017/01/10 29.60 30.40 29.40 30.30 
2017/01/11 30.30 30.40 29.90 30.00 
2017/01/12 30.20 30.20 29.90 30.10 
2017/01/13 30.45 30.85 30.00 30.35 
2017/01/16 30.40 30.40 29.90 30.00 
2017/01/17 30.25 30.25 29.95 30.00 
2017/01/18 29.90 30.10 29.90 29.95 
2017/01/19 30.00 30.00 29.80 30.00 
2017/01/20 30.00 30.30 29.80 29.90 
2017/01/23 30.15 30.15 29.85 29.85 
2017/01/24 29.85 29.95 29.75 29.80 
2017/02/02 29.95 30.00 29.85 30.00 
2017/02/03 30.00 30.15 29.80 30.15 
2017/02/06 30.25 30.25 29.85 30.00 
2017/02/07 30.05 30.05 29.90 30.00 
2017/02/08 30.00 31.35 29.90 31.20 
