2016/07/01 10.70 10.95 10.65 10.75 
2016/07/04 10.90 10.90 10.70 10.70 
2016/07/05 10.90 11.20 10.75 10.80 
2016/07/06 10.70 10.90 10.55 10.70 
2016/07/07 10.70 11.00 10.70 10.95 
2016/07/11 10.95 11.40 10.95 10.95 
2016/07/12 10.95 10.95 10.85 10.90 
2016/07/13 10.90 11.15 10.90 10.90 
2016/07/14 10.90 11.10 10.90 10.95 
2016/07/15 11.05 11.10 10.95 11.05 
2016/07/18 11.05 11.50 11.05 11.50 
2016/07/19 11.55 11.55 11.20 11.20 
2016/07/20 11.10 11.15 10.95 11.15 
2016/07/21 11.20 11.20 11.00 11.05 
2016/07/22 11.05 11.15 11.05 11.05 
2016/07/25 11.05 11.05 10.95 11.00 
2016/07/26 11.00 11.10 11.00 11.05 
2016/07/27 11.10 11.10 11.00 11.00 
2016/07/28 11.15 11.15 10.95 11.05 
2016/07/29 11.00 11.00 10.95 10.95 
2016/08/01 11.00 11.15 11.00 11.05 
2016/08/02 11.05 11.15 11.05 11.05 
2016/08/03 11.05 11.05 11.00 11.05 
2016/08/04 11.05 11.10 11.00 11.05 
2016/08/05 11.05 11.15 11.05 11.10 
2016/08/08 11.25 12.20 11.25 12.20 
2016/08/09 12.30 12.50 11.95 12.00 
2016/08/10 12.00 12.20 11.90 12.10 
2016/08/11 12.15 12.15 11.55 11.85 
2016/08/12 11.85 11.90 11.25 11.30 
2016/08/15 11.50 11.50 11.15 11.15 
2016/08/16 11.20 11.25 11.15 11.20 
2016/08/17 11.20 11.30 11.20 11.20 
2016/08/18 11.15 11.25 11.05 11.05 
2016/08/19 11.05 11.20 11.05 11.05 
2016/08/22 11.05 11.10 10.80 10.90 
2016/08/23 10.80 11.20 10.75 11.05 
2016/08/24 11.05 11.05 10.90 10.90 
2016/08/25 10.80 11.10 10.80 10.95 
2016/08/26 10.95 11.10 10.90 10.95 
2016/08/29 11.00 11.00 10.95 10.95 
2016/08/30 11.05 11.05 11.00 11.00 
2016/08/31 11.15 11.25 11.15 11.20 
2016/09/01 11.30 11.30 11.15 11.20 
2016/09/02 11.15 11.20 11.05 11.05 
2016/09/05 11.05 11.10 11.00 11.00 
2016/09/06 11.00 11.90 10.95 11.60 
2016/09/07 11.70 11.80 11.50 11.60 
2016/09/08 11.60 11.80 11.50 11.60 
2016/09/09 11.70 11.70 11.55 11.60 
2016/09/10 11.30 11.55 11.25 11.30 
2016/09/12 11.25 11.40 11.15 11.35 
2016/09/13 11.30 11.30 11.00 11.00 
2016/09/14 11.05 11.10 11.00 11.05 
2016/09/19 11.25 11.25 11.05 11.05 
2016/09/20 11.05 11.15 11.05 11.10 
2016/09/21 11.10 11.40 11.10 11.10 
2016/09/22 11.30 11.30 11.10 11.15 
2016/09/23 11.05 11.45 11.05 11.35 
2016/09/26 11.30 11.30 11.15 11.15 
2016/09/29 11.20 11.25 11.00 11.00 
2016/09/30 11.00 11.10 10.90 10.90 
2016/10/03 10.85 11.00 10.85 10.90 
2016/10/04 10.90 10.95 10.90 10.90 
2016/10/05 10.90 10.95 10.90 10.95 
2016/10/06 10.95 10.95 10.90 10.90 
2016/10/07 10.85 10.85 10.40 10.40 
2016/10/11 10.30 10.30 9.36 9.56 
2016/10/12 9.40 9.87 9.40 9.74 
2016/10/13 9.70 9.70 9.50 9.63 
2016/10/14 9.54 9.55 9.51 9.52 
2016/10/17 9.37 9.48 9.31 9.40 
2016/10/18 9.40 9.40 9.20 9.20 
2016/10/19 9.29 9.37 9.29 9.31 
2016/10/20 9.35 9.36 9.35 9.36 
2016/10/21 9.48 9.50 9.36 9.38 
2016/10/24 9.30 9.38 9.30 9.35 
2016/10/25 9.50 9.50 9.40 9.41 
2016/10/26 9.37 9.37 9.31 9.31 
2016/10/27 9.20 9.49 9.20 9.30 
2016/10/28 9.25 9.25 9.22 9.24 
2016/10/31 9.30 9.30 8.61 8.81 
2016/11/01 8.92 8.92 8.48 8.81 
2016/11/02 8.54 8.83 8.54 8.60 
2016/11/03 8.31 8.64 8.31 8.55 
2016/11/04 8.65 8.68 8.60 8.62 
2016/11/07 8.55 8.68 8.55 8.64 
2016/11/08 8.50 8.80 8.50 8.57 
2016/11/09 8.89 8.89 7.72 8.50 
2016/11/10 8.50 8.50 8.35 8.50 
2016/11/11 8.30 8.47 8.30 8.45 
2016/11/14 8.22 8.40 8.01 8.40 
2016/11/15 8.19 8.29 8.11 8.29 
2016/11/16 8.29 8.49 8.23 8.25 
2016/11/17 8.21 8.26 8.10 8.26 
2016/11/18 8.22 8.22 8.10 8.11 
2016/11/21 8.20 8.50 8.14 8.48 
2016/11/22 8.48 8.48 8.34 8.35 
2016/11/23 8.25 8.46 8.25 8.46 
2016/11/24 8.46 8.46 8.21 8.26 
2016/11/25 8.35 8.35 8.30 8.30 
2016/11/28 8.31 8.31 8.28 8.28 
2016/11/29 8.21 8.28 8.21 8.28 
2016/11/30 8.33 8.40 8.15 8.40 
2016/12/01 8.39 8.39 8.20 8.36 
2016/12/02 8.30 8.59 8.30 8.39 
2016/12/05 8.35 8.50 8.35 8.48 
2016/12/06 8.75 8.75 8.40 8.45 
2016/12/07 8.36 8.49 8.36 8.45 
2016/12/08 8.31 8.44 8.30 8.44 
2016/12/09 8.44 8.44 8.35 8.40 
2016/12/12 8.42 8.45 8.30 8.40 
2016/12/13 8.36 8.36 8.35 8.35 
2016/12/14 8.33 8.40 8.32 8.32 
2016/12/15 8.46 8.46 8.32 8.42 
2016/12/16 8.32 8.50 8.30 8.40 
2016/12/19 8.35 8.45 8.33 8.35 
2016/12/20 8.38 8.70 8.38 8.62 
2016/12/21 8.65 8.65 8.51 8.54 
2016/12/22 8.51 9.39 8.50 9.39 
2016/12/23 9.40 9.46 9.10 9.30 
2016/12/26 9.24 9.25 9.20 9.22 
2016/12/27 9.30 9.30 9.19 9.20 
2016/12/28 9.05 9.23 9.05 9.19 
2016/12/29 9.10 9.20 9.10 9.20 
2016/12/30 9.36 9.57 9.33 9.49 
2017/01/03 9.52 9.58 9.32 9.32 
2017/01/04 9.32 9.32 9.20 9.25 
2017/01/05 9.25 9.25 9.14 9.19 
2017/01/06 9.21 9.30 9.19 9.25 
2017/01/09 9.15 9.15 9.10 9.10 
2017/01/10 9.10 9.10 9.00 9.00 
2017/01/11 8.90 8.99 8.90 8.99 
2017/01/12 8.81 9.28 8.81 8.93 
2017/01/13 8.82 8.92 8.79 8.87 
2017/01/16 8.90 8.96 8.87 8.96 
2017/01/17 8.96 8.96 8.90 8.96 
2017/01/18 9.01 9.16 9.00 9.02 
2017/01/19 9.02 9.09 9.00 9.00 
2017/01/20 8.99 8.99 8.99 8.99 
2017/01/23 9.28 9.28 8.86 9.08 
2017/01/24 9.40 9.40 9.20 9.30 
2017/02/02 9.30 9.50 9.18 9.50 
2017/02/03 9.53 10.45 9.53 10.45 
2017/02/06 10.70 11.45 10.70 11.45 
2017/02/07 12.45 12.45 11.50 12.00 
2017/02/08 12.00 12.00 11.35 11.85 
