2016/07/01 9.18 9.24 9.11 9.11 
2016/07/04 8.97 9.22 8.94 9.17 
2016/07/05 9.16 9.16 9.02 9.15 
2016/07/06 9.10 9.10 8.94 9.00 
2016/07/07 9.00 9.00 8.96 8.96 
2016/07/11 9.28 9.28 9.11 9.16 
2016/07/12 9.20 9.20 9.00 9.10 
2016/07/13 9.13 9.13 8.90 9.09 
2016/07/14 9.10 9.10 8.96 8.97 
2016/07/15 8.88 9.06 8.88 9.00 
2016/07/18 9.00 9.07 8.96 9.01 
2016/07/19 9.16 9.17 8.98 9.05 
2016/07/20 9.00 9.10 8.96 9.00 
2016/07/21 9.09 9.09 9.00 9.01 
2016/07/22 9.05 9.06 8.97 9.01 
2016/07/25 9.15 9.27 9.02 9.02 
2016/07/26 9.14 9.14 9.00 9.07 
2016/07/27 9.08 9.20 9.04 9.20 
2016/07/28 9.20 10.10 9.20 10.10 
2016/07/29 10.35 10.85 10.35 10.50 
2016/08/01 10.45 10.70 10.30 10.70 
2016/08/02 10.80 10.80 10.35 10.35 
2016/08/03 10.40 10.40 10.00 10.30 
2016/08/04 10.25 10.45 10.25 10.25 
2016/08/05 10.35 10.40 10.20 10.35 
2016/08/08 10.35 10.65 10.25 10.30 
2016/08/09 10.45 10.50 10.20 10.25 
2016/08/10 10.30 10.30 10.05 10.10 
2016/08/11 10.10 10.10 9.50 10.00 
2016/08/12 10.00 10.00 9.84 9.95 
2016/08/15 9.95 10.25 9.92 10.25 
2016/08/16 10.30 10.50 9.97 10.00 
2016/08/17 10.00 10.10 9.95 10.10 
2016/08/18 10.25 10.25 10.00 10.15 
2016/08/19 10.15 10.20 9.99 10.15 
2016/08/22 9.99 10.10 9.88 10.10 
2016/08/23 9.96 10.10 9.95 10.05 
2016/08/24 10.20 10.20 10.00 10.05 
2016/08/25 10.05 10.10 9.99 10.05 
2016/08/26 10.20 10.20 10.00 10.00 
2016/08/29 10.10 10.20 9.99 10.10 
2016/08/30 10.10 10.15 10.00 10.10 
2016/08/31 10.20 10.20 10.00 10.05 
2016/09/01 10.05 10.05 9.97 10.00 
2016/09/02 10.00 10.15 9.76 9.96 
2016/09/05 9.97 10.20 9.90 10.15 
2016/09/06 10.15 10.20 10.10 10.15 
2016/09/07 11.00 11.15 10.55 10.80 
2016/09/08 10.80 10.90 10.55 10.75 
2016/09/09 10.90 10.95 10.35 10.50 
2016/09/10 10.35 10.55 10.35 10.55 
2016/09/12 10.45 10.80 10.45 10.65 
2016/09/13 10.70 10.75 10.50 10.50 
2016/09/14 10.35 10.50 10.20 10.45 
2016/09/19 10.50 10.65 10.40 10.50 
2016/09/20 10.45 10.60 10.30 10.50 
2016/09/21 10.40 10.65 10.35 10.45 
2016/09/22 10.45 10.55 10.25 10.25 
2016/09/23 10.20 11.05 10.20 10.75 
2016/09/26 10.75 11.10 10.60 10.85 
2016/09/29 10.85 10.95 10.60 10.70 
2016/09/30 10.60 10.60 10.40 10.50 
2016/10/03 10.80 10.80 10.45 10.50 
2016/10/04 10.50 10.70 10.50 10.55 
2016/10/05 10.60 10.70 10.55 10.65 
2016/10/06 10.75 11.30 10.70 10.85 
2016/10/07 11.05 11.15 10.80 10.90 
2016/10/11 11.00 11.05 10.50 10.50 
2016/10/12 10.65 10.70 10.50 10.55 
2016/10/13 10.55 10.55 10.35 10.45 
2016/10/14 10.65 10.65 10.40 10.55 
2016/10/17 10.45 10.60 10.45 10.50 
2016/10/18 10.65 10.65 10.45 10.55 
2016/10/19 10.60 10.80 10.50 10.55 
2016/10/20 10.65 10.75 10.60 10.65 
2016/10/21 10.55 10.95 10.55 10.70 
2016/10/24 10.70 11.25 10.70 10.85 
2016/10/25 10.80 11.30 10.75 11.20 
2016/10/26 11.25 11.65 10.90 10.95 
2016/10/27 11.50 11.55 11.00 11.00 
2016/10/28 11.05 11.10 10.95 11.00 
2016/10/31 11.00 11.00 10.80 10.80 
2016/11/01 10.75 10.80 10.65 10.70 
2016/11/02 10.70 10.70 10.30 10.45 
2016/11/03 10.45 10.65 10.35 10.50 
2016/11/04 10.50 10.80 10.50 10.50 
2016/11/07 10.50 10.65 10.45 10.60 
2016/11/08 10.80 10.90 10.65 10.85 
2016/11/09 10.95 11.00 10.30 10.60 
2016/11/10 10.70 10.85 10.70 10.80 
2016/11/11 10.80 10.85 10.70 10.75 
2016/11/14 10.80 11.80 10.75 11.80 
2016/11/15 12.15 12.35 11.70 12.25 
2016/11/16 12.55 13.45 12.30 12.75 
2016/11/17 12.60 13.25 12.35 13.00 
2016/11/18 12.80 13.25 12.80 12.85 
2016/11/21 13.00 14.05 12.80 13.60 
2016/11/22 13.60 13.95 13.40 13.45 
2016/11/23 13.70 13.70 13.30 13.60 
2016/11/24 13.60 13.65 13.10 13.15 
2016/11/25 13.15 13.35 12.85 12.85 
2016/11/28 12.85 12.85 12.30 12.55 
2016/11/29 12.50 13.25 12.35 12.95 
2016/11/30 12.90 13.25 12.75 12.90 
2016/12/01 12.90 13.00 12.60 12.95 
2016/12/02 12.95 14.20 12.90 14.20 
2016/12/05 14.90 15.05 13.55 13.85 
2016/12/06 13.65 13.95 13.50 13.80 
2016/12/07 13.85 14.15 13.55 13.55 
2016/12/08 13.65 13.65 13.15 13.15 
2016/12/09 12.95 13.15 12.90 13.05 
2016/12/12 13.05 13.15 12.90 12.90 
2016/12/13 12.90 13.90 12.85 13.45 
2016/12/14 13.65 14.15 13.55 13.95 
2016/12/15 14.50 15.30 14.30 15.10 
2016/12/16 14.95 15.25 14.60 15.20 
2016/12/19 15.20 15.20 14.10 14.50 
2016/12/20 14.60 14.65 14.20 14.65 
2016/12/21 14.50 14.80 14.40 14.45 
2016/12/22 14.70 14.85 14.00 14.10 
2016/12/23 14.05 14.40 14.05 14.15 
2016/12/26 14.15 14.30 14.00 14.05 
2016/12/27 14.05 14.10 13.75 13.75 
2016/12/28 13.55 14.55 13.55 14.40 
2016/12/29 14.20 14.60 14.20 14.35 
2016/12/30 14.35 14.70 14.15 14.40 
2017/01/03 14.60 15.80 14.60 15.80 
2017/01/04 15.80 16.00 15.50 15.90 
2017/01/05 16.20 17.45 15.60 16.10 
2017/01/06 15.95 16.80 15.85 16.40 
2017/01/09 16.95 17.55 16.40 17.55 
2017/01/10 17.55 17.60 16.90 17.55 
2017/01/11 17.80 18.00 17.50 17.50 
2017/01/12 17.40 17.80 17.05 17.20 
2017/01/13 17.20 17.40 17.05 17.20 
2017/01/16 17.20 17.20 16.65 16.80 
2017/01/17 17.00 17.90 16.70 17.35 
2017/01/18 17.20 17.70 17.15 17.40 
2017/01/19 17.60 18.15 17.20 17.75 
2017/01/20 17.95 19.25 17.80 18.50 
2017/01/23 18.75 18.90 18.10 18.75 
2017/01/24 18.90 18.90 18.45 18.50 
2017/02/02 18.50 20.35 18.20 20.20 
2017/02/03 20.70 22.20 20.50 21.70 
2017/02/06 22.10 22.30 21.25 21.65 
2017/02/07 21.95 23.80 21.95 23.80 
2017/02/08 23.60 25.40 23.05 24.70 
