2016/07/01 58.00 59.40 57.00 58.60 
2016/07/04 59.10 59.10 58.30 59.00 
2016/07/05 59.30 59.30 58.80 59.00 
2016/07/06 58.50 58.70 57.30 58.50 
2016/07/07 58.50 59.40 58.30 59.20 
2016/07/11 57.00 58.50 56.70 58.40 
2016/07/12 58.40 58.80 58.10 58.40 
2016/07/13 58.60 59.30 58.40 58.40 
2016/07/14 58.40 58.80 58.20 58.40 
2016/07/15 58.40 58.80 56.90 58.40 
2016/07/18 58.30 58.60 57.80 58.40 
2016/07/19 58.60 58.60 57.00 57.80 
2016/07/20 57.50 58.00 57.00 57.00 
2016/07/21 57.20 57.80 57.20 57.60 
2016/07/22 57.40 57.90 57.20 57.70 
2016/07/25 57.90 58.90 57.30 58.80 
2016/07/26 59.00 61.50 58.50 60.80 
2016/07/27 60.80 61.40 60.20 60.20 
2016/07/28 60.80 61.00 58.80 59.00 
2016/07/29 59.70 59.90 58.70 59.50 
2016/08/01 60.50 60.60 59.50 59.50 
2016/08/02 59.60 60.00 59.30 59.50 
2016/08/03 58.50 59.40 58.50 59.00 
2016/08/04 59.10 59.10 57.90 58.20 
2016/08/05 58.90 58.90 57.00 57.60 
2016/08/08 57.60 57.60 53.80 55.10 
2016/08/09 55.20 55.40 54.50 54.90 
2016/08/10 54.90 55.10 54.00 54.30 
2016/08/11 53.70 54.70 53.30 54.00 
2016/08/12 54.20 55.40 52.50 53.10 
2016/08/15 53.10 54.60 53.10 54.00 
2016/08/16 54.20 54.20 53.60 53.80 
2016/08/17 54.00 54.20 53.10 53.20 
2016/08/18 53.20 53.80 53.20 53.60 
2016/08/19 53.70 55.00 53.70 55.00 
2016/08/22 55.10 55.10 53.30 53.40 
2016/08/23 53.20 54.50 53.10 54.30 
2016/08/24 54.30 54.50 53.70 53.90 
2016/08/25 54.00 54.00 53.30 53.80 
2016/08/26 53.80 54.80 53.80 54.40 
2016/08/29 54.40 54.70 53.90 54.10 
2016/08/30 54.20 54.50 53.70 54.40 
2016/08/31 54.90 55.50 54.50 54.80 
2016/09/01 54.80 54.80 54.40 54.50 
2016/09/02 54.50 54.50 53.10 53.20 
2016/09/05 53.50 54.30 53.50 54.30 
2016/09/06 54.50 54.70 54.20 54.20 
2016/09/07 54.80 54.80 53.70 54.00 
2016/09/08 53.10 54.10 53.00 53.40 
2016/09/09 53.60 54.10 53.00 53.50 
2016/09/10 53.00 53.70 53.00 53.40 
2016/09/12 53.40 53.50 53.00 53.00 
2016/09/13 53.20 53.30 51.80 51.80 
2016/09/14 51.00 51.80 50.10 50.20 
2016/09/19 50.50 51.00 50.30 50.60 
2016/09/20 50.60 50.90 50.40 50.50 
2016/09/21 50.50 51.90 50.40 51.50 
2016/09/22 52.00 52.70 51.10 52.70 
2016/09/23 52.70 52.80 52.20 52.30 
2016/09/26 52.60 52.60 51.80 52.00 
2016/09/29 52.50 52.50 51.80 51.80 
2016/09/30 51.90 51.90 51.60 51.60 
2016/10/03 52.00 52.20 51.40 51.80 
2016/10/04 52.50 54.20 52.50 53.90 
2016/10/05 54.20 55.20 54.20 55.10 
2016/10/06 55.00 55.50 54.70 55.20 
2016/10/07 55.00 55.20 53.70 54.00 
2016/10/11 55.00 55.10 52.60 54.00 
2016/10/12 53.50 54.90 53.20 54.30 
2016/10/13 54.30 54.40 53.10 54.30 
2016/10/14 54.00 54.00 52.80 52.90 
2016/10/17 53.10 54.00 53.10 53.50 
2016/10/18 53.80 53.80 52.60 53.00 
2016/10/19 53.70 53.70 53.00 53.10 
2016/10/20 53.40 53.60 53.10 53.10 
2016/10/21 53.10 54.10 53.10 53.70 
2016/10/24 53.80 54.00 53.00 53.00 
2016/10/25 53.00 53.90 51.70 52.30 
2016/10/26 52.10 52.30 51.70 52.00 
2016/10/27 52.00 52.00 51.70 51.80 
2016/10/28 51.90 51.90 51.50 51.50 
2016/10/31 51.90 51.90 51.40 51.70 
2016/11/01 51.60 52.00 51.60 51.90 
2016/11/02 51.60 51.60 50.50 50.50 
2016/11/03 50.50 50.70 49.00 49.20 
2016/11/04 49.30 50.00 49.25 49.80 
2016/11/07 50.30 51.70 50.10 51.00 
2016/11/08 51.10 52.00 50.40 51.00 
2016/11/09 51.70 51.70 49.50 49.80 
2016/11/10 50.70 51.50 50.70 51.40 
2016/11/11 51.00 51.30 50.10 51.00 
2016/11/14 50.80 50.80 50.10 50.40 
2016/11/15 50.40 51.00 50.00 50.60 
2016/11/16 50.80 50.90 50.50 50.50 
2016/11/17 50.40 50.90 50.40 50.60 
2016/11/18 51.20 51.50 50.60 51.10 
2016/11/21 51.70 51.70 51.00 51.00 
2016/11/22 51.50 51.60 50.90 51.00 
2016/11/23 51.30 52.80 51.30 52.40 
2016/11/24 52.20 52.50 51.80 52.00 
2016/11/25 52.30 52.30 51.70 52.10 
2016/11/28 52.40 52.40 51.90 51.90 
2016/11/29 52.40 52.40 51.80 51.80 
2016/11/30 51.90 52.10 51.80 51.90 
2016/12/01 51.90 52.40 51.70 52.10 
2016/12/02 51.90 52.30 51.70 51.90 
2016/12/05 52.00 52.40 51.80 51.90 
2016/12/06 52.10 52.60 52.10 52.50 
2016/12/07 52.80 54.10 52.50 54.00 
2016/12/08 53.00 53.40 52.70 52.80 
2016/12/09 53.40 53.40 51.90 52.90 
2016/12/12 52.10 52.80 52.10 52.10 
2016/12/13 52.10 52.50 51.80 52.20 
2016/12/14 52.50 52.50 51.80 51.90 
2016/12/15 51.60 51.90 51.60 51.80 
2016/12/16 51.80 52.00 51.70 51.90 
2016/12/19 51.90 52.20 51.60 51.70 
2016/12/20 51.60 53.20 51.50 52.50 
2016/12/21 52.90 52.90 52.00 52.00 
2016/12/22 51.70 52.00 51.60 51.60 
2016/12/23 51.50 51.80 51.50 51.80 
2016/12/26 51.20 51.60 51.20 51.30 
2016/12/27 51.20 51.60 51.20 51.20 
2016/12/28 51.30 51.90 51.30 51.60 
2016/12/29 51.40 51.90 51.20 51.80 
2016/12/30 51.80 52.20 51.60 51.80 
2017/01/03 51.60 51.80 51.50 51.50 
2017/01/04 51.30 51.90 51.30 51.60 
2017/01/05 51.60 51.80 51.40 51.50 
2017/01/06 51.30 51.80 50.90 51.80 
2017/01/09 52.00 52.20 51.40 51.40 
2017/01/10 50.90 50.90 49.60 50.70 
2017/01/11 50.70 50.80 50.20 50.50 
2017/01/12 50.40 50.40 50.10 50.30 
2017/01/13 50.10 50.20 49.90 50.00 
2017/01/16 50.00 51.10 49.80 51.00 
2017/01/17 51.00 51.00 50.30 50.30 
2017/01/18 50.20 50.50 50.20 50.20 
2017/01/19 50.20 50.90 50.20 50.80 
2017/01/20 50.50 51.40 50.50 51.10 
2017/01/23 51.10 51.30 50.90 51.20 
2017/01/24 51.20 52.10 51.00 51.90 
2017/02/02 52.20 55.30 52.00 54.80 
2017/02/03 55.00 55.00 54.20 54.50 
2017/02/06 55.20 56.30 54.20 54.20 
2017/02/07 54.50 54.50 53.80 54.10 
2017/02/08 54.10 54.10 53.80 54.00 
