2016/07/01 30.30 30.35 30.20 30.30 
2016/07/04 30.30 30.90 30.30 30.90 
2016/07/05 31.00 31.10 30.55 30.70 
2016/07/06 30.45 30.45 30.20 30.20 
2016/07/07 28.50 28.90 28.50 28.75 
2016/07/11 28.75 28.90 28.60 28.65 
2016/07/12 28.80 29.10 28.65 28.85 
2016/07/13 28.90 29.05 28.65 28.75 
2016/07/14 28.75 28.95 28.75 28.80 
2016/07/15 29.00 29.05 28.85 28.90 
2016/07/18 28.90 29.00 28.80 29.00 
2016/07/19 29.10 29.50 28.80 29.40 
2016/07/20 29.40 29.45 29.05 29.20 
2016/07/21 29.35 29.80 29.35 29.75 
2016/07/22 29.75 29.75 29.50 29.70 
2016/07/25 29.70 29.80 29.15 29.25 
2016/07/26 29.00 29.25 29.00 29.20 
2016/07/27 29.35 29.45 29.20 29.45 
2016/07/28 29.45 29.60 29.20 29.55 
2016/07/29 29.60 29.65 29.25 29.50 
2016/08/01 29.50 29.55 29.15 29.30 
2016/08/02 29.30 30.45 29.30 30.45 
2016/08/03 30.50 31.15 30.10 31.00 
2016/08/04 30.90 30.90 30.50 30.60 
2016/08/05 30.50 30.75 30.40 30.60 
2016/08/08 30.75 30.85 30.40 30.40 
2016/08/09 30.50 30.55 30.10 30.30 
2016/08/10 30.00 30.55 29.75 29.80 
2016/08/11 29.65 29.65 28.90 29.00 
2016/08/12 28.95 30.25 28.80 30.10 
2016/08/15 30.10 30.30 29.70 30.00 
2016/08/16 30.15 30.45 30.00 30.35 
2016/08/17 30.30 30.40 30.05 30.40 
2016/08/18 30.45 30.60 30.20 30.60 
2016/08/19 30.70 31.30 30.65 30.95 
2016/08/22 31.05 31.85 31.05 31.60 
2016/08/23 32.05 32.20 31.35 31.90 
2016/08/24 32.00 32.00 31.40 31.60 
2016/08/25 31.80 31.95 31.45 31.90 
2016/08/26 31.90 32.60 31.75 32.40 
2016/08/29 32.50 33.00 32.20 32.80 
2016/08/30 32.95 33.10 32.55 32.55 
2016/08/31 32.35 32.45 31.05 31.75 
2016/09/01 31.70 31.70 31.15 31.35 
2016/09/02 31.35 31.35 30.70 30.80 
2016/09/05 30.80 31.20 30.80 30.95 
2016/09/06 31.30 31.35 31.00 31.25 
2016/09/07 31.00 31.20 30.80 30.90 
2016/09/08 30.90 31.15 30.50 31.10 
2016/09/09 30.95 31.00 30.65 30.90 
2016/09/10 30.60 30.60 30.40 30.50 
2016/09/12 30.45 30.85 30.35 30.45 
2016/09/13 31.60 31.85 31.40 31.85 
2016/09/14 31.40 32.00 31.30 32.00 
2016/09/19 32.10 32.80 32.10 32.50 
2016/09/20 32.85 33.15 32.65 32.80 
2016/09/21 32.80 33.15 32.70 33.10 
2016/09/22 33.20 33.30 32.95 33.15 
2016/09/23 33.10 33.20 32.80 33.15 
2016/09/26 32.90 33.50 32.90 33.40 
2016/09/29 33.45 33.70 33.10 33.40 
2016/09/30 33.40 33.70 33.10 33.60 
2016/10/03 33.75 33.75 33.35 33.60 
2016/10/04 33.65 33.75 33.30 33.55 
2016/10/05 33.45 33.60 32.90 33.10 
2016/10/06 33.10 33.55 32.90 33.25 
2016/10/07 33.35 33.35 32.80 32.85 
2016/10/11 32.70 32.85 31.50 32.00 
2016/10/12 31.45 32.00 31.45 31.80 
2016/10/13 31.80 31.90 31.55 31.65 
2016/10/14 31.65 31.85 30.90 31.25 
2016/10/17 31.05 31.20 30.65 31.00 
2016/10/18 31.00 31.30 30.90 31.00 
2016/10/19 31.10 31.25 31.05 31.05 
2016/10/20 31.05 31.05 30.80 30.85 
2016/10/21 30.85 31.25 30.55 31.25 
2016/10/24 31.20 31.20 31.05 31.15 
2016/10/25 31.40 31.65 31.30 31.60 
2016/10/26 31.50 31.50 30.95 31.00 
2016/10/27 31.00 31.25 30.80 31.05 
2016/10/28 31.10 31.10 30.80 30.85 
2016/10/31 30.85 31.10 30.65 30.85 
2016/11/01 30.70 30.90 30.60 30.60 
2016/11/02 30.60 30.60 29.80 30.00 
2016/11/03 30.00 30.05 29.80 29.80 
2016/11/04 29.95 30.15 29.85 29.90 
2016/11/07 29.90 30.00 29.65 29.85 
2016/11/08 30.00 30.40 29.85 30.40 
2016/11/09 30.20 30.25 28.95 29.45 
2016/11/10 29.75 30.20 29.75 30.00 
2016/11/11 29.85 30.00 29.00 29.00 
2016/11/14 29.30 29.75 29.25 29.55 
2016/11/15 29.80 29.90 29.60 29.90 
2016/11/16 29.95 30.45 29.95 30.30 
2016/11/17 30.30 30.30 30.10 30.20 
2016/11/18 30.20 30.30 30.10 30.15 
2016/11/21 30.00 30.10 29.90 30.00 
2016/11/22 30.10 30.75 30.10 30.75 
2016/11/23 30.90 30.90 30.50 30.50 
2016/11/24 30.80 30.80 30.35 30.40 
2016/11/25 30.35 30.65 30.25 30.35 
2016/11/28 30.40 30.60 30.25 30.25 
2016/11/29 30.25 30.45 30.20 30.45 
2016/11/30 30.60 31.05 30.25 31.05 
2016/12/01 31.10 31.40 30.85 30.90 
2016/12/02 30.85 31.00 30.70 30.90 
2016/12/05 30.65 30.90 30.50 30.55 
2016/12/06 30.60 31.00 30.55 30.95 
2016/12/07 31.20 31.30 30.95 31.00 
2016/12/08 31.35 31.35 30.95 31.20 
2016/12/09 31.20 31.20 31.00 31.10 
2016/12/12 31.15 31.35 30.80 30.80 
2016/12/13 30.80 31.10 30.75 30.80 
2016/12/14 30.80 30.95 30.65 30.90 
2016/12/15 30.90 30.95 30.65 30.80 
2016/12/16 30.80 31.20 30.80 31.05 
2016/12/19 30.95 31.05 30.65 30.80 
2016/12/20 30.80 31.35 30.80 31.25 
2016/12/21 31.35 31.55 30.95 31.10 
2016/12/22 31.10 31.15 30.65 30.65 
2016/12/23 30.65 30.90 30.45 30.45 
2016/12/26 30.40 30.60 30.15 30.20 
2016/12/27 30.30 30.30 30.05 30.20 
2016/12/28 30.20 30.25 30.10 30.15 
2016/12/29 30.25 30.30 30.15 30.30 
2016/12/30 30.30 30.35 30.05 30.05 
2017/01/03 30.30 30.30 30.10 30.15 
2017/01/04 30.20 30.40 30.15 30.30 
2017/01/05 30.40 30.85 30.30 30.80 
2017/01/06 30.80 30.80 30.55 30.75 
2017/01/09 30.75 30.75 30.05 30.20 
2017/01/10 30.20 30.50 30.15 30.35 
2017/01/11 30.00 30.00 29.65 29.80 
2017/01/12 29.80 29.90 29.70 29.85 
2017/01/13 29.85 29.95 29.70 29.75 
2017/01/16 29.75 29.95 29.70 29.75 
2017/01/17 30.15 30.15 29.75 29.85 
2017/01/18 30.00 30.00 29.70 29.95 
2017/01/19 29.95 29.95 29.80 29.85 
2017/01/20 29.75 29.85 29.70 29.70 
2017/01/23 29.75 29.90 29.70 29.70 
2017/01/24 29.70 29.95 29.60 29.85 
2017/02/02 30.45 30.45 30.00 30.10 
2017/02/03 30.30 30.45 30.15 30.40 
2017/02/06 30.45 30.75 30.45 30.75 
2017/02/07 30.80 31.30 30.80 31.00 
2017/02/08 31.10 31.10 30.60 31.00 
