2016/07/01 25.50 27.70 25.50 27.70 
2016/07/04 28.50 28.85 28.10 28.45 
2016/07/05 28.20 28.40 27.65 27.95 
2016/07/06 28.40 28.60 28.00 28.05 
2016/07/07 28.35 28.70 27.55 27.60 
2016/07/11 28.40 29.40 28.10 29.00 
2016/07/12 29.10 29.30 28.40 28.50 
2016/07/13 28.50 28.60 28.35 28.45 
2016/07/14 28.60 29.65 28.50 29.00 
2016/07/15 29.10 29.25 28.65 28.70 
2016/07/18 28.80 28.80 28.35 28.50 
2016/07/19 28.50 29.50 28.50 29.00 
2016/07/20 29.10 29.10 28.45 28.55 
2016/07/21 28.70 29.65 28.70 29.50 
2016/07/22 29.65 31.00 29.25 29.50 
2016/07/25 29.50 30.10 28.80 28.90 
2016/07/26 29.20 29.40 28.90 29.00 
2016/07/27 29.80 30.25 29.40 29.40 
2016/07/28 29.40 29.50 29.15 29.15 
2016/07/29 29.20 29.75 29.00 29.75 
2016/08/01 29.90 30.30 29.75 30.20 
2016/08/02 30.30 31.15 30.30 30.70 
2016/08/03 30.50 30.70 30.10 30.35 
2016/08/04 30.50 30.50 30.05 30.30 
2016/08/05 30.40 31.10 30.20 30.40 
2016/08/08 30.65 30.75 30.10 30.20 
2016/08/09 30.20 30.90 30.20 30.50 
2016/08/10 30.60 30.60 30.30 30.30 
2016/08/11 30.20 30.30 29.60 29.60 
2016/08/12 30.00 30.00 29.25 29.75 
2016/08/15 30.00 30.35 29.65 30.05 
2016/08/16 30.10 30.20 29.75 29.75 
2016/08/17 29.70 29.70 28.95 29.05 
2016/08/18 28.90 29.50 28.90 29.30 
2016/08/19 29.30 29.45 29.15 29.15 
2016/08/22 29.15 29.35 28.85 28.85 
2016/08/23 28.00 28.05 27.80 27.85 
2016/08/24 27.85 28.10 27.75 27.95 
2016/08/25 27.95 28.00 27.80 27.90 
2016/08/26 27.90 28.75 27.90 28.55 
2016/08/29 28.60 29.00 28.40 28.60 
2016/08/30 28.70 29.35 28.65 29.10 
2016/08/31 29.15 29.80 29.05 29.35 
2016/09/01 30.05 30.40 29.65 29.65 
2016/09/02 29.85 29.95 29.20 29.50 
2016/09/05 29.50 29.85 29.50 29.80 
2016/09/06 29.90 29.95 29.60 29.65 
2016/09/07 29.65 29.75 29.55 29.75 
2016/09/08 31.00 32.70 30.95 32.70 
2016/09/09 32.70 35.30 32.40 35.20 
2016/09/10 33.90 37.30 33.90 34.85 
2016/09/12 35.35 36.50 34.60 34.70 
2016/09/13 35.60 35.70 33.85 34.20 
2016/09/14 34.20 35.10 33.65 34.90 
2016/09/19 35.45 36.55 35.30 36.05 
2016/09/20 36.10 36.35 35.40 35.65 
2016/09/21 35.70 38.70 35.65 38.20 
2016/09/22 38.00 38.55 37.60 37.70 
2016/09/23 37.70 38.35 37.20 38.25 
2016/09/26 38.90 38.95 37.20 37.20 
2016/09/29 37.35 37.50 35.85 36.15 
2016/09/30 36.40 37.15 36.40 36.80 
2016/10/03 37.10 37.10 36.50 36.90 
2016/10/04 37.00 38.15 36.90 37.40 
2016/10/05 37.60 37.60 37.15 37.15 
2016/10/06 37.55 37.75 37.15 37.20 
2016/10/07 37.60 37.60 36.20 36.25 
2016/10/11 36.50 36.55 32.65 33.80 
2016/10/12 34.00 34.45 33.45 34.25 
2016/10/13 34.20 34.45 33.85 34.05 
2016/10/14 33.90 33.90 32.50 32.60 
2016/10/17 32.60 33.00 32.00 32.70 
2016/10/18 32.70 33.20 32.70 33.10 
2016/10/19 33.10 33.60 32.70 32.70 
2016/10/20 32.70 35.50 32.70 34.60 
2016/10/21 34.85 35.70 34.30 34.45 
2016/10/24 34.20 34.45 33.80 34.00 
2016/10/25 34.30 34.40 33.75 33.85 
2016/10/26 33.65 34.50 33.60 33.70 
2016/10/27 32.60 32.90 31.60 31.85 
2016/10/28 31.40 32.20 31.25 32.10 
2016/10/31 31.65 31.95 31.35 31.45 
2016/11/01 31.45 31.45 30.90 30.95 
2016/11/02 31.00 31.85 30.50 30.50 
2016/11/03 30.90 30.95 29.55 29.60 
2016/11/04 29.60 30.20 29.60 29.75 
2016/11/07 30.05 30.55 30.05 30.20 
2016/11/08 30.50 30.60 30.05 30.15 
2016/11/09 30.15 30.50 28.20 28.40 
2016/11/10 30.00 30.90 29.20 30.60 
2016/11/11 30.20 30.20 29.75 29.85 
2016/11/14 29.65 30.00 29.20 29.70 
2016/11/15 29.80 30.05 29.70 29.70 
2016/11/16 29.80 30.05 29.80 29.85 
2016/11/17 30.00 30.20 29.85 29.90 
2016/11/18 30.00 30.70 29.90 30.65 
2016/11/21 30.55 30.55 30.00 30.20 
2016/11/22 30.20 30.65 30.20 30.30 
2016/11/23 30.40 30.40 29.90 29.90 
2016/11/24 29.90 29.90 29.50 29.65 
2016/11/25 29.60 29.90 29.35 29.40 
2016/11/28 29.40 29.75 29.20 29.50 
2016/11/29 29.80 30.20 29.55 30.00 
2016/11/30 30.20 30.55 30.20 30.40 
2016/12/01 30.50 30.55 30.05 30.20 
2016/12/02 30.00 30.00 29.60 29.85 
2016/12/05 29.85 29.85 29.60 29.65 
2016/12/06 30.00 30.35 29.70 30.35 
2016/12/07 30.45 30.45 30.15 30.20 
2016/12/08 32.50 33.20 32.00 33.20 
2016/12/09 33.80 34.20 33.25 33.35 
2016/12/12 33.55 33.95 32.60 33.95 
2016/12/13 34.25 34.25 32.90 33.50 
2016/12/14 33.60 35.40 33.50 33.60 
2016/12/15 33.40 33.55 32.95 33.25 
2016/12/16 33.20 33.80 33.00 33.00 
2016/12/19 33.00 33.40 32.15 32.20 
2016/12/20 32.40 32.45 31.75 32.00 
2016/12/21 32.10 32.45 31.95 32.30 
2016/12/22 32.30 32.50 31.70 31.70 
2016/12/23 31.55 32.00 31.50 32.00 
2016/12/26 32.10 32.80 32.00 32.40 
2016/12/27 32.55 33.30 32.40 32.90 
2016/12/28 32.90 33.15 32.75 32.85 
2016/12/29 32.65 33.55 32.65 33.10 
2016/12/30 33.65 33.65 33.00 33.00 
2017/01/03 33.20 33.25 32.20 32.60 
2017/01/04 32.60 34.00 32.60 33.75 
2017/01/05 34.00 34.10 33.35 33.75 
2017/01/06 34.00 34.40 33.55 33.95 
2017/01/09 36.10 36.20 34.50 34.80 
2017/01/10 34.80 34.95 33.95 34.15 
2017/01/11 34.40 34.40 33.80 34.05 
2017/01/12 34.50 34.55 33.90 33.90 
2017/01/13 34.00 34.00 33.60 33.80 
2017/01/16 33.55 33.60 33.15 33.50 
2017/01/17 33.25 34.00 33.25 33.50 
2017/01/18 33.50 33.85 33.35 33.60 
2017/01/19 33.65 35.00 33.60 34.50 
2017/01/20 34.50 34.70 34.00 34.00 
2017/01/23 34.30 34.35 33.80 33.95 
2017/01/24 33.90 34.05 33.35 33.80 
2017/02/02 34.10 34.60 33.70 33.85 
2017/02/03 34.15 34.20 33.60 34.00 
2017/02/06 34.00 34.80 33.90 34.75 
2017/02/07 34.90 35.20 34.10 34.25 
2017/02/08 33.95 33.95 32.90 33.10 
