2016/07/01 17.70 18.00 17.60 18.00 
2016/07/04 17.95 18.30 17.80 18.05 
2016/07/05 18.05 18.20 17.75 17.95 
2016/07/06 17.95 18.00 17.80 17.90 
2016/07/07 17.85 17.90 17.55 17.55 
2016/07/11 17.60 17.60 17.05 17.05 
2016/07/12 17.00 17.60 17.00 17.20 
2016/07/13 17.20 17.55 17.20 17.20 
2016/07/14 17.45 17.50 17.30 17.30 
2016/07/15 17.45 17.45 17.10 17.15 
2016/07/18 17.30 17.60 17.30 17.60 
2016/07/19 17.70 17.75 17.50 17.60 
2016/07/20 17.75 17.80 17.60 17.65 
2016/07/21 17.75 18.40 17.65 18.00 
2016/07/22 18.30 18.30 18.10 18.10 
2016/07/25 19.90 19.90 19.90 19.90 
2016/07/26 20.50 21.85 20.00 21.85 
2016/07/27 22.10 22.45 20.85 21.05 
2016/07/28 21.70 21.85 20.90 21.05 
2016/07/29 21.55 22.75 21.20 21.30 
2016/08/01 21.05 21.65 20.60 20.90 
2016/08/02 21.45 22.10 21.20 21.20 
2016/08/03 21.20 21.60 21.05 21.20 
2016/08/04 21.50 21.70 20.90 20.90 
2016/08/05 20.80 21.45 20.80 21.10 
2016/08/08 21.35 21.45 20.80 20.90 
2016/08/09 20.90 21.20 20.60 20.60 
2016/08/10 20.30 20.50 20.10 20.20 
2016/08/11 20.00 20.10 19.05 19.15 
2016/08/12 18.90 19.20 18.85 18.95 
2016/08/15 18.20 18.50 18.10 18.15 
2016/08/16 18.10 18.35 17.90 18.20 
2016/08/17 18.15 18.60 18.15 18.50 
2016/08/18 18.35 19.00 18.30 18.70 
2016/08/19 18.70 18.70 18.45 18.50 
2016/08/22 18.70 18.75 18.35 18.45 
2016/08/23 18.50 18.60 18.40 18.45 
2016/08/24 18.45 18.55 18.40 18.50 
2016/08/25 18.70 18.85 18.50 18.85 
2016/08/26 18.90 18.90 18.55 18.60 
2016/08/29 18.60 18.60 18.45 18.60 
2016/08/30 18.55 18.60 18.45 18.50 
2016/08/31 18.45 18.50 18.30 18.30 
2016/09/01 18.40 18.45 18.35 18.40 
2016/09/02 18.45 18.60 18.00 18.00 
2016/09/05 18.05 18.20 18.00 18.20 
2016/09/06 18.30 18.30 18.25 18.30 
2016/09/07 18.50 18.70 18.50 18.60 
2016/09/08 18.70 18.75 18.45 18.55 
2016/09/09 18.50 18.95 18.50 18.90 
2016/09/10 19.25 19.85 18.65 19.80 
2016/09/12 19.85 19.90 19.35 19.50 
2016/09/13 19.70 19.70 19.20 19.35 
2016/09/14 19.20 19.75 18.90 19.15 
2016/09/19 19.35 19.35 19.10 19.25 
2016/09/20 19.05 19.10 19.00 19.00 
2016/09/21 19.00 19.20 18.95 19.15 
2016/09/22 19.15 19.35 19.10 19.10 
2016/09/23 19.20 19.25 19.05 19.10 
2016/09/26 19.10 19.10 19.05 19.10 
2016/09/29 19.15 19.30 19.15 19.25 
2016/09/30 19.30 19.65 19.30 19.40 
2016/10/03 20.00 21.30 20.00 21.30 
2016/10/04 22.50 23.40 21.70 21.85 
2016/10/05 21.30 22.20 21.30 21.60 
2016/10/06 22.00 22.45 21.60 21.80 
2016/10/07 21.90 22.20 20.80 20.90 
2016/10/11 21.10 21.20 19.75 19.95 
2016/10/12 19.50 20.70 19.50 20.35 
2016/10/13 20.15 20.35 20.00 20.10 
2016/10/14 20.05 20.05 19.35 19.40 
2016/10/17 19.40 19.60 19.20 19.60 
2016/10/18 19.45 20.20 19.40 19.95 
2016/10/19 19.85 19.90 19.75 19.80 
2016/10/20 19.90 20.15 19.80 19.90 
2016/10/21 20.15 20.40 19.95 19.95 
2016/10/24 20.35 20.35 19.70 19.80 
2016/10/25 20.00 20.00 19.80 19.80 
2016/10/26 20.25 20.25 19.85 20.00 
2016/10/27 20.45 20.45 19.90 20.00 
2016/10/28 20.00 20.30 19.80 20.05 
2016/10/31 20.30 20.30 19.65 19.65 
2016/11/01 19.65 19.65 19.40 19.40 
2016/11/02 19.20 19.20 18.85 18.90 
2016/11/03 18.65 19.00 18.65 19.00 
2016/11/04 18.80 19.00 18.70 18.75 
2016/11/07 18.75 18.90 18.70 18.75 
2016/11/08 18.75 18.85 18.70 18.70 
2016/11/09 18.70 18.70 17.80 17.80 
2016/11/10 18.35 18.45 17.95 17.95 
2016/11/11 17.85 18.10 17.70 17.95 
2016/11/14 16.60 17.25 16.60 17.00 
2016/11/15 17.05 17.20 17.00 17.10 
2016/11/16 17.05 17.05 16.90 17.00 
2016/11/17 16.80 16.95 16.70 16.95 
2016/11/18 16.90 17.05 16.90 17.05 
2016/11/21 17.05 17.25 17.05 17.10 
2016/11/22 17.20 17.50 17.15 17.50 
2016/11/23 17.45 17.50 17.30 17.40 
2016/11/24 17.30 17.50 17.15 17.40 
2016/11/25 17.50 18.50 17.50 18.00 
2016/11/28 18.20 18.70 18.15 18.50 
2016/11/29 18.70 18.70 18.20 18.40 
2016/11/30 18.40 18.55 18.20 18.20 
2016/12/01 18.05 18.40 18.05 18.35 
2016/12/02 18.45 18.45 18.20 18.35 
2016/12/05 18.20 18.45 18.20 18.45 
2016/12/06 18.50 18.55 18.20 18.20 
2016/12/07 18.35 18.35 17.85 17.85 
2016/12/08 17.80 18.00 17.60 18.00 
2016/12/09 17.95 17.95 17.65 17.80 
2016/12/12 17.80 17.90 17.75 17.75 
2016/12/13 17.85 18.00 17.85 18.00 
2016/12/14 18.15 18.20 18.05 18.15 
2016/12/15 18.15 18.20 18.00 18.20 
2016/12/16 18.05 18.20 18.05 18.10 
2016/12/19 18.00 18.00 17.70 17.85 
2016/12/20 18.00 18.00 17.70 17.75 
2016/12/21 17.95 18.00 17.80 17.80 
2016/12/22 17.80 18.00 17.55 17.55 
2016/12/23 17.55 17.90 17.55 17.90 
2016/12/26 17.90 17.90 17.80 17.80 
2016/12/27 17.80 17.80 17.60 17.65 
2016/12/28 17.70 17.70 17.50 17.50 
2016/12/29 17.85 17.90 17.50 17.50 
2016/12/30 17.65 17.75 17.60 17.60 
2017/01/03 17.60 17.70 17.45 17.70 
2017/01/04 17.70 19.45 17.70 19.45 
2017/01/05 19.65 21.10 19.15 20.40 
2017/01/06 20.40 20.40 19.60 19.60 
2017/01/09 19.65 19.95 19.55 19.55 
2017/01/10 19.55 19.55 18.90 19.05 
2017/01/11 19.05 19.05 18.70 18.85 
2017/01/12 18.80 19.30 18.80 19.05 
2017/01/13 19.00 19.10 18.85 18.90 
2017/01/16 18.50 18.65 17.70 18.65 
2017/01/17 18.60 19.40 18.60 18.85 
2017/01/18 18.85 19.00 18.70 18.70 
2017/01/19 18.75 18.75 18.25 18.55 
2017/01/20 18.40 19.00 18.40 18.80 
2017/01/23 18.90 19.00 18.50 18.65 
2017/01/24 18.65 18.85 18.45 18.55 
2017/02/02 18.55 19.30 18.40 18.85 
2017/02/03 18.90 19.15 18.85 19.15 
2017/02/06 19.20 20.05 19.20 19.90 
2017/02/07 20.10 20.20 19.60 19.85 
2017/02/08 19.95 20.00 19.60 19.95 
