2016/07/01 19.35 19.40 19.15 19.20 
2016/07/04 19.20 19.30 19.10 19.10 
2016/07/05 19.20 19.35 19.10 19.15 
2016/07/06 19.20 19.20 19.05 19.10 
2016/07/07 19.10 19.20 19.00 19.10 
2016/07/11 19.10 19.10 18.60 18.75 
2016/07/12 18.80 18.80 18.60 18.60 
2016/07/13 18.60 18.85 18.60 18.75 
2016/07/14 18.75 18.95 18.65 18.90 
2016/07/15 18.85 18.95 18.80 18.80 
2016/07/18 18.80 19.05 18.80 18.90 
2016/07/19 18.90 19.05 18.85 19.00 
2016/07/20 19.05 19.15 18.95 19.15 
2016/07/21 19.20 19.20 19.05 19.15 
2016/07/22 19.15 19.15 19.05 19.10 
2016/07/25 19.10 19.15 18.80 18.85 
2016/07/26 18.80 18.95 18.80 18.90 
2016/07/27 18.90 18.95 18.80 18.90 
2016/07/28 18.90 18.90 18.80 18.90 
2016/07/29 18.80 18.90 18.80 18.90 
2016/08/01 18.90 18.95 18.90 18.90 
2016/08/02 18.95 19.00 18.90 18.90 
2016/08/03 18.90 18.95 18.80 18.90 
2016/08/04 18.95 18.95 18.80 18.80 
2016/08/05 18.90 19.10 18.80 19.10 
2016/08/08 19.20 19.25 18.95 19.00 
2016/08/09 19.10 19.20 19.00 19.00 
2016/08/10 19.00 19.30 19.00 19.30 
2016/08/11 19.40 19.45 19.20 19.25 
2016/08/12 19.25 19.35 19.20 19.20 
2016/08/15 19.30 19.30 19.00 19.15 
2016/08/16 19.20 19.30 19.10 19.10 
2016/08/17 19.20 20.05 19.05 19.60 
2016/08/18 19.45 20.75 19.45 20.60 
2016/08/19 21.00 21.85 20.90 21.15 
2016/08/22 20.95 20.95 20.30 20.75 
2016/08/23 20.75 20.75 20.40 20.60 
2016/08/24 20.60 20.75 20.40 20.40 
2016/08/25 20.30 20.50 20.30 20.40 
2016/08/26 20.40 20.55 19.90 20.10 
2016/08/29 20.10 20.30 19.95 20.05 
2016/08/30 20.10 20.25 20.00 20.20 
2016/08/31 20.10 20.30 20.05 20.05 
2016/09/01 20.10 20.15 19.95 19.95 
2016/09/02 20.00 20.05 19.65 19.65 
2016/09/05 19.70 19.80 19.70 19.80 
2016/09/06 19.85 20.35 19.85 20.25 
2016/09/07 20.25 20.30 20.00 20.25 
2016/09/08 20.25 20.30 20.05 20.10 
2016/09/09 20.10 20.25 20.00 20.05 
2016/09/10 19.90 20.00 19.75 19.85 
2016/09/12 19.80 19.85 19.70 19.70 
2016/09/13 19.70 19.85 19.10 19.30 
2016/09/14 19.15 19.35 19.15 19.20 
2016/09/19 19.15 19.40 19.15 19.30 
2016/09/20 19.30 19.45 19.20 19.40 
2016/09/21 19.40 19.50 19.35 19.45 
2016/09/22 19.50 19.60 19.35 19.40 
2016/09/23 19.40 19.50 19.40 19.50 
2016/09/26 19.50 19.50 19.30 19.40 
2016/09/29 19.30 19.50 19.30 19.35 
2016/09/30 19.45 19.75 19.45 19.70 
2016/10/03 19.70 19.70 19.55 19.60 
2016/10/04 19.55 19.75 19.55 19.75 
2016/10/05 19.80 19.85 19.70 19.75 
2016/10/06 19.70 19.85 19.70 19.80 
2016/10/07 19.85 20.45 19.80 20.15 
2016/10/11 19.95 20.05 19.50 19.55 
2016/10/12 19.55 19.55 19.45 19.45 
2016/10/13 19.45 19.45 19.40 19.40 
2016/10/14 19.40 19.40 19.10 19.15 
2016/10/17 19.10 19.35 19.10 19.30 
2016/10/18 19.25 19.25 19.10 19.20 
2016/10/19 19.20 19.30 19.20 19.25 
2016/10/20 19.20 20.25 19.20 20.10 
2016/10/21 20.10 20.10 19.80 20.05 
2016/10/24 20.00 20.00 19.85 20.00 
2016/10/25 20.05 20.10 19.95 20.05 
2016/10/26 20.10 20.10 19.90 20.00 
2016/10/27 20.00 20.00 19.75 20.00 
2016/10/28 20.00 20.00 19.90 19.90 
2016/10/31 19.80 20.05 19.75 20.05 
2016/11/01 19.80 20.05 19.80 20.00 
2016/11/02 19.95 20.05 19.80 19.85 
2016/11/03 19.95 19.95 19.75 19.85 
2016/11/04 19.95 20.50 19.90 20.35 
2016/11/07 20.35 20.45 20.05 20.30 
2016/11/08 20.30 20.35 20.10 20.15 
2016/11/09 20.30 20.70 19.80 20.25 
2016/11/10 20.50 20.60 20.40 20.40 
2016/11/11 20.40 20.60 20.05 20.10 
2016/11/14 20.25 20.45 20.10 20.15 
2016/11/15 20.15 20.25 20.15 20.20 
2016/11/16 20.30 20.35 20.05 20.05 
2016/11/17 20.15 20.15 19.90 19.95 
2016/11/18 20.00 20.30 19.95 20.00 
2016/11/21 20.20 20.30 20.10 20.15 
2016/11/22 20.30 20.50 20.15 20.25 
2016/11/23 20.40 20.40 20.20 20.20 
2016/11/24 20.35 20.70 20.20 20.55 
2016/11/25 20.65 21.20 20.60 20.70 
2016/11/28 20.80 21.15 20.75 21.00 
2016/11/29 21.05 21.25 20.85 21.00 
2016/11/30 21.20 21.20 20.90 21.10 
2016/12/01 21.00 21.20 20.90 20.95 
2016/12/02 20.90 21.00 20.85 20.90 
2016/12/05 21.15 21.15 20.70 20.70 
2016/12/06 20.75 20.95 20.75 20.80 
2016/12/07 20.90 20.90 20.80 20.80 
2016/12/08 20.90 21.00 20.85 20.95 
2016/12/09 21.00 21.00 20.85 20.85 
2016/12/12 21.00 21.15 20.95 21.00 
2016/12/13 21.05 21.10 20.90 20.95 
2016/12/14 21.00 21.00 20.85 21.00 
2016/12/15 20.90 21.10 20.90 21.05 
2016/12/16 21.15 21.15 20.95 21.00 
2016/12/19 21.10 21.45 20.95 21.00 
2016/12/20 21.10 21.35 21.05 21.20 
2016/12/21 21.30 21.30 21.15 21.15 
2016/12/22 21.15 21.20 20.70 20.80 
2016/12/23 20.75 20.90 20.75 20.85 
2016/12/26 20.85 21.00 20.85 20.85 
2016/12/27 21.00 21.20 20.75 21.00 
2016/12/28 21.00 21.05 20.85 20.85 
2016/12/29 21.05 21.05 20.90 20.90 
2016/12/30 20.90 21.05 20.90 21.00 
2017/01/03 20.95 21.00 20.85 20.90 
2017/01/04 20.90 21.05 20.85 20.90 
2017/01/05 20.90 21.20 20.90 20.95 
2017/01/06 21.00 21.30 21.00 21.10 
2017/01/09 21.20 21.20 20.90 20.90 
2017/01/10 21.20 21.45 21.15 21.25 
2017/01/11 21.30 21.40 21.20 21.30 
2017/01/12 21.35 21.85 21.35 21.85 
2017/01/13 21.95 22.95 21.95 22.35 
2017/01/16 22.55 22.85 22.20 22.55 
2017/01/17 22.90 24.70 22.80 23.20 
2017/01/18 23.50 24.20 23.30 23.80 
2017/01/19 23.90 24.30 23.35 23.50 
2017/01/20 23.75 23.80 23.30 23.40 
2017/01/23 23.45 24.15 23.45 23.65 
2017/01/24 23.80 23.80 23.40 23.50 
2017/02/02 23.40 23.45 23.10 23.35 
2017/02/03 23.20 23.90 23.20 23.50 
2017/02/06 23.50 23.70 23.40 23.40 
2017/02/07 23.45 23.90 23.40 23.55 
2017/02/08 23.55 23.70 23.40 23.55 
