2016/07/01 14.10 14.50 13.75 14.00 
2016/07/04 14.00 14.85 13.55 14.40 
2016/07/05 14.40 14.55 13.85 13.90 
2016/07/06 14.05 14.75 13.80 14.40 
2016/07/07 14.50 15.10 13.65 13.80 
2016/07/11 13.85 14.00 13.10 13.30 
2016/07/12 13.90 14.15 13.35 13.40 
2016/07/13 13.50 13.95 13.30 13.40 
2016/07/14 13.40 13.50 13.00 13.15 
2016/07/15 12.95 13.30 12.80 12.85 
2016/07/18 13.00 13.10 12.85 12.90 
2016/07/19 12.90 13.40 12.90 13.15 
2016/07/20 13.15 13.40 12.90 12.95 
2016/07/21 13.20 13.40 13.00 13.00 
2016/07/22 13.20 13.20 12.50 12.50 
2016/07/25 12.75 12.80 12.30 12.35 
2016/07/26 12.40 12.80 12.35 12.55 
2016/07/27 12.85 13.80 12.75 13.80 
2016/07/28 14.10 14.10 13.25 13.40 
2016/07/29 13.50 13.55 13.05 13.30 
2016/08/01 13.50 13.50 12.95 13.05 
2016/08/02 13.20 13.65 13.05 13.15 
2016/08/03 13.10 13.10 12.80 12.85 
2016/08/04 12.90 13.10 12.85 12.90 
2016/08/05 13.00 13.30 12.95 13.00 
2016/08/08 13.25 13.30 12.70 12.70 
2016/08/09 12.50 12.90 12.25 12.25 
2016/08/10 12.30 12.35 11.10 11.20 
2016/08/11 11.20 11.40 11.10 11.30 
2016/08/12 11.50 11.50 11.20 11.20 
2016/08/15 11.00 11.15 10.40 10.60 
2016/08/16 10.80 11.65 10.80 11.65 
2016/08/17 11.55 12.00 11.40 11.60 
2016/08/18 11.30 11.55 11.30 11.50 
2016/08/19 11.75 12.40 11.65 11.90 
2016/08/22 11.95 11.95 11.40 11.45 
2016/08/23 11.50 11.80 11.45 11.70 
2016/08/24 11.50 11.70 11.50 11.50 
2016/08/25 11.40 11.65 11.40 11.45 
2016/08/26 11.50 12.20 11.50 11.80 
2016/08/29 11.80 11.90 11.50 11.55 
2016/08/30 11.70 12.15 11.65 11.65 
2016/08/31 11.65 12.00 11.50 12.00 
2016/09/01 12.10 12.25 11.80 11.80 
2016/09/02 12.00 12.95 12.00 12.95 
2016/09/05 12.80 12.80 12.35 12.40 
2016/09/06 12.35 12.60 12.35 12.40 
2016/09/07 12.55 13.35 12.55 12.60 
2016/09/08 12.60 12.85 12.55 12.75 
2016/09/09 12.60 12.75 12.50 12.55 
2016/09/10 12.15 12.30 12.05 12.15 
2016/09/12 12.55 13.20 12.55 12.80 
2016/09/13 12.80 12.95 12.40 12.45 
2016/09/14 12.30 12.80 12.30 12.45 
2016/09/19 12.75 12.90 12.50 12.55 
2016/09/20 12.60 12.70 12.50 12.50 
2016/09/21 12.55 13.10 12.55 12.60 
2016/09/22 12.90 12.90 12.65 12.85 
2016/09/23 13.10 13.55 13.05 13.10 
2016/09/26 13.05 13.25 12.80 12.80 
2016/09/29 13.10 13.10 12.60 12.60 
2016/09/30 12.70 12.85 12.50 12.80 
2016/10/03 13.20 13.20 12.65 12.65 
2016/10/04 12.85 13.15 12.70 12.75 
2016/10/05 12.75 12.90 12.70 12.85 
2016/10/06 12.80 13.00 12.75 12.90 
2016/10/07 12.90 13.10 12.55 12.55 
2016/10/11 12.80 13.15 12.05 12.05 
2016/10/12 12.15 12.15 11.70 11.90 
2016/10/13 11.90 12.10 11.85 11.90 
2016/10/14 11.90 12.00 11.30 11.30 
2016/10/17 11.40 11.55 11.10 11.55 
2016/10/18 11.40 11.45 11.05 11.20 
2016/10/19 11.30 11.45 11.20 11.20 
2016/10/20 11.35 11.80 11.35 11.65 
2016/10/21 11.65 12.05 11.65 11.65 
2016/10/24 11.75 11.75 11.45 11.50 
2016/10/25 11.50 11.65 11.30 11.35 
2016/10/26 11.40 11.65 11.35 11.45 
2016/10/27 11.70 11.70 11.35 11.35 
2016/10/28 11.40 11.50 11.30 11.30 
2016/10/31 11.35 11.35 11.10 11.30 
2016/11/01 11.25 11.60 11.15 11.35 
2016/11/02 11.25 11.30 11.05 11.05 
2016/11/03 11.00 11.40 10.85 10.85 
2016/11/04 10.90 11.05 10.85 10.85 
2016/11/07 11.00 11.00 10.80 10.80 
2016/11/08 10.90 11.05 10.60 10.60 
2016/11/09 10.90 10.95 9.72 9.80 
2016/11/10 10.00 10.20 10.00 10.10 
2016/11/11 10.00 10.00 9.60 9.65 
2016/11/14 9.60 9.63 9.20 9.42 
2016/11/15 9.50 9.67 9.46 9.58 
2016/11/16 9.67 9.98 9.67 9.87 
2016/11/17 9.87 9.92 9.80 9.85 
2016/11/18 9.97 10.65 9.97 10.45 
2016/11/21 10.55 10.80 10.45 10.55 
2016/11/22 10.60 10.75 10.40 10.50 
2016/11/23 10.70 10.95 10.55 10.55 
2016/11/24 10.60 11.10 10.45 10.70 
2016/11/25 10.75 10.80 10.45 10.45 
2016/11/28 10.60 10.85 10.50 10.55 
2016/11/29 10.65 10.70 10.50 10.65 
2016/11/30 10.65 10.70 10.50 10.70 
2016/12/01 10.80 11.05 10.70 10.75 
2016/12/02 10.70 10.70 10.50 10.50 
2016/12/05 10.50 10.65 10.50 10.55 
2016/12/06 10.70 10.70 10.50 10.55 
2016/12/07 10.65 10.75 10.55 10.60 
2016/12/08 10.85 11.15 10.60 10.80 
2016/12/09 10.90 11.10 10.75 10.95 
2016/12/12 10.95 10.95 10.50 10.55 
2016/12/13 10.55 10.65 10.50 10.55 
2016/12/14 10.75 10.75 10.45 10.45 
2016/12/15 10.45 10.55 10.35 10.45 
2016/12/16 10.55 10.65 10.40 10.50 
2016/12/19 10.50 10.65 10.45 10.65 
2016/12/20 10.75 10.85 10.45 10.45 
2016/12/21 10.50 10.50 10.30 10.30 
2016/12/22 10.55 10.60 10.30 10.35 
2016/12/23 10.60 10.90 10.40 10.40 
2016/12/26 10.45 10.50 10.30 10.40 
2016/12/27 10.55 10.55 10.35 10.40 
2016/12/28 10.40 10.45 10.35 10.40 
2016/12/29 10.50 10.50 10.25 10.30 
2016/12/30 10.45 10.50 10.30 10.50 
2017/01/03 10.55 10.70 10.45 10.45 
2017/01/04 10.55 10.55 10.40 10.40 
2017/01/05 10.50 10.70 10.50 10.50 
2017/01/06 10.60 10.60 10.45 10.50 
2017/01/09 10.50 11.00 10.45 10.85 
2017/01/10 11.15 11.20 10.65 10.65 
2017/01/11 10.85 10.90 10.65 10.80 
2017/01/12 10.85 10.85 10.45 10.60 
2017/01/13 10.80 10.80 10.50 10.60 
2017/01/16 10.85 10.85 10.60 10.60 
2017/01/17 10.75 10.85 10.60 10.60 
2017/01/18 10.55 10.70 10.55 10.55 
2017/01/19 10.65 10.70 10.50 10.55 
2017/01/20 10.55 10.55 10.30 10.35 
2017/01/23 10.40 10.50 10.40 10.40 
2017/01/24 10.35 10.45 10.30 10.30 
2017/02/02 10.30 10.45 10.30 10.35 
2017/02/03 10.25 10.60 10.25 10.55 
2017/02/06 10.60 11.15 10.60 10.70 
2017/02/07 10.70 11.00 10.70 10.80 
2017/02/08 10.85 11.85 10.85 11.85 
