2016/07/01 4.30 4.30 4.30 4.30 
2016/07/04 4.30 4.30 4.30 4.30 
2016/07/06 4.30 4.38 4.29 4.38 
2016/07/07 4.38 4.38 4.38 4.38 
2016/07/11 4.31 4.39 4.31 4.39 
2016/07/12 4.35 4.35 4.34 4.34 
2016/07/13 4.34 4.34 4.34 4.34 
2016/07/14 4.34 4.34 4.20 4.20 
2016/07/15 4.35 4.38 4.30 4.38 
2016/07/18 4.52 4.52 4.52 4.52 
2016/07/19 4.45 4.45 4.40 4.43 
2016/07/20 4.28 4.45 4.20 4.37 
2016/07/21 4.21 4.35 4.21 4.34 
2016/07/22 4.34 4.37 4.30 4.35 
2016/07/25 4.35 4.54 4.35 4.54 
2016/07/26 4.52 4.52 4.52 4.52 
2016/07/28 4.49 4.60 4.45 4.58 
2016/07/29 4.60 4.65 4.50 4.61 
2016/08/01 4.60 4.60 4.53 4.55 
2016/08/02 4.58 4.60 4.52 4.52 
2016/08/03 4.52 4.65 4.50 4.60 
2016/08/04 4.60 4.60 4.50 4.50 
2016/08/05 4.55 4.55 4.55 4.55 
2016/08/08 4.50 4.59 4.50 4.50 
2016/08/09 4.50 4.55 4.50 4.55 
2016/08/10 4.50 4.50 4.50 4.50 
2016/08/11 4.50 4.50 4.50 4.50 
2016/08/12 4.45 4.45 4.31 4.31 
2016/08/15 4.46 4.46 4.30 4.30 
2016/08/16 4.26 4.30 4.26 4.30 
2016/08/17 4.23 4.23 4.01 4.19 
2016/08/18 4.05 4.20 4.05 4.20 
2016/08/19 3.82 4.00 3.82 4.00 
2016/08/22 3.90 3.90 3.90 3.90 
2016/08/23 3.51 3.90 3.51 3.90 
2016/08/25 4.18 4.18 4.18 4.18 
2016/08/26 3.80 4.00 3.80 4.00 
2016/09/02 3.60 4.20 3.60 4.09 
2016/09/05 3.69 3.99 3.69 3.90 
2016/09/06 3.53 4.00 3.53 4.00 
2016/09/07 4.01 4.15 4.01 4.15 
2016/09/09 4.10 4.10 4.10 4.10 
2016/09/10 4.10 4.10 4.10 4.10 
2016/09/12 4.10 4.10 4.00 4.00 
2016/09/13 4.05 4.05 4.05 4.05 
2016/09/19 4.05 4.29 4.05 4.29 
2016/09/23 4.29 4.42 4.28 4.42 
2016/09/30 4.86 4.86 4.84 4.85 
2016/10/03 5.32 5.32 4.90 5.18 
2016/10/04 5.54 5.62 5.20 5.20 
2016/10/05 5.20 5.50 5.20 5.40 
2016/10/06 5.50 5.60 5.40 5.40 
2016/10/07 5.50 5.60 5.50 5.60 
2016/10/11 5.50 5.60 5.40 5.40 
2016/10/12 5.40 5.52 5.40 5.40 
2016/10/13 5.40 5.40 5.20 5.30 
2016/10/14 5.50 5.50 5.30 5.30 
2016/10/17 5.49 5.83 5.49 5.83 
2016/10/18 6.20 6.30 5.90 6.00 
2016/10/19 5.70 6.10 5.70 6.10 
2016/10/20 5.60 5.60 5.50 5.50 
2016/10/21 5.40 6.00 5.40 6.00 
2016/10/24 5.60 6.10 5.60 6.00 
2016/10/25 5.83 5.83 5.70 5.80 
2016/10/26 5.95 6.00 5.90 6.00 
2016/10/27 5.80 5.80 5.50 5.50 
2016/10/28 6.00 6.00 5.60 5.60 
2016/10/31 5.70 5.96 5.70 5.72 
2016/11/01 5.75 5.75 5.70 5.71 
2016/11/02 5.60 5.70 5.60 5.61 
2016/11/03 5.61 5.70 5.61 5.61 
2016/11/07 5.30 5.30 5.30 5.30 
2016/11/09 5.30 5.30 5.10 5.10 
2016/11/10 5.40 5.40 5.40 5.40 
2016/11/11 5.00 5.21 5.00 5.20 
2016/11/14 4.90 4.90 4.90 4.90 
2016/11/15 4.50 5.20 4.50 5.20 
2016/11/16 4.70 5.60 4.70 5.60 
2016/11/17 5.60 5.70 5.50 5.50 
2016/11/18 5.75 5.81 5.75 5.81 
2016/11/22 5.81 5.90 5.81 5.90 
2016/11/23 5.32 5.94 5.32 5.94 
2016/11/24 5.85 5.91 5.75 5.91 
2016/11/25 5.85 5.90 5.85 5.85 
2016/11/29 5.85 5.88 5.50 5.88 
2016/12/02 5.80 5.80 5.80 5.80 
2016/12/05 5.80 5.80 5.70 5.70 
2016/12/06 5.80 5.98 5.70 5.98 
2016/12/07 5.80 5.80 5.70 5.75 
2016/12/08 5.75 5.80 5.70 5.80 
2016/12/09 5.60 5.60 5.50 5.50 
2016/12/13 5.80 5.80 5.70 5.70 
2016/12/14 5.70 5.80 5.70 5.70 
2016/12/15 5.80 5.80 5.60 5.70 
2016/12/16 5.70 5.80 5.70 5.80 
2016/12/19 5.79 5.80 5.79 5.80 
2016/12/20 5.70 5.79 5.70 5.79 
2016/12/21 5.70 5.79 5.70 5.79 
2016/12/22 5.70 5.79 5.70 5.79 
2016/12/23 5.70 5.80 5.65 5.70 
2016/12/26 5.70 5.70 5.70 5.70 
2016/12/27 5.65 5.70 5.65 5.70 
2016/12/28 5.65 5.70 5.65 5.70 
2016/12/29 5.60 6.27 5.60 5.89 
2016/12/30 6.09 6.47 5.70 5.80 
2017/01/03 5.70 5.71 5.70 5.71 
2017/01/04 5.80 5.80 5.80 5.80 
2017/01/05 5.80 5.81 5.80 5.81 
2017/01/06 5.81 5.81 5.81 5.81 
2017/01/09 5.70 6.00 5.40 5.98 
2017/01/10 5.80 5.98 5.80 5.80 
2017/01/11 5.99 6.05 5.85 5.99 
2017/01/12 5.95 5.95 5.85 5.90 
2017/01/13 5.99 6.00 5.99 6.00 
2017/01/16 5.97 5.97 5.80 5.80 
2017/01/17 5.85 5.85 5.80 5.80 
2017/01/18 5.80 5.85 5.80 5.80 
2017/01/19 5.70 5.99 5.65 5.66 
2017/01/20 5.30 5.79 5.30 5.68 
2017/01/23 5.60 5.72 5.50 5.72 
2017/02/02 6.00 6.29 5.90 5.90 
2017/02/06 5.50 5.50 5.50 5.50 
2017/02/07 5.70 5.70 5.50 5.50 
2017/02/08 5.50 5.60 5.50 5.58 
