2016/07/01 12.20 12.30 12.05 12.30 
2016/07/04 12.35 12.45 12.10 12.10 
2016/07/05 12.40 12.40 12.00 12.00 
2016/07/06 12.00 12.15 11.85 11.90 
2016/07/07 12.00 12.30 12.00 12.10 
2016/07/11 12.10 12.15 12.00 12.10 
2016/07/12 12.10 12.20 12.00 12.15 
2016/07/13 12.15 12.35 12.15 12.20 
2016/07/14 12.30 13.10 12.25 12.45 
2016/07/15 12.70 12.70 12.35 12.35 
2016/07/18 12.45 12.60 12.30 12.30 
2016/07/19 12.35 12.65 12.25 12.25 
2016/07/20 12.35 12.45 12.10 12.20 
2016/07/21 12.25 12.40 12.10 12.15 
2016/07/22 12.15 12.15 11.80 11.95 
2016/07/25 11.90 12.00 11.65 11.75 
2016/07/26 11.75 11.95 11.75 11.80 
2016/07/27 11.80 11.90 11.80 11.80 
2016/07/28 11.75 12.00 11.75 11.80 
2016/07/29 11.90 11.90 11.60 11.60 
2016/08/01 11.70 11.85 11.60 11.60 
2016/08/02 11.60 11.90 11.60 11.75 
2016/08/03 11.70 11.75 11.60 11.75 
2016/08/04 11.85 11.85 11.65 11.65 
2016/08/05 11.80 11.80 11.60 11.70 
2016/08/08 11.65 11.75 11.45 11.45 
2016/08/09 11.50 11.80 11.45 11.70 
2016/08/10 11.70 11.70 11.50 11.50 
2016/08/11 11.50 11.65 11.20 11.35 
2016/08/12 11.30 11.55 11.30 11.35 
2016/08/15 11.35 11.65 11.35 11.60 
2016/08/16 11.80 11.80 11.40 11.60 
2016/08/17 11.50 11.60 11.40 11.40 
2016/08/18 11.45 11.55 11.45 11.45 
2016/08/19 11.50 11.95 11.50 11.80 
2016/08/22 11.65 11.80 11.50 11.80 
2016/08/23 11.70 11.85 11.70 11.75 
2016/08/24 11.80 11.80 11.60 11.65 
2016/08/25 11.65 11.80 11.65 11.70 
2016/08/26 11.75 11.80 11.70 11.70 
2016/08/29 12.05 12.05 11.65 11.90 
2016/08/30 11.90 12.00 11.80 11.80 
2016/08/31 12.00 12.95 11.85 12.95 
2016/09/01 12.95 13.15 12.35 12.50 
2016/09/02 12.60 12.65 12.15 12.25 
2016/09/05 12.40 12.60 12.25 12.60 
2016/09/06 12.60 12.60 12.35 12.40 
2016/09/07 12.45 12.70 12.25 12.60 
2016/09/08 12.90 13.85 12.70 13.85 
2016/09/09 13.45 14.75 13.35 14.15 
2016/09/10 13.80 14.35 13.60 13.60 
2016/09/12 13.75 14.50 13.75 14.05 
2016/09/13 14.50 15.45 14.20 15.45 
2016/09/14 15.45 15.80 14.90 15.15 
2016/09/19 15.80 16.65 15.70 16.65 
2016/09/20 16.95 18.20 16.70 18.00 
2016/09/21 17.95 18.15 17.55 18.00 
2016/09/22 18.60 18.80 17.30 17.35 
2016/09/23 17.50 17.65 17.05 17.50 
2016/09/26 17.35 17.95 17.00 17.10 
2016/09/29 17.30 17.35 16.35 16.50 
2016/09/30 16.50 16.70 15.95 16.30 
2016/10/03 16.50 16.75 16.15 16.25 
2016/10/04 16.75 17.85 16.70 17.85 
2016/10/05 18.20 18.75 17.25 17.25 
2016/10/06 17.40 18.45 17.25 17.90 
2016/10/07 17.60 17.80 17.35 17.35 
2016/10/11 17.10 17.30 15.65 15.65 
2016/10/12 14.80 14.80 14.10 14.35 
2016/10/13 14.40 14.80 14.30 14.30 
2016/10/14 14.55 14.55 13.15 13.60 
2016/10/17 13.50 13.75 13.15 13.75 
2016/10/18 13.95 14.40 13.90 14.05 
2016/10/19 14.00 14.25 13.90 13.90 
2016/10/20 13.90 14.35 13.90 14.20 
2016/10/21 14.25 14.70 14.25 14.40 
2016/10/24 14.40 14.45 14.20 14.20 
2016/10/25 14.30 14.40 13.90 13.90 
2016/10/26 13.95 14.25 13.95 13.95 
2016/10/27 14.05 14.20 13.80 13.80 
2016/10/28 13.90 14.00 13.80 13.90 
2016/10/31 13.95 14.30 13.95 14.20 
2016/11/01 14.15 14.20 13.90 13.90 
2016/11/02 13.90 14.00 13.40 13.60 
2016/11/03 13.60 13.60 13.15 13.40 
2016/11/04 13.20 13.50 13.15 13.45 
2016/11/07 13.50 13.75 13.50 13.50 
2016/11/08 13.65 13.65 13.45 13.50 
2016/11/09 13.15 13.60 13.15 13.30 
2016/11/10 13.40 13.65 13.40 13.50 
2016/11/11 13.70 14.60 13.70 14.30 
2016/11/14 14.30 14.60 13.85 14.30 
2016/11/15 14.30 14.40 14.15 14.15 
2016/11/16 14.35 14.40 14.15 14.15 
2016/11/17 14.20 14.25 14.00 14.05 
2016/11/18 14.05 14.10 13.75 13.80 
2016/11/21 13.90 13.95 13.70 13.85 
2016/11/22 13.90 14.50 13.90 14.30 
2016/11/23 14.50 15.70 14.40 15.70 
2016/11/24 15.70 16.30 15.60 16.05 
2016/11/25 16.10 16.30 15.80 16.30 
2016/11/28 16.50 16.60 15.45 15.60 
2016/11/29 15.50 15.90 15.45 15.50 
2016/11/30 15.60 15.60 14.95 15.10 
2016/12/01 15.10 15.25 15.00 15.15 
2016/12/02 15.15 15.25 14.95 15.25 
2016/12/05 15.20 15.30 15.00 15.05 
2016/12/06 15.15 15.30 15.10 15.10 
2016/12/07 15.10 15.20 15.05 15.20 
2016/12/08 15.30 16.55 15.30 16.00 
2016/12/09 16.05 16.15 15.65 15.70 
2016/12/12 15.70 15.75 15.30 15.40 
2016/12/13 15.60 16.35 15.60 15.95 
2016/12/14 16.15 17.50 16.05 17.50 
2016/12/15 17.45 19.25 17.40 18.60 
2016/12/16 18.65 19.40 18.65 19.00 
2016/12/19 19.15 19.30 18.60 18.60 
2016/12/20 18.90 20.45 18.80 20.45 
2016/12/21 20.85 20.85 19.85 19.85 
2016/12/22 19.35 19.55 18.80 18.90 
2016/12/23 18.70 19.65 18.70 18.80 
2016/12/26 19.00 19.25 18.20 18.35 
2016/12/27 18.45 19.75 18.45 18.70 
2016/12/28 18.60 19.20 18.30 18.70 
2016/12/29 18.90 19.80 18.80 19.20 
2016/12/30 19.35 19.60 18.85 18.90 
2017/01/03 19.10 20.70 18.85 19.90 
2017/01/04 19.90 20.15 19.70 19.85 
2017/01/05 20.40 20.40 19.60 19.70 
2017/01/06 19.90 20.05 19.45 19.45 
2017/01/09 19.90 19.90 19.10 19.25 
2017/01/10 19.40 19.40 18.90 18.90 
2017/01/11 19.10 19.20 18.50 18.50 
2017/01/12 18.80 19.10 18.60 18.70 
2017/01/13 18.70 18.80 18.40 18.40 
2017/01/16 18.50 18.55 18.00 18.05 
2017/01/17 18.15 18.30 18.05 18.15 
2017/01/18 18.30 18.30 18.15 18.15 
2017/01/19 18.20 18.40 18.00 18.00 
2017/01/20 18.10 18.10 17.50 17.85 
2017/01/23 17.95 19.35 17.95 19.00 
2017/01/24 19.40 19.50 18.65 18.65 
2017/02/02 18.80 19.00 18.30 18.45 
2017/02/03 18.45 19.50 18.30 19.00 
2017/02/06 19.25 19.80 19.05 19.40 
2017/02/07 19.40 19.50 18.90 18.90 
2017/02/08 18.90 19.75 18.60 19.40 
