2016/07/01 13.80 14.10 13.65 14.00 
2016/07/04 14.10 14.80 14.10 14.50 
2016/07/05 14.70 14.75 14.35 14.50 
2016/07/06 14.50 14.80 14.40 14.75 
2016/07/07 14.90 16.10 14.90 15.85 
2016/07/11 15.85 17.00 15.85 16.80 
2016/07/12 16.90 16.90 15.50 15.70 
2016/07/13 15.70 15.85 15.25 15.40 
2016/07/14 15.80 16.05 15.40 15.50 
2016/07/15 15.45 15.50 15.20 15.45 
2016/07/18 15.65 15.65 14.95 15.20 
2016/07/19 15.15 15.60 15.15 15.25 
2016/07/20 15.40 15.40 15.20 15.25 
2016/07/21 15.40 15.40 15.00 15.25 
2016/07/22 15.30 15.30 15.15 15.20 
2016/07/25 15.30 15.30 15.15 15.15 
2016/07/26 15.30 15.30 15.20 15.30 
2016/07/27 15.05 15.25 15.05 15.15 
2016/07/28 15.50 16.00 15.40 15.50 
2016/07/29 15.55 15.75 15.35 15.50 
2016/08/01 15.70 15.85 15.40 15.70 
2016/08/02 15.65 15.70 15.35 15.35 
2016/08/03 15.25 15.60 15.25 15.40 
2016/08/04 15.45 15.45 15.15 15.20 
2016/08/05 15.35 15.60 15.15 15.40 
2016/08/08 15.30 15.35 14.80 15.00 
2016/08/09 15.00 15.25 14.80 14.90 
2016/08/10 15.10 15.10 14.85 14.85 
2016/08/11 14.90 15.10 14.35 14.60 
2016/08/12 14.85 14.85 14.55 14.60 
2016/08/15 14.40 14.60 14.35 14.35 
2016/08/16 14.50 14.60 14.50 14.60 
2016/08/17 14.60 14.80 14.50 14.60 
2016/08/18 15.05 15.55 14.95 15.20 
2016/08/19 15.40 15.45 14.80 14.80 
2016/08/22 15.05 15.05 14.45 14.70 
2016/08/23 14.75 14.75 14.55 14.70 
2016/08/24 14.75 14.75 14.60 14.60 
2016/08/25 14.30 14.60 14.30 14.60 
2016/08/26 14.40 14.70 14.40 14.70 
2016/08/29 14.70 14.75 14.60 14.75 
2016/08/30 15.10 15.10 14.80 14.95 
2016/08/31 14.95 14.95 14.40 14.55 
2016/09/01 14.65 14.80 14.50 14.65 
2016/09/02 14.50 14.65 14.50 14.60 
2016/09/05 15.00 15.00 14.60 14.80 
2016/09/06 14.85 14.90 14.55 14.70 
2016/09/07 14.85 14.90 14.70 14.70 
2016/09/08 14.85 14.90 14.65 14.80 
2016/09/09 14.80 14.85 14.65 14.80 
2016/09/10 14.75 14.80 14.55 14.60 
2016/09/12 14.70 14.85 14.60 14.80 
2016/09/13 14.80 14.80 14.55 14.70 
2016/09/14 14.75 14.80 14.55 14.60 
2016/09/19 14.90 14.90 14.70 14.70 
2016/09/20 14.70 14.85 14.50 14.65 
2016/09/21 14.70 14.70 14.60 14.70 
2016/09/22 14.80 14.85 14.70 14.80 
2016/09/23 14.90 14.90 14.80 14.80 
2016/09/26 14.80 14.80 14.65 14.80 
2016/09/29 14.50 14.75 14.50 14.50 
2016/09/30 14.50 14.55 14.50 14.50 
2016/10/03 14.65 14.65 14.35 14.50 
2016/10/04 14.55 14.65 14.45 14.60 
2016/10/05 14.55 14.60 14.35 14.50 
2016/10/06 14.50 14.55 14.35 14.50 
2016/10/07 14.35 14.40 14.20 14.40 
2016/10/11 14.40 14.40 14.10 14.15 
2016/10/12 13.90 14.00 13.90 13.95 
2016/10/13 13.95 13.95 13.65 13.90 
2016/10/14 13.95 13.95 13.75 13.85 
2016/10/17 13.95 13.95 13.60 13.75 
2016/10/18 13.50 13.50 13.35 13.50 
2016/10/19 13.65 13.65 13.50 13.55 
2016/10/20 13.60 13.60 13.40 13.60 
2016/10/21 13.60 13.70 13.50 13.60 
2016/10/24 13.60 13.60 13.50 13.60 
2016/10/25 13.60 13.60 13.50 13.60 
2016/10/26 13.70 13.70 13.60 13.70 
2016/10/27 13.60 13.70 13.40 13.65 
2016/10/28 13.65 13.65 13.50 13.60 
2016/10/31 13.60 13.60 13.50 13.60 
2016/11/01 13.55 13.60 13.30 13.50 
2016/11/02 13.60 13.85 13.55 13.65 
2016/11/03 14.05 14.05 13.70 13.80 
2016/11/04 13.90 13.90 13.55 13.70 
2016/11/07 13.70 13.75 13.70 13.70 
2016/11/08 13.85 13.85 13.50 13.75 
2016/11/09 13.70 15.10 13.70 14.60 
2016/11/10 14.20 14.30 13.70 14.10 
2016/11/11 14.00 14.15 13.80 14.10 
2016/11/14 14.05 14.10 13.65 13.85 
2016/11/15 13.70 13.80 13.60 13.80 
2016/11/16 13.80 13.80 13.55 13.70 
2016/11/17 13.80 13.80 13.55 13.60 
2016/11/18 13.70 13.70 13.35 13.65 
2016/11/21 13.65 13.70 13.35 13.70 
2016/11/22 13.75 13.75 13.60 13.70 
2016/11/23 13.70 13.70 13.50 13.70 
2016/11/24 13.70 13.70 13.50 13.70 
2016/11/25 13.70 13.70 13.45 13.50 
2016/11/28 13.50 13.50 13.35 13.50 
2016/11/29 13.50 13.50 13.30 13.40 
2016/11/30 13.40 13.40 13.10 13.30 
2016/12/01 13.30 13.40 13.30 13.40 
2016/12/02 13.40 13.50 13.25 13.40 
2016/12/05 13.30 13.40 13.20 13.20 
2016/12/06 13.25 13.60 13.25 13.50 
2016/12/07 13.60 13.65 13.35 13.55 
2016/12/08 13.55 13.60 13.40 13.50 
2016/12/09 13.55 13.55 13.20 13.50 
2016/12/12 13.50 13.65 13.40 13.55 
2016/12/13 13.60 13.60 13.40 13.55 
2016/12/14 13.55 13.65 13.40 13.65 
2016/12/15 13.60 13.65 13.45 13.50 
2016/12/16 13.55 13.60 13.50 13.60 
2016/12/19 13.55 13.60 13.45 13.55 
2016/12/20 13.60 13.60 13.30 13.60 
2016/12/21 13.60 13.60 13.25 13.30 
2016/12/22 13.35 13.40 13.10 13.20 
2016/12/23 13.25 13.40 13.20 13.40 
2016/12/26 13.40 13.45 13.30 13.40 
2016/12/27 13.40 13.45 13.40 13.45 
2016/12/28 13.50 13.50 13.30 13.45 
2016/12/29 13.35 13.50 13.30 13.45 
2016/12/30 13.50 13.75 13.50 13.60 
2017/01/03 13.65 13.70 13.60 13.65 
2017/01/04 13.65 13.70 13.60 13.65 
2017/01/05 13.65 14.00 13.65 13.90 
2017/01/06 14.15 14.15 13.85 14.10 
2017/01/09 14.20 14.20 13.85 14.00 
2017/01/10 14.35 15.15 14.10 14.65 
2017/01/11 14.65 14.65 14.20 14.30 
2017/01/12 14.45 14.50 14.30 14.40 
2017/01/13 14.35 14.55 14.35 14.40 
2017/01/16 14.40 14.40 14.15 14.40 
2017/01/17 14.35 14.50 14.35 14.50 
2017/01/18 14.55 14.60 14.40 14.40 
2017/01/19 14.40 14.50 14.35 14.40 
2017/01/20 14.30 14.40 14.30 14.40 
2017/01/23 14.25 14.45 14.25 14.45 
2017/01/24 14.45 14.75 14.45 14.60 
2017/02/02 14.60 14.90 14.60 14.75 
2017/02/03 14.75 15.05 14.75 14.90 
2017/02/06 15.00 15.10 14.80 14.90 
2017/02/07 15.05 15.05 14.85 14.95 
2017/02/08 15.00 15.00 14.25 14.60 
