2016/07/01 40.20 40.20 39.80 39.90 
2016/07/04 39.90 40.15 39.85 39.95 
2016/07/05 39.95 41.00 39.85 40.50 
2016/07/06 40.60 40.65 40.00 40.00 
2016/07/07 40.10 40.50 39.85 39.90 
2016/07/11 40.00 40.30 39.80 39.80 
2016/07/12 40.10 40.30 40.05 40.05 
2016/07/13 40.20 40.20 39.85 39.95 
2016/07/14 40.10 40.10 39.90 40.10 
2016/07/15 40.20 41.30 40.20 40.95 
2016/07/18 41.25 41.75 41.25 41.55 
2016/07/19 41.55 42.10 41.10 41.20 
2016/07/20 41.40 41.50 40.70 40.80 
2016/07/21 41.00 41.20 40.80 40.80 
2016/07/22 40.80 41.00 40.55 40.60 
2016/07/25 40.60 40.80 40.10 40.15 
2016/07/26 40.40 40.45 40.10 40.20 
2016/07/27 40.30 40.30 39.85 40.00 
2016/07/28 40.00 40.30 40.00 40.00 
2016/07/29 40.30 40.30 39.90 40.00 
2016/08/01 40.00 40.00 39.85 39.90 
2016/08/02 40.05 40.05 39.80 39.95 
2016/08/03 39.75 40.10 39.70 40.00 
2016/08/04 40.25 40.25 39.85 39.85 
2016/08/05 40.00 40.05 39.85 39.90 
2016/08/08 40.00 40.20 39.85 39.90 
2016/08/09 40.15 40.15 39.55 39.70 
2016/08/10 39.90 39.95 39.65 39.70 
2016/08/11 39.60 39.70 38.70 38.85 
2016/08/12 38.80 39.20 38.70 38.70 
2016/08/15 39.00 39.45 38.80 39.25 
2016/08/16 39.30 39.40 38.85 39.10 
2016/08/17 38.80 38.95 38.55 38.60 
2016/08/18 38.50 38.75 38.45 38.65 
2016/08/19 38.60 38.90 38.60 38.60 
2016/08/22 38.70 38.95 38.50 38.55 
2016/08/23 38.75 39.10 38.65 39.00 
2016/08/24 38.80 38.95 38.75 38.80 
2016/08/25 38.75 39.10 38.60 39.00 
2016/08/26 38.85 38.85 38.55 38.65 
2016/08/29 37.25 37.45 37.05 37.30 
2016/08/30 37.35 37.60 37.15 37.25 
2016/08/31 37.40 37.40 37.05 37.05 
2016/09/01 37.05 37.30 36.90 37.00 
2016/09/02 37.00 37.00 34.90 35.40 
2016/09/05 35.60 36.15 35.50 36.15 
2016/09/06 36.15 36.35 35.80 35.95 
2016/09/07 36.15 36.15 35.70 35.85 
2016/09/08 36.10 36.15 35.75 35.75 
2016/09/09 35.80 36.10 35.70 35.85 
2016/09/10 36.40 37.20 36.10 36.70 
2016/09/12 37.20 37.35 36.50 36.50 
2016/09/13 36.50 36.90 35.30 35.50 
2016/09/14 35.30 35.70 34.75 34.85 
2016/09/19 35.10 35.15 34.90 34.95 
2016/09/20 35.00 35.10 34.70 34.85 
2016/09/21 34.90 35.30 34.80 35.30 
2016/09/22 35.20 35.40 34.95 34.95 
2016/09/23 35.00 35.70 35.00 35.40 
2016/09/26 35.60 35.75 35.40 35.40 
2016/09/29 35.70 36.10 35.50 35.50 
2016/09/30 35.85 36.15 35.80 35.80 
2016/10/03 35.70 35.90 35.25 35.40 
2016/10/04 35.45 35.60 35.40 35.40 
2016/10/05 35.40 35.50 35.20 35.40 
2016/10/06 35.30 35.50 35.05 35.20 
2016/10/07 35.45 35.45 35.15 35.15 
2016/10/11 36.00 36.10 35.10 35.35 
2016/10/12 35.65 38.30 35.45 37.65 
2016/10/13 37.45 37.60 36.85 36.95 
2016/10/14 36.80 37.15 36.05 36.35 
2016/10/17 36.40 36.65 36.05 36.25 
2016/10/18 36.50 36.50 36.00 36.05 
2016/10/19 36.40 36.80 36.20 36.20 
2016/10/20 36.30 36.30 35.90 35.90 
2016/10/21 36.00 36.30 36.00 36.00 
2016/10/24 36.10 36.20 35.70 35.95 
2016/10/25 36.15 36.80 36.15 36.25 
2016/10/26 36.10 36.10 35.85 35.90 
2016/10/27 35.55 35.95 35.40 35.45 
2016/10/28 35.45 35.50 35.30 35.50 
2016/10/31 35.80 35.80 35.10 35.20 
2016/11/01 35.50 36.50 35.50 35.60 
2016/11/02 35.65 36.25 35.50 35.70 
2016/11/03 35.70 36.20 35.50 35.50 
2016/11/04 35.50 36.00 35.00 35.00 
2016/11/07 35.50 35.50 35.00 35.05 
2016/11/08 35.10 35.40 35.10 35.30 
2016/11/09 35.05 35.30 32.40 33.80 
2016/11/10 34.70 35.25 34.70 35.00 
2016/11/11 35.20 35.20 33.60 34.40 
2016/11/14 33.90 34.25 33.80 33.95 
2016/11/15 34.20 34.20 34.00 34.00 
2016/11/16 34.10 34.40 34.05 34.40 
2016/11/17 34.30 34.85 33.85 34.30 
2016/11/18 34.45 34.55 34.10 34.50 
2016/11/21 34.60 34.60 34.20 34.55 
2016/11/22 34.55 34.55 34.25 34.25 
2016/11/23 34.00 34.20 33.75 33.80 
2016/11/24 33.65 34.15 33.60 33.80 
2016/11/25 33.80 34.00 33.75 33.80 
2016/11/28 33.80 34.10 33.80 33.95 
2016/11/29 34.30 34.50 33.90 33.90 
2016/11/30 34.20 34.70 33.90 34.65 
2016/12/01 34.75 35.05 34.50 34.70 
2016/12/02 34.55 34.75 34.25 34.50 
2016/12/05 34.90 34.90 34.20 34.20 
2016/12/06 34.65 34.65 34.20 34.35 
2016/12/07 34.60 34.70 34.30 34.35 
2016/12/08 34.30 34.60 34.30 34.50 
2016/12/09 34.50 34.75 34.40 34.45 
2016/12/12 35.00 35.10 34.65 34.75 
2016/12/13 34.85 34.90 34.70 34.75 
2016/12/14 34.95 34.95 34.05 34.30 
2016/12/15 34.35 34.35 34.00 34.20 
2016/12/16 34.40 34.40 34.15 34.20 
2016/12/19 34.20 34.40 33.85 33.90 
2016/12/20 33.90 34.10 33.90 33.95 
2016/12/21 34.00 34.10 33.80 34.00 
2016/12/22 34.10 35.50 34.05 34.80 
2016/12/23 34.85 35.35 34.80 35.00 
2016/12/26 35.30 35.30 34.65 34.75 
2016/12/27 34.80 35.00 34.50 34.55 
2016/12/28 35.05 35.05 34.55 34.75 
2016/12/29 34.75 34.90 34.65 34.65 
2016/12/30 34.65 34.95 34.60 34.80 
2017/01/03 35.15 35.50 35.00 35.40 
2017/01/04 35.60 35.90 35.50 35.60 
2017/01/05 35.80 35.80 35.35 35.35 
2017/01/06 35.70 35.80 35.40 35.70 
2017/01/09 35.75 35.80 35.20 35.20 
2017/01/10 35.20 35.20 34.85 35.05 
2017/01/11 34.95 34.95 34.55 34.55 
2017/01/12 34.40 34.45 34.35 34.35 
2017/01/13 34.30 34.30 34.05 34.05 
2017/01/16 33.90 34.00 33.90 33.95 
2017/01/17 34.00 34.10 33.95 34.00 
2017/01/18 34.00 34.30 33.90 34.30 
2017/01/19 34.45 34.50 34.35 34.40 
2017/01/20 34.50 34.50 34.25 34.25 
2017/01/23 34.20 34.40 34.10 34.25 
2017/01/24 34.25 34.25 34.00 34.05 
2017/02/02 34.05 34.30 34.00 34.20 
2017/02/03 34.20 34.55 34.20 34.55 
2017/02/06 34.55 34.85 34.50 34.55 
2017/02/07 34.50 34.65 34.40 34.55 
2017/02/08 34.50 35.10 34.40 34.95 
