2016/07/01 36.00 36.20 35.75 35.85 
2016/07/04 36.00 36.20 35.85 36.10 
2016/07/05 36.15 36.15 35.75 35.85 
2016/07/06 35.75 35.75 35.50 35.60 
2016/07/07 35.75 35.75 35.15 35.35 
2016/07/11 35.45 35.90 35.30 35.50 
2016/07/12 35.40 36.85 35.40 36.35 
2016/07/13 36.75 36.75 36.10 36.40 
2016/07/14 35.90 37.10 35.90 36.70 
2016/07/15 36.90 38.20 36.90 37.75 
2016/07/18 38.10 39.10 38.10 38.45 
2016/07/19 38.65 38.65 37.60 37.65 
2016/07/20 37.45 38.20 37.35 37.90 
2016/07/21 38.15 38.70 37.80 38.10 
2016/07/22 38.20 38.70 38.05 38.15 
2016/07/25 38.30 38.70 37.95 38.70 
2016/07/26 34.80 35.30 34.70 35.00 
2016/07/27 35.00 35.85 34.80 35.30 
2016/07/28 35.75 35.75 34.80 34.90 
2016/07/29 35.00 35.15 34.60 34.75 
2016/08/01 34.80 35.10 34.70 35.10 
2016/08/02 35.05 35.10 34.55 34.70 
2016/08/03 34.55 34.60 34.30 34.35 
2016/08/04 34.50 34.70 34.20 34.35 
2016/08/05 34.40 34.75 34.40 34.55 
2016/08/08 34.95 35.15 34.65 34.80 
2016/08/09 34.80 34.90 33.85 33.90 
2016/08/10 33.90 34.35 33.30 33.40 
2016/08/11 33.10 33.10 32.30 32.45 
2016/08/12 32.45 32.90 32.00 32.05 
2016/08/15 32.10 32.15 30.95 31.25 
2016/08/16 31.20 32.70 30.85 32.40 
2016/08/17 32.30 33.25 32.30 32.55 
2016/08/18 32.60 33.55 32.40 33.45 
2016/08/19 33.45 33.85 33.25 33.70 
2016/08/22 33.80 34.10 33.30 33.40 
2016/08/23 33.20 34.00 33.20 33.70 
2016/08/24 34.00 35.00 33.70 34.80 
2016/08/25 34.80 35.45 34.70 35.25 
2016/08/26 35.05 35.50 35.05 35.40 
2016/08/29 35.40 35.50 34.70 35.20 
2016/08/30 35.10 35.40 34.85 35.40 
2016/08/31 35.40 35.40 34.95 35.00 
2016/09/01 35.20 35.30 34.95 34.95 
2016/09/02 34.95 35.00 34.30 34.70 
2016/09/05 34.80 35.35 34.80 34.85 
2016/09/06 34.90 35.25 34.65 35.20 
2016/09/07 35.70 36.85 35.70 36.70 
2016/09/08 36.85 36.95 36.20 36.35 
2016/09/09 36.20 36.50 35.80 36.35 
2016/09/10 35.90 36.00 35.20 36.00 
2016/09/12 36.20 36.20 35.70 36.00 
2016/09/13 36.00 36.05 35.40 35.60 
2016/09/14 35.10 36.40 35.10 36.05 
2016/09/19 36.05 37.80 36.05 37.70 
2016/09/20 37.60 37.85 37.10 37.85 
2016/09/21 37.80 38.50 37.40 38.05 
2016/09/22 38.05 38.20 37.65 38.00 
2016/09/23 38.00 38.05 37.05 37.60 
2016/09/26 37.40 37.60 37.15 37.55 
2016/09/29 37.60 38.15 37.55 38.00 
2016/09/30 37.95 37.95 37.40 37.50 
2016/10/03 37.65 38.50 37.65 38.00 
2016/10/04 38.25 39.65 38.05 39.10 
2016/10/05 39.00 40.15 39.00 40.00 
2016/10/06 40.30 40.30 39.00 39.05 
2016/10/07 39.50 40.00 38.80 39.50 
2016/10/11 39.50 40.00 38.80 38.95 
2016/10/12 38.95 39.40 38.55 39.30 
2016/10/13 39.30 39.30 38.85 38.90 
2016/10/14 38.80 38.80 38.00 38.05 
2016/10/17 38.10 38.60 37.15 38.50 
2016/10/18 38.50 39.20 38.50 38.95 
2016/10/19 39.00 39.05 38.50 39.00 
2016/10/20 38.70 39.05 38.70 39.00 
2016/10/21 38.75 39.10 38.75 39.10 
2016/10/24 39.10 39.25 38.95 39.20 
2016/10/25 39.00 39.30 38.80 39.25 
2016/10/26 38.85 39.20 38.80 39.20 
2016/10/27 39.20 39.20 38.60 38.70 
2016/10/28 38.70 38.70 37.80 37.80 
2016/10/31 37.50 38.20 37.50 37.85 
2016/11/01 37.80 38.20 37.40 37.80 
2016/11/02 37.50 38.15 36.80 36.85 
2016/11/03 36.80 37.10 35.30 36.00 
2016/11/04 36.00 36.50 35.70 36.15 
2016/11/07 36.30 36.85 36.30 36.75 
2016/11/08 36.90 36.90 35.80 36.30 
2016/11/09 36.35 36.70 35.00 35.05 
2016/11/10 35.80 37.10 35.80 36.40 
2016/11/11 36.70 36.70 35.70 36.40 
2016/11/14 36.40 36.70 35.50 36.50 
2016/11/15 36.10 36.85 36.10 36.50 
2016/11/16 36.90 37.00 36.50 36.70 
2016/11/17 36.70 36.80 36.30 36.80 
2016/11/18 36.80 37.00 36.35 36.90 
2016/11/21 36.90 36.90 36.45 36.60 
2016/11/22 37.00 37.65 36.75 37.40 
2016/11/23 37.40 37.75 37.25 37.30 
2016/11/24 37.15 37.60 37.00 37.50 
2016/11/25 37.35 37.70 37.20 37.65 
2016/11/28 37.90 37.95 37.50 37.50 
2016/11/29 37.80 37.80 37.35 37.45 
2016/11/30 37.50 37.55 37.20 37.45 
2016/12/01 37.40 37.40 37.05 37.30 
2016/12/02 37.25 37.25 36.90 36.95 
2016/12/05 36.90 37.05 36.90 36.90 
2016/12/06 36.90 37.30 36.80 36.90 
2016/12/07 36.90 37.00 36.80 36.85 
2016/12/08 36.90 38.40 36.90 38.25 
2016/12/09 38.50 38.75 37.95 38.00 
2016/12/12 38.00 38.00 37.40 37.40 
2016/12/13 37.40 37.90 37.10 37.20 
2016/12/14 37.30 37.55 37.05 37.10 
2016/12/15 36.90 37.35 36.40 37.05 
2016/12/16 37.00 37.30 36.90 36.90 
2016/12/19 37.35 37.35 36.80 36.85 
2016/12/20 36.85 37.20 36.70 36.85 
2016/12/21 36.80 37.20 36.50 36.65 
2016/12/22 36.65 37.05 36.65 36.85 
2016/12/23 37.10 37.95 36.80 37.85 
2016/12/26 37.80 38.05 37.10 37.20 
2016/12/27 37.20 37.45 37.00 37.15 
2016/12/28 37.05 37.55 37.05 37.05 
2016/12/29 37.05 37.35 37.00 37.05 
2016/12/30 37.40 37.40 37.10 37.25 
2017/01/03 37.20 37.30 37.05 37.05 
2017/01/04 37.05 37.25 37.05 37.15 
2017/01/05 37.20 38.10 37.15 37.85 
2017/01/06 38.00 38.05 37.65 37.65 
2017/01/09 37.65 37.85 37.25 37.25 
2017/01/10 37.25 37.60 37.15 37.15 
2017/01/11 37.20 37.50 37.05 37.30 
2017/01/12 37.30 37.45 37.15 37.20 
2017/01/13 37.20 37.50 37.10 37.10 
2017/01/16 37.20 37.25 37.10 37.10 
2017/01/17 37.15 37.50 37.15 37.45 
2017/01/18 37.45 37.50 37.35 37.50 
2017/01/19 37.50 37.50 37.25 37.30 
2017/01/20 37.50 37.50 37.30 37.40 
2017/01/23 37.40 37.55 37.25 37.30 
2017/01/24 37.30 37.45 37.25 37.40 
2017/02/02 37.40 37.60 37.20 37.30 
2017/02/03 37.30 37.30 37.05 37.05 
2017/02/06 37.05 37.30 36.95 37.00 
2017/02/07 37.00 37.10 36.80 36.80 
2017/02/08 36.75 37.40 36.70 36.95 
