2016/07/01 26.35 26.35 26.05 26.30 
2016/07/04 26.00 26.30 26.00 26.30 
2016/07/05 27.80 28.90 27.65 28.90 
2016/07/06 28.90 30.30 28.30 29.50 
2016/07/07 29.00 29.40 28.20 28.80 
2016/07/11 29.00 29.00 27.80 27.80 
2016/07/12 27.80 28.40 27.70 27.80 
2016/07/13 27.80 28.30 27.80 27.90 
2016/07/14 27.90 27.90 27.65 27.70 
2016/07/15 28.20 28.20 27.80 28.15 
2016/07/18 28.15 29.20 28.10 28.60 
2016/07/19 28.30 28.30 28.10 28.20 
2016/07/20 28.20 28.20 28.00 28.00 
2016/07/21 28.45 28.50 27.80 27.80 
2016/07/22 27.80 28.00 27.80 28.00 
2016/07/25 27.85 27.85 27.45 27.45 
2016/07/26 27.55 27.55 27.00 27.00 
2016/07/27 27.20 27.20 26.75 26.75 
2016/07/28 26.75 27.00 26.50 26.55 
2016/07/29 26.55 26.65 26.30 26.60 
2016/08/01 26.50 26.60 26.50 26.60 
2016/08/02 26.65 26.65 26.35 26.50 
2016/08/03 26.20 26.55 26.00 26.55 
2016/08/04 26.90 26.90 26.05 26.55 
2016/08/05 26.00 26.50 26.00 26.50 
2016/08/08 26.15 26.15 26.10 26.15 
2016/08/09 26.15 26.15 25.60 26.00 
2016/08/10 26.00 26.85 26.00 26.85 
2016/08/11 26.50 26.50 26.15 26.15 
2016/08/12 26.10 26.50 26.00 26.50 
2016/08/15 26.15 26.15 26.00 26.00 
2016/08/16 26.00 26.00 26.00 26.00 
2016/08/17 26.10 26.10 26.00 26.00 
2016/08/18 26.00 26.00 25.70 25.95 
2016/08/19 25.90 25.90 25.70 25.80 
2016/08/22 25.25 25.40 24.70 25.40 
2016/08/23 25.40 25.40 25.10 25.10 
2016/08/24 25.10 25.25 24.70 25.10 
2016/08/25 25.00 25.00 25.00 25.00 
2016/08/26 25.00 25.05 25.00 25.05 
2016/08/29 25.05 25.60 25.05 25.05 
2016/08/30 25.00 25.00 25.00 25.00 
2016/08/31 24.80 24.80 24.80 24.80 
2016/09/01 24.90 24.90 24.80 24.80 
2016/09/02 24.95 24.95 24.25 24.25 
2016/09/05 24.25 25.80 24.25 25.00 
2016/09/06 25.00 25.00 24.70 24.70 
2016/09/07 24.50 25.00 24.50 25.00 
2016/09/08 25.00 25.50 24.80 25.50 
2016/09/09 25.70 25.70 25.10 25.50 
2016/09/10 24.75 25.40 24.70 25.40 
2016/09/12 24.70 25.00 24.70 24.75 
2016/09/13 24.90 24.90 24.50 24.50 
2016/09/14 24.50 25.20 24.50 25.20 
2016/09/19 25.10 25.10 24.70 24.80 
2016/09/20 24.30 24.80 24.30 24.80 
2016/09/21 24.60 24.80 24.60 24.80 
2016/09/22 24.60 24.60 24.50 24.50 
2016/09/23 24.50 24.55 24.50 24.55 
2016/09/26 24.55 24.60 24.55 24.60 
2016/09/29 24.60 24.85 24.20 24.85 
2016/09/30 24.95 25.00 24.50 24.80 
2016/10/03 23.90 24.45 23.90 24.40 
2016/10/04 24.40 24.50 24.20 24.40 
2016/10/05 24.15 24.50 24.15 24.50 
2016/10/06 24.50 24.50 24.30 24.30 
2016/10/07 24.40 24.40 24.15 24.40 
2016/10/11 25.00 25.00 24.00 24.15 
2016/10/12 24.05 24.05 24.00 24.00 
2016/10/13 24.00 24.60 24.00 24.20 
2016/10/14 24.15 24.15 24.00 24.00 
2016/10/17 24.00 24.00 24.00 24.00 
2016/10/18 22.50 23.50 22.25 22.80 
2016/10/19 23.00 23.00 22.45 22.90 
2016/10/20 22.90 22.90 22.30 22.50 
2016/10/21 22.75 22.80 22.75 22.75 
2016/10/24 22.50 22.75 22.50 22.50 
2016/10/25 22.50 22.50 22.35 22.50 
2016/10/26 22.20 22.45 21.90 22.45 
2016/10/27 22.10 22.45 21.80 22.45 
2016/10/28 22.45 22.60 22.00 22.60 
2016/10/31 22.60 22.60 22.25 22.60 
2016/11/01 22.25 22.30 22.25 22.30 
2016/11/02 22.10 22.10 22.10 22.10 
2016/11/03 22.10 22.80 22.00 22.80 
2016/11/04 22.85 23.20 22.85 23.00 
2016/11/07 22.30 22.40 22.30 22.30 
2016/11/08 22.20 22.20 21.80 21.80 
2016/11/09 21.80 21.80 20.10 21.80 
2016/11/10 22.20 22.20 21.25 22.15 
2016/11/11 21.05 22.00 21.05 21.60 
2016/11/14 21.60 21.60 21.60 21.60 
2016/11/15 21.00 21.50 20.95 21.05 
2016/11/16 21.00 21.50 21.00 21.20 
2016/11/17 21.15 21.95 21.10 21.35 
2016/11/18 21.60 21.70 21.20 21.60 
2016/11/21 21.40 21.50 21.35 21.50 
2016/11/22 21.50 21.55 21.30 21.35 
2016/11/23 21.45 21.75 21.45 21.60 
2016/11/24 22.00 22.00 21.65 21.85 
2016/11/25 21.85 22.20 21.85 21.90 
2016/11/28 22.00 22.00 21.80 21.80 
2016/11/29 22.00 23.95 22.00 23.95 
2016/11/30 24.40 24.90 23.50 23.50 
2016/12/01 23.80 23.80 22.80 22.80 
2016/12/02 22.90 23.50 22.85 23.00 
2016/12/05 23.50 23.75 22.60 22.60 
2016/12/06 22.60 22.80 22.60 22.80 
2016/12/07 22.55 22.55 22.50 22.55 
2016/12/08 22.45 22.60 22.40 22.60 
2016/12/09 22.80 23.90 22.80 23.40 
2016/12/12 23.40 23.80 22.70 23.55 
2016/12/13 23.00 23.30 22.70 23.30 
2016/12/14 23.30 23.30 22.85 23.10 
2016/12/15 22.70 23.75 22.70 23.75 
2016/12/16 23.80 23.80 23.35 23.75 
2016/12/19 23.10 23.30 22.90 22.90 
2016/12/20 22.85 22.85 22.85 22.85 
2016/12/21 22.15 22.95 22.15 22.50 
2016/12/22 22.35 22.95 22.30 22.60 
2016/12/23 22.65 22.65 22.60 22.60 
2016/12/26 22.30 22.40 22.30 22.40 
2016/12/27 22.40 22.40 22.05 22.05 
2016/12/28 22.10 22.10 22.05 22.05 
2016/12/29 21.55 24.25 21.55 24.25 
2016/12/30 24.25 26.65 24.00 26.20 
2017/01/03 26.15 27.95 24.15 25.50 
2017/01/04 25.20 25.50 23.55 24.45 
2017/01/05 24.50 24.70 24.05 24.15 
2017/01/06 24.70 25.10 23.65 23.75 
2017/01/09 23.75 23.75 23.40 23.40 
2017/01/10 23.25 23.25 22.55 22.80 
2017/01/11 22.80 23.40 22.80 23.15 
2017/01/12 23.15 23.15 23.00 23.00 
2017/01/13 23.05 23.05 22.45 22.75 
2017/01/16 22.10 22.50 22.10 22.50 
2017/01/17 22.45 22.90 22.30 22.70 
2017/01/18 22.65 22.70 22.50 22.55 
2017/01/19 22.80 24.55 22.80 23.75 
2017/01/20 23.40 23.60 23.20 23.25 
2017/01/23 23.40 23.65 22.80 22.90 
2017/01/24 22.90 23.00 22.75 23.00 
2017/02/02 22.70 23.35 22.60 22.75 
2017/02/03 23.05 23.05 22.50 22.75 
2017/02/06 22.90 23.25 22.85 22.85 
2017/02/07 22.80 22.80 22.80 22.80 
2017/02/08 23.10 23.25 22.90 23.05 
