2016/07/01 20.50 20.50 20.30 20.45 
2016/07/04 20.60 20.60 20.30 20.30 
2016/07/05 20.25 20.25 20.10 20.15 
2016/07/06 20.10 20.20 20.05 20.10 
2016/07/07 20.20 20.70 20.20 20.40 
2016/07/11 20.70 20.70 20.10 20.20 
2016/07/12 20.45 20.75 20.25 20.25 
2016/07/13 20.50 20.65 20.25 20.50 
2016/07/14 20.40 20.50 20.25 20.50 
2016/07/15 20.55 21.00 20.15 20.35 
2016/07/18 20.25 20.50 20.25 20.25 
2016/07/19 20.25 20.70 19.85 20.70 
2016/07/20 21.00 22.75 20.95 22.75 
2016/07/21 23.50 23.55 22.00 22.10 
2016/07/22 22.05 23.00 21.75 22.20 
2016/07/25 22.20 22.30 21.00 21.30 
2016/07/26 21.50 21.70 21.35 21.50 
2016/07/27 21.90 21.90 21.50 21.60 
2016/07/28 22.10 22.10 21.60 21.65 
2016/07/29 21.80 21.80 21.40 21.40 
2016/08/01 21.40 21.60 21.25 21.25 
2016/08/02 21.05 21.35 21.05 21.30 
2016/08/03 21.30 22.30 21.25 21.80 
2016/08/04 21.90 21.90 21.60 21.65 
2016/08/05 21.70 21.80 21.55 21.55 
2016/08/08 21.55 22.25 21.55 21.70 
2016/08/09 22.20 22.80 22.00 22.20 
2016/08/10 22.25 22.30 21.70 22.00 
2016/08/11 21.50 21.75 21.20 21.60 
2016/08/12 21.80 22.25 21.80 22.00 
2016/08/15 22.00 24.20 21.90 23.70 
2016/08/16 23.65 24.35 23.50 23.60 
2016/08/17 23.60 23.85 23.15 23.35 
2016/08/18 23.70 23.70 23.20 23.50 
2016/08/19 23.25 23.30 22.50 22.90 
2016/08/22 23.00 23.20 22.80 23.20 
2016/08/23 23.25 23.30 23.10 23.15 
2016/08/24 23.15 23.15 22.55 22.55 
2016/08/25 22.60 22.60 22.30 22.50 
2016/08/26 22.40 23.05 22.40 22.95 
2016/08/29 23.10 23.10 22.80 23.00 
2016/08/30 23.00 23.50 23.00 23.30 
2016/08/31 23.30 24.20 23.20 23.50 
2016/09/01 23.65 23.65 23.35 23.35 
2016/09/02 23.45 23.75 23.30 23.75 
2016/09/05 24.00 25.80 23.65 23.65 
2016/09/06 23.65 23.90 23.45 23.85 
2016/09/07 23.85 24.25 23.80 24.00 
2016/09/08 23.70 23.90 23.40 23.40 
2016/09/09 25.00 25.70 24.55 25.70 
2016/09/10 25.70 28.25 25.70 28.25 
2016/09/12 29.80 30.90 28.35 30.70 
2016/09/13 30.70 31.50 28.50 28.80 
2016/09/14 29.20 31.45 29.00 30.20 
2016/09/19 30.90 33.20 30.30 33.20 
2016/09/20 33.60 34.70 32.60 32.80 
2016/09/21 32.80 33.75 31.80 32.75 
2016/09/22 33.00 33.25 31.75 31.75 
2016/09/23 31.80 33.85 31.05 31.40 
2016/09/26 31.50 32.00 30.65 30.65 
2016/09/29 31.30 31.30 29.55 29.55 
2016/09/30 29.50 30.50 29.50 29.85 
2016/10/03 29.85 30.15 28.70 28.80 
2016/10/04 29.35 31.65 29.15 31.65 
2016/10/05 30.85 31.65 30.30 30.75 
2016/10/06 30.45 31.90 30.30 30.30 
2016/10/07 30.80 30.80 29.80 29.80 
2016/10/11 29.45 31.00 26.85 27.30 
2016/10/12 26.80 28.10 26.80 27.30 
2016/10/13 27.75 27.80 27.20 27.20 
2016/10/14 27.05 27.20 25.50 25.50 
2016/10/17 26.05 26.80 25.70 26.05 
2016/10/18 26.55 27.20 26.25 26.45 
2016/10/19 26.45 27.80 26.45 26.90 
2016/10/20 27.10 27.40 26.60 26.60 
2016/10/21 27.40 27.40 26.50 26.70 
2016/10/24 26.90 27.10 26.50 26.55 
2016/10/25 27.00 28.40 26.90 27.70 
2016/10/26 28.30 28.30 27.70 27.70 
2016/10/27 28.15 28.15 27.10 27.10 
2016/10/28 27.15 27.40 26.60 26.80 
2016/10/31 26.80 27.30 26.70 27.10 
2016/11/01 27.35 27.35 26.85 26.95 
2016/11/02 26.70 26.75 25.70 25.70 
2016/11/03 25.50 26.20 24.10 24.30 
2016/11/04 24.50 24.95 24.30 24.30 
2016/11/07 24.70 24.95 24.10 24.50 
2016/11/08 24.80 24.80 24.10 24.40 
2016/11/09 24.00 24.00 22.40 22.40 
2016/11/10 23.00 24.30 23.00 23.60 
2016/11/11 23.60 23.60 22.80 22.80 
2016/11/14 22.55 23.10 22.40 22.70 
2016/11/15 22.70 22.95 22.50 22.50 
2016/11/16 22.50 23.80 22.50 23.10 
2016/11/17 23.10 23.70 23.10 23.20 
2016/11/18 23.25 23.70 23.20 23.60 
2016/11/21 23.60 24.15 23.60 23.60 
2016/11/22 23.60 23.85 23.60 23.65 
2016/11/23 23.70 25.70 23.70 24.65 
2016/11/24 25.30 25.30 24.30 24.35 
2016/11/25 24.60 24.60 24.00 24.00 
2016/11/28 24.60 24.65 24.20 24.20 
2016/11/29 24.20 24.40 24.10 24.20 
2016/11/30 24.40 24.60 24.05 24.10 
2016/12/01 24.30 25.00 24.15 24.55 
2016/12/02 24.35 24.65 24.30 24.60 
2016/12/05 24.55 24.65 24.30 24.65 
2016/12/06 24.60 24.90 24.35 24.40 
2016/12/07 24.45 24.45 24.10 24.20 
2016/12/08 24.25 25.00 24.05 24.45 
2016/12/09 24.35 24.80 24.10 24.10 
2016/12/12 24.35 24.40 24.05 24.10 
2016/12/13 24.00 24.00 23.75 23.75 
2016/12/14 23.80 24.20 23.80 23.90 
2016/12/15 24.20 24.30 24.10 24.10 
2016/12/16 24.20 26.50 24.20 26.50 
2016/12/19 27.50 27.90 26.10 26.35 
2016/12/20 26.40 26.85 25.45 25.55 
2016/12/21 25.80 26.20 25.55 25.60 
2016/12/22 25.75 25.80 25.05 25.10 
2016/12/23 25.10 25.10 24.80 24.80 
2016/12/26 24.90 25.20 24.80 24.85 
2016/12/27 24.85 25.00 24.85 24.90 
2016/12/28 25.65 25.65 25.00 25.00 
2016/12/29 25.00 25.10 24.80 24.80 
2016/12/30 24.90 25.10 24.80 24.85 
2017/01/03 24.85 25.15 24.85 24.95 
2017/01/04 24.95 25.15 24.70 25.00 
2017/01/05 25.25 25.40 25.15 25.20 
2017/01/06 25.60 25.60 25.10 25.10 
2017/01/09 24.95 25.30 24.90 24.95 
2017/01/10 25.50 26.90 25.50 26.00 
2017/01/11 25.75 26.00 25.60 25.80 
2017/01/12 25.90 26.45 25.50 25.90 
2017/01/13 25.90 26.40 25.90 26.00 
2017/01/16 25.80 25.90 25.55 25.60 
2017/01/17 25.80 26.20 25.75 25.75 
2017/01/18 25.90 26.00 25.60 26.00 
2017/01/19 25.95 26.10 25.80 26.05 
2017/01/20 26.35 26.35 25.60 25.60 
2017/01/23 25.65 25.75 25.30 25.30 
2017/01/24 25.30 25.30 25.00 25.10 
2017/02/02 25.10 25.15 25.00 25.10 
2017/02/03 25.15 25.60 25.10 25.35 
2017/02/06 25.70 26.00 25.60 25.75 
2017/02/07 25.75 25.80 25.50 25.50 
2017/02/08 25.80 26.35 25.80 26.20 
