2016/07/01 27.35 27.55 27.35 27.40 
2016/07/04 27.40 27.50 27.40 27.50 
2016/07/05 27.40 27.60 27.15 27.55 
2016/07/06 27.40 27.95 27.30 27.60 
2016/07/07 27.65 27.65 27.30 27.60 
2016/07/11 26.60 26.70 26.15 26.40 
2016/07/12 26.45 26.45 25.80 26.30 
2016/07/13 26.35 26.35 26.05 26.20 
2016/07/14 26.00 26.40 26.00 26.15 
2016/07/15 26.15 26.50 26.15 26.20 
2016/07/18 25.10 25.20 24.85 24.95 
2016/07/19 24.90 25.05 24.75 25.00 
2016/07/20 24.65 24.95 24.65 24.75 
2016/07/21 24.80 24.95 24.75 24.75 
2016/07/22 24.75 24.95 24.55 24.95 
2016/07/25 25.00 25.00 24.65 24.95 
2016/07/26 24.95 25.15 24.95 25.00 
2016/07/27 24.90 25.10 24.75 25.10 
2016/07/28 24.95 25.00 24.55 24.85 
2016/07/29 24.65 24.90 24.60 24.90 
2016/08/01 24.90 24.95 24.75 24.90 
2016/08/02 24.90 24.90 24.75 24.85 
2016/08/03 24.65 24.85 24.65 24.85 
2016/08/04 24.70 24.80 24.65 24.80 
2016/08/05 24.80 25.45 24.75 25.20 
2016/08/08 25.35 25.35 24.75 25.10 
2016/08/09 25.00 25.05 24.70 24.90 
2016/08/10 24.75 24.85 24.70 24.85 
2016/08/11 25.00 25.05 24.85 25.05 
2016/08/12 25.20 26.20 25.15 25.95 
2016/08/15 26.00 26.60 26.00 26.25 
2016/08/16 26.65 26.65 26.10 26.25 
2016/08/17 26.40 26.40 25.95 26.25 
2016/08/18 26.40 27.00 26.40 26.85 
2016/08/19 26.70 26.70 26.25 26.45 
2016/08/22 26.70 26.70 26.20 26.25 
2016/08/23 26.60 26.60 26.15 26.20 
2016/08/24 26.30 26.35 26.25 26.35 
2016/08/25 26.40 26.45 26.30 26.40 
2016/08/26 26.25 27.80 26.20 27.35 
2016/08/29 27.35 27.35 26.75 27.00 
2016/08/30 26.85 27.10 26.85 27.00 
2016/08/31 26.70 26.90 26.70 26.80 
2016/09/01 26.80 26.90 26.65 26.85 
2016/09/02 26.70 26.90 26.40 26.90 
2016/09/05 26.90 26.90 26.25 26.35 
2016/09/06 26.20 26.30 25.80 26.25 
2016/09/07 26.25 26.40 26.00 26.00 
2016/09/08 26.00 26.25 25.90 26.25 
2016/09/09 26.45 26.90 26.25 26.55 
2016/09/10 26.40 26.40 26.10 26.35 
2016/09/12 26.50 26.50 26.10 26.30 
2016/09/13 26.25 26.35 26.10 26.35 
2016/09/14 26.35 26.35 26.05 26.05 
2016/09/19 26.15 26.20 26.05 26.20 
2016/09/20 26.15 26.25 26.15 26.25 
2016/09/21 26.40 26.50 26.25 26.45 
2016/09/22 26.45 26.55 26.45 26.50 
2016/09/23 26.65 26.65 26.30 26.40 
2016/09/26 26.40 26.40 26.25 26.40 
2016/09/29 26.40 26.75 26.40 26.75 
2016/09/30 26.75 26.95 26.55 26.95 
2016/10/03 26.90 26.95 26.70 26.80 
2016/10/04 26.60 26.80 26.60 26.80 
2016/10/05 26.80 26.90 26.55 26.55 
2016/10/06 26.55 26.55 26.15 26.50 
2016/10/07 26.50 26.55 26.30 26.55 
2016/10/11 26.70 26.70 25.80 26.40 
2016/10/12 26.05 26.30 26.00 26.30 
2016/10/13 26.35 26.35 26.05 26.15 
2016/10/14 26.30 26.30 25.85 25.85 
2016/10/17 25.90 26.15 25.55 25.80 
2016/10/18 25.80 25.80 25.55 25.75 
2016/10/19 25.75 25.90 25.60 25.90 
2016/10/20 25.70 26.00 25.70 25.95 
2016/10/21 25.95 26.10 25.85 26.00 
2016/10/24 26.00 26.20 25.95 26.20 
2016/10/25 26.50 27.80 26.50 26.70 
2016/10/26 26.80 27.00 26.60 26.60 
2016/10/27 27.10 27.10 26.55 26.65 
2016/10/28 27.45 27.45 26.80 27.05 
2016/10/31 28.40 28.80 27.60 28.20 
2016/11/01 28.40 28.50 27.75 27.85 
2016/11/02 28.00 28.05 27.60 27.90 
2016/11/03 28.20 28.40 27.85 28.00 
2016/11/04 28.35 29.35 28.35 29.10 
2016/11/07 29.60 30.30 29.15 29.25 
2016/11/08 29.30 29.75 28.50 28.75 
2016/11/09 29.00 29.00 26.80 26.80 
2016/11/10 27.60 28.25 27.50 27.95 
2016/11/11 27.95 27.95 27.15 27.50 
2016/11/14 27.95 27.95 27.20 27.50 
2016/11/15 28.00 28.00 27.60 27.70 
2016/11/16 28.00 28.00 27.80 27.80 
2016/11/17 27.90 28.10 27.35 27.45 
2016/11/18 27.45 27.50 27.30 27.45 
2016/11/21 27.50 28.25 27.50 28.00 
2016/11/22 28.30 28.45 27.90 27.90 
2016/11/23 28.00 28.75 28.00 28.30 
2016/11/24 28.60 28.60 28.10 28.25 
2016/11/25 28.25 28.35 28.00 28.35 
2016/11/28 28.55 29.45 28.50 28.80 
2016/11/29 29.20 29.70 29.00 29.05 
2016/11/30 29.70 31.95 29.60 31.95 
2016/12/01 32.00 33.90 32.00 33.20 
2016/12/02 33.50 34.10 32.75 33.35 
2016/12/05 34.00 34.00 32.55 33.05 
2016/12/06 32.25 33.50 31.90 32.00 
2016/12/07 32.40 32.45 31.80 32.45 
2016/12/08 32.80 33.40 32.55 32.60 
2016/12/09 33.50 33.80 32.80 32.95 
2016/12/12 33.05 33.05 32.30 32.40 
2016/12/13 32.50 32.65 30.75 31.40 
2016/12/14 31.75 31.80 31.25 31.25 
2016/12/15 31.05 31.90 31.00 31.70 
2016/12/16 31.85 32.40 31.85 32.20 
2016/12/19 32.45 32.45 31.55 31.65 
2016/12/20 31.65 31.75 31.25 31.25 
2016/12/21 31.80 34.35 31.80 34.35 
2016/12/22 34.95 35.50 34.35 34.90 
2016/12/23 35.05 36.00 33.40 33.50 
2016/12/26 33.60 34.75 33.60 34.65 
2016/12/27 34.90 35.00 33.95 34.20 
2016/12/28 34.50 34.50 34.05 34.15 
2016/12/29 34.35 35.35 34.25 34.25 
2016/12/30 34.95 34.95 34.05 34.30 
2017/01/03 34.75 34.85 34.05 34.25 
2017/01/04 34.60 34.75 34.15 34.30 
2017/01/05 34.20 34.75 33.60 33.80 
2017/01/06 33.90 34.75 33.35 34.10 
2017/01/09 34.45 34.45 33.50 33.75 
2017/01/10 34.30 35.15 33.75 34.00 
2017/01/11 34.05 34.35 33.55 33.85 
2017/01/12 34.30 34.30 33.80 33.80 
2017/01/13 34.00 34.90 34.00 34.90 
2017/01/16 35.05 36.20 34.45 34.45 
2017/01/17 34.45 34.60 34.15 34.15 
2017/01/18 34.40 34.40 33.80 33.85 
2017/01/19 33.90 33.90 33.20 33.20 
2017/01/20 33.00 33.60 32.80 32.90 
2017/01/23 32.90 33.20 32.55 32.80 
2017/01/24 33.00 33.25 32.80 32.85 
2017/02/02 32.85 33.20 32.80 33.15 
2017/02/03 33.30 33.60 32.95 33.50 
2017/02/06 33.80 33.80 33.25 33.35 
2017/02/07 33.40 33.65 33.20 33.40 
2017/02/08 33.75 33.75 33.15 33.35 
