2016/07/01 98.60 99.00 98.30 98.30 
2016/07/04 98.30 98.30 98.30 98.30 
2016/07/05 98.80 98.90 98.50 98.50 
2016/07/06 98.50 98.50 97.00 98.50 
2016/07/07 97.50 97.50 96.50 97.30 
2016/07/11 97.00 98.40 96.60 97.30 
2016/07/12 97.30 98.00 96.60 98.00 
2016/07/13 98.00 98.00 97.40 97.40 
2016/07/14 96.90 99.10 96.90 99.00 
2016/07/15 100.50 100.50 99.10 99.50 
2016/07/18 99.50 100.00 99.00 99.00 
2016/07/19 98.50 99.60 96.00 98.80 
2016/07/20 98.00 98.50 97.50 98.40 
2016/07/21 99.00 99.00 98.30 98.40 
2016/07/22 98.40 98.90 98.30 98.90 
2016/07/25 98.40 99.00 98.00 98.30 
2016/07/26 98.50 98.50 97.00 98.40 
2016/07/27 97.60 98.30 97.60 97.60 
2016/07/28 97.50 98.10 97.50 97.60 
2016/07/29 98.40 98.40 98.00 98.00 
2016/08/01 98.10 98.10 97.80 97.80 
2016/08/02 97.80 99.50 97.80 99.30 
2016/08/03 99.50 99.50 99.30 99.40 
2016/08/04 99.50 99.90 98.70 98.70 
2016/08/05 98.30 99.50 98.30 98.40 
2016/08/08 98.50 102.00 98.50 101.50 
2016/08/09 102.00 104.00 101.50 101.50 
2016/08/10 101.50 101.50 100.00 100.00 
2016/08/11 99.20 100.50 99.00 99.20 
2016/08/12 101.00 101.00 99.80 100.00 
2016/08/15 100.50 101.00 100.50 100.50 
2016/08/16 100.00 100.50 99.00 100.50 
2016/08/17 100.50 100.50 99.00 99.50 
2016/08/18 100.00 100.00 99.50 99.50 
2016/08/19 99.10 99.10 98.00 98.30 
2016/08/22 98.30 98.50 97.50 98.50 
2016/08/23 97.70 98.50 97.50 98.40 
2016/08/24 98.90 98.90 97.80 98.50 
2016/08/25 98.50 98.50 97.60 98.30 
2016/08/26 98.30 98.30 98.00 98.00 
2016/08/29 97.80 98.60 97.80 98.40 
2016/08/30 98.10 98.10 97.60 97.90 
2016/08/31 97.60 97.60 97.50 97.60 
2016/09/01 97.50 99.50 97.00 99.50 
2016/09/02 99.50 100.50 99.00 99.60 
2016/09/05 99.60 99.60 98.90 99.50 
2016/09/06 99.00 100.00 98.10 99.50 
2016/09/07 100.00 100.00 98.60 98.60 
2016/09/08 98.60 99.40 97.50 98.60 
2016/09/09 98.00 98.00 97.20 97.50 
2016/09/10 97.40 97.40 96.00 97.30 
2016/09/12 97.20 97.30 96.00 97.30 
2016/09/13 98.00 98.00 96.00 97.70 
2016/09/14 96.00 98.00 96.00 97.90 
2016/09/19 98.80 99.40 98.80 98.80 
2016/09/20 98.00 98.70 97.20 98.70 
2016/09/21 97.50 98.30 97.20 97.30 
2016/09/22 98.00 98.30 97.20 97.30 
2016/09/23 97.00 97.30 96.30 97.30 
2016/09/26 97.10 97.20 96.30 97.20 
2016/09/29 97.00 97.70 96.30 97.60 
2016/09/30 97.00 98.10 96.20 98.00 
2016/10/03 98.60 98.60 97.00 98.10 
2016/10/04 98.10 98.30 97.70 98.00 
2016/10/05 98.50 98.90 98.50 98.60 
2016/10/06 98.60 98.70 98.00 98.60 
2016/10/07 98.80 98.80 97.90 97.90 
2016/10/11 98.00 98.00 96.50 97.50 
2016/10/12 97.00 97.00 93.70 96.50 
2016/10/13 94.70 96.00 94.60 94.60 
2016/10/14 94.90 94.90 93.00 93.50 
2016/10/17 92.10 92.80 92.00 92.80 
2016/10/18 92.00 92.60 92.00 92.60 
2016/10/19 92.70 93.20 92.10 92.60 
2016/10/20 92.10 92.60 92.10 92.60 
2016/10/21 92.10 92.60 92.00 92.60 
2016/10/24 92.00 93.00 92.00 92.80 
2016/10/25 92.80 92.80 92.00 92.00 
2016/10/26 92.00 93.20 90.00 92.90 
2016/10/27 91.50 92.60 91.50 91.60 
2016/10/28 92.00 92.00 90.00 90.50 
2016/10/31 90.50 91.50 89.00 91.00 
2016/11/01 91.50 91.50 91.00 91.00 
2016/11/02 90.00 90.00 88.80 88.80 
2016/11/03 88.50 89.50 86.90 86.90 
2016/11/04 86.30 87.50 86.30 87.00 
2016/11/07 86.70 87.80 86.50 87.70 
2016/11/08 88.00 88.40 87.10 88.40 
2016/11/09 87.00 87.00 84.00 85.50 
2016/11/10 86.90 86.90 84.70 85.00 
2016/11/11 85.00 85.20 82.50 84.80 
2016/11/14 84.60 84.70 83.20 84.70 
2016/11/15 84.00 88.60 84.00 86.50 
2016/11/16 88.60 88.60 86.70 86.80 
2016/11/17 86.80 86.80 86.50 86.80 
2016/11/18 85.00 86.00 85.00 85.00 
2016/11/21 86.50 90.00 86.50 88.00 
2016/11/22 90.00 90.00 88.00 88.00 
2016/11/23 86.50 87.00 86.50 87.00 
2016/11/24 87.70 87.70 86.60 86.60 
2016/11/25 86.70 88.80 86.50 88.00 
2016/11/28 88.00 88.00 86.70 86.70 
2016/11/29 86.60 87.00 86.50 87.00 
2016/11/30 87.70 87.70 86.60 87.00 
2016/12/01 86.60 87.50 86.60 87.50 
2016/12/02 85.00 86.50 85.00 86.50 
2016/12/05 86.50 87.40 86.50 87.40 
2016/12/06 87.80 88.00 87.80 88.00 
2016/12/07 87.10 87.10 86.90 87.10 
2016/12/08 87.50 90.00 87.50 89.70 
2016/12/09 90.40 90.40 88.00 88.10 
2016/12/12 88.10 88.10 87.40 88.00 
2016/12/13 87.90 87.90 87.50 87.50 
2016/12/14 87.60 89.10 87.60 89.00 
2016/12/15 87.60 88.80 87.30 88.00 
2016/12/16 87.60 87.60 87.50 87.60 
2016/12/19 87.60 87.60 87.60 87.60 
2016/12/20 88.00 88.00 87.30 87.30 
2016/12/21 87.30 87.30 87.30 87.30 
2016/12/22 87.10 87.50 87.00 87.50 
2016/12/23 87.50 87.90 87.00 87.00 
2016/12/26 87.00 87.00 87.00 87.00 
2016/12/27 86.90 88.00 86.90 87.50 
2016/12/28 86.90 87.50 86.50 87.50 
2016/12/29 86.70 86.70 86.70 86.70 
2016/12/30 86.70 87.90 86.20 87.90 
2017/01/03 86.90 87.90 86.60 86.60 
2017/01/04 86.50 87.90 86.50 87.90 
2017/01/05 87.80 87.80 87.80 87.80 
2017/01/06 87.90 87.90 86.00 87.00 
2017/01/09 88.30 88.40 86.70 86.70 
2017/01/10 86.70 87.50 86.60 86.60 
2017/01/11 88.80 88.90 87.50 88.20 
2017/01/12 88.30 88.50 88.00 88.00 
2017/01/13 88.00 88.50 88.00 88.00 
2017/01/16 87.90 87.90 87.70 87.70 
2017/01/17 89.00 91.00 88.80 90.40 
2017/01/18 90.00 91.50 88.80 90.00 
2017/01/19 90.00 90.00 89.20 90.00 
2017/01/20 90.00 90.00 89.50 89.50 
2017/01/23 88.80 89.50 88.80 89.50 
2017/01/24 89.00 89.60 88.90 88.90 
2017/02/02 89.10 90.00 89.10 89.90 
2017/02/03 91.50 91.50 89.50 90.20 
2017/02/06 90.00 90.00 89.50 90.00 
2017/02/07 90.00 90.00 89.50 89.60 
2017/02/08 90.10 90.10 89.50 90.00 
