2016/07/01 19.20 19.20 18.95 19.00 
2016/07/04 19.00 19.10 18.95 19.00 
2016/07/05 19.00 19.00 18.95 19.00 
2016/07/06 19.00 19.00 18.90 19.00 
2016/07/07 19.00 19.15 18.85 19.00 
2016/07/11 18.95 18.95 18.90 18.95 
2016/07/12 18.80 18.90 18.80 18.85 
2016/07/13 19.30 19.60 19.00 19.45 
2016/07/14 19.45 20.10 19.45 20.10 
2016/07/15 20.30 20.30 19.65 19.70 
2016/07/18 19.80 19.85 19.65 19.85 
2016/07/19 19.85 20.75 19.80 20.60 
2016/07/20 20.90 20.90 20.50 20.50 
2016/07/21 20.50 20.60 20.30 20.60 
2016/07/22 20.40 20.55 20.40 20.50 
2016/07/25 21.10 21.10 20.35 20.60 
2016/07/26 20.40 20.70 20.40 20.60 
2016/07/27 20.50 21.20 20.40 20.50 
2016/07/28 20.50 20.80 20.50 20.55 
2016/07/29 20.55 20.55 20.35 20.50 
2016/08/01 20.50 20.80 20.40 20.80 
2016/08/02 20.80 20.80 20.75 20.75 
2016/08/03 20.70 20.90 20.50 20.90 
2016/08/04 20.90 21.00 20.55 20.60 
2016/08/05 20.60 20.85 20.45 20.85 
2016/08/08 21.90 22.60 21.30 21.70 
2016/08/09 22.00 22.00 21.20 21.80 
2016/08/10 21.70 23.30 21.35 22.30 
2016/08/11 22.20 22.30 21.85 22.05 
2016/08/12 22.15 22.40 22.10 22.35 
2016/08/15 22.40 22.40 22.00 22.20 
2016/08/16 22.20 22.75 22.20 22.75 
2016/08/17 22.75 22.75 22.40 22.50 
2016/08/18 22.65 22.65 22.40 22.55 
2016/08/19 22.70 22.70 22.25 22.40 
2016/08/22 22.30 22.35 22.00 22.35 
2016/08/23 22.45 22.45 22.15 22.40 
2016/08/24 22.20 22.40 22.05 22.25 
2016/08/25 22.25 22.35 22.00 22.25 
2016/08/26 22.25 22.30 21.95 22.00 
2016/08/29 22.05 22.05 21.95 22.00 
2016/08/30 22.00 22.00 21.80 21.95 
2016/08/31 21.85 22.00 21.70 21.80 
2016/09/01 21.80 21.90 21.55 21.70 
2016/09/02 21.70 21.80 21.50 21.75 
2016/09/05 21.85 22.05 21.65 21.85 
2016/09/06 21.70 21.85 21.60 21.85 
2016/09/07 21.85 21.90 21.80 21.85 
2016/09/08 21.90 21.95 21.90 21.95 
2016/09/09 22.00 22.15 21.90 22.00 
2016/09/10 21.90 21.90 21.70 21.75 
2016/09/12 21.80 21.80 21.60 21.70 
2016/09/13 21.85 21.85 21.35 21.65 
2016/09/14 21.45 21.60 21.20 21.45 
2016/09/19 21.45 21.70 21.35 21.70 
2016/09/20 21.60 21.95 21.60 21.90 
2016/09/21 21.90 22.10 21.90 21.95 
2016/09/22 22.00 22.05 21.80 21.80 
2016/09/23 21.80 22.05 21.80 22.05 
2016/09/26 22.05 22.25 21.90 22.25 
2016/09/29 22.30 22.35 22.25 22.35 
2016/09/30 22.35 22.35 22.10 22.30 
2016/10/03 22.30 22.30 22.00 22.00 
2016/10/04 22.00 22.50 22.00 22.20 
2016/10/05 22.10 22.30 22.10 22.25 
2016/10/06 22.25 22.30 22.10 22.20 
2016/10/07 22.10 22.15 22.00 22.00 
2016/10/11 22.05 22.05 21.10 21.40 
2016/10/12 21.15 21.20 20.95 21.20 
2016/10/13 21.20 21.30 21.20 21.30 
2016/10/14 21.30 21.40 21.30 21.40 
2016/10/17 21.40 21.60 21.20 21.55 
2016/10/18 21.60 21.65 21.55 21.55 
2016/10/19 21.45 21.65 21.45 21.50 
2016/10/20 21.60 21.75 21.50 21.50 
2016/10/21 21.55 21.55 21.50 21.50 
2016/10/24 21.70 21.70 21.50 21.50 
2016/10/25 21.50 21.65 21.50 21.65 
2016/10/26 21.65 21.75 21.60 21.60 
2016/10/27 21.65 21.65 21.60 21.60 
2016/10/28 21.60 21.60 21.40 21.60 
2016/10/31 21.65 22.20 21.65 22.00 
2016/11/01 22.05 22.05 21.85 21.90 
2016/11/02 21.90 21.90 21.50 21.50 
2016/11/03 21.50 21.55 21.50 21.50 
2016/11/04 21.55 21.55 21.50 21.50 
2016/11/07 21.50 21.55 21.50 21.50 
2016/11/08 21.55 21.60 21.55 21.60 
2016/11/09 21.60 21.70 21.60 21.60 
2016/11/10 21.60 21.90 21.60 21.75 
2016/11/11 21.40 21.75 21.30 21.70 
2016/11/14 21.70 21.80 21.35 21.50 
2016/11/15 21.40 21.40 21.20 21.30 
2016/11/16 21.20 21.35 21.20 21.35 
2016/11/17 21.20 21.30 21.15 21.30 
2016/11/18 21.40 21.40 21.15 21.25 
2016/11/21 21.15 21.25 21.10 21.25 
2016/11/23 21.10 21.20 20.70 21.20 
2016/11/24 20.80 20.95 20.80 20.95 
2016/11/28 20.85 20.95 20.70 20.95 
2016/11/29 21.00 21.15 21.00 21.10 
2016/11/30 21.30 21.35 21.20 21.30 
2016/12/01 21.40 21.40 21.30 21.30 
2016/12/02 21.25 21.30 21.25 21.30 
2016/12/05 21.25 21.30 21.15 21.30 
2016/12/06 21.30 21.35 21.30 21.30 
2016/12/07 21.35 21.40 21.30 21.40 
2016/12/08 21.25 21.40 21.20 21.40 
2016/12/09 21.30 21.65 21.30 21.65 
2016/12/12 21.65 21.75 21.50 21.65 
2016/12/13 21.65 21.65 21.45 21.45 
2016/12/14 21.50 21.50 21.40 21.50 
2016/12/15 21.45 21.55 21.35 21.55 
2016/12/16 21.40 21.45 21.35 21.35 
2016/12/19 21.35 21.45 21.30 21.45 
2016/12/20 21.65 21.65 21.45 21.55 
2016/12/21 21.65 21.65 21.60 21.60 
2016/12/22 21.60 21.75 21.60 21.70 
2016/12/26 21.70 21.70 21.60 21.70 
2016/12/27 21.75 21.75 21.45 21.60 
2016/12/28 21.60 22.00 21.60 22.00 
2016/12/29 22.00 22.30 22.00 22.10 
2016/12/30 22.10 22.15 22.00 22.10 
2017/01/03 22.00 22.00 21.95 22.00 
2017/01/04 22.00 22.00 21.90 22.00 
2017/01/05 22.10 22.35 22.00 22.35 
2017/01/06 22.35 22.35 22.05 22.10 
2017/01/09 22.10 22.20 22.05 22.10 
2017/01/10 22.10 22.10 21.85 21.90 
2017/01/11 21.90 21.90 21.65 21.70 
2017/01/12 21.70 21.75 21.60 21.75 
2017/01/13 21.65 21.80 21.65 21.80 
2017/01/16 21.70 21.70 21.55 21.60 
2017/01/17 21.80 21.80 21.60 21.60 
2017/01/18 21.60 21.60 21.30 21.60 
2017/01/19 21.65 21.65 21.40 21.55 
2017/01/20 21.55 21.55 21.40 21.40 
2017/01/23 21.50 21.50 21.30 21.45 
2017/01/24 21.45 21.45 21.25 21.40 
2017/02/02 21.50 21.60 21.50 21.60 
2017/02/03 21.60 21.80 21.60 21.65 
2017/02/06 21.70 21.90 21.70 21.85 
2017/02/07 21.70 21.90 21.65 21.80 
2017/02/08 21.80 21.80 21.55 21.80 
