2016/07/01 22.40 23.50 22.25 22.75 
2016/07/04 22.90 23.30 22.50 22.65 
2016/07/05 22.90 22.90 21.85 22.05 
2016/07/06 22.30 24.00 22.00 22.35 
2016/07/07 22.70 22.80 22.00 22.10 
2016/07/11 22.20 22.35 21.05 21.50 
2016/07/12 21.30 21.65 21.00 21.05 
2016/07/13 21.10 21.80 21.05 21.20 
2016/07/14 21.35 21.60 21.20 21.20 
2016/07/15 21.40 21.50 21.05 21.20 
2016/07/18 21.20 21.50 21.15 21.15 
2016/07/19 21.30 23.25 21.05 22.80 
2016/07/20 22.85 23.80 22.85 22.85 
2016/07/21 22.85 23.00 22.40 22.65 
2016/07/22 22.70 22.80 22.10 22.30 
2016/07/25 22.45 22.45 20.10 20.50 
2016/07/26 20.75 20.90 20.40 20.75 
2016/07/27 20.75 20.95 20.40 20.70 
2016/07/28 20.65 20.70 20.50 20.60 
2016/07/29 20.70 21.15 20.70 20.95 
2016/08/01 20.75 21.40 20.75 20.95 
2016/08/02 21.15 21.90 21.00 21.70 
2016/08/03 21.20 22.40 21.00 22.35 
2016/08/04 22.65 24.00 21.85 22.10 
2016/08/05 23.10 24.30 22.75 24.30 
2016/08/08 26.50 26.60 24.50 24.50 
2016/08/09 24.10 24.50 23.00 23.60 
2016/08/10 23.60 23.60 22.40 23.20 
2016/08/11 23.20 23.20 22.20 22.50 
2016/08/12 23.00 23.00 22.60 22.70 
2016/08/15 22.80 23.15 22.70 22.75 
2016/08/16 22.90 23.15 22.75 22.85 
2016/08/17 23.15 24.40 23.00 24.20 
2016/08/18 24.20 24.70 23.80 23.80 
2016/08/19 23.65 23.90 23.35 23.35 
2016/08/22 23.35 23.40 22.35 22.60 
2016/08/23 22.60 23.45 22.60 23.40 
2016/08/24 23.40 23.70 22.80 22.90 
2016/08/25 23.10 25.15 23.10 24.80 
2016/08/26 24.90 24.90 23.90 24.15 
2016/08/29 24.15 24.60 24.15 24.35 
2016/08/30 24.75 25.00 24.35 24.80 
2016/08/31 24.90 24.95 24.30 24.30 
2016/09/01 24.70 24.70 24.00 24.00 
2016/09/02 23.80 23.85 22.25 22.40 
2016/09/05 22.40 22.65 22.30 22.55 
2016/09/06 22.55 22.80 22.55 22.60 
2016/09/07 23.55 24.25 23.25 23.25 
2016/09/08 23.25 23.45 23.00 23.30 
2016/09/09 23.50 23.50 23.10 23.20 
2016/09/10 22.80 22.85 22.30 22.65 
2016/09/12 23.00 23.35 22.60 23.05 
2016/09/13 23.30 23.95 23.30 23.50 
2016/09/14 23.50 23.75 23.20 23.45 
2016/09/19 23.55 23.95 23.35 23.70 
2016/09/20 23.50 23.65 23.45 23.50 
2016/09/21 23.70 24.30 23.70 23.80 
2016/09/22 23.65 24.10 23.45 23.50 
2016/09/23 23.55 23.55 23.20 23.20 
2016/09/26 23.25 23.25 22.70 22.95 
2016/09/29 22.80 22.90 21.40 21.40 
2016/09/30 21.50 21.90 21.50 21.75 
2016/10/03 21.80 22.50 21.50 22.50 
2016/10/04 22.20 22.65 22.20 22.35 
2016/10/05 22.35 22.65 22.30 22.40 
2016/10/06 22.40 22.40 21.40 21.50 
2016/10/07 21.70 21.90 21.60 21.80 
2016/10/11 21.90 21.90 19.65 19.80 
2016/10/12 19.60 20.20 18.50 20.15 
2016/10/13 20.20 20.40 20.00 20.35 
2016/10/14 20.35 20.35 19.70 19.70 
2016/10/17 19.90 20.15 19.75 19.80 
2016/10/18 19.80 20.10 19.50 19.60 
2016/10/19 19.60 19.95 19.40 19.40 
2016/10/20 19.40 19.75 19.40 19.60 
2016/10/21 19.60 20.00 19.60 19.90 
2016/10/24 19.90 20.30 19.90 19.90 
2016/10/25 20.00 20.10 19.65 20.00 
2016/10/26 20.00 20.10 19.70 19.75 
2016/10/27 20.00 20.05 19.80 19.90 
2016/10/28 19.90 19.95 19.80 19.80 
2016/10/31 19.80 20.25 19.80 20.10 
2016/11/01 20.10 20.10 19.80 19.80 
2016/11/02 19.80 19.85 19.40 19.40 
2016/11/03 19.40 19.60 18.65 18.75 
2016/11/04 18.70 18.90 18.60 18.85 
2016/11/07 19.35 19.35 19.00 19.10 
2016/11/08 19.20 19.35 18.80 19.10 
2016/11/09 19.15 19.15 17.40 17.70 
2016/11/10 18.95 18.95 18.35 18.50 
2016/11/11 18.95 18.95 18.55 18.80 
2016/11/14 19.00 20.60 19.00 19.65 
2016/11/15 19.00 19.00 18.00 18.50 
2016/11/16 18.50 18.70 18.25 18.25 
2016/11/17 18.25 18.50 18.25 18.40 
2016/11/18 18.40 18.45 18.15 18.30 
2016/11/21 18.40 18.40 18.05 18.30 
2016/11/22 18.40 18.50 18.30 18.40 
2016/11/23 18.40 18.45 18.25 18.35 
2016/11/24 18.35 18.40 18.35 18.35 
2016/11/25 18.40 18.40 18.05 18.30 
2016/11/28 17.45 18.30 17.45 18.20 
2016/11/29 18.20 18.75 18.20 18.65 
2016/11/30 18.90 19.65 18.80 19.05 
2016/12/01 19.05 19.10 18.75 18.80 
2016/12/02 18.80 18.85 18.55 18.60 
2016/12/05 18.60 18.75 18.55 18.55 
2016/12/06 18.60 18.75 18.60 18.60 
2016/12/07 18.70 19.35 18.70 19.10 
2016/12/08 19.20 19.20 19.00 19.00 
2016/12/09 19.20 19.25 19.00 19.10 
2016/12/12 19.00 19.00 18.45 18.85 
2016/12/13 18.90 18.90 18.55 18.70 
2016/12/14 18.70 18.75 18.55 18.70 
2016/12/15 19.00 19.00 18.70 18.85 
2016/12/16 18.95 18.95 18.60 18.65 
2016/12/19 18.90 18.90 18.30 18.50 
2016/12/20 18.45 18.60 18.35 18.50 
2016/12/21 18.60 18.60 18.30 18.40 
2016/12/22 18.45 18.45 17.85 17.85 
2016/12/23 17.85 18.10 17.80 17.90 
2016/12/26 17.95 18.00 17.50 17.70 
2016/12/27 17.50 17.75 17.45 17.75 
2016/12/28 17.80 18.00 17.70 18.00 
2016/12/29 18.00 18.05 17.85 18.00 
2016/12/30 18.10 19.80 18.10 19.05 
2017/01/03 19.15 19.25 18.80 19.00 
2017/01/04 19.15 19.20 18.85 18.95 
2017/01/05 18.95 19.05 18.90 18.95 
2017/01/06 18.70 19.60 18.70 19.60 
2017/01/09 19.60 19.60 19.20 19.40 
2017/01/10 19.40 19.40 19.10 19.15 
2017/01/11 19.10 19.25 18.85 19.25 
2017/01/12 19.30 19.35 19.10 19.30 
2017/01/13 19.30 19.80 19.30 19.60 
2017/01/16 19.70 19.70 19.20 19.20 
2017/01/17 19.25 19.50 19.20 19.20 
2017/01/18 19.00 20.05 18.95 19.80 
2017/01/19 19.90 19.90 19.65 19.70 
2017/01/20 19.80 20.40 19.75 20.00 
2017/01/23 20.25 20.65 20.15 20.30 
2017/01/24 20.45 20.45 19.95 20.30 
2017/02/02 20.30 20.35 20.05 20.30 
2017/02/03 20.30 20.50 20.00 20.45 
2017/02/06 20.70 21.10 20.35 20.45 
2017/02/07 20.55 20.75 20.25 20.55 
2017/02/08 20.55 20.60 20.40 20.55 
