2016/07/01 173.00 178.00 173.00 174.50 
2016/07/04 175.00 179.50 175.00 179.00 
2016/07/05 180.00 180.50 178.00 179.50 
2016/07/06 170.00 170.00 167.00 167.00 
2016/07/07 169.00 169.50 166.00 166.00 
2016/07/11 166.50 169.00 166.50 168.00 
2016/07/12 168.50 169.00 168.00 168.50 
2016/07/13 168.50 171.50 168.50 170.00 
2016/07/14 170.00 170.50 168.00 168.00 
2016/07/15 168.00 169.50 168.00 169.00 
2016/07/18 169.00 170.00 168.50 168.50 
2016/07/19 169.00 169.00 167.00 167.00 
2016/07/20 167.00 168.00 166.50 167.50 
2016/07/21 168.00 170.50 167.50 169.00 
2016/07/22 169.00 170.50 168.50 168.50 
2016/07/25 169.00 170.50 168.00 168.50 
2016/07/26 169.50 170.50 168.50 170.00 
2016/07/27 170.50 171.50 170.00 171.50 
2016/07/28 171.50 173.50 170.50 172.00 
2016/07/29 173.00 174.00 172.00 173.50 
2016/08/01 174.50 174.50 171.00 171.50 
2016/08/02 171.50 174.00 171.00 173.50 
2016/08/03 172.50 173.00 171.50 173.00 
2016/08/04 173.00 173.00 171.50 172.50 
2016/08/05 172.50 173.00 170.50 171.00 
2016/08/08 171.50 172.00 171.00 171.00 
2016/08/09 170.00 172.00 169.50 171.00 
2016/08/10 172.00 172.00 170.00 171.00 
2016/08/11 171.00 173.50 170.00 172.50 
2016/08/12 172.00 174.00 171.50 174.00 
2016/08/15 174.00 174.00 173.00 174.00 
2016/08/16 174.00 176.00 173.50 175.50 
2016/08/17 176.50 177.50 175.00 176.00 
2016/08/18 176.00 177.00 174.50 176.50 
2016/08/19 176.50 176.50 173.00 173.50 
2016/08/22 173.50 174.00 172.00 174.00 
2016/08/23 174.50 175.50 173.00 174.50 
2016/08/24 174.50 175.50 173.50 173.50 
2016/08/25 173.00 174.50 172.50 173.00 
2016/08/26 173.00 174.00 172.00 172.00 
2016/08/29 172.00 173.50 171.50 172.00 
2016/08/30 172.00 173.00 171.50 172.50 
2016/08/31 173.00 173.50 171.50 172.50 
2016/09/01 171.50 173.50 171.50 172.50 
2016/09/02 172.50 173.00 171.50 171.50 
2016/09/05 172.50 173.50 171.50 173.00 
2016/09/06 174.00 174.00 173.00 174.00 
2016/09/07 175.00 178.50 175.00 176.00 
2016/09/08 177.00 177.00 174.50 175.00 
2016/09/09 175.00 176.50 175.00 176.00 
2016/09/10 174.00 175.50 173.50 174.50 
2016/09/12 174.50 176.00 174.50 175.50 
2016/09/13 175.50 176.50 173.50 173.50 
2016/09/14 173.50 175.00 173.00 174.50 
2016/09/19 175.50 175.50 174.00 174.50 
2016/09/20 175.00 175.00 174.00 174.00 
2016/09/21 173.50 175.00 173.50 174.50 
2016/09/22 174.50 175.50 174.00 174.00 
2016/09/23 174.00 174.50 173.50 174.00 
2016/09/26 174.50 174.50 173.50 174.00 
2016/09/29 174.00 174.50 173.50 174.00 
2016/09/30 174.00 174.50 173.00 173.00 
2016/10/03 173.50 174.00 173.00 173.50 
2016/10/04 172.50 174.00 172.50 172.50 
2016/10/05 172.50 173.50 170.00 172.00 
2016/10/06 171.50 173.00 171.00 171.00 
2016/10/07 171.00 173.50 171.00 172.50 
2016/10/11 172.00 172.00 169.00 170.50 
2016/10/12 170.00 171.50 169.50 170.50 
2016/10/13 170.50 172.00 170.50 172.00 
2016/10/14 171.50 172.50 170.50 170.50 
2016/10/17 170.00 172.00 170.00 171.50 
2016/10/18 170.50 172.00 170.50 171.50 
2016/10/19 172.00 172.00 170.50 171.00 
2016/10/20 170.50 172.00 170.50 171.00 
2016/10/21 171.00 174.50 170.00 174.50 
2016/10/24 174.00 175.00 173.00 174.00 
2016/10/25 174.00 174.00 173.00 173.00 
2016/10/26 172.50 172.50 170.50 170.50 
2016/10/27 170.50 171.50 170.00 171.50 
2016/10/28 171.50 171.50 170.00 170.00 
2016/10/31 170.50 170.50 168.00 168.00 
2016/11/01 168.00 168.50 165.00 166.00 
2016/11/02 166.00 166.50 165.00 165.50 
2016/11/03 165.00 166.50 165.00 165.50 
2016/11/04 165.50 166.00 165.00 165.50 
2016/11/07 166.00 167.00 165.50 166.50 
2016/11/08 166.50 166.50 165.00 165.50 
2016/11/09 165.00 165.50 161.00 165.00 
2016/11/10 165.00 166.50 164.00 166.00 
2016/11/11 166.00 166.00 163.00 164.50 
2016/11/14 164.50 165.00 164.00 164.50 
2016/11/15 164.50 166.00 164.00 165.50 
2016/11/16 166.00 166.00 163.00 163.50 
2016/11/17 163.00 165.00 162.00 165.00 
2016/11/18 165.00 165.00 163.00 164.00 
2016/11/21 164.00 164.50 163.50 164.50 
2016/11/22 166.00 167.50 165.50 167.50 
2016/11/23 167.50 168.00 165.50 166.00 
2016/11/24 166.00 167.50 166.00 166.50 
2016/11/25 166.50 168.00 166.00 166.50 
2016/11/28 167.00 167.50 166.50 166.50 
2016/11/29 166.50 167.00 166.00 166.50 
2016/11/30 166.50 167.50 166.00 166.50 
2016/12/01 166.50 167.00 165.50 165.50 
2016/12/02 165.50 166.00 165.00 165.50 
2016/12/05 165.50 170.00 164.50 166.50 
2016/12/06 166.50 168.00 166.00 166.00 
2016/12/07 165.50 166.50 164.50 165.50 
2016/12/08 165.50 166.00 164.50 165.00 
2016/12/09 166.00 166.00 165.00 165.00 
2016/12/12 165.00 166.00 163.50 163.50 
2016/12/13 163.50 164.00 163.00 163.00 
2016/12/14 163.50 164.00 163.00 163.50 
2016/12/15 164.00 164.00 162.00 162.50 
2016/12/16 163.50 165.50 162.00 164.00 
2016/12/19 164.50 165.50 164.00 165.00 
2016/12/20 165.00 166.00 164.50 165.00 
2016/12/21 164.50 164.50 163.00 163.50 
2016/12/22 163.50 164.50 163.00 163.50 
2016/12/23 163.00 164.50 163.00 164.00 
2016/12/26 164.00 165.00 163.50 164.00 
2016/12/27 163.50 164.00 163.50 163.50 
2016/12/28 165.00 165.00 163.50 163.50 
2016/12/29 163.50 164.50 163.00 163.50 
2016/12/30 163.50 164.50 163.00 164.50 
2017/01/03 164.50 164.50 163.00 163.50 
2017/01/04 164.00 164.00 162.50 163.00 
2017/01/05 163.50 163.50 162.00 163.00 
2017/01/06 163.50 163.50 162.50 163.00 
2017/01/09 162.50 163.00 161.00 161.00 
2017/01/10 161.00 163.00 160.50 162.00 
2017/01/11 162.00 163.50 161.00 162.50 
2017/01/12 163.00 163.00 161.50 161.50 
2017/01/13 162.00 164.00 162.00 163.50 
2017/01/16 163.50 163.50 162.50 162.50 
2017/01/17 162.50 163.00 162.00 162.00 
2017/01/18 162.50 164.50 162.50 163.00 
2017/01/19 163.50 163.50 162.50 163.50 
2017/01/20 163.50 163.50 162.00 162.50 
2017/01/23 162.50 163.50 162.50 163.50 
2017/01/24 163.50 164.00 163.50 163.50 
2017/02/02 164.00 165.00 163.00 163.00 
2017/02/03 163.50 165.00 163.50 165.00 
2017/02/06 165.50 167.00 164.50 166.50 
2017/02/07 166.00 169.00 165.00 168.50 
2017/02/08 167.50 170.50 167.00 170.00 
