2016/07/01 70.00 70.30 69.10 69.50 
2016/07/04 68.90 74.00 68.90 72.20 
2016/07/05 72.50 73.50 71.30 72.10 
2016/07/06 71.60 72.90 71.50 71.70 
2016/07/07 71.90 72.80 70.60 71.70 
2016/07/11 71.70 72.90 66.40 67.90 
2016/07/12 68.40 68.70 66.20 67.20 
2016/07/13 67.70 67.70 64.70 66.00 
2016/07/14 65.10 67.60 65.10 67.10 
2016/07/15 66.50 69.10 66.50 68.60 
2016/07/18 68.50 68.80 67.20 67.60 
2016/07/19 67.60 67.60 66.70 66.80 
2016/07/20 66.50 68.00 66.30 67.60 
2016/07/21 66.70 67.90 66.70 67.50 
2016/07/22 67.10 67.80 67.10 67.70 
2016/07/25 67.70 67.90 66.40 66.80 
2016/07/26 66.80 67.50 66.20 67.00 
2016/07/27 67.00 67.20 65.80 66.50 
2016/07/28 66.50 66.70 65.80 66.60 
2016/07/29 66.50 66.70 65.80 66.70 
2016/08/01 66.60 68.10 66.20 67.00 
2016/08/02 66.90 67.40 66.60 67.10 
2016/08/03 66.90 67.50 65.80 66.40 
2016/08/04 66.30 66.90 65.50 66.60 
2016/08/05 66.40 66.90 65.40 66.70 
2016/08/08 69.20 69.20 67.20 67.60 
2016/08/09 67.60 68.80 67.50 68.50 
2016/08/10 69.20 69.60 67.70 69.10 
2016/08/11 69.10 69.90 67.80 68.20 
2016/08/12 68.80 68.90 68.20 68.40 
2016/08/15 68.40 69.40 68.40 69.40 
2016/08/16 69.50 71.40 69.50 70.70 
2016/08/17 71.20 71.40 70.40 70.70 
2016/08/18 70.70 71.10 70.60 71.00 
2016/08/19 71.00 71.40 70.70 71.30 
2016/08/22 71.40 71.40 70.70 70.80 
2016/08/23 70.90 71.90 70.80 70.80 
2016/08/24 71.00 73.90 71.00 72.40 
2016/08/25 72.50 75.50 72.50 74.40 
2016/08/26 75.00 77.90 75.00 75.40 
2016/08/29 75.60 76.40 75.40 76.10 
2016/08/30 76.20 77.10 76.10 76.10 
2016/08/31 76.90 76.90 76.00 76.10 
2016/09/01 76.20 76.30 75.80 75.80 
2016/09/02 76.40 76.40 74.50 75.30 
2016/09/05 75.50 75.50 72.80 74.00 
2016/09/06 74.20 74.80 73.50 74.00 
2016/09/07 73.40 74.20 73.40 74.20 
2016/09/08 75.00 79.00 75.00 78.30 
2016/09/09 78.50 78.60 77.70 78.40 
2016/09/10 78.00 78.00 76.80 77.50 
2016/09/12 77.40 77.60 76.30 77.00 
2016/09/13 77.50 77.60 75.90 76.20 
2016/09/14 76.20 76.50 75.00 75.50 
2016/09/19 76.40 76.40 75.20 75.80 
2016/09/20 76.10 76.40 75.30 76.40 
2016/09/21 76.10 76.50 75.30 76.50 
2016/09/22 76.60 76.60 75.90 76.40 
2016/09/23 76.00 76.40 76.00 76.40 
2016/09/26 76.40 76.40 75.50 76.30 
2016/09/29 75.80 76.50 75.70 76.30 
2016/09/30 75.50 76.40 75.50 76.40 
2016/10/03 76.40 77.50 76.40 77.20 
2016/10/04 76.80 77.20 76.50 77.10 
2016/10/05 76.80 77.10 76.50 77.00 
2016/10/06 76.80 77.40 76.60 77.00 
2016/10/07 77.00 77.40 76.50 76.80 
2016/10/11 76.80 77.10 74.50 74.50 
2016/10/12 74.50 74.80 73.80 73.80 
2016/10/13 73.80 74.20 73.00 73.10 
2016/10/14 72.80 73.20 71.90 71.90 
2016/10/17 71.80 71.80 68.50 70.50 
2016/10/18 70.20 71.30 70.00 70.50 
2016/10/19 70.40 71.50 70.40 71.10 
2016/10/20 71.00 71.80 70.90 71.40 
2016/10/21 71.30 71.90 71.30 71.40 
2016/10/24 71.30 71.50 67.60 69.50 
2016/10/25 69.40 69.60 68.90 69.00 
2016/10/26 69.00 69.10 68.50 69.10 
2016/10/27 69.00 69.20 68.60 69.00 
2016/10/28 68.90 69.00 68.60 68.90 
2016/10/31 68.80 68.80 68.50 68.80 
2016/11/01 68.80 69.90 68.80 69.80 
2016/11/02 69.60 69.60 68.40 68.40 
2016/11/03 68.70 69.20 68.50 68.50 
2016/11/04 68.40 68.90 68.40 68.70 
2016/11/07 68.50 69.00 68.50 68.80 
2016/11/08 68.50 68.50 66.80 67.40 
2016/11/09 67.40 68.20 65.00 66.30 
2016/11/10 65.10 67.60 65.10 67.00 
2016/11/11 66.80 66.80 66.20 66.30 
2016/11/14 66.10 66.10 64.60 65.90 
2016/11/15 65.60 66.80 65.60 66.10 
2016/11/16 66.10 66.40 65.70 65.70 
2016/11/17 65.70 66.10 65.00 65.70 
2016/11/18 65.50 66.80 65.40 66.80 
2016/11/21 66.80 67.20 66.50 66.80 
2016/11/22 66.70 67.90 66.70 67.90 
2016/11/23 67.60 67.70 66.60 67.50 
2016/11/24 67.40 67.40 66.90 66.90 
2016/11/25 66.70 69.00 66.70 69.00 
2016/11/28 70.00 70.10 68.20 68.90 
2016/11/29 68.60 68.60 67.60 67.60 
2016/11/30 67.60 68.30 67.60 68.00 
2016/12/01 67.80 68.20 67.50 67.70 
2016/12/02 67.80 69.40 67.70 69.10 
2016/12/05 68.40 68.40 65.60 66.20 
2016/12/06 66.20 66.20 64.60 64.60 
2016/12/07 64.80 65.30 64.70 65.30 
2016/12/08 66.70 66.70 65.30 65.40 
2016/12/09 65.40 65.40 64.80 64.80 
2016/12/12 65.00 65.50 64.40 64.90 
2016/12/13 64.50 66.50 64.50 66.40 
2016/12/14 66.20 66.90 66.00 66.60 
2016/12/15 66.70 66.70 65.60 66.00 
2016/12/16 66.50 66.60 65.50 65.50 
2016/12/19 65.50 65.50 64.80 64.80 
2016/12/20 64.80 65.30 64.80 65.30 
2016/12/21 64.90 65.90 64.90 65.40 
2016/12/22 65.00 65.20 64.80 65.00 
2016/12/23 64.80 65.70 64.80 65.20 
2016/12/26 65.20 65.50 64.70 64.90 
2016/12/27 64.50 65.20 64.50 64.90 
2016/12/28 64.50 64.90 64.30 64.90 
2016/12/29 64.50 65.30 64.40 65.20 
2016/12/30 64.80 65.30 64.80 65.10 
2017/01/03 65.00 65.50 65.00 65.50 
2017/01/04 65.50 65.50 64.80 65.20 
2017/01/05 65.70 66.40 65.30 65.70 
2017/01/06 66.30 66.60 65.30 65.40 
2017/01/09 65.50 68.80 65.20 67.60 
2017/01/10 67.90 67.90 66.50 67.00 
2017/01/11 66.80 66.80 65.40 65.50 
2017/01/12 65.20 65.80 65.10 65.30 
2017/01/13 65.10 65.50 64.60 64.80 
2017/01/16 64.50 65.00 64.40 64.80 
2017/01/17 64.50 64.90 64.20 64.90 
2017/01/18 65.40 65.40 64.50 65.20 
2017/01/19 65.20 65.20 64.60 64.90 
2017/01/20 64.50 64.80 63.50 63.50 
2017/01/23 63.50 64.00 63.00 63.10 
2017/01/24 63.00 64.00 62.30 63.00 
2017/02/02 63.00 63.90 63.00 63.90 
2017/02/03 63.40 63.90 63.20 63.30 
2017/02/06 63.30 64.30 63.30 63.80 
2017/02/07 64.10 64.60 64.00 64.20 
2017/02/08 64.00 64.50 64.00 64.20 
