2016/07/01 58.60 58.80 58.20 58.40 
2016/07/04 58.60 58.70 58.30 58.50 
2016/07/05 58.70 60.10 58.60 59.50 
2016/07/06 59.40 59.40 58.50 58.50 
2016/07/07 58.80 59.00 58.60 58.70 
2016/07/11 58.80 58.90 57.90 57.90 
2016/07/12 58.20 60.20 58.10 59.90 
2016/07/13 60.00 61.40 59.30 61.00 
2016/07/14 61.20 62.50 60.20 60.50 
2016/07/15 60.90 61.80 60.70 61.60 
2016/07/18 62.30 62.80 61.90 62.30 
2016/07/19 62.80 62.80 61.30 61.40 
2016/07/20 61.30 61.90 60.90 61.10 
2016/07/21 61.40 61.90 61.10 61.50 
2016/07/22 61.50 61.80 60.80 61.70 
2016/07/25 61.90 62.40 61.20 61.80 
2016/07/26 61.50 62.40 61.50 62.30 
2016/07/27 62.60 64.70 61.90 63.20 
2016/07/28 63.50 64.40 62.70 62.80 
2016/07/29 63.10 63.40 62.70 63.00 
2016/08/01 63.20 63.90 63.10 63.20 
2016/08/02 63.60 63.70 63.00 63.40 
2016/08/03 62.70 64.50 62.70 64.40 
2016/08/04 64.90 65.40 64.00 64.10 
2016/08/05 64.30 64.40 63.40 63.40 
2016/08/08 63.10 63.10 60.90 60.90 
2016/08/09 61.20 61.60 60.20 60.70 
2016/08/10 58.70 58.90 57.70 57.90 
2016/08/11 57.80 58.70 57.60 58.40 
2016/08/12 59.80 61.00 59.60 60.20 
2016/08/15 60.50 60.80 59.80 60.70 
2016/08/16 60.60 61.40 60.40 60.90 
2016/08/17 60.70 61.00 60.30 60.40 
2016/08/18 60.70 61.40 60.70 61.10 
2016/08/19 61.70 62.20 61.10 61.20 
2016/08/22 61.50 61.50 60.80 61.00 
2016/08/23 61.10 61.30 60.90 61.10 
2016/08/24 61.70 61.70 61.30 61.70 
2016/08/25 61.70 62.50 61.60 62.40 
2016/08/26 62.80 63.20 62.60 62.80 
2016/08/29 63.20 63.20 62.00 62.80 
2016/08/30 63.20 63.20 62.00 62.40 
2016/08/31 62.60 62.60 61.70 61.80 
2016/09/01 62.00 62.00 61.00 61.10 
2016/09/02 61.50 62.00 61.10 61.70 
2016/09/05 48.00 49.40 48.00 49.10 
2016/09/06 49.50 49.75 49.15 49.40 
2016/09/07 49.40 49.65 49.05 49.20 
2016/09/08 49.00 50.70 48.80 50.30 
2016/09/09 49.90 50.30 49.70 49.80 
2016/09/10 45.20 47.15 45.20 46.70 
2016/09/12 46.50 47.00 46.20 46.20 
2016/09/13 46.70 46.70 45.50 45.60 
2016/09/14 45.60 46.00 45.30 45.30 
2016/09/19 45.40 45.70 45.30 45.35 
2016/09/20 45.70 46.75 45.70 46.10 
2016/09/21 46.00 46.30 45.70 46.05 
2016/09/22 46.25 46.25 45.50 45.60 
2016/09/23 45.60 45.75 45.40 45.45 
2016/09/26 45.45 45.55 44.25 44.40 
2016/09/29 44.35 44.40 43.20 43.40 
2016/09/30 43.10 43.10 42.50 42.70 
2016/10/03 42.75 43.30 42.60 42.80 
2016/10/04 42.90 42.90 41.45 41.65 
2016/10/05 41.50 42.55 41.50 42.00 
2016/10/06 42.30 42.30 41.65 41.80 
2016/10/07 42.00 42.35 41.55 42.35 
2016/10/11 41.00 41.30 38.85 39.20 
2016/10/12 38.90 39.35 38.10 39.20 
2016/10/13 39.55 40.00 39.25 39.25 
2016/10/14 39.70 39.85 38.55 38.70 
2016/10/17 38.70 38.75 37.65 37.80 
2016/10/18 37.85 38.15 37.75 37.90 
2016/10/19 38.10 39.30 38.10 39.20 
2016/10/20 39.30 39.65 38.95 39.35 
2016/10/21 39.35 39.50 39.10 39.15 
2016/10/24 39.45 39.50 38.95 39.00 
2016/10/25 39.00 39.20 38.80 38.80 
2016/10/26 38.80 39.00 38.55 38.60 
2016/10/27 38.60 38.85 38.50 38.60 
2016/10/28 38.65 38.75 38.10 38.10 
2016/10/31 38.10 38.20 37.65 37.75 
2016/11/01 37.75 39.15 37.75 38.70 
2016/11/02 38.30 38.60 37.70 37.70 
2016/11/03 37.70 38.00 37.65 37.75 
2016/11/04 37.70 37.75 37.15 37.20 
2016/11/07 37.80 37.85 37.20 37.30 
2016/11/08 37.80 37.80 36.55 36.65 
2016/11/09 36.65 37.10 33.50 33.60 
2016/11/10 35.20 36.95 35.20 36.95 
2016/11/11 36.90 39.75 36.70 38.95 
2016/11/14 38.90 38.90 37.90 38.35 
2016/11/15 38.10 38.30 37.65 37.90 
2016/11/16 38.30 38.40 37.65 37.65 
2016/11/17 37.75 38.30 37.65 37.70 
2016/11/18 38.00 38.15 37.75 38.00 
2016/11/21 38.20 38.40 38.10 38.15 
2016/11/22 38.40 38.45 38.10 38.25 
2016/11/23 38.40 38.45 38.10 38.10 
2016/11/24 38.10 39.70 38.10 39.20 
2016/11/25 39.60 39.60 38.85 38.95 
2016/11/28 39.05 39.50 38.90 38.95 
2016/11/29 38.80 39.25 38.80 38.85 
2016/11/30 38.90 39.20 38.80 38.85 
2016/12/01 39.35 40.30 39.35 39.75 
2016/12/02 39.70 39.85 39.40 39.45 
2016/12/05 40.00 42.35 40.00 42.00 
2016/12/06 42.10 42.20 41.10 41.55 
2016/12/07 41.55 43.45 41.20 43.05 
2016/12/08 43.50 43.95 42.50 42.70 
2016/12/09 40.10 40.50 39.05 39.15 
2016/12/12 39.30 39.70 37.30 37.80 
2016/12/13 38.00 38.40 37.85 38.30 
2016/12/14 38.45 38.50 37.95 38.10 
2016/12/15 38.10 38.30 38.00 38.20 
2016/12/16 37.95 38.15 37.20 37.45 
2016/12/19 37.15 37.20 36.00 36.10 
2016/12/20 36.25 36.70 36.20 36.50 
2016/12/21 36.55 37.00 36.40 36.40 
2016/12/22 36.40 36.50 36.20 36.30 
2016/12/23 36.50 36.60 36.25 36.30 
2016/12/26 36.40 36.60 36.20 36.30 
2016/12/27 36.35 36.75 36.10 36.10 
2016/12/28 36.15 36.40 35.50 35.70 
2016/12/29 35.60 35.85 35.60 35.60 
2016/12/30 35.70 35.80 35.55 35.60 
2017/01/03 35.75 35.75 35.35 35.35 
2017/01/04 35.60 35.60 35.35 35.45 
2017/01/05 35.60 36.70 35.60 36.55 
2017/01/06 36.80 36.95 36.30 36.30 
2017/01/09 36.25 36.35 35.60 35.70 
2017/01/10 35.20 35.55 34.55 34.90 
2017/01/11 35.20 35.20 34.80 35.00 
2017/01/12 35.25 35.30 35.05 35.10 
2017/01/13 35.10 35.20 34.80 34.90 
2017/01/16 34.95 34.95 34.55 34.55 
2017/01/17 34.55 34.80 34.55 34.55 
2017/01/18 34.55 34.90 34.55 34.75 
2017/01/19 34.85 35.60 34.75 35.15 
2017/01/20 35.15 35.30 34.75 34.80 
2017/01/23 34.85 34.95 34.45 34.55 
2017/01/24 34.55 34.95 34.55 34.55 
2017/02/02 34.80 34.80 34.30 34.30 
2017/02/03 34.55 34.90 34.25 34.70 
2017/02/06 34.65 34.95 34.55 34.70 
2017/02/07 34.70 34.80 34.55 34.65 
2017/02/08 34.70 34.85 34.40 34.50 
