2016/07/01 65.40 66.50 65.40 65.40 
2016/07/04 65.40 65.40 63.50 65.40 
2016/07/05 65.20 65.30 64.30 64.60 
2016/07/06 63.70 63.70 60.30 60.30 
2016/07/07 60.60 62.80 60.50 61.50 
2016/07/11 62.20 63.30 62.00 63.00 
2016/07/12 62.90 69.30 62.90 69.30 
2016/07/13 70.50 73.00 70.50 72.00 
2016/07/14 71.70 75.30 71.20 72.30 
2016/07/15 72.10 73.10 71.20 71.70 
2016/07/18 72.50 74.40 72.10 72.20 
2016/07/19 73.00 73.00 71.60 71.60 
2016/07/20 71.50 73.80 71.50 71.70 
2016/07/21 72.60 73.30 71.20 71.20 
2016/07/22 71.60 72.50 71.30 71.50 
2016/07/25 72.40 72.40 70.70 71.20 
2016/07/26 71.00 73.40 71.00 73.00 
2016/07/27 73.90 77.60 73.20 74.70 
2016/07/28 75.20 76.70 73.00 73.00 
2016/07/29 73.00 73.00 71.50 72.40 
2016/08/01 72.60 73.00 71.70 72.80 
2016/08/02 72.90 75.00 72.90 73.60 
2016/08/03 73.00 73.00 72.20 72.60 
2016/08/04 72.60 73.30 71.80 72.00 
2016/08/05 72.10 73.10 71.70 72.20 
2016/08/08 72.30 73.90 72.30 72.40 
2016/08/09 73.00 73.50 72.50 72.60 
2016/08/10 73.40 73.50 67.60 68.80 
2016/08/11 68.70 69.00 67.20 68.50 
2016/08/12 68.50 69.00 66.30 67.40 
2016/08/15 66.90 72.50 66.50 70.80 
2016/08/16 71.00 72.50 70.50 71.20 
2016/08/17 71.60 71.60 70.40 70.50 
2016/08/18 70.50 73.60 70.50 72.60 
2016/08/19 72.80 73.40 70.50 71.50 
2016/08/22 70.60 71.50 68.70 70.90 
2016/08/23 70.90 72.00 70.50 71.30 
2016/08/24 71.30 71.90 71.10 71.50 
2016/08/25 72.30 75.20 71.70 75.10 
2016/08/26 75.30 77.30 73.30 73.80 
2016/08/29 74.50 78.30 73.90 77.40 
2016/08/30 76.50 78.10 76.50 76.70 
2016/08/31 77.90 78.70 74.50 74.60 
2016/09/01 74.60 75.80 74.20 74.70 
2016/09/02 75.50 76.20 70.50 71.20 
2016/09/05 71.50 73.00 70.60 73.00 
2016/09/06 73.00 74.00 72.50 72.90 
2016/09/07 72.80 73.60 72.00 73.40 
2016/09/08 72.90 74.00 72.60 74.00 
2016/09/09 73.70 77.60 73.70 76.80 
2016/09/10 77.70 79.40 76.20 77.00 
2016/09/12 77.40 78.20 76.20 76.80 
2016/09/13 78.00 79.80 77.20 78.50 
2016/09/14 78.10 80.50 78.10 79.10 
2016/09/19 79.90 79.90 77.90 79.60 
2016/09/20 80.50 83.50 80.50 81.20 
2016/09/21 81.20 82.40 81.20 81.70 
2016/09/22 83.00 83.90 82.50 82.80 
2016/09/23 83.10 83.20 81.50 83.00 
2016/09/26 82.80 82.80 81.60 82.30 
2016/09/29 83.00 83.10 81.10 81.10 
2016/09/30 79.90 80.70 78.80 79.30 
2016/10/03 79.30 79.70 77.30 78.50 
2016/10/04 79.10 80.00 78.30 80.00 
2016/10/05 79.00 80.30 79.00 79.20 
2016/10/06 79.20 80.00 78.90 80.00 
2016/10/07 80.00 80.00 78.10 78.40 
2016/10/11 78.40 78.60 75.30 76.20 
2016/10/12 75.70 76.40 74.20 76.40 
2016/10/13 76.40 77.80 75.60 75.90 
2016/10/14 75.00 75.40 68.40 68.40 
2016/10/17 64.30 65.70 61.60 63.00 
2016/10/18 62.50 65.00 59.20 63.70 
2016/10/19 64.00 64.00 61.30 62.70 
2016/10/20 62.30 63.10 61.60 63.10 
2016/10/21 62.70 63.90 62.30 62.40 
2016/10/24 62.90 63.10 59.70 60.60 
2016/10/25 60.30 61.70 60.30 61.20 
2016/10/26 60.80 63.40 60.50 62.60 
2016/10/27 62.60 62.80 61.50 62.30 
2016/10/28 62.30 62.30 59.60 61.10 
2016/10/31 60.30 60.90 59.80 60.40 
2016/11/01 60.50 62.40 60.50 61.20 
2016/11/02 60.60 60.70 59.60 59.80 
2016/11/03 58.00 58.50 53.90 53.90 
2016/11/04 52.00 53.90 50.50 53.90 
2016/11/07 54.80 55.40 52.70 52.90 
2016/11/08 53.10 53.60 47.65 51.40 
2016/11/09 51.40 52.20 48.85 49.70 
2016/11/10 51.60 53.80 50.10 53.00 
2016/11/11 52.00 52.00 49.10 50.50 
2016/11/14 49.20 52.00 49.20 51.10 
2016/11/15 50.50 52.20 50.50 51.30 
2016/11/16 51.60 52.00 51.30 51.30 
2016/11/17 50.90 53.00 50.90 52.70 
2016/11/18 53.20 54.30 52.20 53.30 
2016/11/21 53.40 53.50 52.50 52.60 
2016/11/22 53.20 54.80 52.70 54.00 
2016/11/23 54.00 54.90 53.50 53.70 
2016/11/24 53.70 54.40 53.30 53.30 
2016/11/25 53.60 58.60 53.60 58.60 
2016/11/28 59.40 62.40 59.40 60.90 
2016/11/29 60.00 60.50 59.10 59.30 
2016/11/30 59.60 60.10 55.50 56.60 
2016/12/01 56.30 58.40 56.30 56.60 
2016/12/02 56.60 58.00 55.80 57.70 
2016/12/05 58.00 59.30 57.90 58.30 
2016/12/06 59.00 59.30 57.10 57.20 
2016/12/07 57.80 57.80 56.70 57.00 
2016/12/08 57.30 58.40 56.80 56.80 
2016/12/09 57.40 57.40 56.50 56.60 
2016/12/12 57.30 57.80 56.60 56.60 
2016/12/13 56.60 56.60 55.20 55.80 
2016/12/14 56.30 57.00 55.80 56.20 
2016/12/15 56.70 56.90 56.10 56.80 
2016/12/16 57.60 59.50 57.00 58.10 
2016/12/19 58.10 58.70 57.40 57.60 
2016/12/20 58.50 58.50 57.60 58.20 
2016/12/21 58.50 58.50 57.00 57.00 
2016/12/22 57.00 57.00 52.80 53.30 
2016/12/23 53.00 53.60 51.50 53.60 
2016/12/26 53.60 53.60 52.60 53.00 
2016/12/27 52.50 53.00 52.30 52.30 
2016/12/28 52.30 53.70 52.30 53.20 
2016/12/29 53.00 53.30 52.50 52.60 
2016/12/30 53.00 53.00 52.60 52.80 
2017/01/03 53.50 53.50 53.00 53.20 
2017/01/04 53.80 55.50 53.30 54.40 
2017/01/05 54.80 54.80 54.10 54.10 
2017/01/06 54.10 54.30 53.20 53.70 
2017/01/09 53.60 54.50 53.20 53.50 
2017/01/10 54.10 54.10 53.40 53.70 
2017/01/11 54.30 54.30 51.80 52.30 
2017/01/12 52.10 52.80 51.50 52.70 
2017/01/13 52.70 53.20 52.10 52.40 
2017/01/16 52.40 52.50 51.50 51.70 
2017/01/17 51.00 52.50 51.00 52.50 
2017/01/18 52.00 52.80 51.90 52.70 
2017/01/19 53.00 54.50 52.90 53.40 
2017/01/20 52.70 53.40 52.70 52.70 
2017/01/23 52.80 54.00 52.70 52.70 
2017/01/24 53.30 53.50 52.70 53.00 
2017/02/02 54.00 54.00 52.70 52.80 
2017/02/03 52.90 55.30 52.90 53.60 
2017/02/06 54.70 55.40 53.90 54.40 
2017/02/07 54.90 54.90 53.60 53.80 
2017/02/08 53.80 55.20 53.80 53.80 
