2016/07/01 113.50 113.50 104.00 104.00 
2016/07/04 101.50 102.00 99.10 99.10 
2016/07/05 100.00 102.00 99.50 99.50 
2016/07/06 99.40 100.00 95.00 95.00 
2016/07/07 97.00 97.80 96.10 96.10 
2016/07/11 97.10 97.70 95.90 95.90 
2016/07/12 96.20 97.30 96.10 96.50 
2016/07/13 97.00 97.50 96.10 96.20 
2016/07/14 96.30 96.60 95.60 96.60 
2016/07/15 97.00 97.60 96.40 97.20 
2016/07/18 96.80 96.80 95.90 96.80 
2016/07/19 97.10 97.10 95.30 95.50 
2016/07/20 95.50 96.20 94.00 94.00 
2016/07/21 94.50 94.80 93.50 93.60 
2016/07/22 94.50 94.50 93.60 93.60 
2016/07/25 94.40 94.40 91.00 91.00 
2016/07/26 92.00 92.20 90.10 90.60 
2016/07/27 90.80 91.10 89.20 89.20 
2016/07/28 89.20 90.90 89.20 89.90 
2016/07/29 90.60 90.60 89.40 90.10 
2016/08/01 92.00 92.50 91.20 91.20 
2016/08/02 91.40 92.10 90.60 90.60 
2016/08/03 90.20 90.60 89.50 89.50 
2016/08/04 89.90 90.40 89.50 90.20 
2016/08/05 90.30 90.90 89.50 90.00 
2016/08/08 90.50 90.80 89.80 90.50 
2016/08/09 91.00 91.20 88.40 88.70 
2016/08/10 88.90 89.00 86.60 86.60 
2016/08/11 87.30 87.80 86.50 87.40 
2016/08/12 87.90 92.00 87.90 89.70 
2016/08/15 89.80 90.20 89.20 89.80 
2016/08/16 90.80 90.90 89.20 89.30 
2016/08/17 90.00 90.00 88.00 88.20 
2016/08/18 88.20 89.90 88.20 88.40 
2016/08/19 89.30 89.30 88.00 88.00 
2016/08/22 88.00 88.40 86.00 86.00 
2016/08/23 86.50 87.20 86.00 86.00 
2016/08/24 86.90 86.90 85.80 86.10 
2016/08/25 86.50 86.50 85.10 86.40 
2016/08/26 86.70 86.90 86.20 86.50 
2016/08/29 87.00 87.00 85.40 85.60 
2016/08/30 86.50 86.50 85.20 85.30 
2016/08/31 85.30 85.30 84.20 84.70 
2016/09/01 85.20 87.50 84.50 86.20 
2016/09/02 87.10 87.10 85.00 85.00 
2016/09/05 85.30 85.90 83.50 84.40 
2016/09/06 85.00 85.10 83.90 83.90 
2016/09/07 84.80 85.30 84.10 84.80 
2016/09/08 85.60 86.70 85.00 85.30 
2016/09/09 86.30 86.30 85.30 85.50 
2016/09/10 85.50 85.80 85.00 85.30 
2016/09/12 86.10 86.10 84.60 84.60 
2016/09/13 84.80 85.30 83.60 83.60 
2016/09/14 83.00 83.50 80.50 80.80 
2016/09/19 82.00 82.00 80.80 81.30 
2016/09/20 81.90 82.60 81.50 82.10 
2016/09/21 82.60 82.70 82.20 82.50 
2016/09/22 83.80 83.80 81.10 81.10 
2016/09/23 81.50 82.80 81.50 82.40 
2016/09/26 82.60 82.80 81.90 82.20 
2016/09/29 82.80 84.00 81.70 83.10 
2016/09/30 83.90 84.80 83.30 84.30 
2016/10/03 85.30 86.50 85.20 85.60 
2016/10/04 86.40 86.40 83.80 83.80 
2016/10/05 84.70 84.70 83.30 83.40 
2016/10/06 84.80 85.00 83.80 84.50 
2016/10/07 85.40 85.40 83.50 83.70 
2016/10/11 84.30 84.30 81.50 81.70 
2016/10/12 82.60 82.60 81.60 81.60 
2016/10/13 82.00 82.00 80.60 81.40 
2016/10/14 81.40 82.40 79.50 79.50 
2016/10/17 80.10 80.40 78.90 79.30 
2016/10/18 79.70 79.80 76.80 77.40 
2016/10/19 79.00 79.30 78.30 78.80 
2016/10/20 78.90 79.00 77.60 78.70 
2016/10/21 79.20 79.20 77.60 78.10 
2016/10/24 78.30 78.80 77.80 78.40 
2016/10/25 78.10 78.50 77.80 78.30 
2016/10/26 78.40 78.50 77.80 78.50 
2016/10/27 78.60 80.00 78.50 79.00 
2016/10/28 79.40 79.40 77.70 78.40 
2016/10/31 79.70 79.70 78.40 79.00 
2016/11/01 79.10 79.40 77.70 77.80 
2016/11/02 78.60 78.60 73.00 73.00 
2016/11/03 74.00 74.10 71.30 71.90 
2016/11/04 72.50 73.10 71.60 72.30 
2016/11/07 72.70 73.20 71.30 72.30 
2016/11/08 73.00 73.00 72.00 72.60 
2016/11/09 72.80 73.30 66.80 67.00 
2016/11/10 69.00 71.50 69.00 71.20 
2016/11/11 71.30 71.30 69.00 70.60 
2016/11/14 71.10 71.10 69.30 70.20 
2016/11/15 70.90 70.90 69.40 70.30 
2016/11/16 71.10 71.10 70.10 70.60 
2016/11/17 71.20 71.20 70.20 70.80 
2016/11/18 71.20 71.20 70.30 70.80 
2016/11/21 70.90 72.50 70.70 72.20 
2016/11/22 72.70 73.50 72.30 72.80 
2016/11/23 74.20 74.20 72.90 73.40 
2016/11/24 74.00 74.00 72.30 72.90 
2016/11/25 74.00 74.00 72.50 73.40 
2016/11/28 73.50 73.80 72.30 73.30 
2016/11/29 73.50 73.60 71.90 72.80 
2016/11/30 73.30 73.30 72.20 72.40 
2016/12/01 72.90 73.00 72.10 72.20 
2016/12/02 72.60 72.60 71.30 72.00 
2016/12/05 72.80 72.80 71.10 71.70 
2016/12/06 72.60 72.60 71.10 71.90 
2016/12/07 72.00 72.90 71.50 72.50 
2016/12/08 73.00 73.20 72.50 73.00 
2016/12/09 73.60 74.20 72.80 73.00 
2016/12/12 73.60 73.60 72.60 73.10 
2016/12/13 73.10 73.50 72.80 73.50 
2016/12/14 73.90 73.90 72.60 73.30 
2016/12/15 73.80 73.80 72.80 73.40 
2016/12/16 73.60 73.60 73.40 73.60 
2016/12/19 74.00 74.40 73.30 73.30 
2016/12/20 73.80 73.80 72.90 73.30 
2016/12/21 73.60 73.80 72.00 72.70 
2016/12/22 72.80 73.80 72.50 73.20 
2016/12/23 73.50 73.60 72.30 73.00 
2016/12/26 73.40 73.40 72.10 72.80 
2016/12/27 73.10 73.20 72.10 72.70 
2016/12/28 72.80 72.90 72.00 72.50 
2016/12/29 72.50 72.50 71.70 72.30 
2016/12/30 72.70 72.80 71.50 72.10 
2017/01/03 73.50 73.80 72.30 72.40 
2017/01/04 72.60 73.20 72.10 72.70 
2017/01/05 73.00 73.20 72.20 72.80 
2017/01/06 72.90 73.00 72.30 72.80 
2017/01/09 73.00 73.10 72.10 72.10 
2017/01/10 72.40 72.50 71.00 71.80 
2017/01/11 71.90 71.90 70.60 70.60 
2017/01/12 70.60 70.80 70.00 70.30 
2017/01/13 70.50 70.70 69.90 69.90 
2017/01/16 69.90 70.00 68.60 68.60 
2017/01/17 69.00 69.00 67.60 67.70 
2017/01/18 68.30 68.60 67.90 68.40 
2017/01/19 68.40 68.80 68.00 68.50 
2017/01/20 68.60 69.00 68.10 68.50 
2017/01/23 68.60 68.80 67.80 67.90 
2017/01/24 68.10 68.10 67.30 67.50 
2017/02/02 67.90 68.10 67.20 68.00 
2017/02/03 68.30 68.70 67.80 68.00 
2017/02/06 68.30 69.70 68.20 69.30 
2017/02/07 69.40 70.20 69.30 69.30 
2017/02/08 69.40 69.90 69.40 69.80 
