2016/07/01 152.50 152.50 149.50 151.00 
2016/07/04 151.00 154.00 151.00 153.00 
2016/07/05 153.50 153.50 150.50 151.50 
2016/07/06 150.00 152.00 149.50 151.00 
2016/07/07 151.50 153.50 144.00 145.00 
2016/07/11 142.00 147.50 142.00 143.00 
2016/07/12 142.00 146.50 141.00 141.50 
2016/07/13 142.50 144.00 139.50 140.50 
2016/07/14 138.50 139.50 135.50 136.00 
2016/07/15 136.00 139.50 132.50 139.50 
2016/07/18 140.50 141.00 139.00 141.00 
2016/07/19 142.00 143.50 141.00 143.50 
2016/07/20 144.00 147.00 143.50 146.00 
2016/07/21 147.50 150.50 147.00 149.50 
2016/07/22 150.00 152.50 150.00 152.50 
2016/07/25 153.50 153.50 149.00 151.50 
2016/07/26 152.50 152.50 151.00 152.00 
2016/07/27 153.00 156.00 152.00 155.50 
2016/07/28 155.50 156.50 154.00 155.00 
2016/07/29 154.50 155.00 153.50 154.00 
2016/08/01 154.50 155.50 152.50 153.00 
2016/08/02 151.50 154.00 151.50 153.00 
2016/08/03 153.00 153.00 150.00 151.50 
2016/08/04 151.50 152.50 150.00 151.50 
2016/08/05 152.00 156.50 152.00 155.00 
2016/08/08 156.50 156.50 154.00 154.50 
2016/08/10 165.00 169.50 162.00 169.50 
2016/08/11 172.00 172.50 164.50 169.00 
2016/08/12 169.00 169.00 158.00 160.50 
2016/08/15 161.50 163.50 159.00 159.00 
2016/08/16 160.00 166.00 160.00 161.50 
2016/08/17 162.00 163.50 159.00 159.50 
2016/08/18 160.00 161.50 157.00 159.50 
2016/08/19 160.50 164.50 160.50 162.50 
2016/08/22 162.50 164.50 160.00 164.00 
2016/08/23 164.00 165.00 162.00 163.50 
2016/08/24 164.00 164.00 162.00 163.50 
2016/08/25 164.00 164.00 162.50 162.50 
2016/08/26 163.00 163.00 158.50 161.50 
2016/08/29 160.00 161.00 159.00 161.00 
2016/08/30 159.50 162.00 159.00 159.50 
2016/08/31 160.00 160.00 157.00 158.00 
2016/09/01 158.00 158.00 152.50 154.50 
2016/09/02 154.50 158.00 154.00 155.50 
2016/09/05 158.50 160.50 157.00 160.00 
2016/09/06 162.00 162.00 158.00 159.50 
2016/09/07 159.50 161.00 158.00 158.00 
2016/09/08 160.00 160.00 157.50 158.50 
2016/09/09 158.00 161.50 158.00 159.50 
2016/09/10 159.00 161.00 158.00 160.50 
2016/09/12 162.00 164.50 159.00 159.00 
2016/09/13 160.50 160.50 156.00 156.00 
2016/09/14 156.00 159.00 156.00 158.50 
2016/09/19 158.00 162.50 158.00 161.00 
2016/09/20 160.00 161.50 159.50 160.00 
2016/09/21 160.50 161.00 158.00 160.50 
2016/09/22 161.00 168.00 160.50 165.00 
2016/09/23 166.50 167.00 163.50 165.00 
2016/09/26 165.00 178.00 165.00 167.00 
2016/09/29 170.50 170.50 165.50 165.50 
2016/09/30 165.50 167.00 162.00 167.00 
2016/10/03 167.00 169.00 166.00 166.50 
2016/10/04 166.00 166.50 163.50 165.00 
2016/10/05 165.00 168.50 165.00 165.50 
2016/10/06 169.00 177.50 169.00 170.00 
2016/10/07 169.50 175.00 169.50 172.00 
2016/10/11 176.00 179.50 171.00 175.50 
2016/10/12 180.00 180.00 173.00 174.50 
2016/10/13 176.00 177.00 173.00 173.00 
2016/10/14 173.00 173.00 164.00 166.50 
2016/10/17 167.00 168.50 163.50 165.50 
2016/10/18 166.00 167.00 164.50 165.50 
2016/10/19 167.50 168.50 166.00 166.00 
2016/10/20 166.00 175.00 165.00 171.00 
2016/10/21 172.00 174.50 171.00 172.00 
2016/10/24 173.50 173.50 170.00 171.50 
2016/10/25 171.50 172.00 171.00 171.00 
2016/10/26 169.00 173.00 169.00 172.00 
2016/10/27 171.00 173.50 171.00 171.50 
2016/10/28 171.50 172.50 169.00 169.00 
2016/10/31 169.00 169.00 166.00 168.50 
2016/11/01 166.50 170.00 166.50 168.00 
2016/11/02 166.50 167.00 157.00 162.00 
2016/11/03 162.00 163.00 158.00 161.00 
2016/11/04 158.00 163.00 158.00 160.00 
2016/11/07 159.00 162.50 159.00 160.50 
2016/11/08 161.00 162.50 160.50 161.50 
2016/11/09 162.00 162.00 153.00 154.00 
2016/11/10 158.00 162.00 157.00 161.00 
2016/11/11 158.50 158.50 155.00 156.00 
2016/11/14 156.00 156.00 147.00 151.50 
2016/11/15 151.50 154.50 151.50 153.00 
2016/11/16 154.00 155.50 152.00 152.00 
2016/11/17 153.00 156.00 152.50 153.00 
2016/11/18 157.50 165.00 157.00 160.00 
2016/11/21 158.00 161.50 157.50 158.00 
2016/11/22 159.00 160.50 158.00 158.00 
2016/11/23 159.50 160.50 157.50 157.50 
2016/11/24 157.50 159.50 156.00 156.50 
2016/11/25 156.50 157.00 155.50 156.00 
2016/11/28 158.50 160.50 156.00 156.00 
2016/11/29 156.00 156.00 153.50 153.50 
2016/11/30 157.00 157.00 152.00 153.00 
2016/12/01 153.00 156.00 151.00 151.50 
2016/12/02 151.50 153.50 150.00 150.50 
2016/12/05 152.50 152.50 150.50 151.50 
2016/12/06 151.50 154.00 151.00 152.00 
2016/12/07 154.00 154.00 151.50 152.00 
2016/12/08 153.50 154.00 152.50 153.00 
2016/12/09 152.50 154.00 152.50 154.00 
2016/12/12 153.50 153.50 151.00 152.00 
2016/12/13 152.00 153.00 151.00 152.00 
2016/12/14 152.50 156.00 152.50 152.50 
2016/12/15 153.00 153.00 152.50 152.50 
2016/12/16 151.50 154.00 151.50 153.00 
2016/12/19 153.00 153.50 152.50 153.00 
2016/12/20 153.50 154.00 152.00 153.00 
2016/12/21 153.50 153.50 152.50 153.00 
2016/12/22 153.00 154.00 152.00 152.50 
2016/12/23 154.50 154.50 152.50 153.50 
2016/12/26 153.50 153.50 152.00 152.00 
2016/12/27 153.00 153.00 152.00 152.50 
2016/12/28 153.50 153.50 152.00 153.00 
2016/12/29 153.50 153.50 153.00 153.00 
2016/12/30 153.50 154.50 152.50 153.00 
2017/01/03 155.00 155.50 153.00 155.00 
2017/01/04 155.00 157.50 155.00 157.00 
2017/01/05 157.50 159.00 156.50 159.00 
2017/01/06 159.00 163.50 159.00 159.00 
2017/01/09 160.50 161.50 156.50 158.00 
2017/01/10 158.00 158.00 154.50 154.50 
2017/01/11 155.50 155.50 151.00 151.50 
2017/01/12 151.50 152.00 150.00 151.50 
2017/01/13 151.50 151.50 150.00 151.50 
2017/01/16 147.00 149.50 147.00 149.50 
2017/01/17 149.50 151.50 149.50 151.00 
2017/01/18 152.00 152.00 148.50 148.50 
2017/01/19 150.50 151.00 149.50 150.50 
2017/01/20 150.50 151.00 148.50 150.00 
2017/01/23 151.00 151.00 148.50 149.00 
2017/01/24 151.00 151.00 148.00 148.50 
2017/02/02 147.50 149.50 140.00 140.50 
2017/02/03 139.00 140.00 127.00 129.50 
2017/02/06 130.50 131.00 120.00 122.00 
2017/02/07 123.00 124.50 120.50 121.00 
2017/02/08 121.50 122.50 118.50 119.50 
