2016/07/01 21.30 22.00 21.30 21.75 
2016/07/04 21.80 21.80 21.65 21.70 
2016/07/05 21.70 21.70 21.50 21.60 
2016/07/06 21.45 21.45 21.40 21.40 
2016/07/07 21.60 21.60 21.30 21.30 
2016/07/11 21.45 21.60 21.30 21.40 
2016/07/12 21.40 21.60 21.40 21.60 
2016/07/13 21.60 21.80 21.55 21.80 
2016/07/14 21.80 21.90 21.70 21.70 
2016/07/15 21.75 22.20 21.75 22.15 
2016/07/18 22.40 22.40 22.00 22.30 
2016/07/19 22.30 22.80 22.20 22.45 
2016/07/20 22.45 22.55 22.20 22.55 
2016/07/21 21.15 21.20 20.85 20.95 
2016/07/22 20.95 21.10 20.60 20.65 
2016/07/25 20.80 20.80 20.55 20.80 
2016/07/26 20.55 21.25 20.55 21.00 
2016/07/27 21.50 21.50 21.00 21.00 
2016/07/28 21.20 21.20 20.85 20.90 
2016/07/29 20.90 21.00 20.80 20.80 
2016/08/01 20.80 20.90 20.80 20.80 
2016/08/02 20.90 21.75 20.90 20.95 
2016/08/03 20.80 21.05 20.80 20.90 
2016/08/04 20.80 21.05 20.80 20.80 
2016/08/05 20.80 20.80 20.75 20.75 
2016/08/08 20.80 20.90 20.55 20.60 
2016/08/09 20.55 20.70 20.55 20.55 
2016/08/10 20.55 20.70 20.50 20.60 
2016/08/11 20.70 20.70 20.40 20.40 
2016/08/12 20.35 20.75 20.35 20.50 
2016/08/15 20.50 20.50 20.15 20.25 
2016/08/16 20.20 20.20 20.00 20.15 
2016/08/17 20.00 20.25 20.00 20.25 
2016/08/18 20.25 20.30 20.10 20.25 
2016/08/19 20.30 20.35 20.10 20.25 
2016/08/22 20.25 20.25 20.00 20.20 
2016/08/23 20.25 20.25 20.05 20.05 
2016/08/24 20.20 20.25 20.10 20.10 
2016/08/25 20.10 20.15 20.00 20.15 
2016/08/26 20.10 20.20 20.00 20.20 
2016/08/29 20.10 20.30 20.05 20.10 
2016/08/30 20.10 20.15 20.00 20.15 
2016/08/31 19.95 20.20 19.95 20.20 
2016/09/01 20.20 20.20 20.10 20.20 
2016/09/02 20.00 20.15 19.85 20.10 
2016/09/05 19.90 20.15 19.80 20.05 
2016/09/06 19.80 20.10 19.75 20.00 
2016/09/07 20.00 20.10 19.85 19.95 
2016/09/08 19.95 20.05 19.95 20.05 
2016/09/09 19.90 20.00 19.80 20.00 
2016/09/10 19.90 20.05 19.80 20.00 
2016/09/12 19.95 20.00 19.90 20.00 
2016/09/13 19.90 20.00 19.90 20.00 
2016/09/14 19.75 19.95 19.65 19.95 
2016/09/19 19.75 19.85 19.65 19.85 
2016/09/20 19.90 19.90 19.65 19.85 
2016/09/21 19.70 19.90 19.65 19.85 
2016/09/22 19.85 19.85 19.70 19.85 
2016/09/23 19.80 20.00 19.80 19.95 
2016/09/26 19.90 19.90 19.70 19.80 
2016/09/29 19.80 19.85 19.75 19.80 
2016/09/30 19.65 19.75 19.65 19.70 
2016/10/03 19.55 19.70 19.50 19.55 
2016/10/04 19.45 19.50 19.20 19.40 
2016/10/05 19.50 21.30 19.50 20.30 
2016/10/06 20.30 20.50 19.80 19.85 
2016/10/07 19.90 19.95 19.40 19.45 
2016/10/11 19.45 19.45 19.10 19.40 
2016/10/12 19.40 19.45 19.10 19.40 
2016/10/13 19.40 19.40 19.20 19.20 
2016/10/14 19.20 19.20 19.00 19.05 
2016/10/17 18.85 19.10 18.85 18.95 
2016/10/18 19.10 19.10 18.95 19.05 
2016/10/19 19.05 19.20 19.00 19.05 
2016/10/20 19.05 19.20 18.85 19.20 
2016/10/21 19.15 19.15 19.00 19.10 
2016/10/24 19.20 19.20 19.15 19.15 
2016/10/25 19.05 19.10 19.00 19.00 
2016/10/26 19.00 19.00 18.90 18.95 
2016/10/27 18.95 19.00 18.90 18.90 
2016/10/28 19.00 19.20 18.95 19.00 
2016/10/31 18.90 18.95 18.90 18.95 
2016/11/01 18.95 19.00 18.75 19.00 
2016/11/02 19.00 19.05 18.85 18.90 
2016/11/03 18.80 18.85 18.75 18.75 
2016/11/04 18.75 18.75 18.45 18.50 
2016/11/07 18.60 18.65 18.50 18.50 
2016/11/08 18.55 18.70 18.55 18.70 
2016/11/09 18.60 18.65 18.30 18.35 
2016/11/10 18.50 18.55 18.35 18.50 
2016/11/11 18.50 18.50 18.35 18.50 
2016/11/14 18.60 18.60 18.35 18.40 
2016/11/15 18.25 18.50 17.80 18.45 
2016/11/16 18.40 18.60 18.25 18.45 
2016/11/17 18.45 18.45 18.20 18.30 
2016/11/18 18.25 18.25 18.10 18.25 
2016/11/21 18.25 18.25 18.05 18.15 
2016/11/22 18.10 18.15 18.00 18.15 
2016/11/23 18.05 18.10 18.00 18.10 
2016/11/24 18.05 18.10 18.00 18.05 
2016/11/25 18.05 18.10 18.00 18.00 
2016/11/28 18.00 18.10 18.00 18.05 
2016/11/29 18.00 18.10 17.90 18.05 
2016/11/30 18.05 18.20 18.05 18.05 
2016/12/01 18.10 18.30 18.10 18.25 
2016/12/02 18.25 18.40 18.05 18.10 
2016/12/05 18.10 18.10 18.00 18.05 
2016/12/06 18.00 18.10 17.95 18.00 
2016/12/07 18.00 18.10 17.95 17.95 
2016/12/08 17.95 18.40 17.95 18.25 
2016/12/09 18.25 18.25 18.15 18.15 
2016/12/12 18.00 18.10 18.00 18.00 
2016/12/13 18.20 18.25 17.95 18.00 
2016/12/14 18.25 18.25 18.00 18.00 
2016/12/15 18.00 18.00 17.90 18.00 
2016/12/16 18.10 18.10 17.95 18.00 
2016/12/19 18.00 18.00 18.00 18.00 
2016/12/20 17.85 18.00 17.80 17.95 
2016/12/21 17.95 18.00 17.80 17.80 
2016/12/22 17.85 18.00 17.80 17.85 
2016/12/23 17.85 17.95 17.85 17.90 
2016/12/26 17.90 17.90 17.90 17.90 
2016/12/27 17.90 17.90 17.50 17.75 
2016/12/28 17.70 17.70 17.70 17.70 
2016/12/29 17.70 17.70 17.65 17.70 
2016/12/30 17.65 17.65 17.55 17.65 
2017/01/03 17.55 17.55 17.30 17.55 
2017/01/04 17.50 17.65 17.40 17.65 
2017/01/05 17.65 17.85 17.65 17.70 
2017/01/06 17.70 17.75 17.70 17.70 
2017/01/09 17.70 17.70 17.70 17.70 
2017/01/10 17.90 17.90 17.70 17.85 
2017/01/11 17.80 17.80 17.70 17.70 
2017/01/12 17.60 17.80 17.60 17.70 
2017/01/13 17.70 17.70 17.65 17.70 
2017/01/16 17.70 17.70 17.50 17.60 
2017/01/17 17.55 17.70 17.55 17.70 
2017/01/18 17.70 17.80 17.65 17.80 
2017/01/19 17.80 17.80 17.60 17.80 
2017/01/20 17.80 17.80 17.70 17.80 
2017/01/23 17.70 17.80 17.45 17.70 
2017/01/24 17.70 17.70 17.60 17.70 
2017/02/02 17.70 18.30 17.60 18.10 
2017/02/03 18.05 18.15 18.00 18.15 
2017/02/06 18.15 18.50 18.10 18.10 
2017/02/07 18.10 18.10 17.95 18.05 
2017/02/08 18.10 18.25 18.05 18.25 
