2016/07/01 141.50 142.00 137.00 138.00 
2016/07/04 138.50 144.00 138.00 140.50 
2016/07/05 140.50 142.00 138.50 140.50 
2016/07/06 140.50 142.00 138.50 141.00 
2016/07/07 140.00 147.50 140.00 146.00 
2016/07/11 149.00 152.00 146.00 150.50 
2016/07/12 150.50 152.50 148.00 152.50 
2016/07/13 152.00 153.00 150.00 152.50 
2016/07/14 151.50 157.50 151.50 157.50 
2016/07/15 158.00 164.00 158.00 164.00 
2016/07/18 162.00 163.50 148.00 155.00 
2016/07/19 156.00 168.00 153.00 167.50 
2016/07/20 168.50 169.00 162.00 163.00 
2016/07/21 159.50 166.00 156.00 156.00 
2016/07/22 157.00 161.00 152.00 155.50 
2016/07/25 155.50 158.50 152.50 156.00 
2016/07/26 156.00 158.00 152.50 153.50 
2016/07/27 153.50 157.50 153.50 154.00 
2016/07/28 154.00 155.50 153.50 154.50 
2016/07/29 155.00 155.00 141.50 146.50 
2016/08/01 146.00 151.50 146.00 148.00 
2016/08/02 148.00 154.00 148.00 150.00 
2016/08/03 149.00 151.00 145.50 148.00 
2016/08/04 151.00 159.00 148.00 159.00 
2016/08/05 159.00 162.00 157.00 161.50 
2016/08/08 161.50 162.00 159.00 160.00 
2016/08/09 160.00 160.00 158.50 160.00 
2016/08/10 162.00 162.00 152.50 155.50 
2016/08/11 155.50 167.00 153.00 162.00 
2016/08/12 162.00 168.00 159.00 168.00 
2016/08/15 167.50 167.50 161.00 162.00 
2016/08/16 165.00 165.00 159.00 161.00 
2016/08/17 161.00 165.00 159.50 160.00 
2016/08/18 160.00 163.50 159.50 162.00 
2016/08/19 163.00 171.50 163.00 166.00 
2016/08/22 164.00 166.00 161.00 163.00 
2016/08/23 164.50 164.50 162.50 163.50 
2016/08/24 163.50 164.00 162.50 162.50 
2016/08/25 162.50 164.50 162.50 162.50 
2016/08/26 162.50 172.50 162.00 168.50 
2016/08/29 169.00 184.00 169.00 183.50 
2016/08/30 185.00 188.00 179.00 185.00 
2016/08/31 186.00 189.50 180.00 180.50 
2016/09/01 181.00 192.00 180.00 190.00 
2016/09/02 187.00 197.50 186.00 192.00 
2016/09/05 190.00 194.50 188.50 192.50 
2016/09/06 192.50 193.50 190.00 193.00 
2016/09/07 192.00 194.00 190.50 191.00 
2016/09/08 192.00 199.00 192.00 197.00 
2016/09/09 196.00 196.50 193.50 194.00 
2016/09/10 188.00 195.00 188.00 193.50 
2016/09/12 192.00 194.50 191.50 192.50 
2016/09/13 195.00 195.00 190.50 191.00 
2016/09/14 191.00 191.00 187.00 191.00 
2016/09/19 191.00 198.00 190.00 193.50 
2016/09/20 191.50 196.00 191.50 192.00 
2016/09/21 192.00 192.50 190.50 190.50 
2016/09/22 190.00 192.50 189.50 189.50 
2016/09/23 188.50 189.50 188.00 189.00 
2016/09/26 190.00 190.00 176.00 186.00 
2016/09/29 186.00 190.00 180.00 183.00 
2016/09/30 180.50 183.00 175.00 176.00 
2016/10/03 178.00 179.00 173.50 175.00 
2016/10/04 175.00 179.00 174.50 175.00 
2016/10/05 175.00 175.00 170.00 172.00 
2016/10/06 172.00 178.00 172.00 174.50 
2016/10/07 174.50 178.50 171.00 171.50 
2016/10/11 176.00 176.50 154.50 162.50 
2016/10/12 160.00 170.00 154.50 170.00 
2016/10/13 166.00 175.00 166.00 172.00 
2016/10/14 172.00 173.00 167.00 169.00 
2016/10/17 170.00 175.00 169.50 172.50 
2016/10/18 170.00 171.00 169.00 171.00 
2016/10/19 172.00 177.00 170.00 173.00 
2016/10/20 173.00 176.50 172.00 172.00 
2016/10/21 173.00 175.00 172.50 175.00 
2016/10/24 172.50 172.50 170.00 172.50 
2016/10/25 170.50 172.50 168.00 169.00 
2016/10/26 166.50 173.00 166.50 168.50 
2016/10/27 169.00 175.50 169.00 175.50 
2016/10/28 175.50 175.50 173.00 174.50 
2016/10/31 179.00 179.00 174.50 174.50 
2016/11/01 175.00 175.50 172.50 175.50 
2016/11/02 178.00 178.00 170.00 173.00 
2016/11/03 173.00 173.00 164.00 166.00 
2016/11/04 164.00 166.00 164.00 166.00 
2016/11/07 169.00 175.00 169.00 172.50 
2016/11/08 177.50 177.50 170.00 172.00 
2016/11/09 172.00 172.00 165.00 166.00 
2016/11/10 176.00 176.00 166.00 168.00 
2016/11/11 166.50 171.00 163.00 171.00 
2016/11/14 173.50 173.50 168.00 170.50 
2016/11/15 168.00 170.00 168.00 168.00 
2016/11/16 169.00 169.50 167.00 168.00 
2016/11/17 168.00 170.00 168.00 168.50 
2016/11/18 168.50 174.50 168.50 172.00 
2016/11/21 173.00 187.00 173.00 183.50 
2016/11/22 186.00 190.00 184.50 187.00 
2016/11/23 187.00 187.00 180.00 184.00 
2016/11/24 182.00 183.00 180.00 182.00 
2016/11/25 182.00 184.50 180.50 181.00 
2016/11/28 181.00 183.50 181.00 182.00 
2016/11/29 182.00 183.50 180.00 183.50 
2016/11/30 186.00 186.00 182.50 182.50 
2016/12/01 183.50 183.50 182.00 182.00 
2016/12/02 178.50 188.00 178.50 182.00 
2016/12/05 184.00 188.00 184.00 187.00 
2016/12/06 187.00 191.00 186.50 189.50 
2016/12/07 189.00 193.50 187.50 187.50 
2016/12/08 187.50 191.00 185.00 187.00 
2016/12/09 188.00 188.00 185.00 187.50 
2016/12/12 189.00 196.00 188.00 190.50 
2016/12/13 190.50 193.50 190.00 191.50 
2016/12/14 192.00 194.00 191.50 192.00 
2016/12/15 199.00 203.00 192.50 192.50 
2016/12/16 194.00 198.00 192.50 195.00 
2016/12/19 195.00 195.00 191.50 191.50 
2016/12/20 194.00 195.50 191.00 192.00 
2016/12/21 189.00 193.50 189.00 192.00 
2016/12/22 191.00 191.00 188.00 188.00 
2016/12/23 188.00 188.50 187.00 188.50 
2016/12/26 189.00 192.00 189.00 189.00 
2016/12/27 188.00 191.00 187.50 188.00 
2016/12/28 188.00 189.50 187.00 187.00 
2016/12/29 187.00 189.00 186.00 189.00 
2016/12/30 188.50 191.00 187.00 191.00 
2017/01/03 191.00 191.00 189.00 189.00 
2017/01/04 190.00 194.50 190.00 192.50 
2017/01/05 193.50 193.50 190.00 190.00 
2017/01/06 189.00 190.00 188.50 190.00 
2017/01/09 189.00 189.00 186.00 187.50 
2017/01/10 188.00 189.00 186.50 187.50 
2017/01/11 188.50 195.00 188.50 192.00 
2017/01/12 190.50 192.00 188.50 192.00 
2017/01/13 188.50 191.50 188.50 190.50 
2017/01/16 190.00 191.50 189.00 190.50 
2017/01/17 190.00 201.50 190.00 201.50 
2017/01/18 200.00 201.50 196.50 197.00 
2017/01/19 197.50 200.50 192.00 200.00 
2017/01/20 199.50 199.50 196.00 198.50 
2017/01/23 198.50 198.50 196.50 198.00 
2017/01/24 196.50 198.50 195.00 195.00 
2017/02/02 195.00 195.50 193.00 194.00 
2017/02/03 193.50 194.50 185.00 188.00 
2017/02/06 190.50 192.00 188.00 189.00 
2017/02/07 189.50 192.00 187.00 188.00 
2017/02/08 188.00 188.00 183.00 186.00 
