2016/07/01 111.50 120.00 110.50 119.00 
2016/07/04 119.00 127.50 119.00 121.50 
2016/07/05 122.00 124.00 120.50 124.00 
2016/07/06 124.00 124.50 121.00 123.00 
2016/07/07 124.00 126.00 121.50 122.00 
2016/07/11 126.00 130.00 122.50 122.50 
2016/07/12 124.00 125.50 121.00 122.00 
2016/07/13 123.00 123.00 115.50 118.50 
2016/07/14 122.50 129.00 122.50 124.50 
2016/07/15 126.00 126.50 123.50 124.00 
2016/07/18 124.00 124.50 118.50 119.50 
2016/07/19 119.50 122.50 119.00 119.50 
2016/07/20 120.50 122.00 118.50 120.00 
2016/07/21 121.50 126.50 121.00 123.00 
2016/07/22 123.00 124.50 120.50 122.50 
2016/07/25 124.00 124.00 116.50 118.00 
2016/07/26 118.00 118.00 112.00 115.00 
2016/07/27 116.00 118.00 114.00 114.50 
2016/07/28 115.00 115.00 107.00 108.50 
2016/07/29 108.50 112.00 108.00 111.00 
2016/08/01 110.00 111.00 105.00 106.50 
2016/08/02 107.00 110.00 106.50 110.00 
2016/08/03 109.50 113.50 109.00 111.00 
2016/08/04 112.00 113.00 110.50 113.00 
2016/08/05 113.00 113.50 111.00 111.00 
2016/08/08 112.00 115.50 111.00 115.00 
2016/08/09 115.00 115.50 110.00 110.00 
2016/08/10 110.00 110.00 105.00 106.00 
2016/08/11 107.00 109.50 106.50 106.50 
2016/08/12 108.00 109.00 106.50 107.00 
2016/08/15 108.00 108.00 105.00 105.50 
2016/08/16 106.50 110.00 106.00 108.00 
2016/08/17 109.00 111.50 107.00 107.50 
2016/08/18 110.00 110.00 107.00 108.00 
2016/08/19 108.00 109.50 102.00 103.00 
2016/08/22 103.50 103.50 98.00 99.00 
2016/08/23 99.20 100.50 98.60 99.60 
2016/08/24 100.00 100.50 98.00 98.60 
2016/08/25 99.60 102.00 98.20 101.50 
2016/08/26 102.00 104.50 101.00 102.50 
2016/08/29 103.00 104.00 100.50 102.50 
2016/08/30 100.00 101.00 99.50 100.50 
2016/08/31 100.50 100.50 99.20 99.20 
2016/09/01 100.00 100.50 98.10 98.10 
2016/09/02 98.20 98.20 88.30 88.30 
2016/09/05 90.40 91.40 89.00 91.00 
2016/09/06 91.30 91.30 88.50 90.60 
2016/09/07 91.30 95.90 90.60 95.70 
2016/09/08 96.10 102.00 96.10 101.00 
2016/09/09 99.20 103.00 98.60 100.50 
2016/09/10 99.80 100.00 98.00 100.00 
2016/09/12 98.70 99.60 93.10 93.20 
2016/09/13 95.00 95.60 93.00 93.00 
2016/09/14 93.50 93.80 92.70 93.80 
2016/09/19 94.60 98.80 94.60 96.60 
2016/09/20 97.50 97.80 95.70 96.00 
2016/09/21 96.00 96.00 93.60 95.00 
2016/09/22 96.30 99.80 95.50 98.50 
2016/09/23 98.50 99.20 97.50 97.60 
2016/09/26 97.60 97.60 95.30 96.20 
2016/09/29 96.20 96.80 94.50 95.70 
2016/09/30 95.70 98.40 95.70 97.80 
2016/10/03 98.50 102.00 96.10 102.00 
2016/10/04 102.00 103.00 99.80 99.80 
2016/10/05 100.50 102.00 99.70 102.00 
2016/10/06 102.50 104.00 99.80 100.00 
2016/10/07 102.50 104.00 99.80 102.00 
2016/10/11 103.00 103.00 97.10 97.90 
2016/10/12 98.50 101.00 97.80 100.00 
2016/10/13 100.00 105.00 100.00 102.00 
2016/10/14 102.00 104.00 99.30 99.30 
2016/10/17 100.50 101.00 98.20 98.40 
2016/10/18 98.60 100.00 97.40 97.60 
2016/10/19 98.30 99.50 97.40 98.00 
2016/10/20 99.00 99.00 97.60 98.20 
2016/10/21 98.60 98.70 97.60 97.60 
2016/10/24 98.00 98.00 97.30 97.30 
2016/10/25 97.50 98.60 97.30 97.30 
2016/10/26 96.60 97.10 93.00 94.20 
2016/10/27 94.30 96.10 94.30 94.30 
2016/10/28 94.30 95.20 94.30 94.80 
2016/10/31 95.40 95.40 94.00 94.30 
2016/11/01 93.60 94.00 89.10 90.00 
2016/11/02 90.00 90.70 84.50 84.60 
2016/11/03 84.60 85.40 82.80 84.10 
2016/11/04 83.00 85.40 83.00 85.20 
2016/11/07 84.10 87.10 83.50 86.10 
2016/11/08 87.00 87.20 84.70 85.20 
2016/11/09 85.60 86.50 79.30 80.20 
2016/11/10 82.30 84.10 82.30 83.20 
2016/11/11 80.10 81.80 80.10 81.40 
2016/11/14 81.10 81.10 74.60 79.70 
2016/11/15 79.00 79.70 76.60 78.00 
2016/11/16 77.10 79.50 77.10 78.60 
2016/11/17 79.50 79.50 76.60 78.50 
2016/11/18 78.50 78.50 77.00 77.50 
2016/11/21 77.70 82.30 77.70 81.30 
2016/11/22 81.70 84.30 81.30 82.20 
2016/11/23 82.30 83.70 82.30 82.30 
2016/11/24 82.80 84.50 82.60 82.80 
2016/11/25 82.80 83.70 82.60 82.70 
2016/11/28 82.60 83.00 82.00 82.90 
2016/11/29 82.90 82.90 82.00 82.80 
2016/11/30 82.80 83.40 82.50 83.40 
2016/12/01 83.80 85.80 83.30 85.50 
2016/12/02 85.50 85.50 84.50 84.50 
2016/12/05 84.50 87.00 84.50 85.20 
2016/12/06 85.20 85.60 84.30 85.00 
2016/12/07 85.60 86.30 84.70 85.20 
2016/12/08 85.40 86.30 84.70 85.20 
2016/12/09 85.80 86.80 85.50 85.50 
2016/12/12 85.70 86.10 84.00 84.10 
2016/12/13 83.80 84.70 83.50 84.10 
2016/12/14 84.20 84.20 81.90 83.00 
2016/12/15 82.10 83.20 82.10 83.10 
2016/12/16 82.70 83.90 82.20 83.90 
2016/12/19 84.30 86.70 83.20 83.80 
2016/12/20 84.00 84.00 82.00 84.00 
2016/12/21 84.60 85.90 83.70 83.80 
2016/12/22 84.50 84.50 82.20 84.20 
2016/12/23 84.30 85.70 83.90 84.40 
2016/12/26 85.00 85.00 84.00 84.00 
2016/12/27 83.70 84.00 83.40 83.80 
2016/12/28 83.50 84.00 83.50 83.90 
2016/12/29 83.70 84.80 82.60 84.80 
2016/12/30 85.00 87.20 85.00 87.20 
2017/01/03 87.30 90.80 87.30 88.10 
2017/01/04 88.20 89.80 87.30 89.80 
2017/01/05 90.00 90.80 89.00 89.10 
2017/01/06 89.30 90.30 88.20 88.50 
2017/01/09 88.50 90.00 88.50 89.60 
2017/01/10 90.00 91.20 86.50 86.50 
2017/01/11 86.50 87.30 85.80 86.80 
2017/01/12 87.00 87.00 85.50 85.70 
2017/01/13 86.00 86.60 83.30 83.80 
2017/01/16 84.10 85.00 81.50 82.30 
2017/01/17 82.80 83.10 82.20 82.50 
2017/01/18 82.90 84.60 82.60 82.60 
2017/01/19 83.00 83.70 82.50 83.20 
2017/01/20 83.00 83.00 81.90 82.10 
2017/01/23 82.10 82.50 82.00 82.20 
2017/01/24 82.10 82.60 82.00 82.10 
2017/02/02 81.90 82.10 81.20 81.20 
2017/02/03 81.20 83.30 81.20 82.60 
2017/02/06 83.70 84.20 83.00 83.40 
2017/02/07 83.20 83.80 83.00 83.40 
2017/02/08 83.70 84.50 82.80 83.00 
