2016/07/01 213.00 213.00 209.00 210.00 
2016/07/04 212.00 212.00 207.00 207.50 
2016/07/05 209.00 209.50 208.00 209.00 
2016/07/06 208.00 208.50 206.50 207.00 
2016/07/07 207.50 213.00 206.50 211.00 
2016/07/11 211.00 215.00 209.50 213.50 
2016/07/12 215.00 220.50 215.00 218.50 
2016/07/13 217.50 217.50 213.00 213.50 
2016/07/14 212.50 212.50 211.00 212.00 
2016/07/15 212.00 215.00 210.50 212.50 
2016/07/18 214.00 214.00 211.00 212.50 
2016/07/19 212.50 213.00 211.50 211.50 
2016/07/20 211.50 215.00 211.00 213.00 
2016/07/21 213.50 213.50 212.50 212.50 
2016/07/22 212.00 213.50 211.00 213.00 
2016/07/25 213.00 214.00 211.50 212.50 
2016/07/26 211.00 213.00 211.00 213.00 
2016/07/27 211.50 214.00 211.50 213.50 
2016/07/28 214.50 217.50 213.50 215.50 
2016/07/29 217.00 218.50 215.00 218.00 
2016/08/01 218.00 220.00 217.00 217.50 
2016/08/02 217.50 220.00 217.50 219.50 
2016/08/03 220.00 220.00 217.50 217.50 
2016/08/04 218.00 218.00 215.00 216.00 
2016/08/05 215.50 218.50 215.50 218.00 
2016/08/08 218.50 219.50 218.00 218.50 
2016/08/09 219.50 219.50 217.50 219.00 
2016/08/10 219.00 219.00 218.00 218.00 
2016/08/11 219.50 220.50 213.00 215.50 
2016/08/12 215.50 221.00 215.50 217.50 
2016/08/15 218.50 218.50 216.50 216.50 
2016/08/16 218.50 218.50 217.00 217.50 
2016/08/17 217.50 221.00 217.50 220.00 
2016/08/18 220.00 221.00 217.00 217.00 
2016/08/19 217.00 219.50 217.00 218.50 
2016/08/22 218.50 219.00 217.00 217.00 
2016/08/23 216.00 218.00 216.00 217.00 
2016/08/24 217.00 219.00 217.00 218.50 
2016/08/25 216.50 220.50 216.50 219.50 
2016/08/26 220.00 227.00 219.00 225.50 
2016/08/29 226.00 229.50 223.00 227.00 
2016/08/30 226.50 228.50 226.50 227.00 
2016/08/31 226.00 228.00 225.50 226.50 
2016/09/01 226.00 226.00 221.50 221.50 
2016/09/02 219.50 221.00 218.00 220.00 
2016/09/05 220.00 221.00 219.00 219.50 
2016/09/06 219.00 220.00 217.50 217.50 
2016/09/07 218.00 221.00 218.00 219.00 
2016/09/08 218.00 219.00 217.50 217.50 
2016/09/09 217.00 218.00 215.50 215.50 
2016/09/10 214.50 215.50 212.00 212.50 
2016/09/12 212.50 212.50 207.50 209.00 
2016/09/13 210.50 210.50 207.00 207.50 
2016/09/14 207.50 211.00 205.50 211.00 
2016/09/19 216.50 218.00 212.00 212.00 
2016/09/20 212.00 212.50 209.00 210.00 
2016/09/21 211.00 211.00 208.50 210.00 
2016/09/22 211.00 213.00 211.00 211.50 
2016/09/23 213.00 213.00 210.00 210.00 
2016/09/26 210.00 211.50 209.00 211.50 
2016/09/29 211.50 215.50 211.50 212.50 
2016/09/30 212.50 212.50 209.50 210.50 
2016/10/03 210.50 211.50 209.50 210.00 
2016/10/04 210.00 210.00 207.50 210.00 
2016/10/05 210.00 210.00 207.50 208.00 
2016/10/06 210.00 210.00 207.00 209.00 
2016/10/07 210.00 211.00 209.50 210.50 
2016/10/11 210.50 211.00 208.50 211.00 
2016/10/12 210.50 216.00 210.50 214.50 
2016/10/13 216.00 218.00 215.00 215.00 
2016/10/14 216.00 216.00 211.00 212.00 
2016/10/17 212.00 214.00 210.00 212.00 
2016/10/18 212.00 213.50 211.00 211.50 
2016/10/19 213.50 214.00 211.00 212.50 
2016/10/20 212.50 214.00 212.50 212.50 
2016/10/21 212.50 213.50 209.50 213.00 
2016/10/24 212.00 213.50 210.00 210.00 
2016/10/25 210.00 211.50 209.50 209.50 
2016/10/26 210.00 210.00 208.00 209.00 
2016/10/27 209.50 209.50 208.00 209.00 
2016/10/28 208.50 209.00 205.50 206.50 
2016/10/31 206.50 207.00 204.50 205.00 
2016/11/01 204.00 205.50 203.00 203.00 
2016/11/02 205.50 206.50 202.00 203.00 
2016/11/03 203.00 204.50 196.50 197.50 
2016/11/04 199.50 199.50 197.50 198.50 
2016/11/07 201.50 201.50 197.50 198.00 
2016/11/08 198.00 199.00 197.50 198.00 
2016/11/09 198.50 198.50 188.00 188.00 
2016/11/10 193.00 198.00 193.00 197.00 
2016/11/11 197.00 197.50 190.00 191.50 
2016/11/14 193.50 193.50 189.50 189.50 
2016/11/15 190.00 190.50 189.50 190.50 
2016/11/16 189.50 193.00 189.50 192.50 
2016/11/17 192.50 193.00 191.00 193.00 
2016/11/18 193.00 193.50 191.00 193.50 
2016/11/21 190.50 193.00 190.50 190.50 
2016/11/22 190.50 192.00 189.50 191.00 
2016/11/23 191.00 191.00 190.00 190.50 
2016/11/24 190.50 193.50 190.50 193.00 
2016/11/25 193.00 194.50 192.00 193.50 
2016/11/28 193.50 193.50 191.50 192.00 
2016/11/29 191.00 192.50 190.50 192.50 
2016/11/30 193.00 194.50 193.00 194.50 
2016/12/01 193.50 195.00 193.00 193.00 
2016/12/02 192.00 192.00 189.50 190.50 
2016/12/05 191.00 192.50 191.00 192.00 
2016/12/06 193.00 193.00 191.00 191.00 
2016/12/07 193.00 193.00 191.00 192.00 
2016/12/08 193.00 194.50 192.00 194.00 
2016/12/09 195.00 195.50 194.00 194.00 
2016/12/12 196.00 198.00 195.50 196.00 
2016/12/13 198.00 199.00 195.00 197.00 
2016/12/14 197.00 201.00 197.00 201.00 
2016/12/15 200.00 200.00 198.00 199.00 
2016/12/16 199.00 199.00 197.00 198.00 
2016/12/19 198.00 198.50 193.00 193.50 
2016/12/20 193.50 193.50 191.50 193.00 
2016/12/21 192.50 195.00 191.50 192.50 
2016/12/22 192.00 192.00 191.50 192.00 
2016/12/23 193.00 193.00 191.00 191.00 
2016/12/26 191.00 191.00 190.00 190.50 
2016/12/27 191.50 191.50 190.00 191.00 
2016/12/28 191.00 192.50 190.50 192.00 
2016/12/29 192.50 193.00 192.50 193.00 
2016/12/30 193.50 195.50 193.50 194.00 
2017/01/03 194.00 194.00 191.50 194.00 
2017/01/04 195.00 195.00 192.00 192.00 
2017/01/05 195.00 195.00 192.00 192.00 
2017/01/06 194.00 194.00 191.50 192.00 
2017/01/09 192.00 192.00 190.00 190.50 
2017/01/10 190.50 191.00 190.00 191.00 
2017/01/11 193.00 193.00 190.50 190.50 
2017/01/12 192.00 192.00 190.50 190.50 
2017/01/13 190.50 192.00 190.00 190.00 
2017/01/16 189.00 191.00 189.00 189.00 
2017/01/17 190.50 191.00 190.00 190.50 
2017/01/18 190.50 190.50 189.00 190.00 
2017/01/19 191.00 191.00 189.00 189.00 
2017/01/20 189.00 189.50 189.00 189.00 
2017/01/23 191.00 191.00 189.00 189.00 
2017/01/24 188.50 190.50 188.00 188.50 
2017/02/02 190.00 191.50 189.50 191.00 
2017/02/03 192.50 192.50 189.50 191.50 
2017/02/06 192.00 192.50 190.00 192.50 
2017/02/07 192.50 193.00 190.00 190.50 
2017/02/08 192.50 195.50 192.50 194.50 
