2016/07/01 56.10 57.30 56.10 57.30 
2016/07/04 51.60 53.00 51.60 51.60 
2016/07/05 46.45 46.45 46.45 46.45 
2016/07/06 41.85 41.85 41.85 41.85 
2016/07/07 38.45 42.35 38.45 40.40 
2016/07/11 38.55 39.20 38.00 38.00 
2016/07/12 39.00 39.50 38.10 38.35 
2016/07/13 38.35 38.40 38.10 38.10 
2016/07/14 38.90 38.90 37.70 37.70 
2016/07/15 38.00 38.00 37.50 37.50 
2016/07/18 37.50 38.10 37.50 37.60 
2016/07/19 37.60 37.70 37.30 37.45 
2016/07/20 38.80 38.95 37.75 38.40 
2016/07/21 38.70 38.70 37.70 37.70 
2016/07/22 37.70 37.70 37.40 37.40 
2016/07/25 37.35 37.40 37.30 37.40 
2016/07/26 37.40 38.00 37.30 38.00 
2016/07/27 37.55 37.55 37.35 37.35 
2016/07/28 38.00 38.05 37.35 37.35 
2016/07/29 38.10 38.40 37.40 37.45 
2016/08/01 37.50 37.60 37.20 37.20 
2016/08/02 37.20 37.65 37.05 37.05 
2016/08/03 37.00 37.40 37.00 37.05 
2016/08/04 37.35 37.35 37.00 37.00 
2016/08/05 37.00 37.25 37.00 37.05 
2016/08/08 37.05 37.20 37.00 37.05 
2016/08/09 37.10 37.50 37.00 37.05 
2016/08/10 37.90 37.90 37.00 37.00 
2016/08/11 37.00 37.40 37.00 37.05 
2016/08/12 37.05 37.30 37.00 37.30 
2016/08/15 37.30 37.60 37.00 37.15 
2016/08/16 37.15 37.15 37.00 37.00 
2016/08/17 37.05 37.25 37.00 37.00 
2016/08/18 37.00 37.00 36.90 37.00 
2016/08/19 37.10 37.10 36.90 37.00 
2016/08/22 37.00 37.00 36.90 36.90 
2016/08/23 36.70 36.90 36.70 36.70 
2016/08/24 37.70 39.20 37.70 38.35 
2016/08/25 37.80 37.80 36.60 36.60 
2016/08/26 36.40 36.50 36.40 36.40 
2016/08/29 36.40 36.80 36.40 36.50 
2016/08/30 36.40 36.50 36.40 36.45 
2016/08/31 36.90 36.90 36.40 36.45 
2016/09/01 36.45 36.45 36.40 36.40 
2016/09/02 36.45 36.45 36.40 36.45 
2016/09/05 36.45 36.50 36.40 36.40 
2016/09/06 36.35 36.80 36.35 36.80 
2016/09/07 36.40 36.40 36.35 36.35 
2016/09/08 36.35 37.30 36.30 37.30 
2016/09/09 37.30 37.30 36.25 36.30 
2016/09/10 36.30 36.70 36.30 36.70 
2016/09/12 37.50 37.50 36.35 36.35 
2016/09/13 36.20 36.25 36.20 36.20 
2016/09/14 36.20 36.20 36.10 36.15 
2016/09/19 36.15 36.20 36.10 36.10 
2016/09/20 36.20 36.20 35.90 35.90 
2016/09/21 35.90 36.60 35.90 36.00 
2016/09/22 36.00 36.25 35.95 36.25 
2016/09/23 36.70 36.70 36.70 36.70 
2016/09/26 35.70 35.75 35.70 35.70 
2016/09/29 35.70 35.75 35.70 35.70 
2016/09/30 36.40 36.40 35.70 35.70 
2016/10/03 36.40 36.40 35.75 35.80 
2016/10/04 35.95 35.95 35.20 35.20 
2016/10/05 35.30 35.30 35.25 35.25 
2016/10/06 35.20 35.60 35.20 35.55 
2016/10/07 35.50 35.55 35.35 35.55 
2016/10/11 39.10 39.10 39.05 39.10 
2016/10/12 37.25 37.50 35.95 37.30 
2016/10/13 36.30 36.70 36.10 36.20 
2016/10/14 36.00 36.10 35.95 35.95 
2016/10/17 36.00 36.00 35.20 35.20 
2016/10/18 35.00 35.00 34.95 34.95 
2016/10/19 34.90 35.00 34.90 34.95 
2016/10/20 35.70 35.70 35.00 35.00 
2016/10/21 34.80 35.00 34.80 35.00 
2016/10/24 34.80 34.80 34.75 34.75 
2016/10/25 34.95 34.95 34.50 34.50 
2016/10/26 35.00 35.00 34.35 34.35 
2016/10/27 34.35 35.80 34.35 34.50 
2016/10/28 34.40 34.40 34.35 34.35 
2016/10/31 34.25 34.65 34.25 34.65 
2016/11/01 34.30 34.35 34.25 34.25 
2016/11/02 34.15 34.20 34.15 34.15 
2016/11/03 34.15 34.15 34.05 34.05 
2016/11/04 34.00 34.05 34.00 34.00 
2016/11/07 34.05 34.05 34.00 34.00 
2016/11/08 34.00 34.05 34.00 34.05 
2016/11/09 34.00 34.00 33.95 33.95 
2016/11/10 33.95 34.00 33.95 34.00 
2016/11/11 34.00 34.00 33.95 33.95 
2016/11/14 33.90 33.95 33.90 33.95 
2016/11/15 34.10 34.10 34.05 34.05 
2016/11/16 33.90 33.90 33.90 33.90 
2016/11/17 33.90 33.95 33.90 33.95 
2016/11/18 33.90 34.00 33.85 33.95 
2016/11/21 33.85 33.90 33.85 33.85 
2016/11/22 34.40 34.40 34.00 34.00 
2016/11/23 33.90 34.00 33.80 34.00 
2016/11/24 33.80 33.80 33.75 33.75 
2016/11/25 33.70 33.70 33.65 33.65 
2016/11/28 33.65 33.75 33.65 33.70 
2016/11/29 33.60 33.85 33.60 33.70 
2016/11/30 33.60 33.60 33.55 33.55 
2016/12/01 33.50 34.50 33.50 34.00 
2016/12/02 33.60 33.60 33.55 33.55 
2016/12/05 33.55 33.55 33.45 33.45 
2016/12/06 33.50 33.50 33.45 33.45 
2016/12/07 33.45 33.50 33.45 33.50 
2016/12/08 33.60 33.60 33.45 33.45 
2016/12/09 33.45 33.45 33.40 33.40 
2016/12/12 34.05 34.05 33.35 33.35 
2016/12/13 33.35 33.40 33.35 33.35 
2016/12/14 33.40 33.40 33.35 33.35 
2016/12/15 33.35 33.40 33.35 33.40 
2016/12/16 33.90 34.05 33.90 34.00 
2016/12/19 34.00 34.05 33.40 33.40 
2016/12/20 33.40 33.50 33.40 33.40 
2016/12/21 33.35 33.40 33.35 33.35 
2016/12/22 33.35 33.60 33.35 33.35 
2016/12/23 33.35 33.40 33.35 33.40 
2016/12/26 33.35 33.40 33.35 33.40 
2016/12/27 33.35 33.40 33.35 33.40 
2016/12/28 33.40 33.40 33.35 33.35 
2016/12/29 33.50 34.00 33.35 33.35 
2016/12/30 36.65 36.65 36.65 36.65 
2017/01/03 40.30 40.30 40.05 40.30 
2017/01/04 36.30 36.30 36.30 36.30 
2017/01/05 32.70 34.50 32.70 33.85 
2017/01/06 32.00 32.70 31.45 31.75 
2017/01/09 31.80 32.55 31.80 32.30 
2017/01/10 32.30 32.35 31.45 31.45 
2017/01/11 31.45 31.45 30.35 30.40 
2017/01/12 30.50 31.30 30.50 30.60 
2017/01/13 30.70 32.20 30.70 31.95 
2017/01/16 31.95 31.95 30.90 30.90 
2017/01/17 30.55 30.95 30.45 30.45 
2017/01/18 29.95 30.00 29.95 30.00 
2017/01/19 30.25 30.25 30.00 30.00 
2017/01/20 29.95 30.10 29.95 29.95 
2017/01/23 29.90 30.00 29.60 29.60 
2017/01/24 29.60 29.80 29.55 29.60 
2017/02/02 29.60 30.00 29.60 29.65 
2017/02/03 29.70 29.80 29.60 29.60 
2017/02/06 29.55 29.95 29.55 29.80 
2017/02/07 29.80 30.50 29.80 30.40 
2017/02/08 30.40 30.40 30.00 30.00 
