2016/07/01 80.90 80.90 79.70 80.90 
2016/07/04 80.50 80.50 80.00 80.50 
2016/07/05 80.50 80.50 79.70 79.70 
2016/07/06 80.40 81.00 79.90 79.90 
2016/07/07 80.00 80.00 79.50 80.00 
2016/07/11 80.30 80.30 79.80 79.80 
2016/07/12 81.80 81.80 79.50 80.10 
2016/07/13 80.50 86.00 80.30 85.50 
2016/07/14 85.00 85.00 82.70 84.00 
2016/07/15 84.00 85.60 83.00 84.10 
2016/07/18 84.10 85.60 84.10 84.90 
2016/07/19 84.50 85.50 84.50 85.40 
2016/07/20 85.00 85.20 84.50 85.00 
2016/07/21 85.00 86.80 85.00 85.50 
2016/07/22 86.30 86.30 84.00 84.90 
2016/07/25 84.50 84.50 83.50 84.40 
2016/07/26 85.00 86.10 85.00 85.00 
2016/07/27 85.00 85.00 84.50 85.00 
2016/07/28 85.00 86.00 85.00 85.60 
2016/07/29 85.50 87.00 85.50 87.00 
2016/08/01 86.50 86.80 85.00 86.00 
2016/08/02 86.80 90.00 86.10 88.30 
2016/08/03 88.30 93.00 88.30 92.30 
2016/08/04 92.00 92.30 90.60 91.50 
2016/08/05 92.00 92.00 90.50 91.00 
2016/08/08 91.10 94.00 91.10 93.00 
2016/08/09 93.00 93.50 92.70 93.50 
2016/08/10 93.10 94.50 92.50 93.70 
2016/08/11 94.50 96.00 93.90 95.30 
2016/08/12 99.90 100.00 97.00 98.80 
2016/08/15 98.00 98.00 96.10 97.00 
2016/08/16 84.40 90.20 83.00 90.00 
2016/08/17 89.00 92.00 87.60 89.30 
2016/08/18 89.50 89.90 88.00 88.00 
2016/08/19 91.00 92.00 89.50 90.00 
2016/08/22 89.50 92.30 88.60 89.00 
2016/08/23 89.00 95.00 89.00 95.00 
2016/08/24 95.00 100.00 94.80 99.50 
2016/08/25 99.50 100.00 97.50 99.30 
2016/08/26 99.30 105.00 98.80 103.00 
2016/08/29 103.50 104.00 102.00 103.00 
2016/08/30 103.00 103.50 100.00 100.50 
2016/08/31 102.50 108.50 102.50 106.00 
2016/09/01 104.50 104.50 101.00 102.00 
2016/09/02 103.00 103.50 100.00 102.00 
2016/09/05 103.00 110.00 103.00 107.50 
2016/09/06 108.50 112.00 106.50 109.00 
2016/09/07 108.00 109.00 106.50 108.50 
2016/09/08 109.50 111.50 109.00 109.00 
2016/09/09 109.00 115.00 109.00 115.00 
2016/09/10 113.00 116.50 113.00 115.00 
2016/09/12 114.50 115.50 110.00 112.00 
2016/09/13 114.00 114.00 102.00 104.00 
2016/09/14 104.50 109.50 104.00 105.00 
2016/09/19 106.50 107.50 103.00 105.00 
2016/09/20 106.50 108.00 104.00 104.50 
2016/09/21 105.50 105.50 102.00 104.00 
2016/09/22 110.00 114.00 108.00 110.50 
2016/09/23 110.50 115.00 108.00 112.50 
2016/09/26 111.50 117.00 111.50 113.50 
2016/09/29 113.50 113.50 110.50 110.50 
2016/09/30 111.00 112.00 108.50 111.00 
2016/10/03 111.00 112.00 109.00 110.00 
2016/10/04 110.00 111.00 108.50 109.00 
2016/10/05 108.00 109.00 104.00 106.50 
2016/10/06 106.00 107.50 105.00 106.50 
2016/10/07 105.50 106.50 101.00 101.50 
2016/10/11 101.50 102.50 95.50 96.50 
2016/10/12 97.20 101.50 97.20 100.50 
2016/10/13 100.50 101.00 98.00 98.50 
2016/10/14 98.50 101.00 98.50 100.00 
2016/10/17 102.00 104.00 100.00 103.00 
2016/10/18 103.50 104.50 101.00 101.00 
2016/10/19 102.00 102.50 100.50 101.00 
2016/10/20 101.50 103.50 99.10 99.10 
2016/10/21 99.50 100.50 97.10 98.30 
2016/10/24 97.60 98.70 97.50 97.50 
2016/10/25 98.50 98.80 97.80 98.60 
2016/10/26 98.40 98.80 97.50 98.00 
2016/10/27 97.10 98.00 96.50 96.50 
2016/10/28 96.50 97.00 95.50 96.00 
2016/10/31 95.70 95.70 92.10 92.60 
2016/11/01 92.80 92.80 88.60 88.60 
2016/11/02 86.70 87.00 79.80 81.00 
2016/11/03 81.20 83.00 78.20 83.00 
2016/11/04 83.00 83.50 81.90 82.10 
2016/11/07 83.00 89.30 83.00 86.40 
2016/11/08 87.00 89.00 83.00 87.00 
2016/11/09 87.00 89.50 84.90 86.90 
2016/11/10 88.70 89.40 87.10 88.30 
2016/11/11 88.30 89.10 87.30 88.80 
2016/11/14 89.50 89.50 84.00 84.50 
2016/11/15 84.50 84.60 82.60 83.90 
2016/11/16 83.90 84.20 83.60 83.60 
2016/11/17 83.00 83.30 82.50 82.50 
2016/11/18 83.00 84.00 82.60 82.80 
2016/11/21 82.80 84.00 82.50 82.60 
2016/11/22 82.60 85.50 82.60 85.30 
2016/11/23 85.30 86.40 85.00 85.00 
2016/11/24 84.70 84.70 84.10 84.10 
2016/11/25 84.50 84.50 82.20 83.00 
2016/11/28 83.00 83.60 81.40 81.80 
2016/11/29 82.00 83.50 81.00 82.50 
2016/11/30 83.00 83.00 82.00 82.10 
2016/12/01 82.00 82.40 81.00 82.20 
2016/12/02 82.20 82.20 81.00 82.00 
2016/12/05 82.60 84.90 82.00 84.70 
2016/12/06 84.20 86.50 84.20 86.20 
2016/12/07 86.00 87.10 85.00 86.00 
2016/12/08 86.20 86.50 85.20 85.70 
2016/12/09 87.50 87.50 82.20 83.10 
2016/12/12 83.50 84.90 83.00 84.50 
2016/12/13 85.20 85.20 83.00 83.10 
2016/12/14 83.10 84.20 83.00 84.00 
2016/12/15 84.00 84.00 82.50 83.30 
2016/12/16 83.10 84.00 83.10 83.80 
2016/12/19 84.30 84.30 82.10 84.20 
2016/12/20 84.50 84.90 83.50 84.00 
2016/12/21 83.20 83.20 83.00 83.00 
2016/12/22 82.80 82.80 82.00 82.60 
2016/12/23 82.40 82.60 82.10 82.60 
2016/12/26 82.10 82.60 82.00 82.10 
2016/12/27 82.60 82.60 82.30 82.30 
2016/12/28 82.30 83.80 82.30 83.00 
2016/12/29 83.00 83.70 83.00 83.00 
2016/12/30 82.50 83.00 82.50 82.80 
2017/01/03 82.20 83.00 82.20 82.50 
2017/01/04 83.00 83.00 82.20 82.50 
2017/01/05 82.50 83.10 82.50 83.10 
2017/01/06 83.10 83.20 82.40 82.50 
2017/01/09 82.50 82.80 81.90 82.40 
2017/01/10 82.10 85.70 82.00 82.80 
2017/01/11 83.30 83.30 82.20 82.60 
2017/01/12 82.40 82.90 82.00 82.30 
2017/01/13 82.30 82.90 82.10 82.10 
2017/01/16 82.20 82.30 81.60 81.60 
2017/01/17 81.60 82.20 81.30 82.20 
2017/01/18 82.40 82.40 81.50 81.70 
2017/01/19 81.70 83.00 81.50 83.00 
2017/01/20 83.00 83.00 82.00 82.00 
2017/01/23 82.20 82.20 81.80 81.80 
2017/01/24 83.00 83.00 81.60 82.10 
2017/02/02 82.30 83.00 81.80 82.10 
2017/02/03 82.10 82.80 81.00 82.80 
2017/02/06 83.40 83.40 82.00 82.50 
2017/02/07 82.50 82.50 81.50 82.00 
2017/02/08 81.60 82.40 81.50 81.60 
