2016/07/01 18.00 18.30 18.00 18.15 
2016/07/04 18.05 18.80 18.00 18.30 
2016/07/05 18.35 18.75 18.30 18.55 
2016/07/06 18.50 18.50 18.25 18.25 
2016/07/07 18.20 18.60 18.20 18.55 
2016/07/11 18.55 18.60 18.40 18.50 
2016/07/12 18.50 18.50 18.40 18.50 
2016/07/13 18.30 18.50 18.30 18.45 
2016/07/14 18.40 18.40 18.25 18.30 
2016/07/15 18.20 18.70 18.05 18.35 
2016/07/18 18.35 18.40 18.20 18.25 
2016/07/19 18.25 18.25 18.00 18.15 
2016/07/20 18.20 18.35 18.05 18.20 
2016/07/21 18.20 18.30 18.15 18.30 
2016/07/22 18.30 18.45 18.15 18.15 
2016/07/25 18.15 18.20 18.00 18.00 
2016/07/26 18.15 18.15 18.00 18.10 
2016/07/27 18.05 18.15 18.00 18.05 
2016/07/28 17.95 18.10 17.90 18.10 
2016/07/29 17.95 18.00 17.90 17.95 
2016/08/01 18.00 18.15 17.90 17.95 
2016/08/02 17.95 18.00 17.85 17.95 
2016/08/03 17.90 18.00 17.85 18.00 
2016/08/04 18.00 18.00 17.85 18.00 
2016/08/05 17.90 18.00 17.85 18.00 
2016/08/08 17.95 18.00 17.90 17.95 
2016/08/09 17.85 17.95 17.75 17.95 
2016/08/10 17.95 17.95 17.65 17.90 
2016/08/11 17.65 17.80 17.50 17.60 
2016/08/12 17.65 17.70 17.00 17.45 
2016/08/15 17.20 17.40 17.15 17.20 
2016/08/16 17.20 17.55 17.10 17.40 
2016/08/17 17.20 17.65 17.20 17.60 
2016/08/18 17.60 17.65 17.45 17.45 
2016/08/19 17.45 17.55 17.45 17.50 
2016/08/22 17.35 17.45 17.30 17.40 
2016/08/23 17.40 17.40 17.35 17.35 
2016/08/24 17.35 17.35 17.25 17.35 
2016/08/25 17.40 17.70 17.40 17.45 
2016/08/26 17.35 17.45 17.30 17.35 
2016/08/29 17.30 17.40 17.25 17.35 
2016/08/30 17.30 17.40 17.30 17.35 
2016/08/31 17.30 17.45 17.15 17.45 
2016/09/01 17.45 17.45 17.25 17.30 
2016/09/02 17.20 17.20 17.00 17.10 
2016/09/05 17.25 17.25 17.05 17.20 
2016/09/06 17.20 17.30 17.10 17.20 
2016/09/07 17.15 17.15 17.10 17.15 
2016/09/08 17.15 17.25 17.10 17.10 
2016/09/09 17.10 17.20 17.05 17.15 
2016/09/10 17.35 18.10 17.20 17.80 
2016/09/12 17.75 17.75 17.35 17.55 
2016/09/13 17.55 17.55 17.30 17.40 
2016/09/14 17.50 17.60 17.45 17.45 
2016/09/19 17.45 17.50 17.40 17.45 
2016/09/20 17.45 17.45 17.30 17.40 
2016/09/21 17.40 17.70 17.40 17.70 
2016/09/22 17.65 17.85 17.65 17.70 
2016/09/23 17.60 17.60 17.35 17.60 
2016/09/26 17.60 17.60 17.20 17.50 
2016/09/29 17.60 17.75 17.60 17.70 
2016/09/30 17.60 17.75 17.60 17.75 
2016/10/03 17.75 17.80 17.65 17.65 
2016/10/04 17.60 17.60 17.45 17.45 
2016/10/05 17.45 17.45 17.05 17.15 
2016/10/06 17.25 17.25 17.15 17.20 
2016/10/07 17.10 17.30 17.10 17.20 
2016/10/11 17.20 17.20 17.10 17.10 
2016/10/12 17.10 17.10 16.95 16.95 
2016/10/13 17.00 17.00 16.80 16.80 
2016/10/14 16.80 16.80 16.55 16.60 
2016/10/17 16.60 16.90 16.50 16.75 
2016/10/18 16.90 16.90 16.65 16.65 
2016/10/19 16.65 16.80 16.60 16.70 
2016/10/20 16.70 16.75 16.65 16.65 
2016/10/21 16.65 16.90 16.65 16.75 
2016/10/24 16.70 16.85 16.70 16.75 
2016/10/25 16.65 16.70 16.60 16.65 
2016/10/26 16.70 16.75 16.60 16.60 
2016/10/27 16.60 16.60 16.50 16.50 
2016/10/28 16.50 16.55 16.50 16.55 
2016/10/31 16.55 16.95 16.55 16.60 
2016/11/01 16.60 16.60 16.60 16.60 
2016/11/02 16.80 16.80 16.30 16.60 
2016/11/03 16.60 16.65 16.40 16.60 
2016/11/04 16.60 16.60 16.55 16.55 
2016/11/07 16.55 16.70 16.55 16.55 
2016/11/08 16.60 16.60 16.50 16.55 
2016/11/09 16.35 16.40 15.50 15.80 
2016/11/10 15.85 16.30 15.85 16.15 
2016/11/11 16.15 16.20 16.10 16.20 
2016/11/14 16.25 16.30 16.15 16.25 
2016/11/15 16.40 17.85 16.40 17.85 
2016/11/16 17.85 18.65 17.30 18.30 
2016/11/17 18.30 18.45 18.05 18.25 
2016/11/18 18.25 18.25 17.85 17.85 
2016/11/21 17.85 17.95 17.65 17.65 
2016/11/22 17.85 17.90 17.45 17.45 
2016/11/23 17.50 18.30 17.50 18.10 
2016/11/24 18.20 18.30 18.00 18.05 
2016/11/25 18.00 18.05 17.80 17.80 
2016/11/28 17.90 18.25 17.90 18.10 
2016/11/29 18.15 18.20 18.00 18.00 
2016/11/30 18.00 18.10 17.90 18.00 
2016/12/01 18.00 18.95 18.00 18.60 
2016/12/02 18.65 18.70 18.20 18.20 
2016/12/05 18.15 18.15 17.95 18.00 
2016/12/06 18.00 18.10 18.00 18.00 
2016/12/07 18.00 18.10 17.95 18.05 
2016/12/08 18.05 18.05 17.90 17.90 
2016/12/09 17.85 17.90 17.65 17.65 
2016/12/12 17.65 17.65 17.30 17.40 
2016/12/13 17.40 17.75 17.40 17.70 
2016/12/14 17.70 17.80 17.55 17.55 
2016/12/15 17.45 17.75 17.45 17.55 
2016/12/16 17.60 17.65 17.45 17.60 
2016/12/19 17.50 17.50 17.45 17.50 
2016/12/20 17.50 17.55 17.40 17.50 
2016/12/21 17.45 17.50 17.40 17.50 
2016/12/22 17.45 17.45 17.05 17.05 
2016/12/23 17.10 17.35 17.10 17.10 
2016/12/26 17.10 17.10 16.65 16.90 
2016/12/27 16.80 16.80 16.70 16.80 
2016/12/28 16.80 17.75 16.80 17.65 
2016/12/29 17.55 17.65 17.50 17.60 
2016/12/30 17.40 17.50 17.30 17.30 
2017/01/03 17.35 17.40 17.10 17.15 
2017/01/04 17.15 17.35 17.15 17.15 
2017/01/05 17.35 17.35 17.15 17.30 
2017/01/06 17.35 17.35 17.20 17.30 
2017/01/09 17.30 17.30 17.25 17.30 
2017/01/10 17.30 17.30 16.95 17.00 
2017/01/11 16.90 17.25 16.90 17.10 
2017/01/12 17.30 17.35 17.05 17.05 
2017/01/13 17.25 17.30 17.00 17.15 
2017/01/16 17.05 17.05 16.90 16.90 
2017/01/17 16.85 17.05 16.85 16.90 
2017/01/18 16.85 17.05 16.70 16.95 
2017/01/19 17.05 17.35 17.05 17.30 
2017/01/20 17.35 17.35 17.30 17.30 
2017/01/23 17.30 17.40 17.25 17.40 
2017/01/24 17.40 17.40 17.25 17.40 
2017/02/02 17.40 17.65 17.30 17.55 
2017/02/03 17.50 17.85 17.50 17.75 
2017/02/06 17.85 18.10 17.85 18.00 
2017/02/07 17.85 18.05 17.85 17.95 
2017/02/08 17.95 17.95 17.75 17.75 
