2016/07/01 294.00 294.00 286.50 289.00 
2016/07/04 287.50 288.00 284.00 285.00 
2016/07/05 285.50 286.00 283.00 285.00 
2016/07/06 284.50 284.50 276.00 276.50 
2016/07/07 278.00 280.00 274.00 279.00 
2016/07/11 282.50 292.50 281.50 284.50 
2016/07/12 287.00 302.00 286.50 297.00 
2016/07/13 302.00 303.00 292.50 297.00 
2016/07/14 291.00 300.00 290.50 298.00 
2016/07/15 297.50 302.00 292.00 296.50 
2016/07/18 292.50 300.00 292.50 298.50 
2016/07/19 298.00 306.00 296.50 306.00 
2016/07/20 306.50 321.50 306.00 319.50 
2016/07/21 322.00 325.00 318.00 322.50 
2016/07/22 323.00 325.00 319.00 325.00 
2016/07/25 325.00 327.00 305.00 315.00 
2016/07/26 314.50 323.00 311.50 323.00 
2016/07/27 330.00 341.00 327.00 339.00 
2016/07/28 332.50 338.00 326.00 332.00 
2016/07/29 332.00 333.00 326.50 333.00 
2016/08/01 335.50 335.50 324.00 327.00 
2016/08/02 328.00 333.00 322.00 332.50 
2016/08/03 330.50 330.50 326.00 328.50 
2016/08/04 332.00 335.00 325.50 329.50 
2016/08/05 332.50 338.00 329.00 336.00 
2016/08/08 356.00 361.00 336.50 338.00 
2016/08/09 341.50 351.50 341.50 350.00 
2016/08/10 358.00 362.50 350.50 361.00 
2016/08/11 356.00 357.00 336.00 344.00 
2016/08/12 347.50 356.00 345.00 348.00 
2016/08/15 348.00 350.00 328.00 330.00 
2016/08/16 331.00 333.00 316.00 325.00 
2016/08/17 328.50 328.50 320.00 327.00 
2016/08/18 329.00 343.00 328.50 343.00 
2016/08/19 343.00 345.50 336.00 336.50 
2016/08/22 336.50 337.00 331.50 337.00 
2016/08/23 340.00 354.00 340.00 349.50 
2016/08/24 350.00 350.00 346.50 349.00 
2016/08/25 350.50 357.00 348.50 349.50 
2016/08/26 355.50 362.00 352.00 359.50 
2016/08/29 356.00 357.50 346.50 350.50 
2016/08/30 355.00 364.00 352.00 360.50 
2016/08/31 355.00 360.00 350.00 360.00 
2016/09/01 355.50 369.50 354.00 361.50 
2016/09/02 361.50 366.00 352.00 354.50 
2016/09/05 356.00 358.50 349.00 355.50 
2016/09/06 358.00 363.00 355.00 362.00 
2016/09/07 362.00 367.00 360.50 362.00 
2016/09/08 362.50 364.50 357.50 359.00 
2016/09/09 359.50 359.50 353.00 359.50 
2016/09/10 351.00 356.00 351.00 351.00 
2016/09/12 353.00 359.50 342.50 348.00 
2016/09/13 353.50 358.00 350.50 357.50 
2016/09/14 356.00 372.00 354.00 372.00 
2016/09/19 369.00 378.00 364.50 376.50 
2016/09/20 376.00 394.00 371.00 385.50 
2016/09/21 385.00 395.00 380.50 387.00 
2016/09/22 389.00 399.50 388.00 398.50 
2016/09/23 402.00 406.00 397.00 406.00 
2016/09/26 400.50 402.50 399.00 400.00 
2016/09/29 399.00 408.00 398.50 400.00 
2016/09/30 399.00 407.50 392.50 403.50 
2016/10/03 404.50 411.00 399.50 407.50 
2016/10/04 410.00 411.00 400.00 402.00 
2016/10/05 400.50 404.00 399.00 403.00 
2016/10/06 403.00 410.00 400.50 410.00 
2016/10/07 409.00 409.00 404.50 405.00 
2016/10/11 410.00 410.00 376.50 380.00 
2016/10/12 373.00 399.50 366.00 392.50 
2016/10/13 389.00 398.00 377.50 377.50 
2016/10/14 372.00 380.00 360.50 363.00 
2016/10/17 366.50 369.50 360.00 367.00 
2016/10/18 370.50 382.50 370.50 380.50 
2016/10/19 380.00 380.00 371.00 373.00 
2016/10/20 374.50 374.50 368.00 370.00 
2016/10/21 371.50 377.00 363.50 364.00 
2016/10/24 365.00 367.50 361.00 363.50 
2016/10/25 370.00 379.00 370.00 374.00 
2016/10/26 372.00 378.50 365.00 366.00 
2016/10/27 373.00 373.50 363.50 364.50 
2016/10/28 367.00 371.50 365.00 367.00 
2016/10/31 366.50 367.50 363.00 366.00 
2016/11/01 370.00 372.00 363.00 364.00 
2016/11/02 363.50 363.50 329.50 332.00 
2016/11/03 332.50 344.50 330.00 333.50 
2016/11/04 333.50 339.00 330.00 334.50 
2016/11/07 338.00 349.00 336.00 344.00 
2016/11/08 354.00 354.00 341.50 353.50 
2016/11/09 370.00 374.00 348.00 348.00 
2016/11/10 367.00 368.00 357.00 365.00 
2016/11/11 354.50 355.00 328.50 330.50 
2016/11/14 318.50 320.50 298.50 311.50 
2016/11/15 313.00 321.00 309.00 309.00 
2016/11/16 310.00 314.00 305.00 308.50 
2016/11/17 311.00 332.50 306.00 331.00 
2016/11/18 330.00 331.50 321.00 329.00 
2016/11/21 332.50 346.00 330.00 335.50 
2016/11/22 341.00 344.50 331.50 337.00 
2016/11/23 338.00 338.00 328.00 331.50 
2016/11/24 333.50 334.00 323.00 324.50 
2016/11/25 326.00 331.00 324.50 327.50 
2016/11/28 328.50 334.00 323.50 334.00 
2016/11/29 337.00 350.00 331.00 346.50 
2016/11/30 347.00 357.00 344.00 357.00 
2016/12/01 353.00 362.00 350.50 357.00 
2016/12/02 354.50 358.50 350.00 355.50 
2016/12/05 360.00 360.00 346.00 346.00 
2016/12/06 352.50 362.00 351.00 353.50 
2016/12/07 353.50 359.50 346.50 347.50 
2016/12/08 347.50 354.00 345.50 346.00 
2016/12/09 346.50 347.00 338.00 340.00 
2016/12/12 335.00 337.00 326.00 333.50 
2016/12/13 330.00 341.50 330.00 334.00 
2016/12/14 335.50 348.00 335.50 347.00 
2016/12/15 344.50 345.50 336.00 345.50 
2016/12/16 344.00 344.00 336.50 336.50 
2016/12/19 331.50 335.50 317.00 321.00 
2016/12/20 340.00 340.00 320.50 321.00 
2016/12/21 321.50 332.50 321.50 327.50 
2016/12/22 329.00 331.00 318.50 319.00 
2016/12/23 319.00 324.00 315.50 315.50 
2016/12/26 316.50 318.00 311.00 315.50 
2016/12/27 317.00 320.50 317.00 319.50 
2016/12/28 319.50 329.50 319.50 329.00 
2016/12/29 329.00 333.00 325.50 327.00 
2016/12/30 331.00 334.50 329.00 332.50 
2017/01/03 333.00 333.00 318.50 321.00 
2017/01/04 322.00 324.50 315.00 315.50 
2017/01/05 315.50 327.00 315.50 318.50 
2017/01/06 322.00 322.00 300.00 301.50 
2017/01/09 304.50 309.00 284.00 288.50 
2017/01/10 295.00 302.50 292.00 294.50 
2017/01/11 300.00 302.50 275.50 283.00 
2017/01/12 286.00 290.00 281.00 285.00 
2017/01/13 286.00 291.00 283.50 287.50 
2017/01/16 287.50 297.00 285.00 296.00 
2017/01/17 299.00 303.00 293.00 296.00 
2017/01/18 296.00 301.50 295.50 296.00 
2017/01/19 296.00 297.00 288.00 291.00 
2017/01/20 290.50 293.00 287.00 289.50 
2017/01/23 293.00 293.00 282.00 283.00 
2017/01/24 277.00 294.50 277.00 292.50 
2017/02/02 290.50 300.00 289.50 291.50 
2017/02/03 294.00 302.00 294.00 299.00 
2017/02/06 303.00 313.00 303.00 313.00 
2017/02/07 313.00 313.00 306.00 310.50 
2017/02/08 309.00 317.00 307.00 317.00 
