2016/07/01 63.00 63.40 62.70 63.20 
2016/07/04 64.00 65.00 64.00 64.30 
2016/07/05 60.60 62.00 60.60 61.40 
2016/07/06 60.60 60.70 60.10 60.20 
2016/07/07 60.30 60.90 60.10 60.20 
2016/07/11 60.00 60.10 59.40 60.00 
2016/07/12 62.00 62.00 60.00 60.50 
2016/07/13 60.50 60.80 59.80 60.00 
2016/07/14 60.00 60.00 59.70 59.70 
2016/07/15 59.20 60.60 59.10 59.70 
2016/07/18 60.10 61.00 59.70 60.00 
2016/07/19 60.10 60.30 60.00 60.00 
2016/07/20 60.10 60.20 59.60 59.60 
2016/07/21 59.60 61.10 59.60 61.10 
2016/07/22 60.70 61.50 60.70 61.00 
2016/07/25 61.00 61.00 60.50 61.00 
2016/07/26 61.00 61.30 60.50 61.30 
2016/07/27 61.20 61.30 60.60 60.60 
2016/07/28 60.60 60.60 59.30 60.00 
2016/07/29 60.50 60.50 59.50 59.90 
2016/08/01 60.00 60.00 59.50 60.00 
2016/08/02 60.50 62.80 60.50 61.50 
2016/08/03 61.50 61.50 60.60 60.70 
2016/08/04 61.20 61.20 60.10 60.70 
2016/08/05 60.70 61.60 60.40 61.50 
2016/08/08 62.10 63.90 61.10 62.60 
2016/08/09 63.20 63.40 62.20 62.60 
2016/08/10 62.60 63.00 61.00 62.00 
2016/08/11 61.80 61.90 60.50 60.90 
2016/08/12 60.70 60.70 59.90 60.00 
2016/08/15 59.50 60.00 59.10 60.00 
2016/08/16 60.00 60.00 59.30 59.80 
2016/08/17 59.50 59.60 59.20 59.60 
2016/08/18 59.50 60.00 59.40 60.00 
2016/08/19 60.00 60.00 59.30 59.80 
2016/08/22 59.40 59.80 59.30 59.70 
2016/08/23 60.00 62.00 60.00 61.50 
2016/08/24 61.50 61.50 60.40 60.80 
2016/08/25 60.60 61.00 60.60 60.70 
2016/08/26 60.90 62.40 60.90 61.40 
2016/08/29 61.10 61.10 60.40 60.90 
2016/08/30 60.90 61.20 60.60 60.90 
2016/08/31 60.70 61.00 60.60 60.60 
2016/09/01 60.40 60.40 59.50 59.50 
2016/09/02 59.10 59.60 59.10 59.50 
2016/09/05 59.50 60.00 59.50 59.70 
2016/09/06 59.80 59.90 59.50 59.90 
2016/09/07 59.90 60.80 59.90 60.20 
2016/09/08 60.90 61.50 60.30 61.00 
2016/09/09 60.60 61.00 60.40 60.90 
2016/09/10 60.50 61.20 60.50 60.90 
2016/09/12 60.70 60.80 59.50 60.00 
2016/09/13 59.70 59.80 59.30 59.30 
2016/09/14 59.30 59.30 58.60 59.30 
2016/09/19 59.20 59.70 58.90 59.00 
2016/09/20 58.80 59.00 58.80 58.80 
2016/09/21 58.80 59.50 58.80 59.40 
2016/09/22 59.50 59.80 58.80 58.80 
2016/09/23 58.80 59.00 58.80 58.80 
2016/09/26 59.00 59.60 58.70 59.00 
2016/09/29 59.00 59.40 58.90 58.90 
2016/09/30 59.60 59.60 58.80 59.00 
2016/10/03 59.40 59.50 58.90 58.90 
2016/10/04 59.00 59.00 58.60 58.60 
2016/10/05 58.50 58.70 56.60 57.60 
2016/10/06 57.90 57.90 55.90 56.60 
2016/10/07 57.10 57.10 56.40 56.70 
2016/10/11 56.10 56.20 51.10 51.10 
2016/10/12 50.50 50.50 47.00 49.50 
2016/10/13 48.70 48.70 47.60 48.30 
2016/10/14 47.90 47.90 45.00 46.00 
2016/10/17 46.00 47.00 46.00 46.60 
2016/10/18 46.00 46.50 45.40 45.80 
2016/10/19 46.00 46.00 44.50 44.50 
2016/10/20 44.20 44.20 42.10 42.85 
2016/10/21 42.85 43.80 42.85 43.00 
2016/10/24 43.20 43.20 42.95 43.20 
2016/10/25 43.05 45.00 42.80 44.10 
2016/10/26 43.50 44.10 43.30 43.30 
2016/10/27 43.10 43.10 41.60 42.25 
2016/10/28 42.00 42.00 41.00 41.20 
2016/10/31 41.20 41.90 41.15 41.90 
2016/11/01 41.90 42.30 41.20 41.60 
2016/11/02 40.70 40.70 39.10 39.20 
2016/11/03 39.00 39.50 37.70 38.80 
2016/11/04 39.90 42.65 39.20 42.65 
2016/11/07 42.80 44.50 42.50 43.80 
2016/11/08 43.80 43.80 41.20 41.80 
2016/11/09 39.70 40.80 37.90 38.55 
2016/11/10 39.45 41.35 39.45 40.40 
2016/11/11 40.05 40.20 39.00 39.70 
2016/11/14 38.90 42.00 38.90 40.30 
2016/11/15 40.90 40.90 39.75 40.50 
2016/11/16 40.50 41.50 40.50 41.25 
2016/11/17 40.80 40.80 40.40 40.80 
2016/11/18 41.40 41.80 40.35 40.35 
2016/11/21 41.10 44.35 41.10 44.35 
2016/11/22 44.80 48.50 43.25 45.60 
2016/11/23 45.55 45.90 44.60 45.00 
2016/11/24 45.95 45.95 44.70 45.40 
2016/11/25 44.55 45.70 44.55 45.60 
2016/11/28 45.60 50.10 45.60 49.30 
2016/11/29 48.10 49.15 48.10 48.60 
2016/11/30 48.60 49.75 48.60 48.65 
2016/12/01 49.20 49.20 48.20 48.65 
2016/12/02 49.20 49.20 48.30 48.65 
2016/12/05 48.65 48.65 47.05 48.45 
2016/12/06 48.45 48.45 47.85 48.20 
2016/12/07 48.20 48.20 47.40 48.20 
2016/12/08 48.20 50.50 47.50 50.50 
2016/12/09 50.50 50.50 49.10 49.10 
2016/12/12 48.10 48.10 46.00 46.00 
2016/12/13 46.00 46.30 45.50 46.10 
2016/12/14 47.10 47.10 45.80 45.80 
2016/12/15 45.80 46.20 45.60 46.10 
2016/12/16 46.10 47.00 46.00 47.00 
2016/12/19 47.10 47.10 46.80 46.80 
2016/12/20 47.60 47.60 46.05 46.90 
2016/12/21 47.60 47.60 46.20 46.80 
2016/12/22 46.20 46.20 45.10 45.15 
2016/12/23 45.25 46.00 45.20 46.00 
2016/12/26 46.00 46.50 45.25 46.35 
2016/12/27 46.35 46.35 45.20 46.30 
2016/12/28 45.50 45.50 43.80 45.00 
2016/12/29 44.25 44.80 44.00 44.80 
2016/12/30 44.50 44.50 44.20 44.25 
2017/01/03 44.00 44.90 43.80 44.90 
2017/01/04 44.90 44.90 44.50 44.90 
2017/01/05 44.50 45.00 44.30 45.00 
2017/01/06 45.00 45.30 45.00 45.30 
2017/01/09 45.30 45.40 44.70 45.40 
2017/01/10 45.40 45.40 44.60 45.00 
2017/01/11 45.00 45.00 45.00 45.00 
2017/01/12 44.80 44.80 44.80 44.80 
2017/01/13 45.00 45.00 44.20 44.80 
2017/01/16 45.00 45.00 44.50 44.50 
2017/01/17 44.70 44.70 44.40 44.70 
2017/01/18 44.70 44.90 44.40 44.40 
2017/01/19 44.50 44.55 44.10 44.40 
2017/01/20 44.00 44.10 43.55 43.80 
2017/01/23 43.55 44.00 43.55 43.70 
2017/01/24 43.40 43.40 42.60 43.00 
2017/02/02 43.00 43.00 42.10 42.50 
2017/02/03 42.50 42.95 42.00 42.95 
2017/02/06 43.40 43.40 42.00 42.10 
2017/02/07 42.10 42.90 42.10 42.35 
2017/02/08 42.45 42.45 42.25 42.30 
