2016/07/01 104.30 110.00 103.83 107.01 
2016/07/04 107.01 111.88 106.31 109.55 
2016/07/05 109.55 110.99 105.50 108.99 
2016/07/06 108.99 109.00 106.00 108.11 
2016/07/07 108.11 102.00 94.00 96.52 
2016/07/11 96.52 101.00 96.71 98.09 
2016/07/12 98.09 99.50 97.70 98.54 
2016/07/13 98.54 99.20 99.00 99.07 
2016/07/14 99.07 103.95 99.10 100.83 
2016/07/15 100.83 104.99 101.19 102.62 
2016/07/18 102.62 103.80 103.00 103.36 
2016/07/19 103.36 104.95 103.00 103.99 
2016/07/20 103.99 108.99 104.50 106.14 
2016/07/21 106.14 107.10 103.70 105.48 
2016/07/22 105.48 104.50 99.13 100.80 
2016/07/25 100.80 102.00 99.51 100.10 
2016/07/27 98.60 98.35 97.01 97.57 
2016/07/28 97.57 98.99 97.00 97.97 
2016/07/29 97.97 98.99 97.11 98.20 
2016/08/01 98.20 99.97 97.00 97.71 
2016/08/02 97.71 97.50 95.01 96.34 
2016/08/03 96.34 98.00 97.50 97.63 
2016/08/04 97.63 97.63 97.50 97.54 
2016/08/05 97.54 99.31 94.99 97.32 
2016/08/08 97.32 99.31 95.01 96.99 
2016/08/09 96.99 97.00 96.00 96.44 
2016/08/10 96.44 96.49 93.12 95.60 
2016/08/11 95.60 95.60 93.12 94.83 
2016/08/12 94.83 95.01 92.00 93.44 
2016/08/15 93.44 90.52 88.01 89.23 
2016/08/16 89.23 89.10 81.69 84.80 
2016/08/17 84.80 84.49 82.01 83.08 
2016/08/18 83.08 84.00 82.90 83.08 
2016/08/19 83.08 84.00 83.49 83.70 
2016/08/22 83.70 85.50 84.99 85.11 
2016/08/23 85.11 85.11 85.00 85.05 
2016/08/24 85.05 85.85 84.01 84.86 
2016/08/25 84.86 85.00 84.20 84.56 
2016/08/26 84.56 84.99 84.00 84.29 
2016/08/30 84.32 84.43 81.01 83.28 
2016/08/31 83.28 76.97 80.52 80.00 
2016/09/01 80.00 80.52 77.00 78.56 
2016/09/02 78.56 80.52 77.00 80.16 
2016/09/05 80.16 80.00 80.00 80.00 
2016/09/06 80.00 80.00 78.00 79.00 
2016/09/07 79.00 80.48 76.49 78.69 
2016/09/08 78.69 80.49 80.00 80.20 
2016/09/09 80.20 80.40 80.00 80.34 
2016/09/10 80.34 80.00 80.00 80.00 
2016/09/13 80.00 80.00 77.00 78.32 
2016/09/14 78.32 78.20 75.06 77.09 
2016/09/20 77.09 77.00 76.00 76.39 
2016/09/21 76.39 76.51 76.51 76.51 
2016/09/22 76.51 77.00 76.27 76.63 
2016/09/23 76.63 76.63 74.76 74.99 
2016/09/26 74.99 74.55 77.97 74.99 
2016/09/29 74.99 79.00 77.97 78.47 
2016/09/30 78.47 85.49 79.99 82.79 
2016/10/03 82.79 89.99 85.12 86.70 
2016/10/04 86.70 88.20 87.48 87.92 
2016/10/05 87.92 91.80 88.28 90.46 
2016/10/06 90.46 91.80 88.31 90.17 
2016/10/07 90.17 91.90 90.01 90.78 
2016/10/11 90.78 91.49 88.00 89.93 
2016/10/12 89.93 91.80 88.00 90.57 
2016/10/13 90.57 92.00 89.51 90.82 
2016/10/14 90.82 91.77 88.50 89.50 
2016/10/17 89.50 89.50 87.00 88.13 
2016/10/18 88.13 88.09 87.00 87.34 
2016/10/19 87.34 87.75 82.51 84.01 
2016/10/20 84.01 84.50 82.10 84.14 
2016/10/21 84.14 85.49 83.01 83.98 
2016/10/24 83.98 90.00 83.61 86.38 
2016/10/25 86.38 92.50 86.51 90.71 
2016/10/26 90.71 94.69 90.71 92.71 
2016/10/27 92.71 94.97 89.80 92.33 
2016/10/28 92.33 105.00 92.00 95.28 
2016/10/31 94.00 110.00 90.00 104.50 
2016/11/01 98.00 101.50 91.00 91.90 
2016/11/02 88.00 88.00 80.00 80.20 
2016/11/03 77.70 85.50 76.30 82.30 
2016/11/04 79.20 81.00 78.60 78.60 
2016/11/07 80.00 83.40 78.90 81.80 
2016/11/08 81.00 81.60 78.00 78.20 
2016/11/09 78.50 79.10 70.40 71.00 
2016/11/10 76.00 76.00 73.50 73.50 
2016/11/11 73.50 73.60 68.70 70.10 
2016/11/14 70.10 70.10 64.00 66.20 
2016/11/15 66.20 68.20 66.20 66.80 
2016/11/16 68.20 73.40 67.10 73.40 
2016/11/17 73.00 73.00 70.50 71.00 
2016/11/18 71.10 76.50 71.10 73.10 
2016/11/21 73.00 74.00 71.10 71.50 
2016/11/22 71.50 72.70 70.20 70.20 
2016/11/23 70.80 73.70 70.80 71.50 
2016/11/24 72.10 72.10 70.30 70.80 
2016/11/25 71.50 71.60 70.70 70.70 
2016/11/28 72.00 72.00 70.80 70.80 
2016/11/29 71.00 71.20 69.50 69.50 
2016/11/30 69.50 69.50 67.50 67.80 
2016/12/01 67.90 69.50 67.90 68.00 
2016/12/02 68.00 68.20 66.40 66.80 
2016/12/05 67.50 67.80 67.00 67.40 
2016/12/06 67.40 67.50 67.00 67.10 
2016/12/07 67.10 68.50 66.70 66.80 
2016/12/08 69.90 70.50 67.80 67.80 
2016/12/09 67.80 68.00 67.10 67.30 
2016/12/12 68.90 68.90 66.90 66.90 
2016/12/13 66.90 67.00 66.10 66.30 
2016/12/14 66.50 67.00 66.40 66.60 
2016/12/15 66.30 70.20 66.10 69.30 
2016/12/16 69.30 69.30 67.60 67.90 
2016/12/19 68.80 68.90 67.30 67.30 
2016/12/20 67.30 67.50 65.50 67.00 
2016/12/21 67.00 67.30 66.50 67.20 
2016/12/22 67.90 67.90 66.50 66.80 
2016/12/23 66.60 67.00 66.10 66.20 
2016/12/26 66.90 66.90 66.00 66.00 
2016/12/27 66.00 66.80 66.00 66.00 
2016/12/28 66.00 66.20 66.00 66.10 
2016/12/29 66.00 66.50 66.00 66.20 
2016/12/30 66.20 66.30 66.10 66.20 
2017/01/03 66.10 66.40 66.10 66.40 
2017/01/04 66.10 66.60 66.10 66.50 
2017/01/05 66.50 68.30 66.50 67.80 
2017/01/06 67.80 67.80 66.70 66.80 
2017/01/09 66.80 67.00 66.50 66.50 
2017/01/10 66.50 66.50 66.00 66.00 
2017/01/11 66.20 67.10 66.00 66.00 
2017/01/12 66.90 66.90 66.10 66.30 
2017/01/13 66.40 66.90 66.30 66.40 
2017/01/16 66.40 66.60 66.00 66.00 
2017/01/17 66.00 66.50 66.00 66.10 
2017/01/18 66.50 66.90 66.30 66.50 
2017/01/19 66.50 66.80 66.10 66.30 
2017/01/20 66.30 66.30 63.30 64.30 
2017/01/23 64.00 64.40 63.90 64.10 
2017/01/24 64.00 64.00 60.10 60.70 
2017/02/02 60.90 61.40 60.00 60.20 
2017/02/03 60.00 60.00 56.00 57.80 
2017/02/06 58.00 58.00 57.10 57.10 
2017/02/07 57.20 58.20 57.20 57.50 
2017/02/08 58.00 58.00 57.20 57.50 
