2016/07/01 12.85 13.00 12.80 12.85 
2016/07/04 12.75 12.90 12.75 12.80 
2016/07/05 12.85 12.85 12.85 12.85 
2016/07/06 12.85 12.90 12.85 12.85 
2016/07/07 12.85 12.95 12.75 12.85 
2016/07/11 12.90 12.90 12.75 12.75 
2016/07/12 12.75 12.90 12.75 12.80 
2016/07/13 12.80 13.00 12.60 13.00 
2016/07/14 12.25 12.60 12.25 12.50 
2016/07/15 12.50 12.80 12.50 12.55 
2016/07/18 12.60 12.65 12.55 12.55 
2016/07/19 12.60 12.80 12.60 12.80 
2016/07/20 12.80 12.80 12.70 12.70 
2016/07/21 12.80 13.95 12.70 13.50 
2016/07/22 13.20 13.35 13.10 13.25 
2016/07/25 13.30 13.30 13.15 13.15 
2016/07/26 13.15 13.15 13.15 13.15 
2016/07/27 13.15 13.15 13.00 13.05 
2016/07/28 12.90 13.00 12.90 13.00 
2016/07/29 13.30 13.30 12.95 13.00 
2016/08/01 13.00 13.00 12.85 12.85 
2016/08/02 13.00 13.05 13.00 13.00 
2016/08/03 13.00 13.00 12.90 12.90 
2016/08/04 13.00 14.15 13.00 13.30 
2016/08/05 13.45 13.45 13.00 13.10 
2016/08/08 13.25 13.25 13.10 13.15 
2016/08/09 13.25 13.40 13.10 13.20 
2016/08/10 13.20 13.20 13.10 13.10 
2016/08/11 12.95 12.95 12.95 12.95 
2016/08/12 12.95 13.00 12.90 13.00 
2016/08/15 13.00 13.45 13.00 13.10 
2016/08/16 13.00 13.00 12.80 13.00 
2016/08/17 12.85 13.00 12.85 13.00 
2016/08/18 12.95 13.05 12.95 13.00 
2016/08/19 13.00 13.00 12.80 13.00 
2016/08/22 12.90 12.95 12.85 12.95 
2016/08/23 12.90 12.95 12.90 12.95 
2016/08/24 12.95 13.00 12.95 13.00 
2016/08/25 13.00 13.00 12.85 12.90 
2016/08/26 12.90 12.95 12.90 12.90 
2016/08/29 12.95 12.95 12.80 12.80 
2016/08/30 12.85 12.90 12.85 12.85 
2016/08/31 12.85 12.85 12.85 12.85 
2016/09/01 12.80 12.90 12.80 12.90 
2016/09/02 13.00 13.25 12.95 13.20 
2016/09/05 13.45 14.10 13.45 13.90 
2016/09/06 13.90 14.00 13.75 13.95 
2016/09/07 13.95 14.00 13.80 14.00 
2016/09/08 14.10 14.10 13.65 13.65 
2016/09/09 13.40 13.65 13.40 13.65 
2016/09/10 13.50 13.50 13.40 13.40 
2016/09/12 13.50 13.50 13.10 13.30 
2016/09/13 13.30 13.50 13.20 13.50 
2016/09/14 13.50 13.50 13.30 13.30 
2016/09/19 13.50 13.50 13.10 13.45 
2016/09/20 13.55 13.55 13.25 13.25 
2016/09/21 13.45 13.60 13.35 13.50 
2016/09/22 13.40 13.75 13.40 13.50 
2016/09/23 13.40 13.55 13.35 13.55 
2016/09/26 13.35 13.65 13.35 13.60 
2016/09/29 13.65 13.90 13.65 13.80 
2016/09/30 13.75 13.75 13.50 13.65 
2016/10/03 13.75 13.80 13.40 13.80 
2016/10/04 13.60 13.80 13.60 13.80 
2016/10/05 13.80 13.80 13.60 13.60 
2016/10/06 13.65 13.70 13.60 13.70 
2016/10/07 13.70 13.70 13.55 13.70 
2016/10/11 15.05 15.05 14.80 15.05 
2016/10/12 15.05 15.25 14.30 14.30 
2016/10/13 14.50 14.65 13.90 13.90 
2016/10/14 13.90 14.00 13.35 13.50 
2016/10/17 13.50 13.60 13.30 13.50 
2016/10/18 13.60 13.65 13.25 13.25 
2016/10/19 13.30 13.90 13.15 13.15 
2016/10/20 13.35 13.40 13.15 13.20 
2016/10/21 13.20 13.40 13.20 13.35 
2016/10/24 13.45 13.55 13.35 13.45 
2016/10/25 13.50 13.50 13.40 13.50 
2016/10/26 13.50 13.85 13.50 13.70 
2016/10/27 13.70 13.95 13.70 13.75 
2016/10/28 13.75 13.80 13.60 13.70 
2016/10/31 13.70 13.70 13.70 13.70 
2016/11/01 13.70 13.95 13.65 13.75 
2016/11/02 13.75 13.75 13.40 13.60 
2016/11/03 13.60 13.60 13.30 13.45 
2016/11/04 13.50 13.60 13.05 13.15 
2016/11/07 13.15 13.20 12.90 13.10 
2016/11/08 13.10 13.15 12.90 13.05 
2016/11/09 13.40 13.40 12.10 12.70 
2016/11/10 13.50 13.55 13.25 13.50 
2016/11/11 13.75 14.10 13.70 14.00 
2016/11/14 14.05 14.30 13.80 14.30 
2016/11/15 14.30 14.35 14.15 14.25 
2016/11/16 14.25 14.25 14.10 14.10 
2016/11/17 14.10 14.20 14.10 14.10 
2016/11/18 14.10 14.25 14.00 14.25 
2016/11/21 14.25 14.70 14.25 14.65 
2016/11/22 14.65 14.75 14.30 14.50 
2016/11/23 14.50 14.60 14.40 14.50 
2016/11/24 14.40 14.50 14.30 14.40 
2016/11/25 14.40 14.55 14.30 14.55 
2016/11/28 14.60 15.35 14.60 15.05 
2016/11/29 15.05 15.15 14.70 14.90 
2016/11/30 14.90 15.10 14.80 14.85 
2016/12/01 14.85 15.10 14.85 15.00 
2016/12/02 15.00 15.00 14.75 14.85 
2016/12/05 14.85 14.85 14.55 14.65 
2016/12/06 14.70 14.75 14.55 14.65 
2016/12/07 14.70 14.95 14.65 14.95 
2016/12/08 15.00 15.30 15.00 15.25 
2016/12/09 15.50 16.25 15.50 15.60 
2016/12/12 15.70 15.90 15.45 15.50 
2016/12/13 15.45 15.65 15.40 15.55 
2016/12/14 15.60 16.20 15.60 16.05 
2016/12/15 15.95 17.05 15.90 16.65 
2016/12/16 16.60 16.90 16.35 16.35 
2016/12/19 16.40 16.50 16.10 16.20 
2016/12/20 16.20 16.20 15.80 15.90 
2016/12/21 15.95 16.10 15.55 15.60 
2016/12/22 15.60 15.90 15.60 15.65 
2016/12/23 15.70 15.75 15.45 15.55 
2016/12/26 15.55 15.65 15.35 15.40 
2016/12/27 15.35 15.55 15.35 15.50 
2016/12/28 15.50 15.55 15.40 15.40 
2016/12/29 15.40 15.85 15.40 15.85 
2016/12/30 15.90 16.20 15.90 16.10 
2017/01/03 16.10 16.20 15.90 15.90 
2017/01/04 15.90 16.10 15.90 15.90 
2017/01/05 15.95 16.05 15.90 16.00 
2017/01/06 16.00 16.20 16.00 16.15 
2017/01/09 16.20 16.30 16.10 16.30 
2017/01/10 16.30 16.30 15.45 15.60 
2017/01/11 15.60 15.70 15.50 15.60 
2017/01/12 15.60 15.70 15.50 15.55 
2017/01/13 15.55 15.55 15.40 15.40 
2017/01/16 15.40 15.40 15.15 15.20 
2017/01/17 15.20 15.25 15.15 15.15 
2017/01/18 15.20 15.40 15.20 15.30 
2017/01/19 15.30 15.35 15.20 15.30 
2017/01/20 15.35 15.60 15.30 15.55 
2017/01/23 15.60 15.75 15.45 15.45 
2017/01/24 15.50 15.50 15.35 15.40 
2017/02/02 15.45 15.45 15.05 15.20 
2017/02/03 15.25 15.35 15.25 15.30 
2017/02/06 15.40 15.60 15.40 15.55 
2017/02/07 15.55 15.65 15.45 15.65 
2017/02/08 15.60 15.65 15.55 15.55 
