2016/07/01 14.00 14.35 13.90 14.00 
2016/07/04 13.65 14.00 13.65 14.00 
2016/07/05 13.90 13.95 13.65 13.65 
2016/07/06 13.75 13.85 13.65 13.65 
2016/07/07 13.45 13.85 13.45 13.70 
2016/07/11 13.70 13.85 13.70 13.85 
2016/07/12 13.90 14.40 13.85 14.20 
2016/07/13 14.35 14.40 14.20 14.30 
2016/07/14 14.50 14.50 14.30 14.30 
2016/07/15 14.15 14.55 14.15 14.35 
2016/07/18 14.35 14.45 14.30 14.45 
2016/07/19 14.35 14.50 14.35 14.35 
2016/07/20 14.25 14.25 14.10 14.10 
2016/07/21 14.35 14.35 14.10 14.25 
2016/07/22 14.65 14.65 14.15 14.15 
2016/07/25 14.15 14.35 14.05 14.10 
2016/07/26 14.10 14.25 14.10 14.20 
2016/07/27 14.30 14.30 14.00 14.10 
2016/07/28 14.35 14.35 14.00 14.10 
2016/07/29 14.00 14.15 13.70 13.95 
2016/08/01 13.95 14.15 13.65 14.00 
2016/08/02 13.85 14.00 13.65 13.75 
2016/08/03 13.75 13.85 13.55 13.80 
2016/08/04 13.85 13.85 13.60 13.70 
2016/08/05 13.70 13.75 13.65 13.70 
2016/08/08 13.70 13.70 13.50 13.65 
2016/08/09 13.70 13.70 13.40 13.45 
2016/08/10 13.70 13.90 13.70 13.80 
2016/08/11 13.80 13.85 13.65 13.70 
2016/08/12 13.70 13.75 13.55 13.75 
2016/08/15 13.90 13.90 13.70 13.80 
2016/08/16 13.80 13.90 13.60 13.75 
2016/08/17 13.70 13.70 13.60 13.70 
2016/08/18 13.70 13.75 13.50 13.55 
2016/08/19 13.55 13.65 13.50 13.55 
2016/08/22 13.55 13.55 13.40 13.45 
2016/08/23 13.55 13.55 13.30 13.35 
2016/08/24 13.35 13.40 13.25 13.40 
2016/08/25 13.35 13.55 13.35 13.40 
2016/08/26 13.30 13.35 13.30 13.35 
2016/08/29 13.35 13.90 13.35 13.65 
2016/08/30 13.70 13.70 13.45 13.60 
2016/08/31 13.60 13.60 13.40 13.55 
2016/09/01 13.55 13.55 13.35 13.55 
2016/09/02 13.55 13.80 13.40 13.65 
2016/09/05 13.65 13.75 13.60 13.70 
2016/09/06 14.50 15.05 14.50 15.05 
2016/09/07 15.50 16.30 15.50 15.60 
2016/09/08 15.40 15.45 14.80 15.30 
2016/09/09 15.25 15.75 15.00 15.30 
2016/09/10 14.70 15.45 14.70 15.10 
2016/09/12 15.10 15.30 15.00 15.10 
2016/09/13 15.30 15.30 14.90 14.90 
2016/09/14 14.90 15.00 14.85 14.90 
2016/09/19 14.90 15.00 14.60 14.75 
2016/09/20 14.75 14.75 14.45 14.55 
2016/09/21 14.55 14.70 14.55 14.65 
2016/09/22 14.55 14.65 14.45 14.55 
2016/09/23 14.55 14.80 14.50 14.65 
2016/09/26 14.65 14.75 14.60 14.75 
2016/09/29 14.90 15.00 14.80 14.80 
2016/09/30 14.80 14.90 14.60 14.90 
2016/10/03 14.95 14.95 14.65 14.80 
2016/10/04 14.80 15.20 14.50 14.60 
2016/10/05 14.60 14.95 14.55 14.75 
2016/10/06 14.75 14.85 14.75 14.80 
2016/10/07 14.80 14.90 14.30 14.70 
2016/10/11 14.60 14.95 14.40 14.60 
2016/10/12 14.50 14.80 14.50 14.50 
2016/10/13 14.70 14.70 14.20 14.45 
2016/10/14 14.60 14.60 14.20 14.25 
2016/10/17 14.55 14.55 14.20 14.40 
2016/10/18 14.50 14.50 14.10 14.35 
2016/10/19 14.20 14.35 13.90 14.00 
2016/10/20 13.90 14.00 13.80 14.00 
2016/10/21 14.00 14.00 13.80 14.00 
2016/10/24 13.85 14.05 13.85 14.00 
2016/10/25 13.80 13.90 13.65 13.80 
2016/10/26 13.80 13.95 13.60 13.85 
2016/10/27 13.85 13.85 13.40 13.50 
2016/10/28 13.50 13.60 13.35 13.50 
2016/10/31 13.35 13.50 13.35 13.40 
2016/11/01 13.40 13.70 13.30 13.40 
2016/11/02 13.35 13.40 13.25 13.30 
2016/11/03 13.40 13.40 13.10 13.10 
2016/11/04 13.05 13.25 13.05 13.10 
2016/11/07 13.20 13.30 13.15 13.15 
2016/11/08 13.20 13.20 12.90 12.95 
2016/11/09 12.95 13.10 12.55 12.55 
2016/11/10 12.60 12.75 12.50 12.55 
2016/11/11 12.95 13.00 12.65 12.70 
2016/11/14 12.60 12.90 12.60 12.80 
2016/11/15 12.85 13.00 12.85 12.95 
2016/11/16 13.00 13.10 13.00 13.00 
2016/11/17 13.00 13.25 13.00 13.10 
2016/11/18 12.80 12.95 12.75 12.75 
2016/11/21 12.75 12.85 12.70 12.80 
2016/11/22 12.70 12.85 12.65 12.70 
2016/11/23 12.65 13.05 12.65 12.90 
2016/11/24 12.90 13.00 12.85 12.85 
2016/11/25 13.00 13.05 12.85 12.85 
2016/11/28 12.70 12.75 12.65 12.70 
2016/11/29 12.70 12.95 12.45 12.50 
2016/11/30 12.55 12.55 12.30 12.45 
2016/12/01 12.55 12.60 12.50 12.50 
2016/12/02 12.50 12.90 12.50 12.65 
2016/12/05 12.70 12.80 12.65 12.75 
2016/12/06 12.50 12.75 12.50 12.60 
2016/12/07 12.50 12.60 12.50 12.60 
2016/12/08 12.75 12.80 12.55 12.70 
2016/12/09 12.65 12.70 12.55 12.60 
2016/12/12 12.60 12.60 12.50 12.50 
2016/12/13 12.55 12.70 12.50 12.60 
2016/12/14 12.50 12.70 12.50 12.65 
2016/12/15 12.60 12.80 12.30 12.70 
2016/12/16 12.75 12.75 12.50 12.50 
2016/12/19 12.50 12.50 12.40 12.40 
2016/12/20 12.55 13.05 12.50 12.90 
2016/12/21 12.90 12.90 12.65 12.80 
2016/12/22 12.80 12.80 12.75 12.75 
2016/12/23 12.65 12.75 12.65 12.70 
2016/12/26 12.40 12.65 12.40 12.65 
2016/12/27 12.75 12.75 12.60 12.60 
2016/12/28 12.75 12.90 12.65 12.75 
2016/12/29 12.80 12.85 12.75 12.80 
2016/12/30 12.80 12.85 12.80 12.85 
2017/01/03 12.85 12.85 12.60 12.75 
2017/01/04 12.70 12.80 12.70 12.70 
2017/01/05 12.90 13.70 12.90 13.45 
2017/01/06 13.50 13.55 13.20 13.25 
2017/01/09 13.35 13.70 13.35 13.40 
2017/01/10 13.50 13.50 13.25 13.30 
2017/01/11 13.25 13.25 13.10 13.15 
2017/01/12 13.25 14.10 13.25 13.60 
2017/01/13 13.55 13.70 13.40 13.50 
2017/01/16 13.40 13.40 13.15 13.20 
2017/01/17 13.25 13.40 13.15 13.30 
2017/01/18 13.20 13.30 13.20 13.25 
2017/01/19 13.25 13.35 13.10 13.10 
2017/01/20 13.25 13.25 13.00 13.05 
2017/01/23 13.10 13.40 12.80 12.95 
2017/01/24 12.90 13.10 12.85 12.95 
2017/02/02 13.10 13.10 13.00 13.00 
2017/02/03 13.00 13.25 13.00 13.15 
2017/02/06 13.00 13.50 13.00 13.40 
2017/02/07 13.30 13.40 13.10 13.10 
2017/02/08 13.10 13.35 13.05 13.10 
