2016/07/01 34.50 34.50 33.90 34.20 
2016/07/04 34.50 34.50 33.85 34.10 
2016/07/05 33.85 33.95 33.70 33.75 
2016/07/06 33.60 33.60 33.20 33.50 
2016/07/07 33.80 33.80 33.25 33.50 
2016/07/11 33.80 33.80 33.00 33.00 
2016/07/12 33.05 33.35 32.90 33.15 
2016/07/13 33.15 33.40 33.10 33.20 
2016/07/14 33.20 33.40 33.20 33.35 
2016/07/15 33.45 34.15 33.45 34.00 
2016/07/18 34.30 37.35 34.30 36.35 
2016/07/19 36.85 37.90 36.70 36.90 
2016/07/20 37.20 37.20 36.70 37.00 
2016/07/21 37.10 37.10 36.70 36.70 
2016/07/22 37.15 37.15 36.75 36.80 
2016/07/25 36.70 36.80 35.50 36.20 
2016/07/26 36.50 36.70 36.20 36.55 
2016/07/27 36.90 36.90 36.00 36.45 
2016/07/28 36.30 36.45 35.35 35.50 
2016/07/29 34.65 35.00 34.40 34.50 
2016/08/01 34.50 35.30 34.20 35.20 
2016/08/02 35.00 35.45 34.70 35.00 
2016/08/03 35.00 35.00 34.50 34.70 
2016/08/04 34.70 35.25 34.45 34.70 
2016/08/05 34.80 34.80 34.45 34.45 
2016/08/08 34.50 35.20 33.30 33.30 
2016/08/09 33.75 34.95 33.75 34.95 
2016/08/10 35.30 35.30 34.75 34.95 
2016/08/11 34.80 35.20 34.10 34.10 
2016/08/12 34.20 34.50 33.50 34.30 
2016/08/15 34.30 34.80 34.30 34.60 
2016/08/16 32.10 32.50 32.10 32.15 
2016/08/17 32.15 32.30 31.90 31.90 
2016/08/18 32.00 32.00 31.15 31.90 
2016/08/19 32.00 32.00 31.55 31.80 
2016/08/22 31.80 31.90 31.65 31.70 
2016/08/23 32.05 32.05 31.50 31.75 
2016/08/24 31.60 32.15 31.60 31.80 
2016/08/25 31.80 32.25 31.75 32.25 
2016/08/26 32.30 32.30 32.00 32.25 
2016/08/29 32.60 32.60 32.00 32.20 
2016/08/30 32.30 33.30 32.00 33.30 
2016/08/31 33.60 34.00 33.50 34.00 
2016/09/01 34.00 34.00 33.70 34.00 
2016/09/02 34.00 34.20 33.60 34.15 
2016/09/05 33.00 34.15 33.00 34.00 
2016/09/06 33.50 34.30 33.50 34.10 
2016/09/07 34.30 35.25 34.30 34.50 
2016/09/08 35.00 35.00 34.30 34.50 
2016/09/09 34.00 34.00 33.50 33.70 
2016/09/10 33.15 33.80 33.15 33.35 
2016/09/12 33.50 34.10 33.00 33.00 
2016/09/13 33.90 33.90 32.60 32.60 
2016/09/14 32.70 33.40 32.15 32.20 
2016/09/19 33.75 33.75 32.20 32.80 
2016/09/20 32.40 32.80 32.30 32.80 
2016/09/21 33.00 33.00 32.00 32.60 
2016/09/22 33.00 33.00 32.30 32.65 
2016/09/23 32.40 32.95 32.00 32.00 
2016/09/26 32.00 32.45 31.75 32.00 
2016/09/29 32.00 32.00 31.60 31.70 
2016/09/30 31.60 32.30 31.60 31.90 
2016/10/03 32.30 32.30 31.65 31.90 
2016/10/04 31.50 32.30 31.50 31.95 
2016/10/05 31.90 31.90 31.65 31.65 
2016/10/06 31.70 32.00 31.40 31.40 
2016/10/07 31.60 31.60 30.60 30.85 
2016/10/11 30.95 30.95 29.00 29.25 
2016/10/12 29.35 29.60 29.35 29.40 
2016/10/13 29.10 29.80 28.80 29.00 
2016/10/14 29.00 29.00 27.50 28.00 
2016/10/17 28.40 28.40 26.75 26.75 
2016/10/18 26.05 26.75 25.60 25.70 
2016/10/19 26.20 26.30 25.65 25.90 
2016/10/20 25.90 26.10 25.90 25.95 
2016/10/21 26.10 27.65 26.10 26.70 
2016/10/24 26.70 27.00 26.20 26.20 
2016/10/25 26.60 26.60 26.00 26.00 
2016/10/26 25.80 26.00 25.80 25.90 
2016/10/27 25.90 26.00 25.65 25.70 
2016/10/28 26.95 26.95 25.75 25.80 
2016/10/31 25.90 25.90 25.60 25.80 
2016/11/01 26.00 26.10 25.80 25.90 
2016/11/02 25.80 25.95 25.50 25.50 
2016/11/03 25.70 25.70 25.10 25.40 
2016/11/04 25.65 25.90 25.40 25.65 
2016/11/07 25.65 25.90 24.95 24.95 
2016/11/08 25.80 27.10 25.00 25.00 
2016/11/09 24.90 25.20 22.50 22.50 
2016/11/10 21.90 23.60 21.90 23.35 
2016/11/11 23.20 24.55 23.20 24.35 
2016/11/14 24.35 25.85 24.35 25.20 
2016/11/15 25.95 25.95 25.30 25.45 
2016/11/16 25.70 25.70 24.80 25.15 
2016/11/17 25.15 25.35 25.00 25.05 
2016/11/18 25.05 25.30 24.85 25.20 
2016/11/21 25.05 25.25 25.05 25.15 
2016/11/22 25.10 25.10 25.05 25.05 
2016/11/23 25.00 25.05 24.85 25.00 
2016/11/24 24.85 25.00 24.85 24.95 
2016/11/25 24.85 24.95 24.70 24.90 
2016/11/28 24.90 24.90 24.35 24.40 
2016/11/29 24.85 24.85 23.95 23.95 
2016/11/30 23.90 23.95 23.80 23.95 
2016/12/01 24.00 24.40 23.65 24.10 
2016/12/02 24.05 24.30 23.60 23.95 
2016/12/05 23.80 23.90 23.75 23.75 
2016/12/06 23.90 24.80 23.85 24.45 
2016/12/07 24.60 24.75 24.25 24.55 
2016/12/08 24.55 24.70 24.40 24.45 
2016/12/09 24.25 24.65 24.25 24.65 
2016/12/12 24.90 24.90 24.30 24.40 
2016/12/13 24.55 24.55 24.50 24.50 
2016/12/14 24.80 24.80 24.40 24.70 
2016/12/15 24.50 24.50 24.15 24.50 
2016/12/16 24.50 24.65 24.00 24.40 
2016/12/19 24.85 24.85 24.00 24.35 
2016/12/20 24.20 24.25 24.05 24.20 
2016/12/21 24.40 24.40 24.35 24.35 
2016/12/22 24.35 24.60 24.05 24.50 
2016/12/23 24.50 24.50 24.25 24.25 
2016/12/26 24.20 24.40 24.05 24.20 
2016/12/27 24.45 24.45 24.10 24.10 
2016/12/28 24.10 24.85 24.05 24.70 
2016/12/29 24.70 25.05 24.70 24.90 
2016/12/30 25.20 25.40 24.95 25.40 
2017/01/03 25.40 25.40 25.00 25.00 
2017/01/04 25.20 25.75 25.20 25.50 
2017/01/05 25.60 25.80 25.50 25.50 
2017/01/06 25.85 25.85 25.20 25.60 
2017/01/09 25.85 25.85 25.10 25.15 
2017/01/10 25.55 26.95 25.55 26.30 
2017/01/11 26.30 26.45 26.00 26.45 
2017/01/12 26.15 26.20 25.85 26.00 
2017/01/13 25.85 26.65 25.65 26.35 
2017/01/16 26.50 26.50 25.75 25.80 
2017/01/17 25.80 25.80 25.50 25.50 
2017/01/18 25.50 25.50 25.45 25.50 
2017/01/19 25.50 25.80 25.50 25.80 
2017/01/20 25.50 25.50 25.20 25.20 
2017/01/23 25.20 25.65 25.10 25.65 
2017/01/24 25.60 25.90 25.45 25.85 
2017/02/02 25.70 25.95 25.05 25.35 
2017/02/03 25.20 25.50 25.10 25.45 
2017/02/06 25.45 25.60 25.30 25.40 
2017/02/07 25.30 25.30 25.10 25.20 
2017/02/08 25.20 25.20 24.85 25.10 
