2016/07/01 8.89 9.00 8.89 9.00 
2016/07/04 8.86 8.98 8.86 8.98 
2016/07/05 8.90 8.99 8.90 8.99 
2016/07/06 8.75 9.05 8.75 9.00 
2016/07/07 9.00 9.05 9.00 9.04 
2016/07/11 9.09 9.09 8.91 9.00 
2016/07/12 9.00 9.05 9.00 9.05 
2016/07/13 9.00 9.00 9.00 9.00 
2016/07/14 9.00 9.05 8.98 9.03 
2016/07/15 9.10 9.10 9.10 9.10 
2016/07/18 9.00 9.10 9.00 9.05 
2016/07/19 9.09 9.09 9.00 9.05 
2016/07/20 8.95 9.49 8.95 9.15 
2016/07/21 9.56 9.56 9.20 9.25 
2016/07/22 9.13 9.30 9.12 9.30 
2016/07/25 9.25 9.89 9.15 9.47 
2016/07/26 9.55 9.68 9.48 9.66 
2016/07/27 9.56 10.50 9.55 10.35 
2016/07/28 10.50 10.65 9.91 9.99 
2016/07/29 10.45 10.65 10.00 10.10 
2016/08/01 10.10 10.50 10.05 10.30 
2016/08/02 10.30 10.55 9.91 10.40 
2016/08/03 10.15 10.45 10.10 10.35 
2016/08/04 10.35 10.35 10.10 10.10 
2016/08/05 10.15 10.20 10.10 10.20 
2016/08/08 10.00 10.20 10.00 10.15 
2016/08/09 10.15 10.15 9.81 9.85 
2016/08/10 10.00 10.70 9.86 10.15 
2016/08/11 10.20 10.55 9.92 10.25 
2016/08/12 10.25 10.30 9.95 10.00 
2016/08/15 10.10 10.50 10.05 10.10 
2016/08/16 10.25 10.40 9.93 10.25 
2016/08/17 10.05 10.25 10.05 10.15 
2016/08/18 10.15 10.25 10.15 10.25 
2016/08/19 10.15 10.50 10.15 10.40 
2016/08/22 11.10 11.20 10.80 10.80 
2016/08/23 10.95 11.10 10.65 11.05 
2016/08/24 11.05 11.05 10.75 11.00 
2016/08/25 10.80 10.95 10.60 10.85 
2016/08/26 11.20 11.40 11.05 11.20 
2016/08/29 11.30 11.30 11.00 11.15 
2016/08/30 11.05 11.30 11.05 11.25 
2016/08/31 11.15 11.30 11.10 11.25 
2016/09/01 11.20 11.20 11.05 11.15 
2016/09/02 11.20 11.20 11.05 11.15 
2016/09/05 11.10 11.40 11.00 11.30 
2016/09/06 11.10 11.15 11.00 11.00 
2016/09/07 11.00 11.40 11.00 11.20 
2016/09/08 11.20 11.30 11.10 11.30 
2016/09/09 11.30 11.30 11.00 11.10 
2016/09/10 11.00 11.10 10.95 11.05 
2016/09/12 11.00 11.30 11.00 11.15 
2016/09/13 11.20 11.20 11.00 11.10 
2016/09/14 10.90 11.10 10.90 10.95 
2016/09/19 10.95 11.00 10.95 11.00 
2016/09/20 10.90 11.00 10.80 11.00 
2016/09/21 11.00 11.05 11.00 11.00 
2016/09/22 10.95 11.05 10.95 11.00 
2016/09/23 11.00 11.10 10.70 10.95 
2016/09/26 10.85 10.95 10.70 10.90 
2016/09/29 10.90 10.90 10.80 10.90 
2016/09/30 10.85 10.85 10.70 10.85 
2016/10/03 10.75 10.90 10.75 10.90 
2016/10/04 10.85 10.90 10.70 10.90 
2016/10/05 10.70 10.70 10.60 10.70 
2016/10/06 10.70 10.75 10.70 10.75 
2016/10/07 10.60 10.65 10.45 10.65 
2016/10/11 10.45 10.55 10.45 10.55 
2016/10/12 10.30 10.60 10.30 10.60 
2016/10/13 10.45 10.60 10.35 10.55 
2016/10/14 10.40 10.55 10.25 10.55 
2016/10/17 10.35 10.60 10.35 10.60 
2016/10/18 10.35 10.55 10.35 10.55 
2016/10/19 10.65 10.90 10.30 10.50 
2016/10/20 10.40 10.55 10.40 10.45 
2016/10/21 10.50 10.55 10.50 10.55 
2016/10/24 10.40 10.65 10.35 10.60 
2016/10/25 10.45 10.80 10.45 10.80 
2016/10/26 10.75 10.90 10.55 10.90 
2016/10/27 10.75 10.90 10.45 10.90 
2016/10/28 10.95 10.95 10.65 10.75 
2016/10/31 10.55 10.80 10.55 10.80 
2016/11/01 10.60 10.75 10.60 10.75 
2016/11/02 10.70 10.70 10.40 10.65 
2016/11/03 10.65 10.65 10.40 10.55 
2016/11/04 10.40 10.70 10.40 10.70 
2016/11/07 10.80 11.00 10.80 10.95 
2016/11/08 11.00 11.00 10.80 10.95 
2016/11/09 11.00 11.00 10.80 10.90 
2016/11/10 10.90 10.90 10.60 10.90 
2016/11/11 11.20 11.35 10.70 11.05 
2016/11/14 10.95 11.05 10.70 10.90 
2016/11/15 10.70 11.00 10.70 10.95 
2016/11/16 11.05 11.10 10.90 11.10 
2016/11/17 11.00 11.15 10.95 10.95 
2016/11/18 11.00 11.40 10.95 11.30 
2016/11/21 11.15 11.50 11.10 11.40 
2016/11/22 11.30 11.35 11.25 11.35 
2016/11/23 11.30 11.45 11.30 11.35 
2016/11/24 11.30 11.50 11.30 11.40 
2016/11/25 11.30 11.45 11.25 11.45 
2016/11/28 11.15 11.35 11.15 11.35 
2016/11/29 11.30 11.35 11.15 11.30 
2016/11/30 11.20 11.90 11.20 11.60 
2016/12/01 11.50 11.65 11.50 11.65 
2016/12/02 11.60 11.70 11.55 11.65 
2016/12/05 11.65 12.05 11.60 12.00 
2016/12/06 12.10 12.10 11.80 11.95 
2016/12/07 11.95 12.05 11.85 11.85 
2016/12/08 11.90 12.00 11.90 11.90 
2016/12/09 11.85 12.10 11.85 12.05 
2016/12/12 11.95 11.95 11.90 11.95 
2016/12/13 12.00 12.00 11.75 11.85 
2016/12/14 11.85 12.30 11.80 12.05 
2016/12/15 12.05 12.15 11.95 12.10 
2016/12/16 12.15 12.40 12.15 12.20 
2016/12/19 12.40 12.95 12.40 12.65 
2016/12/20 12.75 12.80 12.50 12.70 
2016/12/21 12.75 13.50 12.70 13.15 
2016/12/22 13.45 14.05 13.45 13.95 
2016/12/23 14.05 14.05 13.35 13.55 
2016/12/26 13.35 13.70 13.25 13.30 
2016/12/27 13.05 13.65 13.05 13.35 
2016/12/28 13.15 13.45 13.15 13.20 
2016/12/29 13.50 13.60 12.95 13.00 
2016/12/30 12.95 13.05 12.60 12.70 
2017/01/03 12.70 12.70 12.35 12.40 
2017/01/04 12.40 13.00 12.40 12.55 
2017/01/05 12.60 12.95 12.60 12.70 
2017/01/06 12.85 12.90 12.75 12.90 
2017/01/09 12.95 13.10 12.70 13.10 
2017/01/10 13.10 13.10 12.90 13.10 
2017/01/11 13.15 14.00 13.15 13.70 
2017/01/12 13.50 13.50 13.20 13.30 
2017/01/13 13.30 13.50 13.05 13.30 
2017/01/16 13.10 13.30 13.10 13.20 
2017/01/17 13.20 13.20 13.00 13.20 
2017/01/18 13.20 13.35 12.95 13.10 
2017/01/19 13.00 13.20 13.00 13.10 
2017/01/20 13.00 13.25 13.00 13.10 
2017/01/23 13.10 13.10 13.00 13.00 
2017/01/24 13.10 13.10 12.85 13.05 
2017/02/02 13.15 13.15 12.75 12.90 
2017/02/03 12.80 12.95 12.75 12.95 
2017/02/06 13.15 13.15 13.00 13.05 
2017/02/07 13.15 13.15 12.75 13.05 
2017/02/08 12.80 13.00 12.80 12.95 
