2016/07/01 8.95 8.95 8.95 8.95 
2016/07/04 8.96 9.03 8.96 9.03 
2016/07/05 9.20 9.20 9.20 9.20 
2016/07/06 9.15 9.15 9.06 9.06 
2016/07/07 9.10 9.10 9.10 9.10 
2016/07/12 9.10 9.10 9.10 9.10 
2016/07/13 9.09 9.09 9.01 9.01 
2016/07/14 9.05 9.10 9.05 9.10 
2016/07/15 8.95 8.95 8.85 8.90 
2016/07/18 8.80 9.00 8.80 9.00 
2016/07/19 9.00 9.18 8.92 9.18 
2016/07/20 9.18 9.18 9.00 9.02 
2016/07/21 9.18 9.62 9.18 9.23 
2016/07/22 9.23 9.23 9.05 9.05 
2016/07/25 9.06 9.40 9.06 9.15 
2016/07/26 9.19 9.19 9.15 9.15 
2016/07/27 9.15 9.15 9.10 9.11 
2016/07/29 9.15 9.15 9.15 9.15 
2016/08/01 9.11 9.11 9.00 9.00 
2016/08/02 9.05 9.06 9.05 9.05 
2016/08/03 9.05 9.05 8.90 9.00 
2016/08/04 9.00 9.00 8.90 8.90 
2016/08/05 8.99 9.23 8.99 9.05 
2016/08/08 9.06 9.19 9.00 9.05 
2016/08/09 9.50 9.50 8.95 9.10 
2016/08/11 9.00 9.00 8.90 8.90 
2016/08/12 8.53 9.00 8.53 9.00 
2016/08/15 9.19 9.80 9.19 9.70 
2016/08/16 9.70 9.77 9.28 9.75 
2016/08/17 9.58 9.58 9.44 9.58 
2016/08/18 9.35 9.55 9.35 9.55 
2016/08/19 9.51 9.61 9.51 9.61 
2016/08/22 9.38 9.45 9.38 9.45 
2016/08/23 9.52 9.52 9.45 9.45 
2016/08/24 9.48 9.48 9.40 9.40 
2016/08/25 9.41 9.48 9.25 9.25 
2016/08/26 9.21 9.21 9.15 9.15 
2016/08/29 9.15 9.19 9.08 9.19 
2016/08/30 9.19 9.25 9.19 9.20 
2016/08/31 9.30 9.47 9.24 9.24 
2016/09/01 9.21 9.39 9.20 9.39 
2016/09/02 9.54 9.54 9.54 9.54 
2016/09/05 9.20 9.25 9.20 9.25 
2016/09/07 9.43 9.43 9.29 9.30 
2016/09/08 9.30 9.30 9.30 9.30 
2016/09/09 9.41 9.41 9.41 9.41 
2016/09/10 9.30 9.43 9.29 9.29 
2016/09/12 9.20 9.20 9.15 9.20 
2016/09/13 9.20 9.20 9.20 9.20 
2016/09/14 9.54 9.54 9.54 9.54 
2016/09/19 9.20 9.50 9.20 9.50 
2016/09/20 9.21 9.21 9.21 9.21 
2016/09/21 9.44 9.50 9.30 9.30 
2016/09/22 9.22 9.48 9.22 9.48 
2016/09/26 9.25 9.25 9.20 9.20 
2016/09/29 9.45 9.45 9.22 9.22 
2016/09/30 9.46 9.46 9.09 9.40 
2016/10/03 9.39 9.39 9.25 9.25 
2016/10/04 9.20 9.40 9.19 9.19 
2016/10/05 9.25 9.25 9.21 9.22 
2016/10/06 9.23 9.23 9.22 9.22 
2016/10/07 9.20 9.20 9.20 9.20 
2016/10/11 9.19 9.19 9.10 9.10 
2016/10/12 9.09 9.40 9.09 9.40 
2016/10/13 9.25 9.37 9.11 9.37 
2016/10/14 9.20 9.20 9.20 9.20 
2016/10/17 9.20 9.20 9.16 9.16 
2016/10/18 9.20 9.20 9.20 9.20 
2016/10/20 9.20 9.20 9.05 9.05 
2016/10/21 9.37 9.37 9.08 9.08 
2016/10/24 9.10 9.17 9.03 9.17 
2016/10/25 9.37 9.37 9.11 9.11 
2016/10/26 9.19 9.20 9.03 9.04 
2016/10/27 8.96 9.20 8.96 9.20 
2016/10/28 9.20 9.20 9.20 9.20 
2016/11/02 9.20 9.20 9.20 9.20 
2016/11/04 9.18 9.18 9.08 9.08 
2016/11/08 9.01 9.01 9.00 9.00 
2016/11/09 9.00 9.00 8.97 8.97 
2016/11/10 8.60 8.60 8.60 8.60 
2016/11/11 8.67 8.67 8.67 8.67 
2016/11/14 8.67 8.67 8.66 8.67 
2016/11/15 8.98 8.99 8.98 8.99 
2016/11/17 8.61 8.61 8.60 8.60 
2016/11/18 8.99 8.99 8.99 8.99 
2016/11/22 8.55 8.94 8.55 8.94 
2016/11/23 8.55 8.55 8.40 8.50 
2016/11/24 8.51 8.51 8.10 8.12 
2016/11/25 8.20 8.20 8.13 8.16 
2016/11/28 8.16 8.49 8.15 8.49 
2016/11/29 8.54 8.64 8.40 8.64 
2016/12/01 8.51 8.72 8.50 8.72 
2016/12/02 8.45 8.45 8.45 8.45 
2016/12/05 8.45 8.67 8.30 8.67 
2016/12/06 8.40 8.40 8.40 8.40 
2016/12/07 8.50 8.51 8.50 8.51 
2016/12/08 8.46 8.46 8.30 8.30 
2016/12/09 8.49 8.50 8.35 8.35 
2016/12/12 8.40 8.40 8.40 8.40 
2016/12/13 8.69 8.69 8.69 8.69 
2016/12/14 8.40 8.40 8.40 8.40 
2016/12/16 8.44 8.50 8.12 8.12 
2016/12/19 8.49 8.49 8.49 8.49 
2016/12/20 8.41 8.54 8.35 8.54 
2016/12/23 8.51 8.51 8.51 8.51 
2016/12/26 8.50 8.50 8.50 8.50 
2016/12/28 8.12 8.52 8.12 8.52 
2016/12/29 8.00 8.33 7.80 8.33 
2016/12/30 8.11 8.49 8.11 8.30 
2017/01/03 8.30 8.40 8.30 8.40 
2017/01/04 8.31 8.89 8.31 8.89 
2017/01/05 8.31 9.40 8.30 9.40 
2017/01/06 8.60 9.15 8.60 9.15 
2017/01/09 9.02 9.20 9.02 9.20 
2017/01/10 8.64 9.16 8.64 9.16 
2017/01/11 8.70 8.70 8.41 8.43 
2017/01/12 8.60 8.60 8.59 8.59 
2017/01/13 8.30 8.38 8.30 8.38 
2017/01/17 8.21 8.21 8.21 8.21 
2017/01/18 8.30 8.30 8.30 8.30 
2017/01/19 8.30 8.30 8.30 8.30 
2017/01/20 8.30 8.57 8.21 8.57 
2017/01/24 8.50 8.50 8.50 8.50 
2017/02/03 8.83 8.83 8.83 8.83 
2017/02/08 8.77 8.77 8.77 8.77 
