2016/07/01 12.40 12.50 12.35 12.45 
2016/07/04 12.50 12.55 12.40 12.55 
2016/07/05 12.55 12.65 12.45 12.55 
2016/07/06 12.45 12.45 12.25 12.30 
2016/07/07 12.30 12.45 12.30 12.40 
2016/07/11 12.40 12.50 12.35 12.40 
2016/07/12 11.95 12.20 11.95 12.15 
2016/07/13 12.15 12.15 12.05 12.10 
2016/07/14 12.20 12.20 12.05 12.10 
2016/07/15 12.10 12.15 12.05 12.10 
2016/07/18 12.15 12.45 12.05 12.35 
2016/07/19 12.35 12.40 12.25 12.30 
2016/07/20 12.30 12.50 12.30 12.45 
2016/07/21 12.50 12.65 12.45 12.60 
2016/07/22 12.50 12.55 12.35 12.40 
2016/07/25 12.45 12.45 12.30 12.40 
2016/07/26 12.30 12.85 12.30 12.70 
2016/07/27 12.70 12.80 12.55 12.55 
2016/07/28 12.60 12.70 12.45 12.45 
2016/07/29 12.40 12.50 12.40 12.40 
2016/08/01 12.40 12.45 12.30 12.35 
2016/08/02 12.35 12.50 12.30 12.50 
2016/08/03 12.35 12.85 12.35 12.50 
2016/08/04 12.60 12.60 12.45 12.55 
2016/08/05 12.55 12.70 12.55 12.65 
2016/08/08 12.75 12.75 12.55 12.55 
2016/08/09 12.50 12.55 12.40 12.50 
2016/08/10 12.50 12.55 12.45 12.45 
2016/08/11 12.00 12.10 11.80 12.10 
2016/08/12 12.00 12.20 12.00 12.10 
2016/08/15 12.05 12.05 11.90 11.90 
2016/08/16 11.95 12.05 11.90 11.95 
2016/08/17 11.90 12.00 11.85 11.85 
2016/08/18 11.85 12.00 11.85 12.00 
2016/08/19 12.00 12.10 11.90 11.95 
2016/08/22 11.95 12.25 11.80 12.15 
2016/08/23 12.15 12.15 12.00 12.10 
2016/08/24 12.05 12.10 12.00 12.05 
2016/08/25 12.15 12.15 12.00 12.00 
2016/08/26 12.10 12.10 11.90 11.95 
2016/08/29 11.90 12.00 11.90 11.95 
2016/08/30 12.05 12.05 11.90 11.95 
2016/08/31 12.05 12.05 11.85 11.90 
2016/09/01 11.85 11.90 11.75 11.75 
2016/09/02 11.75 11.75 11.60 11.70 
2016/09/05 11.75 11.80 11.65 11.65 
2016/09/06 11.70 11.70 11.55 11.60 
2016/09/07 11.60 11.70 11.60 11.70 
2016/09/08 11.70 11.85 11.65 11.75 
2016/09/09 11.70 11.80 11.60 11.70 
2016/09/10 11.55 11.65 11.50 11.50 
2016/09/12 11.50 11.50 11.35 11.45 
2016/09/13 11.40 11.50 11.20 11.45 
2016/09/14 11.40 11.40 11.20 11.40 
2016/09/19 11.45 11.45 11.30 11.40 
2016/09/20 11.30 11.40 11.30 11.40 
2016/09/21 11.40 11.40 11.30 11.40 
2016/09/22 11.35 11.40 11.30 11.35 
2016/09/23 11.35 11.40 11.30 11.40 
2016/09/26 11.35 11.45 11.25 11.40 
2016/09/29 11.45 11.50 11.40 11.45 
2016/09/30 11.45 11.45 11.30 11.45 
2016/10/03 11.35 11.45 11.35 11.40 
2016/10/04 11.40 11.50 11.40 11.50 
2016/10/05 11.55 11.70 11.50 11.60 
2016/10/06 11.55 11.65 11.50 11.55 
2016/10/07 11.55 11.55 11.45 11.45 
2016/10/11 11.45 11.45 11.00 11.35 
2016/10/12 11.40 11.40 11.20 11.30 
2016/10/13 11.25 11.25 10.95 11.05 
2016/10/14 11.05 11.15 10.60 10.65 
2016/10/17 10.65 10.80 10.65 10.65 
2016/10/18 10.65 10.65 10.45 10.50 
2016/10/19 10.50 10.60 10.45 10.50 
2016/10/20 10.55 10.70 10.50 10.65 
2016/10/21 10.55 10.65 10.55 10.65 
2016/10/24 10.60 10.65 10.55 10.55 
2016/10/25 10.55 10.60 10.50 10.60 
2016/10/26 10.55 10.65 10.55 10.65 
2016/10/27 10.60 10.60 10.55 10.55 
2016/10/28 10.60 10.75 10.55 10.70 
2016/10/31 10.70 10.80 10.70 10.75 
2016/11/01 10.80 10.85 10.75 10.80 
2016/11/02 10.80 10.85 10.70 10.85 
2016/11/03 10.75 10.85 10.50 10.55 
2016/11/04 10.55 10.65 10.55 10.65 
2016/11/07 10.70 10.75 10.60 10.65 
2016/11/08 10.65 10.70 10.60 10.65 
2016/11/09 10.55 10.70 10.35 10.55 
2016/11/10 10.55 10.80 10.55 10.75 
2016/11/11 10.65 10.70 10.50 10.65 
2016/11/14 10.55 10.60 10.50 10.60 
2016/11/15 10.60 10.70 10.55 10.65 
2016/11/16 10.60 10.70 10.60 10.60 
2016/11/17 10.65 10.70 10.50 10.55 
2016/11/18 10.60 10.70 10.60 10.60 
2016/11/21 10.55 10.60 10.55 10.55 
2016/11/22 10.60 10.85 10.60 10.80 
2016/11/23 10.80 10.95 10.80 10.80 
2016/11/24 10.80 10.80 10.70 10.70 
2016/11/25 10.70 10.75 10.65 10.65 
2016/11/28 10.65 10.75 10.65 10.75 
2016/11/29 10.75 10.95 10.75 10.90 
2016/11/30 10.90 11.25 10.90 11.25 
2016/12/01 11.25 11.80 11.25 11.70 
2016/12/02 11.65 11.75 11.50 11.60 
2016/12/05 11.65 11.65 11.35 11.50 
2016/12/06 11.50 11.55 11.40 11.50 
2016/12/07 11.50 11.50 11.40 11.45 
2016/12/08 11.50 11.50 11.35 11.35 
2016/12/09 11.35 11.50 11.25 11.30 
2016/12/12 11.30 11.60 11.30 11.40 
2016/12/13 11.40 11.45 11.30 11.35 
2016/12/14 11.35 11.35 11.20 11.20 
2016/12/15 11.30 11.30 11.05 11.10 
2016/12/16 11.15 11.25 11.10 11.20 
2016/12/19 11.25 11.25 11.00 11.05 
2016/12/20 11.05 11.10 11.05 11.05 
2016/12/21 11.05 11.20 11.00 11.05 
2016/12/22 11.00 11.10 11.00 11.00 
2016/12/23 11.10 11.10 10.95 10.95 
2016/12/26 10.95 11.00 10.85 10.85 
2016/12/27 10.95 10.95 10.85 10.95 
2016/12/28 11.00 11.10 10.90 11.10 
2016/12/29 11.05 11.10 10.95 11.05 
2016/12/30 11.15 11.20 11.05 11.15 
2017/01/03 11.15 11.20 11.10 11.20 
2017/01/04 11.20 11.25 11.10 11.10 
2017/01/05 11.10 11.15 11.05 11.05 
2017/01/06 11.15 11.25 10.95 10.95 
2017/01/09 11.05 11.15 11.00 11.00 
2017/01/10 11.05 11.15 11.00 11.10 
2017/01/11 11.15 11.20 11.10 11.15 
2017/01/12 11.25 11.40 11.20 11.35 
2017/01/13 11.40 11.60 11.40 11.45 
2017/01/16 11.55 11.55 11.40 11.45 
2017/01/17 11.50 11.85 11.50 11.50 
2017/01/18 11.55 12.00 11.45 11.95 
2017/01/19 12.00 12.00 11.60 11.60 
2017/01/20 11.60 11.65 11.35 11.40 
2017/01/23 11.40 11.55 11.40 11.45 
2017/01/24 11.45 11.65 11.45 11.55 
2017/02/02 11.55 11.60 11.45 11.55 
2017/02/03 11.50 11.55 11.45 11.55 
2017/02/06 11.55 11.90 11.45 11.80 
2017/02/07 11.80 11.80 11.60 11.65 
2017/02/08 11.65 11.75 11.60 11.70 
