2016/07/01 42.35 42.35 42.35 42.35 
2016/07/04 42.35 42.35 42.35 42.35 
2016/07/05 40.95 40.95 40.95 40.95 
2016/07/06 40.95 40.95 40.95 40.95 
2016/07/07 40.90 40.90 40.90 40.90 
2016/07/11 40.85 40.85 40.85 40.85 
2016/07/12 40.80 40.80 40.80 40.80 
2016/07/13 40.45 40.45 40.45 40.45 
2016/07/14 39.90 39.90 39.90 39.90 
2016/07/15 39.85 39.85 39.85 39.85 
2016/07/18 39.70 39.70 39.70 39.70 
2016/07/19 39.60 39.60 39.60 39.60 
2016/07/20 43.30 43.30 43.30 43.30 
2016/07/21 43.20 43.20 43.20 43.20 
2016/07/22 42.85 42.85 42.85 42.85 
2016/07/25 42.80 42.80 42.80 42.80 
2016/07/26 42.80 42.80 42.80 42.80 
2016/07/27 42.65 42.65 42.65 42.65 
2016/07/28 39.80 42.45 38.40 42.45 
2016/07/29 42.40 42.40 42.40 42.40 
2016/08/01 42.40 42.40 42.40 42.40 
2016/08/02 40.00 41.95 38.60 41.95 
2016/08/03 40.25 41.55 40.25 41.55 
2016/08/04 39.50 43.55 39.50 43.55 
2016/08/05 42.95 42.95 42.95 42.95 
2016/08/08 42.55 42.55 42.55 42.55 
2016/08/09 41.85 41.85 41.85 41.85 
2016/08/10 42.75 42.75 39.60 39.60 
2016/08/11 42.40 42.40 42.40 42.40 
2016/08/12 41.70 41.70 41.70 41.70 
2016/08/15 39.95 39.95 39.95 39.95 
2016/08/16 36.15 40.10 36.15 40.10 
2016/08/17 41.80 41.80 41.80 41.80 
2016/08/18 40.20 40.20 37.65 40.00 
2016/08/19 39.95 39.95 39.95 39.95 
2016/08/22 39.90 39.90 39.90 39.90 
2016/08/23 39.85 39.85 39.85 39.85 
2016/08/24 35.90 38.75 35.90 38.75 
2016/08/25 34.90 37.50 34.90 37.50 
2016/08/26 37.40 37.40 37.40 37.40 
2016/08/29 35.95 35.95 35.95 35.95 
2016/08/30 35.90 35.90 35.90 35.90 
2016/08/31 32.35 32.35 32.35 32.35 
2016/09/01 32.30 32.30 32.30 32.30 
2016/09/02 30.00 34.50 30.00 34.50 
2016/09/05 34.45 34.45 34.45 34.45 
2016/09/06 31.05 32.85 31.05 32.85 
2016/09/07 30.50 31.50 30.25 31.50 
2016/09/08 30.05 30.10 30.05 30.10 
2016/09/09 30.00 30.00 29.10 29.10 
2016/09/10 29.50 29.50 29.50 29.50 
2016/09/12 31.50 31.50 30.00 30.00 
2016/09/13 28.05 28.10 27.80 28.10 
2016/09/14 28.50 28.50 28.50 28.50 
2016/09/19 27.00 28.50 27.00 27.00 
2016/09/20 27.50 28.00 27.50 28.00 
2016/09/21 27.95 27.95 27.95 27.95 
2016/09/22 27.90 27.90 27.90 27.90 
2016/09/23 26.15 26.20 26.00 26.00 
2016/09/26 26.30 26.30 26.25 26.30 
2016/09/29 25.95 25.95 25.95 25.95 
2016/09/30 25.00 26.00 25.00 26.00 
2016/10/03 25.95 25.95 25.50 25.50 
2016/10/04 25.50 25.50 25.50 25.50 
2016/10/05 25.60 25.60 25.60 25.60 
2016/10/06 25.00 25.15 25.00 25.15 
2016/10/07 25.65 27.50 25.65 27.40 
2016/10/11 26.90 26.90 26.90 26.90 
2016/10/12 29.40 29.40 29.30 29.30 
2016/10/13 26.50 29.25 26.50 29.25 
2016/10/14 26.80 27.95 26.55 27.95 
2016/10/17 26.50 27.55 26.50 27.55 
2016/10/18 27.30 27.30 27.30 27.30 
2016/10/19 26.50 27.15 26.50 27.00 
2016/10/20 26.95 26.95 26.95 26.95 
2016/10/21 26.90 26.90 26.90 26.90 
2016/10/24 24.75 27.00 24.75 27.00 
2016/10/25 26.95 27.00 26.95 27.00 
2016/10/26 27.00 27.00 27.00 27.00 
2016/10/27 27.00 27.00 27.00 27.00 
2016/10/28 26.85 26.85 26.85 26.85 
2016/10/31 26.80 26.80 26.80 26.80 
2016/11/01 26.75 26.75 26.75 26.75 
2016/11/02 26.70 28.00 26.70 28.00 
2016/11/03 28.00 28.00 28.00 28.00 
2016/11/04 28.00 28.00 28.00 28.00 
2016/11/07 28.00 28.00 28.00 28.00 
2016/11/08 27.95 27.95 27.95 27.95 
2016/11/09 27.90 27.90 27.90 27.90 
2016/11/10 28.00 28.00 28.00 28.00 
2016/11/11 27.85 27.85 27.85 27.85 
2016/11/14 27.80 27.80 27.80 27.80 
2016/11/15 27.75 27.75 27.75 27.75 
2016/11/16 27.75 27.75 27.75 27.75 
2016/11/17 28.00 28.00 28.00 28.00 
2016/11/18 28.00 28.00 28.00 28.00 
2016/11/21 28.00 28.00 28.00 28.00 
2016/11/22 28.00 28.00 28.00 28.00 
2016/11/23 27.95 27.95 27.95 27.95 
2016/11/24 27.90 27.90 27.90 27.90 
2016/11/25 27.95 27.95 27.95 27.95 
2016/11/28 27.90 27.90 27.90 27.90 
2016/11/29 27.85 27.85 27.85 27.85 
2016/11/30 30.20 30.60 30.20 30.60 
2016/12/01 33.40 33.40 32.00 32.50 
2016/12/02 32.50 35.00 32.50 35.00 
2016/12/05 34.50 36.00 33.15 34.45 
2016/12/06 32.00 33.95 32.00 32.10 
2016/12/07 34.90 34.90 33.00 34.40 
2016/12/08 34.35 34.35 34.35 34.35 
2016/12/09 37.50 37.50 34.95 34.95 
2016/12/12 34.90 34.90 34.90 34.90 
2016/12/13 32.20 33.90 32.20 33.90 
2016/12/14 33.50 33.50 33.50 33.50 
2016/12/15 33.20 33.20 32.00 32.00 
2016/12/16 31.00 31.00 30.50 30.50 
2016/12/19 30.45 30.45 29.50 30.45 
2016/12/20 29.75 29.95 29.50 29.95 
2016/12/21 29.90 29.90 29.90 29.90 
2016/12/22 29.85 29.85 29.85 29.85 
2016/12/23 29.80 29.80 29.80 29.80 
2016/12/26 29.50 29.50 29.50 29.50 
2016/12/27 29.00 29.80 29.00 29.80 
2016/12/28 31.45 31.45 31.45 31.45 
2016/12/29 31.40 31.40 31.40 31.40 
2016/12/30 31.35 31.35 31.35 31.35 
2017/01/03 30.95 30.95 29.55 30.50 
2017/01/04 30.30 30.30 30.30 30.30 
2017/01/05 30.00 30.00 30.00 30.00 
2017/01/06 29.95 29.95 29.95 29.95 
2017/01/09 29.00 29.90 28.05 29.90 
2017/01/10 29.85 29.85 29.85 29.85 
2017/01/11 29.90 29.90 29.80 29.80 
2017/01/12 29.00 29.75 29.00 29.75 
2017/01/13 29.50 29.50 29.50 29.50 
2017/01/16 29.00 30.95 29.00 30.95 
2017/01/17 29.95 29.95 29.95 29.95 
2017/01/18 29.90 29.90 29.90 29.90 
2017/01/19 29.85 29.85 29.85 29.85 
2017/01/20 29.00 29.00 29.00 29.00 
2017/01/23 28.60 28.95 27.95 28.95 
2017/01/24 28.70 28.70 28.70 28.70 
2017/02/02 28.80 29.70 28.00 29.70 
2017/02/03 28.40 28.90 28.35 28.90 
2017/02/06 28.50 28.90 28.30 28.90 
2017/02/07 28.70 28.70 28.70 28.70 
2017/02/08 29.45 29.60 28.55 29.60 
