2016/07/01 22.40 22.40 22.00 22.00 
2016/07/04 22.05 22.90 22.05 22.75 
2016/07/05 22.95 23.05 22.55 22.70 
2016/07/06 22.70 22.70 22.30 22.35 
2016/07/07 22.60 22.70 22.45 22.55 
2016/07/11 22.75 22.80 22.05 22.05 
2016/07/12 22.05 22.25 21.85 22.00 
2016/07/13 22.45 22.45 22.05 22.15 
2016/07/14 22.20 22.50 22.15 22.45 
2016/07/15 22.75 22.90 22.50 22.50 
2016/07/18 22.75 23.20 22.65 23.05 
2016/07/19 23.30 23.40 23.00 23.10 
2016/07/20 23.10 23.40 22.90 23.30 
2016/07/21 23.60 24.25 23.60 23.85 
2016/07/22 23.85 23.85 23.30 23.35 
2016/07/25 23.40 23.55 22.90 23.00 
2016/07/26 23.10 23.20 23.00 23.15 
2016/07/27 23.35 23.75 23.15 23.50 
2016/07/28 23.60 23.65 23.00 23.20 
2016/07/29 23.20 23.40 23.05 23.15 
2016/08/01 23.15 23.30 23.05 23.10 
2016/08/02 23.15 23.55 23.15 23.50 
2016/08/03 23.45 23.45 23.15 23.15 
2016/08/04 23.35 24.05 23.25 23.85 
2016/08/05 24.25 24.80 24.25 24.80 
2016/08/08 25.40 25.70 24.60 24.75 
2016/08/09 24.85 25.05 24.25 24.50 
2016/08/10 24.60 24.85 24.25 24.25 
2016/08/11 23.80 23.80 22.90 23.10 
2016/08/12 23.15 23.15 22.50 22.60 
2016/08/15 22.60 22.60 21.55 21.90 
2016/08/16 21.95 22.50 21.95 22.40 
2016/08/17 21.90 21.90 21.40 21.50 
2016/08/18 21.50 21.65 21.25 21.65 
2016/08/19 21.45 21.75 21.45 21.70 
2016/08/22 21.55 21.70 21.40 21.50 
2016/08/23 21.70 21.80 21.45 21.45 
2016/08/24 21.55 21.55 21.25 21.25 
2016/08/25 21.40 21.80 21.35 21.55 
2016/08/26 21.50 21.75 21.45 21.45 
2016/08/29 21.45 21.90 21.40 21.70 
2016/08/30 21.70 21.85 21.50 21.50 
2016/08/31 21.50 21.65 21.35 21.40 
2016/09/01 21.60 21.60 21.25 21.30 
2016/09/02 21.30 21.45 20.65 20.75 
2016/09/05 20.75 21.00 20.70 20.75 
2016/09/06 20.80 20.80 20.65 20.70 
2016/09/07 20.75 21.40 20.75 21.30 
2016/09/08 21.30 21.35 20.85 21.00 
2016/09/09 21.00 21.35 21.00 21.20 
2016/09/10 21.00 21.05 20.75 21.00 
2016/09/12 21.15 21.20 20.80 21.00 
2016/09/13 20.10 20.35 20.05 20.05 
2016/09/14 20.05 20.30 19.80 19.90 
2016/09/19 19.80 20.15 19.80 20.00 
2016/09/20 19.90 20.00 19.75 19.85 
2016/09/21 19.75 20.15 19.75 20.05 
2016/09/22 20.00 22.00 20.00 21.50 
2016/09/23 21.70 21.70 21.05 21.30 
2016/09/26 21.35 22.20 21.25 21.40 
2016/09/29 21.90 21.90 21.30 21.30 
2016/09/30 21.30 21.30 21.05 21.15 
2016/10/03 21.30 21.50 21.00 21.05 
2016/10/04 20.95 21.00 20.70 20.80 
2016/10/05 20.80 21.45 20.80 21.10 
2016/10/06 21.15 21.20 20.85 20.85 
2016/10/07 20.85 20.90 20.60 20.60 
2016/10/11 20.40 20.40 19.05 19.20 
2016/10/12 19.20 19.20 18.70 19.00 
2016/10/13 19.10 19.20 18.80 18.90 
2016/10/14 18.85 18.85 17.70 17.70 
2016/10/17 17.70 17.85 17.10 17.40 
2016/10/18 17.20 17.65 17.10 17.45 
2016/10/19 17.45 17.95 17.45 17.95 
2016/10/20 18.05 18.35 18.00 18.05 
2016/10/21 18.05 18.20 18.00 18.00 
2016/10/24 18.00 18.05 17.80 17.80 
2016/10/25 17.80 18.40 17.80 18.10 
2016/10/26 18.20 18.25 17.80 17.85 
2016/10/27 17.80 17.95 17.60 17.70 
2016/10/28 17.70 17.80 17.55 17.55 
2016/10/31 17.55 17.55 17.15 17.25 
2016/11/01 17.20 17.25 17.10 17.25 
2016/11/02 17.10 17.15 16.15 16.20 
2016/11/03 15.90 16.40 15.55 15.65 
2016/11/04 15.65 16.40 15.60 16.40 
2016/11/07 16.80 17.40 16.50 17.40 
2016/11/08 17.50 17.70 16.75 17.05 
2016/11/09 17.05 17.20 16.15 16.15 
2016/11/10 16.40 16.80 16.40 16.75 
2016/11/11 16.50 17.30 16.35 16.70 
2016/11/14 16.20 16.75 16.20 16.75 
2016/11/15 16.70 16.80 16.45 16.60 
2016/11/16 16.70 16.90 16.55 16.60 
2016/11/17 16.60 17.40 16.45 17.35 
2016/11/18 17.50 17.60 17.15 17.25 
2016/11/21 17.15 17.60 17.15 17.35 
2016/11/22 17.60 17.85 17.40 17.40 
2016/11/23 17.50 17.60 17.35 17.50 
2016/11/24 17.40 17.55 17.15 17.20 
2016/11/25 17.20 17.20 17.00 17.15 
2016/11/28 17.10 17.45 17.10 17.15 
2016/11/29 17.20 17.30 17.15 17.25 
2016/11/30 17.45 17.75 17.30 17.45 
2016/12/01 17.50 17.50 17.25 17.35 
2016/12/02 17.40 17.80 17.25 17.40 
2016/12/05 17.35 17.65 17.25 17.40 
2016/12/06 17.50 17.90 17.40 17.55 
2016/12/07 17.60 17.80 17.45 17.65 
2016/12/08 17.75 17.75 17.50 17.60 
2016/12/09 17.60 17.80 17.50 17.60 
2016/12/12 17.60 17.60 17.20 17.20 
2016/12/13 17.20 17.20 16.70 16.85 
2016/12/14 16.90 17.05 16.85 16.95 
2016/12/15 17.00 17.05 16.80 17.00 
2016/12/16 17.00 17.00 16.80 16.90 
2016/12/19 16.90 16.90 16.65 16.75 
2016/12/20 16.95 16.95 16.65 16.80 
2016/12/21 16.90 16.95 16.75 16.80 
2016/12/22 16.80 16.90 16.70 16.80 
2016/12/23 16.90 17.25 16.80 17.10 
2016/12/26 17.20 17.30 17.10 17.25 
2016/12/27 17.30 17.95 17.30 17.75 
2016/12/28 17.80 18.15 17.80 17.80 
2016/12/29 17.75 17.85 17.45 17.80 
2016/12/30 18.10 18.10 17.80 17.80 
2017/01/03 17.95 18.40 17.95 18.20 
2017/01/04 18.30 19.35 18.30 19.20 
2017/01/05 19.30 19.60 19.05 19.05 
2017/01/06 19.05 19.25 19.00 19.20 
2017/01/09 19.40 19.55 18.85 18.95 
2017/01/10 18.95 19.10 18.55 18.60 
2017/01/11 18.50 18.50 18.10 18.10 
2017/01/12 18.20 18.60 18.20 18.55 
2017/01/13 18.70 19.35 18.60 19.00 
2017/01/16 19.00 19.00 18.60 18.60 
2017/01/17 18.60 18.70 18.30 18.55 
2017/01/18 18.50 19.25 18.50 18.85 
2017/01/19 18.80 19.15 18.70 19.00 
2017/01/20 19.00 19.65 18.80 19.55 
2017/01/23 19.65 19.90 19.25 19.75 
2017/01/24 19.75 20.05 19.55 19.90 
2017/02/02 20.00 20.05 19.55 19.55 
2017/02/03 19.60 19.60 19.20 19.35 
2017/02/06 19.65 20.25 19.60 20.00 
2017/02/07 20.25 21.70 20.25 21.50 
2017/02/08 22.05 23.25 21.85 23.15 
