2016/07/01 11.45 11.60 11.35 11.40 
2016/07/04 11.85 11.90 11.45 11.80 
2016/07/05 11.75 11.80 11.65 11.80 
2016/07/06 12.15 12.60 11.90 11.90 
2016/07/07 12.10 12.15 11.85 11.95 
2016/07/11 12.15 12.80 12.15 12.45 
2016/07/12 12.45 12.45 12.25 12.35 
2016/07/13 12.40 12.50 12.35 12.50 
2016/07/14 12.60 12.60 12.45 12.55 
2016/07/15 12.50 12.70 12.45 12.55 
2016/07/18 12.45 12.45 12.05 12.20 
2016/07/19 12.35 12.50 12.35 12.35 
2016/07/20 12.15 12.35 12.05 12.10 
2016/07/21 12.15 12.30 11.80 12.15 
2016/07/22 12.10 12.20 12.05 12.20 
2016/07/25 12.20 12.40 12.20 12.35 
2016/07/26 12.20 12.30 12.20 12.30 
2016/07/27 12.05 12.25 12.05 12.20 
2016/07/28 12.15 12.15 12.10 12.10 
2016/07/29 12.15 12.15 11.85 11.90 
2016/08/01 11.95 11.95 11.95 11.95 
2016/08/02 12.05 12.05 11.85 11.90 
2016/08/03 12.00 12.00 11.95 12.00 
2016/08/04 13.20 13.20 12.55 12.80 
2016/08/05 12.60 13.00 12.45 12.60 
2016/08/08 12.55 13.10 12.40 12.55 
2016/08/09 12.70 12.90 12.50 12.50 
2016/08/10 12.35 12.35 11.85 11.90 
2016/08/11 11.90 12.05 11.80 11.90 
2016/08/12 12.00 12.50 12.00 12.20 
2016/08/15 12.20 12.20 12.00 12.00 
2016/08/16 12.00 12.00 11.95 12.00 
2016/08/17 12.05 12.30 11.95 12.00 
2016/08/18 11.95 12.05 11.95 12.05 
2016/08/19 12.20 12.20 11.90 11.90 
2016/08/22 11.90 11.90 11.80 11.80 
2016/08/23 11.85 11.90 11.60 11.75 
2016/08/24 11.90 11.90 11.70 11.70 
2016/08/25 11.70 11.85 11.50 11.85 
2016/08/26 11.80 12.20 11.55 11.80 
2016/08/29 11.80 11.90 11.80 11.80 
2016/08/30 11.95 12.10 11.85 11.90 
2016/08/31 11.90 12.05 11.90 12.00 
2016/09/01 12.00 12.25 11.95 12.15 
2016/09/02 12.20 12.20 12.05 12.05 
2016/09/05 12.10 12.35 12.00 12.35 
2016/09/06 12.35 12.35 12.10 12.10 
2016/09/07 12.30 12.35 12.10 12.10 
2016/09/08 12.05 12.05 11.85 11.85 
2016/09/09 11.95 11.95 11.95 11.95 
2016/09/10 11.80 11.90 11.80 11.90 
2016/09/12 11.75 11.85 11.65 11.70 
2016/09/13 11.85 11.90 11.50 11.65 
2016/09/14 11.55 11.65 11.30 11.65 
2016/09/19 11.50 11.60 11.45 11.60 
2016/09/20 11.60 11.60 11.40 11.45 
2016/09/21 11.50 11.50 11.35 11.40 
2016/09/22 11.40 11.50 11.30 11.35 
2016/09/23 11.45 11.50 11.20 11.35 
2016/09/26 11.20 11.30 11.05 11.25 
2016/09/29 11.10 11.20 11.05 11.15 
2016/09/30 11.10 11.10 10.95 11.00 
2016/10/03 11.10 11.20 11.10 11.15 
2016/10/04 11.25 11.25 11.00 11.10 
2016/10/05 11.05 11.35 11.00 11.25 
2016/10/06 11.25 11.25 11.05 11.25 
2016/10/07 11.20 11.20 10.80 11.05 
2016/10/11 10.95 11.00 10.60 10.75 
2016/10/12 10.80 10.85 10.45 10.55 
2016/10/13 10.55 10.60 10.50 10.55 
2016/10/14 10.55 10.65 10.45 10.45 
2016/10/17 10.50 10.70 10.45 10.50 
2016/10/18 10.50 10.60 10.40 10.55 
2016/10/19 10.55 10.60 10.45 10.55 
2016/10/20 10.55 10.55 10.35 10.45 
2016/10/21 10.60 10.60 10.30 10.45 
2016/10/24 10.40 10.40 10.20 10.30 
2016/10/25 10.15 10.40 10.10 10.20 
2016/10/26 10.05 10.15 9.90 9.90 
2016/10/27 9.80 9.90 9.50 9.55 
2016/10/28 9.55 9.65 9.50 9.65 
2016/10/31 9.65 10.60 9.65 10.60 
2016/11/01 10.75 11.40 10.70 11.20 
2016/11/02 11.20 11.20 10.85 10.95 
2016/11/03 10.80 11.10 10.60 10.90 
2016/11/04 10.75 11.00 10.75 10.95 
2016/11/07 10.80 10.90 10.15 10.50 
2016/11/08 10.50 10.60 10.20 10.60 
2016/11/09 10.50 10.50 10.00 10.15 
2016/11/10 10.20 10.55 10.20 10.25 
2016/11/11 10.25 10.25 10.00 10.20 
2016/11/14 10.05 10.25 10.00 10.25 
2016/11/15 10.25 10.35 10.10 10.35 
2016/11/16 10.30 10.50 10.15 10.50 
2016/11/17 10.50 10.55 10.35 10.55 
2016/11/18 10.60 10.65 10.45 10.60 
2016/11/21 10.70 10.70 10.45 10.55 
2016/11/22 10.55 10.60 10.35 10.50 
2016/11/23 10.55 10.55 10.35 10.55 
2016/11/24 10.45 10.45 10.35 10.40 
2016/11/25 10.40 10.55 10.20 10.30 
2016/11/28 10.20 10.25 10.10 10.10 
2016/11/29 10.20 10.30 10.05 10.10 
2016/11/30 10.10 10.45 10.10 10.40 
2016/12/01 10.40 10.40 10.15 10.15 
2016/12/02 10.30 10.30 10.10 10.15 
2016/12/05 10.10 10.20 10.05 10.10 
2016/12/06 10.10 10.30 10.10 10.10 
2016/12/07 10.25 10.25 10.10 10.20 
2016/12/08 10.10 10.25 10.00 10.20 
2016/12/09 10.20 10.20 10.00 10.15 
2016/12/12 10.20 10.25 10.00 10.15 
2016/12/13 10.15 10.25 10.00 10.25 
2016/12/14 10.30 10.35 10.10 10.20 
2016/12/15 10.10 10.20 10.05 10.20 
2016/12/16 10.30 10.30 10.10 10.10 
2016/12/19 10.25 10.30 10.15 10.30 
2016/12/20 10.30 10.40 10.30 10.40 
2016/12/21 10.40 10.45 10.25 10.40 
2016/12/22 10.40 10.55 10.30 10.45 
2016/12/23 10.45 10.45 10.35 10.45 
2016/12/26 10.35 10.65 10.35 10.55 
2016/12/27 10.45 10.50 10.40 10.50 
2016/12/28 10.40 10.50 10.35 10.45 
2016/12/29 10.35 10.50 10.35 10.50 
2016/12/30 10.40 10.65 10.40 10.65 
2017/01/03 10.50 10.50 10.20 10.35 
2017/01/04 10.45 10.45 10.40 10.45 
2017/01/05 10.45 10.45 10.45 10.45 
2017/01/06 10.45 10.60 10.45 10.55 
2017/01/09 10.50 10.50 10.45 10.45 
2017/01/10 10.20 10.35 10.15 10.35 
2017/01/11 10.20 10.20 10.15 10.15 
2017/01/12 10.15 10.35 10.15 10.15 
2017/01/13 10.15 10.25 10.10 10.10 
2017/01/16 10.05 10.05 10.00 10.00 
2017/01/17 10.10 10.10 9.96 9.96 
2017/01/18 9.97 10.10 9.97 10.05 
2017/01/19 10.05 10.40 10.05 10.25 
2017/01/20 10.25 10.55 10.25 10.45 
2017/01/23 10.45 10.50 10.30 10.45 
2017/01/24 10.50 10.60 10.45 10.60 
2017/02/02 10.70 11.20 10.50 10.95 
2017/02/03 11.30 11.35 10.95 11.10 
2017/02/06 11.50 12.20 11.35 12.15 
2017/02/07 12.25 12.95 12.20 12.65 
2017/02/08 12.75 12.90 12.40 12.50 
