2016/07/01 20.10 20.70 20.10 20.45 
2016/07/04 20.10 20.30 19.75 20.05 
2016/07/05 20.05 20.70 20.00 20.50 
2016/07/06 20.90 20.95 20.55 20.55 
2016/07/07 20.55 20.75 20.50 20.60 
2016/07/11 19.90 20.35 19.90 20.20 
2016/07/12 20.05 20.20 20.00 20.00 
2016/07/13 19.90 20.40 19.90 20.10 
2016/07/14 20.15 20.35 20.15 20.20 
2016/07/15 20.15 20.35 20.15 20.25 
2016/07/18 20.25 20.70 20.20 20.65 
2016/07/19 20.75 21.25 20.75 21.05 
2016/07/20 20.90 21.20 20.90 20.95 
2016/07/21 21.10 21.40 20.80 21.10 
2016/07/22 21.00 21.15 20.90 20.90 
2016/07/25 20.90 21.10 20.70 20.70 
2016/07/26 20.90 21.10 20.90 21.00 
2016/07/27 21.25 21.25 20.55 20.85 
2016/07/28 20.70 20.95 20.65 20.90 
2016/07/29 20.50 20.90 20.50 20.70 
2016/08/01 20.70 20.70 20.20 20.50 
2016/08/02 20.50 20.50 20.30 20.50 
2016/08/03 20.45 20.50 20.45 20.45 
2016/08/04 20.40 20.90 20.40 20.70 
2016/08/05 20.45 20.85 20.45 20.65 
2016/08/08 20.50 20.50 20.15 20.15 
2016/08/09 20.50 20.50 20.30 20.45 
2016/08/10 20.35 20.80 20.35 20.55 
2016/08/11 20.45 20.45 20.10 20.30 
2016/08/12 20.50 20.50 20.25 20.45 
2016/08/15 20.45 20.60 20.35 20.60 
2016/08/16 20.35 20.70 20.35 20.70 
2016/08/17 20.70 21.00 20.70 20.80 
2016/08/18 20.60 20.80 20.60 20.80 
2016/08/19 20.80 20.80 20.60 20.75 
2016/08/22 20.60 20.60 20.40 20.50 
2016/08/23 20.45 20.60 20.35 20.50 
2016/08/24 20.45 20.70 20.45 20.55 
2016/08/25 20.45 20.65 20.45 20.55 
2016/08/26 20.50 20.65 20.50 20.60 
2016/08/29 20.55 20.60 20.30 20.60 
2016/08/30 20.50 20.75 20.50 20.60 
2016/08/31 20.65 20.90 20.60 20.90 
2016/09/01 20.90 20.90 20.75 20.75 
2016/09/02 20.80 20.80 20.60 20.80 
2016/09/05 20.80 21.10 20.80 20.80 
2016/09/06 20.80 21.30 20.80 21.15 
2016/09/07 21.10 21.30 21.05 21.15 
2016/09/08 21.10 21.25 21.10 21.20 
2016/09/09 21.15 21.15 21.05 21.05 
2016/09/10 20.90 20.90 20.40 20.70 
2016/09/12 20.60 20.75 20.50 20.65 
2016/09/13 20.85 20.85 20.50 20.60 
2016/09/14 20.50 20.90 20.40 20.90 
2016/09/19 20.55 20.90 20.55 20.60 
2016/09/20 20.60 20.75 20.55 20.60 
2016/09/21 20.85 20.85 20.70 20.80 
2016/09/22 20.70 20.90 20.65 20.65 
2016/09/23 20.90 21.25 20.75 21.20 
2016/09/26 21.10 21.45 21.05 21.10 
2016/09/29 21.30 21.30 20.95 21.05 
2016/09/30 20.85 21.05 20.80 20.90 
2016/10/03 20.90 21.00 20.85 21.00 
2016/10/04 21.00 21.00 20.90 21.00 
2016/10/05 20.95 21.00 20.85 20.85 
2016/10/06 20.90 20.90 20.85 20.85 
2016/10/07 20.90 21.00 20.85 21.00 
2016/10/11 20.80 20.80 20.55 20.60 
2016/10/12 20.60 20.60 20.40 20.45 
2016/10/13 20.45 20.50 20.40 20.50 
2016/10/14 20.45 20.45 20.05 20.10 
2016/10/17 20.20 20.35 20.10 20.15 
2016/10/18 20.30 20.40 20.20 20.25 
2016/10/19 20.25 20.60 20.25 20.45 
2016/10/20 20.50 20.50 20.25 20.30 
2016/10/21 20.40 20.45 20.30 20.40 
2016/10/24 20.60 20.60 20.35 20.35 
2016/10/25 20.20 20.35 20.20 20.30 
2016/10/26 20.30 20.30 20.20 20.20 
2016/10/27 20.20 20.30 20.10 20.10 
2016/10/28 20.10 20.30 20.00 20.05 
2016/10/31 20.05 20.10 20.05 20.10 
2016/11/01 20.20 20.30 20.15 20.15 
2016/11/02 20.05 20.25 20.00 20.25 
2016/11/03 20.05 20.15 20.00 20.05 
2016/11/04 20.00 20.10 20.00 20.10 
2016/11/07 20.10 20.50 20.00 20.15 
2016/11/08 20.30 20.45 20.15 20.35 
2016/11/09 20.45 20.50 20.00 20.10 
2016/11/10 20.40 20.45 20.35 20.40 
2016/11/11 20.55 20.70 20.55 20.70 
2016/11/14 20.60 21.35 20.60 21.00 
2016/11/15 21.00 21.00 20.85 20.90 
2016/11/16 20.90 20.90 20.65 20.70 
2016/11/17 21.10 21.40 21.00 21.10 
2016/11/18 21.00 21.05 20.90 21.05 
2016/11/21 21.20 21.20 21.00 21.05 
2016/11/22 21.05 21.05 20.95 21.05 
2016/11/23 21.10 21.10 20.70 20.75 
2016/11/24 20.75 20.90 20.75 20.75 
2016/11/25 20.70 20.95 20.60 20.95 
2016/11/28 20.95 21.00 20.95 21.00 
2016/11/29 21.00 21.05 21.00 21.00 
2016/11/30 20.95 21.30 20.95 21.15 
2016/12/01 21.30 22.20 21.25 21.90 
2016/12/02 21.80 22.35 21.30 22.10 
2016/12/05 22.10 22.30 22.05 22.20 
2016/12/06 22.10 22.30 22.00 22.10 
2016/12/07 22.15 22.20 22.10 22.20 
2016/12/08 22.35 22.35 22.05 22.15 
2016/12/09 22.15 22.25 22.10 22.20 
2016/12/12 22.55 22.60 22.25 22.25 
2016/12/13 22.45 22.45 22.20 22.20 
2016/12/14 22.45 22.50 22.20 22.20 
2016/12/15 22.20 22.50 22.20 22.30 
2016/12/16 22.30 22.30 22.20 22.25 
2016/12/19 22.25 22.50 22.20 22.50 
2016/12/20 22.55 23.80 22.55 23.40 
2016/12/21 23.55 24.15 23.10 24.15 
2016/12/22 24.30 25.00 24.10 24.10 
2016/12/23 24.00 24.50 23.85 23.85 
2016/12/26 24.00 25.55 24.00 25.25 
2016/12/27 25.25 25.60 24.80 24.95 
2016/12/28 25.20 25.60 24.95 25.20 
2016/12/29 25.60 25.60 25.00 25.15 
2016/12/30 25.25 25.50 25.05 25.05 
2017/01/03 25.15 25.15 24.05 24.20 
2017/01/04 24.20 24.70 24.00 24.70 
2017/01/05 24.65 24.80 24.50 24.70 
2017/01/06 24.85 26.45 24.85 26.45 
2017/01/09 26.50 27.35 26.10 27.05 
2017/01/10 27.25 27.30 26.10 26.35 
2017/01/11 26.35 26.60 26.25 26.25 
2017/01/12 26.60 26.80 25.10 25.60 
2017/01/13 25.60 26.55 25.30 26.30 
2017/01/16 25.75 26.30 25.75 26.00 
2017/01/17 26.00 26.50 26.00 26.50 
2017/01/18 26.90 26.95 26.20 26.20 
2017/01/19 26.10 26.80 26.10 26.55 
2017/01/20 26.30 26.30 26.00 26.10 
2017/01/23 26.10 26.15 25.80 25.80 
2017/01/24 25.75 26.40 25.75 26.00 
2017/02/02 26.10 27.50 26.10 27.50 
2017/02/03 27.60 27.75 26.55 27.00 
2017/02/06 26.95 27.30 26.65 26.65 
2017/02/07 26.85 26.90 26.55 26.60 
2017/02/08 26.65 26.90 26.35 26.40 
