2016/07/01 81.10 81.10 81.10 81.10 
2016/07/04 81.00 81.00 81.00 81.00 
2016/07/05 81.70 81.70 81.70 81.70 
2016/07/06 81.50 81.50 81.50 81.50 
2016/07/07 81.50 81.70 81.50 81.70 
2016/07/11 81.10 83.70 81.10 82.50 
2016/07/12 80.90 82.90 80.80 82.90 
2016/07/13 80.80 81.90 80.80 81.90 
2016/07/14 82.30 82.40 79.60 81.40 
2016/07/15 81.50 81.50 81.50 81.50 
2016/07/18 81.60 82.40 81.50 82.40 
2016/07/19 87.80 87.80 82.00 84.00 
2016/07/20 84.00 85.70 83.00 85.30 
2016/07/21 75.90 79.40 75.90 76.60 
2016/07/22 73.60 76.80 73.60 75.60 
2016/07/25 75.70 77.70 75.20 77.50 
2016/07/26 81.30 81.30 76.00 77.60 
2016/07/27 80.80 80.80 75.00 75.40 
2016/07/28 78.80 78.80 75.00 75.00 
2016/07/29 78.80 78.80 73.60 75.80 
2016/08/01 79.30 79.30 75.90 75.90 
2016/08/02 75.80 75.80 75.80 75.80 
2016/08/03 75.90 75.90 75.70 75.70 
2016/08/04 74.90 75.50 74.90 75.50 
2016/08/05 75.50 75.50 75.50 75.50 
2016/08/08 75.50 75.50 75.50 75.50 
2016/08/09 75.30 75.30 75.20 75.20 
2016/08/10 75.20 75.20 74.00 74.00 
2016/08/11 74.00 74.00 74.00 74.00 
2016/08/15 74.80 75.00 74.80 75.00 
2016/08/16 73.90 73.90 73.80 73.80 
2016/08/22 73.50 73.50 71.20 71.20 
2016/08/23 71.90 72.00 70.00 71.30 
2016/08/24 70.80 70.80 68.00 70.60 
2016/08/25 73.20 73.20 70.60 70.60 
2016/08/26 70.90 71.10 70.60 70.70 
2016/08/29 70.30 70.70 66.60 70.70 
2016/08/30 70.80 70.80 70.00 70.00 
2016/08/31 70.90 70.90 67.50 67.50 
2016/09/01 69.80 69.80 69.40 69.50 
2016/09/02 70.10 70.20 70.10 70.20 
2016/09/05 74.30 74.30 70.20 70.20 
2016/09/06 70.40 70.40 70.30 70.30 
2016/09/07 72.50 72.50 68.10 69.20 
2016/09/08 69.60 69.60 68.00 69.30 
2016/09/09 68.50 70.40 68.50 70.40 
2016/09/13 71.90 71.90 67.60 70.20 
2016/09/14 65.40 69.00 65.40 69.00 
2016/09/19 70.20 70.30 69.00 69.70 
2016/09/20 65.40 69.90 65.40 69.70 
2016/09/22 67.80 67.80 67.80 67.80 
2016/09/23 68.00 70.00 68.00 70.00 
2016/09/26 69.80 69.80 69.80 69.80 
2016/09/29 69.80 69.80 67.00 69.70 
2016/10/03 69.60 69.60 69.00 69.50 
2016/10/04 68.30 69.40 68.00 69.40 
2016/10/07 69.00 69.80 67.20 69.30 
2016/10/13 69.00 69.00 68.40 68.40 
2016/10/14 68.20 68.20 68.20 68.20 
2016/10/18 65.70 66.80 65.70 66.60 
2016/10/19 67.80 67.80 66.20 67.50 
2016/10/20 73.00 73.00 67.50 67.50 
2016/10/21 72.50 72.50 69.90 69.90 
2016/10/24 74.80 74.80 69.90 71.00 
2016/10/26 72.70 72.70 72.70 72.70 
2016/10/27 71.70 71.70 67.40 69.00 
2016/10/28 69.20 69.90 67.60 69.00 
2016/10/31 68.00 69.60 68.00 69.00 
2016/11/01 71.90 71.90 68.00 68.50 
2016/11/02 72.30 72.30 67.60 68.90 
2016/11/03 68.70 68.70 68.60 68.60 
2016/11/04 68.90 68.90 68.90 68.90 
2016/11/07 69.80 69.80 67.40 67.40 
2016/11/08 67.40 68.10 66.00 67.90 
2016/11/09 65.60 68.20 65.60 67.60 
2016/11/10 68.50 68.50 66.40 68.00 
2016/11/11 68.10 68.10 68.10 68.10 
2016/11/14 73.60 73.60 72.00 72.00 
2016/11/15 65.80 70.40 65.80 69.70 
2016/11/16 70.20 70.20 70.20 70.20 
2016/11/17 70.00 70.00 70.00 70.00 
2016/11/18 69.80 69.80 67.10 68.80 
2016/11/21 65.60 69.00 65.60 67.60 
2016/11/22 66.10 68.00 66.10 67.90 
2016/11/23 68.70 69.30 68.70 69.00 
2016/11/24 69.60 69.60 69.60 69.60 
2016/11/25 68.90 68.90 68.80 68.80 
2016/11/28 68.70 68.70 68.50 68.50 
2016/11/29 68.80 68.80 68.80 68.80 
2016/12/01 67.10 67.10 67.00 67.00 
2016/12/02 67.90 67.90 66.60 67.80 
2016/12/05 68.30 68.30 67.90 67.90 
2016/12/06 67.00 69.30 67.00 68.00 
2016/12/07 70.00 70.00 66.30 67.30 
2016/12/08 65.40 67.90 65.40 67.30 
2016/12/09 67.10 67.80 67.00 67.50 
2016/12/12 71.00 71.00 67.50 67.50 
2016/12/13 67.50 67.50 67.50 67.50 
2016/12/14 69.30 69.30 67.00 67.40 
2016/12/15 70.50 70.50 69.00 69.00 
2016/12/19 68.30 68.30 66.30 67.30 
2016/12/20 68.60 68.60 67.30 67.30 
2016/12/21 67.10 67.10 67.10 67.10 
2016/12/22 67.10 67.40 66.40 66.90 
2016/12/23 66.80 66.80 66.80 66.80 
2016/12/26 66.00 66.40 66.00 66.40 
2016/12/27 66.00 68.00 66.00 68.00 
2016/12/28 72.40 72.40 68.00 68.00 
2016/12/29 68.00 68.00 68.00 68.00 
2016/12/30 66.50 68.80 66.50 66.70 
2017/01/03 66.80 67.70 66.50 66.90 
2017/01/04 68.00 68.00 66.70 66.90 
2017/01/05 66.90 66.90 66.90 66.90 
2017/01/06 67.00 67.00 66.00 67.00 
2017/01/09 66.70 66.70 65.50 66.10 
2017/01/10 67.10 67.10 65.60 66.40 
2017/01/11 66.80 66.80 66.60 66.60 
2017/01/12 66.60 66.60 66.00 66.00 
2017/01/13 66.00 66.00 65.80 65.80 
2017/01/16 68.20 68.20 68.20 68.20 
2017/01/17 67.30 67.30 64.80 65.70 
2017/01/18 65.90 66.10 65.90 66.10 
2017/01/19 67.20 67.20 66.60 66.60 
2017/01/20 66.70 66.70 65.00 66.00 
2017/01/23 65.90 65.90 65.90 65.90 
2017/01/24 65.80 65.90 65.40 65.90 
2017/02/02 65.90 65.90 65.70 65.70 
2017/02/03 65.50 65.50 65.40 65.40 
2017/02/06 64.30 65.30 64.10 65.30 
2017/02/07 64.90 64.90 64.00 64.90 
2017/02/08 63.90 64.90 63.50 63.50 
