2016/07/01 81.00 81.20 78.90 78.90 
2016/07/04 78.90 82.40 77.20 81.50 
2016/07/05 81.50 81.90 80.30 80.40 
2016/07/06 80.10 80.50 79.50 80.00 
2016/07/07 80.00 80.40 80.00 80.00 
2016/07/11 80.30 80.80 78.60 78.80 
2016/07/12 78.10 79.00 78.10 78.60 
2016/07/13 78.70 79.00 78.60 78.80 
2016/07/14 78.80 78.80 78.30 78.30 
2016/07/15 78.20 79.80 78.20 78.70 
2016/07/18 79.50 79.60 78.10 78.80 
2016/07/19 78.80 78.80 78.10 78.30 
2016/07/20 78.30 78.30 77.50 77.60 
2016/07/21 77.60 78.80 77.30 78.00 
2016/07/22 78.00 78.00 77.10 77.10 
2016/07/25 77.10 77.70 76.10 76.10 
2016/07/26 76.30 77.10 75.40 76.30 
2016/07/27 76.40 77.10 75.80 76.10 
2016/07/28 76.10 76.50 74.80 74.90 
2016/07/29 75.10 76.80 74.20 76.30 
2016/08/01 76.30 78.10 76.30 77.60 
2016/08/02 77.60 77.90 76.80 77.20 
2016/08/03 78.00 78.50 77.30 77.30 
2016/08/04 77.30 77.50 76.80 77.00 
2016/08/05 77.30 77.80 76.80 76.90 
2016/08/08 77.50 77.50 76.70 76.70 
2016/08/09 76.70 76.90 76.30 76.50 
2016/08/10 77.00 77.00 76.20 76.50 
2016/08/11 76.50 76.60 75.20 75.50 
2016/08/12 75.50 75.80 75.20 75.30 
2016/08/15 75.60 77.80 75.30 77.50 
2016/08/16 77.70 79.30 77.20 77.50 
2016/08/17 77.50 78.20 76.20 76.50 
2016/08/18 76.50 77.30 76.20 76.80 
2016/08/19 76.90 77.00 76.60 76.80 
2016/08/22 77.00 78.10 76.80 77.40 
2016/08/23 77.50 78.00 77.40 77.60 
2016/08/24 77.60 77.90 77.00 77.00 
2016/08/25 77.00 77.80 76.90 77.20 
2016/08/26 77.60 79.30 77.30 79.00 
2016/08/29 79.00 81.20 78.90 81.10 
2016/08/30 81.30 81.90 80.50 81.60 
2016/08/31 81.60 82.00 80.40 80.80 
2016/09/01 80.90 81.60 80.40 80.80 
2016/09/02 80.60 80.70 79.50 79.80 
2016/09/05 80.00 80.10 78.50 78.80 
2016/09/06 78.70 79.40 78.70 79.00 
2016/09/07 79.00 80.40 78.80 79.70 
2016/09/08 79.70 80.60 79.70 80.40 
2016/09/09 80.50 80.50 79.90 79.90 
2016/09/10 79.60 79.70 79.10 79.50 
2016/09/12 79.50 79.50 78.60 79.00 
2016/09/13 79.10 79.60 78.50 78.70 
2016/09/14 78.70 79.40 78.70 79.40 
2016/09/19 79.50 80.90 79.50 80.40 
2016/09/20 80.50 80.60 80.10 80.20 
2016/09/21 80.50 81.00 80.40 81.00 
2016/09/22 81.00 82.10 80.90 81.90 
2016/09/23 82.10 83.70 81.90 83.20 
2016/09/26 84.30 85.90 83.90 84.90 
2016/09/29 85.80 85.80 83.60 84.00 
2016/09/30 84.00 84.50 83.50 83.80 
2016/10/03 84.00 84.60 83.70 84.30 
2016/10/04 84.20 85.80 84.00 85.20 
2016/10/05 85.00 86.90 84.80 86.90 
2016/10/06 87.20 87.50 86.20 87.00 
2016/10/07 87.50 87.50 86.40 86.50 
2016/10/11 87.00 87.00 85.00 85.60 
2016/10/12 85.10 85.60 84.70 85.20 
2016/10/13 85.20 86.50 85.20 85.60 
2016/10/14 86.00 86.30 83.90 84.50 
2016/10/17 84.90 84.90 83.70 83.80 
2016/10/18 83.80 84.30 83.00 84.10 
2016/10/19 84.20 84.70 83.70 84.10 
2016/10/20 84.10 84.40 83.70 83.70 
2016/10/21 84.40 84.40 82.40 82.70 
2016/10/24 82.80 82.80 81.50 82.40 
2016/10/25 82.90 83.00 82.00 82.30 
2016/10/26 82.30 83.60 82.30 83.50 
2016/10/27 83.60 83.80 83.10 83.60 
2016/10/28 83.90 83.90 83.00 83.10 
2016/10/31 82.50 82.90 82.30 82.70 
2016/11/01 82.60 82.80 82.20 82.30 
2016/11/02 81.80 81.80 79.70 80.70 
2016/11/03 80.50 81.10 80.50 80.70 
2016/11/04 80.50 80.90 79.90 80.00 
2016/11/07 80.50 80.60 79.70 80.00 
2016/11/08 80.00 80.40 78.30 80.40 
2016/11/09 80.40 80.40 77.70 78.10 
2016/11/10 78.50 83.00 78.50 83.00 
2016/11/11 82.50 83.80 81.80 82.50 
2016/11/14 82.40 82.40 80.80 80.90 
2016/11/15 80.70 81.10 80.30 80.40 
2016/11/16 80.20 81.40 80.00 81.40 
2016/11/17 81.30 83.20 80.10 82.40 
2016/11/18 82.50 82.80 81.50 82.80 
2016/11/21 81.70 82.60 81.10 82.60 
2016/11/22 81.70 83.10 81.40 82.00 
2016/11/23 82.00 82.00 80.60 80.80 
2016/11/24 80.10 81.60 80.00 80.50 
2016/11/25 80.40 80.60 80.00 80.10 
2016/11/28 78.90 80.00 78.90 79.00 
2016/11/29 79.00 79.80 79.00 79.20 
2016/11/30 79.00 80.00 79.00 79.90 
2016/12/01 79.90 79.90 79.20 79.40 
2016/12/02 79.20 79.60 79.00 79.30 
2016/12/05 79.30 80.30 79.30 79.90 
2016/12/06 79.80 79.80 79.20 79.30 
2016/12/07 79.50 79.70 79.00 79.10 
2016/12/08 79.10 80.00 79.00 79.20 
2016/12/09 79.30 80.40 79.20 80.00 
2016/12/12 80.00 80.50 79.10 79.10 
2016/12/13 79.40 79.70 79.30 79.50 
2016/12/14 80.00 80.00 79.20 79.20 
2016/12/15 79.20 79.60 79.10 79.20 
2016/12/16 79.20 79.80 79.20 79.80 
2016/12/19 79.80 79.80 78.70 78.80 
2016/12/20 79.00 79.10 78.20 78.20 
2016/12/21 78.20 78.80 78.10 78.20 
2016/12/22 78.80 78.80 77.80 77.90 
2016/12/23 78.30 78.30 77.50 77.50 
2016/12/26 77.20 77.60 77.10 77.30 
2016/12/27 77.30 77.60 76.90 76.90 
2016/12/28 77.40 77.50 76.90 77.20 
2016/12/29 77.00 77.70 77.00 77.00 
2016/12/30 77.80 79.00 77.00 79.00 
2017/01/03 79.50 79.70 78.60 79.60 
2017/01/04 80.40 80.40 79.20 79.30 
2017/01/05 80.00 80.20 79.50 80.10 
2017/01/06 80.40 80.40 78.40 78.60 
2017/01/09 78.70 79.00 77.50 77.60 
2017/01/10 77.60 78.50 77.60 78.50 
2017/01/11 78.80 78.80 77.70 78.50 
2017/01/12 78.50 79.30 78.30 78.90 
2017/01/13 78.80 79.10 78.00 78.00 
2017/01/16 77.80 78.00 76.50 76.50 
2017/01/17 76.50 76.50 75.30 76.10 
2017/01/18 76.00 76.60 75.50 76.30 
2017/01/19 76.10 77.90 76.10 77.50 
2017/01/20 77.50 77.90 76.60 77.40 
2017/01/23 77.50 77.70 76.20 77.50 
2017/01/24 76.80 76.80 75.50 76.00 
2017/02/02 76.50 76.50 75.10 75.40 
2017/02/03 75.60 76.30 75.20 76.30 
2017/02/06 77.00 78.20 76.80 77.70 
2017/02/07 77.80 77.80 77.00 77.10 
2017/02/08 77.60 77.70 76.80 77.10 
