2016/07/01 63.80 63.80 62.50 62.80 
2016/07/04 62.10 63.00 62.10 62.50 
2016/07/05 62.70 63.20 62.00 62.30 
2016/07/06 61.90 61.90 61.10 61.20 
2016/07/07 61.30 61.30 59.80 60.20 
2016/07/11 60.10 62.00 60.10 60.90 
2016/07/12 61.00 63.00 61.00 62.90 
2016/07/13 62.90 62.90 61.80 62.20 
2016/07/14 62.20 62.80 61.80 62.20 
2016/07/15 62.40 62.50 61.20 61.60 
2016/07/18 61.60 62.20 61.00 61.40 
2016/07/19 61.70 63.40 61.40 62.70 
2016/07/20 63.40 63.40 61.50 61.60 
2016/07/21 61.70 62.30 61.00 61.50 
2016/07/22 61.50 61.80 60.50 60.60 
2016/07/25 60.90 61.20 59.80 59.80 
2016/07/26 60.00 60.50 59.30 60.20 
2016/07/27 60.80 60.80 59.60 59.60 
2016/07/28 59.80 60.20 59.60 60.10 
2016/07/29 60.10 60.10 59.20 59.40 
2016/08/01 59.40 60.20 59.40 60.20 
2016/08/02 60.40 62.00 60.30 61.70 
2016/08/03 61.20 61.70 60.70 61.30 
2016/08/04 61.70 61.70 60.70 60.90 
2016/08/05 60.90 61.70 60.90 61.60 
2016/08/08 61.70 61.90 61.10 61.50 
2016/08/09 61.70 63.80 61.50 62.20 
2016/08/10 62.50 63.60 62.50 62.90 
2016/08/11 63.40 63.40 61.30 62.00 
2016/08/12 62.10 62.60 61.40 61.60 
2016/08/15 62.10 62.60 61.70 62.30 
2016/08/16 62.30 62.30 61.10 61.30 
2016/08/17 61.10 61.40 58.50 59.10 
2016/08/18 59.30 59.90 58.60 59.50 
2016/08/19 58.70 59.10 57.70 57.70 
2016/08/22 57.50 57.50 55.50 55.60 
2016/08/23 56.00 59.50 55.70 58.80 
2016/08/24 58.70 59.40 58.10 58.80 
2016/08/25 58.80 59.10 58.40 58.40 
2016/08/26 57.70 58.70 56.60 56.80 
2016/08/29 56.00 57.40 56.00 57.20 
2016/08/30 57.20 57.80 56.80 57.60 
2016/08/31 57.80 57.80 56.80 56.80 
2016/09/01 56.50 57.00 56.30 56.30 
2016/09/02 56.20 56.40 54.00 54.50 
2016/09/05 54.50 55.20 54.50 55.20 
2016/09/06 55.20 56.40 54.70 56.30 
2016/09/07 56.50 57.00 56.30 56.60 
2016/09/08 56.80 57.80 56.80 57.50 
2016/09/09 57.90 57.90 57.20 57.80 
2016/09/10 56.80 57.20 56.20 57.10 
2016/09/12 57.20 57.50 56.20 56.60 
2016/09/13 56.90 57.00 55.70 55.80 
2016/09/14 55.10 56.50 55.10 55.90 
2016/09/19 55.90 56.90 55.90 56.40 
2016/09/20 56.80 57.80 56.80 57.00 
2016/09/21 57.90 61.00 57.90 60.00 
2016/09/22 60.40 62.00 60.30 60.70 
2016/09/23 61.00 61.10 60.00 60.90 
2016/09/26 61.00 61.00 60.20 60.30 
2016/09/29 61.00 61.00 59.20 59.30 
2016/09/30 59.30 59.50 58.80 59.50 
2016/10/03 59.70 61.10 59.20 61.10 
2016/10/04 61.50 64.50 61.40 63.20 
2016/10/05 63.60 65.30 62.90 63.40 
2016/10/06 63.20 63.30 62.40 63.30 
2016/10/07 63.00 63.90 61.90 62.00 
2016/10/11 62.20 62.30 57.50 59.10 
2016/10/12 59.50 59.80 58.40 59.10 
2016/10/13 58.80 59.30 58.00 58.30 
2016/10/14 58.00 58.50 56.00 56.50 
2016/10/17 56.60 57.20 56.50 57.00 
2016/10/18 56.90 57.70 56.90 57.30 
2016/10/19 57.30 57.50 56.60 57.20 
2016/10/20 57.00 57.20 56.30 56.70 
2016/10/21 56.50 57.30 56.40 57.10 
2016/10/24 57.10 57.60 56.80 57.00 
2016/10/25 57.10 57.90 57.00 57.60 
2016/10/26 57.30 57.70 57.00 57.00 
2016/10/27 57.20 57.60 56.60 56.90 
2016/10/28 56.90 57.30 56.80 57.00 
2016/10/31 57.00 57.20 56.50 57.00 
2016/11/01 56.60 57.10 56.50 56.80 
2016/11/02 56.50 56.80 54.70 54.90 
2016/11/03 55.80 55.80 53.80 54.00 
2016/11/04 54.00 55.00 53.50 54.40 
2016/11/07 54.00 55.20 54.00 54.60 
2016/11/08 54.60 55.50 54.60 54.90 
2016/11/09 54.80 55.40 51.10 52.30 
2016/11/10 54.10 54.20 53.00 53.50 
2016/11/11 53.50 54.30 53.00 53.90 
2016/11/14 54.10 54.20 53.30 53.70 
2016/11/15 54.00 54.20 53.50 54.00 
2016/11/16 54.00 54.70 54.00 54.30 
2016/11/17 54.30 54.30 53.80 54.30 
2016/11/18 54.30 55.70 54.20 55.40 
2016/11/21 56.00 56.30 55.60 56.00 
2016/11/22 55.50 56.70 55.50 56.50 
2016/11/23 56.90 57.30 56.60 57.10 
2016/11/24 57.50 57.50 56.70 57.50 
2016/11/25 58.00 58.60 57.80 58.10 
2016/11/28 58.20 58.70 57.60 57.70 
2016/11/29 58.00 58.00 56.10 56.40 
2016/11/30 56.90 57.10 56.20 56.60 
2016/12/01 57.10 58.20 56.80 57.80 
2016/12/02 58.00 58.00 57.30 57.90 
2016/12/05 58.30 58.40 57.20 57.90 
2016/12/06 58.10 58.10 57.60 57.90 
2016/12/07 58.20 58.90 58.00 58.90 
2016/12/08 59.40 59.40 58.10 58.50 
2016/12/09 58.60 58.70 57.60 57.90 
2016/12/12 57.90 58.30 56.10 56.60 
2016/12/13 57.20 57.20 56.40 56.50 
2016/12/14 56.80 56.80 55.40 55.80 
2016/12/15 55.60 56.50 55.40 56.30 
2016/12/16 56.60 56.80 56.00 56.00 
2016/12/19 56.00 56.30 55.00 55.20 
2016/12/20 55.20 55.20 54.00 54.50 
2016/12/21 56.00 57.30 56.00 56.30 
2016/12/22 56.80 56.80 55.70 56.00 
2016/12/23 56.10 56.10 55.00 55.10 
2016/12/26 55.30 55.50 54.90 54.90 
2016/12/27 55.00 55.40 54.80 55.10 
2016/12/28 55.10 55.30 55.00 55.10 
2016/12/29 55.50 55.70 55.40 55.50 
2016/12/30 56.00 56.00 55.60 55.80 
2017/01/03 56.00 56.00 55.50 55.80 
2017/01/04 56.20 57.20 56.00 56.50 
2017/01/05 56.90 57.10 56.10 56.10 
2017/01/06 56.20 56.40 55.70 55.80 
2017/01/09 56.00 56.20 55.50 55.60 
2017/01/10 55.60 56.20 55.50 55.60 
2017/01/11 56.30 56.60 55.50 55.50 
2017/01/12 55.60 55.70 55.50 55.50 
2017/01/13 55.50 55.90 55.50 55.90 
2017/01/16 55.90 55.90 54.90 55.30 
2017/01/17 55.30 55.50 55.10 55.10 
2017/01/18 55.10 55.10 54.70 55.00 
2017/01/19 55.10 55.10 54.50 54.50 
2017/01/20 54.60 55.10 54.50 54.60 
2017/01/23 54.70 54.90 54.30 54.50 
2017/01/24 54.60 54.80 54.30 54.30 
2017/02/02 54.60 54.80 54.40 54.50 
2017/02/03 54.60 54.90 54.10 54.80 
2017/02/06 54.30 55.50 54.30 55.40 
2017/02/07 55.50 56.70 55.50 56.20 
2017/02/08 56.20 56.30 55.70 56.20 
