2016/07/01 16.60 16.60 16.40 16.55 
2016/07/04 16.60 16.90 16.60 16.90 
2016/07/05 16.90 16.95 16.70 16.80 
2016/07/06 16.65 16.70 16.50 16.60 
2016/07/07 16.60 16.70 16.55 16.60 
2016/07/11 16.75 16.75 16.50 16.55 
2016/07/12 16.55 16.60 16.45 16.50 
2016/07/13 16.60 16.80 16.55 16.80 
2016/07/14 16.80 17.40 16.80 17.35 
2016/07/15 17.30 17.45 17.15 17.20 
2016/07/18 17.20 17.30 16.95 17.00 
2016/07/19 17.10 17.20 17.00 17.20 
2016/07/20 17.20 17.20 17.05 17.10 
2016/07/21 17.15 17.35 17.10 17.20 
2016/07/22 17.20 17.30 17.10 17.25 
2016/07/25 17.30 17.30 17.05 17.30 
2016/07/26 17.25 17.30 17.15 17.25 
2016/07/27 17.30 17.45 17.20 17.30 
2016/07/28 16.10 16.15 15.95 16.10 
2016/07/29 16.15 16.20 16.05 16.15 
2016/08/01 16.15 16.20 16.10 16.20 
2016/08/02 16.15 16.25 16.10 16.25 
2016/08/03 16.25 16.30 16.15 16.20 
2016/08/04 16.15 16.30 16.15 16.20 
2016/08/05 16.20 16.25 16.15 16.20 
2016/08/08 16.20 16.30 16.20 16.20 
2016/08/09 16.25 16.40 16.25 16.35 
2016/08/10 16.40 16.45 16.35 16.40 
2016/08/11 16.45 16.45 16.25 16.35 
2016/08/12 16.35 16.50 16.35 16.45 
2016/08/15 16.45 16.60 16.35 16.50 
2016/08/16 16.50 16.55 16.40 16.45 
2016/08/17 16.45 16.50 16.40 16.45 
2016/08/18 16.40 16.60 16.40 16.60 
2016/08/19 16.60 16.75 16.55 16.60 
2016/08/22 16.60 16.70 16.50 16.70 
2016/08/23 16.70 16.80 16.65 16.80 
2016/08/24 16.85 16.90 16.80 16.85 
2016/08/25 16.80 16.90 16.60 16.65 
2016/08/26 16.75 16.75 16.55 16.65 
2016/08/29 16.65 16.70 16.55 16.60 
2016/08/30 16.60 17.50 16.60 17.20 
2016/08/31 17.15 17.30 17.00 17.30 
2016/09/01 17.20 17.30 17.05 17.15 
2016/09/02 17.20 17.30 17.15 17.25 
2016/09/05 17.45 17.45 17.30 17.40 
2016/09/06 17.30 17.50 17.30 17.50 
2016/09/07 17.50 17.55 17.40 17.50 
2016/09/08 17.55 17.80 17.45 17.75 
2016/09/09 17.70 17.85 17.60 17.80 
2016/09/10 17.65 17.70 17.50 17.55 
2016/09/12 17.55 17.85 17.55 17.65 
2016/09/13 17.80 17.80 17.50 17.65 
2016/09/14 17.55 17.55 17.20 17.45 
2016/09/19 17.35 17.75 17.35 17.65 
2016/09/20 17.65 17.70 17.50 17.70 
2016/09/21 17.70 17.70 17.55 17.60 
2016/09/22 17.70 17.80 17.60 17.60 
2016/09/23 17.60 17.75 17.55 17.70 
2016/09/26 17.70 17.70 17.50 17.55 
2016/09/29 17.60 17.70 17.55 17.60 
2016/09/30 17.60 17.75 17.60 17.70 
2016/10/03 17.70 17.85 17.70 17.75 
2016/10/04 17.85 17.90 17.70 17.90 
2016/10/05 17.95 18.30 17.95 17.95 
2016/10/06 17.85 18.00 17.85 17.95 
2016/10/07 17.90 17.90 17.75 17.75 
2016/10/11 17.80 17.80 17.45 17.45 
2016/10/12 17.35 17.40 16.90 17.00 
2016/10/13 17.00 17.20 16.80 16.85 
2016/10/14 16.80 16.90 16.50 16.65 
2016/10/17 16.65 16.85 16.60 16.85 
2016/10/18 16.85 16.90 16.80 16.90 
2016/10/19 16.90 17.15 16.80 17.10 
2016/10/20 17.20 17.30 17.05 17.20 
2016/10/21 17.35 17.35 17.15 17.20 
2016/10/24 17.15 17.20 17.10 17.15 
2016/10/25 17.10 17.25 17.05 17.20 
2016/10/26 17.25 17.30 17.10 17.10 
2016/10/27 17.15 17.15 16.80 16.85 
2016/10/28 16.90 16.90 16.75 16.85 
2016/10/31 16.85 16.95 16.80 16.90 
2016/11/01 16.85 17.05 16.85 17.00 
2016/11/02 16.90 16.90 16.75 16.75 
2016/11/03 16.75 16.85 16.65 16.75 
2016/11/04 16.70 16.95 16.70 16.95 
2016/11/07 16.95 17.25 16.90 17.20 
2016/11/08 17.30 17.45 17.20 17.40 
2016/11/09 17.45 17.45 16.75 16.80 
2016/11/10 17.05 17.90 17.05 17.80 
2016/11/11 17.90 18.25 17.70 17.70 
2016/11/14 17.90 17.90 17.40 17.45 
2016/11/15 17.70 18.10 17.60 17.85 
2016/11/16 17.75 17.90 17.65 17.75 
2016/11/17 17.70 17.75 17.65 17.65 
2016/11/18 17.60 17.65 17.35 17.50 
2016/11/21 17.50 17.50 17.15 17.35 
2016/11/22 17.30 17.35 17.10 17.30 
2016/11/23 17.25 17.60 17.25 17.55 
2016/11/24 17.55 17.65 17.50 17.55 
2016/11/25 17.55 17.85 17.50 17.75 
2016/11/28 17.85 17.90 17.75 17.80 
2016/11/29 17.80 17.80 17.65 17.70 
2016/11/30 17.70 17.85 17.70 17.75 
2016/12/01 17.75 17.85 17.70 17.80 
2016/12/02 17.75 18.25 17.75 17.95 
2016/12/05 17.95 18.10 17.90 18.05 
2016/12/06 18.10 18.20 18.00 18.05 
2016/12/07 18.10 18.20 18.05 18.05 
2016/12/08 18.20 18.40 18.15 18.40 
2016/12/09 18.40 18.50 18.30 18.35 
2016/12/12 18.45 18.50 18.35 18.40 
2016/12/13 18.45 18.75 18.45 18.70 
2016/12/14 18.70 18.75 18.65 18.65 
2016/12/15 18.65 18.65 18.35 18.35 
2016/12/16 18.35 18.85 18.30 18.85 
2016/12/19 18.80 18.80 18.45 18.45 
2016/12/20 18.45 18.65 18.45 18.55 
2016/12/21 18.55 18.70 18.55 18.60 
2016/12/22 18.60 18.70 18.45 18.50 
2016/12/23 18.45 18.85 18.40 18.65 
2016/12/26 18.65 18.70 18.50 18.60 
2016/12/27 18.50 18.65 18.50 18.60 
2016/12/28 18.55 18.70 18.55 18.65 
2016/12/29 18.65 18.95 18.65 18.85 
2016/12/30 18.85 18.90 18.70 18.80 
2017/01/03 18.80 19.25 18.80 19.15 
2017/01/04 19.15 19.40 19.15 19.40 
2017/01/05 19.35 19.40 19.25 19.25 
2017/01/06 19.25 19.25 19.05 19.05 
2017/01/09 19.10 19.20 19.00 19.15 
2017/01/10 19.15 19.25 19.05 19.25 
2017/01/11 19.25 19.35 19.25 19.35 
2017/01/12 19.35 19.70 19.35 19.50 
2017/01/13 19.50 19.75 19.45 19.65 
2017/01/16 19.85 20.35 19.70 19.75 
2017/01/17 19.80 20.00 19.70 20.00 
2017/01/18 20.15 20.45 20.10 20.40 
2017/01/19 20.55 21.50 20.55 20.80 
2017/01/20 20.90 20.95 20.50 20.60 
2017/01/23 20.65 20.90 20.65 20.90 
2017/01/24 20.95 21.20 20.95 21.00 
2017/02/02 21.30 21.70 21.20 21.70 
2017/02/03 22.10 23.60 22.00 22.60 
2017/02/06 22.75 23.05 22.55 22.80 
2017/02/07 22.80 23.30 22.75 23.25 
2017/02/08 23.45 23.95 23.40 23.80 
