2016/07/01 19.50 19.75 19.10 19.50 
2016/07/04 19.55 19.80 19.55 19.55 
2016/07/05 19.60 19.75 19.55 19.75 
2016/07/06 19.75 19.75 19.75 19.75 
2016/07/07 19.70 19.75 19.50 19.75 
2016/07/11 20.20 20.20 19.75 19.95 
2016/07/12 20.10 20.10 19.70 19.70 
2016/07/13 20.00 20.00 19.80 19.80 
2016/07/14 19.80 19.95 19.35 19.90 
2016/07/15 19.90 19.90 19.35 19.75 
2016/07/18 19.60 19.60 19.55 19.55 
2016/07/19 19.30 19.50 19.30 19.50 
2016/07/20 19.15 19.20 19.15 19.15 
2016/07/21 19.10 19.25 19.05 19.25 
2016/07/22 19.35 19.40 19.20 19.35 
2016/07/25 19.35 19.40 19.35 19.40 
2016/07/26 19.40 19.40 19.40 19.40 
2016/07/27 19.35 19.35 19.35 19.35 
2016/07/28 19.35 19.35 19.25 19.25 
2016/07/29 19.25 19.25 19.10 19.10 
2016/08/01 18.90 19.20 18.90 19.15 
2016/08/02 19.10 19.25 19.10 19.25 
2016/08/03 19.20 19.20 19.00 19.15 
2016/08/04 19.20 19.20 19.20 19.20 
2016/08/05 19.15 19.30 19.15 19.25 
2016/08/08 19.25 19.25 19.25 19.25 
2016/08/09 19.30 19.60 19.30 19.35 
2016/08/10 19.35 19.35 19.30 19.30 
2016/08/11 19.30 19.30 19.20 19.20 
2016/08/12 19.40 19.45 19.30 19.30 
2016/08/15 19.40 19.40 19.35 19.35 
2016/08/16 19.25 19.30 19.20 19.25 
2016/08/17 19.25 19.35 19.25 19.35 
2016/08/18 19.40 20.50 19.40 20.00 
2016/08/19 20.00 20.10 19.85 19.85 
2016/08/22 19.85 19.85 19.45 19.85 
2016/08/23 19.85 19.95 19.80 19.80 
2016/08/24 19.80 19.80 19.35 19.45 
2016/08/25 19.70 19.70 19.45 19.65 
2016/08/26 19.75 19.75 19.45 19.70 
2016/08/29 19.95 19.95 19.45 19.70 
2016/08/30 19.80 19.95 19.75 19.85 
2016/08/31 19.75 19.90 19.70 19.90 
2016/09/01 19.55 19.90 19.55 19.90 
2016/09/02 19.60 19.75 19.45 19.75 
2016/09/05 19.80 19.85 19.80 19.85 
2016/09/06 19.75 19.75 19.75 19.75 
2016/09/07 19.90 19.90 19.60 19.75 
2016/09/08 19.60 19.70 19.60 19.70 
2016/09/09 19.25 19.55 19.25 19.35 
2016/09/10 19.80 19.80 19.35 19.50 
2016/09/12 19.50 19.50 19.50 19.50 
2016/09/13 19.60 19.65 19.60 19.65 
2016/09/14 19.65 20.30 19.60 19.75 
2016/09/19 19.80 19.80 19.55 19.80 
2016/09/20 19.60 19.75 19.60 19.75 
2016/09/21 19.75 19.75 19.75 19.75 
2016/09/22 19.55 19.55 19.45 19.55 
2016/09/23 19.50 19.60 19.45 19.50 
2016/09/26 19.50 19.50 18.30 19.25 
2016/09/29 19.15 19.25 19.05 19.15 
2016/09/30 19.00 19.00 18.65 18.90 
2016/10/03 18.75 18.75 18.60 18.65 
2016/10/04 18.85 18.85 18.80 18.80 
2016/10/05 19.00 19.15 18.90 19.15 
2016/10/06 19.00 19.00 18.95 19.00 
2016/10/07 18.95 18.95 18.95 18.95 
2016/10/11 18.95 18.95 18.95 18.95 
2016/10/12 18.50 18.70 18.50 18.70 
2016/10/13 18.30 18.70 18.30 18.50 
2016/10/14 18.65 18.65 18.30 18.65 
2016/10/17 18.65 18.65 18.65 18.65 
2016/10/18 18.30 18.45 18.30 18.45 
2016/10/19 18.40 18.45 18.40 18.45 
2016/10/20 18.50 18.50 18.50 18.50 
2016/10/21 18.30 18.60 18.30 18.60 
2016/10/24 18.60 18.75 18.00 18.50 
2016/10/25 18.10 18.45 18.05 18.45 
2016/10/26 18.50 18.50 18.15 18.35 
2016/10/27 18.40 18.40 18.30 18.40 
2016/10/28 18.30 18.30 18.05 18.30 
2016/10/31 18.85 18.85 18.25 18.50 
2016/11/01 18.50 18.65 18.50 18.65 
2016/11/02 18.65 18.65 18.65 18.65 
2016/11/03 18.55 18.55 18.55 18.55 
2016/11/04 18.45 18.45 18.40 18.40 
2016/11/07 18.90 18.90 18.25 18.45 
2016/11/08 18.20 18.20 18.00 18.00 
2016/11/09 18.00 18.15 16.95 18.15 
2016/11/10 17.35 17.90 17.35 17.90 
2016/11/11 17.70 17.70 17.70 17.70 
2016/11/14 17.70 17.70 17.00 17.35 
2016/11/15 17.00 17.00 15.65 15.80 
2016/11/16 15.75 15.90 15.60 15.85 
2016/11/17 15.70 15.90 15.50 15.90 
2016/11/18 16.00 16.00 15.75 15.95 
2016/11/21 15.90 15.95 15.75 15.95 
2016/11/22 15.85 15.95 15.75 15.95 
2016/11/23 15.90 16.05 15.80 16.05 
2016/11/24 16.25 16.25 16.10 16.25 
2016/11/25 16.25 16.35 16.25 16.35 
2016/11/28 16.15 16.80 16.00 16.80 
2016/11/29 16.35 16.35 16.15 16.15 
2016/11/30 16.10 16.50 16.00 16.50 
2016/12/01 16.50 16.50 16.50 16.50 
2016/12/02 16.70 16.70 16.55 16.70 
2016/12/05 16.55 16.55 16.55 16.55 
2016/12/06 16.75 16.75 16.05 16.45 
2016/12/07 16.20 16.30 16.20 16.30 
2016/12/08 16.30 16.40 16.30 16.30 
2016/12/09 16.30 16.45 16.30 16.40 
2016/12/12 16.40 16.40 16.40 16.40 
2016/12/13 16.20 16.20 15.90 16.00 
2016/12/14 16.00 16.10 16.00 16.00 
2016/12/15 16.00 16.00 16.00 16.00 
2016/12/16 16.00 16.00 16.00 16.00 
2016/12/19 15.90 15.90 15.90 15.90 
2016/12/20 15.90 15.90 15.90 15.90 
2016/12/21 16.00 16.00 15.90 15.90 
2016/12/22 16.10 16.10 15.95 16.05 
2016/12/23 16.20 16.20 16.00 16.05 
2016/12/26 16.05 16.30 16.05 16.30 
2016/12/27 16.20 16.35 16.15 16.35 
2016/12/28 16.30 16.50 16.20 16.50 
2016/12/29 16.50 16.75 16.25 16.75 
2016/12/30 16.75 17.90 16.30 17.90 
2017/01/03 17.60 17.70 17.30 17.70 
2017/01/04 17.30 17.60 16.75 17.30 
2017/01/05 17.25 17.25 17.25 17.25 
2017/01/06 16.95 16.95 16.70 16.75 
2017/01/09 17.10 17.10 17.10 17.10 
2017/01/10 17.40 17.40 16.80 16.90 
2017/01/11 16.40 16.45 16.30 16.30 
2017/01/12 16.70 16.70 16.70 16.70 
2017/01/13 16.75 17.00 16.75 17.00 
2017/01/16 17.15 17.15 17.15 17.15 
2017/01/17 16.60 16.65 16.60 16.65 
2017/01/18 16.90 16.90 16.90 16.90 
2017/01/19 17.00 17.00 17.00 17.00 
2017/01/20 16.90 16.90 16.90 16.90 
2017/01/23 16.95 16.95 16.45 16.55 
2017/01/24 17.15 17.15 16.45 16.60 
2017/02/02 16.60 16.60 16.60 16.60 
2017/02/03 16.30 16.45 16.30 16.45 
2017/02/06 16.80 16.80 16.35 16.55 
2017/02/07 16.15 16.40 16.15 16.40 
2017/02/08 16.30 16.40 16.15 16.40 
