2016/07/01 6.91 6.98 6.83 6.92 
2016/07/04 6.95 7.20 6.95 7.10 
2016/07/05 7.10 7.47 7.10 7.29 
2016/07/06 7.29 7.45 7.17 7.29 
2016/07/07 7.25 7.38 7.15 7.30 
2016/07/11 7.28 7.50 7.16 7.31 
2016/07/12 7.30 7.50 7.30 7.48 
2016/07/13 7.52 7.99 7.45 7.73 
2016/07/14 7.73 7.92 7.68 7.68 
2016/07/15 7.80 7.89 7.61 7.77 
2016/07/18 7.70 7.97 7.70 7.90 
2016/07/19 7.80 7.99 7.80 7.97 
2016/07/20 7.97 7.99 7.70 7.88 
2016/07/21 7.88 7.90 7.78 7.78 
2016/07/22 7.92 7.92 7.70 7.85 
2016/07/25 7.82 7.95 7.70 7.72 
2016/07/26 7.72 7.85 7.58 7.75 
2016/07/27 7.71 7.78 7.56 7.70 
2016/07/28 7.69 7.70 7.57 7.57 
2016/07/29 7.67 7.78 7.67 7.71 
2016/08/01 7.78 7.78 7.53 7.53 
2016/08/02 7.53 7.75 7.51 7.52 
2016/08/03 7.51 7.64 7.46 7.56 
2016/08/04 7.62 7.64 7.44 7.60 
2016/08/05 7.50 7.66 7.47 7.51 
2016/08/08 7.52 7.67 7.50 7.58 
2016/08/09 7.52 7.60 7.45 7.58 
2016/08/10 7.50 7.59 7.48 7.58 
2016/08/11 7.70 7.77 7.40 7.55 
2016/08/12 7.53 7.62 7.50 7.58 
2016/08/15 7.60 7.60 7.23 7.35 
2016/08/16 7.36 7.37 7.11 7.15 
2016/08/17 7.12 7.25 7.10 7.12 
2016/08/18 7.16 7.27 7.11 7.17 
2016/08/19 7.17 7.19 7.07 7.14 
2016/08/22 7.09 7.13 7.04 7.10 
2016/08/23 7.12 7.12 7.00 7.07 
2016/08/24 7.09 7.09 6.87 6.93 
2016/08/25 6.93 6.93 6.71 6.82 
2016/08/26 6.81 6.84 6.80 6.84 
2016/08/29 6.80 6.90 6.80 6.90 
2016/08/30 6.90 7.06 6.90 7.02 
2016/08/31 7.05 7.12 7.02 7.10 
2016/09/01 7.11 7.12 7.11 7.12 
2016/09/02 7.14 7.14 7.04 7.12 
2016/09/05 7.12 7.12 7.00 7.10 
2016/09/06 7.09 7.10 6.96 7.05 
2016/09/07 7.04 7.04 6.89 6.90 
2016/09/08 7.00 7.08 6.87 7.06 
2016/09/09 7.05 7.14 7.00 7.07 
2016/09/10 7.00 7.06 6.94 7.03 
2016/09/12 7.04 7.04 6.94 6.96 
2016/09/13 7.00 7.00 6.87 6.97 
2016/09/14 6.98 6.98 6.81 6.90 
2016/09/19 6.80 6.90 6.80 6.86 
2016/09/20 6.80 6.88 6.80 6.87 
2016/09/21 6.88 6.88 6.84 6.85 
2016/09/22 6.82 6.92 6.82 6.90 
2016/09/23 6.92 6.92 6.85 6.90 
2016/09/26 6.90 6.95 6.87 6.94 
2016/09/29 6.94 6.96 6.87 6.89 
2016/09/30 6.98 6.98 6.90 6.92 
2016/10/03 6.96 6.96 6.88 6.95 
2016/10/04 6.95 6.97 6.87 6.97 
2016/10/05 6.92 6.94 6.92 6.94 
2016/10/06 6.96 7.37 6.96 7.05 
2016/10/07 7.05 7.05 6.96 7.03 
2016/10/11 7.03 7.14 6.94 6.99 
2016/10/12 7.02 7.37 7.02 7.02 
2016/10/13 7.10 7.13 6.97 7.08 
2016/10/14 7.09 7.18 7.00 7.09 
2016/10/17 7.09 7.15 7.02 7.09 
2016/10/18 7.01 7.12 7.00 7.09 
2016/10/19 7.09 7.12 7.03 7.10 
2016/10/20 7.08 7.20 7.06 7.12 
2016/10/21 7.15 7.24 7.07 7.17 
2016/10/24 7.17 7.20 7.09 7.17 
2016/10/25 7.18 7.25 7.13 7.20 
2016/10/26 7.20 7.29 7.16 7.20 
2016/10/27 7.25 7.38 7.20 7.31 
2016/10/28 7.37 7.37 7.26 7.31 
2016/10/31 7.34 7.50 7.25 7.32 
2016/11/01 7.31 7.49 7.30 7.38 
2016/11/02 7.38 7.50 7.30 7.45 
2016/11/03 7.47 7.48 7.28 7.28 
2016/11/04 7.36 7.36 7.27 7.33 
2016/11/07 7.38 7.44 7.33 7.40 
2016/11/08 7.45 7.70 7.40 7.52 
2016/11/09 7.55 7.67 7.45 7.52 
2016/11/10 7.64 8.27 7.64 8.17 
2016/11/11 8.23 8.62 8.12 8.42 
2016/11/14 8.42 8.48 8.19 8.44 
2016/11/15 8.40 8.95 8.32 8.77 
2016/11/16 8.82 8.82 8.56 8.77 
2016/11/17 8.75 8.85 8.66 8.72 
2016/11/18 8.73 8.79 8.57 8.73 
2016/11/21 8.67 8.76 8.54 8.75 
2016/11/22 8.78 8.90 8.64 8.64 
2016/11/23 8.69 9.24 8.69 8.84 
2016/11/24 8.84 8.94 8.84 8.92 
2016/11/25 8.92 8.94 8.75 8.84 
2016/11/28 8.80 8.97 8.80 8.81 
2016/11/29 8.80 8.96 8.72 8.90 
2016/11/30 8.83 8.93 8.71 8.88 
2016/12/01 8.80 8.89 8.80 8.84 
2016/12/02 8.90 8.90 8.75 8.80 
2016/12/05 8.81 8.90 8.80 8.84 
2016/12/06 8.89 9.40 8.89 9.12 
2016/12/07 9.14 9.21 9.13 9.13 
2016/12/08 9.11 9.18 9.11 9.12 
2016/12/09 9.10 9.16 9.10 9.12 
2016/12/12 9.15 9.30 9.12 9.13 
2016/12/13 9.20 9.24 9.12 9.15 
2016/12/14 9.20 9.20 9.13 9.13 
2016/12/15 9.14 9.19 9.13 9.13 
2016/12/16 9.14 9.23 9.13 9.16 
2016/12/19 9.20 9.22 9.16 9.16 
2016/12/20 9.20 9.28 9.14 9.20 
2016/12/21 9.21 9.35 9.20 9.29 
2016/12/22 9.27 10.20 9.27 10.20 
2016/12/23 10.55 10.65 9.51 9.62 
2016/12/26 9.50 9.73 9.47 9.52 
2016/12/27 9.43 9.58 9.43 9.51 
2016/12/28 9.50 9.56 9.47 9.50 
2016/12/29 9.51 9.59 9.51 9.53 
2016/12/30 9.55 9.59 9.54 9.54 
2017/01/03 9.56 10.05 9.56 9.92 
2017/01/04 9.92 10.15 9.92 9.96 
2017/01/05 10.00 10.15 9.97 10.00 
2017/01/06 10.00 10.50 10.00 10.35 
2017/01/09 10.35 10.90 10.35 10.75 
2017/01/10 10.90 11.20 10.60 10.75 
2017/01/11 10.80 11.10 10.75 11.00 
2017/01/12 11.20 11.25 10.80 10.85 
2017/01/13 10.80 10.85 10.45 10.50 
2017/01/16 10.75 10.75 10.45 10.60 
2017/01/17 10.65 10.80 10.50 10.50 
2017/01/18 10.50 10.55 10.40 10.45 
2017/01/19 10.50 10.55 10.45 10.50 
2017/01/20 10.50 10.50 10.00 10.00 
2017/01/23 10.25 10.25 9.86 10.10 
2017/01/24 10.10 10.30 10.05 10.15 
2017/02/02 10.40 10.50 10.10 10.30 
2017/02/03 10.30 10.65 10.30 10.40 
2017/02/06 10.50 11.10 10.50 10.85 
2017/02/07 10.75 11.00 10.75 10.95 
2017/02/08 10.85 11.15 10.85 11.00 
