2016/07/01 23.65 23.70 23.35 23.70 
2016/07/04 23.45 23.70 23.40 23.70 
2016/07/05 23.60 23.60 23.40 23.60 
2016/07/06 23.50 23.50 23.50 23.50 
2016/07/07 23.50 23.50 23.40 23.40 
2016/07/11 23.45 23.65 23.40 23.65 
2016/07/12 23.45 23.65 23.40 23.65 
2016/07/14 23.65 23.70 23.65 23.70 
2016/07/15 23.50 23.70 23.50 23.70 
2016/07/18 23.75 23.75 23.55 23.70 
2016/07/19 23.50 23.75 23.50 23.75 
2016/07/20 23.55 23.55 23.50 23.50 
2016/07/21 23.80 23.80 23.60 23.60 
2016/07/22 23.90 24.00 23.60 23.95 
2016/07/25 24.30 24.30 24.10 24.10 
2016/07/26 24.30 24.40 24.20 24.20 
2016/07/27 24.20 24.70 24.20 24.60 
2016/07/28 25.00 25.75 24.70 25.75 
2016/07/29 25.55 26.60 25.55 26.50 
2016/08/01 26.00 26.50 26.00 26.50 
2016/08/02 26.50 26.50 26.25 26.50 
2016/08/03 26.20 26.40 26.15 26.40 
2016/08/04 26.00 26.40 26.00 26.40 
2016/08/05 26.15 26.40 26.00 26.40 
2016/08/08 26.40 26.40 26.35 26.40 
2016/08/09 26.40 26.50 26.40 26.50 
2016/08/10 26.50 26.50 26.20 26.50 
2016/08/11 26.70 26.70 26.10 26.10 
2016/08/12 26.65 27.35 26.55 26.60 
2016/08/15 27.20 27.20 26.60 26.60 
2016/08/16 26.60 26.60 26.25 26.60 
2016/08/17 26.60 26.70 26.60 26.70 
2016/08/18 26.60 26.75 26.60 26.70 
2016/08/19 26.75 26.90 26.35 26.75 
2016/08/22 26.50 26.50 26.30 26.30 
2016/08/23 26.30 26.50 26.30 26.50 
2016/08/24 26.50 26.50 25.85 25.90 
2016/08/25 26.35 26.35 24.80 25.70 
2016/08/26 25.65 26.10 25.60 25.90 
2016/08/29 25.90 25.90 25.40 25.90 
2016/08/30 25.90 25.90 25.50 25.85 
2016/08/31 25.70 25.90 25.70 25.90 
2016/09/01 25.90 26.00 25.90 26.00 
2016/09/02 25.70 25.90 25.70 25.90 
2016/09/05 26.90 26.90 25.70 26.20 
2016/09/06 25.90 26.30 25.60 26.00 
2016/09/07 26.20 26.20 25.70 25.95 
2016/09/08 25.55 26.00 25.55 26.00 
2016/09/09 26.00 26.10 25.85 26.10 
2016/09/10 25.55 26.10 25.55 26.10 
2016/09/12 25.80 26.10 25.75 26.10 
2016/09/13 25.80 25.90 25.70 25.90 
2016/09/14 25.60 26.10 25.60 26.10 
2016/09/19 26.00 26.00 26.00 26.00 
2016/09/20 26.00 26.10 26.00 26.10 
2016/09/21 26.00 26.20 26.00 26.20 
2016/09/22 25.85 26.20 25.85 26.10 
2016/09/23 26.00 26.20 26.00 26.20 
2016/09/26 26.45 26.45 26.45 26.45 
2016/09/29 26.00 26.35 26.00 26.35 
2016/09/30 25.95 26.30 25.85 26.05 
2016/10/03 26.00 26.15 26.00 26.15 
2016/10/04 26.00 26.10 25.75 26.10 
2016/10/05 26.35 26.55 26.00 26.20 
2016/10/06 26.20 26.30 26.05 26.30 
2016/10/07 26.20 26.20 26.20 26.20 
2016/10/11 26.20 26.40 26.10 26.30 
2016/10/12 26.00 26.15 26.00 26.15 
2016/10/13 26.00 26.15 25.80 26.15 
2016/10/14 25.60 26.15 25.60 26.15 
2016/10/17 26.10 26.10 26.10 26.10 
2016/10/18 26.10 26.10 25.95 25.95 
2016/10/19 26.00 26.15 26.00 26.15 
2016/10/20 26.20 26.20 25.90 26.05 
2016/10/21 26.30 27.30 26.25 27.25 
2016/10/24 26.75 27.00 26.50 27.00 
2016/10/25 26.55 26.95 26.50 26.90 
2016/10/26 26.90 26.90 26.50 26.70 
2016/10/27 26.75 26.75 26.35 26.65 
2016/10/28 26.45 26.75 26.45 26.65 
2016/10/31 26.60 26.75 26.60 26.70 
2016/11/01 26.55 26.75 26.55 26.70 
2016/11/02 27.00 27.00 26.65 26.95 
2016/11/03 26.55 26.90 26.55 26.90 
2016/11/04 26.90 26.90 26.65 26.90 
2016/11/07 27.00 27.25 27.00 27.00 
2016/11/08 27.20 27.20 27.10 27.10 
2016/11/09 27.10 27.10 26.50 27.00 
2016/11/10 27.15 27.50 27.10 27.50 
2016/11/11 28.00 29.10 27.60 29.00 
2016/11/14 29.70 31.90 29.70 31.75 
2016/11/15 32.30 32.80 31.40 31.40 
2016/11/16 31.60 32.00 30.00 30.10 
2016/11/17 30.30 30.90 29.80 30.00 
2016/11/18 30.10 30.30 29.05 29.05 
2016/11/21 29.20 29.80 29.20 29.35 
2016/11/22 29.70 30.35 29.70 30.30 
2016/11/23 30.50 31.75 30.40 30.40 
2016/11/24 30.70 30.70 29.65 29.70 
2016/11/25 30.00 30.75 29.70 30.50 
2016/11/28 31.00 32.00 30.65 31.30 
2016/11/29 31.30 31.50 31.00 31.45 
2016/11/30 31.40 31.60 30.80 31.60 
2016/12/01 31.50 31.50 31.10 31.10 
2016/12/02 31.10 31.20 30.20 31.20 
2016/12/05 31.00 31.15 30.25 30.25 
2016/12/06 30.60 30.95 30.20 30.35 
2016/12/07 30.45 30.45 29.30 29.55 
2016/12/08 29.60 30.05 29.45 29.70 
2016/12/09 29.70 30.35 29.70 30.05 
2016/12/12 31.50 33.05 31.40 33.05 
2016/12/13 33.05 35.20 32.65 34.30 
2016/12/14 34.70 34.70 33.80 33.95 
2016/12/15 33.85 34.80 33.45 34.50 
2016/12/16 34.70 34.70 33.20 33.20 
2016/12/19 33.00 33.80 33.00 33.40 
2016/12/20 33.15 35.05 33.10 34.55 
2016/12/21 34.55 35.00 34.40 34.70 
2016/12/22 34.90 37.50 34.90 37.10 
2016/12/23 37.50 37.55 35.30 35.30 
2016/12/26 35.50 35.50 33.50 34.15 
2016/12/27 34.30 34.45 33.60 33.60 
2016/12/28 33.65 34.30 33.65 33.85 
2016/12/29 33.90 33.90 33.00 33.40 
2016/12/30 33.40 33.80 33.20 33.50 
2017/01/03 33.60 33.65 32.90 33.50 
2017/01/04 34.40 34.40 33.70 33.90 
2017/01/05 33.90 34.25 33.50 33.70 
2017/01/06 33.80 33.85 33.50 33.75 
2017/01/09 34.35 34.35 33.50 33.75 
2017/01/10 34.60 35.00 34.30 34.75 
2017/01/11 35.00 35.00 34.20 34.20 
2017/01/12 34.20 34.20 33.45 33.50 
2017/01/13 33.30 33.50 32.90 32.90 
2017/01/16 33.00 33.15 32.80 32.80 
2017/01/17 32.90 33.10 32.55 32.90 
2017/01/18 33.00 33.10 32.70 33.10 
2017/01/19 33.80 33.80 32.80 33.00 
2017/01/20 33.00 33.45 33.00 33.05 
2017/01/23 33.30 33.50 33.10 33.30 
2017/01/24 33.40 33.40 32.60 33.10 
2017/02/02 33.30 33.30 32.90 33.10 
2017/02/03 33.70 34.45 33.70 34.25 
2017/02/06 34.50 34.50 33.30 33.35 
2017/02/07 33.30 33.60 33.20 33.35 
2017/02/08 33.50 33.95 32.80 32.90 
