2016/07/01 14.30 14.30 14.15 14.30 
2016/07/04 14.20 14.25 14.20 14.20 
2016/07/05 14.20 14.20 14.05 14.10 
2016/07/06 14.10 14.10 14.00 14.00 
2016/07/07 14.00 14.20 14.00 14.00 
2016/07/11 14.00 14.10 13.95 14.00 
2016/07/12 13.50 13.60 13.35 13.55 
2016/07/13 13.60 13.65 13.50 13.65 
2016/07/14 13.60 13.65 13.55 13.65 
2016/07/15 13.65 13.65 13.65 13.65 
2016/07/18 13.65 13.70 13.65 13.70 
2016/07/19 13.70 13.75 13.60 13.75 
2016/07/20 13.70 13.70 13.60 13.70 
2016/07/21 13.70 13.75 13.55 13.75 
2016/07/22 13.70 13.75 13.70 13.75 
2016/07/25 13.75 13.75 13.65 13.75 
2016/07/26 13.70 13.80 13.60 13.80 
2016/07/27 13.75 13.80 13.60 13.65 
2016/07/28 13.70 13.70 13.50 13.70 
2016/07/29 13.65 13.70 13.50 13.50 
2016/08/01 13.60 13.60 13.60 13.60 
2016/08/02 13.60 13.60 13.45 13.60 
2016/08/03 13.55 13.55 13.50 13.50 
2016/08/04 13.60 13.60 13.55 13.60 
2016/08/05 13.60 13.65 13.60 13.65 
2016/08/08 13.65 13.65 13.65 13.65 
2016/08/09 13.65 13.65 13.65 13.65 
2016/08/10 13.65 13.65 13.50 13.60 
2016/08/11 13.60 13.60 13.55 13.60 
2016/08/12 13.60 14.10 13.60 14.10 
2016/08/15 14.10 14.10 14.00 14.00 
2016/08/16 14.00 14.00 14.00 14.00 
2016/08/17 14.00 14.00 13.95 14.00 
2016/08/18 14.00 14.00 13.85 13.85 
2016/08/19 13.90 13.90 13.85 13.90 
2016/08/22 13.95 13.95 13.90 13.95 
2016/08/23 13.95 14.00 13.80 14.00 
2016/08/24 14.00 14.00 13.85 14.00 
2016/08/25 14.00 14.00 13.85 14.00 
2016/08/26 14.00 14.00 13.95 14.00 
2016/08/29 13.95 13.95 13.85 13.90 
2016/08/30 13.90 13.95 13.65 13.95 
2016/08/31 13.95 14.00 13.90 14.00 
2016/09/01 14.00 14.00 14.00 14.00 
2016/09/02 14.00 14.00 13.95 13.95 
2016/09/05 14.00 14.00 13.90 14.00 
2016/09/06 13.95 14.00 13.95 14.00 
2016/09/07 14.00 14.00 14.00 14.00 
2016/09/08 13.95 13.95 13.85 13.95 
2016/09/09 13.95 13.95 13.85 13.90 
2016/09/10 13.90 13.95 13.85 13.95 
2016/09/12 13.95 13.95 13.85 13.95 
2016/09/13 13.90 13.95 13.85 13.90 
2016/09/14 13.90 13.90 13.90 13.90 
2016/09/19 13.95 13.95 13.90 13.95 
2016/09/20 13.90 13.95 13.90 13.95 
2016/09/21 13.95 13.95 13.95 13.95 
2016/09/22 13.90 13.90 13.80 13.90 
2016/09/23 13.90 13.95 13.85 13.95 
2016/09/26 13.90 13.90 13.85 13.90 
2016/09/29 13.90 14.00 13.90 14.00 
2016/09/30 13.90 14.00 13.90 14.00 
2016/10/03 13.95 14.00 13.85 14.00 
2016/10/04 13.95 14.05 13.95 14.05 
2016/10/05 13.95 13.95 13.95 13.95 
2016/10/06 13.95 14.00 13.85 14.00 
2016/10/07 13.95 13.95 13.80 13.95 
2016/10/11 13.95 13.95 13.80 13.95 
2016/10/12 13.90 13.90 13.75 13.90 
2016/10/13 13.75 13.90 13.75 13.90 
2016/10/14 13.85 13.90 13.75 13.90 
2016/10/17 13.80 13.90 13.80 13.90 
2016/10/18 13.80 13.95 13.80 13.95 
2016/10/19 13.80 14.00 13.80 14.00 
2016/10/20 13.85 13.95 13.85 13.95 
2016/10/21 13.90 14.05 13.90 14.05 
2016/10/24 13.90 14.00 13.90 14.00 
2016/10/25 13.90 13.95 13.90 13.95 
2016/10/26 13.85 13.95 13.85 13.95 
2016/10/27 13.90 13.90 13.90 13.90 
2016/10/28 13.90 13.90 13.90 13.90 
2016/10/31 13.90 13.90 13.80 13.80 
2016/11/01 13.85 13.95 13.85 13.95 
2016/11/02 13.90 13.90 13.90 13.90 
2016/11/03 13.90 13.90 13.75 13.90 
2016/11/04 13.85 13.90 13.85 13.90 
2016/11/07 13.90 13.90 13.90 13.90 
2016/11/08 13.90 13.90 13.85 13.90 
2016/11/09 13.95 13.95 13.75 13.90 
2016/11/10 13.95 14.05 13.90 14.05 
2016/11/11 14.05 14.05 13.90 13.90 
2016/11/14 13.95 13.95 13.85 13.90 
2016/11/15 13.95 13.95 13.90 13.90 
2016/11/16 13.90 13.95 13.90 13.95 
2016/11/17 13.95 13.95 13.95 13.95 
2016/11/18 13.95 13.95 13.95 13.95 
2016/11/21 13.95 13.95 13.90 13.90 
2016/11/22 13.90 13.95 13.75 13.95 
2016/11/23 13.95 13.95 13.95 13.95 
2016/11/24 13.95 13.95 13.95 13.95 
2016/11/25 13.95 13.95 13.95 13.95 
2016/11/28 13.95 14.00 13.95 13.95 
2016/11/29 13.80 13.95 13.80 13.95 
2016/11/30 13.95 13.95 13.75 13.95 
2016/12/01 13.90 13.90 13.90 13.90 
2016/12/02 13.90 13.95 13.90 13.95 
2016/12/05 13.95 13.95 13.90 13.90 
2016/12/06 13.95 13.95 13.95 13.95 
2016/12/07 13.90 14.00 13.90 14.00 
2016/12/08 14.00 14.00 13.95 14.00 
2016/12/09 14.00 14.00 14.00 14.00 
2016/12/12 14.00 14.05 14.00 14.00 
2016/12/13 13.95 14.30 13.95 14.10 
2016/12/14 14.20 14.25 14.10 14.15 
2016/12/15 14.10 14.30 14.05 14.30 
2016/12/16 14.25 14.25 14.10 14.25 
2016/12/19 14.15 14.15 14.00 14.10 
2016/12/20 14.05 14.05 14.05 14.05 
2016/12/21 14.05 14.10 14.05 14.10 
2016/12/22 14.10 14.10 13.95 14.10 
2016/12/23 13.90 14.00 13.80 14.00 
2016/12/26 14.00 14.00 13.80 13.95 
2016/12/27 13.95 13.95 13.95 13.95 
2016/12/28 13.85 14.00 13.85 14.00 
2016/12/29 13.95 13.95 13.90 13.95 
2016/12/30 14.00 14.00 13.80 14.00 
2017/01/03 14.00 14.05 13.90 14.05 
2017/01/04 14.05 14.05 13.95 14.00 
2017/01/05 14.00 14.00 13.85 14.00 
2017/01/06 14.00 14.00 13.90 14.00 
2017/01/09 13.95 14.00 13.95 14.00 
2017/01/10 13.95 13.95 13.85 13.95 
2017/01/11 14.00 14.05 14.00 14.05 
2017/01/12 14.85 15.30 14.05 14.45 
2017/01/13 14.45 14.45 14.20 14.45 
2017/01/16 14.45 14.50 14.30 14.50 
2017/01/17 14.50 14.65 14.35 14.65 
2017/01/18 14.65 14.65 14.50 14.55 
2017/01/19 14.55 14.60 14.50 14.60 
2017/01/20 14.60 14.60 14.40 14.55 
2017/01/23 14.55 14.60 14.55 14.60 
2017/01/24 14.60 14.60 14.40 14.40 
2017/02/02 14.40 14.50 14.30 14.35 
2017/02/03 14.35 14.45 14.30 14.30 
2017/02/06 14.50 14.60 14.40 14.50 
2017/02/07 14.50 14.50 14.30 14.50 
2017/02/08 14.50 14.50 14.45 14.50 
