2016/07/01 12.55 12.55 12.45 12.50 
2016/07/04 12.50 12.50 12.50 12.50 
2016/07/05 12.55 12.60 12.55 12.60 
2016/07/06 12.50 12.75 12.50 12.75 
2016/07/11 12.50 12.50 12.45 12.45 
2016/07/12 12.45 12.70 12.45 12.70 
2016/07/13 12.40 12.70 12.40 12.70 
2016/07/14 12.45 12.65 12.45 12.65 
2016/07/15 12.55 12.60 12.50 12.60 
2016/07/18 12.25 12.65 12.25 12.65 
2016/07/19 12.50 12.50 12.45 12.45 
2016/07/20 12.45 12.50 12.25 12.25 
2016/07/21 12.35 12.70 12.35 12.55 
2016/07/22 12.55 12.80 12.55 12.80 
2016/07/25 12.80 12.80 12.65 12.65 
2016/07/26 12.55 12.55 12.55 12.55 
2016/07/27 12.55 12.75 12.50 12.75 
2016/07/28 12.70 12.80 12.70 12.80 
2016/08/01 12.75 12.75 12.60 12.60 
2016/08/02 12.60 12.95 12.60 12.90 
2016/08/03 12.80 14.15 12.80 14.15 
2016/08/04 14.50 14.65 13.90 14.10 
2016/08/05 14.10 14.35 14.05 14.10 
2016/08/08 14.10 14.15 13.75 13.75 
2016/08/09 13.75 14.00 13.70 13.80 
2016/08/10 13.80 14.00 13.70 13.80 
2016/08/11 13.85 14.00 13.75 13.75 
2016/08/12 13.75 13.85 13.65 13.70 
2016/08/15 13.55 13.65 13.40 13.60 
2016/08/16 13.50 14.25 13.30 14.00 
2016/08/17 14.00 14.10 13.35 13.65 
2016/08/18 13.65 13.90 13.35 13.80 
2016/08/19 13.95 14.00 13.80 14.00 
2016/08/22 14.00 14.00 13.60 13.90 
2016/08/23 13.95 13.95 13.55 13.70 
2016/08/24 13.80 14.00 13.45 13.80 
2016/08/25 13.50 13.50 12.70 12.90 
2016/08/26 12.90 13.40 12.90 13.25 
2016/08/29 13.20 13.30 12.95 13.20 
2016/08/30 13.15 13.25 13.00 13.20 
2016/08/31 13.15 13.40 13.05 13.35 
2016/09/01 13.55 13.70 13.20 13.35 
2016/09/02 13.25 13.50 13.25 13.50 
2016/09/05 13.60 13.60 13.50 13.50 
2016/09/06 13.55 13.90 13.50 13.90 
2016/09/07 13.95 14.45 13.95 14.30 
2016/09/08 14.45 15.70 14.45 15.70 
2016/09/09 15.50 15.95 15.35 15.75 
2016/09/10 15.40 15.70 15.40 15.45 
2016/09/12 15.55 15.80 15.50 15.75 
2016/09/13 15.80 15.95 15.75 15.80 
2016/09/14 15.80 15.80 15.60 15.80 
2016/09/19 15.90 17.00 15.90 17.00 
2016/09/20 17.15 17.15 16.75 16.90 
2016/09/21 16.95 17.20 16.95 17.15 
2016/09/22 17.40 17.40 16.95 17.10 
2016/09/23 17.00 17.20 17.00 17.20 
2016/09/26 17.00 17.30 17.00 17.05 
2016/09/29 17.10 17.40 17.05 17.40 
2016/09/30 17.40 17.85 17.35 17.85 
2016/10/03 18.20 19.60 18.20 19.60 
2016/10/04 21.55 21.55 19.25 20.25 
2016/10/05 20.55 21.00 20.00 20.70 
2016/10/06 20.80 22.75 20.80 22.70 
2016/10/07 22.40 23.10 22.20 22.40 
2016/10/11 22.50 23.05 21.65 22.20 
2016/10/12 22.05 24.40 22.05 24.40 
2016/10/13 24.10 24.90 23.50 23.60 
2016/10/14 23.45 24.20 22.90 24.20 
2016/10/17 24.20 24.55 23.70 24.15 
2016/10/18 24.50 25.70 23.90 25.40 
2016/10/19 25.45 25.85 25.10 25.40 
2016/10/20 25.15 25.70 25.15 25.45 
2016/10/21 25.30 26.45 25.30 26.05 
2016/10/24 26.10 26.95 25.90 26.90 
2016/10/25 26.80 29.50 26.80 29.00 
2016/10/26 29.55 31.40 29.15 31.20 
2016/10/27 31.40 32.55 29.80 30.00 
2016/10/28 29.50 29.80 27.00 29.70 
2016/10/31 29.15 30.25 29.15 29.95 
2016/11/01 29.95 30.45 29.30 29.30 
2016/11/02 29.20 29.70 28.65 28.90 
2016/11/03 28.90 29.80 28.20 29.55 
2016/11/04 29.55 30.10 29.00 29.00 
2016/11/07 29.00 29.20 28.55 28.70 
2016/11/08 28.80 31.25 28.05 31.05 
2016/11/09 31.50 32.40 31.10 31.30 
2016/11/10 31.80 34.40 31.80 34.40 
2016/11/11 34.00 34.20 33.00 34.00 
2016/11/14 34.15 37.20 34.15 36.85 
2016/11/15 38.40 39.70 36.60 39.70 
2016/11/16 39.45 41.95 38.35 41.60 
2016/11/17 41.00 42.95 40.30 41.60 
2016/11/18 40.50 45.75 40.50 45.75 
2016/11/21 50.20 50.20 41.45 49.50 
2016/11/22 48.80 51.50 47.00 47.00 
2016/11/23 45.00 48.70 45.00 46.00 
2016/11/24 46.35 47.20 42.95 42.95 
2016/11/25 42.90 42.90 38.70 38.70 
2016/11/28 37.30 40.00 37.30 39.00 
2016/11/29 39.80 41.50 39.30 41.00 
2016/11/30 41.95 41.95 39.50 40.00 
2016/12/01 40.10 44.00 40.00 43.90 
2016/12/02 44.00 45.50 39.85 39.85 
2016/12/05 41.05 42.70 40.60 42.70 
2016/12/06 42.70 44.45 41.60 42.50 
2016/12/07 42.50 44.30 41.80 44.00 
2016/12/08 46.00 46.20 44.00 44.00 
2016/12/09 44.10 44.80 42.65 43.10 
2016/12/12 43.60 43.90 41.30 41.30 
2016/12/13 41.55 41.90 38.50 39.90 
2016/12/14 40.70 43.20 40.10 42.75 
2016/12/15 42.60 43.55 40.80 41.60 
2016/12/16 41.55 41.90 40.50 40.50 
2016/12/19 40.40 40.95 38.50 38.65 
2016/12/20 39.00 40.00 34.80 35.00 
2016/12/21 35.50 35.50 31.50 31.50 
2016/12/22 29.90 34.20 28.60 33.00 
2016/12/23 33.00 34.35 31.10 32.00 
2016/12/26 31.50 32.20 30.20 30.45 
2016/12/27 29.25 30.45 29.10 29.30 
2016/12/28 30.00 31.30 29.70 29.95 
2016/12/29 30.15 30.75 30.00 30.55 
2016/12/30 30.55 31.95 30.55 30.70 
2017/01/03 31.45 32.20 31.20 31.25 
2017/01/04 31.80 31.95 31.10 31.20 
2017/01/05 31.25 31.45 30.30 30.40 
2017/01/06 30.40 30.80 29.50 30.80 
2017/01/09 31.45 31.90 30.50 30.50 
2017/01/10 30.40 31.00 29.60 30.05 
2017/01/11 30.05 30.20 29.70 29.90 
2017/01/12 30.00 30.50 29.70 29.85 
2017/01/13 29.80 29.80 28.35 28.40 
2017/01/16 28.10 28.10 25.60 25.60 
2017/01/17 24.00 24.30 23.05 23.05 
2017/01/18 21.10 22.30 20.75 20.90 
2017/01/19 21.50 22.35 21.25 21.40 
2017/01/20 21.70 21.90 20.55 21.00 
2017/01/23 21.05 21.05 18.90 18.90 
2017/01/24 19.30 20.75 19.30 19.95 
2017/02/02 20.00 20.00 18.20 18.40 
2017/02/03 18.90 19.20 18.50 19.10 
2017/02/06 19.70 19.80 19.30 19.30 
2017/02/07 19.50 19.50 18.80 18.90 
2017/02/08 19.20 19.20 18.80 19.00 
