2016/07/01 20.10 20.20 19.90 19.95 
2016/07/04 19.95 20.10 19.95 20.00 
2016/07/05 20.10 20.10 19.85 19.85 
2016/07/06 19.75 19.75 19.65 19.65 
2016/07/07 19.70 19.75 19.60 19.75 
2016/07/11 19.85 20.25 19.85 19.90 
2016/07/12 20.05 20.35 20.05 20.10 
2016/07/13 20.20 20.20 19.90 19.95 
2016/07/14 20.00 20.05 19.85 20.00 
2016/07/15 20.05 20.70 20.05 20.30 
2016/07/18 20.50 20.50 20.25 20.30 
2016/07/19 20.45 20.55 20.35 20.35 
2016/07/20 20.40 20.50 20.35 20.45 
2016/07/21 20.55 22.45 20.45 22.45 
2016/07/22 22.20 23.70 22.10 22.50 
2016/07/25 22.50 22.70 21.95 22.10 
2016/07/26 21.95 22.25 21.95 22.00 
2016/07/27 22.30 22.50 21.95 21.95 
2016/07/28 21.70 22.15 21.60 21.60 
2016/07/29 21.50 21.65 21.50 21.65 
2016/08/01 21.65 22.35 21.65 22.05 
2016/08/02 22.10 22.15 21.95 22.00 
2016/08/03 21.85 24.20 21.85 24.20 
2016/08/04 24.40 24.75 23.20 24.75 
2016/08/05 24.75 26.30 24.40 25.40 
2016/08/08 25.00 26.40 24.25 24.25 
2016/08/09 24.20 24.55 23.80 23.80 
2016/08/10 23.85 24.60 23.70 23.80 
2016/08/11 23.60 23.75 22.30 22.35 
2016/08/12 22.80 23.25 22.65 22.85 
2016/08/15 22.60 22.70 22.50 22.50 
2016/08/16 23.00 23.00 22.55 22.65 
2016/08/17 22.85 22.85 22.45 22.45 
2016/08/18 22.60 23.20 22.45 23.05 
2016/08/19 23.05 23.05 22.60 22.60 
2016/08/22 22.60 22.60 22.05 22.05 
2016/08/23 21.95 22.00 21.65 21.70 
2016/08/24 21.75 22.35 21.75 22.05 
2016/08/25 22.15 22.45 21.95 22.40 
2016/08/26 22.40 22.60 22.20 22.35 
2016/08/29 22.20 22.35 22.00 22.35 
2016/08/30 22.30 22.60 22.30 22.45 
2016/08/31 22.40 22.40 22.10 22.10 
2016/09/01 22.05 22.10 21.70 21.85 
2016/09/02 21.70 21.95 21.35 21.40 
2016/09/05 21.50 21.75 21.40 21.40 
2016/09/06 21.60 21.70 21.45 21.45 
2016/09/07 21.60 21.80 21.50 21.55 
2016/09/08 22.00 22.35 21.65 21.85 
2016/09/09 22.10 22.10 21.75 21.95 
2016/09/10 21.75 21.75 21.30 21.50 
2016/09/12 21.60 21.70 21.35 21.40 
2016/09/13 21.60 21.60 21.20 21.20 
2016/09/14 21.20 21.50 21.15 21.15 
2016/09/19 21.30 21.30 21.00 21.10 
2016/09/20 21.25 21.25 21.00 21.20 
2016/09/21 21.20 21.30 21.20 21.30 
2016/09/22 21.35 23.40 21.35 22.65 
2016/09/23 22.80 23.00 22.30 22.50 
2016/09/26 22.50 22.50 22.20 22.25 
2016/09/29 22.45 22.45 22.00 22.15 
2016/09/30 22.15 22.30 21.90 22.15 
2016/10/03 22.20 22.20 22.00 22.10 
2016/10/04 22.05 22.15 22.00 22.00 
2016/10/05 22.00 22.00 21.70 21.80 
2016/10/06 22.00 23.40 22.00 22.50 
2016/10/07 22.90 22.90 22.35 22.35 
2016/10/11 22.25 22.25 20.85 20.85 
2016/10/12 20.70 21.20 20.40 20.70 
2016/10/13 20.85 21.05 20.75 20.95 
2016/10/14 21.10 21.10 20.35 20.35 
2016/10/17 20.35 20.35 20.00 20.25 
2016/10/18 20.25 20.45 20.25 20.25 
2016/10/19 20.55 20.65 20.50 20.65 
2016/10/20 20.65 20.75 20.35 20.50 
2016/10/21 20.35 20.55 20.35 20.40 
2016/10/24 20.40 20.60 20.30 20.35 
2016/10/25 20.40 20.60 20.40 20.40 
2016/10/26 20.40 20.55 20.30 20.50 
2016/10/27 20.60 20.60 20.20 20.25 
2016/10/28 20.25 20.35 20.20 20.30 
2016/10/31 20.30 20.30 20.00 20.10 
2016/11/01 20.00 20.25 20.00 20.10 
2016/11/02 20.10 20.10 19.85 20.00 
2016/11/03 19.90 19.90 19.45 19.45 
2016/11/04 19.70 19.75 19.50 19.65 
2016/11/07 19.80 19.80 19.45 19.70 
2016/11/08 19.95 19.95 19.70 19.90 
2016/11/09 19.90 19.95 19.00 19.15 
2016/11/10 19.80 20.00 19.50 19.65 
2016/11/11 19.60 19.60 19.30 19.35 
2016/11/14 19.25 19.50 19.20 19.40 
2016/11/15 19.50 19.50 19.40 19.40 
2016/11/16 19.50 19.65 19.45 19.50 
2016/11/17 19.40 19.55 19.40 19.55 
2016/11/18 19.45 19.50 19.30 19.50 
2016/11/21 19.55 19.60 19.45 19.50 
2016/11/22 19.55 19.75 19.50 19.75 
2016/11/23 19.90 20.05 19.70 19.70 
2016/11/24 19.65 19.70 19.65 19.70 
2016/11/25 19.75 19.95 19.55 19.55 
2016/11/28 19.55 19.65 19.50 19.55 
2016/11/29 19.55 19.60 19.50 19.55 
2016/11/30 19.55 20.35 19.55 19.80 
2016/12/01 19.80 20.05 19.80 19.90 
2016/12/02 19.80 20.00 19.75 19.85 
2016/12/05 19.80 19.95 19.80 19.95 
2016/12/06 19.95 20.10 19.90 19.90 
2016/12/07 19.90 19.90 19.70 19.85 
2016/12/08 20.00 20.00 19.80 19.90 
2016/12/09 19.90 20.20 19.90 20.00 
2016/12/12 20.00 20.10 19.80 19.85 
2016/12/13 19.90 19.95 19.85 19.90 
2016/12/14 20.00 20.00 19.70 19.75 
2016/12/15 19.75 19.80 19.75 19.75 
2016/12/16 19.80 20.95 19.75 20.25 
2016/12/19 20.30 20.50 20.05 20.10 
2016/12/20 20.20 20.25 20.00 20.10 
2016/12/21 20.10 20.15 19.95 20.15 
2016/12/22 20.10 20.20 20.00 20.20 
2016/12/23 20.10 20.10 20.00 20.00 
2016/12/26 20.05 20.05 19.75 19.80 
2016/12/27 19.80 19.90 19.70 19.70 
2016/12/28 19.70 19.80 19.70 19.70 
2016/12/29 19.75 19.75 19.70 19.70 
2016/12/30 19.70 19.95 19.70 19.85 
2017/01/03 19.85 19.90 19.80 19.85 
2017/01/04 19.90 20.25 19.90 20.15 
2017/01/05 20.15 20.15 20.00 20.05 
2017/01/06 20.25 20.25 20.00 20.10 
2017/01/09 20.10 20.60 20.00 20.00 
2017/01/10 20.15 20.15 19.95 20.05 
2017/01/11 19.95 20.05 19.95 19.95 
2017/01/12 19.95 20.10 19.95 20.05 
2017/01/13 19.90 19.95 19.90 19.95 
2017/01/16 19.90 20.10 19.80 20.10 
2017/01/17 20.00 20.00 19.90 20.00 
2017/01/18 19.95 20.05 19.90 20.00 
2017/01/19 20.05 20.20 20.00 20.00 
2017/01/20 20.10 20.10 20.00 20.00 
2017/01/23 20.05 20.05 20.00 20.00 
2017/01/24 20.00 20.05 19.90 19.95 
2017/02/02 19.90 20.25 19.90 20.15 
2017/02/03 20.20 20.45 20.00 20.30 
2017/02/06 20.40 21.10 20.40 20.65 
2017/02/07 20.75 20.80 20.65 20.75 
2017/02/08 20.80 21.15 20.75 20.95 
