2016/07/01 36.80 37.30 36.60 36.75 
2016/07/04 37.10 37.10 36.65 36.90 
2016/07/05 36.90 37.05 36.75 36.90 
2016/07/06 36.50 36.55 36.20 36.50 
2016/07/07 36.80 36.80 36.10 36.75 
2016/07/11 36.50 36.70 36.15 36.50 
2016/07/12 36.20 36.40 36.05 36.30 
2016/07/13 36.00 36.00 35.40 36.00 
2016/07/14 36.00 36.00 35.55 36.00 
2016/07/15 36.00 36.10 35.90 36.00 
2016/07/18 36.00 36.10 36.00 36.00 
2016/07/19 36.00 36.10 35.55 35.95 
2016/07/20 35.95 36.00 35.55 35.95 
2016/07/21 35.70 36.20 35.60 36.05 
2016/07/22 36.05 36.20 35.90 36.00 
2016/07/25 36.00 36.00 35.65 35.70 
2016/07/26 35.55 36.00 35.50 36.00 
2016/07/27 35.60 35.80 35.50 35.80 
2016/07/28 35.60 35.60 35.00 35.50 
2016/07/29 35.50 35.50 34.80 35.00 
2016/08/01 35.00 35.00 34.10 34.45 
2016/08/02 34.60 34.60 34.15 34.15 
2016/08/03 34.10 34.10 33.50 33.70 
2016/08/04 33.70 33.70 33.10 33.40 
2016/08/05 33.40 33.50 33.05 33.35 
2016/08/08 33.35 36.50 33.35 35.55 
2016/08/09 35.85 35.85 34.70 34.70 
2016/08/10 34.50 34.80 34.10 34.35 
2016/08/11 34.35 34.35 33.30 33.50 
2016/08/12 33.50 33.75 33.20 33.50 
2016/08/15 31.80 32.80 31.70 32.60 
2016/08/16 32.40 32.60 32.05 32.60 
2016/08/17 32.60 32.60 32.00 32.45 
2016/08/18 32.00 32.45 32.00 32.25 
2016/08/19 32.25 32.25 31.75 31.80 
2016/08/22 31.80 31.85 31.20 31.85 
2016/08/23 31.95 31.95 31.65 31.65 
2016/08/24 31.65 31.95 31.35 31.45 
2016/08/25 32.15 32.15 31.50 31.65 
2016/08/26 31.65 31.65 31.40 31.45 
2016/08/29 31.20 31.50 31.20 31.45 
2016/08/30 31.45 31.90 31.25 31.90 
2016/08/31 31.60 31.90 31.50 31.60 
2016/09/01 31.30 31.50 31.30 31.35 
2016/09/02 31.35 32.90 31.35 31.70 
2016/09/05 32.60 34.85 32.30 34.85 
2016/09/06 36.90 38.30 36.00 38.00 
2016/09/07 37.50 38.00 36.50 37.05 
2016/09/08 37.10 37.10 36.50 36.60 
2016/09/09 36.60 37.00 36.10 36.95 
2016/09/10 36.20 37.50 36.00 37.50 
2016/09/12 37.00 37.00 36.55 36.65 
2016/09/13 36.90 36.90 35.25 35.35 
2016/09/14 35.10 35.65 34.20 34.40 
2016/09/19 34.60 35.90 34.60 35.00 
2016/09/20 35.00 35.25 35.00 35.10 
2016/09/21 34.60 35.65 34.60 35.65 
2016/09/22 35.65 35.65 35.20 35.60 
2016/09/23 35.10 35.55 35.00 35.40 
2016/09/26 35.30 35.40 34.80 35.40 
2016/09/29 34.90 35.25 34.50 35.25 
2016/09/30 35.00 35.05 34.90 35.05 
2016/10/03 35.05 35.05 34.25 34.25 
2016/10/04 33.95 34.05 33.95 34.00 
2016/10/05 34.00 34.65 33.55 33.95 
2016/10/06 34.60 35.15 34.15 34.30 
2016/10/07 34.30 34.30 33.55 33.55 
2016/10/11 33.60 33.65 32.25 32.70 
2016/10/12 32.70 33.20 32.40 32.70 
2016/10/13 32.35 33.50 32.35 33.00 
2016/10/14 32.75 33.15 32.50 32.50 
2016/10/17 33.00 33.00 32.55 32.80 
2016/10/18 32.80 33.00 32.55 32.95 
2016/10/19 32.65 33.30 32.65 33.30 
2016/10/20 33.30 33.30 32.80 32.80 
2016/10/21 33.00 33.90 32.70 33.90 
2016/10/24 33.90 33.90 33.20 33.50 
2016/10/25 33.20 33.90 33.20 33.90 
2016/10/26 33.15 33.90 33.15 33.80 
2016/10/27 33.50 33.50 33.40 33.50 
2016/10/28 32.90 33.20 32.90 33.15 
2016/10/31 33.50 33.80 33.15 33.80 
2016/11/01 33.30 33.50 33.15 33.50 
2016/11/02 35.00 35.00 33.20 33.30 
2016/11/03 34.00 34.00 32.20 32.40 
2016/11/04 32.55 32.90 32.10 32.55 
2016/11/07 32.55 32.55 31.25 31.25 
2016/11/08 32.25 32.35 31.40 32.35 
2016/11/09 32.35 32.35 31.50 31.65 
2016/11/10 33.35 33.35 32.00 32.70 
2016/11/11 32.70 32.70 31.55 31.55 
2016/11/14 31.55 31.55 31.05 31.50 
2016/11/15 31.55 32.15 31.50 32.15 
2016/11/16 31.85 31.85 31.80 31.85 
2016/11/17 31.50 32.20 31.30 31.85 
2016/11/18 31.85 32.00 31.30 31.50 
2016/11/21 31.50 31.50 31.30 31.50 
2016/11/22 31.30 31.60 31.30 31.50 
2016/11/23 32.00 32.00 31.55 31.65 
2016/11/24 31.85 32.20 31.65 31.90 
2016/11/25 32.20 32.20 31.30 31.80 
2016/11/28 32.20 34.95 32.20 34.95 
2016/11/29 34.95 35.20 33.55 33.75 
2016/11/30 33.70 34.35 33.70 33.85 
2016/12/01 33.60 33.85 33.50 33.55 
2016/12/02 33.60 33.60 33.20 33.50 
2016/12/05 33.45 33.45 32.55 32.55 
2016/12/06 32.60 33.00 32.45 32.50 
2016/12/07 32.45 32.50 32.05 32.40 
2016/12/08 32.50 32.50 32.00 32.05 
2016/12/09 33.00 33.00 32.50 32.50 
2016/12/12 31.90 31.95 31.70 31.70 
2016/12/13 31.95 32.00 31.70 31.85 
2016/12/14 31.85 32.10 31.35 31.50 
2016/12/15 31.80 32.00 31.55 31.70 
2016/12/16 31.70 31.95 31.55 31.55 
2016/12/19 31.45 31.55 31.40 31.45 
2016/12/20 31.55 31.65 31.40 31.45 
2016/12/21 31.50 31.95 31.10 31.15 
2016/12/22 31.20 31.75 31.00 31.55 
2016/12/23 31.55 31.80 31.55 31.70 
2016/12/26 31.70 31.70 31.30 31.40 
2016/12/27 31.15 31.60 31.15 31.60 
2016/12/28 31.60 31.65 31.35 31.60 
2016/12/29 31.50 31.55 31.20 31.35 
2016/12/30 31.50 31.50 31.30 31.30 
2017/01/03 31.30 31.50 31.05 31.50 
2017/01/04 31.50 31.50 31.25 31.50 
2017/01/05 31.65 31.65 31.50 31.50 
2017/01/06 31.50 31.50 31.35 31.50 
2017/01/09 31.45 31.45 31.15 31.45 
2017/01/10 31.25 31.50 31.20 31.50 
2017/01/11 31.60 32.10 31.40 31.85 
2017/01/12 31.85 31.85 31.50 31.50 
2017/01/13 31.55 31.60 31.50 31.60 
2017/01/16 31.30 31.75 31.30 31.35 
2017/01/17 31.40 31.50 31.35 31.50 
2017/01/18 31.50 31.70 31.50 31.60 
2017/01/19 31.30 31.50 31.30 31.50 
2017/01/20 31.50 31.60 31.45 31.50 
2017/01/23 31.50 31.50 31.30 31.35 
2017/01/24 31.50 31.50 31.40 31.50 
2017/02/02 31.50 31.60 31.50 31.60 
2017/02/03 31.50 32.50 31.50 32.05 
2017/02/06 32.05 32.15 32.00 32.05 
2017/02/07 32.05 32.05 31.60 31.80 
2017/02/08 32.00 33.10 31.80 32.50 
