2016/07/01 37.50 37.55 36.70 36.90 
2016/07/04 36.90 37.10 36.35 36.75 
2016/07/05 37.80 38.35 37.15 37.35 
2016/07/06 37.50 37.50 36.60 36.65 
2016/07/07 37.10 37.15 36.50 36.50 
2016/07/11 36.75 37.00 35.90 36.05 
2016/07/12 36.15 36.75 36.05 36.05 
2016/07/13 36.00 36.45 35.40 36.45 
2016/07/14 36.45 36.60 36.00 36.05 
2016/07/15 36.00 36.50 35.80 35.90 
2016/07/18 36.35 36.40 35.75 35.80 
2016/07/19 35.80 36.65 35.70 36.20 
2016/07/20 36.20 36.40 35.65 35.80 
2016/07/21 35.80 36.15 35.70 35.90 
2016/07/22 35.90 36.00 35.60 35.70 
2016/07/25 35.70 35.70 34.75 35.00 
2016/07/26 35.00 35.25 34.70 35.10 
2016/07/27 35.10 35.35 34.80 34.85 
2016/07/28 34.70 35.20 34.45 34.55 
2016/07/29 34.55 34.75 34.45 34.55 
2016/08/01 34.80 35.45 34.50 35.00 
2016/08/02 35.40 35.55 35.10 35.50 
2016/08/03 34.90 35.90 34.90 35.35 
2016/08/04 35.60 36.60 35.35 36.60 
2016/08/05 36.30 36.40 35.70 35.80 
2016/08/08 36.00 36.25 35.45 35.55 
2016/08/09 35.85 35.85 34.70 34.75 
2016/08/10 35.00 35.05 34.55 34.55 
2016/08/11 34.60 34.90 34.25 34.70 
2016/08/12 34.90 35.25 34.50 34.55 
2016/08/15 34.60 35.40 34.60 35.15 
2016/08/16 34.30 35.20 34.30 34.55 
2016/08/17 34.50 34.70 34.30 34.35 
2016/08/18 34.35 34.80 34.10 34.35 
2016/08/19 34.35 35.00 34.30 34.30 
2016/08/22 34.65 34.65 34.20 34.50 
2016/08/23 34.80 35.40 34.70 34.95 
2016/08/24 35.50 35.50 34.85 34.85 
2016/08/25 35.00 35.20 34.75 35.15 
2016/08/26 35.15 35.20 34.90 35.00 
2016/08/29 35.00 35.25 34.75 35.00 
2016/08/30 35.20 36.15 35.05 35.95 
2016/08/31 37.75 37.75 36.55 36.55 
2016/09/01 36.60 37.45 36.20 37.30 
2016/09/02 37.65 39.30 37.60 38.95 
2016/09/05 39.00 39.20 38.20 38.70 
2016/09/06 39.90 41.70 39.90 40.45 
2016/09/07 40.00 41.35 40.00 40.10 
2016/09/08 40.10 42.95 40.10 42.65 
2016/09/09 41.85 42.30 41.00 42.25 
2016/09/10 41.50 43.20 41.10 42.75 
2016/09/12 43.00 43.10 41.05 41.15 
2016/09/13 41.45 41.60 40.15 40.80 
2016/09/14 40.80 41.80 40.30 40.90 
2016/09/19 41.80 42.25 41.60 41.95 
2016/09/20 41.95 42.00 41.30 41.85 
2016/09/21 41.85 41.85 40.25 40.60 
2016/09/22 40.60 41.25 39.45 41.15 
2016/09/23 41.20 41.25 40.70 40.70 
2016/09/26 40.60 40.60 40.10 40.20 
2016/09/29 40.50 40.65 39.60 39.60 
2016/09/30 39.15 39.60 38.60 38.85 
2016/10/03 39.30 39.50 39.00 39.50 
2016/10/04 39.80 41.35 39.50 41.15 
2016/10/05 41.30 41.50 40.30 40.30 
2016/10/06 40.40 40.75 39.05 39.35 
2016/10/07 39.35 39.90 38.80 39.35 
2016/10/11 39.35 39.55 37.45 37.60 
2016/10/12 37.40 38.10 37.35 37.50 
2016/10/13 37.50 37.75 36.55 36.55 
2016/10/14 36.50 36.50 34.85 35.90 
2016/10/17 35.85 36.30 35.15 35.70 
2016/10/18 36.15 36.15 35.40 35.55 
2016/10/19 35.60 36.40 35.20 35.20 
2016/10/20 35.20 36.20 34.85 36.20 
2016/10/21 36.20 36.20 35.20 35.25 
2016/10/24 35.00 35.80 35.00 35.10 
2016/10/25 35.10 35.50 34.65 34.85 
2016/10/26 35.10 35.10 33.65 33.70 
2016/10/27 33.80 34.40 33.55 33.80 
2016/10/28 33.95 34.00 31.75 32.00 
2016/10/31 32.00 32.20 31.25 31.75 
2016/11/01 31.35 31.65 29.65 30.25 
2016/11/02 29.75 30.85 29.10 30.00 
2016/11/03 30.20 31.15 29.85 30.95 
2016/11/04 30.95 31.00 30.20 30.40 
2016/11/07 30.00 30.30 29.80 30.00 
2016/11/08 30.50 30.50 29.80 30.10 
2016/11/09 30.00 30.15 28.20 29.00 
2016/11/10 29.40 30.45 29.40 29.80 
2016/11/11 31.45 32.75 31.40 32.40 
2016/11/14 32.10 32.90 31.55 32.55 
2016/11/15 32.55 32.75 31.65 32.35 
2016/11/16 32.60 33.75 32.45 33.60 
2016/11/17 33.00 33.05 32.20 32.20 
2016/11/18 32.75 33.05 32.05 32.75 
2016/11/21 33.00 34.70 33.00 34.00 
2016/11/22 33.70 34.20 33.70 34.20 
2016/11/23 34.55 34.80 33.45 33.55 
2016/11/24 33.80 33.80 33.10 33.45 
2016/11/25 33.25 33.95 32.95 33.10 
2016/11/28 33.10 33.35 32.30 32.60 
2016/11/29 32.80 33.15 32.60 32.90 
2016/11/30 33.00 33.45 32.80 32.90 
2016/12/01 32.95 33.90 32.50 33.45 
2016/12/02 33.40 33.95 33.05 33.30 
2016/12/05 33.25 33.75 33.15 33.50 
2016/12/06 33.50 33.55 32.80 32.80 
2016/12/07 33.00 33.00 31.40 31.60 
2016/12/08 31.70 32.05 30.95 31.05 
2016/12/09 31.30 31.50 30.75 30.90 
2016/12/12 30.90 33.50 30.90 32.30 
2016/12/13 32.30 32.90 32.00 32.10 
2016/12/14 32.80 32.85 32.00 32.30 
2016/12/15 32.10 33.00 32.05 32.65 
2016/12/16 32.50 32.50 32.05 32.05 
2016/12/19 32.00 32.50 31.80 31.85 
2016/12/20 32.40 32.40 31.60 31.70 
2016/12/21 31.90 32.15 31.35 31.75 
2016/12/22 31.75 31.95 31.20 31.20 
2016/12/23 31.20 31.30 30.80 30.95 
2016/12/26 30.95 31.20 30.50 30.70 
2016/12/27 30.70 31.00 30.00 30.45 
2016/12/28 30.45 30.85 30.05 30.70 
2016/12/29 30.80 31.85 30.50 31.85 
2016/12/30 31.80 31.90 31.40 31.40 
2017/01/03 31.40 31.55 31.25 31.45 
2017/01/04 33.00 33.90 32.40 32.80 
2017/01/05 32.50 32.95 32.20 32.50 
2017/01/06 31.70 32.10 31.60 31.75 
2017/01/09 31.70 31.70 30.90 31.00 
2017/01/10 31.05 31.40 30.65 30.80 
2017/01/11 31.00 31.00 30.60 30.70 
2017/01/12 30.70 31.30 30.70 30.70 
2017/01/13 30.60 31.40 30.55 31.20 
2017/01/16 31.40 31.40 30.70 30.80 
2017/01/17 30.80 31.10 30.55 30.70 
2017/01/18 30.65 30.65 30.15 30.35 
2017/01/19 30.35 30.65 30.20 30.40 
2017/01/20 30.50 30.90 30.45 30.55 
2017/01/23 30.85 30.85 30.35 30.45 
2017/01/24 30.45 30.45 30.30 30.35 
2017/02/02 30.35 30.50 30.00 30.25 
2017/02/03 30.30 30.80 30.30 30.35 
2017/02/06 30.35 31.10 30.35 30.80 
2017/02/07 30.30 30.55 29.80 30.20 
2017/02/08 30.10 30.25 29.80 30.00 
