2016/07/01 31.00 31.00 29.85 30.70 
2016/07/04 30.30 30.75 30.30 30.65 
2016/07/05 30.65 32.60 30.65 32.50 
2016/07/06 32.60 33.20 31.80 32.20 
2016/07/07 32.70 32.80 31.85 32.45 
2016/07/11 32.45 34.20 31.70 34.15 
2016/07/12 34.65 34.80 33.25 33.80 
2016/07/13 33.50 33.80 33.20 33.45 
2016/07/14 33.40 33.50 32.95 33.35 
2016/07/15 33.20 33.25 33.00 33.00 
2016/07/18 33.00 33.15 32.40 32.50 
2016/07/19 32.90 32.90 32.10 32.20 
2016/07/20 32.20 33.15 32.10 32.70 
2016/07/21 32.80 33.20 32.30 32.50 
2016/07/22 32.35 33.20 32.20 32.80 
2016/07/25 33.10 33.10 32.30 32.35 
2016/07/26 32.50 32.75 32.20 32.30 
2016/07/27 32.30 32.40 31.40 32.00 
2016/07/28 32.40 33.20 31.60 32.95 
2016/07/29 32.95 33.00 32.15 32.35 
2016/08/01 32.40 32.40 31.60 31.80 
2016/08/02 31.80 31.85 31.50 31.75 
2016/08/03 31.50 31.50 31.10 31.35 
2016/08/04 31.35 31.75 31.10 31.35 
2016/08/05 31.10 31.45 31.10 31.35 
2016/08/08 31.35 31.65 31.35 31.50 
2016/08/09 31.60 31.90 31.50 31.60 
2016/08/10 31.70 32.15 31.60 31.75 
2016/08/11 32.80 32.90 31.90 32.15 
2016/08/12 32.15 32.15 31.80 31.90 
2016/08/15 31.55 32.20 31.55 32.20 
2016/08/16 32.30 32.40 32.05 32.20 
2016/08/17 32.00 32.40 31.60 31.65 
2016/08/18 31.65 31.75 31.50 31.65 
2016/08/19 31.90 31.95 31.75 31.80 
2016/08/22 32.00 32.20 31.55 31.55 
2016/08/23 32.10 32.10 31.50 31.70 
2016/08/24 31.50 31.65 31.50 31.60 
2016/08/25 31.60 32.25 31.60 32.00 
2016/08/26 32.00 32.70 32.00 32.50 
2016/08/29 32.70 32.70 32.20 32.35 
2016/08/30 32.60 32.70 32.20 32.60 
2016/08/31 32.70 32.70 32.30 32.30 
2016/09/01 32.55 35.50 32.45 35.50 
2016/09/02 36.50 38.45 35.50 35.70 
2016/09/05 36.20 36.55 35.00 36.55 
2016/09/06 36.55 38.90 36.55 37.50 
2016/09/07 37.50 38.35 37.00 37.05 
2016/09/08 37.10 37.45 36.55 37.00 
2016/09/09 37.00 38.80 36.20 38.30 
2016/09/10 38.30 39.40 38.00 38.70 
2016/09/12 39.50 39.50 37.30 37.40 
2016/09/13 38.00 38.05 36.30 36.80 
2016/09/14 36.80 36.80 36.25 36.40 
2016/09/19 36.60 36.60 35.20 35.70 
2016/09/20 36.00 36.80 35.90 36.00 
2016/09/21 36.15 36.40 35.75 36.40 
2016/09/22 36.60 37.50 35.90 35.90 
2016/09/23 36.00 36.00 35.50 35.85 
2016/09/26 35.85 36.75 35.80 35.90 
2016/09/29 35.90 36.20 35.75 35.90 
2016/09/30 35.80 35.80 35.30 35.40 
2016/10/03 35.40 35.75 35.40 35.70 
2016/10/04 35.70 35.70 35.35 35.50 
2016/10/05 35.50 36.80 35.50 36.20 
2016/10/06 36.30 36.40 35.80 35.95 
2016/10/07 36.40 36.50 35.70 35.90 
2016/10/11 35.80 36.25 34.25 36.15 
2016/10/12 36.00 36.10 35.20 35.70 
2016/10/13 35.80 35.80 34.50 34.65 
2016/10/14 34.70 34.70 33.60 33.95 
2016/10/17 33.80 34.30 33.70 34.00 
2016/10/18 34.10 34.50 34.00 34.00 
2016/10/19 34.00 34.10 33.95 33.95 
2016/10/20 34.00 34.75 34.00 34.45 
2016/10/21 34.30 35.40 34.10 35.40 
2016/10/24 35.40 35.50 34.85 35.30 
2016/10/25 35.40 35.60 35.25 35.30 
2016/10/26 35.40 35.75 35.00 35.50 
2016/10/27 34.75 35.60 34.75 35.25 
2016/10/28 35.30 36.00 35.30 35.80 
2016/10/31 36.00 36.00 35.00 35.40 
2016/11/01 35.40 35.75 34.75 35.05 
2016/11/02 35.60 35.60 34.20 34.40 
2016/11/03 33.90 34.30 33.90 34.20 
2016/11/04 34.50 34.50 34.20 34.20 
2016/11/07 34.40 34.50 34.05 34.30 
2016/11/08 34.30 34.50 34.00 34.00 
2016/11/09 34.00 34.00 32.45 32.80 
2016/11/10 34.90 35.10 34.40 34.90 
2016/11/11 34.60 34.70 34.05 34.25 
2016/11/14 34.40 34.40 33.65 34.20 
2016/11/15 34.20 34.75 34.20 34.60 
2016/11/16 34.90 35.10 34.70 34.70 
2016/11/17 35.50 35.50 34.40 34.40 
2016/11/18 34.50 34.65 34.30 34.40 
2016/11/21 34.20 34.60 34.20 34.25 
2016/11/22 34.85 34.85 34.40 34.65 
2016/11/23 34.80 36.25 34.80 36.20 
2016/11/24 36.50 38.15 36.50 37.10 
2016/11/25 37.25 37.25 36.25 36.80 
2016/11/28 36.80 37.30 36.65 37.00 
2016/11/29 37.20 37.50 36.70 36.70 
2016/11/30 37.20 37.20 36.30 36.95 
2016/12/01 37.20 37.20 36.40 37.00 
2016/12/02 37.00 37.00 36.60 36.70 
2016/12/05 36.70 37.05 36.35 36.35 
2016/12/06 36.50 37.05 36.50 36.90 
2016/12/07 36.95 37.15 36.70 36.70 
2016/12/08 37.30 37.30 36.75 36.75 
2016/12/09 37.00 37.00 36.30 36.30 
2016/12/12 37.10 37.30 36.40 36.80 
2016/12/13 36.60 37.40 36.60 37.30 
2016/12/14 37.40 38.10 37.15 37.70 
2016/12/15 37.70 37.90 37.40 37.50 
2016/12/16 37.50 37.65 37.35 37.55 
2016/12/19 37.90 37.90 37.30 37.30 
2016/12/20 37.50 37.50 36.40 36.80 
2016/12/21 37.00 37.00 36.50 36.70 
2016/12/22 36.90 36.90 36.10 36.20 
2016/12/23 35.85 36.35 35.85 36.05 
2016/12/26 36.95 36.95 35.80 35.80 
2016/12/27 35.85 36.15 35.75 36.15 
2016/12/28 36.00 36.50 35.75 36.50 
2016/12/29 36.30 36.50 35.80 36.50 
2016/12/30 36.00 36.40 36.00 36.40 
2017/01/03 36.40 36.50 36.00 36.30 
2017/01/04 36.50 36.60 36.20 36.50 
2017/01/05 36.50 36.80 36.40 36.75 
2017/01/06 37.50 40.40 37.50 40.40 
2017/01/09 41.20 42.15 39.40 39.40 
2017/01/10 39.40 40.50 38.85 39.00 
2017/01/11 39.30 39.80 38.85 38.95 
2017/01/12 38.90 39.00 38.50 38.65 
2017/01/13 38.70 38.70 38.15 38.35 
2017/01/16 38.35 38.35 37.85 38.15 
2017/01/17 37.85 38.85 37.80 38.20 
2017/01/18 38.30 38.75 38.10 38.40 
2017/01/19 38.60 38.60 38.15 38.15 
2017/01/20 37.95 38.70 37.95 38.55 
2017/01/23 38.40 39.20 38.30 39.00 
2017/01/24 39.25 39.30 38.65 39.00 
2017/02/02 39.20 39.50 38.70 39.40 
2017/02/03 38.85 40.20 38.85 39.90 
2017/02/06 40.40 42.70 40.40 40.80 
2017/02/07 41.65 41.65 40.60 41.00 
2017/02/08 41.00 41.00 40.20 40.30 
