2016/07/01 29.00 29.00 28.95 28.95 
2016/07/04 28.95 29.65 28.95 29.30 
2016/07/05 29.35 29.70 29.35 29.60 
2016/07/06 29.50 29.95 29.30 29.30 
2016/07/07 29.30 29.75 29.25 29.30 
2016/07/11 30.25 30.30 29.50 29.65 
2016/07/12 30.00 30.00 29.65 29.80 
2016/07/13 29.95 29.95 29.80 29.95 
2016/07/14 29.95 29.95 29.50 29.75 
2016/07/15 29.80 30.00 29.65 29.85 
2016/07/18 30.00 30.00 29.75 29.95 
2016/07/19 30.05 30.05 29.70 29.85 
2016/07/20 29.60 29.95 29.60 29.80 
2016/07/21 32.70 32.70 31.05 31.10 
2016/07/22 30.75 31.00 30.60 30.70 
2016/07/25 30.55 30.55 30.15 30.20 
2016/07/26 30.00 30.60 30.00 30.15 
2016/07/27 30.20 30.50 30.20 30.40 
2016/07/28 30.40 30.60 30.25 30.60 
2016/07/29 30.60 30.80 30.50 30.70 
2016/08/01 30.90 31.60 30.80 31.10 
2016/08/02 31.00 31.25 30.90 31.15 
2016/08/03 31.30 31.30 30.95 30.95 
2016/08/04 30.90 30.90 30.75 30.75 
2016/08/05 30.80 31.15 30.75 30.85 
2016/08/08 30.45 30.45 30.05 30.30 
2016/08/09 30.35 30.40 30.00 30.00 
2016/08/10 29.90 30.20 29.85 29.90 
2016/08/11 30.70 30.70 30.10 30.45 
2016/08/12 30.55 30.80 30.55 30.70 
2016/08/15 30.75 31.00 30.75 30.75 
2016/08/16 31.00 31.05 30.85 30.90 
2016/08/17 31.00 31.05 30.80 30.85 
2016/08/18 30.85 31.00 30.65 31.00 
2016/08/19 29.10 29.45 29.10 29.10 
2016/08/22 29.20 29.20 29.00 29.00 
2016/08/23 29.10 29.20 29.10 29.20 
2016/08/24 29.20 29.20 29.00 29.00 
2016/08/25 29.00 29.20 28.95 29.20 
2016/08/26 29.15 29.35 29.15 29.30 
2016/08/29 29.20 29.30 29.10 29.10 
2016/08/30 29.10 29.10 29.00 29.05 
2016/08/31 29.20 29.20 29.05 29.05 
2016/09/01 29.00 29.00 28.95 29.00 
2016/09/02 29.00 29.00 28.80 28.90 
2016/09/05 28.85 29.60 28.85 29.00 
2016/09/06 29.10 29.25 29.10 29.20 
2016/09/07 29.10 29.40 29.00 29.40 
2016/09/08 29.95 30.20 29.75 29.95 
2016/09/09 30.70 30.70 29.80 29.80 
2016/09/10 29.50 30.30 29.50 30.00 
2016/09/12 30.00 30.00 29.80 29.85 
2016/09/13 29.90 29.90 29.65 29.70 
2016/09/14 29.70 30.00 29.70 29.90 
2016/09/19 29.95 30.00 29.30 29.85 
2016/09/20 29.90 30.00 29.90 29.90 
2016/09/21 30.00 30.05 29.80 30.00 
2016/09/22 30.00 30.00 29.60 29.65 
2016/09/23 29.90 30.00 29.80 29.80 
2016/09/26 29.80 29.80 29.45 29.50 
2016/09/29 29.50 29.50 29.50 29.50 
2016/09/30 29.20 29.20 29.05 29.05 
2016/10/03 29.05 29.45 29.05 29.45 
2016/10/04 29.25 29.30 29.20 29.30 
2016/10/05 29.30 29.40 29.00 29.05 
2016/10/06 29.15 29.35 29.15 29.35 
2016/10/07 29.20 29.35 29.00 29.00 
2016/10/11 28.10 28.80 27.30 27.70 
2016/10/12 27.35 27.65 27.30 27.65 
2016/10/13 27.50 27.85 27.50 27.75 
2016/10/14 27.60 27.80 27.50 27.50 
2016/10/17 27.50 27.60 27.50 27.55 
2016/10/18 27.55 27.55 27.50 27.50 
2016/10/19 27.50 27.85 27.50 27.85 
2016/10/20 27.85 27.85 27.85 27.85 
2016/10/21 27.70 28.05 27.70 28.05 
2016/10/24 28.35 29.10 28.35 29.10 
2016/10/25 29.10 29.10 28.70 28.90 
2016/10/26 28.95 29.00 28.60 28.65 
2016/10/27 28.85 29.00 28.70 28.70 
2016/10/28 28.70 28.70 28.00 28.00 
2016/10/31 27.85 28.55 27.85 28.10 
2016/11/01 27.95 28.35 27.95 28.35 
2016/11/02 27.95 27.95 26.80 27.15 
2016/11/03 26.95 27.10 26.95 27.10 
2016/11/04 27.10 27.45 27.10 27.45 
2016/11/07 27.40 27.50 27.30 27.40 
2016/11/08 27.80 27.80 27.50 27.60 
2016/11/09 27.55 27.55 27.35 27.45 
2016/11/10 28.00 28.25 28.00 28.25 
2016/11/11 27.50 28.30 27.45 27.85 
2016/11/14 27.85 28.20 27.85 28.20 
2016/11/15 27.65 27.70 27.40 27.70 
2016/11/16 28.05 28.05 27.65 28.00 
2016/11/17 28.00 28.10 27.90 28.00 
2016/11/18 28.20 28.25 28.20 28.25 
2016/11/21 28.45 28.45 28.00 28.40 
2016/11/22 28.55 28.55 28.10 28.10 
2016/11/23 28.00 28.50 28.00 28.50 
2016/11/24 28.10 28.45 28.10 28.30 
2016/11/25 28.30 28.30 28.30 28.30 
2016/11/29 28.25 28.25 28.25 28.25 
2016/11/30 28.20 28.20 28.00 28.00 
2016/12/01 28.00 28.45 28.00 28.20 
2016/12/02 28.50 28.50 28.05 28.40 
2016/12/06 28.30 28.40 28.30 28.40 
2016/12/07 28.30 28.40 28.05 28.40 
2016/12/08 31.20 31.20 29.65 29.70 
2016/12/09 29.65 29.65 29.10 29.15 
2016/12/12 29.40 29.60 29.05 29.05 
2016/12/13 29.10 29.55 29.10 29.50 
2016/12/14 29.90 29.90 29.50 29.75 
2016/12/15 29.50 29.50 29.30 29.45 
2016/12/16 29.40 29.50 29.35 29.40 
2016/12/19 29.40 29.40 29.25 29.25 
2016/12/20 29.40 29.85 29.40 29.50 
2016/12/21 29.60 29.95 29.50 29.90 
2016/12/22 29.65 29.70 29.55 29.55 
2016/12/23 29.90 29.90 29.50 29.70 
2016/12/26 29.70 30.00 29.70 29.70 
2016/12/27 29.60 29.60 29.10 29.15 
2016/12/28 29.15 29.50 29.10 29.50 
2016/12/29 29.30 29.30 29.05 29.10 
2016/12/30 29.15 29.40 29.15 29.40 
2017/01/03 29.60 29.90 29.50 29.75 
2017/01/04 29.80 30.10 29.75 30.10 
2017/01/05 30.40 31.00 30.00 30.35 
2017/01/06 30.20 30.20 29.85 29.90 
2017/01/09 29.50 29.50 28.80 28.80 
2017/01/10 28.80 28.85 28.65 28.65 
2017/01/11 28.55 28.75 28.50 28.60 
2017/01/12 28.55 28.70 28.55 28.70 
2017/01/13 28.70 28.75 28.65 28.70 
2017/01/16 28.80 28.80 28.50 28.55 
2017/01/17 28.55 28.60 28.50 28.55 
2017/01/18 28.35 28.55 28.25 28.25 
2017/01/19 28.25 28.55 28.25 28.30 
2017/01/20 28.35 28.35 28.25 28.25 
2017/01/23 28.40 28.55 28.00 28.55 
2017/01/24 28.15 28.20 28.05 28.10 
2017/02/02 28.90 29.25 28.75 28.75 
2017/02/03 28.55 29.00 28.55 29.00 
2017/02/06 28.70 28.80 28.65 28.65 
2017/02/07 28.65 29.00 28.60 28.90 
2017/02/08 28.50 28.65 28.15 28.65 
