2016/07/01 17.75 17.75 17.75 17.75 
2016/07/04 17.75 18.40 17.20 18.40 
2016/07/05 18.40 18.40 18.00 18.00 
2016/07/06 18.35 18.50 18.05 18.05 
2016/07/07 18.75 18.75 18.05 18.05 
2016/07/11 18.05 18.15 18.00 18.00 
2016/07/12 18.15 18.60 18.00 18.20 
2016/07/13 18.05 18.10 18.00 18.10 
2016/07/14 18.45 18.45 18.10 18.10 
2016/07/15 18.10 18.20 18.10 18.10 
2016/07/18 18.10 18.15 18.05 18.15 
2016/07/19 17.60 17.60 17.45 17.45 
2016/07/20 17.80 18.15 17.80 18.00 
2016/07/21 18.00 18.00 17.75 17.75 
2016/07/22 17.85 17.85 17.75 17.75 
2016/07/25 18.20 18.20 18.20 18.20 
2016/07/26 17.55 17.55 17.40 17.55 
2016/07/28 18.30 18.30 17.65 17.65 
2016/08/01 17.10 17.45 17.10 17.30 
2016/08/02 17.05 18.00 17.05 18.00 
2016/08/03 17.50 17.50 17.50 17.50 
2016/08/04 17.55 18.35 17.55 18.20 
2016/08/05 17.60 18.20 17.50 17.75 
2016/08/08 18.00 18.30 18.00 18.25 
2016/08/09 18.40 18.45 18.15 18.25 
2016/08/10 18.10 18.20 18.10 18.15 
2016/08/11 18.15 18.15 17.90 17.90 
2016/08/12 18.00 19.00 17.95 18.30 
2016/08/15 18.20 18.25 18.00 18.10 
2016/08/16 19.05 19.70 18.10 19.00 
2016/08/17 19.25 19.30 18.80 19.00 
2016/08/18 18.85 19.30 18.85 19.15 
2016/08/19 19.15 19.15 18.50 18.50 
2016/08/22 18.55 18.55 18.50 18.50 
2016/08/23 18.50 18.50 18.40 18.40 
2016/08/24 18.70 18.70 18.60 18.70 
2016/08/25 18.50 18.95 18.50 18.95 
2016/08/26 19.10 19.10 19.10 19.10 
2016/08/29 18.65 18.65 18.45 18.50 
2016/08/30 18.85 19.50 18.85 19.45 
2016/08/31 19.05 19.25 19.05 19.25 
2016/09/01 19.20 20.15 19.20 19.60 
2016/09/02 19.55 19.60 19.50 19.55 
2016/09/05 19.50 19.85 19.25 19.25 
2016/09/06 19.50 21.15 19.50 21.15 
2016/09/07 21.80 23.25 21.00 23.25 
2016/09/08 24.05 25.50 23.50 23.90 
2016/09/09 24.00 26.25 23.50 26.25 
2016/09/10 25.50 26.90 24.35 24.50 
2016/09/12 25.10 26.40 24.55 25.70 
2016/09/13 26.40 26.70 25.00 25.30 
2016/09/14 27.80 27.80 27.80 27.80 
2016/09/19 29.50 30.50 27.80 29.00 
2016/09/20 28.55 31.90 28.50 31.90 
2016/09/21 32.10 32.90 30.80 31.00 
2016/09/22 31.00 31.50 30.30 30.60 
2016/09/23 29.90 33.65 29.85 31.70 
2016/09/26 31.20 31.40 30.30 30.50 
2016/09/29 30.80 32.85 30.80 31.60 
2016/09/30 30.80 31.50 30.10 30.10 
2016/10/03 30.10 31.10 29.80 30.15 
2016/10/04 30.15 30.70 29.80 30.00 
2016/10/05 30.75 32.75 30.75 31.00 
2016/10/06 31.00 31.55 30.15 30.55 
2016/10/07 30.60 31.50 30.50 31.00 
2016/10/11 31.00 31.30 28.00 30.35 
2016/10/12 30.90 32.10 30.55 32.00 
2016/10/13 33.00 35.20 33.00 34.10 
2016/10/14 33.80 33.95 31.10 32.00 
2016/10/17 32.50 32.50 30.10 30.90 
2016/10/18 31.15 32.65 31.15 31.20 
2016/10/19 31.65 31.75 30.80 31.10 
2016/10/20 31.35 33.15 31.15 31.80 
2016/10/21 32.25 32.35 31.00 31.15 
2016/10/24 31.95 31.95 31.15 31.30 
2016/10/25 31.95 32.25 31.35 31.50 
2016/10/26 31.75 31.75 30.90 31.05 
2016/10/27 31.60 31.60 30.80 31.15 
2016/10/28 31.35 31.35 30.80 30.85 
2016/10/31 31.00 31.00 29.55 30.05 
2016/11/01 29.80 31.45 29.75 30.80 
2016/11/02 30.50 30.50 28.20 28.65 
2016/11/03 28.50 29.50 28.30 28.65 
2016/11/04 28.55 29.00 27.85 28.30 
2016/11/07 28.80 31.10 28.50 31.10 
2016/11/08 31.10 32.00 29.55 29.95 
2016/11/09 30.50 31.20 28.00 28.25 
2016/11/10 29.80 29.80 28.70 29.25 
2016/11/11 29.00 29.45 28.55 29.00 
2016/11/14 29.00 29.00 28.20 28.20 
2016/11/15 28.20 28.60 28.00 28.00 
2016/11/16 28.25 29.05 28.20 28.50 
2016/11/17 28.70 28.75 28.45 28.50 
2016/11/18 28.50 30.95 28.40 29.75 
2016/11/21 32.40 32.70 31.60 32.70 
2016/11/22 34.10 35.30 33.45 33.65 
2016/11/23 34.30 34.40 32.45 32.70 
2016/11/24 33.00 34.80 33.00 33.25 
2016/11/25 33.80 34.00 32.50 33.20 
2016/11/28 33.80 33.90 32.80 32.85 
2016/11/29 32.90 32.90 31.60 31.70 
2016/11/30 32.15 32.35 30.90 31.00 
2016/12/01 31.40 32.50 30.65 31.50 
2016/12/02 31.20 32.30 31.00 31.70 
2016/12/05 32.00 32.35 31.50 31.60 
2016/12/06 32.15 32.15 31.05 31.05 
2016/12/07 31.30 32.00 31.30 31.75 
2016/12/08 31.70 32.05 31.40 31.50 
2016/12/09 32.20 32.55 31.45 31.45 
2016/12/12 31.60 31.90 30.35 30.55 
2016/12/13 30.65 31.10 30.60 30.85 
2016/12/14 30.95 31.00 29.70 30.20 
2016/12/15 30.20 30.55 30.00 30.50 
2016/12/16 30.55 31.50 30.55 31.00 
2016/12/19 31.10 31.10 30.30 30.40 
2016/12/20 30.90 30.90 30.20 30.30 
2016/12/21 30.40 30.55 30.20 30.20 
2016/12/22 30.20 30.20 29.55 29.60 
2016/12/23 29.40 30.10 29.40 29.90 
2016/12/26 30.35 30.40 29.65 29.70 
2016/12/27 29.70 30.00 29.50 29.55 
2016/12/28 29.55 30.10 29.55 29.65 
2016/12/29 29.85 29.85 29.55 29.65 
2016/12/30 29.65 29.75 29.50 29.70 
2017/01/03 29.75 30.50 29.75 30.10 
2017/01/04 30.30 30.30 29.85 29.95 
2017/01/05 30.10 30.10 29.80 29.95 
2017/01/06 29.85 30.00 29.80 29.90 
2017/01/09 30.05 32.85 30.05 32.05 
2017/01/10 32.00 32.00 30.70 30.70 
2017/01/11 30.85 30.95 30.20 30.20 
2017/01/12 30.40 30.80 30.20 30.35 
2017/01/13 30.35 30.50 30.15 30.20 
2017/01/16 30.20 30.40 29.80 29.80 
2017/01/17 29.80 30.50 29.80 30.35 
2017/01/18 30.10 30.35 29.80 29.95 
2017/01/19 30.00 30.30 29.90 30.20 
2017/01/20 30.40 30.40 30.00 30.00 
2017/01/23 30.95 31.40 30.40 30.50 
2017/01/24 30.90 30.90 30.30 30.30 
2017/02/02 30.75 33.30 30.70 32.85 
2017/02/03 32.90 34.40 32.90 33.10 
2017/02/06 32.85 33.45 32.10 33.30 
2017/02/07 33.35 36.55 33.20 35.05 
2017/02/08 36.00 37.10 35.55 35.85 
