2016/07/01 153.50 154.50 151.00 151.00 
2016/07/04 153.00 153.50 151.00 151.50 
2016/07/05 153.00 153.00 151.00 151.50 
2016/07/06 150.00 150.00 146.00 146.50 
2016/07/07 147.00 148.00 146.50 147.00 
2016/07/11 150.00 152.50 149.50 150.50 
2016/07/12 152.00 155.50 151.00 155.50 
2016/07/13 159.00 163.00 157.50 157.50 
2016/07/14 155.50 159.00 155.50 156.50 
2016/07/15 158.00 160.50 157.00 158.50 
2016/07/18 160.00 160.00 157.00 159.00 
2016/07/19 163.00 165.50 159.00 159.50 
2016/07/20 160.00 160.00 156.50 156.50 
2016/07/21 158.50 159.50 157.50 159.00 
2016/07/22 159.50 159.50 158.00 158.00 
2016/07/25 160.00 162.50 157.50 162.50 
2016/07/26 164.00 176.50 164.00 173.50 
2016/07/27 176.50 180.50 173.00 173.00 
2016/07/28 174.50 175.50 169.50 172.50 
2016/07/29 174.00 179.00 174.00 175.00 
2016/08/01 178.00 180.50 176.50 180.00 
2016/08/02 182.00 184.50 177.50 177.50 
2016/08/03 175.50 182.00 175.50 180.50 
2016/08/04 190.00 198.50 188.00 198.50 
2016/08/05 200.50 201.00 194.50 197.00 
2016/08/08 198.00 200.50 195.50 196.50 
2016/08/09 201.00 204.00 181.00 184.50 
2016/08/10 186.50 194.00 183.50 190.50 
2016/08/11 190.50 194.00 183.00 192.00 
2016/08/12 194.00 202.00 191.50 202.00 
2016/08/15 203.50 204.00 199.00 199.00 
2016/08/16 200.50 209.50 200.00 201.50 
2016/08/17 203.00 204.50 196.00 198.00 
2016/08/18 196.00 204.50 195.00 203.00 
2016/08/19 205.00 207.00 200.50 200.50 
2016/08/22 203.50 203.50 197.00 202.50 
2016/08/23 203.00 207.50 200.50 205.00 
2016/08/24 205.00 205.00 200.00 204.00 
2016/08/25 204.00 209.50 203.00 205.00 
2016/08/26 205.00 208.50 204.50 206.00 
2016/08/29 205.00 210.00 203.00 210.00 
2016/08/30 212.00 229.00 212.00 226.00 
2016/08/31 228.00 231.00 223.50 230.00 
2016/09/01 230.00 231.50 225.00 228.00 
2016/09/02 231.50 238.50 225.00 227.00 
2016/09/05 233.50 244.50 228.00 244.50 
2016/09/06 244.00 250.00 241.50 245.00 
2016/09/07 244.50 252.50 243.00 252.50 
2016/09/08 250.00 256.00 250.00 256.00 
2016/09/09 255.00 260.50 253.00 260.00 
2016/09/10 252.00 255.00 244.50 249.00 
2016/09/12 257.00 260.50 246.00 246.00 
2016/09/13 254.00 254.00 242.50 248.00 
2016/09/14 248.00 256.00 246.00 256.00 
2016/09/19 262.00 268.00 260.50 265.00 
2016/09/20 261.00 265.50 258.00 265.50 
2016/09/21 267.50 267.50 259.50 262.50 
2016/09/22 264.00 270.50 259.50 269.00 
2016/09/23 268.00 273.00 267.00 267.00 
2016/09/26 268.00 269.50 265.50 266.00 
2016/09/29 272.00 274.50 269.50 272.50 
2016/09/30 270.50 274.00 269.00 272.00 
2016/10/03 275.50 280.50 270.50 279.00 
2016/10/04 281.00 284.00 277.00 278.50 
2016/10/05 280.00 281.00 273.00 274.50 
2016/10/06 277.00 277.00 271.50 273.00 
2016/10/07 276.00 283.00 275.00 281.00 
2016/10/11 289.00 289.50 265.00 278.50 
2016/10/12 277.00 278.50 272.00 275.00 
2016/10/13 278.00 278.50 247.50 249.50 
2016/10/14 245.00 255.00 240.00 255.00 
2016/10/17 252.50 253.00 240.00 251.50 
2016/10/18 251.50 254.50 246.50 251.00 
2016/10/19 255.00 256.50 251.00 253.50 
2016/10/20 252.00 255.50 249.50 252.00 
2016/10/21 253.00 265.00 252.50 257.00 
2016/10/24 260.00 260.50 256.50 259.00 
2016/10/25 260.50 264.50 259.00 259.00 
2016/10/26 259.00 261.50 257.50 258.00 
2016/10/27 257.00 259.50 255.50 257.00 
2016/10/28 255.50 257.00 246.00 248.00 
2016/10/31 245.00 247.50 241.00 246.50 
2016/11/01 245.50 252.00 243.50 247.50 
2016/11/02 244.00 245.00 230.00 233.00 
2016/11/03 232.50 235.00 214.00 219.50 
2016/11/04 221.00 240.50 217.50 235.00 
2016/11/07 236.00 240.50 236.00 237.50 
2016/11/08 240.00 241.50 233.00 237.00 
2016/11/09 238.50 239.00 222.00 223.00 
2016/11/10 237.00 243.00 231.50 240.00 
2016/11/11 228.00 232.50 224.50 231.00 
2016/11/14 231.00 238.50 229.00 234.00 
2016/11/15 233.00 237.50 231.50 236.50 
2016/11/16 239.50 244.50 236.00 236.00 
2016/11/17 235.00 242.00 233.00 242.00 
2016/11/18 241.50 265.00 241.00 260.00 
2016/11/21 258.00 268.50 258.00 267.00 
2016/11/22 269.00 274.00 264.00 265.00 
2016/11/23 268.50 268.50 263.00 267.00 
2016/11/24 266.00 268.00 260.50 263.00 
2016/11/25 265.00 265.00 261.00 263.00 
2016/11/28 263.50 264.50 253.50 256.00 
2016/11/29 255.00 260.50 251.50 260.50 
2016/11/30 262.00 264.00 258.00 263.00 
2016/12/01 264.50 272.00 258.50 259.50 
2016/12/02 255.50 258.50 254.00 255.50 
2016/12/05 255.50 259.00 251.00 259.00 
2016/12/06 261.00 267.00 260.50 262.50 
2016/12/07 266.00 266.50 260.00 260.00 
2016/12/08 264.50 267.50 262.50 263.00 
2016/12/09 267.00 268.00 264.50 267.50 
2016/12/12 267.50 268.00 259.00 260.50 
2016/12/13 262.50 265.50 260.00 265.50 
2016/12/14 266.00 271.50 263.00 269.50 
2016/12/15 277.00 280.00 261.50 265.50 
2016/12/16 264.00 266.00 260.00 265.00 
2016/12/19 264.50 265.00 249.50 249.50 
2016/12/20 247.00 252.00 243.50 245.50 
2016/12/21 248.00 254.50 247.00 252.50 
2016/12/22 253.00 253.00 248.00 249.00 
2016/12/23 250.50 253.00 246.00 250.00 
2016/12/26 252.00 252.00 247.50 250.00 
2016/12/27 251.50 251.50 246.50 248.50 
2016/12/28 250.00 262.00 250.00 262.00 
2016/12/29 260.00 267.00 259.50 267.00 
2016/12/30 267.00 272.00 265.50 270.00 
2017/01/03 270.00 280.00 267.50 275.00 
2017/01/04 277.50 278.00 271.00 272.00 
2017/01/05 274.50 299.00 273.00 299.00 
2017/01/06 303.00 308.50 296.00 305.00 
2017/01/09 305.00 308.50 288.50 295.50 
2017/01/10 296.00 304.50 290.00 291.00 
2017/01/11 298.50 317.50 293.00 300.50 
2017/01/12 303.00 310.00 299.50 310.00 
2017/01/13 309.50 310.00 301.00 302.00 
2017/01/16 300.00 300.00 291.50 293.00 
2017/01/17 296.50 301.50 293.00 297.00 
2017/01/18 294.00 295.50 291.50 292.00 
2017/01/19 291.50 297.00 287.50 287.50 
2017/01/20 290.00 316.00 290.00 315.00 
2017/01/23 315.00 329.00 306.50 306.50 
2017/01/24 311.00 315.50 306.50 308.00 
2017/02/02 318.00 338.50 310.50 336.00 
2017/02/03 336.00 340.50 324.00 326.00 
2017/02/06 324.50 329.50 310.00 315.00 
2017/02/07 319.50 325.50 312.50 317.50 
2017/02/08 320.00 323.00 310.50 317.50 
