2016/07/01 298.00 300.50 292.00 295.00 
2016/07/04 296.50 296.50 289.00 290.00 
2016/07/05 290.00 299.00 288.00 295.00 
2016/07/06 295.00 295.50 289.50 293.50 
2016/07/07 298.00 302.50 298.00 301.50 
2016/07/11 313.00 320.00 309.00 310.00 
2016/07/12 311.00 313.50 306.00 308.50 
2016/07/13 307.50 309.00 303.50 304.00 
2016/07/14 304.00 321.00 303.00 312.00 
2016/07/15 314.00 324.00 314.00 317.00 
2016/07/18 319.00 330.00 315.00 316.00 
2016/07/19 317.00 318.00 311.50 317.50 
2016/07/20 318.50 318.50 312.00 313.00 
2016/07/21 313.00 325.00 313.00 322.00 
2016/07/22 324.00 324.00 319.00 321.00 
2016/07/25 323.00 323.00 319.00 319.00 
2016/07/26 319.00 324.00 319.00 322.00 
2016/07/27 325.00 333.00 322.00 330.00 
2016/07/28 331.00 331.50 327.00 329.50 
2016/07/29 330.00 330.00 327.00 327.00 
2016/08/01 327.00 327.00 309.00 311.50 
2016/08/02 314.50 327.00 310.00 327.00 
2016/08/03 319.50 325.00 313.50 320.50 
2016/08/04 323.00 325.00 319.00 321.50 
2016/08/05 322.50 323.00 318.50 318.50 
2016/08/08 318.50 320.00 315.00 315.00 
2016/08/09 312.50 322.50 312.50 315.00 
2016/08/10 312.00 319.00 312.00 317.00 
2016/08/11 317.00 318.50 313.00 317.00 
2016/08/12 317.00 320.50 316.00 317.50 
2016/08/15 317.50 320.00 317.50 320.00 
2016/08/16 318.00 318.00 317.50 318.00 
2016/08/17 318.50 320.50 318.00 318.00 
2016/08/18 322.50 346.00 322.50 340.00 
2016/08/19 345.00 360.00 345.00 347.50 
2016/08/22 347.50 352.00 340.00 349.00 
2016/08/23 349.00 365.00 347.00 364.00 
2016/08/24 364.00 382.00 364.00 373.00 
2016/08/25 369.50 376.50 366.00 373.50 
2016/08/26 375.00 375.00 366.50 366.50 
2016/08/29 365.00 366.50 358.50 360.00 
2016/08/30 361.00 392.00 361.00 389.00 
2016/08/31 398.50 400.00 382.00 382.50 
2016/09/01 385.00 400.00 376.00 378.00 
2016/09/02 376.00 383.50 375.50 378.00 
2016/09/05 378.50 380.00 365.00 377.00 
2016/09/06 390.00 397.50 380.50 380.50 
2016/09/07 386.00 389.50 382.50 387.00 
2016/09/08 389.50 407.00 388.50 405.00 
2016/09/09 403.00 406.50 398.00 406.50 
2016/09/10 397.00 400.00 395.00 396.00 
2016/09/12 396.00 403.00 390.00 391.00 
2016/09/13 397.50 400.00 387.00 393.00 
2016/09/14 394.00 394.00 388.50 392.50 
2016/09/19 398.00 402.50 393.50 400.00 
2016/09/20 401.00 423.00 399.00 420.00 
2016/09/21 420.00 426.00 412.00 426.00 
2016/09/22 427.00 428.50 416.50 418.00 
2016/09/23 425.00 428.00 414.00 423.00 
2016/09/26 419.00 419.00 398.00 399.00 
2016/09/29 403.50 424.50 403.00 422.00 
2016/09/30 425.00 455.00 425.00 450.00 
2016/10/03 450.00 457.00 442.00 447.00 
2016/10/04 445.00 448.00 436.50 445.00 
2016/10/05 446.00 449.50 440.00 446.00 
2016/10/06 451.50 490.50 451.50 490.50 
2016/10/07 491.50 491.50 475.50 487.00 
2016/10/11 484.00 485.50 443.00 452.00 
2016/10/12 455.50 460.50 435.00 445.00 
2016/10/13 444.50 445.00 430.50 436.00 
2016/10/14 429.00 433.00 399.00 402.00 
2016/10/17 409.00 435.00 404.00 427.00 
2016/10/18 428.00 433.00 419.00 428.00 
2016/10/19 434.00 445.00 432.00 435.00 
2016/10/20 440.00 471.00 440.00 460.50 
2016/10/21 471.50 479.50 460.00 460.00 
2016/10/24 465.50 468.00 445.00 453.00 
2016/10/25 455.00 479.00 455.00 473.00 
2016/10/26 462.00 470.50 449.50 455.00 
2016/10/27 453.00 463.00 447.00 449.50 
2016/10/28 458.50 458.50 450.00 455.00 
2016/10/31 455.00 463.50 447.50 455.00 
2016/11/01 451.50 457.00 448.00 448.50 
2016/11/02 440.50 442.50 410.00 415.50 
2016/11/03 423.00 439.00 417.50 423.50 
2016/11/04 430.00 454.00 425.50 444.00 
2016/11/07 445.00 450.00 428.00 436.50 
2016/11/08 444.00 445.00 421.50 428.00 
2016/11/09 428.00 445.00 418.00 423.00 
2016/11/10 444.00 454.00 433.00 452.00 
2016/11/11 442.00 449.50 435.50 447.00 
2016/11/14 441.00 449.50 422.00 442.50 
2016/11/15 441.50 458.00 438.00 440.00 
2016/11/16 444.00 451.50 444.00 445.50 
2016/11/17 445.00 453.00 443.00 447.50 
2016/11/18 447.50 478.00 447.50 470.00 
2016/11/21 473.00 478.50 461.00 474.50 
2016/11/22 483.00 499.00 476.00 483.00 
2016/11/23 484.00 495.00 469.00 469.00 
2016/11/24 468.00 472.00 455.50 455.50 
2016/11/25 463.00 466.50 456.00 461.00 
2016/11/28 466.50 479.00 458.00 476.00 
2016/11/29 474.00 488.00 472.00 475.00 
2016/11/30 475.00 478.00 461.00 466.50 
2016/12/01 473.00 479.00 460.00 460.00 
2016/12/02 457.00 457.00 449.00 455.00 
2016/12/05 457.50 457.50 446.00 446.00 
2016/12/06 458.00 487.00 458.00 478.50 
2016/12/07 476.50 483.00 464.00 472.50 
2016/12/08 476.00 479.50 464.00 465.00 
2016/12/09 466.00 473.00 461.50 466.00 
2016/12/12 466.00 466.50 458.50 461.00 
2016/12/13 455.00 460.00 454.00 455.50 
2016/12/14 464.00 472.00 460.00 465.00 
2016/12/15 460.00 481.00 460.00 478.00 
2016/12/16 480.00 486.50 478.00 483.00 
2016/12/19 478.00 486.50 475.50 476.00 
2016/12/20 476.00 476.00 465.00 465.00 
2016/12/21 465.00 468.00 462.00 466.00 
2016/12/22 467.00 469.50 462.50 465.00 
2016/12/23 463.00 466.00 449.00 454.50 
2016/12/26 454.50 460.00 450.00 453.50 
2016/12/27 452.00 459.50 450.00 458.50 
2016/12/28 461.00 476.00 461.00 470.00 
2016/12/29 470.00 474.00 469.00 471.50 
2016/12/30 477.00 478.00 471.50 473.00 
2017/01/03 472.00 476.00 469.00 473.00 
2017/01/04 476.50 483.50 472.00 472.00 
2017/01/05 472.00 474.00 465.50 473.00 
2017/01/06 466.50 470.00 445.50 449.50 
2017/01/09 453.50 456.00 441.00 450.00 
2017/01/10 447.50 457.00 447.50 451.50 
2017/01/11 452.50 455.00 444.00 444.00 
2017/01/12 444.00 456.00 444.00 453.00 
2017/01/13 452.50 454.00 447.00 451.50 
2017/01/16 446.00 446.00 415.50 418.00 
2017/01/17 429.00 448.00 425.00 448.00 
2017/01/18 445.00 450.00 444.00 446.50 
2017/01/19 447.00 450.00 446.00 447.50 
2017/01/20 444.50 445.00 435.50 435.50 
2017/01/23 435.50 435.50 407.00 412.00 
2017/01/24 412.50 415.00 405.00 409.50 
2017/02/02 411.50 424.00 410.00 412.50 
2017/02/03 412.50 420.50 411.00 414.00 
2017/02/06 416.00 455.00 416.00 455.00 
2017/02/07 459.00 489.00 459.00 485.00 
2017/02/08 489.00 493.00 480.00 484.00 
