2016/07/01 26.90 26.90 26.10 26.55 
2016/07/04 26.95 26.95 26.00 26.55 
2016/07/05 26.55 26.60 26.00 26.05 
2016/07/06 25.80 26.50 25.50 25.80 
2016/07/07 25.85 26.20 25.80 25.95 
2016/07/11 24.00 24.15 23.15 23.35 
2016/07/12 23.30 23.50 23.05 23.05 
2016/07/13 23.20 23.25 23.00 23.15 
2016/07/14 23.10 23.25 22.90 23.15 
2016/07/15 22.75 23.00 22.75 22.90 
2016/07/18 22.55 22.60 22.50 22.50 
2016/07/19 22.50 22.70 22.50 22.70 
2016/07/20 22.50 22.70 22.45 22.45 
2016/07/21 22.45 22.45 22.10 22.45 
2016/07/22 22.45 22.45 22.25 22.25 
2016/07/25 22.25 22.30 21.60 22.00 
2016/07/26 21.65 21.65 21.65 21.65 
2016/07/27 21.70 22.00 21.65 22.00 
2016/07/28 21.70 22.40 21.60 21.85 
2016/08/01 21.75 21.75 20.60 20.60 
2016/08/02 20.60 21.35 20.20 21.30 
2016/08/03 21.00 21.25 21.00 21.00 
2016/08/05 20.80 21.00 20.80 21.00 
2016/08/08 20.85 20.85 20.85 20.85 
2016/08/09 21.25 21.25 21.00 21.00 
2016/08/10 21.00 21.70 20.95 21.70 
2016/08/11 21.05 21.65 21.05 21.65 
2016/08/15 22.00 22.00 21.50 21.95 
2016/08/16 21.95 21.95 21.60 21.60 
2016/08/17 20.90 20.90 20.60 20.65 
2016/08/18 21.00 21.45 21.00 21.45 
2016/08/19 21.60 21.95 21.60 21.90 
2016/08/24 21.50 22.30 21.50 21.55 
2016/08/25 21.20 22.00 21.20 22.00 
2016/08/26 21.70 21.70 21.70 21.70 
2016/08/29 21.15 21.50 21.00 21.50 
2016/08/31 21.50 21.50 21.05 21.05 
2016/09/01 21.65 21.65 21.65 21.65 
2016/09/02 21.60 21.60 21.10 21.10 
2016/09/05 21.10 21.10 21.10 21.10 
2016/09/07 20.90 21.00 20.90 20.90 
2016/09/08 20.60 20.80 20.50 20.75 
2016/09/09 20.75 21.20 20.75 21.20 
2016/09/10 21.20 22.45 21.20 21.70 
2016/09/12 21.70 22.40 21.70 22.20 
2016/09/13 22.20 22.20 21.65 21.90 
2016/09/14 21.75 22.10 21.65 21.75 
2016/09/19 21.25 21.90 21.25 21.90 
2016/09/20 22.15 22.15 21.95 21.95 
2016/09/21 22.20 22.30 21.85 22.00 
2016/09/22 22.25 22.25 21.95 22.00 
2016/09/23 22.20 22.20 22.00 22.00 
2016/09/26 22.20 22.30 22.00 22.10 
2016/09/29 22.00 22.00 21.90 21.90 
2016/09/30 21.85 21.85 21.85 21.85 
2016/10/03 21.55 21.85 21.50 21.85 
2016/10/04 21.85 22.00 21.85 21.85 
2016/10/05 21.80 22.00 21.80 22.00 
2016/10/06 21.85 21.85 21.85 21.85 
2016/10/07 21.80 21.80 21.80 21.80 
2016/10/11 22.00 22.00 21.80 21.85 
2016/10/12 21.80 21.90 21.75 21.85 
2016/10/13 21.85 22.20 21.85 21.85 
2016/10/14 21.70 21.70 21.55 21.55 
2016/10/19 21.65 21.65 21.65 21.65 
2016/10/20 21.70 21.70 21.65 21.70 
2016/10/21 21.85 22.00 21.70 22.00 
2016/10/24 22.10 22.20 22.10 22.20 
2016/10/25 21.95 22.15 21.95 22.15 
2016/10/26 22.00 22.10 22.00 22.10 
2016/10/27 22.10 22.15 22.05 22.10 
2016/10/28 22.10 22.10 22.10 22.10 
2016/10/31 22.05 22.20 21.80 22.00 
2016/11/01 21.90 21.90 21.85 21.85 
2016/11/02 21.80 21.90 21.80 21.85 
2016/11/03 21.80 21.80 21.10 21.50 
2016/11/04 21.50 21.50 21.40 21.40 
2016/11/07 21.45 21.45 21.45 21.45 
2016/11/08 22.10 22.10 21.45 21.45 
2016/11/09 21.25 21.25 20.50 21.20 
2016/11/10 20.80 20.80 20.70 20.80 
2016/11/11 20.60 20.60 20.55 20.60 
2016/11/14 20.60 20.60 20.60 20.60 
2016/11/16 20.80 20.80 20.80 20.80 
2016/11/17 20.75 20.80 20.55 20.60 
2016/11/18 20.60 20.75 20.55 20.60 
2016/11/21 20.50 20.55 20.50 20.55 
2016/11/22 21.00 21.00 20.70 20.70 
2016/11/23 20.80 20.80 20.80 20.80 
2016/11/25 20.85 21.00 20.85 21.00 
2016/11/29 21.05 21.65 21.05 21.25 
2016/11/30 21.30 21.65 21.30 21.35 
2016/12/01 21.50 21.50 21.50 21.50 
2016/12/02 21.00 21.80 20.75 21.80 
2016/12/06 21.80 21.90 21.75 21.75 
2016/12/07 21.90 22.10 21.85 21.95 
2016/12/08 22.40 22.50 22.15 22.25 
2016/12/09 22.50 22.50 22.30 22.30 
2016/12/12 23.45 23.45 22.40 23.00 
2016/12/13 22.80 22.80 22.40 22.60 
2016/12/14 23.05 23.30 22.75 22.90 
2016/12/15 22.60 22.85 22.55 22.65 
2016/12/16 22.70 23.00 22.70 22.75 
2016/12/19 22.85 22.90 22.50 22.70 
2016/12/20 22.70 22.90 22.25 22.60 
2016/12/21 22.50 22.95 22.50 22.95 
2016/12/22 22.55 23.00 22.55 22.90 
2016/12/23 23.20 23.20 22.75 22.90 
2016/12/26 23.15 23.30 22.80 23.05 
2016/12/27 23.10 23.35 23.00 23.00 
2016/12/28 22.95 23.25 22.95 23.05 
2016/12/29 22.80 23.45 22.80 23.20 
2016/12/30 23.20 23.40 23.10 23.15 
2017/01/03 23.15 23.40 23.05 23.20 
2017/01/04 23.05 23.40 23.05 23.20 
2017/01/05 23.50 23.50 23.20 23.20 
2017/01/06 23.20 23.40 23.10 23.20 
2017/01/09 23.10 23.30 23.10 23.30 
2017/01/10 23.30 23.30 23.25 23.30 
2017/01/11 23.30 23.55 23.30 23.35 
2017/01/12 23.50 23.50 23.20 23.35 
2017/01/13 23.25 23.50 23.25 23.50 
2017/01/16 23.40 23.70 23.40 23.70 
2017/01/17 23.45 23.90 23.45 23.90 
2017/01/18 23.85 24.00 23.70 23.85 
2017/01/19 23.80 24.25 23.80 24.25 
2017/01/20 24.50 24.75 24.00 24.30 
2017/01/23 24.30 24.50 24.30 24.35 
2017/01/24 24.30 25.20 24.30 24.80 
2017/02/02 24.85 25.00 24.80 25.00 
2017/02/03 25.00 26.00 24.90 25.70 
2017/02/06 25.75 26.70 25.75 26.25 
2017/02/07 26.70 26.95 26.35 26.35 
2017/02/08 26.35 26.70 26.35 26.50 
