2016/07/01 32.00 34.50 32.00 33.00 
2016/07/04 34.00 36.30 32.80 36.30 
2016/07/05 36.90 38.70 35.30 37.00 
2016/07/06 36.00 36.70 35.50 35.55 
2016/07/07 35.35 36.00 35.30 35.55 
2016/07/11 38.50 38.60 34.35 34.35 
2016/07/12 34.65 34.65 32.65 32.70 
2016/07/13 32.85 33.00 31.90 32.55 
2016/07/14 32.30 33.25 32.20 32.75 
2016/07/15 32.75 33.10 32.65 32.75 
2016/07/18 32.60 33.00 32.00 32.30 
2016/07/19 32.95 32.95 32.30 32.40 
2016/07/20 32.55 33.00 32.50 32.80 
2016/07/21 33.00 33.80 32.50 33.30 
2016/07/22 32.70 33.20 32.70 32.85 
2016/07/25 32.85 33.50 32.85 32.95 
2016/07/26 32.15 32.80 32.15 32.20 
2016/07/27 32.70 32.70 32.20 32.20 
2016/07/28 33.20 33.20 32.00 32.20 
2016/07/29 32.60 32.60 31.90 31.90 
2016/08/01 31.30 32.00 31.00 31.50 
2016/08/02 31.50 31.50 31.00 31.00 
2016/08/03 31.00 33.50 31.00 32.00 
2016/08/04 31.80 33.00 31.80 32.65 
2016/08/05 33.90 35.50 33.00 33.30 
2016/08/08 33.70 33.70 32.05 32.80 
2016/08/09 31.90 32.45 31.90 32.45 
2016/08/10 32.00 32.10 31.00 31.25 
2016/08/11 31.00 31.00 30.40 30.65 
2016/08/12 30.00 31.20 30.00 30.30 
2016/08/15 30.45 30.50 30.00 30.50 
2016/08/16 30.20 30.20 29.00 29.35 
2016/08/17 29.70 31.20 29.70 30.25 
2016/08/18 30.05 31.25 30.05 30.30 
2016/08/19 30.30 31.20 29.20 30.00 
2016/08/22 29.50 30.00 29.50 30.00 
2016/08/23 29.50 30.00 28.80 30.00 
2016/08/24 30.15 30.50 29.80 30.00 
2016/08/25 29.50 29.50 29.50 29.50 
2016/08/26 29.40 30.50 29.40 30.05 
2016/08/29 32.10 32.40 30.20 31.00 
2016/08/30 31.00 31.95 31.00 31.95 
2016/08/31 31.95 32.75 31.90 32.65 
2016/09/01 33.00 34.05 32.60 34.05 
2016/09/02 33.90 33.95 31.00 31.40 
2016/09/05 31.45 33.30 31.45 32.65 
2016/09/06 32.20 32.70 32.20 32.70 
2016/09/07 32.60 32.60 31.50 32.50 
2016/09/08 32.05 33.10 32.05 32.55 
2016/09/09 32.00 32.05 31.80 32.05 
2016/09/10 31.45 32.70 31.45 32.70 
2016/09/12 32.05 32.55 32.05 32.55 
2016/09/13 32.10 32.20 31.55 31.55 
2016/09/14 31.60 31.60 30.70 31.00 
2016/09/19 30.95 32.85 30.95 31.05 
2016/09/20 31.40 31.90 31.15 31.20 
2016/09/21 31.25 31.25 31.05 31.05 
2016/09/22 31.20 31.90 31.20 31.90 
2016/09/23 31.55 31.75 31.35 31.75 
2016/09/29 31.20 31.65 31.10 31.65 
2016/09/30 32.40 32.40 32.40 32.40 
2016/10/03 31.05 31.60 30.90 31.60 
2016/10/04 31.95 31.95 30.95 31.00 
2016/10/05 30.60 30.60 30.60 30.60 
2016/10/06 31.00 31.45 30.60 31.00 
2016/10/07 30.85 30.85 30.85 30.85 
2016/10/11 30.00 30.90 30.00 30.90 
2016/10/12 29.65 30.30 29.65 30.30 
2016/10/13 29.25 29.85 29.25 29.25 
2016/10/14 28.65 28.65 28.30 28.30 
2016/10/17 28.30 28.30 28.30 28.30 
2016/10/18 30.30 30.30 28.55 29.70 
2016/10/19 28.55 29.50 28.55 29.50 
2016/10/20 29.15 29.15 29.15 29.15 
2016/10/21 29.10 29.10 29.00 29.00 
2016/10/24 28.60 28.95 28.00 28.30 
2016/10/25 28.40 29.95 28.40 29.90 
2016/10/27 28.70 29.15 28.40 29.15 
2016/10/28 28.95 29.00 28.40 29.00 
2016/10/31 28.90 28.90 28.90 28.90 
2016/11/01 28.80 28.80 28.80 28.80 
2016/11/02 28.50 28.50 28.10 28.10 
2016/11/03 27.20 28.50 27.20 28.50 
2016/11/04 28.20 28.20 27.30 28.00 
2016/11/07 28.00 28.00 28.00 28.00 
2016/11/08 28.05 28.05 27.50 28.00 
2016/11/09 28.00 28.00 26.15 26.15 
2016/11/10 26.00 27.50 26.00 26.35 
2016/11/11 26.35 26.75 26.35 26.75 
2016/11/14 24.25 28.00 24.25 27.00 
2016/11/15 26.20 28.00 26.20 28.00 
2016/11/16 28.00 28.00 27.30 27.70 
2016/11/17 27.50 28.00 27.40 28.00 
2016/11/18 27.85 27.85 27.85 27.85 
2016/11/21 27.00 27.20 27.00 27.20 
2016/11/22 27.30 27.30 27.00 27.00 
2016/11/24 27.00 27.00 27.00 27.00 
2016/11/28 26.65 27.40 26.00 27.40 
2016/11/29 26.00 26.30 26.00 26.30 
2016/11/30 26.30 26.95 26.30 26.30 
2016/12/02 24.00 26.50 24.00 26.50 
2016/12/05 25.85 25.85 25.85 25.85 
2016/12/06 25.30 25.80 25.30 25.60 
2016/12/07 25.80 26.00 25.80 26.00 
2016/12/08 26.00 27.40 26.00 27.40 
2016/12/09 27.75 27.75 26.85 26.85 
2016/12/14 25.50 27.20 25.50 27.20 
2016/12/15 29.60 29.65 26.70 27.90 
2016/12/16 27.90 27.90 26.65 26.65 
2016/12/19 27.20 27.20 26.50 26.50 
2016/12/20 26.65 27.50 26.50 26.50 
2016/12/21 26.50 27.00 26.50 27.00 
2016/12/23 26.85 26.85 26.60 26.60 
2016/12/28 26.40 26.40 26.40 26.40 
2016/12/29 26.95 26.95 26.95 26.95 
2016/12/30 26.35 28.40 26.30 28.40 
2017/01/03 27.95 28.00 27.60 28.00 
2017/01/04 30.60 30.60 28.80 29.00 
2017/01/05 28.95 28.95 28.40 28.40 
2017/01/06 27.15 27.35 27.10 27.35 
2017/01/09 27.30 29.00 27.30 29.00 
2017/01/10 27.20 29.00 27.20 29.00 
2017/01/11 27.55 28.50 27.50 28.00 
2017/01/12 28.00 28.00 28.00 28.00 
2017/01/16 26.80 27.00 26.80 27.00 
2017/01/17 27.00 27.00 26.60 26.60 
2017/01/18 26.95 26.95 26.65 26.95 
2017/01/19 26.90 27.65 26.90 27.65 
2017/01/20 27.60 28.80 27.40 28.40 
2017/01/23 28.00 28.50 27.90 28.50 
2017/01/24 28.20 28.45 28.20 28.45 
2017/02/02 28.55 29.50 28.55 29.00 
2017/02/03 29.00 29.45 29.00 29.00 
2017/02/06 29.20 29.20 29.00 29.00 
2017/02/07 28.95 29.05 28.95 29.00 
2017/02/08 28.95 29.25 28.55 28.55 
