2016/07/01 64.50 64.50 63.60 64.20 
2016/07/04 63.50 66.50 63.50 65.70 
2016/07/05 65.00 65.80 64.70 64.70 
2016/07/06 65.40 66.00 64.80 65.30 
2016/07/07 65.50 66.00 64.90 65.60 
2016/07/11 65.90 66.50 65.30 66.00 
2016/07/12 66.00 66.00 65.00 65.30 
2016/07/13 65.50 65.80 64.90 65.20 
2016/07/14 63.40 64.00 62.30 62.60 
2016/07/15 63.00 63.20 62.50 63.00 
2016/07/18 63.00 63.10 62.70 63.10 
2016/07/19 63.40 64.10 62.50 63.50 
2016/07/20 63.50 63.50 62.50 63.00 
2016/07/21 63.50 63.70 62.80 63.20 
2016/07/22 63.40 63.40 62.60 63.10 
2016/07/25 63.10 63.30 62.90 63.20 
2016/07/26 63.30 63.30 62.30 63.10 
2016/07/27 63.50 63.70 62.80 63.00 
2016/07/28 63.00 63.30 61.80 62.50 
2016/07/29 62.60 62.70 61.70 62.70 
2016/08/01 62.70 63.40 62.00 63.00 
2016/08/02 63.00 63.50 63.00 63.50 
2016/08/03 63.50 64.30 63.50 64.00 
2016/08/04 64.00 64.10 63.50 64.10 
2016/08/05 64.10 64.20 63.60 64.00 
2016/08/08 62.10 63.40 62.10 63.10 
2016/08/09 63.10 63.40 62.60 63.00 
2016/08/10 63.00 63.70 62.90 63.00 
2016/08/11 63.00 63.50 62.00 63.20 
2016/08/12 63.10 63.30 62.40 63.00 
2016/08/15 63.00 63.10 62.50 63.00 
2016/08/16 63.10 63.20 62.80 63.20 
2016/08/17 63.30 63.30 62.90 63.20 
2016/08/18 63.10 63.10 62.70 63.00 
2016/08/19 63.00 63.10 62.50 62.80 
2016/08/22 62.90 65.00 62.90 63.50 
2016/08/23 64.40 65.00 63.70 64.60 
2016/08/24 66.50 68.00 66.20 66.20 
2016/08/25 66.60 66.80 65.90 66.30 
2016/08/26 67.30 67.30 66.10 66.40 
2016/08/29 66.00 66.40 65.30 65.80 
2016/08/30 66.50 66.50 65.60 66.10 
2016/08/31 66.00 66.60 65.50 65.60 
2016/09/01 65.30 65.40 65.10 65.30 
2016/09/02 65.90 65.90 64.60 64.60 
2016/09/05 65.00 66.00 65.00 65.60 
2016/09/06 65.10 65.90 65.10 65.30 
2016/09/07 66.00 68.00 66.00 66.50 
2016/09/08 66.50 67.20 66.50 67.00 
2016/09/09 67.20 67.20 66.10 66.50 
2016/09/10 66.10 66.10 64.80 65.50 
2016/09/12 65.50 65.50 64.60 65.00 
2016/09/13 65.00 65.00 64.30 64.80 
2016/09/14 65.00 65.00 64.00 64.60 
2016/09/19 65.10 65.20 64.60 65.00 
2016/09/20 64.50 65.20 64.10 65.20 
2016/09/21 65.00 65.00 64.60 64.90 
2016/09/22 65.20 65.50 64.90 65.20 
2016/09/23 65.00 65.00 63.00 64.80 
2016/09/26 64.00 64.70 64.00 64.50 
2016/09/29 65.00 65.10 64.50 65.10 
2016/09/30 65.00 65.10 64.50 65.00 
2016/10/03 65.20 65.30 64.80 64.90 
2016/10/04 65.30 66.30 65.30 65.90 
2016/10/05 67.00 67.00 66.10 66.40 
2016/10/06 66.40 66.40 64.50 65.40 
2016/10/07 65.30 65.40 64.50 65.30 
2016/10/11 64.60 64.90 63.30 64.60 
2016/10/12 64.20 64.70 64.00 64.60 
2016/10/13 64.80 64.80 64.00 64.50 
2016/10/14 64.50 64.90 63.00 64.30 
2016/10/17 63.00 64.50 62.50 64.50 
2016/10/18 64.00 64.30 63.20 64.00 
2016/10/19 64.00 64.40 63.50 64.10 
2016/10/20 63.50 63.60 63.00 63.50 
2016/10/21 64.00 64.00 63.50 64.00 
2016/10/24 64.00 64.00 63.00 63.90 
2016/10/25 64.00 64.00 63.20 63.70 
2016/10/26 63.50 63.90 63.50 63.60 
2016/10/27 63.70 63.90 63.70 63.80 
2016/10/28 64.00 64.00 63.30 63.30 
2016/10/31 62.50 63.70 62.50 63.70 
2016/11/01 62.30 63.50 62.30 63.50 
2016/11/02 63.50 64.10 62.30 62.40 
2016/11/03 63.00 63.00 61.90 62.40 
2016/11/04 61.50 62.60 61.10 62.40 
2016/11/07 61.50 62.00 60.50 60.90 
2016/11/08 61.00 61.00 58.00 60.00 
2016/11/09 60.30 60.30 58.00 59.40 
2016/11/10 59.40 59.40 58.00 58.80 
2016/11/11 58.90 59.00 58.00 58.30 
2016/11/14 58.80 58.80 58.00 58.50 
2016/11/15 58.50 58.50 58.10 58.50 
2016/11/16 58.90 59.00 58.50 58.80 
2016/11/17 59.70 59.70 58.50 59.20 
2016/11/18 59.50 59.50 58.70 59.30 
2016/11/21 59.30 59.80 59.00 59.80 
2016/11/22 59.80 59.80 59.00 59.40 
2016/11/23 59.50 59.80 58.50 59.50 
2016/11/24 58.80 59.40 58.50 59.40 
2016/11/25 58.60 59.10 58.60 58.90 
2016/11/28 58.90 59.20 58.50 59.20 
2016/11/29 59.00 59.30 59.00 59.30 
2016/11/30 59.40 59.40 58.60 59.40 
2016/12/01 59.40 59.40 58.50 59.40 
2016/12/02 59.20 59.20 59.20 59.20 
2016/12/05 59.20 59.70 58.20 59.30 
2016/12/06 58.60 58.90 58.30 58.80 
2016/12/07 58.40 58.90 58.00 58.90 
2016/12/08 58.90 58.90 58.20 58.80 
2016/12/09 58.40 59.20 58.40 59.00 
2016/12/12 59.30 59.30 59.00 59.00 
2016/12/13 58.60 58.60 58.60 58.60 
2016/12/14 58.50 58.70 58.00 58.20 
2016/12/15 58.30 58.30 58.00 58.00 
2016/12/16 58.20 58.20 57.50 58.00 
2016/12/19 57.50 58.00 57.50 58.00 
2016/12/20 57.10 57.80 57.10 57.50 
2016/12/21 57.00 58.10 56.70 57.50 
2016/12/22 57.50 57.50 57.00 57.50 
2016/12/23 57.40 57.50 57.00 57.50 
2016/12/26 57.50 57.50 56.60 56.90 
2016/12/27 56.90 57.50 56.90 57.40 
2016/12/28 56.60 57.00 54.60 56.00 
2016/12/29 55.10 56.70 55.00 56.70 
2016/12/30 56.90 56.90 55.40 56.60 
2017/01/03 56.60 56.90 56.60 56.90 
2017/01/04 55.30 56.70 55.30 56.30 
2017/01/05 56.90 56.90 56.00 56.70 
2017/01/06 56.50 56.90 56.50 56.80 
2017/01/09 57.10 57.20 56.20 56.90 
2017/01/10 57.00 57.00 56.30 57.00 
2017/01/11 56.50 57.10 56.50 57.00 
2017/01/12 56.80 56.80 56.50 56.50 
2017/01/13 56.50 57.50 56.10 57.10 
2017/01/16 57.10 57.30 56.70 57.00 
2017/01/17 57.00 57.20 57.00 57.20 
2017/01/18 56.50 57.50 56.50 57.10 
2017/01/19 57.10 57.10 57.00 57.00 
2017/01/20 56.60 57.30 56.50 56.90 
2017/01/23 57.30 57.30 55.90 56.50 
2017/01/24 56.10 56.20 55.70 56.00 
2017/02/02 55.90 57.00 55.60 56.10 
2017/02/03 56.30 56.70 56.00 56.60 
2017/02/06 56.90 59.40 56.90 58.70 
2017/02/07 59.00 59.00 58.60 58.80 
2017/02/08 59.00 59.40 58.90 59.20 
