2016/07/01 105.00 105.50 104.00 105.00 
2016/07/04 105.00 109.00 104.50 107.00 
2016/07/05 107.00 108.00 106.00 106.50 
2016/07/06 105.50 106.00 104.00 104.00 
2016/07/07 104.00 105.00 103.50 103.50 
2016/07/11 105.00 105.50 103.00 103.50 
2016/07/12 105.00 105.50 103.50 103.50 
2016/07/13 104.00 105.00 103.50 105.00 
2016/07/14 106.00 109.50 106.00 109.50 
2016/07/15 108.50 110.00 107.50 108.00 
2016/07/18 108.50 108.50 105.50 105.50 
2016/07/19 106.00 106.00 103.50 103.50 
2016/07/20 104.50 105.50 103.00 103.50 
2016/07/21 105.00 105.00 103.50 104.50 
2016/07/22 104.50 105.00 104.00 105.00 
2016/07/25 105.50 106.50 104.50 105.00 
2016/07/26 105.00 105.00 103.50 103.50 
2016/07/27 104.00 107.50 104.00 106.00 
2016/07/28 106.50 106.50 103.50 104.00 
2016/07/29 103.50 104.50 102.00 104.00 
2016/08/01 103.00 103.50 102.50 102.50 
2016/08/02 103.50 103.50 101.50 102.00 
2016/08/03 102.00 103.00 101.50 102.50 
2016/08/04 103.50 104.00 103.00 104.00 
2016/08/05 104.50 104.50 103.50 104.00 
2016/08/08 104.50 105.50 103.00 103.00 
2016/08/09 104.00 105.00 99.90 101.00 
2016/08/10 101.00 102.00 100.00 101.50 
2016/08/11 102.00 102.00 100.00 100.00 
2016/08/12 99.80 102.00 99.60 101.00 
2016/08/15 102.50 103.00 101.00 102.00 
2016/08/16 102.50 103.00 100.00 100.50 
2016/08/17 100.50 103.50 100.50 103.00 
2016/08/18 102.50 103.00 100.50 101.50 
2016/08/19 102.00 102.50 101.00 102.00 
2016/08/22 103.00 103.00 99.60 99.70 
2016/08/23 99.50 101.00 99.50 101.00 
2016/08/24 101.00 101.50 100.00 100.00 
2016/08/25 91.80 93.90 91.80 93.10 
2016/08/26 93.30 93.40 91.80 91.80 
2016/08/29 91.80 92.30 90.80 91.10 
2016/08/30 92.40 92.40 90.70 92.30 
2016/08/31 93.70 95.60 93.50 93.70 
2016/09/01 94.40 94.40 92.90 92.90 
2016/09/02 93.50 93.50 90.70 90.80 
2016/09/05 91.60 92.70 90.60 91.60 
2016/09/06 91.80 92.70 91.30 91.50 
2016/09/07 92.30 92.90 92.00 92.00 
2016/09/08 92.00 94.10 92.00 93.40 
2016/09/09 93.40 93.60 92.20 92.40 
2016/09/10 91.20 92.00 91.00 91.60 
2016/09/12 92.60 92.60 91.00 91.00 
2016/09/13 92.00 92.00 89.30 89.70 
2016/09/14 89.40 90.00 89.00 89.50 
2016/09/19 90.10 93.10 89.50 92.70 
2016/09/20 93.50 94.00 92.70 92.70 
2016/09/21 93.30 93.40 92.20 92.40 
2016/09/22 93.40 93.40 92.40 92.60 
2016/09/23 93.00 93.70 92.70 93.70 
2016/09/26 93.70 94.00 92.50 92.80 
2016/09/29 93.10 93.60 92.20 92.20 
2016/09/30 91.90 92.30 91.50 91.50 
2016/10/03 91.70 91.90 91.10 91.40 
2016/10/04 91.50 93.20 91.50 92.90 
2016/10/05 92.80 92.80 91.90 91.90 
2016/10/06 92.60 92.60 91.50 92.00 
2016/10/07 90.50 90.50 88.30 88.30 
2016/10/11 88.10 88.50 85.00 85.10 
2016/10/12 85.10 86.20 85.10 86.00 
2016/10/13 86.00 86.50 85.00 85.10 
2016/10/14 85.00 85.40 82.90 83.40 
2016/10/17 83.50 84.00 82.00 82.30 
2016/10/18 82.30 83.00 82.00 82.70 
2016/10/19 84.20 84.20 82.30 82.40 
2016/10/20 82.70 83.00 82.30 82.60 
2016/10/21 82.60 84.80 82.60 83.90 
2016/10/24 83.90 83.90 83.30 83.60 
2016/10/25 83.60 84.10 82.70 83.50 
2016/10/26 83.50 83.80 83.10 83.20 
2016/10/27 83.90 83.90 82.80 82.80 
2016/10/28 83.20 83.20 81.30 81.40 
2016/10/31 80.90 82.00 80.60 82.00 
2016/11/01 82.20 82.20 81.20 81.60 
2016/11/02 81.90 81.90 79.60 79.60 
2016/11/03 79.50 79.70 77.80 78.60 
2016/11/04 78.60 79.50 78.00 78.00 
2016/11/07 79.00 79.00 75.90 78.50 
2016/11/08 83.50 84.60 82.50 83.00 
2016/11/09 83.40 83.60 79.50 80.90 
2016/11/10 83.00 85.00 83.00 84.50 
2016/11/11 84.00 84.50 82.30 83.30 
2016/11/14 81.80 81.80 79.00 79.80 
2016/11/15 79.80 80.70 79.20 79.20 
2016/11/16 79.50 81.20 79.30 81.20 
2016/11/17 81.00 81.20 80.20 81.20 
2016/11/18 81.30 82.60 80.50 82.50 
2016/11/21 82.50 82.90 82.00 82.50 
2016/11/22 83.10 84.30 82.80 83.20 
2016/11/23 83.30 83.50 82.50 82.50 
2016/11/24 82.60 83.00 82.10 82.40 
2016/11/25 83.00 83.40 82.20 82.20 
2016/11/28 83.30 83.60 82.70 83.50 
2016/11/29 83.80 84.10 83.30 83.70 
2016/11/30 83.70 84.60 83.70 84.10 
2016/12/01 84.30 87.60 84.30 87.00 
2016/12/02 86.90 88.60 85.90 87.30 
2016/12/05 88.30 88.30 86.60 87.30 
2016/12/06 87.90 88.10 86.90 87.80 
2016/12/07 87.80 88.70 87.20 87.80 
2016/12/08 88.20 88.40 86.70 86.70 
2016/12/09 87.30 88.50 87.00 87.30 
2016/12/12 87.50 87.90 86.40 87.00 
2016/12/13 87.00 87.00 85.20 86.60 
2016/12/14 87.50 87.60 85.60 87.30 
2016/12/15 87.20 88.20 87.00 87.80 
2016/12/16 88.10 88.40 87.20 87.30 
2016/12/19 86.90 87.80 86.60 86.80 
2016/12/20 88.00 88.20 87.00 87.90 
2016/12/21 87.90 88.00 87.50 87.50 
2016/12/22 87.90 87.90 86.80 87.10 
2016/12/23 87.60 87.60 85.80 86.00 
2016/12/26 86.90 87.00 85.30 85.60 
2016/12/27 85.50 86.40 85.50 85.50 
2016/12/28 86.00 86.50 85.70 86.00 
2016/12/29 85.80 86.50 85.30 85.80 
2016/12/30 86.50 86.50 85.50 86.00 
2017/01/03 85.80 86.80 85.30 85.50 
2017/01/04 85.80 86.30 85.80 86.00 
2017/01/05 86.80 89.40 86.40 89.40 
2017/01/06 90.00 90.30 88.30 88.30 
2017/01/09 88.50 88.80 86.10 86.20 
2017/01/10 86.50 86.60 85.30 85.70 
2017/01/11 86.20 86.30 84.30 84.40 
2017/01/12 85.00 85.00 84.10 84.10 
2017/01/13 84.10 85.00 84.10 84.30 
2017/01/16 84.50 84.50 82.40 82.50 
2017/01/17 82.50 83.20 82.30 82.90 
2017/01/18 82.50 82.80 82.30 82.50 
2017/01/19 82.80 82.80 81.90 82.40 
2017/01/20 82.40 82.40 81.80 82.30 
2017/01/23 82.40 83.00 81.90 81.90 
2017/01/24 82.20 82.30 81.80 82.00 
2017/02/02 82.50 82.60 81.60 81.60 
2017/02/03 81.60 84.30 81.60 84.20 
2017/02/06 84.20 84.20 83.50 83.60 
2017/02/07 85.30 87.30 85.20 87.30 
2017/02/08 87.20 87.20 86.40 87.00 
