2016/07/01 13.15 13.15 12.65 12.80 
2016/07/04 12.80 12.80 12.30 12.65 
2016/07/05 12.80 13.70 12.80 13.15 
2016/07/06 12.90 13.15 12.85 12.85 
2016/07/07 13.00 13.30 13.00 13.05 
2016/07/11 12.75 13.15 12.75 12.85 
2016/07/12 12.80 13.30 12.80 13.10 
2016/07/13 13.00 13.15 13.00 13.00 
2016/07/14 13.20 13.20 12.95 12.95 
2016/07/15 12.90 13.10 12.90 13.10 
2016/07/18 13.15 13.15 13.00 13.00 
2016/07/19 13.05 13.25 13.00 13.15 
2016/07/20 13.15 13.15 13.00 13.05 
2016/07/21 13.10 13.45 13.10 13.15 
2016/07/22 13.35 14.00 13.25 13.50 
2016/07/25 13.60 13.90 13.30 13.75 
2016/07/26 13.70 13.90 13.50 13.70 
2016/07/27 13.60 13.80 13.45 13.55 
2016/07/28 13.55 14.90 13.50 14.90 
2016/07/29 14.85 14.90 14.20 14.60 
2016/08/01 14.40 15.10 14.35 15.00 
2016/08/02 14.70 15.15 14.70 14.85 
2016/08/03 14.80 15.20 14.60 15.15 
2016/08/04 15.25 15.25 15.00 15.05 
2016/08/05 15.10 15.45 14.80 15.45 
2016/08/08 15.60 15.75 15.40 15.55 
2016/08/09 15.55 15.85 15.50 15.60 
2016/08/10 15.45 15.45 14.65 14.70 
2016/08/11 14.80 14.80 14.20 14.30 
2016/08/12 14.40 14.80 14.30 14.80 
2016/08/15 14.95 14.95 14.45 14.45 
2016/08/16 14.45 15.00 14.25 15.00 
2016/08/17 14.65 14.90 14.45 14.90 
2016/08/18 14.95 15.20 14.70 15.00 
2016/08/19 15.15 15.15 14.65 15.00 
2016/08/22 14.65 15.00 14.65 15.00 
2016/08/23 15.15 15.15 14.80 14.95 
2016/08/24 15.00 15.00 14.70 14.95 
2016/08/25 14.85 15.80 14.85 15.00 
2016/08/26 15.00 15.15 14.70 15.10 
2016/08/29 14.70 14.85 14.60 14.85 
2016/08/30 14.60 14.90 14.60 14.60 
2016/08/31 14.65 14.85 14.55 14.60 
2016/09/01 14.50 14.55 14.20 14.20 
2016/09/02 14.15 14.25 14.05 14.20 
2016/09/05 14.10 14.30 14.00 14.30 
2016/09/06 14.05 14.20 13.90 13.90 
2016/09/07 14.05 14.65 14.05 14.20 
2016/09/08 14.60 14.60 14.35 14.35 
2016/09/09 14.65 14.80 14.45 14.55 
2016/09/10 14.55 14.70 14.30 14.70 
2016/09/12 14.40 14.40 14.30 14.35 
2016/09/13 14.70 14.70 14.70 14.70 
2016/09/14 14.55 14.55 14.40 14.40 
2016/09/19 14.50 14.60 14.50 14.55 
2016/09/20 14.25 14.25 14.00 14.25 
2016/09/21 14.20 14.30 14.05 14.30 
2016/09/22 14.05 14.30 14.05 14.30 
2016/09/23 14.25 14.40 14.20 14.40 
2016/09/26 14.40 14.40 14.40 14.40 
2016/09/29 14.30 14.45 14.30 14.45 
2016/09/30 14.55 14.55 14.25 14.50 
2016/10/03 14.50 14.50 14.50 14.50 
2016/10/04 14.50 14.50 14.50 14.50 
2016/10/05 14.35 14.50 14.35 14.50 
2016/10/06 14.50 14.50 14.30 14.50 
2016/10/07 14.40 14.40 14.30 14.40 
2016/10/11 14.40 14.40 13.75 14.15 
2016/10/12 14.00 14.00 13.60 13.80 
2016/10/13 13.80 14.35 13.80 14.35 
2016/10/14 14.10 14.10 13.70 13.70 
2016/10/17 13.45 13.55 13.35 13.55 
2016/10/18 13.50 14.00 13.50 14.00 
2016/10/19 13.90 13.90 13.70 13.70 
2016/10/20 13.60 13.85 13.50 13.80 
2016/10/21 13.60 13.75 13.60 13.75 
2016/10/24 14.00 14.00 13.80 13.95 
2016/10/25 13.80 14.05 13.60 13.65 
2016/10/26 13.55 13.60 13.00 13.50 
2016/10/27 13.50 13.60 13.20 13.60 
2016/10/28 13.55 13.60 13.35 13.60 
2016/10/31 13.60 13.60 13.30 13.55 
2016/11/01 13.85 13.85 13.85 13.85 
2016/11/03 13.35 13.75 13.30 13.75 
2016/11/04 14.75 14.75 13.70 13.70 
2016/11/07 13.65 13.70 13.60 13.70 
2016/11/08 13.40 13.55 13.40 13.55 
2016/11/09 13.45 13.55 13.40 13.50 
2016/11/10 13.75 13.95 13.50 13.85 
2016/11/11 13.75 13.80 13.40 13.80 
2016/11/15 13.40 13.80 13.40 13.80 
2016/11/16 13.80 13.80 13.30 13.75 
2016/11/17 13.70 13.75 13.50 13.75 
2016/11/18 13.45 13.75 13.45 13.75 
2016/11/21 13.50 13.70 13.50 13.70 
2016/11/22 13.60 13.75 13.55 13.75 
2016/11/23 13.85 13.85 13.50 13.70 
2016/11/24 13.55 13.85 13.55 13.60 
2016/11/25 13.60 13.75 13.40 13.70 
2016/11/28 13.65 13.70 13.65 13.70 
2016/11/29 13.50 13.50 13.45 13.45 
2016/11/30 14.15 14.15 13.40 13.45 
2016/12/01 13.45 13.70 13.40 13.70 
2016/12/02 13.65 14.05 13.55 14.05 
2016/12/05 14.05 14.05 14.05 14.05 
2016/12/06 13.75 13.85 13.70 13.80 
2016/12/07 13.70 14.00 13.70 13.80 
2016/12/08 14.00 14.00 13.70 13.95 
2016/12/09 13.95 13.95 13.70 13.95 
2016/12/12 13.90 14.00 13.80 14.00 
2016/12/13 14.20 14.20 13.70 14.00 
2016/12/14 13.80 13.90 13.75 13.90 
2016/12/15 13.75 13.80 13.70 13.80 
2016/12/16 13.70 13.90 13.70 13.90 
2016/12/19 13.80 14.05 13.80 14.05 
2016/12/20 13.80 14.15 13.80 14.00 
2016/12/21 14.00 14.85 13.95 14.05 
2016/12/22 14.05 14.05 13.90 13.95 
2016/12/23 14.10 14.10 13.95 14.00 
2016/12/26 13.90 14.00 13.80 14.00 
2016/12/27 14.10 14.10 13.90 14.05 
2016/12/28 14.10 14.10 13.85 14.10 
2016/12/29 14.10 14.10 13.95 14.00 
2016/12/30 13.85 14.10 13.85 14.10 
2017/01/03 14.10 14.10 14.00 14.10 
2017/01/04 13.95 14.05 13.90 14.05 
2017/01/05 14.05 14.35 13.90 14.05 
2017/01/06 14.00 14.10 14.00 14.05 
2017/01/09 14.10 14.50 14.00 14.05 
2017/01/10 14.00 14.10 13.95 14.00 
2017/01/11 14.00 14.10 13.80 13.80 
2017/01/12 13.85 14.00 13.80 13.90 
2017/01/13 13.90 14.05 13.70 14.05 
2017/01/16 13.90 14.05 13.90 14.05 
2017/01/17 13.85 13.90 13.80 13.80 
2017/01/18 13.90 14.00 13.90 14.00 
2017/01/19 13.90 14.00 13.90 14.00 
2017/01/20 13.95 14.00 13.85 14.00 
2017/01/23 13.90 14.00 13.80 14.00 
2017/01/24 14.00 14.30 14.00 14.20 
2017/02/02 14.30 14.30 13.60 13.90 
2017/02/03 13.90 14.20 13.90 13.95 
2017/02/06 14.70 14.70 14.10 14.20 
2017/02/07 14.10 14.35 14.05 14.35 
2017/02/08 14.20 14.30 14.20 14.20 
