2016/07/01 33.40 33.75 32.50 32.50 
2016/07/04 32.40 33.15 31.60 32.45 
2016/07/05 32.50 34.15 31.90 31.90 
2016/07/06 31.55 32.20 30.15 30.60 
2016/07/07 31.20 32.00 31.20 31.50 
2016/07/11 31.00 31.00 30.05 30.55 
2016/07/12 29.70 32.00 29.70 30.85 
2016/07/13 30.80 30.80 30.10 30.20 
2016/07/14 29.55 30.00 29.50 30.00 
2016/07/15 29.70 30.25 29.65 29.90 
2016/07/18 29.90 30.95 29.50 30.95 
2016/07/19 30.85 31.00 30.85 31.00 
2016/07/20 30.00 30.00 28.85 29.00 
2016/07/21 28.70 28.75 27.60 28.75 
2016/07/22 28.15 28.75 28.00 28.20 
2016/07/25 28.10 28.20 27.50 28.20 
2016/07/26 27.70 28.20 27.60 28.20 
2016/07/27 27.90 28.10 27.40 28.10 
2016/07/28 27.55 27.95 27.00 27.95 
2016/07/29 27.90 28.10 27.90 28.00 
2016/08/01 28.00 28.05 28.00 28.00 
2016/08/02 27.90 27.95 27.90 27.90 
2016/08/03 27.90 27.90 27.90 27.90 
2016/08/04 27.90 27.90 27.90 27.90 
2016/08/05 27.90 27.95 27.00 27.95 
2016/08/08 27.50 27.95 27.35 27.95 
2016/08/09 27.40 27.70 26.85 27.60 
2016/08/10 27.20 27.75 27.00 27.75 
2016/08/11 27.50 27.75 27.20 27.70 
2016/08/12 27.10 27.70 27.00 27.70 
2016/08/15 27.70 27.90 27.40 27.40 
2016/08/16 27.05 27.95 27.05 27.95 
2016/08/17 27.50 28.25 27.50 27.95 
2016/08/18 27.50 29.00 27.50 29.00 
2016/08/19 28.90 29.00 28.90 29.00 
2016/08/22 28.90 29.00 28.80 29.00 
2016/08/23 29.00 31.80 29.00 30.40 
2016/08/24 30.00 30.00 29.25 30.00 
2016/08/25 30.00 30.00 29.15 29.95 
2016/08/26 30.00 30.10 29.70 30.00 
2016/08/29 32.00 32.00 29.90 31.00 
2016/08/30 28.05 29.10 27.75 28.50 
2016/08/31 29.25 29.25 28.00 29.00 
2016/09/01 28.50 29.00 28.20 28.80 
2016/09/02 28.85 28.85 28.50 28.50 
2016/09/05 27.85 28.40 27.40 28.10 
2016/09/06 27.50 28.00 27.40 27.90 
2016/09/07 27.40 27.90 27.40 27.85 
2016/09/08 28.00 28.00 27.00 27.80 
2016/09/09 27.10 27.70 27.10 27.55 
2016/09/10 28.90 28.90 26.75 27.60 
2016/09/12 26.50 27.40 26.00 26.00 
2016/09/13 26.10 26.40 25.00 26.40 
2016/09/14 26.00 26.55 25.30 26.35 
2016/09/19 25.75 26.80 25.70 26.00 
2016/09/20 25.60 26.00 25.35 26.00 
2016/09/21 25.65 26.00 25.00 25.60 
2016/09/22 25.20 26.05 25.20 26.05 
2016/09/23 26.00 26.45 26.00 26.45 
2016/09/26 26.30 26.30 25.00 25.90 
2016/09/29 24.70 28.00 24.70 27.00 
2016/09/30 26.50 27.55 26.30 27.50 
2016/10/03 26.95 27.80 26.65 27.80 
2016/10/04 27.80 27.90 27.20 27.80 
2016/10/05 27.50 30.25 27.40 29.45 
2016/10/06 29.45 29.45 28.80 29.30 
2016/10/07 29.00 29.00 28.00 28.85 
2016/10/11 28.30 28.30 27.60 27.65 
2016/10/12 27.00 27.45 26.70 27.45 
2016/10/13 27.50 27.50 27.50 27.50 
2016/10/14 26.80 27.35 25.75 26.95 
2016/10/17 26.90 27.15 26.90 27.15 
2016/10/18 26.75 27.00 26.45 27.00 
2016/10/19 26.75 26.75 26.75 26.75 
2016/10/20 26.75 26.80 26.20 26.80 
2016/10/21 26.40 26.70 26.25 26.70 
2016/10/24 26.30 26.70 26.10 26.60 
2016/10/25 26.30 26.75 26.30 26.70 
2016/10/26 26.40 26.85 26.35 26.75 
2016/10/27 26.85 27.00 26.85 26.95 
2016/10/28 26.65 27.20 26.50 27.20 
2016/10/31 27.00 27.40 27.00 27.40 
2016/11/01 27.40 27.40 27.30 27.40 
2016/11/02 27.40 27.40 27.40 27.40 
2016/11/03 27.40 27.40 26.90 27.35 
2016/11/04 26.65 27.30 26.65 27.30 
2016/11/07 26.95 27.30 26.90 27.10 
2016/11/08 26.55 27.00 26.55 26.95 
2016/11/09 26.90 27.25 26.05 26.80 
2016/11/10 27.15 27.15 26.50 26.75 
2016/11/11 26.75 26.75 25.00 26.60 
2016/11/14 26.60 27.00 26.00 26.90 
2016/11/15 27.00 27.10 26.45 26.90 
2016/11/16 26.50 26.90 26.50 26.75 
2016/11/17 26.25 26.60 25.80 26.60 
2016/11/18 26.75 26.75 26.10 26.60 
2016/11/21 26.30 26.45 26.00 26.40 
2016/11/22 26.10 26.25 25.70 26.15 
2016/11/23 25.90 26.30 25.60 26.00 
2016/11/24 25.65 25.90 24.75 25.90 
2016/11/25 25.50 26.00 25.35 26.00 
2016/11/28 25.55 26.20 25.55 25.90 
2016/11/29 26.00 27.35 26.00 27.20 
2016/11/30 27.20 28.50 27.20 27.50 
2016/12/01 27.90 28.00 27.05 27.40 
2016/12/02 27.75 27.75 27.05 27.40 
2016/12/05 27.50 29.00 27.25 27.50 
2016/12/06 27.20 27.60 27.05 27.30 
2016/12/07 26.95 27.20 26.85 27.15 
2016/12/08 27.25 27.95 26.55 26.60 
2016/12/09 26.95 27.00 26.00 26.45 
2016/12/12 25.95 26.30 25.90 26.30 
2016/12/13 25.90 26.45 25.60 26.35 
2016/12/14 26.00 26.15 25.95 26.15 
2016/12/15 25.95 26.35 25.85 26.05 
2016/12/16 25.75 26.05 25.55 26.05 
2016/12/19 25.85 26.00 25.50 26.00 
2016/12/20 25.75 26.15 25.45 26.00 
2016/12/21 26.30 26.30 26.00 26.00 
2016/12/22 26.00 27.00 25.50 26.00 
2016/12/23 26.90 26.90 26.90 26.90 
2016/12/26 26.90 26.90 26.05 26.40 
2016/12/27 26.00 26.40 25.95 26.40 
2016/12/28 26.10 26.50 25.90 26.10 
2016/12/29 26.25 26.25 25.90 26.05 
2016/12/30 26.10 26.10 25.85 26.10 
2017/01/03 26.10 27.20 26.10 27.00 
2017/01/04 26.40 27.00 26.40 27.00 
2017/01/05 26.65 27.00 26.00 27.00 
2017/01/06 26.55 26.55 26.20 26.30 
2017/01/09 25.85 26.25 25.85 26.00 
2017/01/10 25.85 26.10 25.80 25.80 
2017/01/11 25.90 26.20 25.80 26.00 
2017/01/12 25.75 26.05 25.75 26.05 
2017/01/13 25.80 26.00 25.80 26.00 
2017/01/16 25.70 26.00 25.65 25.90 
2017/01/17 25.65 25.90 25.55 25.85 
2017/01/18 25.65 26.00 25.40 26.00 
2017/01/19 25.70 25.85 25.00 25.80 
2017/01/20 25.55 25.90 25.00 25.75 
2017/01/23 25.45 27.10 25.45 27.00 
2017/01/24 26.30 26.45 25.90 26.30 
2017/02/02 26.50 26.95 26.10 26.45 
2017/02/03 26.40 26.45 26.15 26.45 
2017/02/06 26.50 27.20 26.25 27.20 
2017/02/07 27.00 27.45 26.75 27.45 
2017/02/08 27.10 27.70 26.90 27.40 
