2016/07/01 2.64 2.66 2.64 2.65 
2016/07/04 2.65 2.73 2.65 2.73 
2016/07/05 2.72 2.80 2.65 2.80 
2016/07/07 2.65 2.65 2.60 2.65 
2016/07/11 2.65 2.65 2.50 2.50 
2016/07/12 2.60 2.65 2.60 2.65 
2016/07/13 2.64 2.71 2.60 2.60 
2016/07/14 2.60 2.60 2.42 2.60 
2016/07/15 2.45 2.51 2.38 2.51 
2016/07/18 2.62 2.62 2.51 2.51 
2016/07/19 2.51 2.53 2.51 2.53 
2016/07/20 2.53 2.55 2.32 2.55 
2016/07/21 2.55 2.55 2.55 2.55 
2016/07/22 2.42 2.52 2.42 2.52 
2016/07/25 2.51 2.51 2.51 2.51 
2016/07/26 2.51 2.51 2.51 2.51 
2016/07/27 2.51 2.66 2.51 2.60 
2016/07/29 2.62 2.62 2.53 2.53 
2016/08/01 2.52 2.60 2.52 2.60 
2016/08/02 2.59 2.59 2.55 2.55 
2016/08/03 2.46 2.60 2.46 2.60 
2016/08/04 2.58 2.58 2.51 2.52 
2016/08/05 2.55 2.55 2.44 2.44 
2016/08/08 2.44 2.44 2.30 2.30 
2016/08/09 2.30 2.30 2.30 2.30 
2016/08/10 2.30 2.44 2.30 2.30 
2016/08/11 2.31 2.31 2.31 2.31 
2016/08/12 2.31 2.41 2.13 2.30 
2016/08/15 2.17 2.30 2.17 2.29 
2016/08/16 2.21 2.31 2.21 2.31 
2016/08/18 2.20 2.28 2.20 2.28 
2016/08/19 2.25 2.26 2.25 2.25 
2016/08/22 2.20 2.25 2.20 2.25 
2016/08/23 2.25 2.30 2.25 2.30 
2016/08/24 2.14 2.20 2.14 2.20 
2016/08/25 2.25 2.25 2.20 2.20 
2016/08/26 2.02 2.15 2.02 2.15 
2016/08/29 2.02 2.13 2.02 2.13 
2016/08/30 2.14 2.15 2.14 2.15 
2016/08/31 2.09 2.23 2.09 2.23 
2016/09/01 2.39 2.39 2.39 2.39 
2016/09/02 2.30 2.54 2.30 2.54 
2016/09/05 2.69 2.69 2.59 2.59 
2016/09/06 2.64 2.64 2.37 2.37 
2016/09/07 2.53 2.53 2.32 2.52 
2016/09/08 2.35 2.42 2.35 2.42 
2016/09/09 2.63 2.63 2.50 2.50 
2016/09/10 2.39 2.42 2.39 2.42 
2016/09/12 2.50 2.50 2.49 2.50 
2016/09/13 2.42 2.66 2.42 2.66 
2016/09/14 2.46 2.60 2.46 2.60 
2016/09/19 2.47 2.57 2.47 2.57 
2016/09/20 2.56 2.56 2.56 2.56 
2016/09/21 2.41 2.54 2.41 2.52 
2016/09/22 2.40 2.40 2.35 2.35 
2016/09/23 2.19 2.20 2.16 2.20 
2016/09/26 2.20 2.26 2.20 2.26 
2016/09/29 2.21 2.26 2.21 2.26 
2016/09/30 2.34 2.34 2.31 2.34 
2016/10/04 2.20 2.33 2.20 2.26 
2016/10/05 2.17 2.30 2.17 2.30 
2016/10/06 2.29 2.30 2.29 2.30 
2016/10/07 2.27 2.27 2.27 2.27 
2016/10/11 2.20 2.36 2.20 2.36 
2016/10/12 2.20 2.27 2.20 2.27 
2016/10/13 2.20 2.38 2.20 2.38 
2016/10/14 2.34 2.34 2.33 2.33 
2016/10/17 2.21 2.35 2.21 2.35 
2016/10/18 2.30 2.33 2.21 2.33 
2016/10/19 2.31 2.31 2.30 2.30 
2016/10/20 2.23 2.33 2.23 2.33 
2016/10/21 2.24 2.25 2.20 2.25 
2016/10/24 2.25 2.32 2.25 2.29 
2016/10/25 2.28 2.28 2.28 2.28 
2016/10/26 2.34 2.34 2.34 2.34 
2016/10/27 2.18 2.30 2.18 2.30 
2016/10/28 2.23 2.23 2.23 2.23 
2016/10/31 2.23 2.23 2.18 2.18 
2016/11/01 2.18 2.25 2.18 2.25 
2016/11/02 2.20 2.20 2.20 2.20 
2016/11/04 2.16 2.16 2.00 2.10 
2016/11/07 2.01 2.16 2.01 2.16 
2016/11/08 2.01 2.01 2.01 2.01 
2016/11/09 1.91 1.91 1.91 1.91 
2016/11/10 2.07 2.07 2.05 2.05 
2016/11/11 2.05 2.05 2.05 2.05 
2016/11/14 1.85 2.15 1.85 1.85 
2016/11/15 1.80 1.97 1.80 1.95 
2016/11/16 1.95 2.07 1.87 2.05 
2016/11/17 1.96 2.07 1.96 1.99 
2016/11/18 2.04 2.07 2.04 2.07 
2016/11/21 1.99 2.11 1.99 2.10 
2016/11/22 2.01 2.18 2.01 2.18 
2016/11/23 2.07 2.18 2.07 2.18 
2016/11/24 2.06 2.15 2.06 2.15 
2016/11/25 2.06 2.17 2.06 2.17 
2016/11/28 2.10 2.10 2.10 2.10 
2016/11/29 2.05 2.19 2.05 2.19 
2016/11/30 2.16 2.16 2.16 2.16 
2016/12/01 2.16 2.18 2.16 2.18 
2016/12/02 2.08 2.10 2.08 2.10 
2016/12/05 2.05 2.10 2.05 2.10 
2016/12/06 2.01 2.15 2.01 2.15 
2016/12/07 2.09 2.16 2.09 2.16 
2016/12/08 2.07 2.07 2.03 2.03 
2016/12/09 2.03 2.03 2.01 2.01 
2016/12/12 2.02 2.02 2.00 2.00 
2016/12/13 1.97 2.06 1.97 2.06 
2016/12/14 2.05 2.19 1.98 2.19 
2016/12/15 2.03 2.05 2.03 2.05 
2016/12/16 2.05 2.05 2.05 2.05 
2016/12/19 2.05 2.05 1.96 1.96 
2016/12/20 1.96 2.05 1.96 2.05 
2016/12/21 2.05 2.06 2.05 2.06 
2016/12/22 2.05 2.05 2.05 2.05 
2016/12/23 2.05 2.05 2.05 2.05 
2016/12/26 2.05 2.05 2.05 2.05 
2016/12/27 2.05 2.05 2.05 2.05 
2016/12/28 2.05 2.05 2.05 2.05 
2016/12/29 1.95 2.00 1.95 2.00 
2016/12/30 1.94 2.00 1.94 2.00 
2017/01/03 1.98 1.98 1.98 1.98 
2017/01/04 1.98 2.05 1.98 2.05 
2017/01/05 2.05 2.07 2.03 2.07 
2017/01/06 2.05 2.05 2.05 2.05 
2017/01/09 2.00 2.00 2.00 2.00 
2017/01/10 1.99 2.00 1.99 2.00 
2017/01/11 2.05 2.05 2.04 2.04 
2017/01/12 1.92 2.08 1.92 2.05 
2017/01/13 2.05 2.06 2.05 2.06 
2017/01/16 2.12 2.12 2.12 2.12 
2017/01/17 2.05 2.05 2.05 2.05 
2017/01/18 2.05 2.12 2.05 2.12 
2017/01/19 1.98 2.08 1.98 2.08 
2017/01/20 1.99 2.10 1.99 2.10 
2017/01/23 2.10 2.10 2.00 2.01 
2017/01/24 2.01 2.02 2.01 2.02 
2017/02/02 2.07 2.07 2.07 2.07 
2017/02/03 2.00 2.05 1.96 2.05 
2017/02/06 2.08 2.08 1.99 2.05 
2017/02/07 2.05 2.06 2.05 2.05 
2017/02/08 2.05 2.13 2.05 2.13 
