2016/07/01 14.25 15.25 14.25 14.85 
2016/07/04 14.95 15.10 14.75 14.75 
2016/07/05 14.75 15.35 14.55 15.00 
2016/07/06 15.05 15.10 14.75 14.75 
2016/07/07 14.75 15.20 14.75 14.85 
2016/07/11 14.95 15.00 14.70 14.70 
2016/07/12 15.00 15.05 14.75 14.75 
2016/07/13 14.80 15.00 14.70 15.00 
2016/07/14 15.15 15.95 15.10 15.50 
2016/07/15 15.60 15.85 15.30 15.30 
2016/07/18 15.40 15.45 15.10 15.15 
2016/07/19 15.20 15.40 15.15 15.20 
2016/07/20 15.20 15.20 14.85 14.90 
2016/07/21 14.95 15.20 14.90 15.10 
2016/07/22 15.10 15.45 14.95 14.95 
2016/07/25 15.00 15.10 14.95 14.95 
2016/07/26 15.00 15.10 14.95 15.00 
2016/07/27 15.10 15.15 14.90 14.95 
2016/07/28 15.05 15.40 14.80 14.90 
2016/07/29 15.10 15.10 14.85 14.95 
2016/08/01 15.10 15.30 14.95 14.95 
2016/08/02 15.10 15.15 14.85 14.90 
2016/08/03 14.90 15.45 14.85 15.30 
2016/08/04 15.45 15.45 15.05 15.10 
2016/08/05 15.10 15.30 15.00 15.00 
2016/08/08 15.10 15.10 14.55 14.55 
2016/08/09 14.55 14.65 14.10 14.15 
2016/08/10 14.40 14.40 14.05 14.35 
2016/08/11 14.60 14.85 14.45 14.60 
2016/08/12 14.70 14.80 14.40 14.50 
2016/08/15 14.10 14.15 13.85 14.00 
2016/08/16 14.10 14.10 13.95 13.95 
2016/08/17 13.95 14.05 13.50 13.65 
2016/08/18 13.55 13.90 13.50 13.85 
2016/08/19 14.00 14.05 13.70 13.75 
2016/08/22 13.75 13.80 13.50 13.50 
2016/08/23 13.75 13.80 13.55 13.60 
2016/08/24 13.70 13.80 13.60 13.70 
2016/08/25 13.75 14.20 13.70 14.00 
2016/08/26 13.95 14.10 13.95 14.05 
2016/08/29 14.05 14.40 13.85 14.20 
2016/08/30 14.20 14.25 13.95 13.95 
2016/08/31 13.95 14.10 13.75 13.75 
2016/09/01 13.75 13.90 13.65 13.65 
2016/09/02 13.70 13.90 13.50 13.55 
2016/09/05 13.65 13.75 13.60 13.65 
2016/09/06 13.65 13.90 13.65 13.70 
2016/09/07 13.80 14.20 13.60 14.10 
2016/09/08 14.10 14.10 13.90 13.95 
2016/09/09 13.95 14.15 13.85 14.00 
2016/09/10 14.00 14.10 13.80 14.10 
2016/09/12 14.20 14.35 13.90 13.90 
2016/09/13 14.05 14.05 13.70 13.70 
2016/09/14 13.60 13.80 13.55 13.65 
2016/09/19 13.75 13.80 13.70 13.70 
2016/09/20 13.75 13.80 13.60 13.70 
2016/09/21 13.80 13.80 13.70 13.70 
2016/09/22 13.85 13.85 13.60 13.70 
2016/09/23 13.75 13.80 13.65 13.70 
2016/09/26 13.65 14.00 13.65 13.75 
2016/09/29 13.85 13.85 13.70 13.70 
2016/09/30 13.75 13.75 13.55 13.55 
2016/10/03 13.65 13.70 13.50 13.55 
2016/10/04 13.55 13.65 13.45 13.45 
2016/10/05 13.45 13.50 12.90 12.95 
2016/10/06 13.10 13.10 12.80 12.85 
2016/10/07 12.85 12.85 12.20 12.30 
2016/10/11 12.50 12.50 11.10 11.50 
2016/10/12 11.50 12.25 11.20 12.20 
2016/10/13 12.90 13.15 12.55 12.60 
2016/10/14 12.40 12.80 12.40 12.50 
2016/10/17 12.50 12.50 12.10 12.30 
2016/10/18 12.30 12.75 12.25 12.45 
2016/10/19 12.55 12.60 12.40 12.45 
2016/10/20 12.40 12.60 12.40 12.50 
2016/10/21 12.50 12.50 12.25 12.35 
2016/10/24 12.40 12.45 12.20 12.20 
2016/10/25 12.25 12.35 12.05 12.05 
2016/10/26 12.05 12.25 12.00 12.05 
2016/10/27 12.10 12.15 12.00 12.05 
2016/10/28 12.05 12.15 11.95 12.00 
2016/10/31 11.95 11.95 11.70 11.80 
2016/11/01 11.75 11.95 11.75 11.80 
2016/11/02 11.80 11.80 11.60 11.60 
2016/11/03 11.65 11.75 11.30 11.40 
2016/11/04 11.40 11.75 11.35 11.50 
2016/11/07 11.65 11.80 11.50 11.75 
2016/11/08 11.75 11.80 11.50 11.60 
2016/11/09 11.65 11.65 10.95 10.95 
2016/11/10 10.90 11.35 10.90 11.30 
2016/11/11 10.90 11.05 10.20 10.30 
2016/11/14 10.15 10.30 9.78 9.81 
2016/11/15 9.80 10.25 9.78 10.00 
2016/11/16 10.10 10.10 9.91 9.92 
2016/11/17 9.92 9.95 9.80 9.80 
2016/11/18 9.99 10.05 9.81 9.90 
2016/11/21 9.99 10.00 9.91 9.91 
2016/11/22 9.94 10.10 9.93 9.93 
2016/11/23 10.00 10.00 9.76 9.76 
2016/11/24 9.76 9.77 8.81 8.82 
2016/11/25 8.85 9.17 8.84 8.87 
2016/11/28 8.87 9.07 8.87 8.96 
2016/11/29 8.96 9.24 8.96 9.20 
2016/11/30 9.49 10.10 9.40 10.10 
2016/12/01 9.99 10.55 9.92 10.20 
2016/12/02 10.10 10.10 9.98 10.05 
2016/12/05 10.15 10.60 10.05 10.40 
2016/12/06 10.55 10.80 10.50 10.50 
2016/12/07 10.55 10.55 10.35 10.35 
2016/12/08 10.50 10.50 10.20 10.25 
2016/12/09 10.15 10.35 10.15 10.25 
2016/12/12 10.30 10.45 10.10 10.15 
2016/12/13 10.15 10.15 10.00 10.05 
2016/12/14 10.00 10.15 10.00 10.05 
2016/12/15 10.00 10.10 9.99 10.05 
2016/12/16 10.15 10.15 10.00 10.00 
2016/12/19 10.00 10.10 9.96 9.97 
2016/12/20 10.00 10.10 9.93 10.00 
2016/12/21 10.00 10.10 10.00 10.10 
2016/12/22 10.10 10.10 9.92 9.92 
2016/12/23 9.97 9.98 9.92 9.93 
2016/12/26 10.10 10.10 9.86 9.89 
2016/12/27 9.99 9.99 9.85 9.85 
2016/12/28 9.94 9.94 9.60 9.70 
2016/12/29 9.88 9.88 9.72 9.75 
2016/12/30 9.81 10.20 9.81 10.05 
2017/01/03 10.20 11.05 10.20 11.05 
2017/01/04 11.50 11.60 11.20 11.30 
2017/01/05 11.50 11.50 11.05 11.25 
2017/01/06 11.15 11.60 11.15 11.30 
2017/01/09 11.45 11.45 11.15 11.15 
2017/01/10 11.15 11.35 11.10 11.20 
2017/01/11 10.90 11.00 10.65 10.65 
2017/01/12 10.70 10.75 10.55 10.55 
2017/01/13 10.55 10.80 10.55 10.60 
2017/01/16 10.60 10.65 10.45 10.50 
2017/01/17 10.55 10.90 10.55 10.75 
2017/01/18 10.75 10.75 10.60 10.65 
2017/01/19 10.75 11.20 10.65 10.80 
2017/01/20 10.80 10.90 10.70 10.70 
2017/01/23 10.70 10.80 10.50 10.60 
2017/01/24 10.50 10.55 10.25 10.45 
2017/02/02 10.60 10.65 10.25 10.40 
2017/02/03 10.45 11.05 10.45 10.95 
2017/02/06 11.00 11.10 10.90 11.00 
2017/02/07 11.00 11.45 10.85 11.10 
2017/02/08 11.20 11.20 10.90 10.95 
