2016/07/01 75.30 76.20 75.30 75.80 
2016/07/04 76.30 76.30 75.60 76.00 
2016/07/05 76.20 76.20 75.80 76.00 
2016/07/06 75.80 75.80 75.20 75.50 
2016/07/07 75.50 76.00 75.50 75.70 
2016/07/11 76.00 76.00 75.80 75.80 
2016/07/12 76.20 76.30 76.00 76.20 
2016/07/13 76.20 77.50 76.20 76.90 
2016/07/14 77.00 77.60 76.90 77.10 
2016/07/15 77.50 78.00 77.10 77.50 
2016/07/18 78.30 78.30 77.20 77.40 
2016/07/19 77.40 78.00 77.40 77.70 
2016/07/20 77.60 77.90 77.60 77.90 
2016/07/21 78.00 78.50 78.00 78.20 
2016/07/22 78.20 78.80 78.20 78.80 
2016/07/25 79.70 79.70 78.50 78.70 
2016/07/26 78.90 78.90 78.00 78.40 
2016/07/27 78.00 78.50 77.70 77.80 
2016/07/28 74.50 75.60 74.50 75.20 
2016/07/29 75.00 75.40 74.90 75.00 
2016/08/01 75.00 75.00 74.50 74.80 
2016/08/02 74.60 75.10 74.60 74.80 
2016/08/03 74.50 74.80 74.50 74.70 
2016/08/04 74.40 74.70 74.10 74.40 
2016/08/05 74.30 74.50 73.10 73.10 
2016/08/08 74.00 74.50 73.80 74.50 
2016/08/09 74.80 76.00 74.70 75.20 
2016/08/10 75.90 75.90 75.00 75.40 
2016/08/11 75.00 75.20 74.30 74.40 
2016/08/12 74.40 75.50 74.40 75.50 
2016/08/15 75.80 75.80 75.10 75.70 
2016/08/16 75.70 75.70 74.60 74.70 
2016/08/17 75.00 75.30 75.00 75.20 
2016/08/18 75.00 75.30 75.00 75.10 
2016/08/19 75.00 75.10 74.80 75.00 
2016/08/22 74.30 75.00 74.30 74.30 
2016/08/23 74.30 75.00 74.30 74.70 
2016/08/24 74.90 75.00 74.80 74.90 
2016/08/25 75.00 75.00 74.60 74.60 
2016/08/26 74.50 74.60 74.30 74.60 
2016/08/29 74.60 74.60 74.50 74.50 
2016/08/30 74.90 75.00 74.60 74.80 
2016/08/31 74.80 74.90 74.80 74.80 
2016/09/01 74.80 74.80 74.80 74.80 
2016/09/02 74.80 74.80 74.70 74.80 
2016/09/05 74.40 75.00 74.40 74.80 
2016/09/06 74.80 74.80 74.80 74.80 
2016/09/07 74.80 75.00 74.80 74.80 
2016/09/08 75.30 76.00 75.30 75.80 
2016/09/09 75.70 75.70 75.10 75.40 
2016/09/10 74.50 75.00 74.50 74.60 
2016/09/12 74.50 74.50 74.30 74.30 
2016/09/13 74.20 74.20 74.10 74.10 
2016/09/14 74.10 74.30 73.90 74.20 
2016/09/19 74.10 74.90 74.10 74.60 
2016/09/20 74.40 74.60 74.40 74.60 
2016/09/21 74.50 75.20 74.50 75.20 
2016/09/22 75.00 75.00 74.90 75.00 
2016/09/23 75.00 75.00 74.80 74.90 
2016/09/26 74.90 74.90 74.70 74.80 
2016/09/29 74.80 75.00 74.80 75.00 
2016/09/30 74.30 74.70 74.30 74.70 
2016/10/03 74.60 74.70 74.50 74.60 
2016/10/04 74.50 74.50 74.50 74.50 
2016/10/05 74.90 74.90 74.90 74.90 
2016/10/06 74.60 74.60 74.50 74.50 
2016/10/07 74.30 74.30 74.30 74.30 
2016/10/11 74.00 74.10 73.60 74.10 
2016/10/12 74.00 74.00 73.60 73.60 
2016/10/13 73.50 74.00 72.90 72.90 
2016/10/14 71.80 72.80 71.60 72.00 
2016/10/17 72.20 72.30 72.20 72.30 
2016/10/18 72.30 73.30 72.30 73.30 
2016/10/19 73.30 73.80 73.30 73.30 
2016/10/20 73.50 73.50 73.40 73.40 
2016/10/21 73.20 73.50 73.00 73.20 
2016/10/24 73.50 73.60 73.10 73.10 
2016/10/25 73.10 73.10 72.60 72.60 
2016/10/26 72.90 73.10 72.70 73.10 
2016/10/27 73.30 73.30 72.30 72.60 
2016/10/28 72.30 72.50 72.30 72.30 
2016/10/31 72.00 72.00 72.00 72.00 
2016/11/01 72.00 72.90 72.00 72.50 
2016/11/02 72.50 72.50 72.10 72.10 
2016/11/03 71.60 71.80 71.20 71.70 
2016/11/04 71.20 71.70 71.20 71.70 
2016/11/07 71.80 72.20 71.80 72.00 
2016/11/08 72.00 72.00 71.90 71.90 
2016/11/09 72.00 72.00 71.50 71.50 
2016/11/10 71.80 72.30 71.80 72.20 
2016/11/11 72.20 72.20 72.00 72.00 
2016/11/14 72.20 72.80 72.20 72.70 
2016/11/15 73.00 74.10 73.00 73.80 
2016/11/16 73.80 73.80 73.50 73.80 
2016/11/17 73.40 73.60 73.40 73.60 
2016/11/18 73.50 73.60 73.50 73.60 
2016/11/22 73.60 74.40 73.60 74.30 
2016/11/23 74.00 74.50 74.00 74.40 
2016/11/24 74.40 74.40 73.70 73.90 
2016/11/25 73.90 74.00 73.80 74.00 
2016/11/28 74.00 78.00 73.60 78.00 
2016/11/29 77.20 77.20 75.60 75.80 
2016/11/30 75.80 76.00 75.30 75.80 
2016/12/01 75.60 75.60 74.70 75.40 
2016/12/02 75.00 75.30 75.00 75.10 
2016/12/05 75.10 75.50 74.70 75.50 
2016/12/06 75.80 76.70 75.50 75.50 
2016/12/07 75.30 75.70 75.10 75.70 
2016/12/08 75.00 75.20 74.90 75.20 
2016/12/09 76.20 76.20 75.20 75.20 
2016/12/12 75.40 75.90 75.20 75.40 
2016/12/13 75.60 75.70 75.40 75.50 
2016/12/14 75.80 75.80 75.50 75.70 
2016/12/15 75.60 75.60 75.00 75.50 
2016/12/16 75.20 75.40 75.00 75.40 
2016/12/19 74.90 75.10 74.90 75.00 
2016/12/20 75.20 75.70 75.20 75.70 
2016/12/21 75.50 75.50 75.50 75.50 
2016/12/22 75.10 75.10 75.00 75.00 
2016/12/23 75.00 75.00 75.00 75.00 
2016/12/26 75.50 75.50 75.40 75.50 
2016/12/27 75.50 75.50 74.50 74.60 
2016/12/28 75.30 75.30 74.60 74.70 
2016/12/29 74.80 74.90 74.80 74.90 
2016/12/30 74.60 74.60 74.60 74.60 
2017/01/03 74.30 74.30 74.20 74.30 
2017/01/04 74.20 74.90 74.20 74.60 
2017/01/05 74.80 74.90 74.80 74.90 
2017/01/06 74.90 74.90 74.50 74.50 
2017/01/09 74.20 74.80 73.70 73.90 
2017/01/10 73.90 74.50 73.90 74.50 
2017/01/11 74.80 74.80 74.80 74.80 
2017/01/12 74.90 75.00 74.60 74.60 
2017/01/13 74.40 74.50 74.20 74.30 
2017/01/16 74.30 74.30 73.90 74.30 
2017/01/17 74.30 74.60 74.30 74.50 
2017/01/18 74.50 74.50 74.50 74.50 
2017/01/19 74.50 74.90 74.50 74.60 
2017/01/20 74.80 74.80 74.80 74.80 
2017/01/23 75.30 75.40 74.20 74.50 
2017/01/24 74.50 74.70 74.50 74.70 
2017/02/02 75.20 75.30 74.80 75.10 
2017/02/03 75.10 75.20 74.90 74.90 
2017/02/06 75.00 75.30 74.70 74.70 
2017/02/07 74.90 75.00 74.70 74.70 
2017/02/08 75.60 75.60 74.70 74.80 
