2016/07/01 5.99 6.20 5.99 6.08 
2016/07/04 6.20 6.20 6.00 6.01 
2016/07/05 6.06 6.06 6.04 6.04 
2016/07/06 6.04 6.04 6.00 6.04 
2016/07/07 6.04 6.05 6.04 6.05 
2016/07/11 6.05 6.05 5.98 5.98 
2016/07/12 5.98 6.13 5.95 5.96 
2016/07/13 5.96 6.04 5.91 6.04 
2016/07/14 5.99 6.03 5.96 5.96 
2016/07/15 5.97 6.11 5.97 6.11 
2016/07/18 6.05 6.05 6.00 6.00 
2016/07/19 6.18 6.18 5.97 6.11 
2016/07/20 6.14 6.14 5.92 5.93 
2016/07/21 5.93 5.93 5.89 5.92 
2016/07/22 5.90 5.99 5.83 5.83 
2016/07/25 5.94 5.94 5.77 5.80 
2016/07/26 5.80 5.88 5.80 5.84 
2016/07/27 5.86 5.86 5.80 5.80 
2016/07/28 5.80 5.80 5.73 5.73 
2016/07/29 5.80 5.80 5.70 5.73 
2016/08/01 5.70 5.73 5.63 5.66 
2016/08/02 5.61 5.66 5.61 5.66 
2016/08/03 5.65 5.66 5.49 5.52 
2016/08/04 5.55 5.58 5.50 5.51 
2016/08/05 5.53 5.63 5.50 5.60 
2016/08/08 5.53 5.63 5.53 5.58 
2016/08/09 5.63 5.74 5.60 5.61 
2016/08/10 5.61 5.61 5.53 5.57 
2016/08/11 5.60 5.60 5.43 5.45 
2016/08/12 5.41 5.56 5.41 5.43 
2016/08/15 5.43 5.45 5.42 5.43 
2016/08/16 5.47 5.47 5.42 5.42 
2016/08/17 5.47 5.49 5.43 5.43 
2016/08/18 5.46 5.46 5.30 5.39 
2016/08/19 5.44 5.45 5.31 5.39 
2016/08/22 5.34 5.34 5.29 5.29 
2016/08/23 5.40 5.40 5.23 5.30 
2016/08/24 5.23 5.30 5.23 5.25 
2016/08/25 5.23 5.49 5.23 5.49 
2016/08/26 5.50 5.50 5.40 5.41 
2016/08/29 5.41 5.45 5.41 5.45 
2016/08/30 5.35 5.39 5.30 5.30 
2016/08/31 5.40 5.45 5.25 5.32 
2016/09/01 5.45 5.45 5.38 5.38 
2016/09/02 5.38 5.53 5.37 5.40 
2016/09/05 5.35 5.39 5.35 5.36 
2016/09/06 5.44 5.44 5.32 5.33 
2016/09/07 5.28 5.30 5.27 5.30 
2016/09/08 5.40 5.40 5.23 5.30 
2016/09/09 5.30 5.35 5.25 5.25 
2016/09/10 5.22 5.30 5.22 5.26 
2016/09/12 5.11 5.20 5.11 5.19 
2016/09/13 5.20 5.30 5.11 5.15 
2016/09/14 5.24 5.24 5.16 5.24 
2016/09/19 5.17 5.23 5.17 5.21 
2016/09/20 5.17 5.21 5.08 5.09 
2016/09/21 5.08 5.08 4.90 5.01 
2016/09/22 5.00 5.03 4.96 5.03 
2016/09/23 5.05 5.05 4.97 5.02 
2016/09/26 5.06 5.10 5.01 5.08 
2016/09/29 5.09 5.20 5.08 5.10 
2016/09/30 5.10 5.10 5.02 5.02 
2016/10/03 5.02 5.05 5.02 5.02 
2016/10/04 5.00 5.05 4.98 4.98 
2016/10/05 5.08 5.47 5.08 5.47 
2016/10/06 5.75 5.94 5.70 5.78 
2016/10/07 5.56 5.68 5.46 5.48 
2016/10/11 5.50 5.50 5.15 5.20 
2016/10/12 5.20 5.20 5.05 5.05 
2016/10/13 5.10 5.20 5.08 5.09 
2016/10/14 5.02 5.12 5.02 5.07 
2016/10/17 5.30 5.30 5.07 5.14 
2016/10/18 5.07 5.12 5.05 5.12 
2016/10/19 5.08 5.19 5.08 5.09 
2016/10/20 5.11 5.11 5.06 5.07 
2016/10/21 5.06 5.10 5.06 5.08 
2016/10/24 5.10 5.10 5.05 5.05 
2016/10/25 5.05 5.10 5.00 5.10 
2016/10/26 5.07 5.10 5.02 5.09 
2016/10/27 5.09 5.12 5.07 5.12 
2016/10/28 5.06 5.14 5.06 5.07 
2016/10/31 5.03 5.11 5.02 5.02 
2016/11/01 5.02 5.02 5.00 5.00 
2016/11/02 4.98 5.03 4.97 4.98 
2016/11/03 4.99 5.14 4.99 5.00 
2016/11/04 5.00 5.07 5.00 5.01 
2016/11/07 5.01 5.01 4.96 5.00 
2016/11/08 5.10 5.10 4.97 5.00 
2016/11/09 4.92 4.92 4.90 4.90 
2016/11/10 5.00 5.09 4.92 5.09 
2016/11/11 4.60 4.86 4.60 4.85 
2016/11/14 5.27 5.27 4.74 4.82 
2016/11/15 4.81 4.81 4.75 4.75 
2016/11/16 4.78 4.80 4.70 4.73 
2016/11/17 4.70 4.70 4.50 4.54 
2016/11/18 4.54 4.60 4.54 4.54 
2016/11/21 4.44 4.64 4.41 4.60 
2016/11/22 4.60 4.70 4.50 4.60 
2016/11/23 4.61 4.61 4.41 4.49 
2016/11/24 4.43 4.55 4.43 4.51 
2016/11/25 4.55 4.67 4.54 4.57 
2016/11/28 4.54 4.63 4.54 4.60 
2016/11/29 4.60 4.60 4.52 4.55 
2016/11/30 4.60 4.72 4.57 4.57 
2016/12/01 4.70 4.70 4.60 4.60 
2016/12/02 4.50 4.57 4.50 4.57 
2016/12/05 4.58 4.68 4.58 4.68 
2016/12/06 4.70 4.71 4.69 4.69 
2016/12/07 4.68 4.70 4.68 4.69 
2016/12/08 4.61 4.70 4.48 4.48 
2016/12/09 4.66 4.70 4.63 4.65 
2016/12/12 4.50 4.59 4.50 4.59 
2016/12/13 4.57 5.00 4.57 4.83 
2016/12/14 4.71 4.83 4.71 4.72 
2016/12/15 4.84 4.96 4.74 4.82 
2016/12/16 4.82 4.82 4.74 4.82 
2016/12/19 4.90 4.95 4.61 4.80 
2016/12/20 4.70 4.83 4.70 4.81 
2016/12/21 4.82 4.82 4.79 4.79 
2016/12/22 4.81 4.85 4.80 4.85 
2016/12/23 4.88 4.88 4.85 4.85 
2016/12/26 4.85 4.91 4.80 4.80 
2016/12/27 4.90 4.90 4.82 4.82 
2016/12/28 4.80 5.00 4.80 5.00 
2016/12/29 5.00 5.04 4.91 5.04 
2016/12/30 4.95 5.03 4.92 5.03 
2017/01/03 5.00 5.03 4.95 5.03 
2017/01/04 5.03 5.04 4.90 4.90 
2017/01/05 4.88 4.95 4.88 4.90 
2017/01/06 4.90 4.94 4.89 4.89 
2017/01/09 4.85 4.88 4.81 4.81 
2017/01/10 4.88 4.88 4.82 4.82 
2017/01/11 4.82 4.82 4.82 4.82 
2017/01/12 4.86 4.86 4.85 4.85 
2017/01/13 4.88 4.88 4.85 4.85 
2017/01/16 4.85 4.86 4.80 4.80 
2017/01/17 4.88 4.91 4.86 4.91 
2017/01/18 4.90 5.09 4.90 5.08 
2017/01/19 5.09 5.15 5.07 5.08 
2017/01/20 5.14 5.25 5.14 5.18 
2017/01/23 5.25 5.25 5.15 5.19 
2017/01/24 5.19 5.19 5.19 5.19 
2017/02/02 5.15 5.15 5.10 5.10 
2017/02/03 5.01 5.04 5.01 5.04 
2017/02/06 5.06 5.30 5.06 5.29 
2017/02/07 5.34 5.34 5.14 5.16 
2017/02/08 5.03 5.27 5.03 5.13 
