2016/07/01 14.00 14.00 13.60 13.60 
2016/07/04 13.95 13.95 13.65 13.70 
2016/07/05 13.55 13.55 13.35 13.35 
2016/07/06 13.35 13.40 13.15 13.30 
2016/07/07 13.20 13.50 13.20 13.30 
2016/07/11 13.25 13.75 13.25 13.75 
2016/07/12 13.70 13.95 13.65 13.95 
2016/07/13 13.60 13.70 13.55 13.60 
2016/07/14 13.50 13.80 13.50 13.80 
2016/07/15 13.65 13.75 13.50 13.60 
2016/07/18 13.55 13.65 13.55 13.65 
2016/07/19 13.65 13.95 13.40 13.85 
2016/07/20 13.70 13.85 13.50 13.85 
2016/07/21 13.90 14.15 13.90 14.00 
2016/07/22 14.00 14.00 13.85 13.95 
2016/07/25 13.85 13.85 13.85 13.85 
2016/07/26 13.80 13.80 13.80 13.80 
2016/07/27 13.70 13.80 13.70 13.80 
2016/07/28 13.70 13.90 13.70 13.90 
2016/07/29 13.80 13.80 13.70 13.75 
2016/08/01 13.65 13.80 13.60 13.80 
2016/08/02 13.80 13.85 13.75 13.75 
2016/08/03 13.85 14.00 13.80 13.90 
2016/08/04 14.00 14.20 14.00 14.00 
2016/08/05 13.95 13.95 13.95 13.95 
2016/08/08 13.80 14.00 13.80 14.00 
2016/08/09 14.00 14.05 13.90 14.05 
2016/08/10 14.00 14.00 13.80 14.00 
2016/08/11 14.00 14.00 13.90 14.00 
2016/08/12 14.10 14.10 13.85 14.00 
2016/08/15 14.00 14.10 13.85 14.00 
2016/08/16 14.00 14.10 13.90 14.00 
2016/08/17 14.40 14.40 14.05 14.15 
2016/08/18 14.40 14.50 14.25 14.25 
2016/08/19 14.40 14.75 14.30 14.45 
2016/08/22 14.50 15.85 14.50 15.85 
2016/08/23 15.20 16.60 15.20 16.40 
2016/08/24 16.25 16.40 15.50 15.55 
2016/08/25 15.60 16.30 15.60 15.65 
2016/08/26 15.70 15.95 15.25 15.30 
2016/08/29 15.45 15.45 14.85 14.90 
2016/08/30 14.95 14.95 14.95 14.95 
2016/08/31 14.95 15.20 14.85 14.85 
2016/09/01 14.90 15.20 14.90 15.05 
2016/09/02 15.10 15.10 14.95 15.10 
2016/09/05 14.95 14.95 14.85 14.95 
2016/09/06 14.95 14.95 14.85 14.90 
2016/09/07 15.10 15.15 15.05 15.05 
2016/09/08 14.90 15.40 14.85 14.90 
2016/09/09 14.90 15.10 14.90 15.10 
2016/09/10 15.10 15.10 15.10 15.10 
2016/09/12 15.20 16.40 15.20 16.35 
2016/09/13 16.35 16.35 15.85 15.85 
2016/09/14 15.85 15.85 15.80 15.80 
2016/09/19 15.70 16.80 15.70 16.15 
2016/09/20 16.30 16.80 16.20 16.50 
2016/09/21 16.30 16.50 16.30 16.45 
2016/09/22 16.20 16.55 16.20 16.45 
2016/09/23 16.40 16.55 16.30 16.50 
2016/09/26 16.60 17.35 16.40 17.00 
2016/09/29 16.80 17.00 16.80 17.00 
2016/09/30 17.00 17.20 16.85 17.00 
2016/10/03 17.00 18.20 17.00 17.70 
2016/10/04 17.70 18.00 17.60 17.70 
2016/10/05 17.70 17.80 17.50 17.65 
2016/10/06 17.80 18.10 17.80 18.00 
2016/10/07 17.80 17.80 17.75 17.75 
2016/10/11 17.80 18.20 17.60 18.00 
2016/10/12 18.00 18.50 18.00 18.20 
2016/10/13 18.20 18.40 17.95 17.95 
2016/10/14 17.95 18.00 17.90 17.95 
2016/10/17 18.00 18.05 17.95 17.95 
2016/10/18 17.95 18.30 17.95 18.15 
2016/10/19 18.00 18.20 17.75 18.15 
2016/10/20 17.95 18.20 17.95 17.95 
2016/10/21 18.05 18.15 17.90 17.90 
2016/10/24 17.95 18.05 17.90 18.05 
2016/10/25 18.15 18.80 18.10 18.10 
2016/10/26 18.10 18.15 18.00 18.10 
2016/10/27 18.00 18.00 17.95 17.95 
2016/10/28 17.95 17.95 17.90 17.90 
2016/10/31 17.90 17.95 17.80 17.95 
2016/11/01 17.90 17.95 17.90 17.95 
2016/11/02 18.00 18.00 17.85 17.90 
2016/11/03 17.90 18.00 17.85 17.90 
2016/11/04 17.85 18.00 17.85 17.90 
2016/11/07 18.00 18.20 17.90 17.90 
2016/11/08 17.90 17.90 17.85 17.85 
2016/11/09 17.90 17.90 17.25 17.85 
2016/11/10 17.85 17.85 17.60 17.75 
2016/11/11 17.55 17.75 17.55 17.70 
2016/11/14 17.70 17.70 17.65 17.65 
2016/11/15 17.65 17.65 17.55 17.55 
2016/11/16 17.55 17.55 17.50 17.50 
2016/11/17 17.50 17.80 17.50 17.80 
2016/11/18 17.70 17.70 17.40 17.60 
2016/11/21 17.70 17.75 17.65 17.65 
2016/11/22 17.65 17.75 17.65 17.75 
2016/11/23 18.00 18.00 17.65 17.70 
2016/11/24 17.65 18.00 17.65 17.85 
2016/11/25 17.85 17.85 17.70 17.85 
2016/11/28 17.85 17.85 17.75 17.75 
2016/11/29 17.75 17.75 17.65 17.70 
2016/11/30 17.70 17.70 17.65 17.65 
2016/12/01 17.65 17.65 17.60 17.60 
2016/12/02 17.60 17.60 17.55 17.55 
2016/12/05 17.60 17.60 17.55 17.60 
2016/12/06 17.30 17.50 17.30 17.50 
2016/12/07 17.30 17.30 16.60 16.60 
2016/12/08 16.90 17.50 16.90 17.30 
2016/12/09 17.10 17.25 17.10 17.25 
2016/12/12 17.40 17.40 17.10 17.20 
2016/12/13 17.15 17.20 17.15 17.20 
2016/12/14 17.20 17.25 17.10 17.20 
2016/12/15 17.15 17.20 17.15 17.20 
2016/12/16 17.15 17.70 17.15 17.25 
2016/12/19 17.15 17.25 17.15 17.20 
2016/12/20 17.20 17.20 16.95 17.00 
2016/12/21 17.00 17.00 16.75 16.75 
2016/12/22 16.50 16.70 16.50 16.50 
2016/12/23 16.50 16.50 16.30 16.30 
2016/12/26 16.30 16.50 16.25 16.25 
2016/12/27 16.25 16.25 16.00 16.00 
2016/12/28 16.00 16.15 15.90 16.00 
2016/12/29 16.00 16.00 16.00 16.00 
2016/12/30 16.00 16.30 16.00 16.10 
2017/01/03 16.00 16.00 16.00 16.00 
2017/01/04 15.85 15.95 15.85 15.95 
2017/01/05 16.25 16.25 15.90 15.90 
2017/01/06 15.95 15.95 15.90 15.90 
2017/01/09 16.00 16.00 16.00 16.00 
2017/01/10 15.75 15.80 15.75 15.75 
2017/01/11 15.70 15.70 15.00 15.40 
2017/01/12 15.30 15.40 15.30 15.35 
2017/01/13 15.20 15.30 15.05 15.15 
2017/01/16 15.15 15.40 15.15 15.20 
2017/01/17 15.20 15.20 15.20 15.20 
2017/01/18 15.20 15.20 15.10 15.15 
2017/01/20 16.65 16.65 15.15 15.15 
2017/01/23 15.70 15.70 15.10 15.25 
2017/01/24 15.25 16.10 15.25 15.85 
2017/02/02 16.10 16.10 15.85 15.95 
2017/02/03 15.90 15.95 15.70 15.95 
2017/02/06 16.05 16.05 15.95 16.00 
2017/02/07 16.00 16.40 15.90 16.00 
2017/02/08 16.10 16.10 15.85 16.00 
