2016/07/01 10.40 10.45 10.30 10.35 
2016/07/04 10.30 10.30 10.05 10.20 
2016/07/05 10.20 10.25 10.20 10.20 
2016/07/06 10.15 10.20 10.00 10.20 
2016/07/07 10.20 10.20 10.15 10.20 
2016/07/11 10.10 10.15 9.90 10.15 
2016/07/12 10.90 11.15 10.90 11.15 
2016/07/13 12.25 12.25 12.25 12.25 
2016/07/14 13.45 13.45 13.45 13.45 
2016/07/15 14.75 14.75 13.40 14.00 
2016/07/18 14.35 14.35 13.20 13.50 
2016/07/19 13.75 13.80 13.50 13.65 
2016/07/20 13.60 13.95 12.90 13.25 
2016/07/21 13.00 13.30 12.60 12.90 
2016/07/22 13.00 13.00 12.25 12.25 
2016/07/25 12.50 12.50 11.50 11.95 
2016/07/26 11.80 11.90 11.50 11.90 
2016/07/27 12.00 13.00 12.00 12.45 
2016/07/28 12.45 12.55 12.20 12.45 
2016/07/29 12.25 12.30 12.20 12.25 
2016/08/01 12.05 12.60 12.05 12.15 
2016/08/02 12.00 12.30 12.00 12.30 
2016/08/03 12.20 12.25 12.00 12.25 
2016/08/04 12.15 12.25 12.10 12.20 
2016/08/05 12.20 12.35 12.00 12.00 
2016/08/08 12.20 12.35 12.00 12.05 
2016/08/09 12.10 12.15 12.05 12.10 
2016/08/10 12.25 12.25 12.00 12.00 
2016/08/11 12.00 12.20 11.05 12.20 
2016/08/12 12.00 12.00 11.50 11.65 
2016/08/15 11.80 11.95 11.45 11.55 
2016/08/16 11.40 11.55 11.00 11.15 
2016/08/17 10.95 11.10 10.80 11.10 
2016/08/18 10.85 11.00 10.85 10.95 
2016/08/19 11.00 11.10 10.80 11.05 
2016/08/22 11.05 11.20 10.80 11.00 
2016/08/23 11.00 11.10 11.00 11.00 
2016/08/24 10.90 11.10 10.90 11.00 
2016/08/25 10.95 11.05 10.95 11.05 
2016/08/26 10.95 11.10 10.95 11.00 
2016/08/29 11.05 11.50 11.05 11.05 
2016/08/30 11.25 11.25 11.00 11.00 
2016/08/31 11.15 11.15 11.00 11.05 
2016/09/01 11.25 11.35 11.15 11.15 
2016/09/02 11.35 11.35 11.10 11.15 
2016/09/05 11.15 11.20 11.15 11.15 
2016/09/06 11.20 11.20 11.10 11.10 
2016/09/07 11.10 11.10 10.95 11.00 
2016/09/08 11.00 11.15 11.00 11.00 
2016/09/09 11.20 11.35 11.00 11.10 
2016/09/10 11.10 11.10 11.00 11.05 
2016/09/12 11.05 11.25 11.00 11.05 
2016/09/13 11.20 11.20 11.00 11.05 
2016/09/14 11.00 11.05 10.90 11.00 
2016/09/19 11.10 11.55 11.00 11.35 
2016/09/20 11.10 11.25 11.05 11.05 
2016/09/21 11.30 11.65 11.05 11.50 
2016/09/22 11.45 11.50 11.30 11.50 
2016/09/23 11.55 11.55 11.25 11.50 
2016/09/26 11.55 11.90 11.50 11.50 
2016/09/29 11.50 11.60 11.50 11.60 
2016/09/30 11.60 11.80 11.60 11.70 
2016/10/03 11.90 11.90 11.50 11.65 
2016/10/04 11.55 11.60 11.50 11.60 
2016/10/05 11.50 11.60 11.50 11.60 
2016/10/06 11.55 11.65 11.50 11.55 
2016/10/07 11.55 11.65 11.45 11.60 
2016/10/11 11.60 11.60 11.35 11.50 
2016/10/12 11.50 11.55 11.40 11.50 
2016/10/13 11.30 11.50 11.30 11.50 
2016/10/14 11.50 11.55 11.35 11.55 
2016/10/17 11.30 11.50 11.30 11.50 
2016/10/18 12.30 12.30 11.55 11.55 
2016/10/19 11.65 11.75 11.50 11.75 
2016/10/20 11.75 11.75 11.50 11.55 
2016/10/21 11.50 11.50 11.45 11.45 
2016/10/24 11.50 11.60 11.50 11.50 
2016/10/25 11.45 11.55 11.40 11.50 
2016/10/26 11.50 11.60 11.50 11.50 
2016/10/27 11.50 11.60 11.50 11.50 
2016/10/28 11.50 11.50 11.50 11.50 
2016/10/31 11.50 11.80 11.50 11.80 
2016/11/01 11.80 11.80 11.70 11.70 
2016/11/02 11.70 11.70 11.50 11.70 
2016/11/03 11.45 11.55 11.45 11.55 
2016/11/04 11.50 11.50 11.50 11.50 
2016/11/07 11.30 11.55 11.30 11.50 
2016/11/08 11.50 11.65 11.50 11.50 
2016/11/09 11.50 11.60 11.20 11.50 
2016/11/10 11.55 11.55 11.50 11.55 
2016/11/11 11.50 11.55 11.35 11.50 
2016/11/14 11.40 11.50 11.40 11.50 
2016/11/15 11.60 11.70 11.50 11.50 
2016/11/16 11.50 11.50 11.50 11.50 
2016/11/17 11.50 11.50 11.50 11.50 
2016/11/18 11.50 11.50 11.45 11.50 
2016/11/22 12.00 12.00 11.50 11.50 
2016/11/23 11.25 11.50 11.25 11.50 
2016/11/24 11.55 11.55 11.50 11.50 
2016/11/25 11.50 11.55 11.50 11.50 
2016/11/28 11.75 11.95 11.70 11.70 
2016/11/29 11.60 11.65 11.55 11.65 
2016/11/30 11.60 11.65 11.55 11.60 
2016/12/01 11.50 11.50 11.50 11.50 
2016/12/02 11.50 11.60 11.50 11.60 
2016/12/05 11.60 11.70 11.50 11.60 
2016/12/06 11.60 11.80 11.60 11.75 
2016/12/07 11.75 11.75 11.70 11.70 
2016/12/08 11.70 11.70 11.65 11.70 
2016/12/09 11.75 11.75 11.70 11.70 
2016/12/12 11.95 11.95 11.65 11.70 
2016/12/13 11.70 11.70 11.65 11.65 
2016/12/14 11.70 11.70 11.55 11.55 
2016/12/15 11.55 11.55 11.50 11.50 
2016/12/16 11.50 11.55 11.50 11.55 
2016/12/19 11.55 11.65 11.55 11.60 
2016/12/20 11.60 11.60 11.55 11.55 
2016/12/21 11.65 12.00 11.60 11.85 
2016/12/22 11.85 11.85 11.75 11.75 
2016/12/23 11.70 12.00 11.70 11.95 
2016/12/26 12.00 12.10 11.85 11.90 
2016/12/27 11.90 11.90 11.85 11.90 
2016/12/28 12.00 12.20 12.00 12.05 
2016/12/29 12.05 12.05 12.00 12.05 
2016/12/30 12.10 12.20 12.05 12.10 
2017/01/03 12.00 12.15 11.90 11.95 
2017/01/04 11.95 12.10 11.95 12.10 
2017/01/05 12.15 12.20 12.05 12.05 
2017/01/06 12.00 12.10 12.00 12.00 
2017/01/09 11.90 12.00 11.80 12.00 
2017/01/10 11.85 12.10 11.85 12.10 
2017/01/11 12.00 12.05 12.00 12.00 
2017/01/12 12.00 12.10 11.95 12.00 
2017/01/13 12.00 12.00 12.00 12.00 
2017/01/16 11.80 11.85 11.80 11.85 
2017/01/17 11.80 11.85 11.70 11.70 
2017/01/18 11.70 11.70 11.70 11.70 
2017/01/19 11.80 11.85 11.75 11.80 
2017/01/20 11.70 11.95 11.70 11.80 
2017/01/23 11.80 11.95 11.80 11.95 
2017/01/24 11.90 11.95 11.85 11.85 
2017/02/02 12.05 12.05 11.80 11.95 
2017/02/03 11.90 11.95 11.80 11.95 
2017/02/06 12.00 12.15 11.90 11.90 
2017/02/07 12.00 12.00 11.80 12.00 
2017/02/08 12.00 12.00 11.90 12.00 
