2016/07/01 9.28 9.28 9.15 9.18 
2016/07/04 9.18 9.47 9.18 9.23 
2016/07/05 8.81 9.30 8.81 9.28 
2016/07/06 9.28 9.28 8.85 9.19 
2016/07/07 9.19 9.19 8.77 9.04 
2016/07/11 8.87 9.30 8.87 9.24 
2016/07/12 9.01 9.01 9.00 9.00 
2016/07/13 9.00 9.00 9.00 9.00 
2016/07/14 9.00 9.10 8.60 9.01 
2016/07/15 9.33 9.33 8.84 9.01 
2016/07/18 9.00 9.03 8.90 8.90 
2016/07/19 8.81 8.90 8.69 8.90 
2016/07/20 8.98 8.99 8.74 8.90 
2016/07/21 8.85 8.90 8.77 8.90 
2016/07/22 9.55 9.55 8.77 8.95 
2016/07/25 8.89 8.99 8.83 8.90 
2016/07/26 8.75 9.30 8.73 9.20 
2016/07/27 9.00 9.00 8.87 8.87 
2016/07/28 9.01 9.01 8.88 8.89 
2016/07/29 8.56 8.80 8.56 8.75 
2016/08/01 8.82 8.82 8.79 8.79 
2016/08/02 8.80 8.97 8.80 8.97 
2016/08/03 9.00 9.00 8.88 8.96 
2016/08/04 9.29 9.29 8.98 9.26 
2016/08/05 9.15 9.15 9.00 9.00 
2016/08/08 9.00 9.29 8.80 9.02 
2016/08/09 9.02 9.19 9.00 9.10 
2016/08/10 9.00 9.19 8.95 9.19 
2016/08/11 9.27 9.27 9.04 9.04 
2016/08/12 9.12 9.12 9.00 9.04 
2016/08/15 9.05 9.15 9.00 9.00 
2016/08/16 9.02 9.10 9.00 9.02 
2016/08/17 9.00 9.00 8.98 9.00 
2016/08/18 8.90 9.19 8.90 9.19 
2016/08/19 8.92 8.92 8.90 8.91 
2016/08/22 8.90 8.90 8.80 8.85 
2016/08/23 8.89 8.99 8.89 8.99 
2016/08/24 9.01 9.01 8.86 8.87 
2016/08/25 8.99 9.00 8.90 8.90 
2016/08/26 8.85 8.90 8.85 8.90 
2016/08/29 8.95 8.95 8.77 8.77 
2016/08/30 8.76 8.87 8.75 8.75 
2016/08/31 8.70 8.85 8.70 8.85 
2016/09/01 8.86 8.86 8.80 8.80 
2016/09/02 8.60 8.64 8.60 8.63 
2016/09/05 8.60 8.65 8.60 8.65 
2016/09/06 8.85 8.85 8.70 8.70 
2016/09/07 8.70 8.80 8.70 8.80 
2016/09/08 8.64 8.94 8.64 8.93 
2016/09/09 8.85 8.90 8.78 8.78 
2016/09/10 8.76 8.95 8.76 8.92 
2016/09/12 8.92 8.92 8.75 8.79 
2016/09/13 8.76 8.77 8.75 8.75 
2016/09/14 8.61 8.61 8.61 8.61 
2016/09/20 9.21 9.21 8.70 8.80 
2016/09/21 8.76 9.15 8.74 8.95 
2016/09/22 8.80 9.13 8.75 9.13 
2016/09/23 8.79 9.07 8.79 8.90 
2016/09/26 8.79 8.88 8.79 8.88 
2016/09/29 8.75 8.79 8.75 8.79 
2016/09/30 8.56 8.90 8.56 8.90 
2016/10/03 9.00 9.00 8.91 8.95 
2016/10/04 8.85 8.85 8.85 8.85 
2016/10/05 8.85 8.92 8.65 8.75 
2016/10/06 8.76 8.76 8.75 8.75 
2016/10/07 8.75 8.75 8.75 8.75 
2016/10/11 8.64 8.64 8.64 8.64 
2016/10/12 8.60 8.86 8.50 8.58 
2016/10/13 8.36 8.47 8.36 8.47 
2016/10/14 8.41 8.41 8.41 8.41 
2016/10/17 8.25 8.40 8.25 8.40 
2016/10/18 8.28 8.28 8.28 8.28 
2016/10/19 8.27 8.51 8.27 8.51 
2016/10/20 8.60 8.60 8.42 8.51 
2016/10/21 7.68 8.20 7.68 8.15 
2016/10/24 8.50 8.50 8.47 8.47 
2016/10/25 8.47 8.47 8.38 8.40 
2016/10/26 8.40 8.40 8.40 8.40 
2016/11/01 8.40 8.40 8.00 8.27 
2016/11/02 7.89 7.97 7.88 7.97 
2016/11/03 8.04 8.20 8.01 8.20 
2016/11/04 8.19 8.19 8.19 8.19 
2016/11/08 8.01 8.53 7.93 8.53 
2016/11/09 8.38 8.38 8.05 8.05 
2016/11/10 7.40 8.20 7.40 7.66 
2016/11/11 7.60 7.93 7.59 7.82 
2016/11/14 8.19 8.19 8.19 8.19 
2016/11/15 7.80 8.00 7.80 8.00 
2016/11/16 8.20 8.20 8.10 8.10 
2016/11/17 8.05 8.89 8.05 8.81 
2016/11/18 8.70 8.71 8.42 8.67 
2016/11/21 8.40 8.68 8.38 8.68 
2016/11/22 8.31 8.65 8.31 8.65 
2016/11/23 8.45 8.62 8.45 8.62 
2016/11/24 8.40 8.40 8.22 8.23 
2016/11/25 8.46 8.46 8.46 8.46 
2016/11/28 8.12 8.13 8.12 8.13 
2016/11/29 8.11 8.20 8.11 8.12 
2016/11/30 8.12 8.29 8.10 8.29 
2016/12/02 8.47 8.47 8.47 8.47 
2016/12/05 8.17 8.17 8.10 8.10 
2016/12/06 8.13 8.13 8.10 8.10 
2016/12/08 8.12 8.37 8.03 8.37 
2016/12/09 8.07 8.20 8.07 8.20 
2016/12/12 8.20 8.20 8.10 8.10 
2016/12/13 8.14 8.35 8.14 8.15 
2016/12/14 8.17 8.17 8.17 8.17 
2016/12/15 8.43 8.43 8.43 8.43 
2016/12/20 8.00 8.33 8.00 8.11 
2016/12/21 8.87 8.88 8.26 8.28 
2016/12/22 8.28 8.28 8.20 8.20 
2016/12/23 7.92 8.28 7.92 8.05 
2016/12/26 7.99 8.05 7.99 8.01 
2016/12/27 8.00 8.20 8.00 8.19 
2016/12/28 8.52 8.52 8.20 8.20 
2016/12/29 8.05 8.10 8.02 8.10 
2016/12/30 8.10 8.86 8.10 8.47 
2017/01/04 8.00 8.11 8.00 8.11 
2017/01/05 8.20 8.20 8.20 8.20 
2017/01/06 8.10 8.19 7.83 8.05 
2017/01/10 8.28 8.29 8.27 8.27 
2017/01/11 8.12 8.13 8.12 8.13 
2017/01/12 8.10 8.10 8.03 8.03 
2017/01/13 8.03 8.03 8.03 8.03 
2017/01/16 8.00 8.03 8.00 8.03 
2017/01/17 8.12 8.12 8.10 8.10 
2017/01/18 8.05 8.12 8.05 8.08 
2017/01/19 8.07 8.07 8.07 8.07 
2017/01/20 7.83 7.83 7.83 7.83 
2017/01/23 8.19 8.20 8.03 8.03 
2017/02/02 8.39 8.39 8.10 8.10 
2017/02/03 8.09 8.11 8.09 8.11 
2017/02/06 8.85 8.85 8.50 8.57 
2017/02/07 8.58 8.69 8.42 8.42 
2017/02/08 8.31 8.40 8.30 8.40 
