2016/07/01 5.27 5.88 5.27 5.88 
2016/07/04 5.37 5.50 5.37 5.50 
2016/07/05 5.32 5.32 5.32 5.32 
2016/07/06 4.83 5.65 4.83 5.02 
2016/07/07 4.56 5.25 4.56 5.25 
2016/07/11 5.70 5.70 4.77 5.11 
2016/07/12 5.35 5.35 5.35 5.35 
2016/07/13 5.59 5.59 5.59 5.59 
2016/07/14 6.05 6.14 5.04 6.14 
2016/07/15 6.43 6.43 5.55 6.22 
2016/07/19 5.60 5.60 5.05 5.53 
2016/07/20 4.99 5.47 4.98 5.47 
2016/07/21 4.96 5.00 4.93 4.93 
2016/07/22 5.40 5.40 4.67 4.72 
2016/07/25 5.15 5.15 4.95 5.00 
2016/07/26 5.40 5.40 4.71 4.71 
2016/07/27 4.75 4.86 4.32 4.58 
2016/07/28 4.95 4.95 4.95 4.95 
2016/07/29 5.28 5.28 4.96 4.96 
2016/08/02 4.64 5.22 4.64 5.20 
2016/08/03 5.19 5.34 5.16 5.34 
2016/08/04 5.78 5.78 5.78 5.78 
2016/08/05 5.40 5.78 5.40 5.78 
2016/08/08 6.05 6.05 6.05 6.05 
2016/08/09 6.33 6.33 6.33 6.33 
2016/08/10 6.54 6.54 6.54 6.54 
2016/08/15 4.81 5.39 4.81 5.39 
2016/08/16 4.88 4.88 4.88 4.88 
2016/08/18 4.32 4.80 4.32 4.79 
2016/08/19 5.21 5.21 5.21 5.21 
2016/08/22 5.54 5.59 5.54 5.59 
2016/08/23 5.06 5.06 5.06 5.06 
2016/08/24 5.39 5.39 5.39 5.39 
2016/08/26 5.80 5.80 5.80 5.80 
2016/08/31 5.73 5.73 5.73 5.73 
2016/09/01 5.18 5.73 5.16 5.16 
2016/09/02 5.30 5.30 5.30 5.30 
2016/09/07 4.77 5.12 4.77 5.12 
2016/09/08 4.80 5.15 4.80 5.15 
2016/09/23 5.19 5.19 5.19 5.19 
2016/09/26 5.28 5.28 5.28 5.28 
2016/09/29 5.39 5.39 4.79 5.10 
2016/10/04 4.94 4.94 4.94 4.94 
2016/10/05 5.38 5.38 5.38 5.38 
2016/10/06 4.85 5.50 4.85 4.86 
2016/10/07 4.86 5.27 4.86 5.27 
2016/10/12 5.46 5.47 5.46 5.46 
2016/10/13 5.60 5.60 5.58 5.60 
2016/10/14 5.72 5.72 5.72 5.72 
2016/10/18 5.60 5.60 5.17 5.21 
2016/10/20 5.21 5.25 5.21 5.24 
2016/10/24 4.86 5.30 4.85 5.30 
2016/10/25 4.80 5.27 4.80 5.27 
2016/10/26 5.27 5.29 5.27 5.29 
2016/10/27 5.10 5.10 5.10 5.10 
2016/10/28 5.30 5.30 5.30 5.30 
2016/11/01 4.42 4.42 4.42 4.42 
2016/11/02 4.86 4.86 4.86 4.86 
2016/11/03 5.34 5.34 5.33 5.33 
2016/11/04 4.80 5.38 4.80 5.38 
2016/11/07 4.96 5.35 4.88 5.30 
2016/11/08 5.68 5.68 5.30 5.30 
2016/11/09 5.28 5.30 5.28 5.30 
2016/11/11 5.35 5.35 4.92 4.92 
2016/11/14 4.51 4.51 4.51 4.51 
2016/11/15 4.13 4.85 4.13 4.85 
2016/11/16 5.25 5.25 5.25 5.25 
2016/11/17 4.81 5.00 4.81 5.00 
2016/11/18 5.00 5.00 5.00 5.00 
2016/11/21 5.23 5.23 5.23 5.23 
2016/11/22 5.35 5.35 5.30 5.30 
2016/11/24 5.29 5.30 5.29 5.30 
2016/11/28 5.50 5.50 4.86 4.86 
2016/11/29 5.28 5.28 5.28 5.28 
2016/12/08 4.83 4.83 4.83 4.83 
2016/12/09 5.00 5.31 5.00 5.31 
2016/12/12 4.82 4.82 4.82 4.82 
2016/12/13 5.28 5.28 5.28 5.28 
2016/12/14 5.49 5.49 5.49 5.49 
2016/12/21 5.48 5.48 5.48 5.48 
2016/12/22 5.50 5.50 5.50 5.50 
2016/12/23 5.50 5.50 5.50 5.50 
2016/12/26 5.50 5.50 5.50 5.50 
2017/02/08 5.43 5.43 5.40 5.40 
