2016/07/01 12.75 12.75 12.35 12.50 
2016/07/04 12.45 12.50 12.35 12.40 
2016/07/05 12.50 12.55 12.25 12.30 
2016/07/06 12.20 12.25 12.05 12.10 
2016/07/07 12.20 12.30 12.10 12.15 
2016/07/11 12.20 12.30 12.20 12.25 
2016/07/12 12.25 12.70 12.20 12.70 
2016/07/13 12.90 13.30 12.90 13.15 
2016/07/14 13.15 13.15 12.90 12.90 
2016/07/15 12.95 13.05 12.80 12.80 
2016/07/18 12.85 12.85 12.65 12.70 
2016/07/19 12.70 12.85 12.65 12.80 
2016/07/20 12.90 12.90 12.65 12.75 
2016/07/21 12.80 13.30 12.80 13.10 
2016/07/22 13.00 13.20 12.85 12.90 
2016/07/25 13.00 13.15 12.70 12.75 
2016/07/26 12.80 12.90 12.70 12.85 
2016/07/27 12.90 13.00 12.70 12.75 
2016/07/28 12.95 12.95 12.65 12.70 
2016/07/29 13.00 13.50 13.00 13.25 
2016/08/01 13.10 13.40 12.95 13.15 
2016/08/02 13.25 13.30 13.10 13.20 
2016/08/03 13.05 13.15 12.85 13.00 
2016/08/04 13.10 13.90 13.10 13.70 
2016/08/05 13.65 13.70 13.45 13.50 
2016/08/08 13.65 13.70 13.20 13.20 
2016/08/09 13.30 13.35 13.00 13.05 
2016/08/10 12.95 13.05 12.70 12.70 
2016/08/11 12.70 12.75 12.40 12.45 
2016/08/12 12.50 12.70 12.50 12.55 
2016/08/15 12.55 12.70 12.45 12.50 
2016/08/16 12.50 12.75 12.50 12.75 
2016/08/17 12.85 12.90 12.60 12.90 
2016/08/18 12.80 12.90 12.65 12.70 
2016/08/19 12.85 13.45 12.70 13.30 
2016/08/22 13.15 13.20 12.80 12.85 
2016/08/23 13.00 13.00 12.85 12.90 
2016/08/24 12.95 13.30 12.80 13.10 
2016/08/25 13.10 13.20 13.00 13.15 
2016/08/26 13.15 13.20 13.00 13.05 
2016/08/29 13.10 13.25 13.00 13.10 
2016/08/30 13.30 13.80 13.20 13.70 
2016/08/31 13.80 14.00 13.70 13.90 
2016/09/01 13.95 14.00 13.60 13.70 
2016/09/02 13.65 13.75 13.20 13.25 
2016/09/05 13.40 13.70 13.30 13.45 
2016/09/06 13.60 13.80 13.55 13.60 
2016/09/07 13.65 13.80 13.40 13.50 
2016/09/08 13.40 13.75 13.40 13.65 
2016/09/09 13.50 13.75 13.50 13.65 
2016/09/10 13.25 13.40 13.00 13.15 
2016/09/12 13.25 13.25 13.00 13.00 
2016/09/13 13.15 13.20 12.80 12.90 
2016/09/14 12.75 13.10 12.65 13.10 
2016/09/19 13.10 13.20 13.05 13.10 
2016/09/20 13.10 13.10 12.95 13.00 
2016/09/21 13.00 13.30 13.00 13.30 
2016/09/22 13.60 13.65 13.25 13.25 
2016/09/23 13.30 13.40 13.00 13.00 
2016/09/26 13.05 13.25 13.00 13.10 
2016/09/29 13.30 13.30 13.05 13.05 
2016/09/30 13.05 13.10 13.00 13.05 
2016/10/03 13.15 13.25 13.10 13.20 
2016/10/04 13.35 13.50 13.30 13.45 
2016/10/05 13.45 13.50 13.25 13.35 
2016/10/06 13.40 13.45 13.25 13.25 
2016/10/07 13.30 13.30 13.05 13.05 
2016/10/11 13.00 13.10 12.50 12.50 
2016/10/12 12.50 12.60 12.45 12.50 
2016/10/13 12.50 12.55 12.30 12.35 
2016/10/14 12.30 12.40 12.00 12.05 
2016/10/17 12.05 12.15 11.95 12.05 
2016/10/18 12.10 12.30 12.10 12.15 
2016/10/19 12.20 12.30 12.15 12.15 
2016/10/20 12.20 12.35 12.15 12.30 
2016/10/21 12.35 12.45 12.30 12.30 
2016/10/24 12.30 12.35 12.20 12.25 
2016/10/25 12.35 12.45 12.30 12.30 
2016/10/26 12.30 12.40 12.25 12.25 
2016/10/27 12.30 12.30 12.15 12.15 
2016/10/28 12.15 12.25 12.05 12.10 
2016/10/31 12.10 12.20 12.00 12.15 
2016/11/01 12.15 12.30 12.15 12.20 
2016/11/02 12.00 12.20 11.95 11.95 
2016/11/03 12.00 12.05 11.80 11.80 
2016/11/04 11.75 11.75 11.60 11.65 
2016/11/07 11.70 12.00 11.70 11.90 
2016/11/08 12.00 12.10 11.80 11.80 
2016/11/09 11.80 11.95 11.10 11.15 
2016/11/10 11.55 11.55 11.35 11.50 
2016/11/11 11.50 11.50 11.10 11.10 
2016/11/14 11.00 11.00 10.60 10.65 
2016/11/15 10.60 10.85 10.55 10.70 
2016/11/16 10.90 10.90 10.60 10.60 
2016/11/17 10.80 10.80 10.40 10.45 
2016/11/18 10.50 10.75 10.50 10.65 
2016/11/21 10.25 10.75 10.25 10.70 
2016/11/22 10.65 11.05 10.60 11.00 
2016/11/23 11.90 12.10 11.75 12.10 
2016/11/24 12.10 12.10 11.80 11.90 
2016/11/25 11.75 12.05 11.75 12.00 
2016/11/28 12.30 12.50 12.20 12.25 
2016/11/29 12.25 12.30 12.05 12.05 
2016/11/30 12.05 12.10 11.80 11.85 
2016/12/01 11.85 12.00 11.85 12.00 
2016/12/02 12.00 12.00 11.85 11.95 
2016/12/05 12.00 12.00 11.75 11.80 
2016/12/06 11.85 12.05 11.80 11.80 
2016/12/07 11.90 11.90 11.80 11.90 
2016/12/08 11.95 12.05 11.95 12.00 
2016/12/09 12.00 12.05 11.85 11.85 
2016/12/12 11.85 11.95 11.75 11.85 
2016/12/13 11.70 11.90 11.55 11.85 
2016/12/14 11.85 12.05 11.80 11.95 
2016/12/15 11.95 11.95 11.60 11.80 
2016/12/16 11.80 11.95 11.80 11.90 
2016/12/19 12.00 12.00 11.80 11.85 
2016/12/20 11.85 12.05 11.65 12.00 
2016/12/21 12.05 12.05 11.90 11.95 
2016/12/22 11.95 12.00 11.80 11.85 
2016/12/23 11.85 12.35 11.80 12.25 
2016/12/26 12.40 12.95 12.40 12.80 
2016/12/27 12.95 13.00 12.65 12.65 
2016/12/28 12.70 12.90 12.65 12.70 
2016/12/29 12.70 12.70 12.50 12.50 
2016/12/30 12.55 12.70 12.35 12.50 
2017/01/03 12.50 12.70 12.50 12.55 
2017/01/04 12.60 12.70 12.55 12.65 
2017/01/05 12.60 12.90 12.55 12.70 
2017/01/06 12.80 12.85 12.55 12.60 
2017/01/09 12.60 12.60 12.35 12.45 
2017/01/10 12.70 12.70 12.45 12.50 
2017/01/11 12.45 12.50 12.40 12.45 
2017/01/12 12.50 12.55 12.40 12.45 
2017/01/13 12.40 12.50 12.30 12.50 
2017/01/16 12.25 12.50 12.20 12.25 
2017/01/17 12.40 12.45 12.30 12.40 
2017/01/18 12.40 12.50 12.25 12.45 
2017/01/19 12.50 12.50 12.30 12.30 
2017/01/20 12.45 12.75 12.45 12.45 
2017/01/23 12.55 12.60 12.40 12.40 
2017/01/24 12.40 12.45 12.30 12.35 
2017/02/02 12.45 12.45 12.25 12.30 
2017/02/03 12.35 12.45 12.35 12.40 
2017/02/06 12.40 12.60 12.40 12.55 
2017/02/07 12.55 12.65 12.50 12.60 
2017/02/08 12.65 12.75 12.55 12.60 
