2016/07/01 42.55 42.95 42.55 42.80 
2016/07/04 43.00 43.50 43.00 43.30 
2016/07/05 39.50 39.60 38.90 38.90 
2016/07/06 39.00 39.00 38.25 38.35 
2016/07/07 38.60 39.10 38.60 38.70 
2016/07/11 38.80 38.80 38.35 38.40 
2016/07/12 38.55 38.65 38.35 38.40 
2016/07/13 38.45 38.65 38.40 38.45 
2016/07/14 38.45 39.20 38.40 39.00 
2016/07/15 39.20 39.25 39.05 39.15 
2016/07/18 39.15 39.20 39.00 39.00 
2016/07/19 39.00 39.10 38.80 38.80 
2016/07/20 38.80 38.95 38.70 38.75 
2016/07/21 38.75 39.00 38.75 39.00 
2016/07/22 39.05 39.20 38.85 38.85 
2016/07/25 39.00 39.25 38.75 38.90 
2016/07/26 38.90 39.00 38.80 38.85 
2016/07/27 38.90 39.00 38.65 38.65 
2016/07/28 38.65 38.65 38.40 38.60 
2016/07/29 38.60 38.60 38.30 38.50 
2016/08/01 38.60 38.80 38.50 38.65 
2016/08/02 38.65 39.10 38.65 38.65 
2016/08/03 38.70 38.95 38.70 38.70 
2016/08/04 38.90 39.20 38.80 39.20 
2016/08/05 39.35 39.90 39.30 39.70 
2016/08/08 40.00 40.45 40.00 40.35 
2016/08/09 40.20 40.20 39.30 39.80 
2016/08/10 39.70 39.90 39.30 39.50 
2016/08/11 39.20 39.50 39.00 39.05 
2016/08/12 39.65 40.10 39.65 39.70 
2016/08/15 40.40 40.40 39.80 39.85 
2016/08/16 40.00 40.05 39.65 39.75 
2016/08/17 39.75 40.00 39.55 39.75 
2016/08/18 39.75 39.75 39.40 39.55 
2016/08/19 39.60 39.90 39.50 39.50 
2016/08/22 39.15 39.30 39.05 39.10 
2016/08/23 39.10 39.40 39.10 39.15 
2016/08/24 39.20 39.25 39.10 39.20 
2016/08/25 39.20 39.50 39.20 39.35 
2016/08/26 39.40 39.45 39.25 39.40 
2016/08/29 39.50 39.60 39.40 39.50 
2016/08/30 39.70 41.00 39.70 40.50 
2016/08/31 40.50 40.60 40.00 40.10 
2016/09/01 40.10 40.10 39.85 39.90 
2016/09/02 40.20 40.35 39.60 39.60 
2016/09/05 40.60 40.95 40.25 40.25 
2016/09/06 40.30 40.45 39.90 40.15 
2016/09/07 40.15 40.40 40.00 40.05 
2016/09/08 40.30 40.30 39.95 40.15 
2016/09/09 40.10 40.10 39.80 39.80 
2016/09/10 38.85 39.55 38.80 39.30 
2016/09/12 39.30 39.40 39.10 39.20 
2016/09/13 39.30 39.40 38.90 38.90 
2016/09/14 38.80 39.10 38.60 38.60 
2016/09/19 38.60 39.30 38.45 38.90 
2016/09/20 38.90 39.25 38.90 39.00 
2016/09/21 39.05 39.05 38.75 39.00 
2016/09/22 39.00 39.10 38.95 38.95 
2016/09/23 39.00 39.05 38.90 38.95 
2016/09/26 38.95 38.95 38.55 38.60 
2016/09/29 38.65 38.75 38.50 38.60 
2016/09/30 38.60 38.70 38.40 38.60 
2016/10/03 38.70 38.85 38.50 38.50 
2016/10/04 38.50 38.65 38.40 38.65 
2016/10/05 38.65 38.70 38.60 38.60 
2016/10/06 38.70 38.85 38.55 38.75 
2016/10/07 39.20 39.80 39.20 39.50 
2016/10/11 39.70 39.70 38.85 39.15 
2016/10/12 38.75 39.45 38.75 39.40 
2016/10/13 39.50 39.50 39.10 39.20 
2016/10/14 39.20 39.20 38.85 38.85 
2016/10/17 38.85 39.10 38.80 39.10 
2016/10/18 38.95 39.30 38.95 39.15 
2016/10/19 39.15 39.30 39.15 39.20 
2016/10/20 39.20 39.35 39.15 39.20 
2016/10/21 39.20 39.55 39.20 39.45 
2016/10/24 39.65 40.30 39.50 40.00 
2016/10/25 40.30 40.50 40.00 40.05 
2016/10/26 40.05 40.20 40.00 40.00 
2016/10/27 40.00 40.00 39.60 39.65 
2016/10/28 39.80 39.80 39.45 39.50 
2016/10/31 39.55 39.75 39.45 39.60 
2016/11/01 39.90 40.00 39.60 39.65 
2016/11/02 39.65 39.65 39.05 39.10 
2016/11/03 38.80 39.10 38.80 38.90 
2016/11/04 38.80 39.20 38.80 39.00 
2016/11/07 39.00 39.20 39.00 39.05 
2016/11/08 39.10 39.15 38.80 39.00 
2016/11/09 39.20 39.20 38.40 38.40 
2016/11/10 38.50 39.00 38.50 38.85 
2016/11/11 39.20 39.20 38.60 38.60 
2016/11/14 38.65 38.75 38.45 38.55 
2016/11/15 38.50 38.85 38.50 38.85 
2016/11/16 39.10 39.15 38.85 39.00 
2016/11/17 39.05 39.05 38.80 38.80 
2016/11/18 38.80 39.15 38.75 39.15 
2016/11/21 39.10 39.20 39.00 39.15 
2016/11/22 39.30 39.30 39.10 39.15 
2016/11/23 39.20 39.25 39.10 39.15 
2016/11/24 39.20 39.20 39.00 39.15 
2016/11/25 39.20 39.20 39.10 39.10 
2016/11/28 39.10 39.15 39.05 39.15 
2016/11/29 39.15 39.50 39.15 39.45 
2016/11/30 39.60 39.80 39.40 39.75 
2016/12/01 40.00 40.00 39.70 39.75 
2016/12/02 39.70 39.70 39.35 39.60 
2016/12/05 39.60 39.70 39.35 39.50 
2016/12/06 39.70 39.70 39.25 39.40 
2016/12/07 39.50 39.50 39.25 39.30 
2016/12/08 39.40 39.60 39.35 39.40 
2016/12/09 39.60 39.70 39.55 39.60 
2016/12/12 39.60 40.00 39.60 39.65 
2016/12/13 39.70 42.20 39.55 41.60 
2016/12/14 42.55 42.90 41.30 41.55 
2016/12/15 41.65 42.50 41.65 42.20 
2016/12/16 42.40 42.80 42.15 42.25 
2016/12/19 42.45 42.60 41.50 41.70 
2016/12/20 41.85 41.85 41.05 41.60 
2016/12/21 41.80 41.80 41.30 41.30 
2016/12/22 41.35 41.65 41.35 41.35 
2016/12/23 41.50 43.80 41.50 43.60 
2016/12/26 44.30 44.90 43.60 43.65 
2016/12/27 43.75 43.75 42.70 42.90 
2016/12/28 42.90 43.85 42.80 42.90 
2016/12/29 43.00 43.50 42.75 42.90 
2016/12/30 43.20 44.20 43.00 43.65 
2017/01/03 43.90 44.70 43.80 44.50 
2017/01/04 44.60 44.70 44.00 44.00 
2017/01/05 44.00 44.45 43.80 43.90 
2017/01/06 44.20 44.50 43.80 44.50 
2017/01/09 44.15 44.45 43.50 43.85 
2017/01/10 44.15 44.50 43.80 43.80 
2017/01/11 43.90 44.30 43.90 44.00 
2017/01/12 44.45 44.45 44.05 44.15 
2017/01/13 44.30 44.30 43.85 43.90 
2017/01/16 44.00 44.00 43.45 43.50 
2017/01/17 43.45 44.00 43.45 43.80 
2017/01/18 43.95 45.15 43.90 45.15 
2017/01/19 45.45 45.80 44.50 44.55 
2017/01/20 44.60 45.15 44.60 44.75 
2017/01/23 45.30 45.30 44.65 44.65 
2017/01/24 45.00 45.00 44.50 44.60 
2017/02/02 44.75 45.10 44.55 44.65 
2017/02/03 44.80 45.45 44.60 45.45 
2017/02/06 45.55 45.75 45.15 45.30 
2017/02/07 45.20 46.70 45.20 46.00 
2017/02/08 46.50 46.50 45.90 46.20 
