2016/07/01 25.00 25.00 22.30 23.65 
2016/07/04 22.70 23.60 22.70 22.80 
2016/07/05 22.55 22.55 21.20 21.25 
2016/07/06 21.50 21.50 21.30 21.30 
2016/07/07 21.95 21.95 21.00 21.00 
2016/07/12 22.00 22.15 20.75 21.40 
2016/07/13 21.40 21.80 21.10 21.80 
2016/07/14 21.00 22.25 21.00 21.35 
2016/07/15 22.05 22.50 21.50 22.00 
2016/07/18 22.90 24.20 22.90 24.20 
2016/07/19 25.95 26.60 22.60 22.60 
2016/07/20 22.20 22.80 22.00 22.25 
2016/07/21 22.40 22.90 22.40 22.50 
2016/07/22 22.80 23.80 22.80 23.55 
2016/07/25 23.55 24.05 23.55 23.90 
2016/07/26 24.00 24.30 23.95 24.30 
2016/07/28 24.25 24.80 24.00 24.00 
2016/07/29 24.00 25.05 24.00 25.05 
2016/08/01 23.55 24.00 23.00 23.70 
2016/08/02 23.40 24.20 23.10 23.65 
2016/08/03 23.65 24.00 23.50 23.75 
2016/08/04 23.75 24.20 23.55 23.75 
2016/08/05 23.50 24.35 23.30 24.35 
2016/08/08 24.35 24.40 24.10 24.10 
2016/08/09 23.60 24.40 23.60 24.00 
2016/08/11 24.00 24.00 23.30 23.30 
2016/08/12 23.55 23.55 23.40 23.40 
2016/08/15 23.40 24.15 23.40 23.55 
2016/08/17 23.50 24.00 23.50 24.00 
2016/08/18 24.00 24.00 24.00 24.00 
2016/08/19 23.60 23.60 22.80 23.35 
2016/08/22 23.35 23.35 22.35 22.80 
2016/08/23 22.80 22.80 22.70 22.70 
2016/08/24 22.25 23.00 22.25 22.60 
2016/08/25 22.15 23.00 22.10 22.70 
2016/08/26 22.05 23.15 22.00 23.10 
2016/08/29 23.00 23.00 22.70 22.70 
2016/08/30 22.20 23.30 22.20 22.45 
2016/08/31 22.55 23.50 22.45 23.40 
2016/09/01 23.00 23.30 23.00 23.00 
2016/09/02 23.00 23.00 22.90 22.90 
2016/09/05 22.70 23.00 22.70 23.00 
2016/09/06 22.85 23.00 22.85 23.00 
2016/09/07 23.80 23.80 23.00 23.00 
2016/09/08 23.05 23.05 22.90 22.90 
2016/09/09 23.00 23.00 23.00 23.00 
2016/09/10 22.65 22.65 22.65 22.65 
2016/09/12 23.00 23.00 21.10 21.10 
2016/09/13 21.00 22.00 21.00 22.00 
2016/09/14 20.90 22.70 20.90 22.00 
2016/09/19 22.50 22.50 22.50 22.50 
2016/09/20 22.70 22.75 22.70 22.75 
2016/09/21 23.00 23.10 23.00 23.10 
2016/09/22 23.00 23.20 23.00 23.20 
2016/09/23 23.20 23.45 22.60 23.45 
2016/09/26 23.65 23.65 23.10 23.50 
2016/10/03 22.90 22.90 22.90 22.90 
2016/10/04 22.90 23.00 22.90 23.00 
2016/10/05 23.00 23.00 22.50 22.50 
2016/10/06 22.50 22.50 22.40 22.40 
2016/10/12 22.40 22.40 22.30 22.30 
2016/10/14 22.30 22.30 22.10 22.20 
2016/10/17 22.20 22.20 22.20 22.20 
2016/10/18 22.00 22.00 22.00 22.00 
2016/10/19 22.10 22.10 22.10 22.10 
2016/10/20 22.50 22.50 22.50 22.50 
2016/10/21 22.70 23.00 22.70 22.80 
2016/10/24 23.10 23.10 21.50 22.00 
2016/10/25 22.00 22.20 22.00 22.20 
2016/10/26 22.20 22.80 22.20 22.80 
2016/10/27 22.50 22.50 22.50 22.50 
2016/10/28 22.80 22.80 22.80 22.80 
2016/11/01 22.80 22.80 22.80 22.80 
2016/11/02 22.20 22.20 22.20 22.20 
2016/11/03 22.20 22.20 22.20 22.20 
2016/11/04 22.20 22.35 22.20 22.20 
2016/11/07 22.30 22.30 22.30 22.30 
2016/11/08 22.30 22.30 22.30 22.30 
2016/11/09 22.00 22.00 22.00 22.00 
2016/11/10 20.10 22.00 20.10 22.00 
2016/11/11 22.00 22.00 21.10 22.00 
2016/11/14 22.00 22.20 22.00 22.20 
2016/11/16 22.05 22.10 22.05 22.10 
2016/11/17 22.05 22.30 22.05 22.30 
2016/11/18 22.50 22.80 22.00 22.80 
2016/11/21 22.80 22.80 22.80 22.80 
2016/11/22 22.75 22.75 22.75 22.75 
2016/11/24 22.15 22.15 22.00 22.00 
2016/11/25 22.00 22.00 21.20 21.20 
2016/11/29 20.20 21.00 20.20 21.00 
2016/11/30 20.30 20.50 20.30 20.50 
2016/12/01 22.00 22.00 21.00 21.00 
2016/12/02 20.50 20.55 20.35 20.50 
2016/12/05 22.10 22.10 22.10 22.10 
2016/12/06 20.65 20.65 20.50 20.50 
2016/12/07 20.55 20.95 20.50 20.95 
2016/12/08 20.50 20.85 20.45 20.85 
2016/12/12 21.30 21.30 21.30 21.30 
2016/12/13 20.95 21.00 20.95 21.00 
2016/12/14 20.90 21.00 20.90 21.00 
2016/12/15 20.20 20.55 20.20 20.50 
2016/12/16 20.55 20.55 20.50 20.50 
2016/12/19 20.55 20.55 20.50 20.50 
2016/12/20 20.50 20.50 20.50 20.50 
2016/12/21 20.55 20.55 20.55 20.55 
2016/12/22 20.60 20.60 20.55 20.55 
2016/12/23 20.95 20.95 20.95 20.95 
2016/12/27 20.55 20.85 20.55 20.85 
2016/12/28 20.50 20.50 20.50 20.50 
2017/01/03 21.40 21.40 21.00 21.00 
2017/01/06 21.00 21.00 21.00 21.00 
2017/01/09 21.00 21.00 21.00 21.00 
2017/01/10 20.55 20.55 20.55 20.55 
2017/01/11 20.10 20.10 20.10 20.10 
2017/01/12 21.00 21.00 20.50 21.00 
2017/01/13 21.00 21.00 21.00 21.00 
2017/01/16 21.00 21.00 21.00 21.00 
2017/01/17 21.00 21.00 20.70 20.70 
2017/01/18 20.70 20.70 20.70 20.70 
2017/01/19 21.55 21.85 21.55 21.85 
2017/01/20 21.40 21.40 21.40 21.40 
2017/01/23 21.15 21.15 21.15 21.15 
2017/02/06 21.10 21.10 21.10 21.10 
2017/02/07 21.05 21.05 21.05 21.05 
