2016/07/01 1.76 1.77 1.75 1.77 
2016/07/04 1.71 1.85 1.71 1.80 
2016/07/05 1.80 1.80 1.80 1.80 
2016/07/06 1.81 1.81 1.75 1.75 
2016/07/07 1.81 1.85 1.75 1.75 
2016/07/11 1.78 1.78 1.75 1.78 
2016/07/12 1.71 1.79 1.71 1.79 
2016/07/13 1.75 1.75 1.75 1.75 
2016/07/14 1.75 1.87 1.75 1.80 
2016/07/15 1.81 1.81 1.71 1.80 
2016/07/18 1.75 1.76 1.75 1.75 
2016/07/19 1.79 1.80 1.76 1.80 
2016/07/20 1.73 1.79 1.73 1.79 
2016/07/21 1.71 1.72 1.71 1.71 
2016/07/22 1.73 1.73 1.70 1.70 
2016/07/25 1.62 1.67 1.62 1.67 
2016/07/26 1.70 1.75 1.67 1.74 
2016/07/27 1.75 1.76 1.67 1.76 
2016/07/28 1.71 1.75 1.71 1.71 
2016/07/29 1.63 1.75 1.63 1.70 
2016/08/01 1.75 1.75 1.67 1.75 
2016/08/02 1.72 1.78 1.72 1.73 
2016/08/03 1.79 1.79 1.69 1.74 
2016/08/04 1.71 1.71 1.71 1.71 
2016/08/05 1.70 1.75 1.70 1.75 
2016/08/08 1.58 1.60 1.58 1.58 
2016/08/09 1.60 1.63 1.60 1.60 
2016/08/10 1.60 1.61 1.60 1.60 
2016/08/11 1.60 1.60 1.59 1.59 
2016/08/12 1.52 1.60 1.52 1.60 
2016/08/15 1.61 1.76 1.61 1.76 
2016/08/16 1.80 1.93 1.80 1.93 
2016/08/17 2.07 2.12 1.95 2.00 
2016/08/18 2.00 2.01 2.00 2.00 
2016/08/19 1.95 2.10 1.95 2.00 
2016/08/22 2.00 2.00 1.95 2.00 
2016/08/23 2.05 2.05 2.05 2.05 
2016/08/24 2.06 2.06 1.99 1.99 
2016/08/25 2.00 2.00 2.00 2.00 
2016/08/26 2.00 2.16 2.00 2.05 
2016/08/29 1.91 2.08 1.91 2.05 
2016/08/30 2.02 2.05 2.02 2.03 
2016/08/31 2.09 2.09 1.98 1.98 
2016/09/01 2.00 2.00 1.89 1.89 
2016/09/02 1.97 1.97 1.84 1.93 
2016/09/05 1.81 1.93 1.81 1.93 
2016/09/06 1.93 1.93 1.86 1.91 
2016/09/07 1.86 1.88 1.86 1.87 
2016/09/08 1.88 1.88 1.86 1.87 
2016/09/09 1.87 1.87 1.87 1.87 
2016/09/10 1.88 1.88 1.88 1.88 
2016/09/12 1.88 1.89 1.88 1.88 
2016/09/13 1.90 1.90 1.88 1.88 
2016/09/14 1.80 1.87 1.80 1.87 
2016/09/19 1.82 1.88 1.82 1.86 
2016/09/20 1.85 1.85 1.83 1.83 
2016/09/21 1.85 1.85 1.82 1.82 
2016/09/22 1.82 1.88 1.82 1.88 
2016/09/23 1.90 1.90 1.86 1.88 
2016/09/26 1.90 1.90 1.89 1.90 
2016/09/29 1.86 1.90 1.86 1.88 
2016/09/30 1.91 1.95 1.91 1.91 
2016/10/03 1.91 1.91 1.83 1.87 
2016/10/04 1.88 1.89 1.86 1.89 
2016/10/05 1.88 1.88 1.88 1.88 
2016/10/06 1.88 1.88 1.84 1.85 
2016/10/07 1.85 1.85 1.85 1.85 
2016/10/11 1.85 1.85 1.85 1.85 
2016/10/12 1.85 1.85 1.75 1.76 
2016/10/13 1.86 1.86 1.84 1.84 
2016/10/14 1.84 1.84 1.81 1.81 
2016/10/17 1.81 1.81 1.80 1.80 
2016/10/18 1.85 1.85 1.85 1.85 
2016/10/19 1.85 1.90 1.80 1.80 
2016/10/20 1.78 1.82 1.78 1.82 
2016/10/21 1.86 1.86 1.83 1.83 
2016/10/24 1.87 1.87 1.81 1.81 
2016/10/25 1.81 1.81 1.81 1.81 
2016/10/26 1.82 1.82 1.81 1.81 
2016/10/27 1.81 1.83 1.78 1.83 
2016/10/28 1.83 1.85 1.72 1.72 
2016/10/31 1.75 1.75 1.75 1.75 
2016/11/01 1.77 1.80 1.76 1.80 
2016/11/02 1.80 1.80 1.73 1.73 
2016/11/03 1.80 1.80 1.73 1.77 
2016/11/04 1.75 1.75 1.75 1.75 
2016/11/07 1.72 1.73 1.70 1.70 
2016/11/08 1.71 1.79 1.71 1.77 
2016/11/09 1.75 1.75 1.73 1.75 
2016/11/10 1.79 1.79 1.75 1.75 
2016/11/11 1.71 1.75 1.71 1.72 
2016/11/14 1.84 1.84 1.75 1.80 
2016/11/15 1.81 1.82 1.80 1.80 
2016/11/16 1.75 1.80 1.75 1.77 
2016/11/17 1.77 1.84 1.77 1.84 
2016/11/18 1.82 1.82 1.79 1.82 
2016/11/21 1.79 1.82 1.78 1.78 
2016/11/22 1.75 1.82 1.75 1.77 
2016/11/23 1.77 1.80 1.77 1.79 
2016/11/24 1.91 1.91 1.78 1.80 
2016/11/25 1.80 1.80 1.77 1.77 
2016/11/28 1.77 1.77 1.77 1.77 
2016/11/29 1.76 1.78 1.73 1.76 
2016/11/30 1.76 1.76 1.76 1.76 
2016/12/01 1.76 1.78 1.76 1.78 
2016/12/02 1.78 1.78 1.72 1.72 
2016/12/05 1.80 1.80 1.76 1.79 
2016/12/06 1.85 1.85 1.82 1.85 
2016/12/07 1.86 1.86 1.81 1.84 
2016/12/08 1.89 1.89 1.80 1.80 
2016/12/09 1.80 1.83 1.79 1.82 
2016/12/12 1.84 1.84 1.77 1.77 
2016/12/13 1.78 1.82 1.77 1.78 
2016/12/14 1.77 1.81 1.76 1.81 
2016/12/15 1.84 1.84 1.78 1.80 
2016/12/16 1.79 1.84 1.78 1.84 
2016/12/19 1.84 1.85 1.83 1.85 
2016/12/20 1.86 1.86 1.82 1.86 
2016/12/21 1.88 1.90 1.88 1.88 
2016/12/22 1.85 1.87 1.85 1.87 
2016/12/23 1.87 1.87 1.80 1.80 
2016/12/26 1.78 1.82 1.77 1.82 
2016/12/27 1.85 1.85 1.83 1.83 
2016/12/28 1.82 1.83 1.82 1.83 
2016/12/29 1.82 1.82 1.79 1.80 
2016/12/30 1.80 1.80 1.80 1.80 
2017/01/03 1.90 1.90 1.82 1.83 
2017/01/04 1.76 1.83 1.76 1.80 
2017/01/05 1.80 1.80 1.79 1.80 
2017/01/06 1.80 1.82 1.80 1.82 
2017/01/09 1.78 1.83 1.78 1.79 
2017/01/10 1.77 1.82 1.77 1.80 
2017/01/11 1.76 1.85 1.76 1.80 
2017/01/12 1.79 1.84 1.79 1.82 
2017/01/13 1.83 1.83 1.83 1.83 
2017/01/16 1.80 1.86 1.80 1.82 
2017/01/17 1.84 1.84 1.81 1.81 
2017/01/18 1.83 1.84 1.81 1.84 
2017/01/19 1.86 1.95 1.86 1.95 
2017/01/20 2.05 2.14 2.05 2.14 
2017/01/23 2.14 2.14 2.05 2.11 
2017/01/24 2.24 2.25 2.03 2.03 
2017/02/02 2.09 2.17 2.00 2.17 
2017/02/03 2.15 2.15 2.06 2.14 
2017/02/06 2.25 2.25 2.12 2.12 
2017/02/07 2.21 2.21 2.10 2.10 
2017/02/08 2.16 2.16 2.06 2.15 
