2016/07/01 72.40 73.70 72.10 73.00 
2016/07/04 70.00 70.80 69.70 70.40 
2016/07/05 70.50 70.70 70.00 70.10 
2016/07/06 69.70 69.70 69.20 69.60 
2016/07/07 70.30 70.70 69.00 69.20 
2016/07/11 70.00 70.00 69.20 69.20 
2016/07/12 69.30 69.80 68.30 68.30 
2016/07/13 68.50 68.50 66.20 66.50 
2016/07/14 66.20 67.60 65.90 66.00 
2016/07/15 66.80 67.50 66.60 66.60 
2016/07/18 67.20 67.50 66.90 67.40 
2016/07/19 67.80 68.50 67.50 68.30 
2016/07/20 68.30 69.20 68.00 68.80 
2016/07/21 69.10 69.20 68.10 68.50 
2016/07/22 68.20 69.50 67.90 69.00 
2016/07/25 69.00 69.70 68.90 69.00 
2016/07/26 69.00 69.10 68.60 68.60 
2016/07/27 69.00 69.40 68.90 69.20 
2016/07/28 69.40 69.40 67.50 67.70 
2016/07/29 67.60 69.20 67.60 69.00 
2016/08/01 69.30 71.50 69.20 71.50 
2016/08/02 72.00 72.10 70.20 70.80 
2016/08/03 70.00 70.70 69.60 69.70 
2016/08/04 69.60 70.30 69.10 69.40 
2016/08/05 69.40 69.60 68.90 69.20 
2016/08/08 69.50 69.80 68.80 69.60 
2016/08/09 68.80 69.40 68.60 69.10 
2016/08/10 69.40 69.70 68.10 68.30 
2016/08/11 68.00 68.20 67.00 67.10 
2016/08/12 67.40 67.70 67.10 67.30 
2016/08/15 70.00 70.60 69.60 70.00 
2016/08/16 70.10 70.50 69.20 70.00 
2016/08/17 70.00 70.00 69.40 69.70 
2016/08/18 69.70 70.30 69.40 69.70 
2016/08/19 69.70 70.20 69.40 69.40 
2016/08/22 69.40 69.70 68.10 68.20 
2016/08/23 68.20 69.40 68.20 68.70 
2016/08/24 69.00 69.90 69.00 69.50 
2016/08/25 69.90 70.60 69.60 70.40 
2016/08/26 70.60 71.80 70.60 71.10 
2016/08/29 71.40 71.70 71.20 71.30 
2016/08/30 71.50 71.80 70.60 71.60 
2016/08/31 71.40 71.50 70.60 70.80 
2016/09/01 71.00 71.70 70.90 71.20 
2016/09/02 71.00 71.40 70.50 70.50 
2016/09/05 70.60 71.60 70.60 71.30 
2016/09/06 71.60 73.00 71.30 72.50 
2016/09/07 71.90 72.20 71.50 71.90 
2016/09/08 71.50 73.80 71.50 73.10 
2016/09/09 73.10 73.50 72.60 73.00 
2016/09/10 71.00 72.40 71.00 72.10 
2016/09/12 72.30 72.50 71.20 71.20 
2016/09/13 71.80 72.10 71.00 71.30 
2016/09/14 71.40 71.60 70.80 70.80 
2016/09/19 72.20 73.50 71.70 73.20 
2016/09/20 73.50 73.80 73.00 73.50 
2016/09/21 73.60 74.20 73.10 73.60 
2016/09/22 73.60 74.50 73.10 74.40 
2016/09/23 74.50 75.70 74.50 75.70 
2016/09/26 75.70 75.70 74.30 74.60 
2016/09/29 75.40 75.60 74.10 75.00 
2016/09/30 74.90 75.00 74.10 74.60 
2016/10/03 74.60 74.70 73.40 73.90 
2016/10/04 73.80 75.50 73.20 74.90 
2016/10/05 75.00 75.00 73.80 74.30 
2016/10/06 74.10 74.50 73.70 74.20 
2016/10/07 74.00 74.00 73.30 73.40 
2016/10/11 73.50 74.00 70.50 71.10 
2016/10/12 71.50 72.50 71.10 72.10 
2016/10/13 72.20 72.60 71.00 71.20 
2016/10/14 71.00 71.20 68.50 69.10 
2016/10/17 69.30 72.00 69.00 71.80 
2016/10/18 71.30 72.40 70.60 71.80 
2016/10/19 72.00 72.50 71.30 72.00 
2016/10/20 72.40 72.40 70.40 70.80 
2016/10/21 71.70 72.90 71.00 72.90 
2016/10/24 72.60 72.60 71.70 72.00 
2016/10/25 72.40 74.20 72.10 73.40 
2016/10/26 73.20 74.50 72.60 74.00 
2016/10/27 74.50 74.50 73.80 74.50 
2016/10/28 74.80 74.80 73.90 74.50 
2016/10/31 74.30 74.50 73.60 74.20 
2016/11/01 73.70 74.50 73.60 74.50 
2016/11/02 74.30 74.30 72.30 72.60 
2016/11/03 72.50 73.10 71.30 72.70 
2016/11/04 72.50 73.60 72.20 73.30 
2016/11/07 73.40 73.50 72.70 72.70 
2016/11/08 72.70 72.70 71.50 71.70 
2016/11/09 72.00 72.50 70.00 70.10 
2016/11/10 72.50 73.90 72.00 73.90 
2016/11/11 73.40 73.40 72.50 73.40 
2016/11/14 73.70 73.70 72.30 72.90 
2016/11/15 72.50 73.50 72.50 73.50 
2016/11/16 73.70 75.20 73.10 74.60 
2016/11/17 74.10 74.60 73.10 74.20 
2016/11/18 74.50 76.20 74.50 75.70 
2016/11/21 75.40 75.90 74.70 75.80 
2016/11/22 76.70 77.50 74.50 74.80 
2016/11/23 75.40 75.40 73.70 74.10 
2016/11/24 75.10 76.90 74.70 76.50 
2016/11/25 77.10 79.70 76.90 79.00 
2016/11/28 80.00 80.00 78.00 78.50 
2016/11/29 79.40 82.20 79.30 81.60 
2016/11/30 82.40 82.40 80.10 81.40 
2016/12/01 81.30 81.70 80.40 81.00 
2016/12/02 80.70 80.70 79.60 79.70 
2016/12/05 79.70 81.50 79.30 81.40 
2016/12/06 82.40 82.40 80.50 80.60 
2016/12/07 80.50 81.60 79.90 80.90 
2016/12/08 81.90 81.90 80.90 80.90 
2016/12/09 80.90 81.50 80.60 81.00 
2016/12/12 81.00 81.10 80.20 80.20 
2016/12/13 79.80 80.10 79.20 79.30 
2016/12/14 79.10 80.00 78.80 79.50 
2016/12/15 79.30 79.50 79.00 79.50 
2016/12/16 79.20 79.30 78.10 78.20 
2016/12/19 78.20 78.70 78.10 78.20 
2016/12/20 78.50 79.80 78.40 79.20 
2016/12/21 79.60 79.60 78.20 78.30 
2016/12/22 78.40 78.70 77.50 77.50 
2016/12/23 77.20 77.80 76.30 76.30 
2016/12/26 76.40 76.70 75.80 75.90 
2016/12/27 75.80 77.30 75.70 76.30 
2016/12/28 76.80 78.20 76.80 77.20 
2016/12/29 77.00 77.20 76.50 76.70 
2016/12/30 76.60 77.50 76.50 77.10 
2017/01/03 77.60 78.00 77.40 78.00 
2017/01/04 78.00 79.00 77.80 78.80 
2017/01/05 78.80 81.40 78.80 80.60 
2017/01/06 80.90 81.10 80.00 80.60 
2017/01/09 80.70 81.00 79.90 79.90 
2017/01/10 79.80 80.70 79.70 80.20 
2017/01/11 80.00 80.30 79.70 80.00 
2017/01/12 80.00 80.50 79.70 80.30 
2017/01/13 79.80 79.90 78.90 79.60 
2017/01/16 79.40 79.50 78.50 78.50 
2017/01/17 78.40 78.80 78.00 78.20 
2017/01/18 78.20 80.20 78.20 79.70 
2017/01/19 79.80 80.10 79.10 79.10 
2017/01/20 79.80 80.00 78.80 78.80 
2017/01/23 78.90 79.70 78.90 79.70 
2017/01/24 80.00 80.00 79.30 79.80 
2017/02/02 80.10 80.50 79.60 80.50 
2017/02/03 80.50 80.80 79.30 80.30 
2017/02/06 80.30 80.50 79.00 80.00 
2017/02/07 79.60 82.10 79.50 81.40 
2017/02/08 81.20 81.20 80.20 80.60 
