2016/07/01 38.80 39.00 38.55 38.60 
2016/07/04 38.60 39.10 38.20 38.40 
2016/07/05 38.60 38.75 38.20 38.30 
2016/07/06 38.55 38.55 37.60 37.65 
2016/07/07 37.65 38.40 37.60 38.20 
2016/07/11 38.40 39.30 38.35 39.20 
2016/07/12 39.50 39.50 38.60 38.60 
2016/07/13 38.90 39.05 38.35 38.60 
2016/07/14 38.75 38.80 38.30 38.50 
2016/07/15 38.55 39.25 38.45 39.00 
2016/07/18 36.70 37.30 36.70 36.85 
2016/07/19 37.15 37.30 36.30 36.40 
2016/07/20 36.30 36.40 35.20 35.70 
2016/07/21 35.90 37.90 35.90 37.55 
2016/07/22 38.00 38.90 37.95 38.40 
2016/07/25 38.80 38.90 37.90 37.90 
2016/07/26 38.10 38.80 37.85 38.65 
2016/07/27 38.75 39.40 38.35 38.35 
2016/07/28 38.55 39.20 38.25 38.40 
2016/07/29 38.70 38.70 38.15 38.50 
2016/08/01 38.70 39.30 38.45 39.20 
2016/08/02 39.20 40.80 38.85 40.80 
2016/08/03 40.15 40.55 39.95 40.50 
2016/08/04 40.80 40.90 39.85 39.90 
2016/08/05 39.90 40.30 39.80 39.85 
2016/08/08 40.10 41.20 39.90 41.00 
2016/08/09 40.50 40.50 36.90 36.90 
2016/08/10 36.90 37.35 36.00 36.45 
2016/08/11 36.30 36.30 33.65 34.35 
2016/08/12 34.70 35.70 34.70 35.45 
2016/08/15 35.80 35.80 35.10 35.15 
2016/08/16 35.30 35.50 34.45 34.85 
2016/08/17 35.10 35.55 34.90 35.10 
2016/08/18 35.50 36.40 35.35 36.15 
2016/08/19 36.35 36.65 35.70 35.75 
2016/08/22 35.80 35.80 34.80 35.10 
2016/08/23 35.15 35.75 35.15 35.50 
2016/08/24 35.60 35.90 35.30 35.30 
2016/08/25 35.30 35.50 34.95 35.30 
2016/08/26 35.40 35.80 35.25 35.75 
2016/08/29 36.10 36.45 35.90 36.20 
2016/08/30 36.45 36.60 36.20 36.25 
2016/08/31 36.55 36.60 36.25 36.45 
2016/09/01 36.45 36.50 35.95 35.95 
2016/09/02 35.95 36.20 35.30 35.40 
2016/09/05 35.60 36.00 35.55 35.75 
2016/09/06 35.90 37.30 35.65 36.80 
2016/09/07 36.80 37.15 36.60 36.70 
2016/09/08 36.70 36.85 36.40 36.75 
2016/09/09 36.70 37.35 36.50 37.30 
2016/09/10 36.90 37.05 36.60 36.90 
2016/09/12 36.90 36.95 36.50 36.70 
2016/09/13 36.70 36.70 35.35 35.60 
2016/09/14 35.40 36.05 35.35 36.05 
2016/09/19 36.05 36.70 36.00 36.60 
2016/09/20 36.70 37.00 36.50 36.60 
2016/09/21 36.60 36.70 36.25 36.40 
2016/09/22 36.85 36.95 36.30 36.30 
2016/09/23 36.70 36.70 36.10 36.40 
2016/09/26 36.40 36.40 35.50 35.90 
2016/09/29 36.20 36.75 36.00 36.50 
2016/09/30 36.60 37.15 36.50 36.80 
2016/10/03 37.10 37.15 36.60 36.85 
2016/10/04 36.90 38.10 36.90 37.80 
2016/10/05 37.80 38.00 37.40 37.70 
2016/10/06 37.70 37.80 37.40 37.70 
2016/10/07 37.80 37.80 37.10 37.20 
2016/10/11 37.75 37.80 36.00 36.45 
2016/10/12 36.50 36.90 36.20 36.35 
2016/10/13 36.80 37.40 36.65 36.70 
2016/10/14 37.15 37.20 36.40 36.60 
2016/10/17 36.70 36.75 35.70 36.20 
2016/10/18 36.10 36.35 35.55 36.25 
2016/10/19 36.60 36.80 36.30 36.30 
2016/10/20 36.60 36.65 36.30 36.40 
2016/10/21 36.35 36.65 36.30 36.35 
2016/10/24 36.35 36.60 36.35 36.50 
2016/10/25 36.60 36.70 36.35 36.45 
2016/10/26 36.40 36.55 36.25 36.30 
2016/10/27 36.45 36.50 35.85 36.20 
2016/10/28 36.15 36.20 35.90 35.90 
2016/10/31 35.90 35.90 35.25 35.45 
2016/11/01 35.35 35.90 35.30 35.80 
2016/11/02 35.50 35.55 34.75 34.80 
2016/11/03 35.00 35.00 34.10 34.40 
2016/11/04 34.30 34.70 34.30 34.45 
2016/11/07 34.60 34.85 34.20 34.40 
2016/11/08 34.45 34.45 33.80 33.95 
2016/11/09 34.10 34.20 32.20 32.55 
2016/11/10 33.20 33.65 33.05 33.40 
2016/11/11 32.95 33.00 31.70 32.40 
2016/11/14 32.40 32.70 31.95 32.10 
2016/11/15 32.10 32.35 31.90 32.20 
2016/11/16 32.35 32.60 31.85 32.05 
2016/11/17 32.20 32.20 31.55 31.85 
2016/11/18 32.00 32.30 31.95 32.20 
2016/11/21 32.45 32.70 32.20 32.65 
2016/11/22 32.70 32.75 32.50 32.70 
2016/11/23 32.70 32.75 32.25 32.45 
2016/11/24 32.60 32.70 32.35 32.35 
2016/11/25 32.35 32.55 32.10 32.35 
2016/11/28 32.50 32.50 32.10 32.20 
2016/11/29 32.15 32.55 32.15 32.55 
2016/11/30 32.60 32.90 32.50 32.65 
2016/12/01 32.80 32.80 32.50 32.50 
2016/12/02 32.50 32.50 32.10 32.25 
2016/12/05 32.15 32.30 32.05 32.20 
2016/12/06 32.50 32.50 32.20 32.25 
2016/12/07 32.50 33.80 32.40 33.70 
2016/12/08 34.10 34.10 33.50 33.50 
2016/12/09 33.85 34.00 33.55 33.75 
2016/12/12 33.95 34.50 33.90 34.15 
2016/12/13 34.15 34.30 34.00 34.20 
2016/12/14 34.35 34.95 34.30 34.45 
2016/12/15 34.40 34.65 34.20 34.50 
2016/12/16 34.60 36.20 34.60 35.65 
2016/12/19 35.80 36.15 35.50 35.80 
2016/12/20 35.80 35.80 35.10 35.20 
2016/12/21 35.20 35.30 34.70 35.10 
2016/12/22 35.00 35.55 34.65 34.65 
2016/12/23 34.50 34.80 34.50 34.50 
2016/12/26 34.60 34.80 34.55 34.80 
2016/12/27 34.75 35.15 34.70 34.90 
2016/12/28 35.00 35.40 34.90 35.20 
2016/12/29 35.15 35.80 35.05 35.20 
2016/12/30 35.35 35.40 35.20 35.25 
2017/01/03 35.40 35.45 35.25 35.35 
2017/01/04 35.65 35.65 35.20 35.35 
2017/01/05 35.50 36.10 35.50 36.00 
2017/01/06 36.30 36.45 36.10 36.20 
2017/01/09 36.40 36.45 35.80 36.05 
2017/01/10 36.20 36.25 35.80 36.00 
2017/01/11 36.00 36.20 35.80 36.00 
2017/01/12 36.15 36.15 35.55 35.60 
2017/01/13 35.60 35.90 35.40 35.85 
2017/01/16 35.70 35.80 34.90 35.05 
2017/01/17 35.10 35.55 35.05 35.25 
2017/01/18 35.55 35.65 35.30 35.60 
2017/01/19 35.60 36.20 35.40 35.70 
2017/01/20 36.00 36.60 35.80 36.05 
2017/01/23 36.20 36.40 35.75 35.80 
2017/01/24 35.90 36.65 35.90 36.20 
2017/02/02 36.60 36.90 36.25 36.50 
2017/02/03 36.80 37.25 36.75 36.95 
2017/02/06 37.00 37.30 36.95 37.30 
2017/02/07 37.30 38.00 37.25 37.95 
2017/02/08 38.00 38.20 37.60 38.05 
