2016/07/01 15.10 15.10 15.10 15.10 
2016/07/06 15.10 15.10 15.10 15.10 
2016/07/07 15.10 15.10 15.10 15.10 
2016/07/11 15.15 15.15 15.15 15.15 
2016/07/14 15.15 15.15 15.15 15.15 
2016/07/21 15.15 15.45 15.15 15.15 
2016/07/22 16.40 16.40 15.80 15.80 
2016/07/25 15.70 15.70 15.55 15.60 
2016/07/26 15.55 15.95 15.55 15.65 
2016/07/27 15.90 15.90 15.25 15.70 
2016/07/28 15.30 15.85 15.30 15.85 
2016/08/01 15.45 15.60 15.45 15.60 
2016/08/02 15.55 16.50 15.55 16.40 
2016/08/03 16.35 16.35 16.35 16.35 
2016/08/04 15.80 16.60 15.80 16.00 
2016/08/05 15.65 17.45 15.60 17.15 
2016/08/08 17.05 17.05 16.25 16.25 
2016/08/09 16.20 16.90 15.75 16.70 
2016/08/10 16.10 16.30 16.00 16.30 
2016/08/11 16.30 16.30 16.30 16.30 
2016/08/12 15.95 16.20 15.90 15.90 
2016/08/15 15.65 15.75 15.65 15.75 
2016/08/16 16.15 16.15 16.15 16.15 
2016/08/17 15.60 16.20 15.60 16.20 
2016/08/18 15.75 15.75 15.75 15.75 
2016/08/22 16.10 16.10 16.10 16.10 
2016/08/23 15.45 15.75 15.45 15.75 
2016/08/24 15.45 15.45 15.45 15.45 
2016/08/25 15.75 15.75 15.75 15.75 
2016/08/30 15.70 15.75 15.65 15.65 
2016/08/31 15.80 16.30 15.80 16.30 
2016/09/01 16.50 17.85 16.15 16.75 
2016/09/02 16.70 16.70 15.65 15.90 
2016/09/05 15.85 16.60 15.85 16.05 
2016/09/06 15.70 17.45 15.70 15.95 
2016/09/07 16.60 16.60 16.10 16.40 
2016/09/08 16.15 16.55 16.00 16.05 
2016/09/09 16.35 16.35 15.85 16.00 
2016/09/10 15.70 16.80 15.60 15.90 
2016/09/12 15.85 15.85 15.85 15.85 
2016/09/13 15.70 16.35 15.65 15.85 
2016/09/14 16.20 16.20 15.55 15.55 
2016/09/19 15.35 15.65 15.35 15.65 
2016/09/20 15.70 16.70 15.70 16.10 
2016/09/21 16.10 16.85 15.65 15.65 
2016/09/22 15.80 16.10 15.65 16.10 
2016/09/23 16.20 16.20 15.90 15.90 
2016/09/26 15.80 16.80 15.80 16.10 
2016/09/29 15.85 16.75 15.85 16.20 
2016/09/30 16.00 16.20 16.00 16.00 
2016/10/04 15.90 15.95 15.50 15.95 
2016/10/05 15.65 16.45 15.15 16.30 
2016/10/06 16.65 16.65 16.00 16.25 
2016/10/07 15.70 16.25 15.55 16.25 
2016/10/11 15.75 15.75 15.55 15.70 
2016/10/12 15.30 15.90 15.20 15.85 
2016/10/13 15.50 15.60 15.40 15.40 
2016/10/14 15.20 15.40 15.20 15.40 
2016/10/18 15.20 15.90 15.20 15.35 
2016/10/19 15.15 15.35 15.15 15.35 
2016/10/21 15.15 15.50 15.00 15.10 
2016/10/24 15.10 15.10 15.10 15.10 
2016/10/25 15.15 15.20 15.15 15.20 
2016/10/26 15.20 15.20 15.20 15.20 
2016/10/31 15.10 15.10 15.10 15.10 
2016/11/01 15.10 15.10 15.10 15.10 
2016/11/02 15.10 15.10 15.05 15.05 
2016/11/07 15.10 15.35 15.00 15.10 
2016/11/08 15.10 15.10 15.10 15.10 
2016/11/09 15.10 15.10 14.95 14.95 
2016/11/10 15.00 15.90 15.00 15.80 
2016/11/11 15.80 15.80 15.40 15.80 
2016/11/14 15.15 15.15 15.15 15.15 
2016/11/15 15.15 15.15 15.15 15.15 
2016/11/17 15.45 15.80 15.35 15.40 
2016/11/18 15.45 15.95 15.45 15.75 
2016/11/21 15.80 16.15 15.80 16.15 
2016/11/22 16.10 16.75 15.90 16.70 
2016/11/23 16.90 17.00 16.65 16.85 
2016/11/24 16.95 16.95 16.90 16.90 
2016/11/25 17.00 17.00 16.90 16.95 
2016/11/28 17.35 17.35 16.95 17.00 
2016/11/29 17.00 17.00 17.00 17.00 
2016/11/30 17.15 17.30 17.15 17.20 
2016/12/01 17.20 17.20 17.20 17.20 
2016/12/02 17.20 17.20 17.20 17.20 
2016/12/05 17.20 17.20 17.20 17.20 
2016/12/06 17.25 17.30 17.25 17.25 
2016/12/07 17.20 17.20 17.20 17.20 
2016/12/08 17.25 17.25 17.20 17.20 
2016/12/09 17.20 17.80 17.20 17.30 
2016/12/12 17.30 17.45 17.30 17.45 
2016/12/13 17.80 19.15 17.80 18.05 
2016/12/14 18.20 18.50 18.20 18.30 
2016/12/15 18.45 19.55 18.45 19.30 
2016/12/16 19.40 20.05 19.35 19.70 
2016/12/19 19.85 20.35 19.85 20.30 
2016/12/20 20.10 20.10 19.25 19.80 
2016/12/21 19.70 20.45 19.60 20.45 
2016/12/22 20.20 22.30 20.20 22.30 
2016/12/23 23.40 23.40 21.05 21.05 
2016/12/26 21.05 21.05 21.05 21.05 
2016/12/27 20.15 20.15 20.05 20.10 
2016/12/28 19.85 22.10 19.60 21.60 
2016/12/29 21.05 21.20 21.05 21.10 
2016/12/30 20.70 21.40 20.70 20.70 
2017/01/03 20.50 20.50 20.45 20.45 
2017/01/04 20.20 20.20 20.05 20.10 
2017/01/05 20.35 20.35 19.85 19.85 
2017/01/06 20.05 20.05 19.85 19.85 
2017/01/09 19.60 19.80 19.50 19.50 
2017/01/10 19.55 20.05 19.50 19.50 
2017/01/11 20.10 20.10 20.00 20.00 
2017/01/13 19.75 19.75 19.75 19.75 
2017/01/16 20.20 20.20 20.20 20.20 
2017/01/17 20.20 20.20 20.00 20.20 
2017/01/18 20.20 20.20 20.15 20.20 
2017/01/19 20.25 20.80 20.20 20.25 
2017/01/20 20.60 20.60 20.10 20.10 
2017/01/24 19.95 20.00 19.95 20.00 
2017/02/02 20.50 20.80 20.50 20.80 
2017/02/03 21.00 21.20 20.80 21.00 
2017/02/06 21.00 21.00 20.20 20.60 
2017/02/08 20.65 20.65 19.85 19.85 
