2016/07/01 66.80 69.10 66.80 68.80 
2016/07/04 69.30 69.50 68.30 69.00 
2016/07/05 68.80 69.00 68.10 68.50 
2016/07/06 68.00 68.20 67.60 68.00 
2016/07/07 68.50 69.90 68.30 69.90 
2016/07/11 71.00 71.10 69.60 70.00 
2016/07/12 70.10 70.80 70.00 70.40 
2016/07/13 71.00 71.40 70.60 71.00 
2016/07/14 70.80 73.00 70.60 71.30 
2016/07/15 71.50 71.80 70.60 70.80 
2016/07/18 70.90 71.50 70.70 71.40 
2016/07/19 71.40 72.30 70.90 72.00 
2016/07/20 71.90 73.90 71.50 73.40 
2016/07/21 73.90 75.00 73.10 73.40 
2016/07/22 73.10 73.10 71.80 72.60 
2016/07/25 72.40 73.20 71.70 72.70 
2016/07/26 72.70 73.30 72.10 72.90 
2016/07/27 72.90 74.50 72.60 74.10 
2016/07/28 74.20 74.20 73.40 74.00 
2016/07/29 74.70 75.20 73.90 75.20 
2016/08/01 75.80 77.60 75.50 76.90 
2016/08/02 77.00 80.00 76.90 79.10 
2016/08/03 78.80 79.80 77.80 79.50 
2016/08/04 80.30 81.90 80.10 81.60 
2016/08/05 82.80 83.90 82.10 83.50 
2016/08/08 84.50 85.10 78.10 79.00 
2016/08/09 78.50 79.70 77.70 79.40 
2016/08/10 79.40 82.40 79.20 80.90 
2016/08/11 80.80 81.80 77.60 79.50 
2016/08/12 80.20 81.00 79.70 80.10 
2016/08/15 75.70 77.60 75.20 77.20 
2016/08/16 77.90 78.00 75.70 75.80 
2016/08/17 75.80 76.30 73.30 74.40 
2016/08/18 74.80 76.90 74.10 76.40 
2016/08/19 77.10 77.30 76.00 76.50 
2016/08/22 76.20 76.20 74.30 75.30 
2016/08/23 76.10 76.10 74.70 75.50 
2016/08/24 76.20 79.30 75.70 79.30 
2016/08/25 80.40 81.40 79.00 79.00 
2016/08/26 79.10 79.90 78.70 79.60 
2016/08/29 80.30 81.00 79.80 81.00 
2016/08/30 81.70 82.50 81.70 82.10 
2016/08/31 83.40 85.00 83.20 84.00 
2016/09/01 84.90 85.50 84.10 85.00 
2016/09/02 84.90 85.00 81.50 82.90 
2016/09/05 82.90 84.80 82.40 82.40 
2016/09/06 83.00 86.70 82.70 86.30 
2016/09/07 87.20 88.90 84.50 86.00 
2016/09/08 86.00 89.60 85.80 89.50 
2016/09/09 89.10 90.80 88.30 89.80 
2016/09/10 87.10 88.00 86.60 86.80 
2016/09/12 87.70 88.00 84.60 85.00 
2016/09/13 86.80 86.80 83.90 86.00 
2016/09/14 85.20 85.70 84.10 85.20 
2016/09/19 85.50 86.00 84.80 84.90 
2016/09/20 85.40 87.20 85.40 85.90 
2016/09/21 85.90 86.50 85.70 86.20 
2016/09/22 86.90 88.90 86.80 88.10 
2016/09/23 88.00 89.30 87.50 87.70 
2016/09/26 86.90 87.10 85.30 85.30 
2016/09/29 87.00 87.00 86.00 86.50 
2016/09/30 86.20 86.30 84.50 84.90 
2016/10/03 85.90 85.90 84.70 84.80 
2016/10/04 85.50 86.80 85.30 86.00 
2016/10/05 85.70 86.20 85.40 86.00 
2016/10/06 86.70 86.70 85.90 86.00 
2016/10/07 87.00 87.90 86.20 87.80 
2016/10/11 88.50 88.60 84.50 85.70 
2016/10/12 85.70 85.70 84.50 85.60 
2016/10/13 85.10 85.50 82.90 83.10 
2016/10/14 83.00 83.50 80.20 80.80 
2016/10/17 81.20 82.80 79.80 82.00 
2016/10/18 82.00 83.20 81.90 82.80 
2016/10/19 83.10 84.30 83.10 83.50 
2016/10/20 83.80 83.90 82.30 83.10 
2016/10/21 82.50 83.40 81.80 83.00 
2016/10/24 82.90 83.80 82.00 83.80 
2016/10/25 83.80 83.90 82.90 83.20 
2016/10/26 83.00 83.00 82.30 82.80 
2016/10/27 82.50 82.80 82.40 82.50 
2016/10/28 82.30 82.40 80.60 81.00 
2016/10/31 80.80 81.00 79.80 81.00 
2016/11/01 81.00 83.20 80.80 82.50 
2016/11/02 81.90 82.90 81.50 81.70 
2016/11/03 81.70 81.70 80.10 80.50 
2016/11/04 80.50 80.90 80.10 80.30 
2016/11/07 80.90 81.00 80.20 80.50 
2016/11/08 80.90 82.00 80.50 82.00 
2016/11/09 83.90 83.90 78.30 79.40 
2016/11/10 81.10 81.10 80.40 80.80 
2016/11/11 80.10 80.10 77.50 77.60 
2016/11/14 77.00 77.50 76.00 76.00 
2016/11/15 76.00 78.10 76.00 77.80 
2016/11/16 78.20 79.80 77.10 79.80 
2016/11/17 78.60 80.40 78.60 80.20 
2016/11/18 80.20 81.20 79.40 80.10 
2016/11/21 80.10 80.60 78.90 80.10 
2016/11/22 79.70 80.80 79.70 80.20 
2016/11/23 80.50 80.60 79.50 79.80 
2016/11/24 79.50 80.30 79.20 80.20 
2016/11/25 80.40 80.50 79.50 80.40 
2016/11/28 80.40 80.40 79.30 79.50 
2016/11/29 79.40 79.50 78.20 78.70 
2016/11/30 78.70 80.10 78.40 78.60 
2016/12/01 78.80 78.80 77.50 77.50 
2016/12/02 77.50 77.50 76.30 76.60 
2016/12/05 76.10 76.30 75.20 75.50 
2016/12/06 75.60 76.60 75.60 76.60 
2016/12/07 76.60 78.00 76.50 77.90 
2016/12/08 78.70 80.80 78.70 79.80 
2016/12/09 80.50 81.80 80.30 81.50 
2016/12/12 81.90 81.90 79.50 79.50 
2016/12/13 79.80 79.80 79.10 79.10 
2016/12/14 79.90 81.60 79.40 81.10 
2016/12/15 80.80 81.50 80.00 80.70 
2016/12/16 81.30 81.40 80.00 81.10 
2016/12/19 81.00 81.10 79.60 79.80 
2016/12/20 79.70 80.70 79.70 80.60 
2016/12/21 79.80 80.40 79.60 79.70 
2016/12/22 80.00 80.20 78.80 78.80 
2016/12/23 78.80 79.50 78.60 79.30 
2016/12/26 79.90 80.50 79.60 80.20 
2016/12/27 81.60 85.50 81.60 84.40 
2016/12/28 84.10 84.40 83.60 84.10 
2016/12/29 84.10 85.00 82.70 82.80 
2016/12/30 83.40 84.70 83.10 84.40 
2017/01/03 84.40 86.90 84.20 86.10 
2017/01/04 86.90 87.20 85.20 85.80 
2017/01/05 85.80 86.20 84.50 86.10 
2017/01/06 86.50 87.30 86.50 86.50 
2017/01/09 86.40 87.80 86.10 87.00 
2017/01/10 85.60 86.40 84.80 86.00 
2017/01/11 86.10 88.00 86.10 87.40 
2017/01/12 87.00 88.30 86.70 87.90 
2017/01/13 88.20 88.70 87.20 88.50 
2017/01/16 88.80 90.40 88.00 88.00 
2017/01/17 88.00 90.00 87.70 89.80 
2017/01/18 89.50 90.30 88.70 89.40 
2017/01/19 89.00 90.30 88.90 89.70 
2017/01/20 89.00 90.10 88.80 88.90 
2017/01/23 88.70 89.80 87.60 88.30 
2017/01/24 88.50 88.50 87.00 87.70 
2017/02/02 87.80 89.60 86.80 88.60 
2017/02/03 88.90 91.80 87.80 90.90 
2017/02/06 92.00 92.80 91.30 91.30 
2017/02/07 92.00 92.60 90.40 91.80 
2017/02/08 91.80 93.50 90.50 93.40 
