2016/07/01 16.90 17.00 16.75 16.80 
2016/07/04 16.95 17.40 16.85 16.90 
2016/07/05 17.00 17.25 16.70 17.20 
2016/07/06 17.20 17.20 16.85 16.90 
2016/07/07 17.00 17.10 16.80 17.00 
2016/07/11 17.85 17.95 17.45 17.60 
2016/07/12 17.60 17.70 17.30 17.40 
2016/07/13 17.50 17.65 17.15 17.65 
2016/07/14 17.80 17.85 17.30 17.40 
2016/07/15 17.45 17.90 17.40 17.65 
2016/07/18 17.70 17.95 17.60 17.70 
2016/07/19 17.70 17.80 17.55 17.70 
2016/07/20 17.60 17.70 17.50 17.55 
2016/07/21 17.70 17.75 17.50 17.50 
2016/07/22 17.55 17.65 17.30 17.35 
2016/07/25 17.50 18.35 17.35 18.15 
2016/07/26 18.00 18.20 17.80 17.80 
2016/07/27 17.90 18.15 17.60 17.70 
2016/07/28 17.90 17.90 17.55 17.55 
2016/07/29 17.55 18.00 17.55 17.75 
2016/08/01 17.75 18.75 17.75 18.55 
2016/08/02 18.60 19.20 18.40 18.85 
2016/08/03 18.70 20.25 18.35 20.10 
2016/08/04 20.40 20.75 19.80 19.90 
2016/08/05 20.10 21.35 19.90 21.00 
2016/08/08 21.30 22.00 21.25 21.65 
2016/08/09 21.50 21.50 20.25 20.40 
2016/08/10 20.70 21.15 20.45 20.50 
2016/08/11 21.95 22.30 20.65 20.85 
2016/08/12 21.15 21.40 20.65 21.00 
2016/08/15 21.30 22.15 21.20 21.90 
2016/08/16 22.00 22.35 21.45 21.60 
2016/08/17 21.40 21.80 21.00 21.10 
2016/08/18 21.20 21.55 21.10 21.25 
2016/08/19 21.45 21.80 21.30 21.30 
2016/08/22 21.20 21.20 20.65 20.85 
2016/08/23 20.65 22.05 20.65 22.00 
2016/08/24 22.85 24.20 22.55 22.55 
2016/08/25 22.70 23.70 22.70 23.70 
2016/08/26 24.20 24.60 23.85 24.20 
2016/08/29 24.00 24.20 23.50 23.85 
2016/08/30 24.30 24.80 24.10 24.15 
2016/08/31 24.10 24.15 23.60 23.70 
2016/09/01 23.90 24.00 23.70 23.70 
2016/09/02 23.75 23.80 22.40 22.70 
2016/09/05 23.15 23.45 22.90 23.45 
2016/09/06 23.60 25.25 23.60 25.20 
2016/09/07 25.05 25.80 24.85 25.20 
2016/09/08 25.25 25.45 24.90 25.00 
2016/09/09 25.00 25.40 24.85 25.10 
2016/09/10 22.60 22.60 22.60 22.60 
2016/09/12 21.55 21.90 20.65 20.95 
2016/09/13 21.30 21.40 20.10 20.40 
2016/09/14 20.20 21.15 20.10 20.90 
2016/09/19 21.20 21.55 21.10 21.30 
2016/09/20 21.55 22.45 21.50 22.10 
2016/09/21 21.95 22.15 21.75 22.05 
2016/09/22 22.40 22.50 21.70 21.70 
2016/09/23 21.90 22.25 21.80 21.85 
2016/09/26 21.75 22.05 21.45 21.55 
2016/09/29 21.80 21.80 21.10 21.25 
2016/09/30 21.15 21.95 21.00 21.70 
2016/10/03 22.00 22.10 21.50 21.50 
2016/10/04 21.50 21.90 21.50 21.70 
2016/10/05 21.95 22.45 21.90 22.05 
2016/10/06 22.30 22.55 22.15 22.20 
2016/10/07 22.20 22.45 21.80 21.80 
2016/10/11 20.05 20.40 19.65 19.65 
2016/10/12 19.25 19.75 19.20 19.30 
2016/10/13 19.45 19.95 19.45 19.85 
2016/10/14 19.80 20.25 19.00 19.45 
2016/10/17 19.35 19.90 19.25 19.90 
2016/10/18 19.95 20.45 19.90 20.15 
2016/10/19 20.25 20.40 20.05 20.20 
2016/10/20 20.10 20.35 20.00 20.25 
2016/10/21 20.30 20.50 20.15 20.30 
2016/10/24 20.40 20.55 20.25 20.25 
2016/10/25 20.35 20.70 20.35 20.65 
2016/10/26 20.65 22.10 20.65 21.55 
2016/10/27 21.70 21.75 21.10 21.15 
2016/10/28 21.20 21.40 20.70 20.70 
2016/10/31 20.90 21.20 20.50 20.80 
2016/11/01 20.80 20.95 20.45 20.50 
2016/11/02 20.30 20.45 19.80 19.80 
2016/11/03 19.75 20.15 19.60 19.70 
2016/11/04 20.15 20.15 19.70 19.75 
2016/11/07 19.90 20.15 19.85 20.00 
2016/11/08 20.20 20.20 19.60 19.70 
2016/11/09 19.75 19.95 17.80 17.90 
2016/11/10 18.40 18.65 18.25 18.50 
2016/11/11 18.45 18.45 18.00 18.10 
2016/11/14 18.05 18.50 17.50 18.45 
2016/11/15 18.55 18.80 18.25 18.30 
2016/11/16 18.55 18.70 18.40 18.55 
2016/11/17 18.60 19.50 18.60 19.45 
2016/11/18 19.70 20.30 19.55 20.10 
2016/11/21 20.00 20.40 19.80 19.85 
2016/11/22 19.95 20.05 19.70 19.75 
2016/11/23 19.75 19.95 19.60 19.60 
2016/11/24 19.70 19.90 19.25 19.25 
2016/11/25 19.30 19.30 18.70 18.80 
2016/11/28 18.90 19.00 18.70 18.70 
2016/11/29 18.75 19.00 18.75 18.75 
2016/11/30 19.00 19.35 18.85 19.35 
2016/12/01 19.10 19.35 19.10 19.25 
2016/12/02 19.25 19.25 18.90 19.20 
2016/12/05 19.20 19.35 19.05 19.25 
2016/12/06 19.40 19.55 19.30 19.35 
2016/12/07 19.45 20.50 19.45 20.35 
2016/12/08 20.60 20.85 20.20 20.55 
2016/12/09 20.65 21.20 20.50 20.50 
2016/12/12 20.50 20.55 20.00 20.00 
2016/12/13 20.20 20.80 20.10 20.50 
2016/12/14 20.50 21.20 20.40 21.00 
2016/12/15 21.05 21.15 20.85 20.85 
2016/12/16 21.00 21.20 20.70 20.75 
2016/12/19 20.75 20.95 20.65 20.75 
2016/12/20 20.75 20.90 20.70 20.80 
2016/12/21 21.00 21.05 20.80 20.90 
2016/12/22 21.10 21.10 20.25 20.25 
2016/12/23 20.30 20.45 20.20 20.40 
2016/12/26 20.25 20.65 20.25 20.30 
2016/12/27 20.30 20.60 20.20 20.20 
2016/12/28 20.35 20.55 20.25 20.30 
2016/12/29 20.45 21.45 20.45 21.05 
2016/12/30 21.25 21.45 21.00 21.00 
2017/01/03 21.10 21.25 21.05 21.05 
2017/01/04 21.25 21.40 21.05 21.10 
2017/01/05 21.35 21.70 21.20 21.65 
2017/01/06 21.75 22.00 21.60 21.60 
2017/01/09 21.50 21.65 21.20 21.30 
2017/01/10 21.25 21.30 21.05 21.20 
2017/01/11 21.60 22.95 21.60 22.20 
2017/01/12 22.20 22.50 21.75 21.80 
2017/01/13 21.80 22.35 21.70 22.00 
2017/01/16 22.30 22.45 21.85 22.35 
2017/01/17 22.30 22.80 22.25 22.80 
2017/01/18 23.00 23.10 22.15 22.45 
2017/01/19 22.45 22.45 22.05 22.05 
2017/01/20 22.05 22.25 22.05 22.05 
2017/01/23 22.20 22.40 22.05 22.05 
2017/01/24 22.15 22.45 22.10 22.10 
2017/02/02 22.30 22.40 22.10 22.25 
2017/02/03 22.25 23.00 22.25 22.50 
2017/02/06 22.65 22.80 22.55 22.60 
2017/02/07 22.75 23.45 22.75 23.05 
2017/02/08 23.45 23.80 23.25 23.40 
