2016/07/01 8.90 8.90 8.75 8.75 
2016/07/04 8.90 9.25 8.85 9.25 
2016/07/05 9.08 9.70 9.02 9.69 
2016/07/06 10.65 10.65 10.65 10.65 
2016/07/07 10.30 11.20 10.00 10.50 
2016/07/11 10.65 10.65 9.80 9.92 
2016/07/12 9.95 10.10 9.70 9.70 
2016/07/13 9.70 9.70 9.60 9.62 
2016/07/14 9.55 9.55 9.52 9.52 
2016/07/15 9.68 9.80 9.60 9.80 
2016/07/18 9.80 9.80 9.62 9.62 
2016/07/19 9.62 9.62 9.61 9.62 
2016/07/20 9.60 9.60 9.22 9.22 
2016/07/21 9.51 9.51 9.24 9.30 
2016/07/22 9.58 9.58 9.25 9.28 
2016/07/25 9.30 9.35 9.30 9.31 
2016/07/26 9.31 9.31 9.21 9.21 
2016/07/27 9.10 9.10 9.00 9.00 
2016/07/28 9.00 9.00 9.00 9.00 
2016/07/29 9.00 9.00 8.86 9.00 
2016/08/01 9.00 9.00 8.94 9.00 
2016/08/02 9.07 9.07 8.20 8.86 
2016/08/03 8.58 8.65 8.53 8.65 
2016/08/04 9.51 9.51 9.00 9.00 
2016/08/05 8.93 8.93 8.80 8.80 
2016/08/08 9.05 9.05 8.70 8.72 
2016/08/09 8.71 9.24 8.71 9.24 
2016/08/10 9.00 9.00 8.82 8.82 
2016/08/11 8.99 9.48 8.99 8.99 
2016/08/12 8.80 8.83 8.80 8.82 
2016/08/15 8.75 8.75 8.75 8.75 
2016/08/16 8.75 8.75 8.70 8.75 
2016/08/17 8.66 8.66 8.65 8.65 
2016/08/18 8.70 8.70 8.70 8.70 
2016/08/19 8.77 8.80 8.70 8.70 
2016/08/22 8.70 8.72 8.70 8.72 
2016/08/23 8.72 8.72 8.72 8.72 
2016/08/24 8.72 8.84 8.72 8.84 
2016/08/25 8.84 8.84 8.78 8.78 
2016/08/26 8.80 8.88 8.60 8.88 
2016/08/29 8.88 8.88 8.76 8.88 
2016/08/30 8.88 9.23 8.83 9.16 
2016/08/31 9.60 10.05 9.60 10.05 
2016/09/01 10.25 11.05 10.25 10.80 
2016/09/02 10.30 10.30 9.72 9.72 
2016/09/05 9.60 9.70 8.76 9.12 
2016/09/06 9.15 9.29 9.15 9.29 
2016/09/07 9.30 9.60 9.30 9.33 
2016/09/08 9.27 9.30 9.27 9.27 
2016/09/09 9.27 9.33 9.15 9.20 
2016/09/10 9.00 9.40 9.00 9.08 
2016/09/12 9.00 9.09 9.00 9.04 
2016/09/13 9.05 9.05 8.90 9.00 
2016/09/14 9.00 9.00 8.78 8.90 
2016/09/19 8.40 9.20 8.40 8.81 
2016/09/20 8.80 9.20 8.80 8.82 
2016/09/21 8.98 9.19 8.83 9.19 
2016/09/22 8.95 8.95 8.86 8.86 
2016/09/23 8.84 8.84 8.81 8.81 
2016/09/26 8.82 9.15 8.82 8.85 
2016/09/29 9.00 9.55 9.00 9.29 
2016/09/30 9.12 9.20 8.95 9.16 
2016/10/03 8.94 9.15 8.94 9.10 
2016/10/04 9.15 9.50 9.15 9.30 
2016/10/05 9.28 9.28 9.11 9.11 
2016/10/06 9.10 9.25 8.86 9.05 
2016/10/07 9.00 9.05 8.94 8.96 
2016/10/11 8.96 9.07 8.89 9.07 
2016/10/12 8.86 8.89 8.83 8.89 
2016/10/13 8.96 9.10 8.96 9.05 
2016/10/14 8.98 9.00 8.76 8.99 
2016/10/17 8.90 8.95 8.85 8.90 
2016/10/18 8.90 8.90 8.90 8.90 
2016/10/19 8.90 9.04 8.90 9.00 
2016/10/20 9.00 9.10 9.00 9.00 
2016/10/21 9.00 9.28 9.00 9.24 
2016/10/25 9.49 9.49 9.11 9.21 
2016/10/26 9.14 9.29 9.12 9.29 
2016/10/27 9.34 9.35 9.33 9.34 
2016/10/28 9.23 9.35 9.07 9.35 
2016/10/31 9.30 9.35 9.30 9.35 
2016/11/01 9.21 9.41 9.20 9.39 
2016/11/02 9.21 9.33 9.10 9.33 
2016/11/03 8.91 9.20 8.91 9.20 
2016/11/04 9.30 9.30 9.30 9.30 
2016/11/07 9.30 9.35 9.10 9.35 
2016/11/09 9.20 9.20 8.70 8.71 
2016/11/10 8.85 9.20 8.85 9.00 
2016/11/11 8.90 8.99 8.77 8.99 
2016/11/14 8.70 9.08 8.70 9.08 
2016/11/17 8.87 8.87 8.85 8.85 
2016/11/18 8.85 8.85 8.85 8.85 
2016/11/21 8.85 8.85 8.85 8.85 
2016/11/22 8.99 8.99 8.85 8.85 
2016/11/23 8.83 8.83 8.75 8.75 
2016/11/24 8.52 8.83 8.51 8.75 
2016/11/25 8.80 8.85 8.80 8.85 
2016/11/28 8.79 8.79 8.66 8.70 
2016/11/29 8.80 8.85 8.55 8.70 
2016/11/30 8.31 8.50 8.31 8.50 
2016/12/01 8.50 8.65 8.50 8.52 
2016/12/02 8.21 8.45 8.19 8.33 
2016/12/05 8.38 8.50 8.38 8.50 
2016/12/06 8.40 8.77 8.40 8.55 
2016/12/08 8.40 8.50 8.40 8.50 
2016/12/09 8.50 8.60 8.50 8.60 
2016/12/12 8.45 8.45 8.44 8.44 
2016/12/13 8.41 8.41 8.40 8.40 
2016/12/14 8.40 8.41 8.37 8.41 
2016/12/15 8.41 8.41 8.35 8.38 
2016/12/16 8.32 8.54 8.32 8.54 
2016/12/19 8.35 8.40 8.24 8.40 
2016/12/20 8.40 8.70 8.25 8.25 
2016/12/21 8.30 8.32 8.03 8.10 
2016/12/22 8.30 8.38 8.30 8.30 
2016/12/23 8.10 8.20 8.10 8.20 
2016/12/26 8.16 8.16 8.16 8.16 
2016/12/27 8.20 8.20 8.20 8.20 
2016/12/28 8.20 8.50 8.20 8.22 
2016/12/29 8.40 8.44 8.29 8.38 
2016/12/30 8.50 8.50 8.50 8.50 
2017/01/03 8.30 8.30 8.30 8.30 
2017/01/04 8.35 8.35 8.35 8.35 
2017/01/05 8.35 8.35 8.35 8.35 
2017/01/06 8.35 8.35 8.33 8.35 
2017/01/09 8.30 8.30 8.30 8.30 
2017/01/10 8.31 8.31 8.30 8.31 
2017/01/11 8.30 8.30 8.30 8.30 
2017/01/12 8.31 8.38 8.31 8.36 
2017/01/13 8.30 8.30 8.30 8.30 
2017/01/16 8.30 8.30 8.30 8.30 
2017/01/17 8.23 8.23 8.23 8.23 
2017/01/18 8.32 8.32 8.31 8.32 
2017/01/19 8.32 8.37 8.20 8.30 
2017/01/20 8.25 8.40 8.25 8.39 
2017/01/23 8.40 8.40 8.35 8.35 
2017/01/24 8.50 8.50 8.30 8.31 
2017/02/02 8.31 8.31 8.30 8.30 
2017/02/03 8.30 8.32 8.28 8.32 
2017/02/06 8.40 8.40 8.31 8.37 
2017/02/07 8.37 8.68 8.34 8.50 
2017/02/08 8.69 8.70 8.30 8.50 
