2016/07/01 11.90 12.05 11.65 11.80 
2016/07/04 11.90 11.90 11.70 11.75 
2016/07/05 11.85 11.95 11.75 11.80 
2016/07/06 11.85 12.00 11.75 11.75 
2016/07/07 11.75 11.80 11.70 11.80 
2016/07/11 11.90 11.90 11.60 11.65 
2016/07/12 11.75 11.80 11.65 11.65 
2016/07/13 11.65 11.75 11.55 11.65 
2016/07/14 11.65 11.95 11.60 11.70 
2016/07/15 11.65 11.70 11.55 11.65 
2016/07/18 11.60 11.65 11.55 11.65 
2016/07/19 11.60 11.70 11.55 11.65 
2016/07/20 11.50 11.85 11.50 11.80 
2016/07/21 11.85 12.10 11.85 11.95 
2016/07/22 12.30 13.10 12.30 12.90 
2016/07/25 12.85 13.05 11.65 11.65 
2016/07/26 11.55 11.55 10.85 11.30 
2016/07/27 11.20 11.30 11.00 11.05 
2016/07/28 11.40 11.40 11.10 11.10 
2016/07/29 11.20 11.65 11.20 11.40 
2016/08/01 11.40 11.75 11.40 11.60 
2016/08/02 11.85 11.85 11.50 11.55 
2016/08/03 11.40 11.45 11.30 11.30 
2016/08/04 11.30 11.30 11.10 11.15 
2016/08/05 11.20 11.35 11.20 11.25 
2016/08/08 11.25 11.25 11.05 11.05 
2016/08/09 11.20 11.20 11.00 11.10 
2016/08/10 11.05 11.05 10.70 10.75 
2016/08/11 10.55 10.75 10.00 10.55 
2016/08/12 10.70 10.75 10.30 10.35 
2016/08/15 10.35 10.35 10.00 10.10 
2016/08/16 10.15 10.20 10.05 10.10 
2016/08/17 10.20 10.45 10.10 10.25 
2016/08/18 10.25 10.65 10.25 10.35 
2016/08/19 10.55 10.70 10.45 10.45 
2016/08/22 10.60 10.60 10.35 10.50 
2016/08/23 10.70 10.70 10.50 10.60 
2016/08/24 10.55 10.60 10.35 10.35 
2016/08/25 10.35 10.45 10.35 10.40 
2016/08/26 10.40 10.40 10.25 10.25 
2016/08/29 10.30 10.40 10.25 10.40 
2016/08/30 10.20 10.25 10.15 10.25 
2016/08/31 10.30 10.30 10.10 10.25 
2016/09/01 10.35 10.35 10.10 10.15 
2016/09/02 10.25 10.30 10.15 10.15 
2016/09/05 10.30 10.30 10.10 10.20 
2016/09/06 10.15 10.20 10.00 10.05 
2016/09/07 10.05 10.10 10.00 10.00 
2016/09/08 10.05 10.10 9.97 10.10 
2016/09/09 10.05 10.10 10.00 10.10 
2016/09/10 10.05 10.20 9.95 10.20 
2016/09/12 10.10 10.20 10.05 10.05 
2016/09/13 10.05 10.15 10.05 10.05 
2016/09/14 10.00 10.00 9.96 9.96 
2016/09/19 10.00 10.00 9.95 10.00 
2016/09/20 10.10 10.10 9.96 9.99 
2016/09/21 9.99 10.10 9.98 10.10 
2016/09/22 10.10 10.15 10.00 10.05 
2016/09/23 10.05 10.40 10.00 10.10 
2016/09/26 10.10 10.10 10.00 10.10 
2016/09/29 10.00 10.00 10.00 10.00 
2016/09/30 10.05 10.05 10.00 10.05 
2016/10/03 10.00 10.15 9.96 10.05 
2016/10/04 10.10 10.10 10.00 10.00 
2016/10/05 10.00 10.05 9.98 9.98 
2016/10/06 9.98 10.05 9.95 9.96 
2016/10/07 9.96 10.05 9.96 10.05 
2016/10/11 10.00 10.00 9.90 9.90 
2016/10/12 9.98 9.99 9.90 9.90 
2016/10/13 9.90 9.90 9.77 9.78 
2016/10/14 9.70 9.80 9.13 9.40 
2016/10/17 9.31 9.50 9.31 9.50 
2016/10/18 9.53 9.54 9.43 9.53 
2016/10/19 9.53 9.79 9.53 9.70 
2016/10/20 9.60 9.71 9.55 9.55 
2016/10/21 9.35 9.63 9.35 9.54 
2016/10/24 9.54 9.54 9.47 9.54 
2016/10/25 9.58 10.40 9.58 10.30 
2016/10/26 10.35 11.30 10.15 11.00 
2016/10/27 10.85 11.10 10.60 10.65 
2016/10/28 10.60 10.95 10.55 10.60 
2016/10/31 10.55 10.65 10.50 10.50 
2016/11/01 10.60 10.60 10.45 10.45 
2016/11/02 10.50 10.50 9.91 9.91 
2016/11/03 9.91 9.92 9.82 9.89 
2016/11/04 9.90 9.99 9.84 9.88 
2016/11/07 9.83 9.85 9.53 9.68 
2016/11/08 9.69 9.69 9.34 9.41 
2016/11/09 9.41 9.44 9.23 9.44 
2016/11/10 9.44 9.54 9.44 9.53 
2016/11/11 9.46 9.50 9.45 9.45 
2016/11/14 9.41 9.49 9.37 9.49 
2016/11/15 9.45 9.58 9.40 9.49 
2016/11/16 9.42 9.51 9.42 9.42 
2016/11/17 9.30 9.50 9.30 9.50 
2016/11/18 9.43 9.53 9.43 9.52 
2016/11/21 9.90 10.45 9.87 10.15 
2016/11/22 10.10 10.15 9.92 9.92 
2016/11/23 10.00 10.00 9.82 9.85 
2016/11/24 9.78 9.83 9.78 9.81 
2016/11/25 9.91 10.15 9.87 9.99 
2016/11/28 10.10 10.10 9.93 9.94 
2016/11/29 9.91 9.97 9.88 9.97 
2016/11/30 9.99 10.15 9.90 10.15 
2016/12/01 10.15 10.30 10.00 10.15 
2016/12/02 10.15 10.15 9.80 9.81 
2016/12/05 9.80 9.86 9.79 9.86 
2016/12/06 9.88 9.90 9.80 9.90 
2016/12/07 9.90 9.92 9.86 9.88 
2016/12/08 10.05 10.05 9.88 9.91 
2016/12/09 9.96 9.99 9.89 9.98 
2016/12/12 9.97 9.97 9.90 9.90 
2016/12/13 9.90 9.95 9.85 9.95 
2016/12/14 9.97 9.97 9.87 9.91 
2016/12/15 9.85 9.85 9.80 9.85 
2016/12/16 9.90 9.92 9.83 9.88 
2016/12/19 9.86 9.90 9.82 9.90 
2016/12/20 9.90 10.20 9.90 10.00 
2016/12/21 10.00 10.10 9.94 9.95 
2016/12/22 9.95 9.95 9.88 9.93 
2016/12/23 9.93 9.98 9.88 9.97 
2016/12/26 9.97 9.97 9.89 9.94 
2016/12/27 9.94 9.96 9.86 9.88 
2016/12/28 9.89 9.98 9.88 9.89 
2016/12/29 9.90 9.90 9.85 9.88 
2016/12/30 9.84 9.99 9.83 9.99 
2017/01/03 10.05 10.35 9.90 10.30 
2017/01/04 10.35 10.50 10.15 10.15 
2017/01/05 10.20 10.20 10.05 10.05 
2017/01/06 10.15 10.15 9.97 9.97 
2017/01/09 10.05 10.05 9.91 9.91 
2017/01/10 9.91 10.00 9.91 10.00 
2017/01/11 9.95 10.20 9.95 10.00 
2017/01/12 10.00 10.10 9.96 10.00 
2017/01/13 9.95 10.00 9.95 10.00 
2017/01/16 9.96 9.96 9.93 9.93 
2017/01/17 9.93 10.05 9.93 10.00 
2017/01/18 9.95 10.00 9.95 10.00 
2017/01/19 9.96 9.96 9.95 9.95 
2017/01/20 9.95 9.95 9.94 9.94 
2017/01/23 9.93 9.94 9.91 9.91 
2017/01/24 9.92 9.96 9.82 9.82 
2017/02/02 9.81 9.87 9.81 9.81 
2017/02/03 9.83 9.91 9.81 9.84 
2017/02/06 9.90 9.96 9.88 9.94 
2017/02/07 9.90 10.05 9.90 10.00 
2017/02/08 10.05 10.10 9.92 10.05 
