2016/07/01 7.86 7.87 7.86 7.87 
2016/07/04 7.12 7.12 7.12 7.12 
2016/07/06 7.92 7.92 7.92 7.92 
2016/07/07 8.59 8.59 8.59 8.59 
2016/07/11 9.00 9.44 9.00 9.44 
2016/07/12 10.35 10.35 10.35 10.35 
2016/07/13 10.00 11.35 10.00 11.35 
2016/07/14 11.30 11.30 10.65 10.65 
2016/07/19 11.60 11.60 11.60 11.60 
2016/07/20 12.40 12.40 12.40 12.40 
2016/07/26 10.35 10.35 10.35 10.35 
2016/07/27 9.32 9.32 9.32 9.32 
2016/07/29 8.20 8.20 8.10 8.15 
2016/08/01 8.77 8.77 8.77 8.77 
2016/08/02 7.90 8.49 7.90 8.21 
2016/08/03 8.02 8.45 8.01 8.45 
2016/08/04 8.95 8.95 8.04 8.46 
2016/08/08 8.75 8.75 8.02 8.02 
2016/08/09 8.04 8.28 7.25 8.28 
2016/08/10 7.90 7.90 7.56 7.56 
2016/08/11 7.95 7.95 7.56 7.56 
2016/08/16 7.70 7.70 7.70 7.70 
2016/08/17 7.72 7.72 7.72 7.72 
2016/08/18 7.73 7.73 7.73 7.73 
2016/08/19 7.05 7.05 7.05 7.05 
2016/08/22 7.75 7.75 7.35 7.35 
2016/08/23 7.45 7.45 7.40 7.40 
2016/08/24 7.41 7.41 7.25 7.25 
2016/08/25 7.20 7.20 7.20 7.20 
2016/08/26 7.20 7.21 7.20 7.21 
2016/08/29 7.22 7.22 7.22 7.22 
2016/08/30 7.22 7.22 6.60 6.60 
2016/08/31 6.80 6.80 6.70 6.70 
2016/09/01 6.54 6.99 6.54 6.70 
2016/09/02 6.70 7.32 6.43 6.43 
2016/09/06 7.12 7.12 6.62 6.71 
2016/09/07 7.27 7.27 6.72 7.20 
2016/09/08 6.72 6.72 6.70 6.70 
2016/09/09 6.16 6.16 6.16 6.16 
2016/09/10 6.60 6.77 6.20 6.20 
2016/09/12 6.70 6.70 6.70 6.70 
2016/09/13 6.97 6.97 6.97 6.97 
2016/09/14 6.95 6.95 6.95 6.95 
2016/09/26 5.52 6.63 5.52 6.02 
2016/09/29 6.50 6.61 6.50 6.61 
2016/09/30 5.98 6.41 5.98 6.41 
2016/10/04 5.61 6.30 5.61 6.10 
2016/10/06 6.40 6.40 6.40 6.40 
2016/10/11 6.70 6.75 6.70 6.75 
2016/10/18 6.90 6.90 6.90 6.90 
2016/10/19 6.90 6.90 6.90 6.90 
2016/10/25 6.21 6.21 6.21 6.21 
2016/10/26 6.50 6.50 6.50 6.50 
2016/10/28 6.12 6.46 6.12 6.46 
2016/11/03 6.49 6.49 6.49 6.49 
2016/11/07 5.49 5.49 5.49 5.49 
2016/11/08 6.00 6.00 6.00 6.00 
2016/11/15 5.00 5.00 5.00 5.00 
2016/11/16 5.50 5.50 5.50 5.50 
2016/11/17 6.05 6.05 6.05 6.05 
2016/11/18 6.05 6.05 6.05 6.05 
2016/11/21 5.70 5.70 5.70 5.70 
2016/11/23 5.11 5.60 5.11 5.60 
2016/11/25 5.71 6.27 5.71 6.27 
2016/11/28 6.60 6.60 6.59 6.59 
2016/11/30 6.50 6.50 5.95 5.95 
2016/12/02 5.05 5.05 5.05 5.05 
2016/12/05 4.55 5.55 4.55 5.41 
2016/12/06 5.40 5.95 5.40 5.95 
2016/12/07 6.50 6.50 5.95 6.45 
2016/12/08 7.03 7.03 5.82 6.59 
2016/12/09 6.49 6.49 6.49 6.49 
2016/12/12 5.85 5.86 5.85 5.85 
2016/12/13 5.31 6.05 5.31 5.39 
2016/12/14 4.90 5.56 4.90 5.56 
2016/12/15 5.11 5.88 5.11 5.41 
2016/12/16 5.86 5.87 5.43 5.43 
2016/12/20 5.50 5.65 5.50 5.65 
2016/12/21 5.11 5.95 5.11 5.30 
2016/12/22 4.98 4.98 4.98 4.98 
2016/12/23 5.47 5.47 5.47 5.47 
2016/12/27 5.43 5.62 5.43 5.62 
2016/12/28 5.90 5.90 5.62 5.62 
2016/12/29 5.13 5.52 5.13 5.52 
2016/12/30 5.85 5.85 5.85 5.85 
2017/01/03 5.30 5.30 5.30 5.30 
2017/01/04 5.11 5.83 5.11 5.75 
2017/01/05 6.26 6.26 6.26 6.26 
2017/01/06 6.50 6.50 6.50 6.50 
2017/01/09 6.29 6.29 5.85 5.85 
2017/01/10 6.17 6.17 5.45 5.84 
2017/01/11 6.01 6.01 5.58 5.58 
2017/01/12 5.86 5.86 5.40 5.50 
2017/01/13 5.80 5.80 5.80 5.80 
2017/01/16 5.45 5.85 5.45 5.85 
2017/01/18 6.15 6.15 6.15 6.15 
2017/01/19 5.61 5.61 5.60 5.60 
2017/01/23 5.13 5.32 5.13 5.32 
2017/01/24 4.85 5.35 4.85 5.35 
2017/02/02 5.50 5.50 5.50 5.50 
2017/02/03 5.85 5.88 5.55 5.88 
2017/02/07 6.10 6.10 6.10 6.10 
2017/02/08 6.00 6.33 6.00 6.32 
