2016/07/01 12.40 12.45 12.35 12.45 
2016/07/04 12.50 12.50 12.35 12.35 
2016/07/05 12.35 12.45 12.30 12.45 
2016/07/06 12.40 12.40 12.30 12.40 
2016/07/07 12.30 12.45 12.25 12.30 
2016/07/11 12.35 12.40 12.30 12.40 
2016/07/12 12.40 12.45 12.30 12.35 
2016/07/13 12.35 12.45 12.30 12.40 
2016/07/14 12.40 12.50 12.40 12.50 
2016/07/15 12.50 12.65 12.45 12.60 
2016/07/18 12.60 12.65 12.55 12.65 
2016/07/19 12.65 12.70 12.65 12.70 
2016/07/20 12.70 12.75 12.60 12.75 
2016/07/21 12.75 12.80 12.70 12.80 
2016/07/22 12.70 12.80 12.65 12.80 
2016/07/25 12.80 12.80 12.60 12.75 
2016/07/26 12.60 12.75 12.60 12.75 
2016/07/27 12.75 12.80 12.60 12.75 
2016/07/28 12.75 12.75 12.60 12.70 
2016/07/29 12.65 12.70 12.50 12.60 
2016/08/01 12.60 12.65 12.50 12.60 
2016/08/02 12.60 12.70 12.50 12.70 
2016/08/03 12.60 12.70 12.55 12.65 
2016/08/04 12.60 12.70 12.50 12.60 
2016/08/05 12.60 12.60 12.50 12.55 
2016/08/08 12.60 12.65 12.50 12.60 
2016/08/09 11.90 11.90 11.65 11.80 
2016/08/10 11.60 11.65 11.30 11.40 
2016/08/11 11.30 11.50 11.30 11.50 
2016/08/12 11.50 11.55 11.40 11.50 
2016/08/15 11.50 11.60 11.50 11.60 
2016/08/16 11.65 11.65 11.50 11.50 
2016/08/17 11.60 11.60 11.45 11.55 
2016/08/18 11.60 11.60 11.50 11.60 
2016/08/19 11.55 11.60 11.50 11.60 
2016/08/22 11.60 11.60 11.50 11.50 
2016/08/23 11.50 11.60 11.50 11.60 
2016/08/24 11.65 11.65 11.55 11.60 
2016/08/25 11.55 11.70 11.55 11.70 
2016/08/26 11.70 11.80 11.65 11.80 
2016/08/29 11.80 11.80 11.70 11.75 
2016/08/30 11.75 11.85 11.65 11.65 
2016/08/31 11.75 11.75 11.60 11.70 
2016/09/01 11.70 11.75 11.60 11.75 
2016/09/02 11.80 12.05 11.80 12.00 
2016/09/05 12.00 12.00 11.90 12.00 
2016/09/06 12.00 12.00 11.90 12.00 
2016/09/07 11.90 12.00 11.85 11.95 
2016/09/08 12.00 12.00 11.90 12.00 
2016/09/09 12.00 12.00 11.90 11.95 
2016/09/10 11.90 11.90 11.80 11.90 
2016/09/12 11.85 11.85 11.75 11.85 
2016/09/13 11.85 11.90 11.80 11.80 
2016/09/14 11.75 11.80 11.70 11.80 
2016/09/19 11.85 11.85 11.70 11.75 
2016/09/20 11.80 11.80 11.70 11.80 
2016/09/21 11.80 12.05 11.70 12.00 
2016/09/22 12.00 12.00 11.85 11.85 
2016/09/23 11.90 11.95 11.85 11.95 
2016/09/26 11.95 11.95 11.80 11.95 
2016/09/29 11.90 11.90 11.80 11.90 
2016/09/30 11.90 11.90 11.75 11.90 
2016/10/03 11.90 11.95 11.50 11.80 
2016/10/04 11.80 11.90 11.80 11.85 
2016/10/05 11.80 11.90 11.75 11.90 
2016/10/06 12.00 12.05 11.80 12.00 
2016/10/07 11.80 11.95 11.80 11.90 
2016/10/11 11.85 11.90 11.65 11.85 
2016/10/12 11.80 11.80 11.70 11.70 
2016/10/13 11.85 11.85 11.60 11.80 
2016/10/14 11.75 11.75 11.65 11.75 
2016/10/17 11.80 11.85 11.60 11.85 
2016/10/18 11.70 11.85 11.70 11.80 
2016/10/19 11.85 11.85 11.70 11.80 
2016/10/20 11.75 11.80 11.65 11.80 
2016/10/21 11.70 11.75 11.65 11.75 
2016/10/24 11.75 11.75 11.70 11.75 
2016/10/25 11.75 11.75 11.75 11.75 
2016/10/26 11.80 11.80 11.55 11.80 
2016/10/27 11.75 11.80 11.70 11.80 
2016/10/28 11.75 11.75 11.65 11.75 
2016/10/31 11.70 11.75 11.65 11.75 
2016/11/01 11.60 11.75 11.60 11.75 
2016/11/02 11.60 11.70 11.50 11.60 
2016/11/03 11.60 11.65 11.40 11.55 
2016/11/04 11.55 11.60 11.50 11.60 
2016/11/07 11.55 11.65 11.50 11.60 
2016/11/08 11.65 11.65 11.55 11.65 
2016/11/09 11.55 11.55 11.35 11.45 
2016/11/10 11.55 11.55 11.40 11.55 
2016/11/11 11.35 11.50 11.30 11.35 
2016/11/14 11.25 11.45 11.20 11.45 
2016/11/15 11.30 11.40 11.25 11.40 
2016/11/16 11.30 11.40 11.30 11.40 
2016/11/17 11.40 11.40 11.30 11.40 
2016/11/18 11.45 11.45 11.30 11.40 
2016/11/21 11.30 11.40 11.30 11.35 
2016/11/22 11.40 11.40 11.25 11.35 
2016/11/23 11.35 11.35 11.25 11.30 
2016/11/24 11.20 11.25 11.20 11.25 
2016/11/25 11.30 11.30 11.20 11.30 
2016/11/28 11.20 11.30 11.15 11.15 
2016/11/29 11.30 11.30 11.15 11.25 
2016/11/30 11.30 11.30 11.20 11.30 
2016/12/01 11.20 11.25 11.20 11.25 
2016/12/02 11.30 11.30 11.20 11.20 
2016/12/05 11.25 11.35 11.25 11.35 
2016/12/06 11.20 11.40 11.20 11.35 
2016/12/07 11.30 11.35 11.30 11.35 
2016/12/08 11.35 11.55 11.35 11.50 
2016/12/09 11.55 11.55 11.40 11.50 
2016/12/12 11.50 11.50 11.30 11.40 
2016/12/13 11.50 11.50 11.35 11.45 
2016/12/14 11.50 11.50 11.30 11.45 
2016/12/15 11.45 11.45 11.40 11.45 
2016/12/16 11.50 11.50 11.35 11.45 
2016/12/19 11.50 11.50 11.35 11.45 
2016/12/20 11.40 11.45 11.30 11.45 
2016/12/21 11.50 11.55 11.30 11.40 
2016/12/22 11.45 11.45 11.40 11.45 
2016/12/23 11.50 11.50 11.35 11.40 
2016/12/26 11.45 11.45 11.40 11.45 
2016/12/27 11.45 11.55 11.40 11.55 
2016/12/28 11.55 11.60 11.40 11.50 
2016/12/29 11.55 11.55 11.50 11.50 
2016/12/30 11.50 11.50 11.35 11.50 
2017/01/03 11.50 11.65 11.45 11.65 
2017/01/04 11.60 11.75 11.60 11.75 
2017/01/05 11.80 11.90 11.75 11.90 
2017/01/06 11.90 11.95 11.80 11.85 
2017/01/09 11.80 11.85 11.70 11.85 
2017/01/10 11.85 11.85 11.65 11.75 
2017/01/11 11.75 11.75 11.60 11.70 
2017/01/12 11.75 11.75 11.60 11.70 
2017/01/13 11.70 11.75 11.65 11.75 
2017/01/16 11.60 11.70 11.60 11.70 
2017/01/17 11.70 11.70 11.60 11.70 
2017/01/18 11.65 11.75 11.65 11.75 
2017/01/19 11.70 11.75 11.60 11.75 
2017/01/20 11.60 11.70 11.60 11.70 
2017/01/23 11.70 11.70 11.60 11.70 
2017/01/24 11.70 11.75 11.60 11.70 
2017/02/02 11.60 11.70 11.60 11.70 
2017/02/03 11.60 11.70 11.55 11.70 
2017/02/06 11.70 11.70 11.60 11.70 
2017/02/07 11.65 11.80 11.65 11.80 
2017/02/08 11.80 11.80 11.70 11.75 
