2016/07/01 16.00 16.05 15.65 16.05 
2016/07/04 16.00 16.00 15.70 15.80 
2016/07/05 16.00 16.00 15.90 16.00 
2016/07/06 15.80 15.80 15.80 15.80 
2016/07/07 15.80 15.90 15.80 15.90 
2016/07/11 16.25 16.25 16.00 16.20 
2016/07/12 16.20 16.20 16.15 16.15 
2016/07/13 16.15 16.20 16.10 16.20 
2016/07/14 16.25 16.30 16.05 16.30 
2016/07/15 16.30 16.45 16.30 16.40 
2016/07/18 16.45 16.45 16.40 16.40 
2016/07/19 16.50 16.55 16.45 16.55 
2016/07/20 16.60 16.60 16.50 16.60 
2016/07/21 16.60 16.70 16.60 16.65 
2016/07/22 16.70 16.80 16.70 16.80 
2016/07/25 16.85 16.90 16.80 16.90 
2016/07/26 16.90 16.95 16.85 16.85 
2016/07/27 16.80 16.95 16.80 16.90 
2016/07/28 16.85 16.95 16.70 16.85 
2016/07/29 16.90 16.90 16.70 16.80 
2016/08/01 16.85 16.85 16.80 16.80 
2016/08/02 16.90 17.00 16.80 16.80 
2016/08/03 16.80 16.85 16.80 16.85 
2016/08/04 17.00 17.00 16.85 16.85 
2016/08/05 16.85 17.10 16.85 17.10 
2016/08/08 17.20 17.25 17.20 17.20 
2016/08/09 17.30 17.30 17.00 17.20 
2016/08/10 17.25 17.25 17.20 17.20 
2016/08/11 17.00 17.10 17.00 17.10 
2016/08/12 17.05 17.10 17.00 17.10 
2016/08/15 17.50 17.50 16.95 17.35 
2016/08/16 17.25 17.25 17.10 17.10 
2016/08/17 17.00 17.05 16.85 17.00 
2016/08/18 17.10 17.25 17.10 17.15 
2016/08/19 17.15 17.15 17.00 17.15 
2016/08/22 17.25 17.25 17.00 17.00 
2016/08/23 17.00 17.10 17.00 17.10 
2016/08/24 17.05 17.10 17.00 17.10 
2016/08/25 17.10 17.10 16.90 17.10 
2016/08/26 17.20 17.20 17.00 17.05 
2016/08/29 17.15 17.15 17.05 17.15 
2016/08/30 17.15 17.25 17.10 17.10 
2016/08/31 15.65 15.80 15.50 15.55 
2016/09/01 15.55 15.65 15.55 15.60 
2016/09/02 15.45 15.60 15.45 15.60 
2016/09/05 15.60 15.60 15.60 15.60 
2016/09/06 15.80 15.85 15.70 15.70 
2016/09/07 16.85 17.25 16.70 17.25 
2016/09/08 16.80 17.40 16.75 16.80 
2016/09/09 17.00 17.00 16.40 16.55 
2016/09/10 16.55 16.90 16.30 16.55 
2016/09/12 16.75 16.75 16.40 16.40 
2016/09/13 16.70 16.70 16.40 16.40 
2016/09/14 16.40 16.40 16.20 16.20 
2016/09/19 16.20 16.25 16.05 16.10 
2016/09/20 16.20 16.20 16.15 16.20 
2016/09/21 16.30 16.30 16.15 16.20 
2016/09/22 16.50 16.50 16.20 16.20 
2016/09/23 16.30 16.30 16.15 16.30 
2016/09/26 16.20 16.20 16.15 16.15 
2016/09/29 16.35 16.35 16.20 16.25 
2016/09/30 16.35 16.35 16.15 16.20 
2016/10/03 16.55 16.60 16.20 16.30 
2016/10/04 16.30 16.35 16.30 16.30 
2016/10/05 16.35 16.45 16.30 16.35 
2016/10/06 16.35 16.45 16.30 16.45 
2016/10/07 16.90 17.05 16.50 16.60 
2016/10/11 16.60 16.90 16.55 16.60 
2016/10/12 16.60 16.60 16.50 16.55 
2016/10/13 16.50 16.50 16.40 16.40 
2016/10/14 16.45 16.55 16.35 16.40 
2016/10/17 16.50 16.50 16.40 16.40 
2016/10/18 16.35 16.45 16.30 16.30 
2016/10/19 16.40 16.40 16.30 16.40 
2016/10/20 16.35 16.50 16.30 16.45 
2016/10/21 16.50 16.50 16.40 16.40 
2016/10/24 16.40 16.40 16.40 16.40 
2016/10/25 16.40 16.40 16.30 16.40 
2016/10/26 16.40 16.45 16.40 16.45 
2016/10/27 16.45 16.45 16.35 16.35 
2016/10/28 16.40 16.45 16.40 16.40 
2016/10/31 16.45 16.45 16.25 16.40 
2016/11/01 16.45 16.45 16.40 16.45 
2016/11/02 16.45 16.45 16.25 16.25 
2016/11/03 16.10 16.10 16.00 16.00 
2016/11/04 16.10 16.10 15.95 16.00 
2016/11/07 15.95 16.00 15.90 16.00 
2016/11/08 16.00 16.00 15.95 16.00 
2016/11/09 15.90 15.90 15.80 15.80 
2016/11/10 16.00 16.05 15.90 16.05 
2016/11/11 16.10 16.10 15.95 15.95 
2016/11/14 15.95 16.20 15.95 16.20 
2016/11/15 15.75 15.95 15.50 15.80 
2016/11/16 15.80 15.80 15.50 15.60 
2016/11/17 15.60 15.60 15.40 15.60 
2016/11/18 15.60 15.60 15.45 15.50 
2016/11/21 15.30 15.45 15.25 15.45 
2016/11/22 15.45 15.45 15.00 15.10 
2016/11/23 15.10 15.15 15.10 15.10 
2016/11/24 15.15 15.15 15.10 15.10 
2016/11/25 15.15 15.20 15.15 15.15 
2016/11/28 15.00 15.10 15.00 15.10 
2016/11/29 15.00 15.05 15.00 15.00 
2016/11/30 15.05 15.10 15.00 15.10 
2016/12/01 15.10 15.10 15.00 15.10 
2016/12/02 15.10 15.10 15.05 15.05 
2016/12/05 15.00 15.05 14.95 15.00 
2016/12/06 15.05 15.20 15.05 15.10 
2016/12/07 15.20 15.20 15.10 15.10 
2016/12/08 15.30 15.35 15.25 15.30 
2016/12/09 15.30 15.35 15.25 15.25 
2016/12/12 15.30 15.30 15.25 15.25 
2016/12/13 15.25 15.25 15.20 15.20 
2016/12/14 15.30 15.30 15.20 15.20 
2016/12/15 15.20 15.20 15.15 15.20 
2016/12/16 15.20 15.20 15.15 15.20 
2016/12/19 15.10 15.20 15.05 15.20 
2016/12/20 15.20 15.25 15.20 15.25 
2016/12/21 15.25 15.25 15.05 15.25 
2016/12/22 15.25 15.25 15.10 15.10 
2016/12/23 15.15 15.15 15.15 15.15 
2016/12/26 15.25 15.25 15.10 15.20 
2016/12/27 15.30 15.30 15.25 15.25 
2016/12/28 15.00 15.20 15.00 15.20 
2016/12/29 15.00 15.15 15.00 15.15 
2016/12/30 15.10 15.15 15.05 15.15 
2017/01/03 15.05 15.15 15.05 15.15 
2017/01/04 15.05 15.15 15.00 15.15 
2017/01/05 15.15 15.20 15.15 15.20 
2017/01/06 15.00 15.15 15.00 15.15 
2017/01/09 15.20 15.20 15.15 15.20 
2017/01/10 15.20 15.20 15.10 15.10 
2017/01/11 15.15 15.15 15.15 15.15 
2017/01/12 15.15 15.15 15.10 15.10 
2017/01/13 15.10 15.15 15.10 15.10 
2017/01/16 15.05 15.10 14.90 15.05 
2017/01/17 15.05 15.15 14.90 14.90 
2017/01/18 14.95 15.05 14.90 14.95 
2017/01/19 14.95 15.00 14.95 14.95 
2017/01/20 14.95 15.05 14.90 14.90 
2017/01/23 14.90 14.95 14.90 14.95 
2017/01/24 14.90 15.00 14.90 15.00 
2017/02/02 15.00 15.00 14.95 14.95 
2017/02/03 14.95 15.05 14.95 15.05 
2017/02/06 15.10 15.10 15.05 15.05 
2017/02/07 15.10 15.15 15.00 15.10 
2017/02/08 15.10 15.10 15.00 15.10 
