2016/07/01 9.22 9.32 9.20 9.26 
2016/07/04 9.29 9.32 9.25 9.28 
2016/07/05 9.23 9.30 9.23 9.30 
2016/07/06 9.30 9.30 9.17 9.25 
2016/07/07 9.20 9.26 9.18 9.24 
2016/07/11 9.24 9.27 9.17 9.21 
2016/07/12 9.27 9.28 9.23 9.28 
2016/07/13 9.28 9.45 9.28 9.45 
2016/07/14 9.45 9.51 9.38 9.47 
2016/07/15 9.51 9.54 9.45 9.50 
2016/07/18 9.41 9.96 9.37 9.86 
2016/07/19 9.94 9.96 9.69 9.73 
2016/07/20 9.70 9.70 9.55 9.61 
2016/07/21 9.59 9.81 9.59 9.77 
2016/07/22 9.73 10.10 9.73 9.99 
2016/07/25 10.15 10.25 9.86 9.91 
2016/07/26 9.98 9.98 9.88 9.89 
2016/07/27 9.95 9.95 9.82 9.83 
2016/07/28 9.82 10.15 9.81 9.90 
2016/07/29 10.20 10.80 10.15 10.35 
2016/08/01 10.35 10.90 10.30 10.75 
2016/08/02 10.60 10.95 10.60 10.65 
2016/08/03 10.50 10.60 10.45 10.50 
2016/08/04 10.60 10.75 10.35 10.65 
2016/08/05 10.65 10.70 10.50 10.50 
2016/08/08 10.65 10.80 10.55 10.65 
2016/08/09 10.55 10.75 10.55 10.55 
2016/08/10 10.55 10.65 10.35 10.35 
2016/08/11 10.35 10.45 10.20 10.40 
2016/08/12 10.40 10.40 10.15 10.25 
2016/08/15 10.40 10.95 10.35 10.75 
2016/08/16 10.85 11.10 10.65 10.65 
2016/08/17 10.65 10.80 10.50 10.65 
2016/08/18 10.65 10.95 10.60 10.75 
2016/08/19 10.75 10.90 10.45 10.50 
2016/08/22 10.70 10.70 10.40 10.55 
2016/08/23 10.65 10.85 10.55 10.70 
2016/08/24 10.80 10.80 10.65 10.65 
2016/08/25 10.75 10.85 10.70 10.85 
2016/08/26 10.95 11.30 10.95 11.05 
2016/08/29 11.10 11.25 10.85 11.10 
2016/08/30 11.20 11.25 11.05 11.10 
2016/08/31 11.20 11.40 11.10 11.15 
2016/09/01 11.15 11.25 11.00 11.00 
2016/09/02 11.05 11.10 10.85 10.85 
2016/09/05 11.00 11.10 10.80 10.95 
2016/09/06 10.95 11.10 10.95 11.10 
2016/09/07 11.10 11.75 11.10 11.55 
2016/09/08 11.55 11.70 11.50 11.65 
2016/09/09 11.70 11.90 11.55 11.70 
2016/09/10 11.45 11.55 11.40 11.45 
2016/09/12 11.45 11.70 11.45 11.50 
2016/09/13 11.70 11.75 11.25 11.35 
2016/09/14 11.25 11.40 11.15 11.20 
2016/09/19 11.30 11.60 11.30 11.55 
2016/09/20 11.60 11.70 11.55 11.60 
2016/09/21 11.60 11.65 11.50 11.55 
2016/09/22 11.60 11.70 11.45 11.65 
2016/09/23 11.70 11.85 11.70 11.75 
2016/09/26 11.75 12.70 11.75 12.50 
2016/09/29 12.60 12.70 12.40 12.50 
2016/09/30 12.60 12.60 12.10 12.15 
2016/10/03 12.30 12.35 11.90 12.05 
2016/10/04 12.15 12.20 12.00 12.15 
2016/10/05 12.10 12.30 12.10 12.30 
2016/10/06 12.40 12.40 12.20 12.20 
2016/10/07 12.30 12.35 11.85 11.95 
2016/10/11 12.05 12.15 10.90 11.45 
2016/10/12 11.40 11.60 11.30 11.60 
2016/10/13 11.65 11.65 11.40 11.50 
2016/10/14 11.45 11.50 11.25 11.30 
2016/10/17 11.30 12.20 11.20 12.10 
2016/10/18 12.15 13.15 12.10 12.90 
2016/10/19 13.00 13.45 12.80 12.90 
2016/10/20 12.90 13.50 12.70 13.35 
2016/10/21 13.50 14.20 13.40 13.80 
2016/10/24 14.15 14.80 14.05 14.40 
2016/10/25 14.25 14.40 13.90 14.00 
2016/10/26 14.05 14.70 14.05 14.45 
2016/10/27 15.20 15.35 14.80 14.85 
2016/10/28 15.00 15.25 14.60 15.10 
2016/10/31 15.05 15.25 14.80 15.20 
2016/11/01 15.15 15.65 15.00 15.40 
2016/11/02 15.20 15.35 14.80 14.90 
2016/11/03 15.00 15.25 14.80 14.95 
2016/11/04 15.00 15.30 14.90 15.00 
2016/11/07 15.20 15.40 15.10 15.30 
2016/11/08 15.50 16.15 15.40 16.00 
2016/11/09 16.40 16.50 14.75 14.95 
2016/11/10 15.90 16.20 15.50 16.00 
2016/11/11 15.50 16.25 15.50 15.95 
2016/11/14 16.30 16.65 16.05 16.60 
2016/11/15 16.80 16.80 16.30 16.45 
2016/11/16 16.60 16.75 16.25 16.35 
2016/11/17 16.40 16.65 16.25 16.30 
2016/11/18 16.50 16.65 16.35 16.50 
2016/11/21 16.65 17.35 16.65 17.30 
2016/11/22 17.50 18.00 17.00 17.10 
2016/11/23 17.35 17.45 17.05 17.40 
2016/11/24 17.50 18.00 17.40 18.00 
2016/11/25 18.15 18.35 17.60 18.00 
2016/11/28 18.05 18.20 17.75 17.75 
2016/11/29 18.00 18.80 17.95 18.80 
2016/11/30 19.00 19.95 18.90 19.50 
2016/12/01 19.90 21.20 19.85 21.20 
2016/12/02 21.15 21.55 20.80 21.05 
2016/12/05 21.05 21.05 19.10 19.10 
2016/12/06 19.75 21.00 19.60 20.95 
2016/12/07 21.20 21.65 19.65 19.80 
2016/12/08 19.65 19.75 18.35 18.45 
2016/12/09 18.85 19.20 18.80 18.95 
2016/12/12 18.90 19.25 18.55 18.80 
2016/12/13 18.80 19.50 18.70 19.30 
2016/12/14 19.50 19.50 18.90 18.90 
2016/12/15 18.70 19.15 18.55 18.95 
2016/12/16 19.25 19.70 18.95 19.00 
2016/12/19 19.00 19.15 18.55 18.65 
2016/12/20 18.80 18.95 18.70 18.80 
2016/12/21 18.95 19.05 18.80 18.80 
2016/12/22 18.90 18.90 17.80 18.00 
2016/12/23 17.80 17.90 17.25 17.35 
2016/12/26 17.35 17.75 17.35 17.55 
2016/12/27 17.70 17.90 17.50 17.50 
2016/12/28 17.70 18.25 17.60 17.80 
2016/12/29 17.80 18.00 17.70 17.70 
2016/12/30 17.90 17.90 17.60 17.60 
2017/01/03 17.70 18.00 17.60 17.80 
2017/01/04 18.10 18.15 17.85 17.85 
2017/01/05 18.10 18.15 17.95 18.00 
2017/01/06 18.05 18.05 17.75 17.95 
2017/01/09 17.95 17.95 17.25 17.35 
2017/01/10 17.35 17.45 17.00 17.25 
2017/01/11 17.25 18.10 17.00 18.10 
2017/01/12 18.15 19.00 18.05 18.70 
2017/01/13 18.60 19.15 18.50 18.50 
2017/01/16 18.30 18.35 17.65 17.80 
2017/01/17 17.80 17.95 17.50 17.75 
2017/01/18 17.80 18.15 17.75 17.80 
2017/01/19 17.80 17.95 17.65 17.65 
2017/01/20 17.65 17.85 17.40 17.45 
2017/01/23 17.45 17.60 17.40 17.45 
2017/01/24 17.55 17.65 17.35 17.35 
2017/02/02 17.50 17.70 17.20 17.60 
2017/02/03 17.65 18.55 17.60 18.45 
2017/02/06 18.80 18.80 18.05 18.20 
2017/02/07 18.30 18.65 17.90 18.60 
2017/02/08 18.70 18.95 18.50 18.50 
