2016/07/01 62.80 63.20 62.50 62.80 
2016/07/04 63.50 63.90 63.20 63.80 
2016/07/05 64.20 64.30 63.50 63.90 
2016/07/06 63.90 63.90 62.70 62.80 
2016/07/07 58.80 59.80 58.80 59.80 
2016/07/11 60.70 60.70 59.30 59.50 
2016/07/12 64.00 65.40 64.00 65.40 
2016/07/13 66.60 71.90 65.90 71.80 
2016/07/14 72.30 74.00 70.60 72.40 
2016/07/15 73.90 75.00 72.50 74.60 
2016/07/18 75.90 75.90 73.60 74.80 
2016/07/19 75.50 81.80 74.20 80.60 
2016/07/20 81.40 84.40 79.20 82.00 
2016/07/21 82.60 85.00 82.50 84.30 
2016/07/22 84.30 85.80 83.50 83.90 
2016/07/25 85.00 87.50 82.40 84.00 
2016/07/26 85.00 87.40 84.50 85.40 
2016/07/27 86.60 86.60 82.40 82.70 
2016/07/28 83.10 84.80 81.70 83.50 
2016/07/29 84.00 86.50 83.90 86.50 
2016/08/01 87.40 87.40 84.50 86.00 
2016/08/02 86.30 92.50 85.10 92.40 
2016/08/03 90.70 93.40 90.00 90.30 
2016/08/04 91.40 91.40 82.70 82.80 
2016/08/05 83.60 84.80 82.30 82.50 
2016/08/08 83.00 84.80 81.10 84.00 
2016/08/09 84.50 84.50 76.00 78.60 
2016/08/10 78.20 82.30 78.20 80.80 
2016/08/11 83.50 86.50 82.70 84.60 
2016/08/12 85.50 86.30 82.60 83.50 
2016/08/15 83.60 84.60 82.40 82.90 
2016/08/16 83.10 86.30 83.00 85.10 
2016/08/17 84.60 86.50 83.20 83.80 
2016/08/18 83.80 84.40 82.10 82.20 
2016/08/19 82.40 83.20 79.30 79.30 
2016/08/22 79.50 80.50 78.10 79.60 
2016/08/23 80.00 80.50 79.50 80.20 
2016/08/24 80.00 80.00 78.10 78.30 
2016/08/25 78.20 80.10 77.60 80.10 
2016/08/26 80.30 82.20 79.80 80.10 
2016/08/29 79.60 81.40 79.50 80.70 
2016/08/30 81.50 88.70 81.00 88.70 
2016/08/31 89.00 90.90 86.20 86.80 
2016/09/01 86.60 88.70 86.60 87.00 
2016/09/02 88.40 91.40 82.60 82.60 
2016/09/05 83.50 86.00 83.50 84.00 
2016/09/06 85.00 85.60 82.30 83.10 
2016/09/07 83.60 85.30 82.80 84.50 
2016/09/08 87.80 88.90 85.30 85.80 
2016/09/09 86.80 88.20 85.00 85.60 
2016/09/10 77.10 79.90 77.10 78.60 
2016/09/12 78.80 80.80 78.30 78.30 
2016/09/13 79.60 79.70 74.50 76.00 
2016/09/14 75.90 76.90 74.10 74.40 
2016/09/19 75.00 76.80 75.00 76.30 
2016/09/20 76.30 77.30 76.30 76.50 
2016/09/21 77.00 77.80 76.80 77.00 
2016/09/22 77.70 77.80 76.40 76.40 
2016/09/23 76.60 77.70 76.30 76.90 
2016/09/26 75.60 76.40 75.60 75.70 
2016/09/29 76.00 76.80 75.80 75.80 
2016/09/30 75.80 77.40 75.40 77.00 
2016/10/03 77.20 77.50 76.60 76.60 
2016/10/04 76.90 76.90 75.00 75.30 
2016/10/05 75.40 76.10 74.70 74.90 
2016/10/06 75.50 76.60 74.90 75.90 
2016/10/07 76.40 76.40 74.40 74.90 
2016/10/11 72.50 72.50 67.50 67.50 
2016/10/12 67.00 68.60 66.60 67.10 
2016/10/13 67.10 67.80 66.60 67.10 
2016/10/14 67.10 67.90 65.00 67.30 
2016/10/17 67.80 69.20 66.60 68.70 
2016/10/18 69.20 71.00 69.00 70.50 
2016/10/19 71.60 71.60 70.40 70.90 
2016/10/20 71.20 71.20 70.40 70.50 
2016/10/21 70.50 71.10 70.10 70.60 
2016/10/24 71.00 71.30 70.60 70.80 
2016/10/25 70.60 71.40 70.50 70.80 
2016/10/26 70.80 71.30 70.50 71.10 
2016/10/27 71.20 73.50 71.00 72.60 
2016/10/28 73.30 73.40 72.00 72.50 
2016/10/31 74.00 75.80 72.90 74.10 
2016/11/01 75.30 75.60 72.90 74.50 
2016/11/02 74.70 75.30 73.00 73.20 
2016/11/03 74.20 74.70 69.00 69.20 
2016/11/04 69.70 72.20 69.70 71.40 
2016/11/07 72.50 73.90 71.70 73.00 
2016/11/08 74.50 74.50 73.00 74.20 
2016/11/09 75.40 75.40 69.00 69.90 
2016/11/10 74.00 74.20 73.00 74.20 
2016/11/11 74.50 75.50 73.00 74.00 
2016/11/14 74.70 75.50 72.90 73.00 
2016/11/15 73.90 74.80 73.10 74.10 
2016/11/16 75.20 75.60 73.90 74.90 
2016/11/17 75.30 75.30 74.10 74.70 
2016/11/18 75.70 75.80 75.00 75.50 
2016/11/21 76.30 78.70 76.30 77.20 
2016/11/22 78.00 78.50 77.10 77.80 
2016/11/23 78.80 79.20 77.30 77.50 
2016/11/24 78.00 78.80 77.30 77.70 
2016/11/25 78.60 79.50 77.50 78.00 
2016/11/28 78.80 78.80 73.10 73.30 
2016/11/29 74.20 74.40 72.70 72.90 
2016/11/30 73.90 73.90 73.00 73.70 
2016/12/01 74.40 74.40 72.00 72.80 
2016/12/02 72.50 74.00 71.50 72.00 
2016/12/05 72.70 72.70 71.10 71.10 
2016/12/06 71.90 72.40 71.30 71.90 
2016/12/07 72.40 73.40 72.20 72.90 
2016/12/08 74.00 74.40 72.80 73.30 
2016/12/09 74.00 74.20 72.50 72.80 
2016/12/12 72.50 72.50 71.00 71.20 
2016/12/13 71.20 71.90 71.00 71.90 
2016/12/14 72.30 72.60 71.30 71.70 
2016/12/15 71.80 72.00 71.50 71.90 
2016/12/16 72.20 72.50 71.80 72.00 
2016/12/19 72.70 72.70 71.40 71.60 
2016/12/20 72.20 72.20 71.20 71.60 
2016/12/21 71.90 72.10 70.60 71.00 
2016/12/22 71.10 71.60 71.00 71.40 
2016/12/23 71.40 71.40 70.30 70.40 
2016/12/26 69.90 70.60 69.60 70.60 
2016/12/27 70.60 71.00 70.00 70.10 
2016/12/28 70.20 71.00 70.20 71.00 
2016/12/29 71.00 71.00 70.20 70.20 
2016/12/30 70.20 71.30 70.20 70.90 
2017/01/03 70.90 73.30 70.90 72.10 
2017/01/04 72.50 72.80 72.00 72.10 
2017/01/05 72.70 72.80 71.80 72.80 
2017/01/06 73.00 73.00 72.00 72.60 
2017/01/09 73.20 73.20 72.00 72.00 
2017/01/10 72.00 72.40 71.40 71.50 
2017/01/11 74.00 74.00 72.50 72.60 
2017/01/12 73.00 73.30 72.50 72.70 
2017/01/13 73.00 73.00 71.90 72.10 
2017/01/16 72.10 72.10 70.80 70.90 
2017/01/17 70.40 72.00 70.30 71.00 
2017/01/18 71.00 71.40 70.90 71.40 
2017/01/19 71.50 71.90 71.00 71.00 
2017/01/20 71.10 71.40 70.40 71.00 
2017/01/23 71.70 71.70 70.10 70.20 
2017/01/24 70.50 70.50 69.80 69.80 
2017/02/02 69.80 70.80 69.30 70.50 
2017/02/03 70.60 71.20 70.30 70.70 
2017/02/06 71.30 72.80 70.90 72.10 
2017/02/07 72.40 72.60 71.40 71.60 
2017/02/08 72.00 73.10 71.50 72.40 
