2016/07/01 68.00 68.20 66.90 66.90 
2016/07/04 67.00 67.00 65.80 66.30 
2016/07/05 66.60 67.20 66.20 66.90 
2016/07/06 66.90 67.80 65.90 66.00 
2016/07/07 66.30 66.60 65.80 65.80 
2016/07/11 67.20 67.20 66.20 66.30 
2016/07/12 67.00 69.50 67.00 68.10 
2016/07/13 68.10 68.30 66.80 67.40 
2016/07/14 67.50 68.00 67.30 67.60 
2016/07/15 68.20 69.30 67.70 67.80 
2016/07/18 68.40 68.90 67.90 68.00 
2016/07/19 68.30 71.00 67.00 70.80 
2016/07/20 70.50 74.20 70.50 71.10 
2016/07/21 72.30 73.50 71.00 71.10 
2016/07/22 71.60 72.30 70.50 70.70 
2016/07/25 71.80 73.80 71.30 72.90 
2016/07/26 73.10 73.40 71.80 72.90 
2016/07/27 73.50 75.00 73.10 73.60 
2016/07/28 73.90 74.00 72.60 73.90 
2016/07/29 73.90 74.10 71.60 72.00 
2016/08/01 72.50 72.90 70.80 71.50 
2016/08/02 71.80 72.40 71.20 71.30 
2016/08/03 71.30 73.80 71.10 72.50 
2016/08/04 73.20 73.30 71.70 72.80 
2016/08/05 72.80 75.50 72.80 73.80 
2016/08/08 75.50 75.90 74.00 74.70 
2016/08/09 74.60 74.60 71.60 72.10 
2016/08/10 72.10 73.30 72.10 72.10 
2016/08/11 72.60 73.00 71.30 72.50 
2016/08/12 73.00 73.00 71.80 72.00 
2016/08/15 72.30 72.30 70.70 71.20 
2016/08/16 71.40 71.50 69.40 69.70 
2016/08/17 70.00 70.20 68.00 68.70 
2016/08/18 68.60 69.00 68.00 69.00 
2016/08/19 69.30 69.30 68.00 68.10 
2016/08/22 67.30 67.80 66.30 67.40 
2016/08/23 67.80 68.80 67.50 68.80 
2016/08/24 68.70 68.90 67.00 67.00 
2016/08/25 67.00 67.50 66.50 66.90 
2016/08/26 66.20 67.70 66.20 66.60 
2016/08/29 66.60 67.30 66.10 67.00 
2016/08/30 67.00 67.30 66.70 66.90 
2016/08/31 67.00 67.00 65.80 66.60 
2016/09/01 66.50 67.00 65.80 66.40 
2016/09/02 66.40 66.40 63.20 63.50 
2016/09/05 64.50 65.20 64.00 65.00 
2016/09/06 65.00 65.80 64.60 65.80 
2016/09/07 65.80 67.00 65.80 66.70 
2016/09/08 67.20 68.50 66.80 67.30 
2016/09/09 67.00 67.10 66.20 66.60 
2016/09/10 66.00 67.00 65.80 66.20 
2016/09/12 65.80 65.80 65.00 65.00 
2016/09/13 65.50 65.60 63.80 64.20 
2016/09/14 64.00 64.40 63.40 63.40 
2016/09/19 64.10 65.20 64.10 65.00 
2016/09/20 65.40 65.40 64.50 64.60 
2016/09/21 64.90 65.00 64.30 64.60 
2016/09/22 64.70 64.90 64.10 64.10 
2016/09/23 65.00 67.40 65.00 66.50 
2016/09/26 66.80 67.20 65.50 67.20 
2016/09/29 67.40 68.20 66.30 66.70 
2016/09/30 66.50 67.20 66.20 66.40 
2016/10/03 67.50 67.50 66.60 66.60 
2016/10/04 66.70 67.50 66.60 67.00 
2016/10/05 67.00 67.20 66.50 66.60 
2016/10/06 65.40 65.40 64.80 65.30 
2016/10/07 65.30 65.40 63.90 64.50 
2016/10/11 64.50 64.50 62.60 63.80 
2016/10/12 63.10 64.00 63.10 63.20 
2016/10/13 63.20 63.20 62.30 63.00 
2016/10/14 63.50 64.70 62.50 62.50 
2016/10/17 62.80 62.90 61.80 62.30 
2016/10/18 62.30 62.90 62.00 62.30 
2016/10/19 62.80 64.30 62.80 63.30 
2016/10/20 63.10 63.50 63.00 63.10 
2016/10/21 63.20 64.20 63.20 63.20 
2016/10/24 63.20 63.60 62.70 62.80 
2016/10/25 63.00 63.90 63.00 63.20 
2016/10/26 63.60 63.60 63.00 63.00 
2016/10/27 63.30 63.30 62.50 62.70 
2016/10/28 63.50 63.50 62.10 62.10 
2016/10/31 62.20 64.40 62.00 63.40 
2016/11/01 63.00 63.10 62.50 62.70 
2016/11/02 62.50 62.60 61.70 61.90 
2016/11/03 61.80 62.40 58.10 60.80 
2016/11/04 60.90 61.40 60.60 60.90 
2016/11/07 61.40 61.50 60.30 60.70 
2016/11/08 61.00 61.50 60.60 61.20 
2016/11/09 61.20 61.90 59.00 59.10 
2016/11/10 60.40 61.10 60.00 60.30 
2016/11/11 60.20 60.20 59.00 59.50 
2016/11/14 59.50 60.30 59.10 59.50 
2016/11/15 59.60 60.20 59.30 59.80 
2016/11/16 60.10 60.40 59.90 60.30 
2016/11/17 60.00 60.70 59.60 60.00 
2016/11/18 60.00 60.90 59.90 60.20 
2016/11/21 60.20 61.00 60.00 60.80 
2016/11/22 61.10 63.50 60.70 62.80 
2016/11/23 62.80 63.80 62.00 62.10 
2016/11/24 62.90 62.90 61.90 62.00 
2016/11/25 62.20 62.80 62.10 62.60 
2016/11/28 62.20 62.80 62.00 62.00 
2016/11/29 62.00 62.40 62.00 62.10 
2016/11/30 62.40 62.80 62.00 62.80 
2016/12/01 63.00 63.20 62.40 62.40 
2016/12/02 62.20 62.20 61.90 61.90 
2016/12/05 61.90 62.60 61.90 62.10 
2016/12/06 62.30 62.50 62.00 62.20 
2016/12/07 62.20 62.60 61.60 62.10 
2016/12/08 62.50 62.50 61.70 62.10 
2016/12/09 62.40 62.40 61.30 61.80 
2016/12/12 61.80 62.60 61.50 62.10 
2016/12/13 62.30 62.40 61.50 62.30 
2016/12/14 62.50 63.00 62.10 62.20 
2016/12/15 62.20 64.10 62.20 64.00 
2016/12/16 64.00 66.20 63.00 64.80 
2016/12/19 64.70 65.50 64.30 64.40 
2016/12/20 65.00 65.20 64.00 64.20 
2016/12/21 64.80 66.30 64.50 64.50 
2016/12/22 65.20 65.20 63.60 63.60 
2016/12/23 64.10 64.80 64.00 64.10 
2016/12/26 63.70 64.00 63.70 63.70 
2016/12/27 63.70 64.30 63.10 63.40 
2016/12/28 63.30 64.40 63.30 63.60 
2016/12/29 63.40 63.90 63.20 63.40 
2016/12/30 63.70 63.80 63.30 63.50 
2017/01/03 64.20 64.20 63.70 63.80 
2017/01/04 64.30 64.40 64.00 64.00 
2017/01/05 64.50 64.50 64.00 64.00 
2017/01/06 64.20 64.30 64.00 64.00 
2017/01/09 64.60 65.80 64.20 64.70 
2017/01/10 64.70 64.80 64.20 64.70 
2017/01/11 65.60 65.80 64.70 65.10 
2017/01/12 65.70 67.40 64.90 67.30 
2017/01/13 67.10 68.20 66.60 66.70 
2017/01/16 66.30 67.80 66.10 66.20 
2017/01/17 66.20 66.90 65.60 66.00 
2017/01/18 66.00 68.20 66.00 66.60 
2017/01/19 66.90 67.10 64.90 64.90 
2017/01/20 65.80 65.80 64.00 64.00 
2017/01/23 64.00 64.60 63.30 63.30 
2017/01/24 63.50 63.70 63.10 63.40 
2017/02/02 63.70 63.80 62.70 63.10 
2017/02/03 63.10 63.60 62.20 62.50 
2017/02/06 63.10 64.30 63.10 63.50 
2017/02/07 63.60 64.00 63.10 63.80 
2017/02/08 64.30 64.30 63.20 63.70 
