2016/07/01 10.30 10.35 10.25 10.35 
2016/07/04 10.35 10.40 10.30 10.35 
2016/07/05 10.35 10.35 10.30 10.35 
2016/07/06 10.35 10.40 10.25 10.25 
2016/07/07 9.90 9.91 9.84 9.90 
2016/07/11 9.97 10.05 9.91 10.05 
2016/07/12 10.00 10.05 9.96 10.00 
2016/07/13 10.00 10.10 9.98 10.10 
2016/07/14 10.10 10.15 10.00 10.15 
2016/07/15 10.15 10.15 10.05 10.15 
2016/07/18 10.20 10.25 10.15 10.25 
2016/07/19 10.20 10.30 10.20 10.30 
2016/07/20 10.25 10.30 10.20 10.20 
2016/07/21 10.25 10.30 10.20 10.25 
2016/07/22 10.25 10.30 10.25 10.25 
2016/07/25 10.30 10.35 10.15 10.20 
2016/07/26 10.20 10.25 10.15 10.20 
2016/07/27 10.25 10.25 10.20 10.20 
2016/07/28 10.20 10.25 10.15 10.25 
2016/07/29 10.30 10.30 10.25 10.30 
2016/08/01 10.30 10.30 10.20 10.25 
2016/08/02 10.20 10.30 10.20 10.25 
2016/08/03 10.15 10.25 10.15 10.20 
2016/08/04 10.20 10.30 10.20 10.25 
2016/08/05 10.25 10.35 10.25 10.30 
2016/08/08 10.35 10.35 10.25 10.30 
2016/08/09 10.30 10.30 10.25 10.30 
2016/08/10 10.60 11.30 10.60 11.30 
2016/08/11 11.45 11.75 11.30 11.40 
2016/08/12 11.45 12.05 11.45 12.05 
2016/08/15 12.30 12.30 11.70 12.05 
2016/08/16 12.05 12.05 11.80 11.90 
2016/08/17 11.90 11.95 11.55 11.80 
2016/08/18 11.80 12.10 11.60 12.00 
2016/08/19 12.00 12.05 11.65 11.70 
2016/08/22 11.60 11.75 11.50 11.65 
2016/08/23 11.65 11.95 11.60 11.90 
2016/08/24 12.05 12.10 11.85 12.00 
2016/08/25 12.00 13.20 11.95 13.20 
2016/08/26 13.35 13.60 12.80 12.80 
2016/08/29 12.65 12.90 12.45 12.75 
2016/08/30 12.75 13.60 12.75 13.10 
2016/08/31 13.15 13.35 12.90 13.00 
2016/09/01 13.20 13.20 12.60 12.70 
2016/09/02 12.50 12.80 12.20 12.25 
2016/09/05 12.35 12.50 12.20 12.25 
2016/09/06 12.30 12.40 12.25 12.25 
2016/09/07 12.25 12.35 12.25 12.25 
2016/09/08 12.25 12.35 12.20 12.35 
2016/09/09 12.35 13.00 12.35 12.70 
2016/09/10 12.45 12.50 12.25 12.35 
2016/09/12 12.35 12.50 12.25 12.30 
2016/09/13 12.35 12.50 12.20 12.25 
2016/09/14 12.25 12.35 12.05 12.15 
2016/09/19 12.15 12.30 12.15 12.30 
2016/09/20 12.30 12.80 12.30 12.70 
2016/09/21 12.60 13.20 12.55 13.20 
2016/09/22 13.30 13.30 12.85 12.95 
2016/09/23 12.90 13.05 12.85 12.90 
2016/09/26 13.00 13.20 12.90 12.95 
2016/09/29 13.05 13.10 12.50 12.65 
2016/09/30 12.60 12.60 12.45 12.55 
2016/10/03 12.60 12.70 12.40 12.50 
2016/10/04 12.40 12.75 12.40 12.65 
2016/10/05 12.75 12.75 12.55 12.65 
2016/10/06 12.65 12.75 12.60 12.60 
2016/10/07 12.60 12.60 12.35 12.40 
2016/10/11 12.60 12.60 11.80 12.05 
2016/10/12 12.05 12.05 11.85 12.00 
2016/10/13 12.00 12.15 11.90 11.95 
2016/10/14 11.95 12.05 11.75 11.80 
2016/10/17 11.75 11.90 11.60 11.85 
2016/10/18 11.75 12.00 11.75 11.85 
2016/10/19 11.85 12.05 11.85 12.00 
2016/10/20 12.00 12.25 12.00 12.10 
2016/10/21 12.10 12.15 11.90 11.95 
2016/10/24 11.90 12.00 11.85 11.95 
2016/10/25 12.05 12.45 12.00 12.45 
2016/10/26 12.45 12.60 12.30 12.45 
2016/10/27 12.50 12.65 12.40 12.50 
2016/10/28 12.55 12.55 12.30 12.30 
2016/10/31 12.30 12.30 11.80 12.05 
2016/11/01 12.00 12.10 11.90 12.00 
2016/11/02 12.00 12.00 11.70 11.80 
2016/11/03 11.80 11.80 11.70 11.80 
2016/11/04 11.70 11.90 11.70 11.80 
2016/11/07 11.85 11.90 11.80 11.85 
2016/11/08 11.90 11.90 11.75 11.75 
2016/11/09 11.80 11.80 11.15 11.20 
2016/11/10 11.40 11.60 11.40 11.60 
2016/11/11 11.60 11.60 11.45 11.60 
2016/11/14 11.90 12.10 11.90 12.00 
2016/11/15 12.05 12.15 11.95 12.00 
2016/11/16 12.10 12.10 11.95 12.00 
2016/11/17 12.10 12.15 11.95 12.10 
2016/11/18 12.10 12.15 12.00 12.05 
2016/11/21 12.05 12.15 12.00 12.10 
2016/11/22 12.20 12.50 12.10 12.30 
2016/11/23 12.40 12.50 12.25 12.30 
2016/11/24 12.40 12.40 12.20 12.30 
2016/11/25 12.30 12.30 12.15 12.30 
2016/11/28 12.30 12.40 12.30 12.35 
2016/11/29 12.25 12.45 12.25 12.45 
2016/11/30 12.45 12.70 12.40 12.60 
2016/12/01 12.75 12.75 12.45 12.65 
2016/12/02 12.55 12.65 12.45 12.55 
2016/12/05 12.60 12.65 12.55 12.55 
2016/12/06 12.65 13.25 12.55 12.95 
2016/12/07 13.05 13.15 12.85 13.00 
2016/12/08 13.10 13.15 12.90 12.90 
2016/12/09 12.85 13.00 12.80 12.95 
2016/12/12 13.25 13.55 13.10 13.40 
2016/12/13 13.35 13.50 13.20 13.30 
2016/12/14 13.35 13.85 13.35 13.50 
2016/12/15 13.50 13.60 13.35 13.60 
2016/12/16 13.70 13.70 13.50 13.50 
2016/12/19 13.60 13.60 13.20 13.20 
2016/12/20 13.20 13.30 13.10 13.25 
2016/12/21 13.25 13.35 13.20 13.25 
2016/12/22 13.25 13.25 12.80 12.95 
2016/12/23 12.95 13.00 12.75 12.80 
2016/12/26 12.80 12.95 12.75 12.90 
2016/12/27 12.90 12.90 12.80 12.85 
2016/12/28 12.85 13.05 12.85 12.90 
2016/12/29 12.90 12.90 12.70 12.85 
2016/12/30 12.90 13.00 12.85 12.90 
2017/01/03 12.90 13.20 12.80 13.10 
2017/01/04 13.10 13.15 13.00 13.10 
2017/01/05 13.15 13.30 13.05 13.20 
2017/01/06 13.20 13.45 13.15 13.45 
2017/01/09 13.55 13.55 13.10 13.20 
2017/01/10 13.15 13.20 13.10 13.15 
2017/01/11 13.10 13.10 12.90 12.95 
2017/01/12 12.95 13.20 12.95 12.95 
2017/01/13 12.95 13.10 12.95 13.00 
2017/01/16 13.00 13.00 12.80 12.90 
2017/01/17 12.95 13.00 12.95 12.95 
2017/01/18 13.00 13.00 12.90 13.00 
2017/01/19 13.05 13.05 12.95 12.95 
2017/01/20 13.00 13.05 12.90 13.05 
2017/01/23 13.10 13.25 13.10 13.20 
2017/01/24 13.20 13.25 13.10 13.10 
2017/02/02 13.15 13.20 13.10 13.20 
2017/02/03 13.25 13.45 13.20 13.40 
2017/02/06 13.45 13.55 13.40 13.40 
2017/02/07 13.40 13.45 13.30 13.40 
2017/02/08 13.45 14.40 13.45 14.20 
