2016/07/01 36.20 36.35 35.60 35.80 
2016/07/04 35.60 35.65 35.10 35.40 
2016/07/05 35.40 35.75 35.40 35.60 
2016/07/06 35.60 36.20 35.20 36.10 
2016/07/07 36.40 36.90 36.30 36.90 
2016/07/11 37.65 37.65 36.70 36.70 
2016/07/12 37.00 37.05 36.30 36.40 
2016/07/13 36.35 36.60 35.95 36.45 
2016/07/14 36.50 36.65 36.25 36.35 
2016/07/15 36.45 37.25 36.35 36.95 
2016/07/18 36.00 36.00 35.55 35.55 
2016/07/19 35.20 35.50 35.10 35.10 
2016/07/20 35.10 35.30 34.80 35.05 
2016/07/21 35.30 35.30 35.00 35.05 
2016/07/22 35.10 36.30 35.10 36.10 
2016/07/25 37.15 37.15 36.15 36.35 
2016/07/26 36.35 36.35 35.55 35.70 
2016/07/27 35.90 36.05 35.20 35.20 
2016/07/28 35.30 35.50 34.60 34.70 
2016/07/29 34.70 35.15 34.65 34.80 
2016/08/01 35.30 35.35 35.00 35.15 
2016/08/02 35.00 35.00 34.55 34.75 
2016/08/03 34.50 34.55 34.30 34.30 
2016/08/04 34.45 34.60 34.25 34.25 
2016/08/05 34.30 34.45 34.00 34.00 
2016/08/08 34.20 34.50 34.00 34.05 
2016/08/09 34.05 34.40 33.55 33.85 
2016/08/10 34.40 34.55 34.15 34.15 
2016/08/11 34.20 34.40 33.75 33.80 
2016/08/12 34.00 34.20 33.75 33.95 
2016/08/15 33.80 33.80 33.10 33.35 
2016/08/16 33.40 34.70 33.40 34.40 
2016/08/17 34.40 34.55 33.85 33.95 
2016/08/18 34.40 34.80 34.35 34.55 
2016/08/19 34.80 34.85 34.05 34.40 
2016/08/22 34.40 34.45 33.75 34.00 
2016/08/23 34.00 34.10 33.55 33.75 
2016/08/24 33.80 33.90 33.40 33.40 
2016/08/25 33.35 33.85 33.35 33.80 
2016/08/26 33.85 34.00 33.45 33.70 
2016/08/29 33.70 34.35 33.70 33.80 
2016/08/30 34.05 34.20 33.80 33.80 
2016/08/31 33.80 34.15 33.50 34.00 
2016/09/01 34.00 34.05 33.80 33.80 
2016/09/02 33.70 33.75 33.20 33.40 
2016/09/05 33.50 33.80 33.50 33.75 
2016/09/06 33.90 34.30 33.70 34.00 
2016/09/07 33.80 33.85 33.60 33.65 
2016/09/08 33.65 34.00 33.55 33.65 
2016/09/09 33.85 33.90 33.60 33.60 
2016/09/10 33.20 33.55 33.20 33.55 
2016/09/12 33.55 34.10 33.45 33.45 
2016/09/13 33.70 33.80 33.10 33.10 
2016/09/14 33.20 33.35 32.60 32.75 
2016/09/19 32.65 32.80 32.45 32.45 
2016/09/20 32.45 32.45 31.70 31.75 
2016/09/21 31.80 32.55 31.80 32.40 
2016/09/22 32.40 32.95 32.00 32.85 
2016/09/23 32.95 32.95 32.35 32.50 
2016/09/26 32.40 32.75 32.25 32.65 
2016/09/29 32.80 33.05 32.50 32.75 
2016/09/30 32.55 32.90 32.30 32.80 
2016/10/03 33.05 33.30 32.95 33.00 
2016/10/04 32.90 33.80 32.90 33.60 
2016/10/05 33.50 33.80 33.50 33.55 
2016/10/06 33.70 34.70 33.70 34.60 
2016/10/07 34.50 34.65 33.90 34.20 
2016/10/11 34.50 34.55 33.05 33.65 
2016/10/12 33.60 33.90 33.25 33.65 
2016/10/13 33.85 34.15 33.70 33.75 
2016/10/14 33.55 33.90 32.90 33.00 
2016/10/17 33.00 33.60 32.90 33.60 
2016/10/18 33.55 33.55 33.10 33.25 
2016/10/19 33.55 34.35 33.40 34.10 
2016/10/20 34.00 34.50 34.00 34.35 
2016/10/21 34.35 34.45 33.95 34.05 
2016/10/24 34.00 34.05 33.55 33.80 
2016/10/25 33.65 34.00 33.60 33.65 
2016/10/26 33.65 34.50 33.60 34.30 
2016/10/27 34.50 34.50 33.90 33.95 
2016/10/28 34.20 34.20 33.75 33.80 
2016/10/31 33.80 34.20 33.80 34.00 
2016/11/01 34.00 34.10 33.80 33.80 
2016/11/02 33.80 34.05 33.05 33.10 
2016/11/03 33.20 33.45 32.80 32.80 
2016/11/04 32.80 33.15 32.50 32.85 
2016/11/07 33.00 33.40 32.80 32.90 
2016/11/08 33.15 33.25 32.80 33.25 
2016/11/09 32.35 32.40 29.95 29.95 
2016/11/10 30.25 30.35 29.50 30.15 
2016/11/11 29.50 29.50 28.20 28.45 
2016/11/14 28.00 28.50 27.40 28.50 
2016/11/15 28.00 28.60 28.00 28.50 
2016/11/16 28.85 29.10 28.65 29.05 
2016/11/17 29.05 29.05 27.85 28.25 
2016/11/18 28.10 28.45 28.05 28.40 
2016/11/21 28.20 28.35 28.15 28.25 
2016/11/22 28.30 28.65 28.00 28.10 
2016/11/23 28.25 28.70 28.05 28.10 
2016/11/24 28.25 28.60 28.20 28.20 
2016/11/25 28.50 29.10 28.35 29.00 
2016/11/28 29.55 29.75 29.00 29.00 
2016/11/29 29.00 29.50 29.00 29.00 
2016/11/30 29.00 29.15 28.30 29.00 
2016/12/01 29.30 29.65 29.15 29.15 
2016/12/02 29.15 29.15 28.75 28.75 
2016/12/05 28.75 29.05 28.75 28.90 
2016/12/06 30.20 30.85 29.90 29.90 
2016/12/07 30.00 30.10 29.60 29.75 
2016/12/08 30.40 30.70 30.25 30.45 
2016/12/09 30.70 30.75 30.40 30.40 
2016/12/12 30.50 30.65 30.15 30.25 
2016/12/13 30.35 30.40 30.15 30.35 
2016/12/14 30.40 33.15 30.35 32.90 
2016/12/15 32.10 32.95 32.05 32.40 
2016/12/16 32.40 34.25 32.20 33.55 
2016/12/19 33.55 34.20 32.50 32.60 
2016/12/20 32.95 34.70 32.60 34.15 
2016/12/21 33.85 34.20 33.35 33.80 
2016/12/22 33.95 34.00 32.85 33.15 
2016/12/23 33.50 33.65 32.90 33.15 
2016/12/26 33.70 34.20 33.20 33.35 
2016/12/27 33.70 33.80 33.05 33.10 
2016/12/28 33.20 34.10 33.20 33.50 
2016/12/29 33.35 33.55 33.00 33.10 
2016/12/30 33.35 34.00 33.35 33.40 
2017/01/03 33.65 33.70 33.10 33.45 
2017/01/04 33.70 34.85 33.60 33.80 
2017/01/05 33.85 34.25 33.65 34.20 
2017/01/06 34.20 34.40 34.00 34.40 
2017/01/09 35.10 35.50 34.10 34.15 
2017/01/10 34.40 34.40 33.70 33.80 
2017/01/11 34.05 34.15 33.40 33.45 
2017/01/12 33.85 34.30 33.70 33.70 
2017/01/13 33.80 34.45 33.55 34.15 
2017/01/16 34.30 34.55 34.00 34.30 
2017/01/17 34.50 34.60 34.00 34.00 
2017/01/18 34.00 34.75 33.90 34.35 
2017/01/19 35.20 37.75 35.20 37.75 
2017/01/20 39.00 39.70 38.00 38.10 
2017/01/23 39.25 39.80 38.75 39.50 
2017/01/24 39.20 41.20 38.80 39.80 
2017/02/02 41.00 43.75 41.00 43.75 
2017/02/03 45.40 46.50 44.60 44.80 
2017/02/06 44.75 45.60 43.85 44.45 
2017/02/07 44.45 46.65 44.45 44.85 
2017/02/08 45.70 46.40 44.80 45.90 
