2016/07/01 5.36 5.71 5.36 5.65 
2016/07/04 5.70 5.80 5.65 5.67 
2016/07/05 5.67 5.67 5.31 5.36 
2016/07/06 5.43 5.43 5.25 5.38 
2016/07/07 5.60 5.91 5.60 5.91 
2016/07/11 6.50 6.50 6.50 6.50 
2016/07/12 7.15 7.15 6.76 7.03 
2016/07/13 7.03 7.20 6.79 7.10 
2016/07/14 7.27 7.27 6.90 7.15 
2016/07/15 7.15 7.19 7.00 7.17 
2016/07/18 7.16 7.87 7.15 7.80 
2016/07/19 7.85 8.09 7.70 8.02 
2016/07/20 7.99 8.35 7.99 8.23 
2016/07/21 8.25 8.47 8.01 8.18 
2016/07/22 8.18 8.18 7.94 8.16 
2016/07/25 8.19 8.20 7.92 8.12 
2016/07/26 8.03 8.29 8.03 8.15 
2016/07/27 8.08 8.25 7.93 8.10 
2016/07/28 7.90 8.10 7.70 7.70 
2016/07/29 7.57 7.62 7.00 7.35 
2016/08/01 7.39 7.47 7.09 7.37 
2016/08/02 7.38 7.43 7.21 7.39 
2016/08/03 7.30 7.34 7.18 7.34 
2016/08/04 7.34 7.34 7.12 7.22 
2016/08/05 7.29 7.29 7.10 7.20 
2016/08/08 7.20 7.37 7.20 7.29 
2016/08/09 7.30 7.99 7.16 7.98 
2016/08/10 7.89 8.18 7.81 7.85 
2016/08/11 7.82 7.85 7.20 7.85 
2016/08/12 7.83 7.83 7.58 7.70 
2016/08/15 7.70 8.13 7.70 8.13 
2016/08/16 8.11 8.13 7.50 8.08 
2016/08/17 7.80 8.02 7.73 8.02 
2016/08/18 8.04 8.13 7.84 8.13 
2016/08/19 8.15 8.39 8.05 8.21 
2016/08/22 8.30 8.30 8.05 8.22 
2016/08/23 8.25 9.04 8.24 8.92 
2016/08/24 8.82 8.90 8.22 8.90 
2016/08/25 8.86 8.95 8.72 8.90 
2016/08/26 8.90 8.95 8.63 8.74 
2016/08/29 8.69 8.83 8.52 8.82 
2016/08/30 8.85 9.00 8.80 8.89 
2016/08/31 8.89 8.92 8.60 8.78 
2016/09/01 8.78 8.80 8.60 8.69 
2016/09/02 8.75 8.78 8.44 8.69 
2016/09/05 8.60 8.75 8.35 8.36 
2016/09/06 7.90 8.34 7.90 8.34 
2016/09/07 8.37 8.40 8.23 8.40 
2016/09/08 8.35 8.73 8.35 8.70 
2016/09/09 8.70 8.80 8.63 8.76 
2016/09/10 8.10 8.30 7.89 7.89 
2016/09/12 7.63 7.72 7.15 7.15 
2016/09/13 7.33 7.35 6.96 6.96 
2016/09/14 6.96 7.15 6.50 6.70 
2016/09/19 6.60 7.07 6.60 7.00 
2016/09/20 7.18 7.18 6.90 7.03 
2016/09/21 7.08 7.08 6.90 7.03 
2016/09/22 6.99 7.07 6.90 6.90 
2016/09/23 6.90 6.99 6.86 6.95 
2016/09/26 6.82 6.95 6.82 6.89 
2016/09/29 6.94 6.98 6.74 6.95 
2016/09/30 6.71 6.95 6.70 6.95 
2016/10/03 6.82 6.89 6.63 6.89 
2016/10/04 6.71 6.90 6.71 6.84 
2016/10/05 6.84 6.84 6.64 6.77 
2016/10/06 6.85 6.85 6.66 6.79 
2016/10/07 6.68 6.79 6.50 6.69 
2016/10/11 6.71 6.76 6.52 6.66 
2016/10/12 6.66 7.30 6.55 7.20 
2016/10/13 7.18 7.21 7.04 7.18 
2016/10/14 7.15 7.15 6.90 7.12 
2016/10/17 7.09 7.14 6.95 7.13 
2016/10/18 7.13 7.13 7.01 7.02 
2016/10/19 7.10 7.15 7.01 7.01 
2016/10/20 7.10 7.10 6.74 7.06 
2016/10/21 7.06 7.06 6.88 7.05 
2016/10/24 7.00 7.04 6.90 7.04 
2016/10/25 7.07 7.07 6.88 6.95 
2016/10/26 7.20 7.20 7.00 7.07 
2016/10/27 7.09 7.20 7.04 7.20 
2016/10/28 7.29 7.29 7.16 7.26 
2016/10/31 7.29 7.29 6.95 7.18 
2016/11/01 7.14 7.15 7.00 7.15 
2016/11/02 7.14 7.14 6.90 7.07 
2016/11/03 7.05 7.10 6.85 7.05 
2016/11/04 7.03 7.07 6.93 7.07 
2016/11/07 7.09 7.13 6.95 7.13 
2016/11/08 7.16 7.17 7.02 7.14 
2016/11/09 7.15 7.15 6.60 7.01 
2016/11/10 7.10 7.10 6.92 7.05 
2016/11/11 6.35 6.40 6.35 6.35 
2016/11/14 6.20 6.52 6.11 6.40 
2016/11/15 6.38 6.48 6.25 6.46 
2016/11/16 6.47 6.54 6.31 6.46 
2016/11/17 6.48 6.48 6.40 6.48 
2016/11/18 6.40 6.49 6.35 6.49 
2016/11/21 6.41 6.48 6.36 6.48 
2016/11/22 6.44 6.45 6.35 6.44 
2016/11/23 6.34 6.39 6.01 6.25 
2016/11/24 6.24 6.40 6.15 6.29 
2016/11/25 6.29 6.40 6.23 6.40 
2016/11/28 6.40 6.55 6.38 6.54 
2016/11/29 6.51 6.81 6.47 6.80 
2016/11/30 6.80 6.90 6.75 6.89 
2016/12/01 6.89 7.05 6.70 7.05 
2016/12/02 7.03 7.05 6.90 7.02 
2016/12/05 7.04 7.10 6.80 7.00 
2016/12/06 6.96 7.00 6.80 6.98 
2016/12/07 6.99 7.08 6.91 7.00 
2016/12/08 7.00 7.04 6.85 6.99 
2016/12/09 6.99 6.99 6.85 6.94 
2016/12/12 6.96 6.97 6.80 6.89 
2016/12/13 6.88 6.88 6.70 6.88 
2016/12/14 6.92 6.96 6.86 6.91 
2016/12/15 6.94 6.94 6.79 6.88 
2016/12/16 6.88 6.91 6.78 6.84 
2016/12/19 6.59 6.75 6.55 6.55 
2016/12/20 6.53 6.68 6.53 6.67 
2016/12/21 6.67 6.72 6.60 6.72 
2016/12/22 6.70 6.70 6.53 6.66 
2016/12/23 6.59 6.68 6.50 6.66 
2016/12/26 6.52 6.60 6.50 6.54 
2016/12/27 6.64 6.64 6.46 6.50 
2016/12/28 6.57 6.59 6.50 6.59 
2016/12/29 6.59 6.61 6.41 6.59 
2016/12/30 6.57 6.58 6.42 6.54 
2017/01/03 6.54 6.55 6.48 6.55 
2017/01/04 6.58 6.62 6.35 6.56 
2017/01/05 6.54 6.56 6.40 6.46 
2017/01/06 6.48 6.56 6.40 6.49 
2017/01/09 6.54 6.57 6.49 6.57 
2017/01/10 6.60 6.60 6.47 6.50 
2017/01/11 6.42 6.42 6.05 6.12 
2017/01/12 6.13 6.18 6.08 6.16 
2017/01/13 6.21 6.21 6.16 6.21 
2017/01/16 6.29 6.29 6.18 6.23 
2017/01/17 6.28 6.32 6.21 6.31 
2017/01/18 6.34 6.69 6.33 6.69 
2017/01/19 6.72 6.72 6.48 6.48 
2017/01/20 6.56 6.62 6.41 6.56 
2017/01/23 6.56 6.57 6.37 6.53 
2017/01/24 6.40 6.50 6.35 6.49 
2017/02/02 6.40 6.56 6.38 6.56 
2017/02/03 6.59 6.59 6.45 6.54 
2017/02/06 6.54 6.54 6.31 6.48 
2017/02/07 6.45 6.47 6.30 6.46 
2017/02/08 6.47 6.50 6.40 6.47 
