2016/07/01 6.09 6.24 6.00 6.10 
2016/07/04 6.10 6.23 5.95 5.99 
2016/07/05 6.01 6.17 5.98 6.09 
2016/07/06 6.14 6.26 6.00 6.19 
2016/07/07 6.20 6.78 6.14 6.75 
2016/07/11 6.86 6.90 6.57 6.82 
2016/07/12 7.03 7.03 6.65 6.65 
2016/07/13 6.85 6.95 6.60 6.70 
2016/07/14 6.80 6.80 6.50 6.75 
2016/07/15 6.74 6.74 6.51 6.70 
2016/07/18 6.68 6.95 6.57 6.73 
2016/07/19 6.80 6.88 6.62 6.65 
2016/07/20 6.65 6.79 6.62 6.73 
2016/07/21 6.91 6.91 6.53 6.57 
2016/07/22 6.65 6.65 6.46 6.59 
2016/07/25 6.58 6.69 6.50 6.55 
2016/07/26 6.55 6.59 6.43 6.48 
2016/07/27 6.45 6.60 6.45 6.53 
2016/07/28 6.53 6.66 6.42 6.53 
2016/07/29 6.57 6.57 6.43 6.43 
2016/08/01 6.50 6.60 6.38 6.42 
2016/08/02 6.40 6.64 6.40 6.59 
2016/08/03 6.57 6.63 6.44 6.53 
2016/08/04 6.53 6.57 6.46 6.53 
2016/08/05 6.49 6.57 6.45 6.45 
2016/08/08 6.60 6.60 6.43 6.48 
2016/08/09 6.49 6.60 6.40 6.45 
2016/08/10 6.59 6.68 6.50 6.61 
2016/08/11 6.64 6.64 6.45 6.52 
2016/08/12 6.60 6.61 6.41 6.46 
2016/08/15 6.53 6.55 6.46 6.50 
2016/08/16 6.46 6.59 6.46 6.53 
2016/08/17 6.51 6.51 6.40 6.47 
2016/08/18 6.47 6.47 6.40 6.44 
2016/08/19 6.41 6.41 6.39 6.39 
2016/08/22 6.36 6.40 6.18 6.28 
2016/08/23 6.28 6.33 6.22 6.23 
2016/08/24 6.23 6.31 6.23 6.30 
2016/08/25 6.28 6.35 6.25 6.30 
2016/08/26 6.35 6.54 6.31 6.40 
2016/08/29 6.56 6.56 6.36 6.37 
2016/08/30 6.37 6.47 6.37 6.38 
2016/08/31 6.38 6.70 6.36 6.60 
2016/09/01 6.70 6.82 6.62 6.74 
2016/09/02 6.78 6.80 6.58 6.78 
2016/09/05 6.77 6.77 6.60 6.60 
2016/09/06 6.51 6.70 6.51 6.59 
2016/09/07 6.53 6.70 6.53 6.67 
2016/09/08 6.61 6.71 6.61 6.66 
2016/09/09 6.66 6.80 6.66 6.70 
2016/09/10 6.70 6.75 6.51 6.75 
2016/09/12 6.75 6.82 6.66 6.66 
2016/09/13 6.64 6.73 6.56 6.61 
2016/09/14 6.55 6.72 6.55 6.62 
2016/09/19 6.95 6.95 6.64 6.90 
2016/09/20 6.90 7.17 6.84 7.04 
2016/09/21 7.09 7.15 6.88 7.02 
2016/09/22 7.09 7.09 6.91 6.99 
2016/09/23 6.99 6.99 6.86 6.90 
2016/09/26 6.90 6.96 6.85 6.94 
2016/09/29 7.00 7.07 6.90 6.90 
2016/09/30 6.93 6.93 6.81 6.93 
2016/10/03 6.95 6.98 6.89 6.97 
2016/10/04 6.92 6.99 6.77 6.83 
2016/10/05 6.87 6.87 6.75 6.77 
2016/10/06 6.84 6.86 6.77 6.84 
2016/10/07 6.89 6.89 6.79 6.84 
2016/10/11 6.89 6.89 6.72 6.77 
2016/10/12 6.74 6.83 6.72 6.77 
2016/10/13 6.71 6.76 6.58 6.66 
2016/10/14 6.56 6.72 6.50 6.58 
2016/10/17 6.50 6.64 6.50 6.50 
2016/10/18 6.50 6.59 6.40 6.40 
2016/10/19 6.45 6.60 6.43 6.45 
2016/10/20 6.58 6.58 6.21 6.45 
2016/10/21 6.43 6.48 6.41 6.47 
2016/10/24 6.56 6.68 6.47 6.68 
2016/10/25 6.75 6.82 6.47 6.47 
2016/10/26 6.57 6.57 6.42 6.55 
2016/10/27 6.54 6.69 6.54 6.61 
2016/10/28 6.74 6.78 6.63 6.73 
2016/10/31 6.90 6.90 6.53 6.53 
2016/11/01 6.53 6.55 6.42 6.45 
2016/11/02 6.39 6.49 6.24 6.25 
2016/11/03 6.28 6.35 6.22 6.22 
2016/11/04 6.27 6.27 6.13 6.19 
2016/11/07 6.36 6.36 6.21 6.21 
2016/11/08 6.34 6.34 6.15 6.16 
2016/11/09 6.33 6.33 6.00 6.10 
2016/11/10 6.31 6.59 6.31 6.55 
2016/11/11 6.50 6.63 6.50 6.60 
2016/11/14 6.69 6.73 6.60 6.73 
2016/11/15 6.73 6.76 6.65 6.70 
2016/11/16 6.73 6.80 6.68 6.68 
2016/11/17 6.75 7.18 6.70 7.05 
2016/11/18 7.19 7.75 6.95 7.44 
2016/11/21 7.48 7.82 7.48 7.76 
2016/11/22 7.96 7.96 7.63 7.70 
2016/11/23 7.70 7.78 7.47 7.51 
2016/11/24 7.51 7.60 7.45 7.48 
2016/11/25 7.51 7.56 7.41 7.42 
2016/11/28 7.40 7.51 7.36 7.38 
2016/11/29 7.38 7.65 7.38 7.57 
2016/11/30 7.58 7.58 7.40 7.41 
2016/12/01 7.49 7.74 7.38 7.65 
2016/12/02 7.60 8.28 7.60 8.23 
2016/12/05 8.40 8.80 8.33 8.33 
2016/12/06 8.40 8.65 8.06 8.13 
2016/12/07 8.13 8.45 8.11 8.34 
2016/12/08 8.35 9.17 8.35 8.75 
2016/12/09 8.75 9.13 8.75 8.80 
2016/12/12 8.73 8.86 8.36 8.36 
2016/12/13 8.45 8.75 8.41 8.58 
2016/12/14 8.66 8.85 8.61 8.67 
2016/12/15 8.67 8.72 8.49 8.56 
2016/12/16 8.60 8.68 8.40 8.45 
2016/12/19 8.42 8.49 8.25 8.27 
2016/12/20 8.20 8.34 8.20 8.25 
2016/12/21 8.25 8.38 8.24 8.30 
2016/12/22 8.40 8.40 8.25 8.27 
2016/12/23 8.26 8.58 8.25 8.47 
2016/12/26 8.61 9.29 8.55 9.29 
2016/12/27 9.42 9.57 8.77 8.80 
2016/12/28 8.85 9.19 8.83 8.99 
2016/12/29 9.00 9.38 8.99 9.29 
2016/12/30 9.39 9.75 9.28 9.32 
2017/01/03 9.30 9.56 9.17 9.23 
2017/01/04 9.23 9.42 9.23 9.25 
2017/01/05 9.37 9.38 9.25 9.25 
2017/01/06 9.30 9.30 9.01 9.12 
2017/01/09 9.13 9.33 9.10 9.13 
2017/01/10 9.28 9.29 9.01 9.13 
2017/01/11 9.22 9.33 9.07 9.08 
2017/01/12 9.14 9.19 9.08 9.14 
2017/01/13 9.13 9.24 9.08 9.08 
2017/01/16 9.10 9.19 8.99 9.03 
2017/01/17 9.10 9.16 9.04 9.09 
2017/01/18 9.06 9.35 9.05 9.30 
2017/01/19 9.30 9.33 9.15 9.16 
2017/01/20 9.20 9.23 9.12 9.12 
2017/01/23 9.07 9.15 9.05 9.05 
2017/01/24 9.05 9.13 8.91 8.91 
2017/02/02 8.92 8.97 8.48 8.57 
2017/02/03 8.57 8.80 8.57 8.79 
2017/02/06 8.85 9.00 8.79 8.91 
2017/02/07 8.98 8.98 8.80 8.82 
2017/02/08 8.68 8.86 8.68 8.70 
