2016/07/01 43.25 43.65 43.10 43.60 
2016/07/04 43.60 44.15 43.50 44.15 
2016/07/05 44.15 44.15 43.70 43.80 
2016/07/06 43.50 43.50 43.35 43.50 
2016/07/07 43.50 43.95 43.15 43.20 
2016/07/11 43.15 43.25 42.90 42.95 
2016/07/12 42.95 42.95 42.50 42.50 
2016/07/13 42.50 42.50 42.00 42.10 
2016/07/14 42.10 42.70 42.10 42.60 
2016/07/15 42.10 43.00 42.10 43.00 
2016/07/18 43.00 43.00 42.60 42.85 
2016/07/19 42.85 43.00 42.85 42.90 
2016/07/20 42.55 42.70 42.55 42.60 
2016/07/21 42.90 43.00 42.80 43.00 
2016/07/22 43.00 43.00 42.75 42.75 
2016/07/25 42.75 42.95 42.60 42.60 
2016/07/26 42.60 42.60 42.50 42.60 
2016/07/27 42.60 42.65 42.40 42.40 
2016/07/28 42.40 42.90 42.40 42.55 
2016/07/29 42.80 45.70 42.80 45.25 
2016/08/01 45.25 45.30 44.50 45.00 
2016/08/02 45.00 45.20 45.00 45.10 
2016/08/03 45.00 49.15 45.00 48.00 
2016/08/04 48.00 48.00 47.10 47.45 
2016/08/05 47.45 47.60 47.40 47.40 
2016/08/08 47.50 48.15 47.50 47.80 
2016/08/09 48.00 48.00 47.40 47.70 
2016/08/10 47.70 47.70 47.30 47.30 
2016/08/11 47.00 47.00 45.00 46.10 
2016/08/12 46.10 46.50 46.00 46.20 
2016/08/15 42.70 42.70 41.70 42.05 
2016/08/16 42.30 42.30 41.55 42.00 
2016/08/17 42.00 42.25 41.70 42.05 
2016/08/18 42.00 42.05 41.70 42.00 
2016/08/19 42.00 42.00 41.75 42.00 
2016/08/22 42.00 42.00 41.90 42.00 
2016/08/23 42.00 42.00 41.65 42.00 
2016/08/24 41.90 42.00 41.70 42.00 
2016/08/25 42.00 42.30 41.70 42.30 
2016/08/26 42.05 42.05 42.00 42.00 
2016/08/29 42.00 42.05 42.00 42.00 
2016/08/30 42.00 42.45 42.00 42.45 
2016/08/31 42.00 42.05 41.95 42.05 
2016/09/01 42.00 42.10 41.95 42.00 
2016/09/02 42.00 42.30 41.80 42.30 
2016/09/05 42.90 42.90 42.00 42.00 
2016/09/06 42.05 42.20 42.05 42.20 
2016/09/07 42.40 42.40 42.00 42.10 
2016/09/08 42.20 42.40 42.10 42.15 
2016/09/09 42.15 42.15 42.00 42.00 
2016/09/10 41.90 42.00 41.90 42.00 
2016/09/12 42.00 42.05 42.00 42.00 
2016/09/13 42.00 42.10 42.00 42.00 
2016/09/14 42.00 42.00 41.80 42.00 
2016/09/19 41.70 42.00 41.70 42.00 
2016/09/20 42.00 42.00 42.00 42.00 
2016/09/21 42.05 42.05 42.00 42.00 
2016/09/22 42.00 42.05 42.00 42.00 
2016/09/23 42.30 42.30 42.00 42.00 
2016/09/26 42.00 42.00 41.80 42.00 
2016/09/29 42.00 42.00 41.80 42.00 
2016/09/30 42.00 42.00 42.00 42.00 
2016/10/03 42.00 42.00 42.00 42.00 
2016/10/04 42.00 42.00 42.00 42.00 
2016/10/05 42.00 42.00 41.90 41.90 
2016/10/06 42.00 42.40 40.55 42.00 
2016/10/07 42.00 42.00 41.30 42.00 
2016/10/11 42.00 42.10 41.80 42.10 
2016/10/12 41.85 42.00 41.80 42.00 
2016/10/13 42.00 42.05 41.30 42.05 
2016/10/14 42.00 42.00 41.50 41.70 
2016/10/17 41.90 42.00 41.70 42.00 
2016/10/18 42.00 42.00 42.00 42.00 
2016/10/19 42.00 42.00 41.75 42.00 
2016/10/20 42.00 42.10 41.90 42.10 
2016/10/21 42.00 42.00 41.50 42.00 
2016/10/24 42.00 42.00 42.00 42.00 
2016/10/25 42.05 42.15 42.05 42.15 
2016/10/26 42.15 42.15 41.90 42.00 
2016/10/27 42.00 42.00 41.50 42.00 
2016/10/28 42.00 42.00 41.70 42.00 
2016/10/31 42.00 42.00 42.00 42.00 
2016/11/01 41.95 42.00 41.95 42.00 
2016/11/02 42.50 42.60 42.00 42.00 
2016/11/03 41.75 42.00 41.75 42.00 
2016/11/04 42.00 42.00 42.00 42.00 
2016/11/07 42.00 42.00 41.70 42.00 
2016/11/08 42.00 42.00 42.00 42.00 
2016/11/09 42.00 42.00 41.70 42.00 
2016/11/10 42.00 42.00 42.00 42.00 
2016/11/11 42.00 42.00 41.70 42.00 
2016/11/14 42.00 42.00 41.80 42.00 
2016/11/15 42.00 42.00 41.80 42.00 
2016/11/16 42.00 42.20 41.75 42.00 
2016/11/17 42.00 42.00 41.80 41.80 
2016/11/18 42.00 42.15 42.00 42.00 
2016/11/21 42.00 42.00 42.00 42.00 
2016/11/22 42.00 42.00 41.70 42.00 
2016/11/23 42.00 42.00 41.85 42.00 
2016/11/24 42.00 42.00 42.00 42.00 
2016/11/25 42.00 42.00 41.70 42.00 
2016/11/28 42.00 42.00 42.00 42.00 
2016/11/29 42.00 42.00 41.70 42.00 
2016/11/30 42.00 42.20 41.80 41.80 
2016/12/01 42.00 42.50 42.00 42.00 
2016/12/02 42.40 42.90 42.00 42.30 
2016/12/05 42.30 42.70 42.05 42.65 
2016/12/06 42.50 43.50 42.50 43.50 
2016/12/07 43.50 44.50 43.50 43.80 
2016/12/08 44.00 45.00 44.00 44.95 
2016/12/09 45.00 45.50 44.75 45.40 
2016/12/12 45.40 46.00 45.20 45.90 
2016/12/13 46.00 47.00 46.00 46.95 
2016/12/14 47.00 48.10 46.30 47.45 
2016/12/15 46.30 47.90 46.30 47.90 
2016/12/16 47.50 48.00 47.20 47.90 
2016/12/19 47.90 48.10 47.80 48.00 
2016/12/20 47.70 48.15 47.60 48.15 
2016/12/21 47.80 48.00 47.50 47.80 
2016/12/22 47.50 47.50 46.60 46.60 
2016/12/23 46.60 46.60 45.70 45.70 
2016/12/26 45.60 45.65 44.50 44.50 
2016/12/27 44.20 44.85 44.15 44.85 
2016/12/28 44.20 44.30 44.20 44.25 
2016/12/29 44.20 44.55 44.20 44.55 
2016/12/30 44.20 44.95 44.20 44.95 
2017/01/03 44.40 44.40 43.70 43.70 
2017/01/04 43.20 43.20 43.00 43.10 
2017/01/05 42.60 42.70 42.00 42.00 
2017/01/06 42.00 42.00 40.95 41.00 
2017/01/09 40.60 40.60 40.30 40.35 
2017/01/10 40.35 41.00 40.35 40.50 
2017/01/11 40.50 40.50 40.25 40.25 
2017/01/12 40.25 41.00 40.25 41.00 
2017/01/13 41.00 41.40 41.00 41.30 
2017/01/16 41.30 41.30 41.00 41.00 
2017/01/17 41.00 41.30 41.00 41.10 
2017/01/18 41.00 41.00 40.70 40.80 
2017/01/19 40.80 40.80 40.30 40.30 
2017/01/20 40.30 40.50 40.00 40.15 
2017/01/23 40.40 40.40 39.90 39.90 
2017/01/24 39.90 40.00 39.90 39.90 
2017/02/02 39.90 39.90 39.75 39.75 
2017/02/03 39.75 39.75 39.00 39.30 
2017/02/06 39.30 39.45 39.10 39.40 
2017/02/07 39.40 39.40 39.00 39.00 
2017/02/08 39.00 39.50 39.00 39.05 
