2016/07/01 65.00 66.10 64.30 64.60 
2016/07/04 64.90 65.00 64.20 64.30 
2016/07/05 64.50 64.80 63.30 63.50 
2016/07/06 62.70 62.90 61.90 62.50 
2016/07/07 59.00 59.50 58.30 58.80 
2016/07/11 59.00 59.40 58.20 58.20 
2016/07/12 58.20 58.80 58.10 58.30 
2016/07/13 58.30 60.40 58.20 59.60 
2016/07/14 59.80 60.80 59.50 59.60 
2016/07/15 59.80 60.40 59.10 59.30 
2016/07/18 59.30 60.40 59.00 59.70 
2016/07/19 59.70 60.30 59.30 59.30 
2016/07/20 59.30 59.80 59.00 59.00 
2016/07/21 58.70 59.40 58.50 58.70 
2016/07/22 58.70 58.70 56.80 58.50 
2016/07/25 58.30 59.20 56.90 57.10 
2016/07/26 56.80 57.10 56.10 56.60 
2016/07/27 56.90 57.50 55.90 56.20 
2016/07/28 56.00 56.40 54.60 54.60 
2016/07/29 54.50 55.30 54.10 54.70 
2016/08/01 55.00 57.50 55.00 57.50 
2016/08/02 57.30 58.50 56.90 58.40 
2016/08/03 58.00 59.00 57.40 57.90 
2016/08/04 58.20 58.30 57.20 58.10 
2016/08/05 58.00 58.20 57.20 57.50 
2016/08/08 57.00 57.60 56.30 56.50 
2016/08/09 56.50 57.60 56.50 57.60 
2016/08/10 57.70 59.40 57.70 58.50 
2016/08/11 58.40 58.80 57.30 58.40 
2016/08/12 58.80 60.00 58.50 59.30 
2016/08/15 59.80 59.80 58.20 58.40 
2016/08/16 58.60 58.90 57.50 57.60 
2016/08/17 57.60 57.80 56.40 56.50 
2016/08/18 56.50 57.10 56.30 56.90 
2016/08/19 57.30 57.30 55.40 55.70 
2016/08/22 55.50 55.90 54.60 55.30 
2016/08/23 55.10 55.60 54.80 55.60 
2016/08/24 56.40 56.40 55.00 55.00 
2016/08/25 55.10 55.50 54.80 55.40 
2016/08/26 55.40 55.90 55.10 55.40 
2016/08/29 55.40 57.30 55.40 56.50 
2016/08/30 56.20 56.60 55.90 55.90 
2016/08/31 55.70 56.10 55.10 55.50 
2016/09/01 55.50 55.60 54.60 54.60 
2016/09/02 54.30 54.40 49.15 49.15 
2016/09/05 48.90 50.00 48.50 49.80 
2016/09/06 49.80 49.95 49.10 49.20 
2016/09/07 48.50 51.20 48.50 50.80 
2016/09/08 50.90 51.30 50.30 50.30 
2016/09/09 49.70 49.80 49.00 49.35 
2016/09/10 48.50 49.30 48.05 49.30 
2016/09/12 49.50 50.00 49.20 49.30 
2016/09/13 49.50 49.65 45.10 45.50 
2016/09/14 45.35 45.35 42.15 43.90 
2016/09/19 45.25 47.35 44.40 46.65 
2016/09/20 47.10 47.15 46.10 46.85 
2016/09/21 46.85 48.90 46.80 48.30 
2016/09/22 48.50 48.60 47.35 47.80 
2016/09/23 47.75 47.75 46.30 47.25 
2016/09/26 46.50 48.00 46.50 47.65 
2016/09/29 47.90 48.20 47.15 47.20 
2016/09/30 47.00 47.00 46.25 47.00 
2016/10/03 47.30 48.60 47.10 48.00 
2016/10/04 48.00 48.00 47.20 47.50 
2016/10/05 46.20 46.85 45.35 46.15 
2016/10/06 46.00 47.05 45.90 46.80 
2016/10/07 46.80 46.95 46.00 46.20 
2016/10/11 46.30 46.35 43.20 43.80 
2016/10/12 43.05 45.90 43.05 45.40 
2016/10/13 45.00 45.10 44.55 44.70 
2016/10/14 44.90 44.90 43.20 43.35 
2016/10/17 43.25 43.90 41.50 43.90 
2016/10/18 43.90 44.10 43.20 43.20 
2016/10/19 43.70 44.80 43.70 43.70 
2016/10/20 44.00 44.15 43.50 43.90 
2016/10/21 44.00 44.75 44.00 44.25 
2016/10/24 44.45 44.50 43.85 43.90 
2016/10/25 44.40 44.95 44.20 44.35 
2016/10/26 44.55 44.75 44.30 44.45 
2016/10/27 44.70 46.70 44.60 46.30 
2016/10/28 46.90 47.65 46.30 46.70 
2016/10/31 47.10 47.10 45.80 46.60 
2016/11/01 46.70 47.75 46.70 46.80 
2016/11/02 46.60 46.60 45.60 45.80 
2016/11/03 46.65 47.45 46.30 47.20 
2016/11/04 47.35 47.80 46.85 47.20 
2016/11/07 47.60 47.70 47.20 47.40 
2016/11/08 47.60 47.60 46.35 46.70 
2016/11/09 46.75 47.40 43.60 43.60 
2016/11/10 45.10 45.45 44.65 45.45 
2016/11/11 44.60 45.20 43.80 44.40 
2016/11/14 43.65 44.50 43.65 44.15 
2016/11/15 44.05 44.70 43.95 44.05 
2016/11/16 44.90 45.90 44.70 45.70 
2016/11/17 46.85 50.20 46.50 50.20 
2016/11/18 51.00 52.50 50.30 51.60 
2016/11/21 52.00 53.10 50.90 52.60 
2016/11/22 53.40 54.70 53.30 54.00 
2016/11/23 54.00 54.40 52.90 53.90 
2016/11/24 54.20 55.50 54.00 54.60 
2016/11/25 55.20 55.30 53.30 54.10 
2016/11/28 54.30 54.40 53.50 53.70 
2016/11/29 53.70 54.30 53.60 53.90 
2016/11/30 54.30 58.30 54.30 57.10 
2016/12/01 56.30 56.80 55.80 56.50 
2016/12/02 56.70 58.10 55.60 58.10 
2016/12/05 57.30 58.30 57.20 57.50 
2016/12/06 58.20 58.60 57.30 57.50 
2016/12/07 58.00 58.10 56.10 56.40 
2016/12/08 57.00 57.20 56.20 56.40 
2016/12/09 56.90 57.80 56.50 56.60 
2016/12/12 57.10 57.10 54.00 55.00 
2016/12/13 55.10 56.00 54.50 55.60 
2016/12/14 55.70 55.90 54.60 54.80 
2016/12/15 55.00 55.90 54.80 55.80 
2016/12/16 56.60 58.20 56.50 56.50 
2016/12/19 56.20 56.70 55.50 55.60 
2016/12/20 55.60 56.10 55.00 55.10 
2016/12/21 55.20 55.70 54.60 54.70 
2016/12/22 54.50 54.70 54.00 54.10 
2016/12/23 54.10 54.60 53.70 53.70 
2016/12/26 54.10 54.30 53.60 54.20 
2016/12/27 54.20 54.20 53.40 53.40 
2016/12/28 53.90 54.50 53.60 54.50 
2016/12/29 54.20 56.20 54.20 55.70 
2016/12/30 55.60 56.70 55.30 56.40 
2017/01/03 57.20 57.20 56.20 56.60 
2017/01/04 57.00 59.40 56.70 58.50 
2017/01/05 58.50 58.50 57.20 58.30 
2017/01/06 62.50 62.50 58.80 59.30 
2017/01/09 59.40 59.90 57.50 58.30 
2017/01/10 58.80 58.90 57.70 58.00 
2017/01/11 58.50 58.50 57.40 57.40 
2017/01/12 57.90 59.40 57.60 57.70 
2017/01/13 57.80 58.80 57.50 57.70 
2017/01/16 57.70 57.70 55.90 55.90 
2017/01/17 56.00 56.50 55.90 56.20 
2017/01/18 56.60 57.50 56.30 57.00 
2017/01/19 57.10 57.10 56.00 56.60 
2017/01/20 56.90 59.30 56.90 58.60 
2017/01/23 58.90 60.50 58.10 59.70 
2017/01/24 60.30 60.80 59.20 60.30 
2017/02/02 61.10 61.90 59.50 59.50 
2017/02/03 59.10 59.60 58.00 58.20 
2017/02/06 56.20 57.50 55.60 57.00 
2017/02/07 57.00 60.50 56.80 59.60 
2017/02/08 59.50 60.30 58.80 59.80 
