2016/07/01 5.67 5.71 5.52 5.52 
2016/07/04 5.45 5.91 5.45 5.81 
2016/07/05 5.85 5.89 5.61 5.72 
2016/07/06 5.74 5.84 5.65 5.70 
2016/07/07 5.70 5.75 5.66 5.70 
2016/07/11 5.66 5.84 5.66 5.80 
2016/07/12 5.79 5.94 5.75 5.94 
2016/07/13 5.92 6.02 5.92 5.94 
2016/07/14 5.97 6.00 5.95 5.95 
2016/07/15 5.96 5.98 5.86 5.86 
2016/07/18 5.85 5.92 5.82 5.92 
2016/07/19 5.93 6.32 5.89 6.22 
2016/07/20 6.29 6.29 6.13 6.21 
2016/07/21 6.26 6.37 6.16 6.18 
2016/07/22 6.15 6.22 6.15 6.15 
2016/07/25 6.18 6.22 6.13 6.14 
2016/07/26 6.15 6.65 6.15 6.53 
2016/07/27 6.54 6.55 6.33 6.35 
2016/07/28 6.36 6.49 6.31 6.35 
2016/07/29 6.35 6.35 6.24 6.30 
2016/08/01 6.36 6.44 6.25 6.32 
2016/08/02 6.35 6.38 6.32 6.38 
2016/08/03 6.30 6.38 6.23 6.38 
2016/08/04 6.38 6.39 6.32 6.38 
2016/08/05 6.45 6.45 6.33 6.33 
2016/08/08 6.33 6.33 6.25 6.25 
2016/08/09 6.28 6.30 6.21 6.21 
2016/08/10 6.23 6.30 6.15 6.15 
2016/08/11 6.11 6.18 6.11 6.18 
2016/08/12 6.12 6.14 6.02 6.13 
2016/08/15 6.23 6.64 6.23 6.53 
2016/08/16 6.57 7.18 6.57 7.18 
2016/08/17 7.30 7.76 7.22 7.69 
2016/08/18 7.75 8.19 7.75 8.18 
2016/08/19 8.39 8.55 7.58 7.70 
2016/08/22 7.72 8.47 7.72 8.47 
2016/08/23 8.70 9.31 8.65 9.31 
2016/08/24 9.36 9.60 8.76 8.76 
2016/08/25 8.85 9.05 8.59 8.73 
2016/08/26 8.81 8.90 8.25 8.36 
2016/08/29 8.45 8.60 8.32 8.47 
2016/08/30 8.51 8.57 8.25 8.31 
2016/08/31 8.43 8.43 7.98 8.06 
2016/09/01 7.96 8.06 7.80 7.80 
2016/09/02 7.79 8.25 7.79 7.90 
2016/09/05 7.87 8.20 7.86 8.00 
2016/09/06 7.96 8.30 7.96 8.30 
2016/09/07 8.05 8.30 8.05 8.10 
2016/09/08 8.09 8.24 8.08 8.11 
2016/09/09 8.20 8.40 8.14 8.31 
2016/09/10 8.27 8.29 8.05 8.22 
2016/09/12 8.22 8.22 8.00 8.00 
2016/09/13 8.05 8.09 7.72 7.96 
2016/09/14 7.96 7.96 7.76 7.79 
2016/09/19 7.80 8.23 7.80 8.10 
2016/09/20 8.08 8.20 8.05 8.14 
2016/09/21 8.14 8.14 7.95 8.02 
2016/09/22 8.02 8.10 7.96 8.04 
2016/09/23 8.04 8.12 8.00 8.02 
2016/09/26 8.01 8.07 7.95 7.95 
2016/09/29 8.15 8.15 7.88 7.89 
2016/09/30 7.88 8.04 7.85 7.94 
2016/10/03 7.91 7.95 7.80 7.93 
2016/10/04 7.84 8.20 7.82 8.00 
2016/10/05 7.91 8.00 7.91 7.93 
2016/10/06 7.93 7.93 7.85 7.88 
2016/10/07 7.87 7.87 7.80 7.82 
2016/10/11 7.92 7.92 7.70 7.82 
2016/10/12 7.82 7.89 7.80 7.83 
2016/10/13 7.83 7.85 7.76 7.80 
2016/10/14 7.80 7.90 7.77 7.90 
2016/10/17 7.90 8.54 7.90 8.51 
2016/10/18 8.80 8.82 8.54 8.62 
2016/10/19 8.54 8.59 8.33 8.55 
2016/10/20 8.59 8.70 8.48 8.51 
2016/10/21 8.57 8.63 8.43 8.51 
2016/10/24 8.70 9.10 8.56 8.60 
2016/10/25 8.60 8.74 8.41 8.60 
2016/10/26 8.60 8.66 8.48 8.52 
2016/10/27 8.61 8.87 8.52 8.57 
2016/10/28 8.57 8.64 8.42 8.46 
2016/10/31 8.46 8.54 8.41 8.41 
2016/11/01 8.42 8.72 8.38 8.51 
2016/11/02 8.51 8.51 8.21 8.30 
2016/11/03 8.30 8.36 8.11 8.22 
2016/11/04 8.59 9.04 8.01 8.01 
2016/11/07 8.11 8.30 8.00 8.30 
2016/11/08 8.28 8.55 8.25 8.27 
2016/11/09 8.29 8.35 7.72 7.74 
2016/11/10 8.09 8.14 7.95 8.13 
2016/11/11 8.07 8.09 7.95 7.98 
2016/11/14 7.98 8.07 7.86 7.92 
2016/11/15 8.00 8.10 7.90 7.92 
2016/11/16 8.00 8.12 8.00 8.01 
2016/11/17 8.14 8.15 8.01 8.05 
2016/11/18 8.05 8.10 7.98 8.03 
2016/11/21 8.03 8.13 8.03 8.10 
2016/11/22 8.11 8.25 8.00 8.07 
2016/11/23 8.02 8.15 8.02 8.02 
2016/11/24 8.00 8.07 7.91 7.95 
2016/11/25 7.95 8.04 7.95 7.99 
2016/11/28 7.96 8.08 7.96 8.00 
2016/11/29 7.92 8.05 7.92 8.02 
2016/11/30 8.02 8.05 7.97 7.97 
2016/12/01 7.93 8.14 7.93 8.13 
2016/12/02 8.14 8.15 8.00 8.06 
2016/12/05 8.06 8.12 8.06 8.07 
2016/12/06 8.10 8.10 8.00 8.06 
2016/12/07 8.08 8.26 8.06 8.15 
2016/12/08 8.20 8.20 8.11 8.11 
2016/12/09 8.07 8.16 8.07 8.12 
2016/12/12 8.20 8.45 8.15 8.26 
2016/12/13 8.26 8.28 8.21 8.22 
2016/12/14 8.30 8.32 8.17 8.20 
2016/12/15 8.25 8.26 8.13 8.18 
2016/12/16 8.25 8.26 8.17 8.18 
2016/12/19 8.25 8.25 8.04 8.09 
2016/12/20 8.09 8.30 7.98 8.10 
2016/12/21 8.15 8.15 8.03 8.08 
2016/12/22 8.04 8.12 8.02 8.09 
2016/12/23 8.04 8.12 8.02 8.08 
2016/12/26 8.09 8.15 8.01 8.06 
2016/12/27 8.06 8.09 8.01 8.06 
2016/12/28 8.02 8.09 8.02 8.04 
2016/12/29 8.03 8.06 7.97 8.02 
2016/12/30 8.07 8.07 8.01 8.07 
2017/01/03 8.09 8.19 8.09 8.12 
2017/01/04 8.15 8.85 8.13 8.63 
2017/01/05 8.71 8.90 8.40 8.50 
2017/01/06 8.60 8.79 8.52 8.52 
2017/01/09 8.73 8.73 8.50 8.53 
2017/01/10 8.53 8.60 8.37 8.37 
2017/01/11 8.44 8.48 8.27 8.30 
2017/01/12 8.37 8.40 8.30 8.33 
2017/01/13 8.26 8.38 8.26 8.37 
2017/01/16 8.40 8.46 8.32 8.40 
2017/01/17 8.45 8.47 8.40 8.42 
2017/01/18 8.40 8.44 8.35 8.43 
2017/01/19 8.40 8.75 8.40 8.60 
2017/01/20 8.58 9.01 8.58 8.88 
2017/01/23 8.92 9.58 8.92 8.95 
2017/01/24 8.95 9.18 8.30 8.84 
2017/02/02 8.93 9.10 8.75 9.05 
2017/02/03 9.10 9.18 9.03 9.08 
2017/02/06 9.15 9.15 9.00 9.08 
2017/02/07 9.08 9.49 9.05 9.36 
2017/02/08 9.45 10.05 9.40 9.86 
