2016/07/01 31.10 31.40 30.90 31.40 
2016/07/04 31.15 31.50 31.15 31.50 
2016/07/05 32.50 32.50 32.10 32.30 
2016/07/06 32.25 32.25 31.50 31.75 
2016/07/07 31.90 31.90 31.65 31.65 
2016/07/11 31.85 31.90 31.40 31.60 
2016/07/12 31.60 31.60 31.25 31.40 
2016/07/13 31.30 31.60 31.00 31.45 
2016/07/14 29.35 29.55 29.35 29.50 
2016/07/15 29.45 29.55 29.40 29.55 
2016/07/18 29.60 29.65 29.50 29.50 
2016/07/19 29.50 29.50 29.50 29.50 
2016/07/20 29.50 29.60 29.45 29.45 
2016/07/21 29.40 29.55 29.40 29.55 
2016/07/22 29.55 29.60 28.80 29.00 
2016/07/25 29.20 29.20 28.80 29.15 
2016/07/26 29.00 29.00 28.75 29.00 
2016/07/27 28.90 29.00 28.90 29.00 
2016/07/28 28.90 29.00 28.80 29.00 
2016/07/29 28.90 28.90 28.85 28.85 
2016/08/01 29.20 29.20 28.95 28.95 
2016/08/02 29.00 29.00 29.00 29.00 
2016/08/03 29.00 29.75 29.00 29.60 
2016/08/04 29.80 29.80 29.40 29.80 
2016/08/05 29.55 29.90 29.30 29.90 
2016/08/08 29.90 29.90 29.60 29.90 
2016/08/09 29.20 29.55 29.20 29.50 
2016/08/10 29.35 29.40 29.20 29.25 
2016/08/11 29.20 29.20 28.80 29.00 
2016/08/12 29.05 29.05 28.80 29.00 
2016/08/15 29.30 29.60 29.30 29.60 
2016/08/16 29.10 29.60 29.10 29.60 
2016/08/17 29.50 29.70 29.35 29.70 
2016/08/18 29.70 29.80 29.60 29.60 
2016/08/19 29.60 29.60 29.40 29.40 
2016/08/22 29.30 29.30 29.20 29.20 
2016/08/23 29.20 29.55 29.20 29.50 
2016/08/24 29.50 29.50 29.30 29.30 
2016/08/25 29.10 29.35 29.10 29.15 
2016/08/26 29.05 29.40 29.05 29.40 
2016/08/29 29.25 29.50 29.25 29.50 
2016/08/30 29.45 29.50 29.45 29.50 
2016/08/31 29.50 29.50 29.50 29.50 
2016/09/01 29.50 29.50 29.40 29.40 
2016/09/02 29.35 29.35 29.30 29.30 
2016/09/05 29.35 29.45 29.35 29.45 
2016/09/06 29.40 29.40 29.35 29.35 
2016/09/07 29.35 29.80 29.35 29.80 
2016/09/08 29.80 30.60 29.70 30.50 
2016/09/09 30.10 30.30 30.10 30.30 
2016/09/10 29.80 30.10 29.80 30.10 
2016/09/12 30.10 30.20 30.10 30.10 
2016/09/13 30.10 30.20 29.80 30.20 
2016/09/14 29.70 30.50 29.70 30.50 
2016/09/19 30.50 30.50 30.10 30.20 
2016/09/20 30.15 30.20 29.85 30.00 
2016/09/21 30.20 30.20 29.90 29.90 
2016/09/22 29.80 29.95 29.80 29.90 
2016/09/23 29.90 30.00 29.90 29.90 
2016/09/26 29.95 30.00 29.55 29.65 
2016/09/29 29.80 30.00 29.80 29.80 
2016/09/30 29.90 29.90 29.65 29.70 
2016/10/03 29.70 29.70 29.70 29.70 
2016/10/04 29.70 30.00 29.70 30.00 
2016/10/05 30.00 30.35 30.00 30.35 
2016/10/06 30.30 30.30 30.20 30.20 
2016/10/07 30.05 30.20 30.00 30.20 
2016/10/11 30.40 30.40 29.60 29.80 
2016/10/12 29.65 29.90 29.55 29.80 
2016/10/13 29.70 29.70 29.60 29.65 
2016/10/14 30.00 30.45 29.70 30.15 
2016/10/17 30.15 30.15 30.15 30.15 
2016/10/18 29.85 30.15 29.70 30.15 
2016/10/19 30.00 30.00 30.00 30.00 
2016/10/20 30.00 30.00 29.80 29.80 
2016/10/21 29.80 29.80 29.80 29.80 
2016/10/24 29.80 30.40 29.80 30.40 
2016/10/25 30.40 30.40 29.80 29.80 
2016/10/26 29.80 29.90 29.80 29.90 
2016/10/27 29.70 29.70 29.60 29.70 
2016/10/28 29.70 29.90 29.70 29.80 
2016/10/31 29.80 29.80 29.65 29.65 
2016/11/01 29.55 29.80 29.50 29.80 
2016/11/02 29.80 29.80 29.50 29.50 
2016/11/03 29.55 29.55 29.45 29.50 
2016/11/04 29.80 29.80 29.50 29.50 
2016/11/07 29.50 29.50 29.45 29.45 
2016/11/08 29.50 29.90 29.50 29.90 
2016/11/09 29.55 29.60 29.40 29.40 
2016/11/10 29.60 29.60 29.55 29.60 
2016/11/11 29.55 29.90 29.55 29.90 
2016/11/14 30.00 30.00 29.55 29.65 
2016/11/15 29.50 29.90 29.50 29.50 
2016/11/16 29.50 29.70 29.50 29.60 
2016/11/17 29.50 29.65 29.50 29.60 
2016/11/18 29.50 29.60 29.50 29.60 
2016/11/21 29.50 29.55 29.50 29.55 
2016/11/22 29.30 29.95 29.30 29.80 
2016/11/23 29.75 30.00 29.75 29.90 
2016/11/24 29.80 29.80 29.50 29.60 
2016/11/25 29.80 29.80 29.70 29.70 
2016/11/28 29.50 29.80 29.50 29.60 
2016/11/29 29.80 29.80 29.80 29.80 
2016/11/30 29.95 29.95 29.55 29.60 
2016/12/01 29.75 30.10 29.75 30.00 
2016/12/02 29.70 30.20 29.70 30.00 
2016/12/05 29.80 30.05 29.80 30.00 
2016/12/06 30.10 30.10 29.85 30.10 
2016/12/07 30.10 30.50 30.10 30.35 
2016/12/08 30.60 30.60 30.40 30.40 
2016/12/09 30.70 30.85 30.60 30.60 
2016/12/12 30.60 31.45 30.60 30.90 
2016/12/13 31.60 31.65 30.90 30.90 
2016/12/14 30.90 31.10 30.90 31.00 
2016/12/15 31.20 31.20 31.00 31.00 
2016/12/16 31.00 31.00 31.00 31.00 
2016/12/19 31.30 31.30 31.20 31.20 
2016/12/20 31.00 31.00 30.80 30.80 
2016/12/21 31.20 31.20 30.75 30.75 
2016/12/22 30.80 30.80 30.50 30.50 
2016/12/23 30.60 30.60 30.50 30.50 
2016/12/26 30.30 30.30 30.30 30.30 
2016/12/27 30.30 30.30 30.30 30.30 
2016/12/28 30.50 30.50 30.50 30.50 
2016/12/29 31.20 31.50 30.80 31.15 
2016/12/30 31.15 31.50 31.00 31.45 
2017/01/03 31.80 31.80 31.05 31.05 
2017/01/04 30.90 31.75 30.90 31.50 
2017/01/05 31.30 31.65 31.05 31.40 
2017/01/06 31.80 32.00 31.40 31.70 
2017/01/09 31.90 31.95 31.35 31.40 
2017/01/10 31.00 31.70 31.00 31.50 
2017/01/11 31.90 31.90 31.40 31.50 
2017/01/12 31.70 31.70 31.45 31.45 
2017/01/13 31.60 31.60 31.00 31.35 
2017/01/16 31.70 31.70 31.00 31.50 
2017/01/17 31.50 31.50 31.20 31.30 
2017/01/18 31.65 31.90 31.30 31.55 
2017/01/19 31.50 31.50 31.45 31.45 
2017/01/20 31.45 31.45 31.45 31.45 
2017/01/23 31.30 31.80 31.30 31.45 
2017/01/24 31.70 31.70 31.45 31.50 
2017/02/02 31.50 31.50 31.45 31.45 
2017/02/03 31.45 32.00 31.45 31.70 
2017/02/06 31.65 31.70 31.60 31.70 
2017/02/07 31.80 32.00 31.70 31.80 
2017/02/08 31.70 31.80 31.65 31.65 
