2016/07/01 22.75 22.75 22.60 22.75 
2016/07/04 22.40 22.65 22.40 22.65 
2016/07/05 22.50 24.90 22.50 24.25 
2016/07/06 24.00 24.20 23.00 23.50 
2016/07/07 23.50 23.80 23.00 23.55 
2016/07/11 23.00 23.10 22.65 22.95 
2016/07/12 22.95 23.05 22.75 23.00 
2016/07/13 22.90 23.10 22.70 22.90 
2016/07/14 22.95 23.00 22.80 22.95 
2016/07/15 23.15 23.15 22.90 23.15 
2016/07/18 23.45 23.85 23.25 23.40 
2016/07/19 23.50 23.65 23.10 23.30 
2016/07/20 23.10 23.25 23.00 23.25 
2016/07/21 23.05 23.30 22.90 23.00 
2016/07/22 22.85 23.50 22.80 23.05 
2016/07/25 23.10 23.35 22.95 22.95 
2016/07/26 23.00 23.10 22.55 22.55 
2016/07/27 23.15 24.80 22.80 23.25 
2016/07/28 23.25 23.25 22.70 23.20 
2016/07/29 23.30 24.00 23.25 23.40 
2016/08/01 23.50 24.50 23.50 23.70 
2016/08/02 23.70 23.95 23.65 23.80 
2016/08/03 23.85 24.00 23.55 23.80 
2016/08/04 23.80 24.00 23.65 23.80 
2016/08/05 23.95 23.95 23.60 23.85 
2016/08/08 24.00 24.45 23.90 24.10 
2016/08/09 24.15 24.25 23.85 24.15 
2016/08/10 24.25 24.40 23.50 24.40 
2016/08/11 24.05 24.10 23.90 24.10 
2016/08/12 23.90 24.05 23.60 24.00 
2016/08/15 24.05 24.05 23.65 23.85 
2016/08/16 23.85 24.00 23.60 23.90 
2016/08/17 23.90 24.10 23.65 23.90 
2016/08/18 23.90 23.90 23.80 23.90 
2016/08/19 23.75 23.75 23.50 23.50 
2016/08/22 23.10 23.25 23.10 23.25 
2016/08/23 23.05 24.35 22.90 23.75 
2016/08/24 23.30 23.60 23.10 23.25 
2016/08/25 23.20 23.35 22.90 22.95 
2016/08/26 22.95 23.30 22.75 23.20 
2016/08/29 23.20 23.65 22.80 23.15 
2016/08/30 22.80 23.20 22.75 22.75 
2016/08/31 22.80 23.60 22.55 23.25 
2016/09/14 25.05 25.05 24.15 24.20 
2016/09/19 24.20 24.85 23.60 24.05 
2016/09/20 23.80 24.40 23.80 24.40 
2016/09/21 24.00 24.25 23.90 24.20 
2016/09/22 24.20 24.25 23.85 24.15 
2016/09/23 24.15 24.40 23.60 24.05 
2016/09/26 24.00 24.00 23.65 23.65 
2016/09/29 23.90 24.00 23.85 24.00 
2016/09/30 24.00 24.00 23.45 23.75 
2016/10/03 23.90 23.90 23.70 23.80 
2016/10/04 23.40 23.75 23.40 23.75 
2016/10/05 23.50 23.60 23.50 23.55 
2016/10/06 23.55 23.75 23.35 23.50 
2016/10/07 23.50 23.60 23.20 23.60 
2016/10/11 23.30 23.35 23.25 23.35 
2016/10/12 23.35 23.35 23.10 23.25 
2016/10/13 23.10 23.20 23.05 23.05 
2016/10/14 23.00 23.20 22.50 22.50 
2016/10/17 22.80 23.00 22.60 22.95 
2016/10/18 23.00 23.25 22.65 23.00 
2016/10/19 23.00 23.10 22.65 22.85 
2016/10/20 22.70 22.70 22.40 22.50 
2016/10/21 22.85 22.85 22.50 22.65 
2016/10/24 22.65 22.65 22.30 22.30 
2016/10/25 22.30 22.55 22.20 22.55 
2016/10/26 22.30 22.60 22.00 22.05 
2016/10/27 22.15 22.55 22.00 22.10 
2016/10/28 22.25 22.50 22.05 22.50 
2016/10/31 22.50 22.50 21.80 22.25 
2016/11/01 22.00 22.45 21.95 22.45 
2016/11/02 22.45 22.45 21.90 21.90 
2016/11/03 21.55 21.60 21.30 21.30 
2016/11/04 21.05 22.00 21.05 22.00 
2016/11/08 21.50 21.65 21.15 21.65 
2016/11/09 21.30 21.50 21.00 21.25 
2016/11/10 21.25 21.50 20.50 20.90 
2016/11/11 20.90 21.10 20.20 20.60 
2016/11/14 20.60 20.60 20.40 20.40 
2016/11/15 20.30 20.30 19.95 20.15 
2016/11/16 20.15 20.45 20.00 20.30 
2016/11/17 20.00 22.30 20.00 21.80 
2016/11/18 21.80 23.00 21.30 21.65 
2016/11/21 21.65 22.00 21.25 21.85 
2016/11/22 21.60 22.00 21.50 21.90 
2016/11/23 21.80 22.80 21.35 22.50 
2016/11/24 22.50 22.80 22.20 22.60 
2016/11/25 22.70 23.55 22.50 22.90 
2016/11/28 22.90 23.00 22.55 22.90 
2016/11/29 22.90 23.20 22.40 22.90 
2016/11/30 22.60 23.15 22.45 23.00 
2016/12/01 23.05 23.05 22.15 22.50 
2016/12/02 22.25 22.80 22.20 22.80 
2016/12/05 22.80 22.80 22.60 22.80 
2016/12/06 22.85 22.90 22.20 22.80 
2016/12/07 22.45 22.85 22.45 22.80 
2016/12/08 23.20 25.05 22.50 23.50 
2016/12/09 23.50 23.65 22.80 23.00 
2016/12/12 23.30 23.60 22.95 23.00 
2016/12/13 23.70 23.85 22.80 23.05 
2016/12/14 23.10 23.40 22.50 23.15 
2016/12/15 23.50 23.50 22.95 23.30 
2016/12/16 23.30 23.70 22.85 23.45 
2016/12/19 23.40 23.95 23.05 23.25 
2016/12/20 23.05 23.05 22.75 22.95 
2016/12/21 22.95 23.20 22.80 23.20 
2016/12/22 23.15 23.45 23.00 23.40 
2016/12/23 23.40 23.50 23.00 23.40 
2016/12/26 23.05 25.00 23.00 23.50 
2016/12/27 23.50 23.95 23.05 23.65 
2016/12/28 23.25 23.80 23.10 23.35 
2016/12/29 23.35 23.60 23.05 23.40 
2016/12/30 23.50 23.65 23.05 23.60 
2017/01/03 23.80 23.90 23.60 23.75 
2017/01/04 23.55 23.65 23.30 23.65 
2017/01/05 23.30 23.65 23.30 23.65 
2017/01/06 23.50 23.75 23.30 23.45 
2017/01/09 23.35 23.55 23.20 23.45 
2017/01/10 23.45 23.45 23.20 23.20 
2017/01/11 23.30 23.45 23.30 23.45 
2017/01/12 23.50 23.60 23.25 23.25 
2017/01/13 23.45 23.45 23.15 23.35 
2017/01/16 23.20 23.45 23.05 23.30 
2017/01/18 23.10 23.40 22.90 23.40 
2017/01/19 23.15 23.45 23.15 23.45 
2017/01/20 23.40 23.40 23.15 23.15 
2017/01/23 23.15 23.40 23.05 23.20 
2017/01/24 23.10 23.40 23.05 23.40 
2017/02/02 23.15 23.15 23.00 23.00 
2017/02/03 23.00 23.00 22.95 22.95 
2017/02/06 22.95 23.30 22.90 23.20 
2017/02/07 23.05 23.80 22.90 23.70 
2017/02/08 23.60 23.60 23.30 23.60 
