2016/07/01 9.24 9.35 9.15 9.21 
2016/07/04 9.15 9.30 9.13 9.21 
2016/07/05 9.21 9.26 9.14 9.24 
2016/07/06 9.20 9.20 9.06 9.08 
2016/07/07 9.07 9.13 9.01 9.01 
2016/07/11 8.62 8.64 8.55 8.61 
2016/07/12 8.65 8.68 8.61 8.63 
2016/07/13 8.67 8.78 8.63 8.78 
2016/07/14 8.79 8.80 8.73 8.79 
2016/07/15 8.79 8.80 8.66 8.66 
2016/07/18 8.68 8.70 8.65 8.70 
2016/07/19 8.70 8.76 8.70 8.74 
2016/07/20 8.72 8.76 8.70 8.74 
2016/07/21 8.74 8.82 8.72 8.81 
2016/07/22 8.81 8.84 8.78 8.79 
2016/07/25 8.79 8.85 8.72 8.74 
2016/07/26 8.80 8.81 8.74 8.78 
2016/07/27 8.85 8.85 8.77 8.78 
2016/07/28 8.82 8.83 8.72 8.75 
2016/07/29 8.75 8.81 8.73 8.75 
2016/08/01 8.80 8.86 8.75 8.86 
2016/08/02 8.83 8.91 8.83 8.85 
2016/08/03 8.83 8.84 8.75 8.78 
2016/08/04 8.79 8.86 8.79 8.81 
2016/08/05 8.80 8.83 8.78 8.80 
2016/08/08 8.80 8.86 8.79 8.82 
2016/08/09 8.82 8.87 8.77 8.82 
2016/08/10 8.80 8.85 8.77 8.85 
2016/08/11 8.90 8.91 8.84 8.91 
2016/08/12 8.91 9.34 8.90 9.20 
2016/08/15 9.29 9.65 9.15 9.51 
2016/08/16 9.49 9.52 9.29 9.29 
2016/08/17 9.28 9.29 9.13 9.22 
2016/08/18 9.22 9.29 9.20 9.20 
2016/08/19 9.20 9.21 9.05 9.09 
2016/08/22 9.12 9.12 9.03 9.08 
2016/08/23 9.07 9.10 9.05 9.05 
2016/08/24 9.07 9.07 9.00 9.00 
2016/08/25 9.00 9.03 9.00 9.01 
2016/08/26 9.05 9.27 9.05 9.18 
2016/08/29 9.40 9.54 9.25 9.31 
2016/08/30 9.32 9.45 9.31 9.37 
2016/08/31 9.34 9.34 9.21 9.26 
2016/09/01 9.21 9.21 9.17 9.17 
2016/09/02 9.28 9.28 9.10 9.18 
2016/09/05 9.20 9.25 9.19 9.23 
2016/09/06 9.29 9.29 9.15 9.25 
2016/09/07 9.27 9.38 9.25 9.35 
2016/09/08 9.35 9.35 9.20 9.20 
2016/09/09 9.18 9.21 9.12 9.13 
2016/09/10 9.10 9.10 9.02 9.05 
2016/09/12 9.06 9.15 9.05 9.05 
2016/09/13 9.05 9.07 9.00 9.00 
2016/09/14 9.02 9.13 8.94 9.13 
2016/09/19 9.09 9.13 9.05 9.06 
2016/09/20 9.00 9.09 8.95 8.96 
2016/09/21 8.96 9.00 8.90 8.97 
2016/09/22 9.00 9.00 8.91 8.98 
2016/09/23 9.00 9.00 8.89 8.95 
2016/09/26 8.92 9.00 8.90 8.91 
2016/09/29 9.00 9.00 8.90 8.91 
2016/09/30 8.87 9.00 8.87 8.94 
2016/10/03 8.95 8.96 8.92 8.92 
2016/10/04 8.92 8.96 8.90 8.95 
2016/10/05 8.90 8.95 8.89 8.94 
2016/10/06 8.95 8.95 8.89 8.92 
2016/10/07 8.92 8.92 8.88 8.89 
2016/10/11 8.90 8.90 8.76 8.80 
2016/10/12 8.80 8.80 8.74 8.80 
2016/10/13 8.75 8.85 8.75 8.79 
2016/10/14 8.80 8.80 8.57 8.59 
2016/10/17 8.60 8.63 8.51 8.56 
2016/10/18 8.55 8.62 8.52 8.60 
2016/10/19 8.60 8.67 8.60 8.65 
2016/10/20 8.65 8.70 8.61 8.67 
2016/10/21 8.71 8.77 8.68 8.71 
2016/10/24 8.72 8.80 8.70 8.73 
2016/10/25 8.75 8.79 8.72 8.74 
2016/10/26 8.74 8.75 8.70 8.72 
2016/10/27 8.73 8.90 8.73 8.80 
2016/10/28 8.80 8.80 8.68 8.72 
2016/10/31 8.75 8.75 8.69 8.70 
2016/11/01 8.70 8.75 8.70 8.70 
2016/11/02 8.66 8.68 8.55 8.56 
2016/11/03 8.56 8.64 8.54 8.54 
2016/11/04 8.60 8.64 8.53 8.55 
2016/11/07 8.55 8.65 8.55 8.56 
2016/11/08 8.52 8.58 8.52 8.57 
2016/11/09 8.52 8.60 8.38 8.39 
2016/11/10 8.60 8.60 8.45 8.51 
2016/11/11 8.50 8.50 8.43 8.46 
2016/11/14 8.46 8.50 8.42 8.45 
2016/11/15 8.46 8.56 8.45 8.54 
2016/11/16 8.51 8.55 8.45 8.45 
2016/11/17 8.45 8.45 8.27 8.30 
2016/11/18 8.23 8.23 7.96 8.14 
2016/11/21 8.13 8.13 8.02 8.06 
2016/11/22 8.05 8.12 7.96 7.97 
2016/11/23 7.91 7.93 7.77 7.80 
2016/11/24 7.75 7.77 7.70 7.73 
2016/11/25 7.73 7.75 7.61 7.64 
2016/11/28 7.65 7.79 7.64 7.73 
2016/11/29 7.75 7.97 7.74 7.86 
2016/11/30 7.92 8.28 7.90 8.26 
2016/12/01 8.30 8.38 8.20 8.24 
2016/12/02 8.23 8.23 8.10 8.17 
2016/12/05 8.20 8.22 8.05 8.10 
2016/12/06 8.16 8.17 8.02 8.05 
2016/12/07 8.09 8.09 7.98 8.01 
2016/12/08 8.02 8.10 8.02 8.08 
2016/12/09 8.08 8.08 8.02 8.06 
2016/12/12 8.08 8.13 8.03 8.05 
2016/12/13 8.05 8.07 8.02 8.07 
2016/12/14 8.09 8.13 8.06 8.09 
2016/12/15 8.12 8.13 8.05 8.09 
2016/12/16 8.12 8.12 8.01 8.01 
2016/12/19 8.07 8.07 8.01 8.01 
2016/12/20 8.05 8.07 8.02 8.07 
2016/12/21 8.08 8.20 8.06 8.06 
2016/12/22 8.10 8.10 7.99 8.03 
2016/12/23 8.03 8.03 7.93 7.97 
2016/12/26 7.97 8.05 7.96 7.97 
2016/12/27 7.97 7.98 7.94 7.94 
2016/12/28 7.97 8.00 7.90 7.93 
2016/12/29 7.93 7.99 7.93 7.96 
2016/12/30 7.99 8.04 7.98 7.99 
2017/01/03 8.02 8.03 7.96 7.98 
2017/01/04 8.00 8.01 7.97 7.99 
2017/01/05 8.00 8.01 7.96 7.99 
2017/01/06 8.00 8.01 7.96 7.98 
2017/01/09 7.98 7.98 7.91 7.91 
2017/01/10 7.90 7.93 7.84 7.84 
2017/01/11 7.93 7.93 7.84 7.89 
2017/01/12 7.92 8.04 7.89 8.03 
2017/01/13 8.03 8.19 8.01 8.10 
2017/01/16 8.10 8.10 8.02 8.05 
2017/01/17 8.01 8.06 8.01 8.03 
2017/01/18 8.03 8.05 8.01 8.05 
2017/01/19 8.05 8.09 7.99 8.06 
2017/01/20 8.05 8.06 7.99 8.03 
2017/01/23 8.07 8.07 8.00 8.01 
2017/01/24 7.98 8.03 7.98 8.01 
2017/02/02 8.05 8.10 8.00 8.06 
2017/02/03 8.09 8.39 8.06 8.35 
2017/02/06 8.46 8.89 8.41 8.76 
2017/02/07 8.76 8.76 8.60 8.68 
2017/02/08 8.73 8.75 8.66 8.70 
