2016/07/01 9.15 9.16 9.08 9.09 
2016/07/04 9.04 9.13 9.01 9.13 
2016/07/05 9.06 9.12 9.02 9.12 
2016/07/06 9.03 9.03 8.95 9.00 
2016/07/07 9.02 9.05 8.93 8.93 
2016/07/11 9.12 9.12 8.96 8.96 
2016/07/12 9.00 9.09 8.97 9.00 
2016/07/13 9.00 9.10 9.00 9.00 
2016/07/14 9.01 9.07 9.01 9.07 
2016/07/15 9.05 9.12 9.04 9.05 
2016/07/18 9.08 9.12 9.03 9.03 
2016/07/19 9.12 9.12 9.04 9.04 
2016/07/20 9.09 9.09 9.03 9.08 
2016/07/21 9.09 9.11 9.09 9.11 
2016/07/22 9.12 9.12 9.03 9.09 
2016/07/25 9.05 9.10 9.05 9.09 
2016/07/26 9.05 9.13 9.04 9.12 
2016/07/27 9.12 9.12 9.04 9.11 
2016/07/28 9.13 9.13 9.05 9.10 
2016/07/29 9.10 9.10 9.05 9.05 
2016/08/01 9.09 9.10 9.06 9.10 
2016/08/02 9.12 9.12 9.12 9.12 
2016/08/03 9.12 9.12 9.06 9.06 
2016/08/04 9.09 9.10 9.04 9.08 
2016/08/05 9.08 9.08 9.02 9.08 
2016/08/08 9.03 9.07 9.03 9.07 
2016/08/09 9.07 9.07 8.93 9.04 
2016/08/10 9.03 9.03 8.80 9.01 
2016/08/11 9.01 9.01 8.92 9.01 
2016/08/12 9.10 9.10 8.95 9.09 
2016/08/15 9.10 9.12 9.04 9.12 
2016/08/16 9.10 9.10 9.03 9.06 
2016/08/17 9.06 9.06 8.93 9.00 
2016/08/18 9.00 9.02 9.00 9.01 
2016/08/19 9.01 9.05 9.01 9.05 
2016/08/22 9.05 9.12 9.05 9.12 
2016/08/23 9.13 9.24 9.12 9.16 
2016/08/24 9.16 9.19 9.06 9.06 
2016/08/25 9.14 9.29 9.12 9.19 
2016/08/26 9.19 9.25 9.10 9.25 
2016/08/29 9.20 9.22 9.07 9.20 
2016/08/30 9.10 9.20 9.10 9.20 
2016/08/31 9.18 9.20 9.11 9.12 
2016/09/01 9.16 9.22 9.12 9.12 
2016/09/02 9.11 9.29 9.11 9.27 
2016/09/05 9.35 9.51 9.35 9.51 
2016/09/06 9.66 10.00 9.52 9.56 
2016/09/07 9.50 9.50 9.40 9.41 
2016/09/08 9.42 9.45 9.42 9.42 
2016/09/09 9.38 9.38 9.38 9.38 
2016/09/10 9.17 9.32 9.17 9.32 
2016/09/12 9.30 9.30 9.08 9.11 
2016/09/13 9.11 9.17 9.06 9.17 
2016/09/14 9.10 9.11 9.10 9.10 
2016/09/19 9.08 9.08 9.06 9.07 
2016/09/20 9.13 9.20 9.09 9.20 
2016/09/21 9.25 9.25 9.12 9.13 
2016/09/22 9.13 9.15 9.13 9.15 
2016/09/23 9.16 9.16 9.16 9.16 
2016/09/26 9.16 9.16 9.14 9.15 
2016/09/29 9.15 9.15 9.06 9.11 
2016/09/30 9.10 9.20 9.07 9.12 
2016/10/03 9.22 9.22 9.11 9.21 
2016/10/04 9.13 9.13 9.12 9.12 
2016/10/05 9.12 9.12 9.12 9.12 
2016/10/06 9.12 9.12 9.09 9.10 
2016/10/07 9.11 9.16 9.11 9.11 
2016/10/11 9.11 9.11 9.10 9.10 
2016/10/12 9.11 9.12 9.11 9.11 
2016/10/13 9.15 9.19 9.08 9.11 
2016/10/14 9.18 9.18 9.11 9.12 
2016/10/17 9.19 9.19 9.10 9.12 
2016/10/18 9.12 9.13 9.11 9.13 
2016/10/19 9.19 9.19 9.11 9.19 
2016/10/20 9.19 9.20 9.13 9.13 
2016/10/21 9.13 9.19 9.12 9.13 
2016/10/24 9.18 9.25 9.13 9.25 
2016/10/25 9.14 9.15 9.12 9.15 
2016/10/26 9.19 9.25 9.12 9.25 
2016/10/27 9.20 9.25 9.14 9.16 
2016/10/28 9.25 9.45 9.13 9.21 
2016/10/31 9.37 9.37 9.14 9.22 
2016/11/01 9.22 9.22 9.13 9.16 
2016/11/02 9.16 9.21 9.16 9.21 
2016/11/03 9.20 9.20 9.16 9.16 
2016/11/04 9.17 9.17 9.17 9.17 
2016/11/07 9.16 9.22 9.15 9.22 
2016/11/08 9.17 9.17 9.04 9.10 
2016/11/09 9.11 9.11 9.08 9.08 
2016/11/10 9.09 9.10 9.09 9.10 
2016/11/11 9.15 9.22 9.10 9.10 
2016/11/14 9.15 9.27 9.10 9.27 
2016/11/15 9.27 9.43 9.25 9.42 
2016/11/16 9.41 9.41 9.28 9.32 
2016/11/17 9.32 9.32 9.26 9.28 
2016/11/18 9.30 9.40 9.27 9.40 
2016/11/21 9.39 9.39 9.30 9.39 
2016/11/22 9.43 9.43 9.37 9.37 
2016/11/23 9.35 9.35 9.27 9.27 
2016/11/24 9.30 9.40 9.15 9.40 
2016/11/25 9.29 9.37 9.29 9.34 
2016/11/28 9.34 9.50 9.34 9.46 
2016/11/29 9.40 9.56 9.38 9.54 
2016/11/30 9.60 10.45 9.60 10.15 
2016/12/01 10.25 10.25 9.87 9.98 
2016/12/02 9.89 10.15 9.89 10.05 
2016/12/05 9.86 10.45 9.86 10.15 
2016/12/06 10.20 10.25 10.15 10.15 
2016/12/07 10.15 10.20 10.00 10.05 
2016/12/08 10.05 10.20 10.00 10.20 
2016/12/09 10.30 10.30 10.10 10.10 
2016/12/12 10.10 10.10 9.82 9.84 
2016/12/13 9.85 9.85 9.80 9.80 
2016/12/14 9.85 9.85 9.60 9.71 
2016/12/15 9.71 9.76 9.71 9.76 
2016/12/16 9.77 9.80 9.74 9.79 
2016/12/19 9.82 9.86 9.71 9.75 
2016/12/20 9.70 9.74 9.68 9.74 
2016/12/21 9.70 9.70 9.59 9.60 
2016/12/22 9.51 9.55 9.48 9.50 
2016/12/23 9.43 9.50 9.43 9.45 
2016/12/26 9.41 9.45 9.41 9.45 
2016/12/27 9.59 9.68 9.58 9.59 
2016/12/28 9.65 9.65 9.65 9.65 
2016/12/29 9.55 9.59 9.46 9.59 
2016/12/30 9.50 9.67 9.50 9.67 
2017/01/03 9.62 9.62 9.50 9.56 
2017/01/04 9.56 9.56 9.50 9.50 
2017/01/05 9.50 9.55 9.50 9.51 
2017/01/06 9.60 9.60 9.48 9.50 
2017/01/09 9.50 9.50 9.40 9.50 
2017/01/10 9.49 9.49 9.40 9.40 
2017/01/11 9.37 9.40 9.36 9.40 
2017/01/12 9.40 9.44 9.32 9.44 
2017/01/17 9.33 9.41 9.32 9.41 
2017/01/18 9.31 9.36 9.31 9.36 
2017/01/19 9.06 9.31 9.06 9.25 
2017/01/20 9.20 9.25 9.20 9.25 
2017/01/23 9.25 9.25 9.20 9.24 
2017/01/24 9.21 9.25 9.20 9.24 
2017/02/02 9.29 9.33 9.20 9.20 
2017/02/03 9.29 9.29 9.22 9.29 
2017/02/06 9.38 9.38 9.31 9.31 
2017/02/07 9.31 9.35 9.31 9.33 
2017/02/08 9.48 9.48 9.35 9.37 
