2016/07/01 8.52 8.54 8.48 8.50 
2016/07/04 8.50 8.52 8.49 8.49 
2016/07/05 8.50 8.53 8.49 8.52 
2016/07/06 8.50 8.51 8.47 8.50 
2016/07/07 8.50 8.54 8.48 8.50 
2016/07/11 8.46 8.57 8.46 8.53 
2016/07/12 8.50 8.53 8.46 8.50 
2016/07/13 8.50 8.50 8.46 8.50 
2016/07/14 8.59 8.59 8.48 8.55 
2016/07/15 8.58 8.60 8.53 8.54 
2016/07/18 8.54 8.61 8.54 8.58 
2016/07/19 8.58 8.60 8.56 8.56 
2016/07/20 8.58 8.72 8.58 8.68 
2016/07/21 8.70 8.87 8.66 8.84 
2016/07/22 8.88 8.90 8.84 8.87 
2016/07/25 8.97 8.97 8.86 8.88 
2016/07/26 8.93 8.93 8.88 8.91 
2016/07/27 8.90 8.95 8.87 8.90 
2016/07/28 8.95 8.97 8.92 8.92 
2016/07/29 8.92 8.94 8.83 8.91 
2016/08/01 8.91 8.95 8.90 8.92 
2016/08/02 8.95 8.95 8.87 8.91 
2016/08/03 8.91 8.92 8.88 8.88 
2016/08/04 8.49 8.49 8.37 8.40 
2016/08/05 8.40 8.44 8.37 8.44 
2016/08/08 8.44 8.50 8.40 8.43 
2016/08/09 8.44 8.45 8.40 8.44 
2016/08/10 8.41 8.44 8.37 8.42 
2016/08/11 8.45 8.45 8.34 8.42 
2016/08/12 8.42 8.52 8.41 8.51 
2016/08/15 8.51 8.51 8.42 8.50 
2016/08/16 8.51 8.51 8.46 8.49 
2016/08/17 8.37 8.50 8.37 8.50 
2016/08/18 8.48 8.51 8.43 8.51 
2016/08/19 8.50 8.51 8.43 8.50 
2016/08/22 8.38 8.48 8.38 8.40 
2016/08/23 8.50 8.50 8.41 8.46 
2016/08/24 8.46 8.50 8.40 8.46 
2016/08/25 8.49 8.51 8.40 8.50 
2016/08/26 8.50 8.53 8.50 8.50 
2016/08/29 8.50 8.51 8.42 8.50 
2016/08/30 8.46 8.50 8.46 8.50 
2016/08/31 8.50 8.50 8.40 8.46 
2016/09/01 8.49 8.68 8.39 8.50 
2016/09/02 8.47 8.50 8.41 8.48 
2016/09/05 8.41 8.50 8.41 8.49 
2016/09/06 8.49 8.50 8.43 8.44 
2016/09/07 8.44 8.50 8.42 8.45 
2016/09/08 8.41 8.50 8.41 8.49 
2016/09/09 8.49 8.50 8.40 8.42 
2016/09/10 8.40 8.48 8.40 8.47 
2016/09/12 8.47 8.48 8.40 8.40 
2016/09/13 8.48 8.49 8.38 8.41 
2016/09/14 8.50 8.50 8.37 8.48 
2016/09/19 8.45 8.48 8.45 8.48 
2016/09/20 8.45 8.50 8.41 8.50 
2016/09/21 8.44 8.80 8.43 8.50 
2016/09/22 8.50 8.50 8.44 8.50 
2016/09/23 8.50 8.50 8.45 8.50 
2016/09/26 8.49 8.50 8.42 8.50 
2016/09/29 8.50 8.50 8.42 8.50 
2016/09/30 8.50 8.50 8.42 8.49 
2016/10/03 8.49 8.50 8.40 8.47 
2016/10/04 8.49 8.49 8.39 8.46 
2016/10/05 8.40 8.48 8.38 8.46 
2016/10/06 8.44 8.48 8.41 8.47 
2016/10/07 8.41 8.49 8.39 8.48 
2016/10/11 8.48 8.49 8.40 8.46 
2016/10/12 8.42 8.46 8.38 8.44 
2016/10/13 8.38 8.45 8.38 8.45 
2016/10/14 8.38 8.45 8.33 8.34 
2016/10/17 8.45 8.48 8.35 8.45 
2016/10/18 8.47 8.47 8.40 8.45 
2016/10/19 8.46 8.49 8.38 8.48 
2016/10/20 8.42 8.49 8.41 8.48 
2016/10/21 8.45 8.50 8.40 8.40 
2016/10/24 8.46 8.46 8.41 8.45 
2016/10/25 8.45 8.47 8.45 8.47 
2016/10/26 8.45 8.48 8.41 8.46 
2016/10/27 8.46 8.48 8.40 8.47 
2016/10/28 8.48 8.49 8.42 8.49 
2016/10/31 8.47 8.48 8.44 8.47 
2016/11/01 8.42 8.48 8.40 8.48 
2016/11/02 8.48 8.49 8.39 8.47 
2016/11/03 8.47 8.47 8.40 8.46 
2016/11/04 8.43 8.46 8.33 8.46 
2016/11/07 8.47 8.48 8.37 8.46 
2016/11/08 8.45 8.46 8.45 8.46 
2016/11/09 8.40 8.40 8.34 8.39 
2016/11/10 8.44 8.48 8.38 8.47 
2016/11/11 8.47 8.47 8.40 8.46 
2016/11/14 8.46 8.46 8.10 8.46 
2016/11/15 8.40 8.48 8.40 8.45 
2016/11/16 8.44 8.45 8.39 8.45 
2016/11/17 8.41 8.48 8.41 8.46 
2016/11/18 8.45 8.45 8.38 8.42 
2016/11/21 8.45 8.45 8.42 8.45 
2016/11/22 8.40 8.46 8.40 8.45 
2016/11/23 8.44 8.45 8.38 8.45 
2016/11/24 8.45 8.45 8.39 8.44 
2016/11/25 8.44 8.44 8.38 8.44 
2016/11/28 8.44 8.47 8.39 8.46 
2016/11/29 8.46 8.50 8.46 8.49 
2016/11/30 8.47 8.93 8.47 8.72 
2016/12/01 8.82 8.82 8.60 8.70 
2016/12/02 8.70 8.72 8.60 8.61 
2016/12/05 8.60 8.66 8.51 8.60 
2016/12/06 8.53 8.63 8.52 8.61 
2016/12/07 8.52 8.55 8.51 8.51 
2016/12/08 8.50 8.55 8.47 8.50 
2016/12/09 8.48 8.54 8.47 8.48 
2016/12/12 8.50 8.57 8.48 8.52 
2016/12/13 8.48 8.55 8.46 8.55 
2016/12/14 8.50 8.57 8.46 8.57 
2016/12/15 8.57 8.66 8.57 8.64 
2016/12/16 8.64 8.69 8.64 8.68 
2016/12/19 8.69 8.70 8.60 8.68 
2016/12/20 8.70 8.73 8.62 8.69 
2016/12/21 8.69 8.69 8.57 8.67 
2016/12/22 8.62 8.64 8.55 8.64 
2016/12/23 8.60 8.60 8.50 8.58 
2016/12/26 8.58 8.58 8.51 8.53 
2016/12/27 8.53 8.59 8.53 8.59 
2016/12/28 8.52 8.67 8.52 8.67 
2016/12/29 8.60 8.68 8.60 8.68 
2016/12/30 8.68 8.70 8.65 8.69 
2017/01/03 8.69 8.69 8.62 8.68 
2017/01/04 8.65 8.68 8.52 8.67 
2017/01/05 8.59 8.66 8.56 8.66 
2017/01/06 8.66 8.66 8.60 8.66 
2017/01/09 8.66 8.66 8.60 8.66 
2017/01/10 8.61 8.64 8.57 8.64 
2017/01/11 8.57 8.61 8.55 8.60 
2017/01/12 8.60 8.63 8.59 8.61 
2017/01/13 8.61 8.74 8.55 8.56 
2017/01/16 8.57 8.60 8.40 8.48 
2017/01/17 8.50 8.54 8.41 8.48 
2017/01/18 8.48 8.48 8.40 8.47 
2017/01/19 8.47 8.48 8.40 8.46 
2017/01/20 8.46 8.50 8.46 8.47 
2017/01/23 8.41 8.54 8.41 8.53 
2017/01/24 8.50 8.54 8.45 8.50 
2017/02/02 8.44 8.56 8.44 8.55 
2017/02/03 8.50 8.55 8.46 8.55 
2017/02/06 8.55 8.74 8.54 8.66 
2017/02/07 8.66 8.66 8.58 8.59 
2017/02/08 8.60 8.65 8.58 8.58 
