2016/07/01 37.20 37.20 36.80 36.85 
2016/07/04 37.10 37.15 36.85 37.10 
2016/07/05 37.10 37.20 36.90 37.15 
2016/07/06 37.00 37.00 36.65 36.70 
2016/07/07 36.75 36.95 36.60 36.60 
2016/07/11 37.85 37.85 37.00 37.05 
2016/07/12 37.00 37.25 36.90 37.00 
2016/07/13 37.00 37.20 36.90 36.90 
2016/07/14 37.10 37.20 36.70 36.90 
2016/07/15 37.00 37.00 36.60 36.70 
2016/07/18 36.90 37.45 36.80 37.10 
2016/07/19 37.10 37.10 36.75 36.90 
2016/07/20 37.10 37.15 36.90 36.95 
2016/07/21 37.15 37.25 37.05 37.10 
2016/07/22 37.30 39.20 37.25 38.40 
2016/07/25 38.75 38.90 37.90 38.40 
2016/07/26 38.30 38.40 37.90 38.10 
2016/07/27 38.10 38.20 37.85 38.00 
2016/07/28 38.20 38.25 37.60 37.75 
2016/07/29 34.50 35.25 34.35 34.35 
2016/08/01 34.65 34.85 34.55 34.55 
2016/08/02 34.60 34.70 34.40 34.50 
2016/08/03 34.40 34.45 33.80 34.05 
2016/08/04 34.05 34.15 33.70 33.85 
2016/08/05 33.85 34.20 33.85 34.15 
2016/08/08 34.30 34.40 34.00 34.40 
2016/08/09 34.40 34.50 34.20 34.25 
2016/08/10 34.55 35.25 34.50 35.15 
2016/08/11 35.15 35.70 35.00 35.70 
2016/08/12 35.75 35.80 35.40 35.70 
2016/08/15 35.95 35.95 35.60 35.70 
2016/08/16 35.85 35.85 35.50 35.75 
2016/08/17 35.65 35.80 35.50 35.80 
2016/08/18 35.80 36.00 35.60 36.00 
2016/08/19 36.15 36.20 35.70 35.70 
2016/08/22 35.70 35.75 35.30 35.50 
2016/08/23 35.50 35.80 35.40 35.55 
2016/08/24 35.55 36.20 35.55 36.15 
2016/08/25 36.20 36.20 35.90 36.20 
2016/08/26 36.70 37.65 36.65 37.50 
2016/08/29 37.50 37.60 36.90 37.60 
2016/08/30 37.60 37.75 37.35 37.60 
2016/08/31 37.60 37.60 37.00 37.05 
2016/09/01 37.05 37.10 36.55 37.10 
2016/09/02 36.85 36.85 36.45 36.50 
2016/09/05 36.40 36.40 35.85 36.15 
2016/09/06 36.10 36.85 35.90 36.75 
2016/09/07 36.95 37.20 36.90 36.90 
2016/09/08 39.95 40.05 38.30 38.65 
2016/09/09 38.40 38.85 36.90 38.30 
2016/09/10 37.60 37.95 37.45 37.45 
2016/09/12 37.45 37.85 37.10 37.10 
2016/09/13 37.30 37.35 36.75 36.75 
2016/09/14 36.75 37.50 36.65 37.50 
2016/09/19 37.85 37.90 37.15 37.15 
2016/09/20 37.15 37.20 36.80 37.20 
2016/09/21 37.25 38.65 37.00 38.30 
2016/09/22 38.30 38.30 37.65 37.75 
2016/09/23 37.75 38.00 37.70 37.90 
2016/09/26 37.80 38.00 37.45 37.45 
2016/09/29 37.75 38.00 37.55 37.70 
2016/09/30 37.55 37.80 37.20 37.25 
2016/10/03 37.45 37.65 37.05 37.15 
2016/10/04 37.40 37.40 37.05 37.10 
2016/10/05 37.05 37.80 37.00 37.40 
2016/10/06 37.65 37.65 37.30 37.40 
2016/10/07 37.20 37.40 37.00 37.05 
2016/10/11 37.20 37.35 36.80 36.95 
2016/10/12 36.80 37.10 36.55 36.95 
2016/10/13 36.90 36.95 36.30 36.40 
2016/10/14 36.40 36.40 35.95 35.95 
2016/10/17 35.70 36.35 35.70 36.20 
2016/10/18 36.00 36.30 36.00 36.10 
2016/10/19 36.20 36.45 36.15 36.35 
2016/10/20 36.35 36.35 36.00 36.00 
2016/10/21 36.05 36.30 35.75 35.75 
2016/10/24 35.90 36.40 35.90 36.35 
2016/10/25 36.30 36.30 36.15 36.15 
2016/10/26 36.15 36.25 35.85 36.00 
2016/10/27 36.15 36.15 35.80 35.80 
2016/10/28 35.85 35.95 35.60 35.90 
2016/10/31 35.80 36.30 35.65 36.30 
2016/11/01 36.30 36.50 36.10 36.35 
2016/11/02 36.20 36.35 36.00 36.00 
2016/11/03 36.20 36.20 35.30 35.50 
2016/11/04 35.50 35.75 35.20 35.70 
2016/11/07 35.75 35.85 35.65 35.85 
2016/11/08 35.80 35.95 35.75 35.75 
2016/11/09 35.95 35.95 35.20 35.40 
2016/11/10 35.55 35.70 35.20 35.50 
2016/11/11 35.50 35.50 35.10 35.10 
2016/11/14 35.10 35.30 34.75 35.05 
2016/11/15 35.15 36.20 35.15 36.00 
2016/11/16 36.00 36.15 35.70 35.85 
2016/11/17 36.00 36.00 35.20 35.30 
2016/11/18 35.65 35.70 35.20 35.60 
2016/11/21 35.60 35.80 35.60 35.80 
2016/11/22 35.55 35.90 35.55 35.70 
2016/11/23 35.75 36.20 35.75 36.00 
2016/11/24 36.40 36.55 36.25 36.50 
2016/11/25 36.50 36.80 36.50 36.60 
2016/11/28 36.60 36.80 36.30 36.45 
2016/11/29 36.55 36.65 36.35 36.35 
2016/11/30 36.70 37.20 36.60 37.15 
2016/12/01 37.15 37.20 36.80 37.00 
2016/12/02 37.00 37.00 36.55 36.85 
2016/12/05 36.90 37.00 36.65 37.00 
2016/12/06 37.10 37.20 36.90 37.05 
2016/12/07 37.10 37.15 37.00 37.10 
2016/12/08 37.15 37.20 36.95 37.20 
2016/12/09 37.25 37.25 36.95 37.00 
2016/12/12 37.00 37.15 36.70 36.70 
2016/12/13 36.75 37.05 36.75 37.00 
2016/12/14 37.05 37.10 36.70 36.85 
2016/12/15 36.70 36.90 36.65 36.80 
2016/12/16 37.05 37.10 36.80 37.10 
2016/12/19 37.00 37.40 36.90 37.15 
2016/12/20 37.15 37.30 37.05 37.15 
2016/12/21 37.05 37.15 36.90 36.95 
2016/12/22 37.20 37.20 36.60 36.65 
2016/12/23 36.60 36.60 36.15 36.15 
2016/12/26 36.45 36.45 36.20 36.40 
2016/12/27 36.55 36.60 36.40 36.50 
2016/12/28 36.60 36.70 36.50 36.50 
2016/12/29 36.45 36.65 36.40 36.40 
2016/12/30 36.50 37.00 36.50 36.95 
2017/01/03 36.95 36.95 36.75 36.95 
2017/01/04 36.95 37.00 36.70 37.00 
2017/01/05 36.90 37.00 36.80 36.85 
2017/01/06 36.85 36.90 36.70 36.80 
2017/01/09 36.90 36.95 36.40 36.85 
2017/01/10 36.85 36.90 36.60 36.80 
2017/01/11 36.90 36.90 36.55 36.85 
2017/01/12 36.85 37.05 36.65 37.05 
2017/01/13 37.00 37.10 36.75 37.10 
2017/01/16 37.05 37.15 36.70 37.15 
2017/01/17 37.00 37.20 36.80 37.20 
2017/01/18 37.10 37.15 36.85 36.85 
2017/01/19 36.85 37.00 36.70 36.95 
2017/01/20 36.95 36.95 36.75 36.95 
2017/01/23 36.95 37.05 36.85 36.95 
2017/01/24 37.00 37.10 36.80 37.05 
2017/02/02 37.15 37.25 37.05 37.20 
2017/02/03 37.25 37.40 37.05 37.40 
2017/02/06 37.45 38.55 37.45 38.40 
2017/02/07 38.40 38.40 37.90 38.00 
2017/02/08 38.00 38.15 37.85 37.90 
