2016/07/01 16.00 16.00 15.95 15.95 
2016/07/04 15.95 16.00 15.95 16.00 
2016/07/05 16.00 16.00 15.80 15.95 
2016/07/06 15.95 15.95 15.85 15.90 
2016/07/07 15.90 15.90 15.85 15.85 
2016/07/11 15.70 15.90 15.70 15.90 
2016/07/12 15.90 15.90 15.80 15.90 
2016/07/13 15.90 15.90 15.80 15.90 
2016/07/14 16.00 16.00 15.90 16.00 
2016/07/15 15.90 15.95 15.80 15.90 
2016/07/18 15.90 16.00 15.90 16.00 
2016/07/19 16.00 16.00 15.90 15.95 
2016/07/20 15.90 16.00 15.90 16.00 
2016/07/21 15.95 15.95 15.90 15.95 
2016/07/22 15.95 15.95 15.85 15.95 
2016/07/25 15.90 15.95 15.80 15.90 
2016/07/26 15.95 15.95 15.85 15.90 
2016/07/27 15.95 15.95 15.85 15.95 
2016/07/28 15.85 16.00 15.85 15.95 
2016/07/29 15.95 15.95 15.85 15.95 
2016/08/01 15.95 15.95 15.80 15.95 
2016/08/02 15.95 15.95 15.90 15.95 
2016/08/03 15.85 15.95 15.70 15.95 
2016/08/04 15.80 15.95 15.80 15.85 
2016/08/05 15.85 15.90 15.85 15.90 
2016/08/08 15.95 15.95 15.90 15.90 
2016/08/09 15.90 15.95 15.90 15.95 
2016/08/10 15.95 15.95 15.90 15.95 
2016/08/11 15.95 15.95 15.90 15.90 
2016/08/12 15.95 16.00 15.90 15.95 
2016/08/15 16.00 16.00 15.90 16.00 
2016/08/16 16.00 16.20 15.90 16.15 
2016/08/17 16.20 16.20 16.10 16.20 
2016/08/18 16.15 16.20 16.10 16.15 
2016/08/19 16.10 16.10 16.00 16.10 
2016/08/22 16.05 16.10 16.00 16.05 
2016/08/23 16.05 16.25 16.05 16.20 
2016/08/24 16.35 16.45 16.25 16.30 
2016/08/25 16.30 16.35 16.25 16.30 
2016/08/26 14.90 14.95 14.80 14.95 
2016/08/29 14.95 15.00 14.90 14.90 
2016/08/30 14.90 14.95 14.85 14.85 
2016/08/31 14.85 14.95 14.80 14.90 
2016/09/01 14.90 14.90 14.80 14.80 
2016/09/02 15.05 15.05 14.80 14.90 
2016/09/05 15.00 15.00 14.85 14.85 
2016/09/06 14.80 14.90 14.80 14.80 
2016/09/07 14.90 14.90 14.70 14.80 
2016/09/08 14.80 14.80 14.75 14.80 
2016/09/09 14.80 14.85 14.75 14.75 
2016/09/10 14.60 14.75 14.50 14.65 
2016/09/12 14.60 14.70 14.60 14.70 
2016/09/13 14.70 14.75 14.70 14.70 
2016/09/14 14.70 14.75 14.70 14.70 
2016/09/19 14.80 14.80 14.75 14.80 
2016/09/20 14.80 14.90 14.75 14.80 
2016/09/21 14.80 15.50 14.75 15.05 
2016/09/22 15.00 15.10 15.00 15.10 
2016/09/23 15.10 15.10 14.90 15.05 
2016/09/26 15.10 15.10 14.90 14.90 
2016/09/29 15.00 15.00 14.95 15.00 
2016/09/30 14.90 14.90 14.85 14.90 
2016/10/03 14.90 14.90 14.70 14.70 
2016/10/04 14.70 14.75 14.60 14.75 
2016/10/05 14.85 14.85 14.55 14.60 
2016/10/06 14.60 14.70 14.60 14.60 
2016/10/07 14.70 14.70 14.55 14.70 
2016/10/11 14.75 14.75 14.70 14.75 
2016/10/12 14.80 14.80 14.75 14.80 
2016/10/13 14.85 14.95 14.80 14.85 
2016/10/14 14.95 14.95 14.70 14.70 
2016/10/17 14.80 14.90 14.70 14.90 
2016/10/18 14.80 14.90 14.80 14.90 
2016/10/19 14.75 14.90 14.75 14.90 
2016/10/20 14.70 14.90 14.70 14.85 
2016/10/21 14.70 14.80 14.65 14.70 
2016/10/24 14.70 14.70 14.70 14.70 
2016/10/25 14.75 14.75 14.55 14.65 
2016/10/26 14.65 14.70 14.65 14.65 
2016/10/27 14.75 14.75 14.65 14.65 
2016/10/28 14.60 14.70 14.55 14.70 
2016/10/31 14.65 14.70 14.65 14.65 
2016/11/01 14.65 14.70 14.65 14.70 
2016/11/02 14.70 14.75 14.55 14.60 
2016/11/03 14.70 14.70 14.60 14.60 
2016/11/04 14.50 14.65 14.50 14.65 
2016/11/07 14.65 14.65 14.60 14.60 
2016/11/08 14.65 14.80 14.60 14.80 
2016/11/09 14.80 14.80 14.30 14.40 
2016/11/10 14.40 14.55 14.40 14.55 
2016/11/11 14.45 14.55 14.45 14.55 
2016/11/14 14.45 14.50 14.40 14.50 
2016/11/15 14.40 14.60 14.40 14.50 
2016/11/16 14.55 14.55 14.50 14.50 
2016/11/17 14.50 14.50 14.35 14.50 
2016/11/18 14.30 14.55 14.30 14.55 
2016/11/21 14.45 14.55 14.40 14.55 
2016/11/22 14.55 14.55 14.40 14.40 
2016/11/23 14.50 14.50 14.40 14.40 
2016/11/24 14.50 14.50 14.30 14.40 
2016/11/25 14.45 14.45 14.40 14.40 
2016/11/28 14.45 14.60 14.35 14.45 
2016/11/29 14.45 14.60 14.40 14.60 
2016/11/30 14.60 14.80 14.60 14.75 
2016/12/01 14.75 14.80 14.70 14.75 
2016/12/02 14.60 14.70 14.55 14.60 
2016/12/05 14.65 14.65 14.55 14.60 
2016/12/06 14.55 14.75 14.55 14.75 
2016/12/07 14.75 14.80 14.70 14.80 
2016/12/08 14.80 14.85 14.65 14.85 
2016/12/09 14.80 14.85 14.80 14.85 
2016/12/12 14.80 14.85 14.65 14.85 
2016/12/13 14.85 14.85 14.65 14.80 
2016/12/14 14.80 14.85 14.75 14.80 
2016/12/15 14.80 14.85 14.70 14.70 
2016/12/16 14.55 14.65 14.50 14.65 
2016/12/19 14.60 14.60 14.40 14.45 
2016/12/20 14.40 14.60 14.40 14.45 
2016/12/21 14.40 14.40 14.20 14.35 
2016/12/22 14.30 14.35 14.25 14.30 
2016/12/23 14.25 14.25 14.15 14.20 
2016/12/26 14.10 14.25 14.10 14.25 
2016/12/27 14.20 14.20 14.15 14.20 
2016/12/28 14.20 14.20 14.05 14.05 
2016/12/29 14.10 14.15 13.95 14.15 
2016/12/30 14.00 14.25 14.00 14.20 
2017/01/03 14.25 14.25 14.20 14.20 
2017/01/04 14.10 14.20 14.05 14.20 
2017/01/05 14.15 14.20 14.15 14.20 
2017/01/06 14.15 14.15 14.00 14.15 
2017/01/09 14.10 14.15 14.05 14.15 
2017/01/10 14.10 14.10 14.05 14.10 
2017/01/11 14.10 14.10 14.05 14.10 
2017/01/12 14.10 14.10 14.05 14.10 
2017/01/13 14.05 14.10 14.00 14.10 
2017/01/16 14.10 14.15 14.10 14.10 
2017/01/17 14.15 14.15 14.00 14.10 
2017/01/18 14.05 14.10 14.05 14.10 
2017/01/19 14.00 14.05 13.90 13.95 
2017/01/20 13.95 14.00 13.90 13.95 
2017/01/23 13.95 14.00 13.90 13.95 
2017/01/24 13.95 14.00 13.95 14.00 
2017/02/02 14.10 14.10 13.90 14.05 
2017/02/03 13.90 14.10 13.80 14.00 
2017/02/06 14.15 14.45 14.10 14.40 
2017/02/07 14.45 14.45 14.25 14.25 
2017/02/08 14.30 14.30 14.05 14.25 
