2016/07/01 10.60 10.65 9.91 9.91 
2016/07/04 10.05 10.25 10.00 10.15 
2016/07/05 10.00 10.10 9.91 9.91 
2016/07/06 9.87 9.87 9.50 9.75 
2016/07/07 9.65 9.83 9.65 9.71 
2016/07/11 9.80 9.85 9.73 9.73 
2016/07/12 9.73 10.05 9.73 9.80 
2016/07/13 9.80 10.75 9.80 10.75 
2016/07/14 10.80 11.65 10.75 11.00 
2016/07/15 11.05 11.15 10.45 11.15 
2016/07/18 11.00 11.00 10.75 10.75 
2016/07/19 10.80 10.80 10.75 10.75 
2016/07/20 10.75 11.00 10.60 10.65 
2016/07/21 10.55 10.85 10.55 10.60 
2016/07/22 10.60 10.60 10.50 10.50 
2016/07/25 10.40 10.55 10.40 10.55 
2016/07/26 10.35 10.70 10.35 10.40 
2016/07/27 10.40 11.00 10.40 10.75 
2016/07/28 10.65 10.65 10.50 10.65 
2016/07/29 10.65 10.95 10.65 10.70 
2016/08/01 10.60 10.60 10.55 10.55 
2016/08/02 10.55 10.80 10.55 10.55 
2016/08/03 10.55 10.75 10.55 10.55 
2016/08/04 10.60 10.75 10.30 10.60 
2016/08/05 10.60 10.80 10.50 10.55 
2016/08/08 10.55 10.60 10.45 10.60 
2016/08/09 10.80 10.80 10.30 10.30 
2016/08/10 10.30 10.60 10.10 10.10 
2016/08/11 10.10 10.70 10.00 10.15 
2016/08/12 10.30 10.35 9.82 9.82 
2016/08/15 9.82 9.89 9.69 9.69 
2016/08/16 9.69 9.78 9.61 9.65 
2016/08/17 9.65 9.96 9.52 9.64 
2016/08/18 9.55 9.71 9.52 9.60 
2016/08/19 9.60 9.79 9.55 9.61 
2016/08/22 9.75 9.80 9.61 9.80 
2016/08/23 9.80 10.00 9.80 9.85 
2016/08/24 10.05 10.05 9.70 9.70 
2016/08/25 9.71 9.71 9.49 9.61 
2016/08/26 9.41 9.75 9.41 9.55 
2016/08/29 9.74 9.74 9.50 9.60 
2016/08/30 9.54 9.70 9.52 9.70 
2016/08/31 9.70 9.79 9.55 9.63 
2016/09/01 9.89 9.89 9.20 9.50 
2016/09/02 9.50 9.50 9.33 9.35 
2016/09/05 9.35 9.62 9.25 9.62 
2016/09/06 9.62 9.62 9.36 9.50 
2016/09/07 9.58 10.10 9.53 9.66 
2016/09/08 9.94 9.94 9.66 9.88 
2016/09/09 9.88 9.88 9.60 9.74 
2016/09/10 9.74 10.00 9.62 9.80 
2016/09/12 9.61 9.68 9.61 9.68 
2016/09/13 9.80 9.93 9.52 9.89 
2016/09/14 9.97 9.97 9.70 9.83 
2016/09/19 9.80 9.95 9.61 9.83 
2016/09/20 9.80 9.80 9.75 9.80 
2016/09/21 9.70 9.80 9.62 9.69 
2016/09/22 9.69 9.76 9.65 9.65 
2016/09/23 9.75 9.80 9.60 9.79 
2016/09/26 9.79 9.98 9.70 9.80 
2016/09/29 9.60 9.87 9.55 9.83 
2016/09/30 9.60 9.79 9.39 9.79 
2016/10/03 9.63 9.63 9.63 9.63 
2016/10/04 9.60 9.90 9.60 9.84 
2016/10/05 9.75 9.75 9.55 9.55 
2016/10/06 9.55 9.68 9.46 9.50 
2016/10/07 9.45 9.56 9.36 9.56 
2016/10/11 9.36 9.56 9.20 9.56 
2016/10/12 9.56 9.56 9.36 9.54 
2016/10/13 9.54 9.69 9.37 9.39 
2016/10/14 9.25 9.30 8.99 9.29 
2016/10/17 9.04 9.04 8.88 8.88 
2016/10/18 8.88 8.96 8.80 8.80 
2016/10/19 8.70 9.10 8.70 8.99 
2016/10/20 9.09 9.19 8.88 8.99 
2016/10/21 8.90 9.04 8.76 8.78 
2016/10/24 8.75 8.78 8.71 8.78 
2016/10/25 8.70 8.81 8.61 8.66 
2016/10/26 8.77 8.78 8.65 8.65 
2016/10/27 8.67 8.67 8.40 8.60 
2016/10/28 8.61 8.94 8.61 8.70 
2016/11/01 8.80 8.80 8.55 8.55 
2016/11/02 8.70 8.70 8.60 8.60 
2016/11/03 8.50 8.50 8.40 8.45 
2016/11/04 8.11 8.30 8.00 8.15 
2016/11/07 8.12 8.15 8.12 8.15 
2016/11/08 8.35 8.35 8.15 8.15 
2016/11/09 8.15 8.37 7.61 8.00 
2016/11/10 8.19 8.19 8.10 8.10 
2016/11/11 8.35 8.35 8.15 8.29 
2016/11/14 8.01 8.27 8.00 8.27 
2016/11/15 8.00 8.22 8.00 8.10 
2016/11/16 8.25 8.37 8.20 8.20 
2016/11/17 8.00 8.16 8.00 8.16 
2016/11/18 8.20 8.20 8.05 8.16 
2016/11/21 8.10 8.15 8.04 8.04 
2016/11/22 8.04 8.23 8.02 8.02 
2016/11/23 8.37 8.37 8.19 8.19 
2016/11/24 8.17 9.00 8.17 8.98 
2016/11/25 8.90 8.90 8.25 8.58 
2016/11/28 8.30 8.36 8.21 8.21 
2016/11/29 8.68 8.68 8.40 8.55 
2016/11/30 8.49 8.55 8.29 8.48 
2016/12/01 8.54 8.54 8.37 8.37 
2016/12/02 8.47 8.47 8.26 8.26 
2016/12/05 8.97 8.97 8.51 8.51 
2016/12/06 8.74 8.75 8.43 8.44 
2016/12/07 8.42 8.42 8.26 8.26 
2016/12/08 8.26 8.37 8.08 8.21 
2016/12/09 8.30 8.49 8.27 8.33 
2016/12/12 8.50 8.50 8.25 8.27 
2016/12/13 8.27 8.27 8.20 8.21 
2016/12/14 8.19 8.19 8.10 8.10 
2016/12/15 8.00 8.23 8.00 8.08 
2016/12/16 8.10 8.19 8.06 8.06 
2016/12/19 8.06 8.07 7.70 7.75 
2016/12/20 7.75 7.87 7.68 7.87 
2016/12/21 7.86 7.97 7.73 7.95 
2016/12/22 7.99 8.16 7.94 8.00 
2016/12/23 8.00 8.00 7.41 7.51 
2016/12/26 7.55 7.76 7.22 7.25 
2016/12/27 7.25 7.38 7.25 7.25 
2016/12/28 7.25 7.39 7.25 7.26 
2016/12/29 7.34 7.34 7.34 7.34 
2016/12/30 7.34 7.54 7.33 7.33 
2017/01/03 7.52 7.52 7.02 7.35 
2017/01/04 7.35 7.40 7.15 7.15 
2017/01/05 7.08 7.26 7.08 7.26 
2017/01/06 7.25 7.32 7.25 7.30 
2017/01/09 7.44 7.44 7.20 7.42 
2017/01/11 7.45 7.45 7.35 7.35 
2017/01/12 7.30 7.44 7.30 7.35 
2017/01/13 7.15 7.59 7.15 7.36 
2017/01/16 7.17 7.26 7.10 7.11 
2017/01/17 7.24 7.39 7.08 7.15 
2017/01/18 7.29 7.29 7.15 7.15 
2017/01/19 7.25 7.25 7.20 7.25 
2017/01/20 7.16 7.18 7.15 7.15 
2017/01/23 7.35 7.36 7.35 7.36 
2017/01/24 7.36 7.38 7.21 7.37 
2017/02/03 7.36 7.48 7.36 7.47 
2017/02/06 7.49 7.86 7.49 7.81 
2017/02/07 7.79 7.79 7.52 7.55 
2017/02/08 7.55 7.70 7.50 7.55 
