2016/07/01 81.00 82.00 81.00 82.00 
2016/07/04 82.00 83.00 82.00 82.00 
2016/07/05 82.00 82.00 81.60 81.60 
2016/07/06 81.60 81.60 80.90 80.90 
2016/07/07 82.50 82.50 81.10 81.60 
2016/07/11 81.60 82.00 81.30 81.80 
2016/07/12 81.70 82.00 81.50 81.60 
2016/07/13 82.20 83.10 81.70 83.00 
2016/07/14 83.60 84.80 83.10 84.30 
2016/07/15 84.60 85.70 84.50 85.10 
2016/07/18 85.30 85.30 84.70 84.80 
2016/07/19 85.50 85.50 84.70 85.00 
2016/07/20 85.10 85.30 84.40 85.00 
2016/07/21 85.00 85.50 85.00 85.30 
2016/07/22 85.00 85.40 84.50 85.40 
2016/07/25 85.40 85.40 84.50 85.10 
2016/07/26 85.00 85.10 84.90 85.10 
2016/07/27 85.50 85.60 85.10 85.60 
2016/07/28 85.60 85.80 85.00 85.20 
2016/07/29 85.50 85.50 85.10 85.20 
2016/08/01 85.50 87.60 85.50 87.10 
2016/08/02 86.60 87.90 86.60 87.60 
2016/08/03 86.90 88.50 86.90 88.00 
2016/08/04 88.50 88.50 87.50 88.30 
2016/08/05 88.50 88.50 87.80 88.00 
2016/08/08 88.10 89.00 88.10 88.90 
2016/08/09 89.30 91.50 89.30 90.40 
2016/08/10 90.70 90.70 89.50 90.50 
2016/08/11 92.90 93.30 91.10 92.30 
2016/08/12 92.20 93.30 91.70 92.50 
2016/08/15 92.40 92.40 90.70 91.80 
2016/08/16 91.80 93.00 91.10 91.40 
2016/08/17 91.40 91.90 90.50 90.90 
2016/08/18 90.90 91.20 90.40 90.70 
2016/08/19 91.00 92.00 90.80 90.80 
2016/08/22 90.90 91.50 90.70 91.20 
2016/08/23 85.20 85.80 85.00 85.30 
2016/08/24 86.10 86.10 84.50 85.00 
2016/08/25 85.00 85.00 84.60 85.00 
2016/08/26 85.00 85.00 84.40 84.80 
2016/08/29 84.60 84.80 83.60 84.80 
2016/08/30 85.00 86.30 85.00 86.10 
2016/08/31 86.20 87.40 86.20 86.50 
2016/09/01 86.50 87.10 85.10 86.80 
2016/09/02 87.40 87.80 86.30 87.20 
2016/09/05 88.00 88.00 86.40 86.70 
2016/09/06 86.70 87.20 86.10 86.70 
2016/09/07 86.90 87.00 85.80 86.30 
2016/09/08 86.30 86.30 85.60 85.80 
2016/09/09 87.00 87.00 85.90 86.60 
2016/09/10 86.00 86.60 85.30 86.40 
2016/09/12 83.10 84.90 81.10 82.50 
2016/09/13 82.40 83.30 81.50 82.50 
2016/09/14 82.40 83.10 81.70 82.40 
2016/09/19 82.40 83.60 82.00 83.20 
2016/09/20 83.10 83.10 82.10 82.90 
2016/09/21 83.00 83.00 82.50 82.80 
2016/09/22 82.80 83.00 82.40 82.90 
2016/09/23 82.90 83.50 82.60 82.90 
2016/09/26 82.80 82.80 82.10 82.80 
2016/09/29 83.00 83.00 82.30 82.80 
2016/09/30 82.40 82.90 82.40 82.90 
2016/10/03 83.10 83.50 82.90 83.20 
2016/10/04 83.20 84.00 83.00 83.90 
2016/10/05 84.00 84.00 83.30 84.00 
2016/10/06 83.60 84.30 83.60 84.10 
2016/10/07 83.70 84.20 83.20 83.70 
2016/10/11 83.90 83.90 82.20 83.10 
2016/10/12 83.20 83.30 82.00 82.00 
2016/10/13 83.00 83.00 82.00 82.70 
2016/10/14 82.70 82.70 81.80 82.30 
2016/10/17 81.50 82.30 81.10 81.90 
2016/10/18 81.90 82.30 81.30 82.30 
2016/10/19 82.50 82.60 82.20 82.40 
2016/10/20 82.40 82.90 82.40 82.70 
2016/10/21 83.00 83.40 82.70 83.10 
2016/10/24 83.20 85.00 82.70 85.00 
2016/10/25 85.30 85.90 85.00 85.50 
2016/10/26 85.50 85.50 84.90 85.40 
2016/10/27 85.70 85.70 84.60 85.50 
2016/10/28 84.90 85.40 84.10 85.40 
2016/10/31 85.60 85.60 84.90 85.00 
2016/11/01 85.20 85.60 84.60 85.00 
2016/11/02 85.00 85.00 84.10 84.90 
2016/11/03 84.50 84.80 83.50 84.40 
2016/11/04 84.90 84.90 83.80 84.20 
2016/11/07 83.50 84.50 83.20 84.40 
2016/11/08 85.20 85.20 82.80 84.30 
2016/11/09 87.30 87.30 83.00 84.00 
2016/11/10 84.10 85.30 83.80 85.30 
2016/11/11 82.00 83.90 82.00 83.90 
2016/11/14 84.00 84.00 83.00 84.00 
2016/11/15 84.30 84.30 83.50 84.10 
2016/11/16 84.90 84.90 84.30 84.60 
2016/11/17 84.90 85.00 84.40 84.60 
2016/11/18 84.90 85.00 84.60 84.70 
2016/11/21 85.20 85.40 84.80 85.30 
2016/11/22 85.50 87.10 85.50 86.10 
2016/11/23 86.50 86.50 86.00 86.30 
2016/11/24 86.60 86.60 85.50 86.00 
2016/11/25 85.50 86.20 85.40 86.00 
2016/11/28 87.00 88.40 86.70 87.80 
2016/11/29 88.10 89.00 88.10 88.20 
2016/11/30 88.80 88.90 87.30 88.30 
2016/12/01 88.60 88.60 87.60 87.60 
2016/12/02 88.10 88.50 87.70 88.30 
2016/12/05 88.30 90.90 88.30 89.80 
2016/12/06 90.00 90.30 89.40 90.30 
2016/12/07 91.20 91.20 89.80 89.80 
2016/12/08 89.80 90.20 88.90 90.20 
2016/12/09 90.40 90.80 90.20 90.80 
2016/12/12 90.60 91.70 90.60 91.20 
2016/12/13 91.20 92.00 90.90 92.00 
2016/12/14 93.10 94.80 92.00 93.00 
2016/12/15 93.00 93.00 91.50 92.80 
2016/12/16 93.80 94.60 93.40 93.90 
2016/12/19 94.70 95.00 93.80 94.20 
2016/12/20 94.80 94.80 93.60 94.50 
2016/12/21 95.00 97.60 94.80 96.90 
2016/12/22 98.50 98.80 93.30 94.00 
2016/12/23 94.00 94.00 92.10 92.40 
2016/12/26 91.80 92.80 91.50 92.20 
2016/12/27 93.10 93.10 91.80 92.50 
2016/12/28 92.90 93.00 92.20 92.50 
2016/12/29 93.00 93.00 91.60 92.40 
2016/12/30 92.40 93.00 91.90 93.00 
2017/01/03 93.00 93.30 92.00 92.50 
2017/01/04 92.80 93.90 92.50 93.30 
2017/01/05 93.80 93.80 92.80 93.70 
2017/01/06 93.70 93.90 93.00 93.50 
2017/01/09 93.40 94.20 93.30 93.60 
2017/01/10 93.90 94.20 93.60 94.20 
2017/01/11 93.30 93.50 92.00 93.50 
2017/01/12 93.30 94.40 93.20 93.50 
2017/01/13 94.10 94.10 93.00 93.50 
2017/01/16 93.50 93.60 92.50 93.40 
2017/01/17 93.40 93.40 92.20 93.10 
2017/01/18 93.30 93.30 92.10 92.60 
2017/01/19 92.70 93.00 92.10 92.90 
2017/01/20 92.90 93.00 92.50 93.00 
2017/01/23 92.40 92.90 92.30 92.90 
2017/01/24 92.60 93.40 92.40 93.40 
2017/02/02 93.70 94.00 92.90 93.70 
2017/02/03 93.80 94.50 93.70 94.50 
2017/02/06 94.80 95.60 94.40 95.00 
2017/02/07 95.00 95.40 94.60 95.00 
2017/02/08 94.80 95.00 94.30 95.00 
