2016/07/01 25.65 25.90 25.65 25.65 
2016/07/04 25.65 26.15 25.65 26.05 
2016/07/05 26.00 26.00 25.90 25.95 
2016/07/06 25.60 25.85 25.60 25.85 
2016/07/07 25.85 26.10 25.60 25.80 
2016/07/11 25.60 26.15 25.60 26.05 
2016/07/12 25.80 26.10 25.80 26.10 
2016/07/13 26.50 26.50 26.45 26.45 
2016/07/14 26.00 26.10 25.95 26.10 
2016/07/15 26.00 26.35 25.80 26.00 
2016/07/18 25.85 26.10 25.85 26.10 
2016/07/19 26.10 26.25 26.10 26.25 
2016/07/20 25.80 26.20 25.80 26.00 
2016/07/21 25.90 25.95 25.90 25.95 
2016/07/22 25.80 26.35 25.80 25.85 
2016/07/25 25.30 25.30 24.90 25.30 
2016/07/26 23.85 25.05 23.85 24.90 
2016/07/27 24.10 24.70 24.10 24.70 
2016/07/28 24.70 25.20 24.70 25.20 
2016/07/29 25.20 25.20 25.20 25.20 
2016/08/01 25.10 25.30 25.10 25.30 
2016/08/02 25.20 25.20 25.20 25.20 
2016/08/03 25.10 25.10 25.10 25.10 
2016/08/04 25.10 25.10 25.10 25.10 
2016/08/05 25.10 25.20 25.10 25.20 
2016/08/08 25.10 25.60 25.10 25.30 
2016/08/09 25.20 25.50 25.00 25.50 
2016/08/10 25.40 25.40 25.30 25.30 
2016/08/11 25.30 25.30 24.80 25.00 
2016/08/12 25.05 25.60 25.05 25.60 
2016/08/15 25.50 25.80 25.45 25.75 
2016/08/16 25.80 26.35 25.60 26.20 
2016/08/17 26.30 27.00 26.00 26.65 
2016/08/18 26.30 26.65 26.20 26.20 
2016/08/19 26.15 26.15 25.40 25.80 
2016/08/22 25.50 25.90 25.45 25.50 
2016/08/23 25.60 25.75 25.50 25.60 
2016/08/24 25.70 25.85 25.60 25.60 
2016/08/25 27.00 27.00 26.25 26.30 
2016/08/26 26.00 26.10 26.00 26.05 
2016/08/29 26.30 26.30 25.25 25.25 
2016/08/30 25.20 25.40 25.20 25.40 
2016/08/31 25.20 25.35 24.90 25.25 
2016/09/01 25.60 25.75 25.20 25.30 
2016/09/02 25.50 25.50 25.15 25.50 
2016/09/05 25.75 25.75 25.40 25.40 
2016/09/06 25.05 25.70 24.95 24.95 
2016/09/07 24.85 25.45 24.85 25.45 
2016/09/08 25.20 25.35 25.20 25.35 
2016/09/09 25.20 25.20 25.00 25.05 
2016/09/10 25.05 25.75 25.00 25.75 
2016/09/12 25.35 25.35 25.15 25.30 
2016/09/13 25.30 25.55 25.25 25.55 
2016/09/14 25.50 25.50 25.00 25.00 
2016/09/19 24.65 25.25 24.65 25.00 
2016/09/20 25.00 25.25 25.00 25.25 
2016/09/21 25.00 26.20 25.00 25.85 
2016/09/22 26.00 26.00 25.75 25.75 
2016/09/23 25.50 25.70 25.40 25.60 
2016/09/26 25.55 25.60 25.55 25.60 
2016/09/29 25.60 25.70 25.60 25.70 
2016/09/30 25.80 25.80 25.50 25.50 
2016/10/03 25.25 25.50 25.00 25.00 
2016/10/04 24.90 24.90 24.80 24.90 
2016/10/05 25.40 25.45 25.40 25.45 
2016/10/06 24.95 26.15 24.95 26.15 
2016/10/07 26.10 26.10 25.50 25.50 
2016/10/11 25.10 25.10 24.80 24.95 
2016/10/12 25.05 25.30 25.05 25.30 
2016/10/13 24.80 25.80 24.80 25.80 
2016/10/14 25.35 25.60 25.30 25.30 
2016/10/17 25.30 25.50 25.30 25.50 
2016/10/18 25.50 25.80 25.50 25.60 
2016/10/19 25.65 25.65 25.60 25.65 
2016/10/20 26.00 26.00 25.10 25.65 
2016/10/21 26.00 26.00 24.95 25.00 
2016/10/24 25.55 25.55 25.40 25.40 
2016/10/25 25.55 25.55 25.00 25.00 
2016/10/26 25.05 25.75 25.05 25.75 
2016/10/27 25.75 25.80 25.70 25.75 
2016/10/28 25.80 25.80 25.75 25.80 
2016/10/31 25.90 25.90 25.35 25.85 
2016/11/01 25.85 25.85 25.20 25.20 
2016/11/02 25.00 25.00 25.00 25.00 
2016/11/03 24.90 24.90 24.80 24.80 
2016/11/04 24.50 24.50 24.45 24.50 
2016/11/07 24.70 24.70 24.60 24.60 
2016/11/08 25.35 25.35 24.60 24.95 
2016/11/09 24.95 24.95 24.50 24.50 
2016/11/10 25.00 25.00 24.60 24.60 
2016/11/11 25.55 25.55 25.50 25.50 
2016/11/14 25.65 25.65 25.60 25.60 
2016/11/15 25.05 25.05 24.80 25.00 
2016/11/16 24.90 24.90 24.70 24.70 
2016/11/17 24.50 24.95 24.50 24.95 
2016/11/18 24.95 25.00 24.95 24.95 
2016/11/21 24.70 24.80 24.60 24.70 
2016/11/22 24.70 25.00 24.65 25.00 
2016/11/23 25.20 25.20 24.50 24.50 
2016/11/24 25.00 25.20 25.00 25.20 
2016/11/25 24.75 24.75 24.75 24.75 
2016/11/28 25.00 26.30 25.00 26.00 
2016/11/29 25.40 26.40 25.40 25.75 
2016/11/30 26.20 26.30 25.75 26.20 
2016/12/01 25.80 26.95 25.75 26.90 
2016/12/02 27.05 27.05 26.60 26.95 
2016/12/05 27.00 27.00 26.40 26.40 
2016/12/06 26.60 26.60 26.10 26.10 
2016/12/07 26.20 26.35 26.20 26.25 
2016/12/08 28.00 28.85 27.45 27.50 
2016/12/09 26.95 27.60 26.90 27.25 
2016/12/12 27.00 27.80 27.00 27.65 
2016/12/13 27.65 27.70 27.25 27.25 
2016/12/14 27.25 27.30 27.25 27.25 
2016/12/15 27.20 27.50 27.20 27.50 
2016/12/16 27.90 28.00 27.90 28.00 
2016/12/19 28.05 28.05 28.00 28.00 
2016/12/20 28.00 28.00 27.70 28.00 
2016/12/21 28.00 28.10 28.00 28.00 
2016/12/22 27.85 27.85 27.55 27.55 
2016/12/23 27.90 28.75 27.90 28.45 
2016/12/26 28.45 29.30 28.45 28.75 
2016/12/27 29.20 29.20 28.70 29.00 
2016/12/28 29.20 29.40 28.95 29.40 
2016/12/29 29.30 29.40 28.95 28.95 
2016/12/30 29.30 29.30 28.95 29.25 
2017/01/03 28.60 28.60 28.50 28.55 
2017/01/04 28.50 29.20 27.85 29.20 
2017/01/05 29.10 29.20 29.10 29.20 
2017/01/06 28.60 28.95 28.55 28.95 
2017/01/09 28.90 28.90 28.90 28.90 
2017/01/10 28.35 28.80 28.35 28.80 
2017/01/11 28.20 28.45 28.20 28.30 
2017/01/12 28.00 29.00 28.00 29.00 
2017/01/13 29.00 29.00 28.50 28.60 
2017/01/16 28.60 29.40 28.10 29.00 
2017/01/17 29.00 29.10 29.00 29.00 
2017/01/18 29.00 29.20 28.80 29.10 
2017/01/19 29.10 29.10 28.45 28.45 
2017/01/20 28.45 28.70 28.20 28.70 
2017/01/23 29.00 29.00 28.00 28.25 
2017/01/24 28.00 29.50 28.00 29.30 
2017/02/02 29.00 29.45 29.00 29.45 
2017/02/03 29.50 29.50 29.45 29.45 
2017/02/06 29.15 29.15 29.00 29.00 
2017/02/07 29.00 29.20 29.00 29.20 
2017/02/08 29.25 29.25 28.45 29.25 
