2016/07/01 13.50 13.50 13.45 13.45 
2016/07/04 13.45 13.60 13.40 13.45 
2016/07/05 13.50 13.50 13.35 13.40 
2016/07/06 13.35 13.45 13.30 13.35 
2016/07/07 13.40 13.45 13.30 13.40 
2016/07/11 13.45 13.45 13.30 13.40 
2016/07/12 13.35 13.50 13.35 13.40 
2016/07/13 13.40 13.50 13.40 13.50 
2016/07/14 13.50 13.75 13.50 13.75 
2016/07/15 13.55 13.75 13.55 13.70 
2016/07/18 13.70 13.95 13.60 13.90 
2016/07/19 13.80 13.90 13.70 13.70 
2016/07/20 13.65 13.75 13.60 13.65 
2016/07/21 13.65 13.75 13.65 13.65 
2016/07/22 13.70 13.80 13.65 13.65 
2016/07/25 13.65 13.65 13.50 13.55 
2016/07/26 13.55 13.80 13.55 13.80 
2016/07/27 13.75 13.75 13.60 13.75 
2016/07/28 13.65 13.75 13.65 13.75 
2016/07/29 13.75 13.95 13.70 13.70 
2016/08/01 13.70 13.75 13.70 13.70 
2016/08/02 13.65 13.70 13.65 13.65 
2016/08/03 13.60 13.60 13.60 13.60 
2016/08/04 13.60 13.70 13.50 13.70 
2016/08/05 13.70 13.80 13.70 13.70 
2016/08/08 13.60 13.65 13.60 13.65 
2016/08/09 13.70 13.70 13.60 13.60 
2016/08/10 13.60 13.65 13.50 13.60 
2016/08/11 13.55 13.60 13.50 13.60 
2016/08/12 13.60 13.70 13.50 13.55 
2016/08/15 13.55 13.60 13.50 13.50 
2016/08/16 13.50 13.55 13.45 13.45 
2016/08/17 13.50 13.55 13.45 13.55 
2016/08/18 13.50 13.55 13.45 13.45 
2016/08/19 13.50 13.70 13.50 13.65 
2016/08/22 13.60 13.65 13.55 13.65 
2016/08/23 13.65 13.70 13.60 13.60 
2016/08/24 13.55 13.55 13.45 13.55 
2016/08/25 13.50 13.70 13.45 13.60 
2016/08/26 13.70 13.70 13.50 13.50 
2016/08/29 13.50 13.55 13.50 13.50 
2016/08/30 13.50 13.60 13.50 13.60 
2016/08/31 13.60 13.60 13.55 13.55 
2016/09/01 13.60 13.60 13.40 13.50 
2016/09/02 13.60 13.60 13.45 13.45 
2016/09/05 13.50 13.50 13.25 13.40 
2016/09/06 13.50 13.50 13.35 13.40 
2016/09/07 13.40 13.45 13.30 13.40 
2016/09/08 13.45 13.65 13.45 13.60 
2016/09/09 13.60 13.70 13.50 13.55 
2016/09/10 13.55 14.00 13.50 14.00 
2016/09/12 14.05 14.15 13.80 13.80 
2016/09/13 13.80 13.95 13.65 13.80 
2016/09/14 13.80 13.80 13.65 13.65 
2016/09/19 13.80 13.80 13.60 13.60 
2016/09/20 13.55 13.60 13.55 13.60 
2016/09/21 13.60 13.85 13.60 13.80 
2016/09/22 13.70 14.05 13.60 14.00 
2016/09/23 14.00 14.10 13.90 13.95 
2016/09/26 13.75 14.15 13.75 14.10 
2016/09/29 14.10 14.10 13.95 14.10 
2016/09/30 13.90 14.05 13.90 14.05 
2016/10/03 13.90 14.15 13.90 14.10 
2016/10/04 14.10 14.10 13.90 14.10 
2016/10/05 14.00 14.05 14.00 14.05 
2016/10/06 14.00 14.05 13.95 14.00 
2016/10/07 14.00 14.10 13.95 13.95 
2016/10/11 14.10 14.10 13.70 13.90 
2016/10/12 13.90 13.95 13.80 13.95 
2016/10/13 13.80 13.95 13.80 13.95 
2016/10/14 13.85 13.90 13.80 13.85 
2016/10/17 13.85 13.85 13.75 13.80 
2016/10/18 13.80 13.80 13.65 13.80 
2016/10/19 13.80 13.90 13.70 13.90 
2016/10/20 13.85 13.85 13.75 13.80 
2016/10/21 13.75 13.80 13.75 13.75 
2016/10/24 13.70 13.90 13.70 13.85 
2016/10/25 13.70 13.85 13.70 13.80 
2016/10/26 13.75 13.90 13.70 13.85 
2016/10/27 13.85 13.85 13.70 13.75 
2016/10/28 13.75 13.75 13.70 13.70 
2016/10/31 13.75 13.75 13.75 13.75 
2016/11/01 13.75 13.75 13.75 13.75 
2016/11/02 13.70 13.80 13.70 13.70 
2016/11/03 13.70 13.70 13.65 13.65 
2016/11/04 13.80 13.80 13.60 13.65 
2016/11/07 13.70 13.70 13.30 13.55 
2016/11/08 13.45 13.45 13.20 13.40 
2016/11/09 13.40 13.45 12.95 13.05 
2016/11/10 13.25 13.55 13.25 13.50 
2016/11/11 13.45 13.60 13.35 13.50 
2016/11/14 13.65 13.80 13.60 13.60 
2016/11/15 13.75 13.90 13.65 13.65 
2016/11/16 13.70 13.70 13.65 13.65 
2016/11/17 13.75 13.85 13.70 13.70 
2016/11/18 13.75 14.55 13.70 14.45 
2016/11/21 14.55 15.00 14.50 14.85 
2016/11/22 15.00 15.05 14.65 14.65 
2016/11/23 14.60 14.85 14.45 14.65 
2016/11/24 14.75 14.75 14.45 14.45 
2016/11/25 14.70 14.70 14.45 14.50 
2016/11/28 14.70 14.70 14.40 14.40 
2016/11/29 14.45 14.90 14.45 14.60 
2016/11/30 14.75 14.80 14.55 14.60 
2016/12/01 14.70 14.70 14.45 14.45 
2016/12/02 14.50 14.55 14.35 14.45 
2016/12/05 14.50 14.65 14.50 14.60 
2016/12/06 14.70 14.70 14.55 14.55 
2016/12/07 14.60 14.65 14.45 14.65 
2016/12/08 14.55 14.70 14.55 14.60 
2016/12/09 14.50 14.80 14.50 14.65 
2016/12/12 14.65 14.65 14.30 14.35 
2016/12/13 14.35 14.65 14.35 14.35 
2016/12/14 14.35 14.50 14.35 14.40 
2016/12/15 14.40 14.45 14.35 14.35 
2016/12/16 14.35 14.40 14.30 14.35 
2016/12/19 14.35 14.50 14.25 14.25 
2016/12/20 14.25 14.45 14.25 14.30 
2016/12/21 14.30 14.35 14.25 14.25 
2016/12/22 14.25 14.30 14.20 14.20 
2016/12/23 14.20 14.25 14.15 14.25 
2016/12/26 14.20 14.35 14.20 14.35 
2016/12/27 14.30 14.30 14.05 14.20 
2016/12/28 14.20 14.20 14.15 14.15 
2016/12/29 14.15 14.35 14.15 14.25 
2016/12/30 14.20 14.35 14.20 14.35 
2017/01/03 14.35 14.35 14.20 14.30 
2017/01/04 14.15 14.35 14.15 14.35 
2017/01/05 14.40 14.60 14.25 14.50 
2017/01/06 14.50 14.65 14.40 14.55 
2017/01/09 14.50 14.50 14.40 14.45 
2017/01/10 14.45 14.65 14.40 14.45 
2017/01/11 14.60 14.80 14.55 14.70 
2017/01/12 14.70 14.80 14.55 14.80 
2017/01/13 14.80 14.80 14.55 14.60 
2017/01/16 14.55 14.55 14.50 14.50 
2017/01/17 14.60 14.65 14.50 14.60 
2017/01/18 14.70 14.70 14.40 14.70 
2017/01/19 14.70 14.80 14.70 14.75 
2017/01/20 14.70 14.75 14.60 14.70 
2017/01/23 14.70 14.85 14.70 14.80 
2017/01/24 14.90 15.45 14.70 15.20 
2017/02/02 15.40 15.70 15.15 15.30 
2017/02/03 15.35 15.50 15.15 15.15 
2017/02/06 15.30 15.55 15.20 15.35 
2017/02/07 15.35 15.65 15.30 15.30 
2017/02/08 15.45 15.55 15.30 15.35 
