2016/07/01 10.05 10.30 10.00 10.05 
2016/07/04 10.05 10.20 10.05 10.15 
2016/07/05 10.15 10.20 10.10 10.15 
2016/07/06 10.15 10.25 10.00 10.05 
2016/07/07 10.05 10.20 10.00 10.10 
2016/07/11 10.10 10.15 10.00 10.05 
2016/07/12 10.05 10.10 10.00 10.00 
2016/07/13 10.00 10.10 9.95 9.97 
2016/07/14 9.97 10.10 9.97 10.00 
2016/07/15 10.00 10.10 9.97 9.99 
2016/07/18 10.00 10.10 10.00 10.00 
2016/07/19 10.05 10.10 10.00 10.00 
2016/07/20 10.00 10.10 10.00 10.05 
2016/07/21 10.10 10.20 10.10 10.10 
2016/07/22 10.15 10.20 10.00 10.05 
2016/07/25 10.05 10.10 9.95 10.05 
2016/07/26 10.10 10.10 10.00 10.10 
2016/07/27 10.10 10.10 10.00 10.05 
2016/07/28 10.05 10.05 9.93 9.98 
2016/07/29 9.98 9.99 9.93 9.95 
2016/08/01 9.95 9.95 9.86 9.89 
2016/08/02 9.83 9.86 9.81 9.83 
2016/08/03 9.81 9.81 9.70 9.72 
2016/08/04 9.70 9.72 9.65 9.65 
2016/08/05 9.66 9.70 9.64 9.67 
2016/08/08 9.67 9.80 9.65 9.70 
2016/08/09 9.89 9.89 9.65 9.67 
2016/08/10 9.70 9.70 9.54 9.56 
2016/08/11 9.56 9.56 9.42 9.50 
2016/08/12 9.50 9.54 9.39 9.45 
2016/08/15 9.44 9.44 9.24 9.30 
2016/08/16 9.24 9.44 9.22 9.40 
2016/08/17 9.47 9.48 9.27 9.47 
2016/08/18 9.36 9.43 9.35 9.41 
2016/08/19 9.36 9.49 9.33 9.41 
2016/08/22 9.40 9.43 9.30 9.39 
2016/08/23 9.40 9.40 9.31 9.35 
2016/08/24 9.34 9.34 9.26 9.34 
2016/08/25 9.33 9.34 9.28 9.31 
2016/08/26 9.31 9.40 9.28 9.39 
2016/08/29 9.38 9.38 9.27 9.28 
2016/08/30 9.27 9.28 9.22 9.25 
2016/08/31 9.25 9.25 9.12 9.18 
2016/09/01 9.18 9.35 9.18 9.34 
2016/09/02 9.40 9.90 9.40 9.52 
2016/09/05 9.52 9.53 9.29 9.33 
2016/09/06 9.30 9.31 9.23 9.29 
2016/09/07 9.29 9.32 9.25 9.29 
2016/09/08 9.30 9.30 9.24 9.28 
2016/09/09 9.36 9.45 9.28 9.28 
2016/09/10 9.28 9.32 9.20 9.32 
2016/09/12 9.25 9.32 9.25 9.32 
2016/09/13 9.26 9.31 9.21 9.31 
2016/09/14 9.16 9.35 9.16 9.35 
2016/09/19 9.35 9.35 9.21 9.24 
2016/09/20 9.24 9.33 9.23 9.33 
2016/09/21 9.31 9.38 9.23 9.34 
2016/09/22 9.39 9.39 9.27 9.35 
2016/09/23 9.35 9.47 9.35 9.43 
2016/09/26 9.35 9.50 9.35 9.44 
2016/09/29 9.50 9.50 9.40 9.41 
2016/09/30 9.40 9.40 9.30 9.39 
2016/10/03 9.39 9.39 9.25 9.33 
2016/10/04 9.33 9.33 9.23 9.26 
2016/10/05 9.24 9.25 9.23 9.25 
2016/10/06 9.23 9.30 9.21 9.28 
2016/10/07 9.28 9.28 9.23 9.25 
2016/10/11 9.25 9.25 9.18 9.25 
2016/10/12 9.23 9.23 9.16 9.20 
2016/10/13 9.16 9.18 9.05 9.18 
2016/10/14 9.15 9.15 9.04 9.10 
2016/10/17 9.05 9.10 9.00 9.09 
2016/10/18 9.01 9.05 8.98 9.03 
2016/10/19 9.00 9.03 8.98 9.01 
2016/10/20 9.00 9.02 8.90 9.00 
2016/10/21 8.95 9.02 8.93 9.01 
2016/10/24 8.90 9.00 8.90 9.00 
2016/10/25 9.01 9.01 8.92 9.00 
2016/10/26 8.92 9.00 8.91 9.00 
2016/10/27 8.95 8.97 8.92 8.97 
2016/10/28 8.97 8.98 8.91 8.98 
2016/10/31 8.98 8.98 8.90 8.97 
2016/11/01 8.97 8.97 8.88 8.96 
2016/11/02 8.95 8.95 8.84 8.94 
2016/11/03 8.93 8.94 8.70 8.74 
2016/11/04 8.74 8.80 8.46 8.58 
2016/11/07 8.52 8.55 8.40 8.46 
2016/11/08 8.46 8.47 8.30 8.37 
2016/11/09 8.30 8.32 8.03 8.05 
2016/11/10 8.08 8.32 8.08 8.25 
2016/11/11 8.26 8.67 8.25 8.56 
2016/11/14 9.00 9.41 8.78 9.41 
2016/11/15 9.76 9.76 9.40 9.41 
2016/11/16 9.61 9.63 9.41 9.41 
2016/11/17 9.50 10.10 9.45 10.00 
2016/11/18 10.30 10.80 10.10 10.40 
2016/11/21 10.65 10.65 10.15 10.30 
2016/11/22 10.30 10.30 9.95 10.00 
2016/11/23 10.00 10.05 9.81 9.81 
2016/11/24 9.84 9.96 9.84 9.89 
2016/11/25 9.85 9.85 9.45 9.70 
2016/11/28 9.70 9.75 9.53 9.56 
2016/11/29 9.56 9.68 9.56 9.65 
2016/11/30 9.68 9.75 9.59 9.59 
2016/12/01 9.59 9.60 9.51 9.51 
2016/12/02 9.43 9.50 9.30 9.30 
2016/12/05 9.31 9.40 9.21 9.24 
2016/12/06 9.30 9.33 9.22 9.27 
2016/12/07 9.27 9.32 9.12 9.28 
2016/12/08 9.28 9.35 9.26 9.28 
2016/12/09 9.28 9.28 9.12 9.12 
2016/12/12 9.10 9.10 8.90 8.90 
2016/12/13 8.90 9.07 8.83 8.99 
2016/12/14 9.10 9.10 8.77 8.77 
2016/12/15 8.76 8.85 8.76 8.81 
2016/12/16 8.85 8.95 8.85 8.89 
2016/12/19 8.88 8.89 8.83 8.84 
2016/12/20 8.90 8.90 8.77 8.83 
2016/12/21 8.83 8.91 8.83 8.88 
2016/12/22 8.89 8.89 8.76 8.84 
2016/12/23 8.80 8.80 8.75 8.77 
2016/12/26 8.80 8.80 8.75 8.75 
2016/12/27 8.75 8.75 8.71 8.75 
2016/12/28 8.80 8.83 8.72 8.78 
2016/12/29 8.76 8.76 8.71 8.76 
2016/12/30 8.76 8.86 8.75 8.83 
2017/01/03 8.88 8.92 8.85 8.86 
2017/01/04 8.86 8.92 8.81 8.89 
2017/01/05 8.90 9.13 8.90 9.02 
2017/01/06 9.01 9.09 9.01 9.05 
2017/01/09 9.05 9.09 8.95 9.02 
2017/01/10 8.96 9.03 8.91 8.98 
2017/01/11 9.03 9.07 8.93 9.00 
2017/01/12 9.04 9.04 8.93 8.96 
2017/01/13 8.98 8.98 8.89 8.98 
2017/01/16 8.98 9.07 8.95 9.00 
2017/01/17 8.96 9.04 8.96 9.04 
2017/01/18 9.04 9.05 8.91 9.04 
2017/01/19 9.04 9.22 9.01 9.22 
2017/01/20 9.23 9.23 9.17 9.17 
2017/01/23 9.18 9.18 9.14 9.14 
2017/01/24 9.16 9.18 9.07 9.18 
2017/02/02 8.98 9.20 8.98 9.16 
2017/02/03 9.11 9.40 9.11 9.30 
2017/02/06 9.42 9.51 9.38 9.50 
2017/02/07 9.50 9.58 9.44 9.45 
2017/02/08 9.50 9.50 9.35 9.43 
