2016/07/01 17.15 17.25 17.00 17.05 
2016/07/04 17.15 17.20 17.00 17.10 
2016/07/05 17.10 17.40 17.10 17.30 
2016/07/06 17.15 17.25 17.10 17.10 
2016/07/07 17.20 17.60 17.20 17.45 
2016/07/11 17.60 17.70 17.45 17.50 
2016/07/12 17.75 18.05 17.75 17.95 
2016/07/13 18.00 18.15 17.80 17.85 
2016/07/14 17.85 18.30 17.85 18.20 
2016/07/15 18.20 18.30 18.10 18.15 
2016/07/18 18.10 18.50 18.10 18.40 
2016/07/19 18.50 18.50 18.35 18.40 
2016/07/20 18.25 18.45 18.10 18.20 
2016/07/21 18.30 18.40 18.20 18.20 
2016/07/22 18.20 18.30 18.20 18.25 
2016/07/25 17.50 17.65 17.30 17.40 
2016/07/26 17.35 17.50 17.30 17.45 
2016/07/27 17.45 17.65 17.45 17.45 
2016/07/28 17.45 17.50 17.30 17.30 
2016/07/29 17.30 17.55 17.25 17.55 
2016/08/01 17.60 17.85 17.60 17.75 
2016/08/02 17.85 17.90 17.80 17.90 
2016/08/03 17.70 17.70 17.55 17.65 
2016/08/04 17.80 17.85 17.70 17.70 
2016/08/05 17.90 17.90 17.65 17.65 
2016/08/08 17.80 18.65 17.65 18.55 
2016/08/09 18.65 19.10 18.60 18.80 
2016/08/10 18.70 18.90 18.70 18.90 
2016/08/11 18.90 18.95 18.70 18.70 
2016/08/12 18.70 19.00 18.70 18.90 
2016/08/15 19.05 19.25 18.90 19.00 
2016/08/16 18.85 19.10 18.85 18.85 
2016/08/17 18.85 18.90 18.80 18.90 
2016/08/18 18.90 19.10 18.80 19.00 
2016/08/19 19.10 19.15 18.95 19.10 
2016/08/22 19.10 19.30 19.10 19.15 
2016/08/23 19.20 19.75 19.20 19.55 
2016/08/24 19.55 19.65 19.20 19.35 
2016/08/25 19.30 19.50 19.25 19.40 
2016/08/26 19.40 19.40 19.25 19.30 
2016/08/29 19.40 19.40 19.20 19.20 
2016/08/30 19.30 19.30 18.95 19.00 
2016/08/31 19.10 19.20 18.85 19.00 
2016/09/01 19.10 19.10 18.80 18.85 
2016/09/02 18.90 19.20 18.90 18.90 
2016/09/05 18.90 19.20 18.90 19.00 
2016/09/06 18.95 19.05 18.95 18.95 
2016/09/07 18.95 19.15 18.75 19.15 
2016/09/08 19.25 19.45 19.25 19.25 
2016/09/09 19.30 19.60 19.25 19.40 
2016/09/10 19.20 19.55 19.15 19.40 
2016/09/12 19.40 19.50 19.25 19.30 
2016/09/13 19.30 19.35 18.90 19.10 
2016/09/14 19.10 19.10 19.00 19.10 
2016/09/19 19.00 19.25 19.00 19.10 
2016/09/20 19.10 19.40 19.10 19.35 
2016/09/21 19.35 19.40 19.20 19.30 
2016/09/22 19.35 19.35 19.25 19.25 
2016/09/23 19.35 19.45 19.25 19.30 
2016/09/26 19.40 19.40 19.15 19.35 
2016/09/29 19.35 19.45 19.10 19.25 
2016/09/30 19.10 19.30 19.05 19.15 
2016/10/03 19.40 20.55 19.30 19.95 
2016/10/04 19.90 20.15 19.90 20.15 
2016/10/05 20.30 20.40 20.05 20.10 
2016/10/06 20.15 20.35 20.10 20.30 
2016/10/07 20.30 20.80 20.15 20.55 
2016/10/11 20.60 20.70 19.95 20.20 
2016/10/12 20.15 20.30 20.00 20.05 
2016/10/13 20.05 20.35 20.05 20.15 
2016/10/14 20.05 20.20 19.90 19.90 
2016/10/17 19.90 20.00 19.80 19.95 
2016/10/18 19.95 20.20 19.95 20.10 
2016/10/19 20.20 20.40 20.10 20.20 
2016/10/20 20.30 20.75 20.30 20.70 
2016/10/21 20.75 20.95 20.70 20.80 
2016/10/24 20.95 21.35 20.95 21.20 
2016/10/25 21.35 21.45 20.95 21.00 
2016/10/26 20.85 21.10 20.70 20.75 
2016/10/27 20.70 20.90 20.60 20.75 
2016/10/28 20.80 20.85 20.45 20.55 
2016/10/31 20.55 20.70 20.40 20.65 
2016/11/01 20.55 20.80 20.50 20.80 
2016/11/02 20.85 21.10 20.65 20.80 
2016/11/03 20.90 20.90 20.45 20.55 
2016/11/04 20.50 20.60 20.40 20.55 
2016/11/07 20.75 20.75 20.40 20.60 
2016/11/08 20.70 20.95 20.30 20.45 
2016/11/09 20.40 20.65 19.50 19.65 
2016/11/10 20.05 21.60 19.95 21.60 
2016/11/11 21.10 21.85 20.70 21.65 
2016/11/14 21.60 21.85 21.15 21.65 
2016/11/15 21.75 21.90 21.55 21.55 
2016/11/16 21.55 21.75 21.35 21.40 
2016/11/17 21.35 21.70 21.05 21.65 
2016/11/18 21.65 21.85 21.50 21.60 
2016/11/21 21.65 21.65 21.50 21.55 
2016/11/22 21.50 21.65 21.30 21.60 
2016/11/23 21.60 21.65 21.35 21.45 
2016/11/24 21.50 21.60 21.10 21.20 
2016/11/25 21.25 21.35 21.15 21.20 
2016/11/28 21.20 21.35 21.20 21.20 
2016/11/29 21.30 21.40 21.15 21.15 
2016/11/30 21.35 21.40 21.10 21.20 
2016/12/01 21.20 21.60 21.20 21.35 
2016/12/02 21.40 21.45 21.25 21.35 
2016/12/05 21.35 21.35 21.25 21.35 
2016/12/06 21.35 21.50 21.20 21.25 
2016/12/07 21.20 21.30 20.90 20.90 
2016/12/08 21.10 21.15 20.90 20.95 
2016/12/09 21.00 21.15 20.90 20.90 
2016/12/12 21.05 21.05 20.80 20.95 
2016/12/13 20.95 21.05 20.75 20.80 
2016/12/14 20.90 20.95 20.65 20.70 
2016/12/15 20.80 20.85 20.70 20.85 
2016/12/16 20.85 21.15 20.85 21.00 
2016/12/19 21.00 21.00 20.85 20.85 
2016/12/20 20.90 20.95 20.80 20.95 
2016/12/21 20.95 20.95 20.65 20.65 
2016/12/22 20.75 20.80 20.50 20.55 
2016/12/23 20.55 20.60 20.40 20.40 
2016/12/26 20.40 20.55 20.40 20.50 
2016/12/27 20.45 20.50 20.20 20.30 
2016/12/28 20.30 20.40 20.20 20.35 
2016/12/29 20.35 20.55 20.25 20.45 
2016/12/30 20.55 20.70 20.45 20.55 
2017/01/03 20.60 20.70 20.55 20.60 
2017/01/04 20.70 20.70 20.55 20.60 
2017/01/05 20.65 20.70 20.60 20.70 
2017/01/06 20.80 20.90 20.75 20.90 
2017/01/09 20.90 20.95 20.75 20.80 
2017/01/10 20.85 20.90 20.60 20.65 
2017/01/11 20.70 20.70 20.45 20.50 
2017/01/12 20.55 20.65 20.40 20.60 
2017/01/13 20.60 20.60 20.35 20.45 
2017/01/16 20.65 20.65 20.40 20.45 
2017/01/17 20.45 20.60 20.45 20.50 
2017/01/18 20.50 21.10 20.45 20.90 
2017/01/19 21.10 21.50 21.10 21.15 
2017/01/20 21.25 21.70 21.25 21.65 
2017/01/23 21.70 22.05 21.70 22.00 
2017/01/24 21.90 22.00 21.80 21.95 
2017/02/02 21.95 22.30 21.95 22.00 
2017/02/03 22.00 22.40 22.00 22.15 
2017/02/06 22.25 22.35 22.05 22.20 
2017/02/07 22.10 22.15 21.55 21.65 
2017/02/08 21.70 21.75 21.50 21.50 
