2016/07/01 22.35 22.35 22.30 22.30 
2016/07/04 22.05 22.30 20.15 20.15 
2016/07/05 21.00 21.40 20.90 21.00 
2016/07/06 21.10 21.25 21.00 21.20 
2016/07/07 21.25 22.00 21.25 22.00 
2016/07/11 21.85 21.85 21.65 21.70 
2016/07/12 21.75 21.75 21.70 21.75 
2016/07/13 21.85 21.85 21.80 21.85 
2016/07/14 22.25 22.25 22.25 22.25 
2016/07/15 22.20 22.30 22.20 22.30 
2016/07/18 22.40 22.40 22.40 22.40 
2016/07/19 22.35 22.35 22.30 22.35 
2016/07/20 22.45 22.45 22.00 22.30 
2016/07/22 22.35 22.35 22.30 22.30 
2016/07/25 22.35 22.35 22.35 22.35 
2016/07/26 22.35 22.35 22.35 22.35 
2016/07/27 21.95 22.35 21.95 22.35 
2016/07/28 22.40 22.40 22.40 22.40 
2016/07/29 22.40 22.40 22.40 22.40 
2016/08/01 22.40 22.45 22.40 22.45 
2016/08/02 22.00 22.00 21.90 21.90 
2016/08/03 22.30 22.90 22.30 22.90 
2016/08/05 22.80 22.80 22.80 22.80 
2016/08/08 22.25 22.80 22.10 22.80 
2016/08/09 22.50 22.80 22.40 22.80 
2016/08/11 22.75 22.75 22.70 22.75 
2016/08/12 22.70 22.75 22.70 22.75 
2016/08/15 22.50 23.05 22.10 23.00 
2016/08/16 22.80 23.00 22.70 22.70 
2016/08/17 22.60 22.80 22.60 22.65 
2016/08/18 22.70 22.70 22.60 22.60 
2016/08/19 22.70 22.70 22.70 22.70 
2016/08/22 22.80 22.95 22.80 22.95 
2016/08/23 22.70 23.25 22.70 23.25 
2016/08/24 22.85 23.45 22.85 23.40 
2016/08/25 23.30 24.00 23.30 23.40 
2016/08/26 23.40 23.65 23.35 23.40 
2016/08/29 23.45 23.50 23.45 23.50 
2016/08/30 23.45 23.50 23.40 23.45 
2016/08/31 23.10 23.45 23.10 23.25 
2016/09/01 23.10 23.40 23.10 23.40 
2016/09/02 22.55 23.70 22.55 23.35 
2016/09/05 23.70 24.00 23.40 23.45 
2016/09/06 23.50 23.70 23.40 23.50 
2016/09/07 23.95 23.95 23.50 23.55 
2016/09/08 23.90 23.90 23.35 23.85 
2016/09/09 23.80 23.85 23.40 23.65 
2016/09/10 23.20 23.90 23.20 23.45 
2016/09/12 23.15 23.85 23.15 23.85 
2016/09/13 23.55 23.95 23.50 23.60 
2016/09/14 23.30 23.30 23.20 23.20 
2016/09/19 22.85 23.45 22.80 23.45 
2016/09/20 23.90 23.90 23.90 23.90 
2016/09/21 23.15 23.15 23.15 23.15 
2016/09/22 23.55 23.90 23.20 23.90 
2016/09/23 24.00 24.40 24.00 24.40 
2016/09/26 23.45 23.45 23.40 23.40 
2016/09/29 23.80 23.80 23.80 23.80 
2016/10/03 23.60 24.20 23.40 23.80 
2016/10/04 24.00 24.40 24.00 24.40 
2016/10/05 23.65 23.65 23.65 23.65 
2016/10/06 23.90 24.35 23.75 24.35 
2016/10/11 24.10 24.20 24.10 24.20 
2016/10/12 23.50 24.05 23.50 24.05 
2016/10/13 24.00 24.05 23.80 23.80 
2016/10/17 23.90 23.90 23.90 23.90 
2016/10/18 23.90 23.90 23.90 23.90 
2016/10/20 23.95 23.95 23.95 23.95 
2016/10/21 24.05 24.25 24.05 24.25 
2016/10/24 24.05 24.05 24.05 24.05 
2016/10/25 23.50 23.90 23.50 23.65 
2016/10/27 23.90 23.95 23.50 23.50 
2016/10/31 24.45 24.45 24.45 24.45 
2016/11/01 24.45 24.50 24.45 24.50 
2016/11/04 23.65 23.65 23.65 23.65 
2016/11/07 23.60 23.70 23.60 23.70 
2016/11/08 23.05 23.70 23.05 23.70 
2016/11/09 23.25 23.80 23.25 23.80 
2016/11/10 24.00 24.35 23.25 24.35 
2016/11/11 23.90 24.15 23.60 23.60 
2016/11/15 24.20 24.20 23.95 24.15 
2016/11/16 24.30 24.30 24.30 24.30 
2016/11/18 24.00 24.50 24.00 24.50 
2016/11/21 24.35 24.50 24.35 24.50 
2016/11/22 24.60 24.60 24.50 24.55 
2016/11/23 24.55 24.90 24.55 24.90 
2016/11/24 24.10 24.80 24.10 24.80 
2016/11/25 24.15 24.50 24.10 24.10 
2016/11/28 24.10 24.90 24.10 24.90 
2016/11/29 25.20 25.25 24.50 24.55 
2016/11/30 24.85 24.95 24.60 24.60 
2016/12/01 24.20 24.85 24.10 24.65 
2016/12/02 24.65 24.65 24.60 24.60 
2016/12/06 24.50 24.60 24.05 24.60 
2016/12/07 24.60 24.60 24.60 24.60 
2016/12/09 24.60 24.60 24.60 24.60 
2016/12/12 24.00 24.50 24.00 24.50 
2016/12/13 24.50 24.50 24.00 24.25 
2016/12/14 24.35 25.00 24.30 24.40 
2016/12/15 24.35 24.85 24.35 24.85 
2016/12/16 24.35 24.35 24.30 24.30 
2016/12/19 24.45 24.95 24.35 24.45 
2016/12/20 24.05 24.45 24.05 24.35 
2016/12/22 24.10 24.70 24.10 24.70 
2016/12/26 24.35 24.35 24.30 24.30 
2016/12/28 24.35 24.35 24.35 24.35 
2016/12/29 24.30 24.30 24.30 24.30 
2017/01/03 24.15 24.35 24.15 24.35 
2017/01/04 24.45 24.45 24.30 24.30 
2017/01/05 24.60 24.60 24.30 24.30 
2017/01/06 24.35 24.35 24.30 24.30 
2017/01/09 24.25 24.25 24.20 24.20 
2017/01/10 24.25 24.25 24.20 24.20 
2017/01/11 24.25 24.25 24.25 24.25 
2017/01/12 24.25 24.25 24.20 24.20 
2017/01/13 24.15 24.15 24.15 24.15 
2017/01/16 24.45 24.45 24.45 24.45 
2017/01/18 24.20 24.20 24.20 24.20 
2017/01/19 24.30 24.30 24.30 24.30 
2017/01/20 24.20 24.20 24.20 24.20 
2017/01/23 24.20 24.50 24.20 24.50 
2017/01/24 24.50 24.50 24.50 24.50 
2017/02/02 24.70 24.70 24.35 24.35 
2017/02/03 24.20 24.60 24.20 24.60 
2017/02/06 24.60 25.10 24.60 24.95 
2017/02/07 24.35 24.80 24.35 24.80 
