2016/07/01 27.70 28.65 27.70 28.10 
2016/07/04 28.10 28.20 27.80 28.20 
2016/07/05 28.00 28.20 27.95 28.15 
2016/07/06 27.90 28.15 27.90 28.10 
2016/07/07 28.00 28.00 27.85 27.85 
2016/07/11 27.85 28.10 27.70 28.00 
2016/07/12 28.15 28.15 27.35 28.00 
2016/07/13 28.00 28.00 27.95 27.95 
2016/07/14 27.95 27.95 27.75 27.95 
2016/07/15 27.30 27.90 27.30 27.90 
2016/07/18 27.90 28.15 27.65 27.75 
2016/07/19 27.75 27.90 27.65 27.90 
2016/07/20 27.80 27.90 27.60 27.60 
2016/07/21 27.20 28.25 27.10 27.85 
2016/07/22 27.60 27.80 27.60 27.80 
2016/07/25 27.55 27.55 26.20 27.50 
2016/07/26 27.75 27.85 27.75 27.80 
2016/07/27 28.00 28.00 27.40 27.90 
2016/07/28 27.55 27.90 27.55 27.90 
2016/07/29 27.55 28.15 27.55 27.95 
2016/08/01 27.80 28.00 27.65 28.00 
2016/08/02 28.05 28.05 27.70 28.05 
2016/08/03 27.65 28.00 27.65 28.00 
2016/08/04 27.80 28.00 27.80 28.00 
2016/08/05 27.95 28.05 27.80 28.00 
2016/08/08 27.95 28.00 27.70 27.90 
2016/08/09 27.90 27.90 27.60 27.80 
2016/08/10 27.80 27.80 27.80 27.80 
2016/08/11 27.25 27.65 27.10 27.65 
2016/08/12 27.25 27.75 27.10 27.20 
2016/08/16 27.05 27.30 27.00 27.30 
2016/08/17 27.05 27.05 27.00 27.00 
2016/08/18 27.00 27.00 26.80 27.00 
2016/08/19 27.00 27.00 26.80 26.80 
2016/08/22 26.80 26.80 25.60 26.80 
2016/08/23 26.60 26.85 26.60 26.85 
2016/08/24 26.85 26.85 26.40 26.40 
2016/08/25 26.05 26.60 26.05 26.60 
2016/08/26 26.60 26.80 26.60 26.80 
2016/08/29 26.80 26.90 26.80 26.90 
2016/08/30 26.70 26.70 26.70 26.70 
2016/08/31 26.70 26.90 26.70 26.90 
2016/09/01 27.15 27.15 26.55 26.55 
2016/09/02 26.90 26.90 26.30 26.85 
2016/09/05 26.35 26.75 26.35 26.75 
2016/09/06 26.80 26.90 26.80 26.90 
2016/09/07 26.95 26.95 26.95 26.95 
2016/09/09 26.75 26.80 26.50 26.80 
2016/09/12 27.85 27.85 26.40 26.40 
2016/09/13 26.25 26.35 26.15 26.35 
2016/09/14 26.65 26.65 26.05 26.50 
2016/09/20 26.40 26.90 26.30 26.85 
2016/09/21 26.70 26.90 26.70 26.90 
2016/09/23 26.40 26.55 26.20 26.40 
2016/09/26 26.60 26.60 26.30 26.30 
2016/09/29 26.50 27.10 26.50 26.80 
2016/09/30 26.95 26.95 26.95 26.95 
2016/10/03 26.40 26.50 26.40 26.50 
2016/10/04 26.90 26.90 26.55 26.85 
2016/10/06 26.40 26.45 26.40 26.45 
2016/10/07 26.45 26.50 26.45 26.50 
2016/10/11 26.50 26.50 26.25 26.25 
2016/10/12 26.30 26.50 25.65 26.50 
2016/10/13 26.30 26.55 26.30 26.55 
2016/10/14 26.30 26.30 26.30 26.30 
2016/10/21 26.50 26.50 25.80 26.20 
2016/10/24 26.00 26.35 25.95 26.35 
2016/10/25 26.45 27.65 26.00 27.65 
2016/10/26 26.70 26.85 26.70 26.85 
2016/10/27 26.95 27.00 26.95 27.00 
2016/10/28 27.00 27.00 27.00 27.00 
2016/11/01 26.50 26.50 26.40 26.50 
2016/11/02 26.20 27.05 26.20 27.05 
2016/11/03 26.25 26.25 25.70 26.00 
2016/11/04 26.05 26.95 25.85 26.95 
2016/11/07 26.35 26.50 26.15 26.45 
2016/11/08 27.65 27.65 27.65 27.65 
2016/11/09 27.00 27.00 25.65 26.30 
2016/11/10 26.95 26.95 26.05 26.75 
2016/11/11 26.75 26.75 26.15 26.55 
2016/11/14 26.50 26.55 26.50 26.55 
2016/11/15 26.80 26.80 26.80 26.80 
2016/11/16 26.80 26.95 26.80 26.95 
2016/11/17 26.15 26.15 26.15 26.15 
2016/11/18 26.95 26.95 26.95 26.95 
2016/11/21 27.55 27.55 27.00 27.00 
2016/11/23 26.85 26.85 26.30 26.75 
2016/11/24 26.75 26.75 26.35 26.35 
2016/11/25 26.60 26.60 26.60 26.60 
2016/11/28 26.70 26.70 26.15 26.70 
2016/11/29 26.85 26.85 26.85 26.85 
2016/11/30 26.25 26.60 26.25 26.60 
2016/12/01 26.95 26.95 26.90 26.90 
2016/12/02 26.90 27.45 26.90 27.00 
2016/12/05 27.20 27.20 26.25 26.80 
2016/12/06 26.90 26.90 26.85 26.85 
2016/12/07 26.85 27.15 26.30 26.70 
2016/12/08 26.85 26.85 26.20 26.55 
2016/12/09 26.55 26.60 26.55 26.60 
2016/12/12 26.30 26.55 26.20 26.55 
2016/12/13 26.25 27.15 26.25 26.30 
2016/12/14 26.70 26.70 26.15 26.15 
2016/12/15 26.45 26.45 26.00 26.00 
2016/12/16 26.00 26.40 25.90 26.05 
2016/12/20 26.30 26.30 25.60 26.30 
2016/12/21 25.90 26.10 25.60 26.10 
2016/12/22 25.75 26.10 25.75 26.05 
2016/12/23 26.40 26.40 25.75 26.30 
2016/12/26 25.30 26.15 25.25 26.00 
2016/12/27 26.75 26.75 25.75 25.80 
2016/12/28 25.35 25.85 25.30 25.85 
2016/12/29 26.40 26.40 25.40 25.75 
2017/01/03 26.05 26.05 25.55 25.55 
2017/01/04 25.50 25.75 25.45 25.70 
2017/01/05 25.65 25.65 25.35 25.55 
2017/01/06 25.50 25.50 25.50 25.50 
2017/01/09 25.35 25.35 24.65 24.65 
2017/01/10 24.95 25.45 24.75 25.20 
2017/01/11 25.05 25.15 25.05 25.15 
2017/01/16 25.90 25.90 25.80 25.80 
2017/01/17 25.15 25.15 25.10 25.10 
2017/01/18 26.45 26.45 26.45 26.45 
2017/01/19 25.40 25.70 25.30 25.70 
2017/01/23 24.75 25.40 24.75 25.30 
2017/01/24 25.25 25.25 25.00 25.25 
2017/02/02 25.00 25.05 24.65 24.80 
2017/02/03 24.80 25.00 24.70 25.00 
2017/02/06 24.95 24.95 24.80 24.80 
2017/02/07 24.95 25.45 24.95 24.95 
2017/02/08 25.65 25.65 24.50 24.90 
