2016/07/01 39.80 39.80 39.10 39.70 
2016/07/04 39.50 39.80 39.30 39.75 
2016/07/05 39.50 39.75 39.35 39.40 
2016/07/06 39.80 40.00 39.35 39.70 
2016/07/07 39.50 39.70 39.15 39.25 
2016/07/11 39.30 39.65 38.90 39.60 
2016/07/12 39.15 39.50 39.00 39.15 
2016/07/13 39.10 39.50 39.05 39.25 
2016/07/14 39.25 39.60 39.25 39.35 
2016/07/15 39.35 39.80 39.35 39.50 
2016/07/18 39.50 39.65 39.35 39.60 
2016/07/19 39.60 39.90 39.50 39.80 
2016/07/20 39.65 39.85 39.60 39.80 
2016/07/21 39.85 39.90 39.80 39.85 
2016/07/22 39.55 39.80 39.50 39.60 
2016/07/25 39.75 39.85 39.40 39.55 
2016/07/26 39.90 39.95 39.65 39.85 
2016/07/27 39.85 39.90 39.55 39.55 
2016/07/28 39.60 40.10 39.60 39.80 
2016/07/29 39.60 40.00 39.60 39.75 
2016/08/01 39.90 40.00 39.85 39.95 
2016/08/02 39.95 40.00 39.85 39.90 
2016/08/03 39.90 39.95 39.60 39.85 
2016/08/04 39.85 40.10 39.85 40.00 
2016/08/05 40.05 40.30 40.05 40.30 
2016/08/08 40.30 40.45 39.90 39.90 
2016/08/09 37.20 37.25 37.10 37.10 
2016/08/10 37.10 37.10 36.55 36.70 
2016/08/11 36.70 36.85 36.10 36.30 
2016/08/12 36.30 36.90 36.30 36.55 
2016/08/15 36.20 36.70 36.10 36.45 
2016/08/16 36.40 36.40 36.15 36.20 
2016/08/17 36.20 36.80 36.20 36.50 
2016/08/18 36.30 36.50 36.20 36.30 
2016/08/19 36.35 36.40 36.20 36.40 
2016/08/22 36.25 36.45 36.10 36.20 
2016/08/23 36.15 36.45 36.10 36.15 
2016/08/24 36.15 36.20 36.15 36.20 
2016/08/25 36.15 36.30 36.05 36.30 
2016/08/26 36.45 36.45 36.05 36.25 
2016/08/29 36.40 36.40 36.00 36.10 
2016/08/30 36.10 36.10 35.70 35.90 
2016/08/31 35.90 36.30 35.85 36.00 
2016/09/01 36.00 36.20 35.90 36.20 
2016/09/02 36.00 36.40 35.60 36.00 
2016/09/05 36.00 36.00 35.90 36.00 
2016/09/06 36.00 36.40 36.00 36.35 
2016/09/07 36.20 36.20 35.85 36.00 
2016/09/08 36.00 36.25 35.80 36.00 
2016/09/09 36.00 36.35 35.90 35.90 
2016/09/10 35.90 36.25 35.90 36.00 
2016/09/12 36.20 36.20 35.80 35.85 
2016/09/13 36.00 36.00 35.85 35.90 
2016/09/14 36.00 36.25 35.85 35.85 
2016/09/19 36.30 36.30 35.90 35.90 
2016/09/20 35.90 36.25 35.90 35.90 
2016/09/21 35.90 36.30 35.85 36.30 
2016/09/22 36.00 36.30 35.85 36.30 
2016/09/23 36.30 36.30 36.00 36.00 
2016/09/26 36.00 36.00 35.70 35.95 
2016/09/29 35.95 36.40 35.90 36.30 
2016/09/30 36.00 36.00 35.80 36.00 
2016/10/03 36.00 36.00 35.75 35.75 
2016/10/04 36.00 36.00 35.70 36.00 
2016/10/05 35.70 35.90 35.60 35.90 
2016/10/06 35.65 36.50 35.55 36.10 
2016/10/07 36.30 36.30 35.60 36.10 
2016/10/11 36.25 36.30 35.70 35.85 
2016/10/12 35.75 35.95 35.60 35.95 
2016/10/13 35.65 35.90 35.50 35.60 
2016/10/14 35.60 35.85 35.55 35.60 
2016/10/17 35.55 35.60 35.25 35.30 
2016/10/18 35.05 35.30 35.00 35.10 
2016/10/19 35.25 35.65 35.00 35.10 
2016/10/20 35.10 35.55 35.00 35.20 
2016/10/21 35.10 35.25 34.90 35.25 
2016/10/24 35.25 35.35 34.90 35.15 
2016/10/25 35.25 35.40 35.05 35.20 
2016/10/26 35.20 35.55 35.15 35.30 
2016/10/27 35.10 35.20 35.10 35.15 
2016/10/28 35.50 35.60 35.20 35.35 
2016/10/31 35.35 35.65 35.25 35.35 
2016/11/01 35.25 35.25 35.15 35.20 
2016/11/02 35.20 35.50 35.00 35.05 
2016/11/03 34.85 34.85 34.60 34.70 
2016/11/04 34.80 34.95 34.70 34.70 
2016/11/07 34.70 34.80 34.20 34.55 
2016/11/08 34.55 34.80 34.30 34.45 
2016/11/09 34.45 34.80 33.55 34.20 
2016/11/10 34.20 34.70 34.20 34.35 
2016/11/11 34.40 34.40 34.00 34.40 
2016/11/14 34.00 34.90 34.00 34.80 
2016/11/15 34.80 34.80 34.30 34.45 
2016/11/16 34.30 35.60 34.30 34.80 
2016/11/17 34.85 35.30 34.75 34.75 
2016/11/18 34.80 35.30 34.60 34.70 
2016/11/21 34.60 34.75 34.60 34.70 
2016/11/22 34.70 35.00 34.70 34.80 
2016/11/23 34.65 34.80 34.65 34.70 
2016/11/24 34.60 34.70 34.35 34.45 
2016/11/25 34.40 34.80 34.40 34.40 
2016/11/28 34.50 34.60 34.20 34.50 
2016/11/29 34.60 34.75 34.55 34.75 
2016/11/30 34.70 34.90 34.30 34.80 
2016/12/01 34.80 34.80 34.40 34.60 
2016/12/02 34.70 34.70 34.40 34.55 
2016/12/05 34.55 34.60 34.35 34.45 
2016/12/06 34.60 34.60 34.20 34.50 
2016/12/07 34.70 35.00 34.50 34.65 
2016/12/08 34.50 34.60 34.40 34.50 
2016/12/09 34.50 34.90 34.45 34.85 
2016/12/12 34.70 34.70 34.35 34.35 
2016/12/13 34.60 34.60 34.40 34.40 
2016/12/14 34.40 34.45 34.40 34.40 
2016/12/15 34.40 34.45 34.20 34.35 
2016/12/16 34.30 34.85 34.30 34.50 
2016/12/19 34.70 35.00 34.45 34.50 
2016/12/20 34.50 34.50 34.00 34.10 
2016/12/21 34.30 34.30 34.10 34.10 
2016/12/22 34.30 34.30 34.15 34.15 
2016/12/23 34.20 34.30 34.10 34.20 
2016/12/26 34.20 34.45 34.20 34.25 
2016/12/27 34.30 34.40 34.30 34.40 
2016/12/28 34.10 34.40 34.10 34.30 
2016/12/29 34.50 34.50 34.35 34.50 
2016/12/30 34.15 34.45 34.15 34.30 
2017/01/03 34.30 34.55 34.30 34.30 
2017/01/04 34.30 34.40 34.15 34.40 
2017/01/05 34.40 34.80 34.20 34.80 
2017/01/06 34.80 34.90 34.65 34.65 
2017/01/09 34.55 34.55 34.40 34.40 
2017/01/10 34.50 34.50 34.30 34.30 
2017/01/11 34.25 34.45 34.25 34.35 
2017/01/12 34.40 34.85 34.35 34.45 
2017/01/13 34.40 34.50 34.40 34.45 
2017/01/16 34.45 34.50 34.45 34.50 
2017/01/17 34.50 34.60 34.50 34.50 
2017/01/18 34.60 34.75 34.60 34.70 
2017/01/19 34.95 34.95 34.60 34.70 
2017/01/20 34.70 34.70 34.60 34.65 
2017/01/23 34.65 34.65 34.50 34.65 
2017/01/24 34.65 34.65 34.55 34.60 
2017/02/02 34.60 34.80 34.10 34.70 
2017/02/03 34.45 34.80 34.45 34.75 
2017/02/06 34.75 35.20 34.75 35.00 
2017/02/07 35.10 36.00 35.10 36.00 
2017/02/08 36.00 36.00 35.50 35.85 
