2016/07/01 6.83 6.86 6.81 6.85 
2016/07/04 6.83 6.84 6.81 6.84 
2016/07/05 6.84 6.87 6.82 6.87 
2016/07/06 6.82 6.82 6.78 6.80 
2016/07/07 6.80 6.85 6.79 6.81 
2016/07/11 6.84 6.84 6.81 6.84 
2016/07/12 6.84 6.85 6.82 6.82 
2016/07/13 6.82 6.87 6.82 6.87 
2016/07/14 6.86 6.92 6.86 6.92 
2016/07/15 6.94 6.97 6.92 6.95 
2016/07/18 6.95 7.03 6.95 6.99 
2016/07/19 7.00 7.03 6.98 7.03 
2016/07/20 7.03 7.05 6.99 7.00 
2016/07/21 7.00 7.06 7.00 7.05 
2016/07/22 7.04 7.08 7.03 7.05 
2016/07/25 7.05 7.09 7.02 7.07 
2016/07/26 7.07 7.09 7.05 7.08 
2016/07/27 7.06 7.09 7.04 7.04 
2016/07/28 7.03 7.08 7.03 7.07 
2016/07/29 7.08 7.08 7.03 7.04 
2016/08/01 7.02 7.06 7.02 7.03 
2016/08/02 7.03 7.05 7.01 7.01 
2016/08/03 6.98 7.02 6.98 6.98 
2016/08/04 6.98 7.03 6.98 7.00 
2016/08/05 7.00 7.06 6.99 7.05 
2016/08/08 7.07 7.09 7.04 7.06 
2016/08/09 7.07 7.09 7.06 7.07 
2016/08/10 7.08 7.10 7.03 7.08 
2016/08/11 7.08 7.09 7.03 7.09 
2016/08/12 7.10 7.14 7.09 7.12 
2016/08/15 7.12 7.15 7.10 7.14 
2016/08/16 7.14 7.14 7.10 7.10 
2016/08/17 7.10 7.11 7.06 7.06 
2016/08/18 7.06 7.11 7.06 7.08 
2016/08/19 7.10 7.13 7.09 7.10 
2016/08/22 7.06 7.10 7.01 7.08 
2016/08/23 7.08 7.09 7.02 7.07 
2016/08/24 7.07 7.07 7.04 7.05 
2016/08/25 7.05 7.08 7.03 7.05 
2016/08/26 7.05 7.09 7.03 7.09 
2016/08/29 7.10 7.13 7.06 7.10 
2016/08/30 7.10 7.13 7.10 7.11 
2016/08/31 7.10 7.11 7.03 7.03 
2016/09/01 7.04 7.06 7.01 7.02 
2016/09/02 7.02 7.06 7.02 7.04 
2016/09/05 7.05 7.09 7.04 7.05 
2016/09/06 7.05 7.09 7.05 7.09 
2016/09/07 7.09 7.11 7.08 7.11 
2016/09/08 7.12 7.16 7.11 7.14 
2016/09/09 7.14 7.14 7.11 7.12 
2016/09/10 7.08 7.09 7.07 7.09 
2016/09/12 6.71 6.78 6.70 6.70 
2016/09/13 6.73 6.73 6.60 6.66 
2016/09/14 6.61 6.74 6.61 6.74 
2016/09/19 6.72 6.72 6.66 6.66 
2016/09/20 6.66 6.69 6.65 6.66 
2016/09/21 6.65 6.68 6.62 6.68 
2016/09/22 6.69 6.69 6.65 6.66 
2016/09/23 6.66 6.69 6.64 6.65 
2016/09/26 6.65 6.68 6.63 6.64 
2016/09/29 6.64 6.67 6.63 6.63 
2016/09/30 6.66 6.66 6.55 6.55 
2016/10/03 6.59 6.59 6.53 6.53 
2016/10/04 6.56 6.57 6.52 6.55 
2016/10/05 6.55 6.56 6.52 6.52 
2016/10/06 6.53 6.55 6.50 6.53 
2016/10/07 6.54 6.56 6.53 6.55 
2016/10/11 6.55 6.56 6.49 6.54 
2016/10/12 6.54 6.56 6.50 6.53 
2016/10/13 6.55 6.57 6.51 6.56 
2016/10/14 6.56 6.56 6.51 6.54 
2016/10/17 6.53 6.53 6.49 6.51 
2016/10/18 6.50 6.52 6.49 6.52 
2016/10/19 6.52 6.54 6.50 6.50 
2016/10/20 6.50 6.54 6.50 6.51 
2016/10/21 6.51 6.54 6.50 6.53 
2016/10/24 6.53 6.60 6.52 6.57 
2016/10/25 6.60 6.62 6.56 6.60 
2016/10/26 6.60 6.62 6.58 6.60 
2016/10/27 6.60 6.62 6.58 6.58 
2016/10/28 6.58 6.60 6.57 6.59 
2016/10/31 6.62 6.62 6.55 6.58 
2016/11/01 6.57 6.59 6.55 6.56 
2016/11/02 6.56 6.56 6.50 6.51 
2016/11/03 6.51 6.51 6.48 6.50 
2016/11/04 6.50 6.51 6.48 6.49 
2016/11/07 6.49 6.51 6.47 6.50 
2016/11/08 6.55 6.55 6.50 6.52 
2016/11/09 6.51 6.51 6.34 6.38 
2016/11/10 6.41 6.48 6.41 6.44 
2016/11/11 6.43 6.44 6.39 6.41 
2016/11/14 6.42 6.47 6.40 6.44 
2016/11/15 6.47 6.47 6.42 6.42 
2016/11/16 6.44 6.47 6.42 6.47 
2016/11/17 6.45 6.45 6.42 6.44 
2016/11/18 6.45 6.46 6.42 6.43 
2016/11/21 6.45 6.53 6.44 6.53 
2016/11/22 6.49 6.52 6.48 6.48 
2016/11/23 6.50 6.56 6.49 6.55 
2016/11/24 6.54 6.72 6.53 6.67 
2016/11/25 6.64 6.73 6.62 6.64 
2016/11/28 6.68 6.69 6.64 6.65 
2016/11/29 6.66 6.70 6.63 6.65 
2016/11/30 6.65 6.70 6.63 6.70 
2016/12/01 6.70 6.73 6.68 6.70 
2016/12/02 6.72 6.80 6.71 6.75 
2016/12/05 6.78 6.79 6.68 6.68 
2016/12/06 6.69 6.77 6.69 6.70 
2016/12/07 6.71 6.74 6.69 6.69 
2016/12/08 6.72 6.76 6.71 6.76 
2016/12/09 6.76 6.81 6.76 6.79 
2016/12/12 6.80 6.83 6.79 6.80 
2016/12/13 6.81 6.84 6.81 6.83 
2016/12/14 6.85 6.89 6.83 6.86 
2016/12/15 6.86 6.86 6.81 6.86 
2016/12/16 6.86 6.88 6.76 6.76 
2016/12/19 6.79 6.79 6.72 6.72 
2016/12/20 6.73 6.75 6.69 6.71 
2016/12/21 6.71 6.73 6.69 6.70 
2016/12/22 6.70 6.72 6.67 6.70 
2016/12/23 6.70 6.71 6.66 6.69 
2016/12/26 6.70 6.72 6.68 6.70 
2016/12/27 6.69 6.69 6.67 6.69 
2016/12/28 6.69 6.73 6.68 6.71 
2016/12/29 6.71 6.71 6.67 6.71 
2016/12/30 6.70 6.95 6.70 6.90 
2017/01/03 6.91 6.91 6.82 6.83 
2017/01/04 6.85 6.85 6.82 6.84 
2017/01/05 6.84 6.86 6.83 6.84 
2017/01/06 6.82 6.84 6.78 6.81 
2017/01/09 6.81 6.81 6.77 6.80 
2017/01/10 6.78 6.80 6.76 6.77 
2017/01/11 6.78 6.80 6.76 6.79 
2017/01/12 6.77 6.82 6.77 6.81 
2017/01/13 6.80 6.81 6.77 6.81 
2017/01/16 6.80 6.80 6.76 6.78 
2017/01/17 6.80 6.82 6.77 6.82 
2017/01/18 6.82 6.82 6.76 6.77 
2017/01/19 6.77 6.80 6.77 6.77 
2017/01/20 6.77 6.79 6.75 6.75 
2017/01/23 6.74 6.80 6.74 6.76 
2017/01/24 6.78 6.80 6.75 6.79 
2017/02/02 6.79 6.81 6.76 6.80 
2017/02/03 6.80 6.85 6.79 6.85 
2017/02/06 6.86 6.92 6.82 6.90 
2017/02/07 6.90 6.92 6.86 6.90 
2017/02/08 6.90 6.91 6.87 6.88 
