2016/07/01 52.00 52.40 51.90 52.10 
2016/07/04 52.20 52.40 52.00 52.30 
2016/07/05 52.30 52.80 52.10 52.70 
2016/07/06 52.50 52.50 52.00 52.00 
2016/07/07 51.90 52.40 51.90 52.40 
2016/07/11 53.00 53.00 52.50 52.80 
2016/07/12 52.90 53.10 52.60 53.10 
2016/07/13 53.40 53.40 52.80 53.30 
2016/07/14 53.40 54.70 53.20 54.70 
2016/07/15 55.00 55.40 54.80 55.00 
2016/07/18 55.40 55.40 54.70 55.20 
2016/07/19 55.20 55.40 54.70 55.30 
2016/07/20 55.00 55.10 54.60 55.00 
2016/07/21 55.00 55.30 55.00 55.10 
2016/07/22 55.10 55.20 54.60 55.00 
2016/07/25 54.60 55.00 53.80 54.10 
2016/07/26 54.50 56.30 54.40 56.30 
2016/07/27 56.80 57.00 56.60 57.00 
2016/07/28 57.20 57.20 56.50 56.60 
2016/07/29 56.70 56.90 56.50 56.60 
2016/08/01 56.50 57.40 56.50 57.40 
2016/08/02 54.40 54.70 53.00 53.50 
2016/08/03 53.00 53.00 52.10 52.20 
2016/08/04 52.50 52.70 52.20 52.60 
2016/08/05 52.70 53.50 52.60 53.40 
2016/08/08 53.60 53.70 53.10 53.60 
2016/08/09 53.60 53.60 52.00 52.80 
2016/08/10 52.90 53.30 52.50 53.30 
2016/08/11 53.40 53.70 52.60 53.40 
2016/08/12 53.50 54.30 53.40 53.90 
2016/08/15 54.10 54.40 53.60 54.40 
2016/08/16 54.70 54.70 54.00 54.60 
2016/08/17 54.60 54.60 54.20 54.50 
2016/08/18 54.50 55.10 54.30 55.00 
2016/08/19 55.00 55.00 53.80 54.20 
2016/08/22 53.80 53.90 53.10 53.40 
2016/08/23 53.40 53.90 53.20 53.70 
2016/08/24 53.70 54.10 53.60 53.80 
2016/08/25 53.60 54.20 53.50 54.20 
2016/08/26 54.50 55.00 54.40 54.70 
2016/08/29 54.80 54.90 53.90 54.50 
2016/08/30 54.50 55.00 54.50 55.00 
2016/08/31 54.90 55.10 54.30 54.80 
2016/09/01 54.60 54.60 53.80 54.10 
2016/09/02 54.10 54.40 53.50 54.00 
2016/09/05 54.00 54.60 54.00 54.60 
2016/09/06 54.50 54.90 54.40 54.80 
2016/09/07 54.80 55.80 54.70 55.20 
2016/09/08 55.50 55.70 55.10 55.50 
2016/09/09 55.40 55.40 55.00 55.10 
2016/09/10 54.00 54.50 54.00 54.50 
2016/09/12 54.60 54.70 54.10 54.30 
2016/09/13 54.30 54.80 53.80 54.80 
2016/09/14 54.70 55.10 54.30 54.40 
2016/09/19 55.00 55.70 54.90 55.50 
2016/09/20 55.50 55.80 55.10 55.80 
2016/09/21 55.80 55.90 55.40 55.90 
2016/09/22 56.00 56.00 55.60 56.00 
2016/09/23 56.00 56.60 55.90 56.60 
2016/09/26 56.80 57.00 56.40 56.80 
2016/09/29 57.00 57.00 56.30 56.30 
2016/09/30 56.10 56.30 55.60 55.60 
2016/10/03 55.50 56.00 55.30 55.30 
2016/10/04 55.40 56.00 55.40 55.80 
2016/10/05 55.40 55.90 55.40 55.80 
2016/10/06 55.80 55.80 55.40 55.50 
2016/10/07 55.70 55.70 55.20 55.30 
2016/10/11 55.50 55.50 54.20 54.80 
2016/10/12 54.70 54.80 54.30 54.80 
2016/10/13 54.50 54.80 54.00 54.30 
2016/10/14 54.00 54.10 53.30 53.70 
2016/10/17 53.50 54.20 53.10 54.00 
2016/10/18 53.70 54.70 53.50 54.70 
2016/10/19 54.70 55.00 54.50 54.90 
2016/10/20 54.90 54.90 54.30 54.50 
2016/10/21 54.50 54.80 54.40 54.50 
2016/10/24 54.80 54.80 54.30 54.80 
2016/10/25 54.90 55.00 54.50 54.80 
2016/10/26 55.00 55.80 55.00 55.50 
2016/10/27 55.80 56.00 55.20 55.40 
2016/10/28 55.40 55.50 55.10 55.20 
2016/10/31 54.90 54.90 54.50 54.60 
2016/11/01 54.50 54.80 54.30 54.70 
2016/11/02 54.30 54.40 53.90 54.10 
2016/11/03 54.00 54.10 53.50 54.10 
2016/11/04 54.10 54.30 53.50 54.00 
2016/11/07 54.00 54.20 53.90 53.90 
2016/11/08 54.20 54.20 53.70 54.00 
2016/11/09 54.50 54.60 52.40 53.50 
2016/11/10 54.00 54.20 53.70 54.00 
2016/11/11 53.80 54.00 53.00 53.00 
2016/11/14 53.10 53.80 53.00 53.30 
2016/11/15 53.60 53.80 53.00 53.00 
2016/11/16 53.30 53.50 52.70 52.90 
2016/11/17 52.90 53.00 52.70 52.90 
2016/11/18 53.30 53.40 52.80 53.00 
2016/11/21 53.00 53.60 53.00 53.50 
2016/11/22 53.60 53.80 53.40 53.80 
2016/11/23 53.90 53.90 53.60 53.80 
2016/11/24 53.80 54.30 53.60 54.20 
2016/11/25 54.00 54.30 53.70 53.80 
2016/11/28 54.30 54.40 54.00 54.10 
2016/11/29 54.10 54.20 53.80 53.80 
2016/11/30 54.00 54.40 53.90 54.40 
2016/12/01 54.30 54.40 54.00 54.10 
2016/12/02 53.90 55.30 53.90 54.80 
2016/12/05 54.90 55.20 54.40 54.40 
2016/12/06 54.50 55.00 54.50 54.80 
2016/12/07 55.00 55.10 54.60 54.70 
2016/12/08 54.90 55.10 54.70 55.00 
2016/12/09 55.00 55.10 54.90 55.10 
2016/12/12 55.40 55.50 54.80 55.30 
2016/12/13 55.40 55.80 55.30 55.50 
2016/12/14 55.60 55.60 55.20 55.40 
2016/12/15 55.50 55.50 54.80 54.80 
2016/12/16 54.80 55.10 54.70 54.90 
2016/12/19 55.10 55.30 55.00 55.00 
2016/12/20 55.10 55.10 54.50 54.50 
2016/12/21 54.90 54.90 54.40 54.40 
2016/12/22 54.40 54.60 54.10 54.40 
2016/12/23 54.30 54.40 54.00 54.40 
2016/12/26 54.70 54.80 54.20 54.50 
2016/12/27 54.50 54.50 54.20 54.50 
2016/12/28 54.50 54.70 54.30 54.70 
2016/12/29 54.70 54.70 54.20 54.40 
2016/12/30 54.20 55.10 54.20 55.10 
2017/01/03 55.10 55.20 54.90 55.20 
2017/01/04 55.30 55.50 55.20 55.50 
2017/01/05 55.60 55.70 55.40 55.70 
2017/01/06 55.80 55.80 55.40 55.70 
2017/01/09 55.70 55.70 54.70 55.70 
2017/01/10 55.30 55.40 55.00 55.40 
2017/01/11 55.60 55.60 55.30 55.50 
2017/01/12 55.60 56.40 55.60 55.80 
2017/01/13 56.00 56.10 55.80 55.90 
2017/01/16 55.90 56.00 55.50 55.60 
2017/01/17 55.60 55.80 55.10 55.70 
2017/01/18 55.30 55.60 55.20 55.60 
2017/01/19 55.50 55.60 55.30 55.30 
2017/01/20 55.30 55.50 55.20 55.20 
2017/01/23 55.70 55.80 55.20 55.40 
2017/01/24 55.60 56.20 55.60 56.00 
2017/02/02 56.40 56.60 55.60 56.00 
2017/02/03 56.20 57.00 56.10 56.90 
2017/02/06 57.10 58.90 57.10 58.60 
2017/02/07 59.30 62.20 59.30 61.80 
2017/02/08 62.40 63.10 61.30 61.80 
