2016/07/01 44.20 44.20 44.20 44.20 
2016/07/04 42.65 42.65 42.65 42.65 
2016/07/05 42.65 44.50 42.65 44.50 
2016/07/06 44.00 44.00 42.70 42.70 
2016/07/07 43.25 43.95 42.70 42.70 
2016/07/11 44.50 44.50 44.50 44.50 
2016/07/12 44.30 44.30 44.30 44.30 
2016/07/14 43.05 44.30 43.05 44.30 
2016/07/15 43.10 43.75 43.10 43.10 
2016/07/18 44.00 44.00 44.00 44.00 
2016/07/19 43.20 43.50 43.20 43.50 
2016/07/21 43.90 44.00 43.25 43.30 
2016/07/22 44.00 44.00 44.00 44.00 
2016/07/25 43.50 44.00 43.50 43.50 
2016/07/29 43.55 43.55 43.55 43.55 
2016/08/03 42.90 42.90 42.90 42.90 
2016/08/04 42.85 42.85 42.85 42.85 
2016/08/05 42.30 42.45 42.10 42.45 
2016/08/08 42.50 42.80 42.30 42.80 
2016/08/09 42.30 42.50 42.25 42.50 
2016/08/10 42.25 43.00 42.15 43.00 
2016/08/11 43.50 44.00 43.50 44.00 
2016/08/12 44.00 44.00 43.80 44.00 
2016/08/15 44.00 44.00 44.00 44.00 
2016/08/16 44.00 44.00 44.00 44.00 
2016/08/17 44.00 44.50 44.00 44.50 
2016/08/18 44.00 44.80 44.00 44.00 
2016/08/19 44.00 44.00 43.50 43.50 
2016/08/24 44.00 44.00 44.00 44.00 
2016/08/29 43.00 43.00 43.00 43.00 
2016/08/30 43.00 43.10 43.00 43.10 
2016/08/31 43.40 43.40 43.40 43.40 
2016/09/07 43.45 43.95 43.45 43.95 
2016/09/08 44.00 44.00 44.00 44.00 
2016/09/09 43.05 43.05 43.05 43.05 
2016/09/10 43.95 44.45 43.95 44.45 
2016/09/12 44.45 44.45 43.10 43.35 
2016/09/13 43.05 45.00 43.05 44.00 
2016/09/14 44.00 44.00 43.25 43.25 
2016/09/19 43.60 43.60 43.60 43.60 
2016/09/20 43.80 44.00 43.80 44.00 
2016/09/23 44.50 44.50 43.50 43.50 
2016/09/29 43.50 43.50 43.50 43.50 
2016/09/30 43.30 43.95 43.05 43.95 
2016/10/05 43.20 43.20 43.20 43.20 
2016/10/06 43.20 43.55 43.20 43.55 
2016/10/07 43.15 43.25 43.15 43.25 
2016/10/11 43.30 43.30 43.00 43.00 
2016/10/12 43.00 43.00 43.00 43.00 
2016/10/13 43.05 43.05 43.00 43.00 
2016/10/14 43.00 43.00 42.00 42.00 
2016/10/17 42.50 42.50 42.50 42.50 
2016/10/19 42.95 43.50 42.95 43.50 
2016/10/20 43.60 43.60 43.60 43.60 
2016/10/21 43.50 43.50 43.50 43.50 
2016/10/24 42.50 42.80 42.50 42.80 
2016/10/25 42.95 43.00 42.95 43.00 
2016/10/26 43.10 43.10 43.10 43.10 
2016/10/27 43.50 43.50 43.50 43.50 
2016/10/31 43.15 43.15 43.15 43.15 
2016/11/01 43.00 43.00 43.00 43.00 
2016/11/03 42.00 42.50 42.00 42.50 
2016/11/07 42.60 42.80 42.00 42.80 
2016/11/08 42.55 42.55 42.55 42.55 
2016/11/09 42.50 42.75 42.15 42.20 
2016/11/11 42.20 42.50 42.20 42.50 
2016/11/14 42.60 42.60 42.50 42.60 
2016/11/15 42.55 42.60 42.55 42.60 
2016/11/16 42.60 42.60 42.55 42.55 
2016/11/17 42.45 42.75 42.45 42.75 
2016/11/18 42.75 42.75 42.75 42.75 
2016/11/21 42.15 42.15 42.00 42.00 
2016/11/22 42.50 42.50 42.50 42.50 
2016/11/24 42.60 42.80 42.50 42.50 
2016/11/25 42.60 43.00 42.60 42.90 
2016/11/28 42.95 43.00 42.95 43.00 
2016/11/29 42.90 42.90 42.90 42.90 
2016/11/30 42.70 42.70 42.70 42.70 
2016/12/01 42.90 42.90 42.80 42.90 
2016/12/02 42.80 42.80 42.80 42.80 
2016/12/05 42.70 42.75 42.05 42.75 
2016/12/06 42.80 42.80 42.50 42.50 
2016/12/07 42.55 42.60 42.55 42.60 
2016/12/08 42.80 42.80 42.80 42.80 
2016/12/09 42.60 42.70 42.55 42.60 
2016/12/12 42.60 42.60 42.60 42.60 
2016/12/13 42.45 42.65 42.45 42.50 
2016/12/14 42.50 42.50 42.50 42.50 
2016/12/15 42.50 42.80 42.30 42.80 
2016/12/16 42.70 42.70 42.65 42.65 
2016/12/19 42.65 42.65 42.65 42.65 
2016/12/20 42.40 42.50 42.30 42.50 
2016/12/21 42.65 42.65 42.65 42.65 
2016/12/23 42.60 42.65 42.60 42.65 
2016/12/26 42.15 42.55 42.15 42.55 
2016/12/27 42.55 42.55 42.55 42.55 
2016/12/28 42.55 42.55 42.50 42.50 
2016/12/29 42.55 42.55 42.55 42.55 
2016/12/30 42.55 42.70 42.50 42.60 
2017/01/03 42.50 42.65 42.50 42.65 
2017/01/04 42.60 42.75 42.60 42.75 
2017/01/05 42.70 42.75 42.65 42.70 
2017/01/06 42.60 42.65 42.60 42.65 
2017/01/09 42.65 42.65 42.65 42.65 
2017/01/10 42.80 42.95 42.80 42.95 
2017/01/11 43.10 43.20 43.10 43.15 
2017/01/12 43.00 43.00 42.45 42.80 
2017/01/13 43.00 43.00 43.00 43.00 
2017/01/16 43.00 43.20 43.00 43.20 
2017/01/17 43.25 43.25 43.05 43.05 
2017/01/18 43.25 43.25 43.10 43.10 
2017/01/20 43.00 43.20 43.00 43.20 
2017/01/23 43.20 43.25 43.20 43.25 
2017/02/02 43.25 45.00 43.25 45.00 
2017/02/03 45.00 45.00 45.00 45.00 
2017/02/06 44.50 44.50 43.90 43.90 
2017/02/07 44.25 45.00 44.25 45.00 
2017/02/08 45.00 45.00 44.80 44.80 
