2016/07/01 202.00 205.00 202.00 204.00 
2016/07/04 204.00 206.50 204.00 204.50 
2016/07/05 204.50 206.00 204.50 206.00 
2016/07/06 206.00 206.50 203.00 205.00 
2016/07/07 205.00 206.00 204.50 206.00 
2016/07/11 206.00 208.00 205.50 207.50 
2016/07/12 207.50 208.00 207.50 207.50 
2016/07/13 207.50 209.00 207.50 209.00 
2016/07/14 209.00 210.50 209.00 210.00 
2016/07/15 210.00 210.50 206.50 210.00 
2016/07/18 210.00 212.00 210.00 211.50 
2016/07/19 211.50 211.50 211.00 211.50 
2016/07/20 211.50 212.00 211.00 211.50 
2016/07/21 211.50 212.00 210.50 211.50 
2016/07/22 211.50 213.00 211.50 213.00 
2016/07/25 212.00 213.00 211.50 212.00 
2016/07/26 212.00 212.00 209.50 211.50 
2016/07/27 210.00 212.00 209.50 211.50 
2016/07/28 211.00 212.00 210.50 212.00 
2016/07/29 211.00 212.00 211.00 211.50 
2016/08/01 212.50 213.00 212.00 212.50 
2016/08/02 212.50 215.00 212.50 214.50 
2016/08/03 214.50 214.50 214.00 214.00 
2016/08/04 210.00 213.50 210.00 213.50 
2016/08/05 214.00 221.50 213.50 221.50 
2016/08/08 221.50 224.00 221.50 223.50 
2016/08/09 223.50 224.50 222.50 222.50 
2016/08/10 223.50 225.00 223.50 224.50 
2016/08/11 224.50 226.50 224.50 225.50 
2016/08/12 226.00 226.00 225.00 225.00 
2016/08/15 225.00 226.00 225.00 225.50 
2016/08/16 225.50 227.00 225.50 226.00 
2016/08/17 226.00 227.00 224.00 225.50 
2016/08/18 227.00 227.50 222.00 225.00 
2016/08/19 224.50 226.00 223.50 225.00 
2016/08/22 222.50 224.00 222.50 224.00 
2016/08/23 223.00 223.00 222.50 223.00 
2016/08/24 225.00 225.00 224.00 225.00 
2016/08/25 225.00 225.00 224.00 225.00 
2016/08/26 225.50 226.00 223.00 226.00 
2016/08/29 224.00 226.00 221.00 226.00 
2016/08/30 222.50 226.00 222.50 226.00 
2016/08/31 226.00 226.50 225.00 226.50 
2016/09/01 226.50 227.00 225.00 227.00 
2016/09/02 227.00 227.00 224.00 225.00 
2016/09/05 225.00 226.00 224.00 226.00 
2016/09/06 225.00 225.50 224.50 225.50 
2016/09/07 222.50 225.00 222.50 225.00 
2016/09/08 225.00 227.00 224.50 227.00 
2016/09/09 227.00 227.00 223.00 227.00 
2016/09/10 222.50 222.50 221.00 221.00 
2016/09/12 223.00 225.00 221.50 222.00 
2016/09/13 223.00 223.00 223.00 223.00 
2016/09/14 223.00 225.50 221.50 225.50 
2016/09/19 225.00 225.50 223.00 224.50 
2016/09/20 224.50 224.50 222.00 224.00 
2016/09/21 224.00 225.00 222.00 225.00 
2016/09/22 222.50 224.50 222.50 224.50 
2016/09/23 224.00 225.00 223.50 224.00 
2016/09/26 221.50 222.00 221.00 222.00 
2016/09/29 222.00 224.00 221.50 222.00 
2016/09/30 222.00 224.00 222.00 222.50 
2016/10/03 222.00 222.00 222.00 222.00 
2016/10/04 222.00 223.00 222.00 223.00 
2016/10/05 224.00 227.00 223.00 227.00 
2016/10/06 225.00 225.00 222.50 224.00 
2016/10/07 222.50 224.00 220.50 222.00 
2016/10/11 221.00 221.00 216.00 216.50 
2016/10/12 216.00 218.00 216.00 218.00 
2016/10/13 216.00 218.50 215.00 218.00 
2016/10/14 216.00 216.00 215.50 216.00 
2016/10/17 217.50 220.50 216.00 217.00 
2016/10/18 216.50 220.00 216.50 220.00 
2016/10/19 219.00 222.00 219.00 219.50 
2016/10/20 221.00 222.00 221.00 221.00 
2016/10/25 221.00 223.00 221.00 223.00 
2016/10/26 221.00 224.50 218.50 224.50 
2016/10/27 219.50 223.00 219.50 223.00 
2016/10/28 223.00 223.00 223.00 223.00 
2016/10/31 223.00 223.00 223.00 223.00 
2016/11/01 223.00 223.00 223.00 223.00 
2016/11/02 220.00 222.50 217.00 220.00 
2016/11/03 220.00 222.00 219.00 221.00 
2016/11/04 221.00 221.00 218.50 220.00 
2016/11/07 220.00 220.00 220.00 220.00 
2016/11/08 220.50 223.00 220.50 223.00 
2016/11/09 224.00 224.00 220.00 220.50 
2016/11/10 225.00 225.00 222.00 223.00 
2016/11/11 223.00 224.00 221.00 222.00 
2016/11/14 222.00 224.00 221.00 221.00 
2016/11/15 221.00 221.00 219.50 219.50 
2016/11/16 220.00 220.00 219.00 219.00 
2016/11/17 219.00 220.00 219.00 220.00 
2016/11/18 220.00 220.00 220.00 220.00 
2016/11/21 219.00 219.00 218.00 218.00 
2016/11/22 220.00 220.00 218.50 218.50 
2016/11/23 218.50 219.00 218.00 219.00 
2016/11/24 218.00 218.00 216.50 216.50 
2016/11/25 216.50 216.50 214.00 214.50 
2016/11/28 214.00 214.00 213.00 213.00 
2016/11/29 214.00 215.00 213.00 214.00 
2016/11/30 216.00 216.00 216.00 216.00 
2016/12/01 215.00 215.00 213.00 214.00 
2016/12/02 213.00 213.00 212.00 212.00 
2016/12/05 212.00 212.00 210.50 210.50 
2016/12/06 213.00 213.00 211.50 211.50 
2016/12/07 213.00 213.00 211.00 211.00 
2016/12/08 211.00 212.50 211.00 211.50 
2016/12/09 213.00 213.00 210.50 212.00 
2016/12/12 212.00 212.00 209.00 210.00 
2016/12/13 210.00 210.00 210.00 210.00 
2016/12/14 209.00 210.00 209.00 210.00 
2016/12/15 208.00 208.00 204.00 205.00 
2016/12/16 205.00 205.50 204.00 205.50 
2016/12/19 205.50 205.50 204.50 204.50 
2016/12/20 206.00 209.00 206.00 206.50 
2016/12/21 209.50 209.50 208.00 208.00 
2016/12/22 208.00 208.00 207.00 207.00 
2016/12/23 206.00 206.00 204.00 205.00 
2016/12/28 205.00 205.00 205.00 205.00 
2016/12/29 204.00 204.00 204.00 204.00 
2016/12/30 204.00 204.00 204.00 204.00 
2017/01/03 204.00 206.00 204.00 206.00 
2017/01/04 208.00 210.00 206.50 210.00 
2017/01/05 211.00 212.50 209.00 209.00 
2017/01/06 212.00 212.00 208.00 210.00 
2017/01/09 210.00 210.00 209.00 210.00 
2017/01/10 210.00 210.00 210.00 210.00 
2017/01/11 210.00 212.00 209.00 209.00 
2017/01/12 209.00 210.00 209.00 210.00 
2017/01/13 210.00 210.00 208.00 210.00 
2017/01/16 208.00 208.00 208.00 208.00 
2017/01/17 207.50 210.00 206.00 210.00 
2017/01/18 210.00 210.00 206.50 207.50 
2017/01/19 208.00 209.50 208.00 209.00 
2017/01/20 208.00 208.00 206.00 207.50 
2017/01/23 209.00 210.50 207.50 210.00 
2017/01/24 210.00 210.00 207.50 208.00 
2017/02/02 208.00 208.50 208.00 208.50 
2017/02/03 208.50 208.50 208.00 208.50 
2017/02/06 209.50 210.00 209.50 210.00 
2017/02/07 210.00 210.00 208.00 210.00 
2017/02/08 210.00 210.00 210.00 210.00 
