2016/07/01 360.00 360.00 357.00 357.00 
2016/07/04 358.00 373.50 357.00 363.00 
2016/07/05 363.00 366.00 361.50 365.50 
2016/07/06 365.50 376.00 363.00 367.00 
2016/07/07 358.00 363.00 354.50 357.50 
2016/07/11 360.00 367.00 356.50 365.50 
2016/07/12 366.00 401.00 366.00 389.50 
2016/07/13 389.50 400.00 380.00 382.00 
2016/07/14 385.00 391.00 381.00 381.00 
2016/07/15 381.00 381.00 370.50 370.50 
2016/07/18 369.00 374.00 369.00 371.00 
2016/07/19 367.00 372.50 364.00 368.00 
2016/07/20 367.00 386.00 367.00 383.50 
2016/07/21 389.00 392.00 384.00 386.00 
2016/07/22 390.00 395.00 385.50 395.00 
2016/07/25 397.00 398.00 393.00 393.00 
2016/07/26 393.50 397.00 388.50 388.50 
2016/07/27 394.50 394.50 389.00 392.00 
2016/07/28 389.50 392.00 388.00 389.50 
2016/07/29 389.00 396.00 385.50 393.50 
2016/08/01 389.00 391.50 388.00 388.00 
2016/08/02 393.00 404.00 388.50 396.50 
2016/08/03 391.50 411.00 391.50 403.50 
2016/08/04 405.50 422.50 405.50 418.50 
2016/08/05 418.50 460.00 418.50 455.50 
2016/08/08 447.50 454.50 442.50 446.00 
2016/08/09 446.00 464.00 444.00 450.00 
2016/08/10 452.00 454.00 450.00 450.50 
2016/08/11 450.50 469.50 450.50 464.00 
2016/08/12 459.00 477.00 458.00 458.50 
2016/08/15 456.50 460.00 450.50 451.00 
2016/08/16 451.00 464.00 450.00 459.00 
2016/08/17 455.50 458.50 441.50 441.50 
2016/08/18 448.00 453.00 442.00 451.00 
2016/08/19 450.00 461.50 450.00 453.00 
2016/08/22 444.50 462.00 444.50 460.00 
2016/08/23 460.00 466.00 458.50 465.00 
2016/08/24 465.00 482.00 462.00 479.00 
2016/08/25 479.00 488.00 464.50 469.00 
2016/08/26 473.00 473.00 458.00 464.00 
2016/08/29 464.00 465.00 460.00 460.00 
2016/08/30 461.50 465.00 458.50 462.00 
2016/08/31 467.00 480.00 464.50 474.50 
2016/09/01 474.00 474.00 462.50 468.00 
2016/09/02 467.00 467.00 456.00 458.00 
2016/09/05 456.00 456.00 449.50 450.50 
2016/09/06 450.50 465.00 449.00 455.50 
2016/09/07 464.50 470.00 460.50 465.00 
2016/09/08 461.00 462.00 460.00 462.00 
2016/09/09 464.00 465.50 462.00 463.50 
2016/09/10 455.50 457.00 455.50 457.00 
2016/09/12 458.00 468.00 458.00 464.00 
2016/09/13 469.00 469.00 457.00 464.00 
2016/09/14 460.00 478.00 460.00 478.00 
2016/09/19 475.00 475.00 470.00 473.50 
2016/09/20 474.00 484.00 473.50 478.50 
2016/09/21 478.50 478.50 476.00 478.50 
2016/09/22 476.50 476.50 468.50 468.50 
2016/09/23 473.50 473.50 464.00 464.00 
2016/09/26 466.00 466.50 463.00 463.00 
2016/09/29 469.50 469.50 457.00 465.50 
2016/09/30 465.50 470.00 465.50 466.00 
2016/10/03 466.50 468.00 465.50 467.50 
2016/10/04 469.50 478.00 469.00 474.00 
2016/10/05 472.50 477.50 472.50 477.00 
2016/10/06 479.00 479.00 476.00 477.00 
2016/10/07 477.00 477.00 467.00 467.00 
2016/10/11 464.50 465.50 452.50 455.00 
2016/10/12 455.00 457.00 454.00 455.50 
2016/10/13 456.00 456.00 455.00 455.50 
2016/10/14 455.00 456.50 455.00 455.00 
2016/10/17 455.50 457.00 455.50 457.00 
2016/10/18 456.50 457.50 456.00 456.00 
2016/10/19 455.50 472.00 455.50 460.00 
2016/10/20 460.00 464.50 460.00 462.00 
2016/10/21 460.50 470.00 460.50 469.00 
2016/10/24 472.00 472.00 469.00 469.50 
2016/10/25 469.50 469.50 468.00 468.50 
2016/10/26 466.00 470.00 465.00 469.00 
2016/10/27 468.00 470.00 468.00 470.00 
2016/10/28 465.00 465.00 460.00 460.00 
2016/10/31 460.50 461.00 459.00 459.50 
2016/11/01 459.50 464.00 459.00 461.00 
2016/11/02 465.00 465.00 460.00 463.00 
2016/11/03 459.00 459.00 455.50 457.50 
2016/11/04 457.50 458.50 457.00 458.00 
2016/11/07 458.50 467.00 457.00 459.50 
2016/11/08 454.00 459.50 454.00 459.00 
2016/11/09 459.00 459.00 440.50 445.00 
2016/11/10 450.00 451.00 442.00 443.00 
2016/11/11 443.00 443.00 423.50 425.00 
2016/11/14 426.00 434.50 421.50 421.50 
2016/11/15 428.50 428.50 418.50 423.00 
2016/11/16 423.00 430.00 422.00 430.00 
2016/11/17 422.50 425.50 418.00 423.00 
2016/11/18 423.00 423.00 421.00 421.00 
2016/11/21 421.00 426.00 417.50 420.00 
2016/11/22 420.00 423.00 416.50 416.50 
2016/11/23 416.00 416.50 404.00 408.50 
2016/11/24 408.00 408.50 396.00 397.00 
2016/11/25 397.00 424.00 397.00 404.00 
2016/11/28 406.00 409.00 402.00 402.00 
2016/11/29 402.00 402.00 401.00 401.00 
2016/11/30 400.00 405.00 391.00 399.00 
2016/12/01 394.00 399.00 392.00 392.00 
2016/12/02 391.00 393.00 387.00 392.00 
2016/12/05 392.00 397.00 390.50 393.00 
2016/12/06 393.00 402.00 390.50 395.50 
2016/12/07 395.00 401.00 395.00 397.00 
2016/12/08 397.00 406.00 393.00 393.00 
2016/12/09 393.00 393.00 386.00 386.50 
2016/12/12 383.00 385.00 375.00 378.00 
2016/12/13 378.00 385.00 378.00 380.00 
2016/12/14 380.00 388.00 380.00 386.00 
2016/12/15 386.00 389.00 384.00 388.00 
2016/12/16 388.00 395.00 387.50 388.50 
2016/12/19 388.00 388.00 374.00 376.50 
2016/12/20 377.00 385.00 377.00 379.00 
2016/12/21 379.00 380.00 375.00 375.00 
2016/12/22 378.50 378.50 373.00 373.00 
2016/12/23 373.00 382.50 373.00 374.00 
2016/12/26 377.50 380.00 371.00 372.00 
2016/12/27 372.50 373.00 372.00 372.00 
2016/12/28 372.00 382.50 372.00 375.00 
2016/12/29 375.00 380.00 374.00 374.50 
2016/12/30 375.00 380.50 373.50 373.50 
2017/01/03 374.00 376.50 372.50 372.50 
2017/01/04 376.50 379.50 373.00 376.00 
2017/01/05 376.00 380.00 376.00 378.00 
2017/01/06 378.00 388.00 378.00 383.50 
2017/01/09 389.50 394.50 388.00 388.00 
2017/01/10 389.00 395.00 389.00 390.00 
2017/01/11 390.00 390.50 383.00 390.00 
2017/01/12 390.00 390.00 385.00 386.00 
2017/01/13 386.00 389.50 386.00 389.00 
2017/01/16 389.00 400.00 385.00 385.00 
2017/01/17 389.50 389.50 386.00 386.50 
2017/01/18 383.00 384.00 383.00 383.50 
2017/01/19 382.50 382.50 380.00 381.00 
2017/01/20 381.00 381.00 373.50 379.00 
2017/01/23 379.00 385.00 379.00 380.00 
2017/01/24 378.00 383.00 378.00 382.50 
2017/02/02 382.00 382.00 371.00 371.00 
2017/02/03 370.50 371.00 356.00 358.00 
2017/02/06 361.50 362.00 355.50 358.50 
2017/02/07 359.00 365.00 359.00 364.00 
2017/02/08 367.00 368.00 365.00 366.00 
