2016/07/01 7.50 7.52 7.42 7.45 
2016/07/04 7.46 7.49 7.42 7.44 
2016/07/05 7.42 7.48 7.42 7.45 
2016/07/06 7.45 7.46 7.42 7.46 
2016/07/07 7.50 7.52 7.45 7.45 
2016/07/11 7.52 7.53 7.50 7.52 
2016/07/12 7.53 7.56 7.47 7.50 
2016/07/13 7.52 7.81 7.50 7.79 
2016/07/14 7.87 7.87 7.78 7.78 
2016/07/15 7.80 7.85 7.77 7.78 
2016/07/18 7.77 7.82 7.76 7.76 
2016/07/19 7.80 7.82 7.73 7.76 
2016/07/20 7.80 7.80 7.72 7.74 
2016/07/21 7.73 7.85 7.72 7.79 
2016/07/22 7.79 7.83 7.74 7.79 
2016/07/25 7.81 7.86 7.77 7.83 
2016/07/26 7.81 8.04 7.80 7.98 
2016/07/27 8.05 8.08 7.98 8.01 
2016/07/28 8.01 8.04 7.98 8.00 
2016/07/29 7.97 8.00 7.96 7.98 
2016/08/01 7.91 7.99 7.91 7.98 
2016/08/02 7.92 8.08 7.92 7.99 
2016/08/03 7.94 8.03 7.94 8.02 
2016/08/04 8.09 8.53 8.00 8.28 
2016/08/05 8.28 8.33 8.24 8.26 
2016/08/08 8.26 8.30 8.23 8.29 
2016/08/09 8.24 8.32 8.24 8.29 
2016/08/10 8.29 8.30 8.26 8.26 
2016/08/11 8.28 8.35 8.14 8.18 
2016/08/12 8.18 8.24 8.18 8.21 
2016/08/15 8.18 8.36 8.18 8.24 
2016/08/16 8.28 8.28 8.23 8.23 
2016/08/17 8.24 8.29 8.23 8.25 
2016/08/18 8.22 8.23 8.19 8.23 
2016/08/19 8.30 8.30 8.21 8.22 
2016/08/22 8.22 8.22 8.15 8.19 
2016/08/23 8.15 8.25 8.15 8.22 
2016/08/24 8.20 8.32 8.18 8.18 
2016/08/25 8.17 8.20 8.14 8.15 
2016/08/26 8.15 8.18 8.12 8.18 
2016/08/29 8.15 8.31 8.15 8.22 
2016/08/30 8.22 8.27 8.18 8.21 
2016/08/31 8.21 8.21 8.16 8.18 
2016/09/01 8.25 8.27 8.17 8.19 
2016/09/02 8.20 8.25 8.19 8.19 
2016/09/05 7.95 7.95 7.90 7.93 
2016/09/06 7.93 7.95 7.91 7.93 
2016/09/07 7.92 7.98 7.92 7.93 
2016/09/08 7.94 7.98 7.93 7.94 
2016/09/09 7.94 7.96 7.90 7.90 
2016/09/10 7.90 7.90 7.82 7.85 
2016/09/12 7.85 7.85 7.66 7.66 
2016/09/13 7.67 7.68 7.54 7.54 
2016/09/14 7.52 7.55 7.40 7.43 
2016/09/19 7.43 7.58 7.43 7.54 
2016/09/20 7.61 7.61 7.52 7.54 
2016/09/21 7.54 7.57 7.53 7.54 
2016/09/22 7.65 7.73 7.59 7.72 
2016/09/23 7.73 7.73 7.69 7.70 
2016/09/26 7.68 7.68 7.61 7.63 
2016/09/29 7.63 7.76 7.63 7.73 
2016/09/30 7.73 7.73 7.65 7.65 
2016/10/03 7.70 7.75 7.63 7.74 
2016/10/04 7.70 7.74 7.69 7.70 
2016/10/05 7.70 7.74 7.67 7.67 
2016/10/06 7.70 7.89 7.70 7.71 
2016/10/07 7.70 7.70 7.65 7.69 
2016/10/11 7.85 7.85 7.64 7.64 
2016/10/12 7.65 7.67 7.64 7.64 
2016/10/13 7.64 7.66 7.63 7.63 
2016/10/14 7.65 7.65 7.50 7.51 
2016/10/17 7.52 7.54 7.50 7.50 
2016/10/18 7.49 7.55 7.47 7.55 
2016/10/19 7.55 7.59 7.54 7.59 
2016/10/20 7.60 7.67 7.56 7.62 
2016/10/21 7.65 7.67 7.61 7.63 
2016/10/24 7.66 7.72 7.64 7.64 
2016/10/25 7.64 7.64 7.60 7.60 
2016/10/26 7.60 7.67 7.58 7.67 
2016/10/27 7.60 7.63 7.57 7.63 
2016/10/28 7.60 7.61 7.54 7.61 
2016/10/31 7.63 7.63 7.53 7.56 
2016/11/01 7.60 7.68 7.60 7.66 
2016/11/02 7.68 7.68 7.51 7.51 
2016/11/03 7.51 7.55 7.47 7.50 
2016/11/04 7.48 7.60 7.48 7.52 
2016/11/07 7.51 7.55 7.50 7.52 
2016/11/08 7.52 7.52 7.48 7.51 
2016/11/09 7.52 7.52 7.26 7.29 
2016/11/10 7.33 7.63 7.33 7.60 
2016/11/11 7.60 7.70 7.52 7.66 
2016/11/14 7.70 7.71 7.66 7.71 
2016/11/15 7.71 7.94 7.71 7.88 
2016/11/16 7.85 7.94 7.83 7.86 
2016/11/17 7.87 7.87 7.81 7.85 
2016/11/18 7.85 7.98 7.85 7.95 
2016/11/21 7.95 8.10 7.94 8.10 
2016/11/22 8.12 8.13 8.04 8.10 
2016/11/23 8.05 8.07 8.00 8.01 
2016/11/24 8.01 8.08 7.93 8.00 
2016/11/25 8.01 8.01 7.85 7.85 
2016/11/28 7.86 7.96 7.85 7.93 
2016/11/29 7.95 7.99 7.93 7.95 
2016/11/30 7.87 7.97 7.87 7.92 
2016/12/01 7.99 8.03 7.94 8.01 
2016/12/02 8.03 8.05 7.96 8.03 
2016/12/05 8.00 8.03 7.97 8.01 
2016/12/06 8.03 8.05 7.95 7.95 
2016/12/07 7.93 7.98 7.90 7.95 
2016/12/08 8.03 8.03 7.95 7.99 
2016/12/09 7.99 8.01 7.93 7.94 
2016/12/12 7.98 7.98 7.91 7.94 
2016/12/13 7.95 8.00 7.91 7.99 
2016/12/14 8.00 8.09 8.00 8.05 
2016/12/15 8.04 8.08 8.03 8.06 
2016/12/16 8.06 8.13 8.05 8.10 
2016/12/19 8.11 8.50 8.09 8.17 
2016/12/20 8.20 8.26 8.17 8.24 
2016/12/21 8.24 8.26 8.19 8.24 
2016/12/22 8.24 8.24 8.03 8.10 
2016/12/23 8.10 8.17 8.09 8.09 
2016/12/26 8.13 8.19 8.12 8.12 
2016/12/27 8.12 8.14 8.10 8.13 
2016/12/28 8.14 8.15 8.09 8.14 
2016/12/29 8.14 8.16 8.11 8.14 
2016/12/30 8.16 8.17 8.12 8.15 
2017/01/03 8.14 8.16 8.08 8.13 
2017/01/04 8.13 8.16 8.12 8.13 
2017/01/05 8.15 8.22 8.14 8.17 
2017/01/06 8.24 8.33 8.23 8.30 
2017/01/09 8.30 8.31 8.22 8.24 
2017/01/10 8.22 8.28 8.22 8.25 
2017/01/11 8.30 8.36 8.28 8.33 
2017/01/12 8.33 8.35 8.27 8.32 
2017/01/13 8.32 8.34 8.28 8.33 
2017/01/16 8.34 8.35 8.29 8.30 
2017/01/17 8.27 8.30 8.27 8.29 
2017/01/18 8.29 8.31 8.27 8.31 
2017/01/19 8.31 8.33 8.29 8.29 
2017/01/20 8.30 8.31 8.25 8.27 
2017/01/23 8.30 8.33 8.27 8.30 
2017/01/24 8.31 8.36 8.31 8.32 
2017/02/02 8.38 8.39 8.30 8.33 
2017/02/03 8.33 8.36 8.31 8.32 
2017/02/06 8.32 8.45 8.32 8.43 
2017/02/07 8.46 8.47 8.40 8.47 
2017/02/08 8.47 8.55 8.46 8.48 
