2016/07/01 19.05 19.25 19.05 19.15 
2016/07/04 19.15 19.65 19.15 19.55 
2016/07/05 19.55 19.65 19.40 19.55 
2016/07/06 19.55 19.60 19.35 19.45 
2016/07/07 19.60 19.70 19.50 19.70 
2016/07/11 19.75 19.80 19.60 19.65 
2016/07/12 19.70 19.80 19.60 19.60 
2016/07/13 19.70 20.00 19.70 19.85 
2016/07/14 19.95 20.55 19.95 20.20 
2016/07/15 20.25 20.30 19.90 19.95 
2016/07/18 20.00 20.10 19.95 20.00 
2016/07/19 19.05 19.05 18.80 18.85 
2016/07/20 18.85 18.85 18.65 18.70 
2016/07/21 18.75 18.85 18.60 18.65 
2016/07/22 18.65 18.65 18.40 18.50 
2016/07/25 18.45 18.55 18.30 18.40 
2016/07/26 18.40 18.40 18.30 18.35 
2016/07/27 18.30 18.40 18.30 18.30 
2016/07/28 18.40 18.40 18.25 18.30 
2016/07/29 18.30 18.30 18.20 18.25 
2016/08/01 18.20 18.40 18.15 18.30 
2016/08/02 18.30 18.30 18.05 18.05 
2016/08/03 18.05 18.10 17.95 18.05 
2016/08/04 18.05 18.10 17.95 18.10 
2016/08/05 18.00 18.05 17.90 17.95 
2016/08/08 18.05 18.10 17.95 17.95 
2016/08/09 18.80 18.95 18.60 18.95 
2016/08/10 18.90 18.90 18.65 18.70 
2016/08/11 18.75 18.80 18.40 18.50 
2016/08/12 18.55 19.00 18.55 18.80 
2016/08/15 18.80 18.90 18.50 18.55 
2016/08/16 18.70 18.80 18.55 18.80 
2016/08/17 18.65 18.90 18.65 18.75 
2016/08/18 18.75 19.20 18.70 18.90 
2016/08/19 19.10 19.15 18.75 18.80 
2016/08/22 18.80 18.90 18.60 18.70 
2016/08/23 18.60 18.70 18.60 18.65 
2016/08/24 18.80 18.85 18.50 18.55 
2016/08/25 18.75 18.75 18.55 18.60 
2016/08/26 18.60 18.75 18.50 18.50 
2016/08/29 18.55 18.60 18.40 18.45 
2016/08/30 18.55 18.65 18.50 18.55 
2016/08/31 18.50 18.55 18.40 18.50 
2016/09/01 18.40 18.50 18.25 18.30 
2016/09/02 18.30 18.45 18.30 18.35 
2016/09/05 18.40 18.70 18.40 18.60 
2016/09/06 18.65 18.70 18.55 18.70 
2016/09/07 18.65 18.85 18.65 18.80 
2016/09/08 18.65 19.00 18.65 18.95 
2016/09/09 18.85 18.95 18.80 18.85 
2016/09/10 18.60 18.70 18.55 18.65 
2016/09/12 18.60 18.70 18.55 18.60 
2016/09/13 18.60 18.75 18.50 18.50 
2016/09/14 18.50 18.55 18.40 18.45 
2016/09/19 18.50 18.65 18.50 18.60 
2016/09/20 18.65 18.70 18.50 18.60 
2016/09/21 18.60 18.65 18.50 18.60 
2016/09/22 18.60 18.65 18.55 18.60 
2016/09/23 18.60 18.70 18.60 18.60 
2016/09/26 18.60 18.65 18.55 18.60 
2016/09/29 18.65 18.80 18.65 18.70 
2016/09/30 18.70 18.75 18.60 18.60 
2016/10/03 18.65 18.80 18.65 18.70 
2016/10/04 18.70 18.90 18.70 18.85 
2016/10/05 18.85 19.00 18.85 19.00 
2016/10/06 19.00 19.10 18.95 19.00 
2016/10/07 19.00 19.10 18.95 19.10 
2016/10/11 19.10 19.30 19.00 19.10 
2016/10/12 19.10 19.25 19.00 19.10 
2016/10/13 19.15 19.45 19.10 19.30 
2016/10/14 19.30 19.30 19.10 19.15 
2016/10/17 19.15 19.20 19.00 19.05 
2016/10/18 19.05 19.10 19.00 19.05 
2016/10/19 19.05 19.25 19.05 19.10 
2016/10/20 19.20 19.65 19.20 19.45 
2016/10/21 19.55 19.90 19.30 19.90 
2016/10/24 19.90 19.90 19.70 19.80 
2016/10/25 19.80 19.80 19.60 19.75 
2016/10/26 19.85 20.40 19.85 20.20 
2016/10/27 20.45 20.45 20.00 20.10 
2016/10/28 20.00 20.15 19.95 20.00 
2016/10/31 20.05 20.40 20.00 20.15 
2016/11/01 20.20 20.20 20.10 20.10 
2016/11/02 20.05 20.10 19.80 19.90 
2016/11/03 19.90 20.05 19.90 20.00 
2016/11/04 20.00 20.20 20.00 20.05 
2016/11/07 20.10 20.85 20.10 20.80 
2016/11/08 20.95 21.40 20.85 21.10 
2016/11/09 21.00 21.25 20.30 20.50 
2016/11/10 21.10 21.45 21.05 21.25 
2016/11/11 21.10 21.65 21.00 21.50 
2016/11/14 21.60 21.70 21.20 21.70 
2016/11/15 21.70 22.30 21.70 22.10 
2016/11/16 22.10 22.10 21.70 21.85 
2016/11/17 21.75 21.75 21.40 21.55 
2016/11/18 21.55 21.70 21.35 21.70 
2016/11/21 21.65 21.65 21.25 21.60 
2016/11/22 21.65 22.00 21.55 21.95 
2016/11/23 22.00 22.40 21.60 21.70 
2016/11/24 21.90 21.90 21.55 21.55 
2016/11/25 21.60 21.80 21.55 21.55 
2016/11/28 21.60 21.80 21.60 21.75 
2016/11/29 21.80 21.80 21.55 21.55 
2016/11/30 21.75 21.85 21.60 21.80 
2016/12/01 21.60 21.80 21.45 21.50 
2016/12/02 21.50 21.70 21.50 21.60 
2016/12/05 21.60 22.00 21.60 22.00 
2016/12/06 22.00 22.00 21.80 21.85 
2016/12/07 21.90 21.95 21.55 21.75 
2016/12/08 21.95 21.95 21.85 21.85 
2016/12/09 21.95 21.95 21.80 21.90 
2016/12/12 21.90 21.95 21.75 21.80 
2016/12/13 21.85 22.25 21.85 22.05 
2016/12/14 22.20 22.20 21.95 22.00 
2016/12/15 22.00 22.05 21.80 21.90 
2016/12/16 21.80 21.95 21.75 21.95 
2016/12/19 21.90 21.90 21.50 21.55 
2016/12/20 21.55 21.80 21.55 21.75 
2016/12/21 21.80 21.90 21.60 21.60 
2016/12/22 21.60 21.60 21.00 21.05 
2016/12/23 21.00 21.05 20.85 20.85 
2016/12/26 20.85 21.05 20.85 20.95 
2016/12/27 21.00 21.10 20.95 21.05 
2016/12/28 21.05 21.20 21.05 21.10 
2016/12/29 21.10 21.20 21.05 21.20 
2016/12/30 21.30 21.30 21.05 21.15 
2017/01/03 21.15 21.25 21.10 21.15 
2017/01/04 21.10 21.40 21.10 21.35 
2017/01/05 21.35 21.45 21.35 21.35 
2017/01/06 21.30 21.35 20.80 21.05 
2017/01/09 21.05 21.25 20.75 20.95 
2017/01/10 21.00 21.05 20.70 20.75 
2017/01/11 20.75 21.00 20.75 20.95 
2017/01/12 21.00 21.15 21.00 21.15 
2017/01/13 21.05 21.20 21.00 21.05 
2017/01/16 21.05 21.05 20.90 20.95 
2017/01/17 20.90 21.15 20.90 21.15 
2017/01/18 20.95 21.15 20.95 21.10 
2017/01/19 21.00 21.20 20.95 21.00 
2017/01/20 21.00 21.15 20.95 21.05 
2017/01/23 21.00 21.25 21.00 21.15 
2017/01/24 21.00 21.30 21.00 21.25 
2017/02/02 21.30 21.80 21.25 21.70 
2017/02/03 21.75 22.00 21.70 21.75 
2017/02/06 21.75 21.95 21.75 21.85 
2017/02/07 21.85 21.90 21.70 21.80 
2017/02/08 21.75 21.80 21.60 21.70 
