2016/07/01 4.75 4.84 4.66 4.84 
2016/07/04 4.76 4.88 4.71 4.84 
2016/07/05 4.83 4.84 4.71 4.84 
2016/07/06 4.83 4.84 4.76 4.83 
2016/07/07 4.83 4.87 4.80 4.85 
2016/07/11 4.92 4.92 4.76 4.85 
2016/07/12 4.85 4.85 4.73 4.80 
2016/07/13 4.80 4.85 4.80 4.82 
2016/07/14 4.88 4.88 4.77 4.83 
2016/07/15 4.81 5.04 4.75 4.99 
2016/07/18 4.97 5.03 4.82 4.98 
2016/07/19 4.88 4.96 4.81 4.94 
2016/07/20 4.94 4.94 4.86 4.91 
2016/07/21 4.92 4.98 4.84 4.89 
2016/07/22 4.90 4.92 4.81 4.84 
2016/07/25 4.87 4.87 4.77 4.77 
2016/07/26 4.82 4.82 4.76 4.76 
2016/07/27 4.68 4.81 4.68 4.76 
2016/07/28 4.78 4.95 4.78 4.80 
2016/07/29 4.85 4.89 4.78 4.80 
2016/08/01 4.80 4.84 4.75 4.83 
2016/08/02 4.76 4.84 4.76 4.83 
2016/08/03 4.76 4.86 4.76 4.86 
2016/08/04 4.86 4.86 4.75 4.86 
2016/08/05 4.80 4.86 4.80 4.83 
2016/08/08 4.85 4.85 4.76 4.83 
2016/08/09 4.85 4.85 4.77 4.85 
2016/08/10 4.89 4.89 4.85 4.89 
2016/08/11 4.86 4.90 4.70 4.85 
2016/08/12 4.72 4.90 4.72 4.90 
2016/08/15 4.81 4.94 4.81 4.86 
2016/08/16 4.80 4.89 4.80 4.89 
2016/08/17 4.89 5.03 4.82 5.03 
2016/08/18 4.99 5.23 4.99 5.19 
2016/08/19 5.18 5.18 5.00 5.15 
2016/08/22 5.06 5.11 4.98 5.06 
2016/08/23 4.99 5.03 4.97 4.97 
2016/08/24 4.92 4.98 4.87 4.87 
2016/08/25 4.81 4.87 4.78 4.80 
2016/08/26 4.77 4.82 4.71 4.82 
2016/08/29 4.73 4.83 4.66 4.83 
2016/08/30 4.75 4.81 4.73 4.75 
2016/08/31 4.70 4.81 4.70 4.81 
2016/09/01 4.81 4.88 4.72 4.75 
2016/09/02 4.73 4.80 4.69 4.79 
2016/09/05 4.79 4.80 4.70 4.80 
2016/09/06 4.79 4.95 4.74 4.82 
2016/09/07 4.75 4.85 4.75 4.78 
2016/09/08 4.82 4.82 4.75 4.80 
2016/09/09 4.82 4.82 4.80 4.80 
2016/09/10 4.66 4.82 4.66 4.82 
2016/09/12 4.73 4.82 4.73 4.80 
2016/09/13 4.74 4.80 4.68 4.79 
2016/09/14 4.79 4.80 4.78 4.78 
2016/09/19 4.80 4.81 4.73 4.81 
2016/09/20 4.75 4.83 4.75 4.77 
2016/09/21 4.85 5.00 4.72 4.96 
2016/09/22 4.94 4.95 4.83 4.83 
2016/09/23 4.91 4.94 4.85 4.85 
2016/09/26 4.86 4.92 4.85 4.89 
2016/09/29 4.83 4.95 4.82 4.85 
2016/09/30 4.91 4.91 4.85 4.85 
2016/10/03 4.90 4.95 4.87 4.90 
2016/10/04 4.82 4.89 4.77 4.89 
2016/10/05 4.89 4.89 4.80 4.80 
2016/10/06 4.85 4.88 4.80 4.81 
2016/10/07 4.84 4.84 4.73 4.81 
2016/10/11 4.89 4.89 4.76 4.76 
2016/10/12 4.83 4.83 4.77 4.78 
2016/10/13 4.78 4.78 4.68 4.76 
2016/10/14 4.77 4.78 4.71 4.71 
2016/10/17 4.70 4.80 4.70 4.71 
2016/10/18 4.79 4.79 4.72 4.75 
2016/10/19 4.75 4.80 4.74 4.76 
2016/10/20 4.83 4.88 4.80 4.84 
2016/10/21 4.84 4.86 4.77 4.84 
2016/10/24 4.85 4.85 4.78 4.80 
2016/10/25 4.84 4.84 4.70 4.75 
2016/10/26 4.75 4.84 4.73 4.83 
2016/10/27 4.88 4.88 4.75 4.76 
2016/10/28 4.76 4.77 4.76 4.76 
2016/10/31 4.79 4.83 4.77 4.77 
2016/11/01 4.82 4.82 4.73 4.75 
2016/11/02 4.79 4.79 4.72 4.73 
2016/11/03 4.78 4.78 4.68 4.73 
2016/11/04 4.79 4.79 4.73 4.73 
2016/11/07 4.80 4.95 4.73 4.86 
2016/11/08 4.88 4.91 4.82 4.90 
2016/11/09 4.90 4.90 4.66 4.76 
2016/11/10 4.71 5.23 4.71 5.13 
2016/11/11 4.92 5.20 4.92 5.18 
2016/11/14 5.20 5.25 5.10 5.17 
2016/11/15 5.08 5.23 5.06 5.09 
2016/11/16 5.05 5.11 4.95 5.11 
2016/11/17 5.11 5.11 5.03 5.09 
2016/11/18 5.09 5.11 4.90 5.11 
2016/11/21 5.11 5.11 5.05 5.10 
2016/11/22 5.10 5.18 5.02 5.02 
2016/11/23 5.02 5.15 4.89 4.89 
2016/11/24 4.86 4.97 4.81 4.90 
2016/11/25 4.85 4.92 4.83 4.92 
2016/11/28 4.95 5.01 4.90 4.96 
2016/11/29 4.90 4.90 4.83 4.87 
2016/11/30 4.80 4.87 4.80 4.83 
2016/12/01 4.84 4.95 4.84 4.89 
2016/12/02 4.88 4.95 4.87 4.90 
2016/12/05 4.90 4.90 4.86 4.89 
2016/12/06 4.89 4.93 4.82 4.86 
2016/12/07 4.93 4.94 4.86 4.92 
2016/12/08 4.90 4.92 4.86 4.86 
2016/12/09 4.85 4.90 4.83 4.83 
2016/12/12 4.85 4.85 4.80 4.80 
2016/12/13 4.80 4.81 4.75 4.75 
2016/12/14 4.75 4.85 4.75 4.85 
2016/12/15 4.89 4.89 4.77 4.80 
2016/12/16 4.76 4.84 4.76 4.78 
2016/12/19 4.78 4.78 4.75 4.76 
2016/12/20 4.76 4.80 4.75 4.75 
2016/12/21 4.82 4.82 4.75 4.75 
2016/12/22 4.79 4.79 4.74 4.74 
2016/12/23 4.70 4.70 4.65 4.66 
2016/12/26 4.71 4.71 4.63 4.63 
2016/12/27 4.60 4.69 4.52 4.53 
2016/12/28 4.51 4.59 4.50 4.50 
2016/12/29 4.53 4.53 4.40 4.46 
2016/12/30 4.51 4.57 4.47 4.48 
2017/01/03 4.52 4.56 4.49 4.50 
2017/01/04 4.52 4.57 4.48 4.55 
2017/01/05 4.57 4.62 4.50 4.62 
2017/01/06 4.64 4.66 4.58 4.64 
2017/01/09 4.72 4.73 4.61 4.62 
2017/01/10 4.62 4.67 4.54 4.54 
2017/01/11 4.61 4.66 4.55 4.55 
2017/01/12 4.63 4.63 4.55 4.56 
2017/01/13 4.60 4.60 4.52 4.53 
2017/01/16 4.52 4.63 4.52 4.54 
2017/01/17 4.54 4.62 4.54 4.62 
2017/01/18 4.62 4.70 4.55 4.70 
2017/01/19 4.71 4.71 4.64 4.65 
2017/01/20 4.69 4.69 4.61 4.65 
2017/01/23 4.61 4.68 4.56 4.66 
2017/01/24 4.66 4.89 4.66 4.89 
2017/02/02 4.90 5.37 4.90 5.37 
2017/02/03 5.49 5.62 5.15 5.22 
2017/02/06 5.09 5.22 5.09 5.12 
2017/02/07 5.13 5.18 5.04 5.10 
2017/02/08 5.14 5.26 5.03 5.17 
