2016/07/01 5.46 5.48 5.42 5.43 
2016/07/04 5.50 5.62 5.45 5.49 
2016/07/05 5.50 5.50 5.40 5.41 
2016/07/06 5.41 5.45 5.32 5.40 
2016/07/07 5.50 5.50 5.32 5.41 
2016/07/11 5.43 5.46 5.35 5.38 
2016/07/12 5.38 5.40 5.32 5.37 
2016/07/13 5.33 5.55 5.33 5.43 
2016/07/14 5.52 5.78 5.52 5.70 
2016/07/15 5.85 5.85 5.51 5.56 
2016/07/18 5.56 5.71 5.37 5.69 
2016/07/19 5.53 5.72 5.52 5.68 
2016/07/20 5.61 5.70 5.56 5.58 
2016/07/21 5.55 5.72 5.50 5.54 
2016/07/22 5.60 5.65 5.42 5.45 
2016/07/25 5.42 5.55 5.42 5.45 
2016/07/26 5.45 5.50 5.45 5.49 
2016/07/27 5.65 5.65 5.51 5.59 
2016/07/28 5.54 5.64 5.54 5.63 
2016/07/29 5.57 5.70 5.57 5.70 
2016/08/01 5.70 6.00 5.70 5.97 
2016/08/02 6.01 6.20 6.01 6.19 
2016/08/03 6.18 6.25 6.03 6.15 
2016/08/04 6.06 6.18 6.06 6.11 
2016/08/05 6.03 6.13 6.03 6.13 
2016/08/08 6.13 6.20 6.07 6.07 
2016/08/09 6.07 6.14 6.00 6.01 
2016/08/10 6.35 6.61 6.35 6.61 
2016/08/11 6.41 6.58 6.36 6.42 
2016/08/12 6.70 6.70 6.45 6.58 
2016/08/15 6.69 6.95 6.60 6.69 
2016/08/16 6.74 6.74 6.53 6.69 
2016/08/17 6.66 6.80 6.47 6.67 
2016/08/18 6.67 7.32 6.67 7.15 
2016/08/19 7.13 7.20 6.89 6.97 
2016/08/22 6.97 7.18 6.96 7.13 
2016/08/23 7.18 7.18 7.01 7.06 
2016/08/24 7.05 7.07 6.89 6.89 
2016/08/25 6.92 7.03 6.69 6.85 
2016/08/26 6.80 6.88 6.70 6.76 
2016/08/29 6.75 6.75 6.52 6.63 
2016/08/30 6.65 6.83 6.65 6.76 
2016/08/31 6.70 6.70 6.58 6.61 
2016/09/01 6.59 6.65 6.56 6.63 
2016/09/02 6.62 6.63 6.55 6.56 
2016/09/05 6.59 6.76 6.58 6.71 
2016/09/06 6.80 7.16 6.75 7.00 
2016/09/07 7.00 7.16 6.95 7.07 
2016/09/08 7.12 7.14 6.96 7.03 
2016/09/09 7.00 7.10 6.92 7.02 
2016/09/10 6.90 6.95 6.84 6.90 
2016/09/12 6.85 6.86 6.75 6.84 
2016/09/13 6.84 6.84 6.70 6.71 
2016/09/14 6.67 6.75 6.67 6.71 
2016/09/19 6.76 6.86 6.71 6.77 
2016/09/20 6.77 6.80 6.73 6.78 
2016/09/21 6.80 6.83 6.76 6.80 
2016/09/22 6.86 6.86 6.78 6.83 
2016/09/23 6.82 7.00 6.80 6.92 
2016/09/26 6.90 6.91 6.76 6.78 
2016/09/29 6.81 6.85 6.76 6.78 
2016/09/30 6.78 6.83 6.75 6.83 
2016/10/03 6.78 6.84 6.77 6.78 
2016/10/04 6.78 6.79 6.69 6.70 
2016/10/05 6.70 6.82 6.67 6.73 
2016/10/06 6.73 6.81 6.73 6.75 
2016/10/07 6.75 6.79 6.63 6.73 
2016/10/11 6.73 6.73 6.53 6.56 
2016/10/12 6.51 6.62 6.46 6.59 
2016/10/13 6.60 6.64 6.55 6.56 
2016/10/14 6.52 6.58 6.50 6.56 
2016/10/17 6.55 6.62 6.52 6.59 
2016/10/18 6.63 6.68 6.60 6.68 
2016/10/19 6.69 6.78 6.65 6.78 
2016/10/20 6.81 7.35 6.81 7.32 
2016/10/21 7.23 7.23 7.06 7.09 
2016/10/24 7.13 7.24 6.99 7.24 
2016/10/25 7.30 7.38 7.16 7.17 
2016/10/26 7.24 7.32 7.20 7.26 
2016/10/27 7.27 7.48 7.26 7.29 
2016/10/28 7.31 7.37 7.20 7.25 
2016/10/31 7.25 7.30 7.12 7.20 
2016/11/01 7.20 7.28 7.18 7.21 
2016/11/02 7.21 7.23 7.01 7.01 
2016/11/03 7.00 7.10 7.00 7.02 
2016/11/04 7.03 7.19 7.02 7.14 
2016/11/07 7.49 7.85 7.45 7.85 
2016/11/08 8.10 8.40 7.95 8.35 
2016/11/09 8.29 8.60 8.15 8.35 
2016/11/10 9.18 9.18 9.05 9.18 
2016/11/11 9.25 10.00 9.05 9.78 
2016/11/14 9.80 10.10 9.41 9.83 
2016/11/15 9.80 10.10 9.52 9.68 
2016/11/16 9.62 9.62 9.26 9.38 
2016/11/17 9.27 9.88 9.26 9.74 
2016/11/18 9.60 9.76 9.58 9.60 
2016/11/21 9.80 10.50 9.60 10.50 
2016/11/22 10.20 10.55 10.05 10.50 
2016/11/23 10.65 10.90 10.20 10.30 
2016/11/24 10.30 10.55 10.05 10.55 
2016/11/25 10.50 10.65 10.25 10.35 
2016/11/28 10.45 10.95 10.45 10.80 
2016/11/29 10.80 10.80 10.60 10.70 
2016/11/30 10.80 10.95 10.50 10.55 
2016/12/01 10.50 10.55 10.20 10.30 
2016/12/02 10.30 10.60 10.25 10.40 
2016/12/05 10.40 10.45 10.15 10.15 
2016/12/06 10.20 10.60 10.20 10.35 
2016/12/07 10.40 10.65 10.25 10.55 
2016/12/08 10.65 10.70 10.45 10.45 
2016/12/09 10.45 10.50 10.25 10.35 
2016/12/12 10.20 10.40 10.20 10.25 
2016/12/13 10.40 10.60 10.40 10.50 
2016/12/14 10.50 10.65 10.40 10.45 
2016/12/15 10.50 10.55 10.40 10.50 
2016/12/16 10.50 10.55 10.25 10.40 
2016/12/19 10.40 10.40 10.00 10.10 
2016/12/20 10.20 10.40 10.20 10.30 
2016/12/21 10.25 10.30 9.95 10.10 
2016/12/22 10.15 10.15 9.95 9.99 
2016/12/23 9.90 9.99 9.51 9.62 
2016/12/26 9.74 9.81 9.55 9.60 
2016/12/27 9.64 9.64 9.18 9.25 
2016/12/28 9.25 9.74 9.25 9.70 
2016/12/29 9.68 9.68 9.44 9.50 
2016/12/30 9.55 9.63 9.51 9.52 
2017/01/03 9.52 9.56 9.44 9.45 
2017/01/04 9.54 9.93 9.51 9.85 
2017/01/05 9.91 10.15 9.91 10.00 
2017/01/06 10.00 10.05 9.90 9.99 
2017/01/09 10.10 10.10 9.83 9.90 
2017/01/10 9.90 10.15 9.89 10.10 
2017/01/11 10.30 10.50 10.20 10.40 
2017/01/12 10.45 10.50 10.30 10.30 
2017/01/13 10.30 10.40 10.25 10.30 
2017/01/16 10.45 10.60 10.30 10.30 
2017/01/17 10.40 10.50 10.30 10.45 
2017/01/18 10.45 10.45 10.30 10.40 
2017/01/19 10.45 10.50 10.35 10.40 
2017/01/20 10.45 10.45 10.25 10.30 
2017/01/23 10.40 10.80 10.40 10.60 
2017/01/24 10.70 10.85 10.55 10.70 
2017/02/02 11.00 11.75 11.00 11.75 
2017/02/03 12.15 12.90 12.10 12.50 
2017/02/06 12.70 13.15 12.50 12.55 
2017/02/07 12.55 12.60 12.05 12.25 
2017/02/08 12.50 12.70 12.20 12.20 
