2016/07/01 40.90 41.00 40.60 41.00 
2016/07/04 41.00 41.35 40.80 41.35 
2016/07/05 41.20 41.50 40.80 41.40 
2016/07/06 41.40 41.50 40.85 40.95 
2016/07/07 40.90 41.30 40.90 41.30 
2016/07/11 41.45 41.45 40.85 41.00 
2016/07/12 40.85 41.20 40.85 40.90 
2016/07/13 41.10 42.10 41.10 41.60 
2016/07/14 42.00 42.55 41.60 42.00 
2016/07/15 42.00 42.05 41.75 41.80 
2016/07/18 41.80 42.00 41.65 41.75 
2016/07/19 42.00 42.40 41.55 42.30 
2016/07/20 41.85 42.15 41.70 41.70 
2016/07/21 41.60 42.30 41.60 42.00 
2016/07/22 42.00 42.45 41.60 42.30 
2016/07/25 42.40 42.45 41.60 42.25 
2016/07/26 42.15 42.15 41.80 42.00 
2016/07/27 41.80 42.05 41.80 41.95 
2016/07/28 41.95 41.95 41.65 41.95 
2016/07/29 41.95 42.25 41.60 42.05 
2016/08/01 41.70 42.20 41.70 42.10 
2016/08/02 42.10 42.10 41.30 41.40 
2016/08/03 41.45 41.45 41.00 41.20 
2016/08/04 41.10 41.20 40.90 41.20 
2016/08/05 41.15 41.80 41.00 41.80 
2016/08/08 41.80 41.80 41.40 41.40 
2016/08/09 41.40 41.80 41.30 41.75 
2016/08/10 41.95 41.95 41.50 41.50 
2016/08/11 41.55 41.55 41.10 41.30 
2016/08/12 41.35 41.50 41.30 41.30 
2016/08/15 41.30 41.30 41.00 41.10 
2016/08/16 41.45 41.60 41.00 41.60 
2016/08/17 41.80 42.05 41.60 42.00 
2016/08/18 41.90 42.10 41.75 41.80 
2016/08/19 41.80 41.95 41.40 41.55 
2016/08/22 41.50 41.50 40.90 41.00 
2016/08/23 41.00 41.35 40.80 41.35 
2016/08/24 41.35 41.35 40.90 40.95 
2016/08/25 40.95 41.35 40.90 41.35 
2016/08/26 41.35 41.35 40.90 41.00 
2016/08/29 41.20 41.20 40.80 41.05 
2016/08/30 41.10 41.10 40.90 41.10 
2016/08/31 41.00 41.25 40.60 40.60 
2016/09/01 40.60 40.85 40.60 40.85 
2016/09/02 40.60 41.00 40.40 40.85 
2016/09/05 40.90 41.00 40.40 40.70 
2016/09/06 40.50 40.85 40.50 40.85 
2016/09/07 40.85 41.05 40.80 40.80 
2016/09/08 41.00 41.00 40.65 40.85 
2016/09/09 40.85 41.35 40.80 41.20 
2016/09/10 41.30 41.30 41.15 41.15 
2016/09/12 41.15 41.20 40.80 40.80 
2016/09/13 40.80 41.20 40.50 40.70 
2016/09/14 40.95 42.00 40.60 42.00 
2016/09/19 41.75 41.75 41.25 41.40 
2016/09/20 41.30 41.35 41.05 41.15 
2016/09/21 41.00 41.35 40.90 41.15 
2016/09/22 41.15 41.35 41.05 41.15 
2016/09/23 41.40 41.40 40.95 41.00 
2016/09/26 41.00 41.40 40.70 40.90 
2016/09/29 41.40 41.40 40.90 40.95 
2016/09/30 40.95 41.15 40.75 40.85 
2016/10/03 41.10 41.10 40.70 40.80 
2016/10/04 41.00 41.05 40.60 40.80 
2016/10/05 40.80 40.95 40.65 40.65 
2016/10/06 40.60 40.90 40.60 40.90 
2016/10/07 40.85 40.85 40.65 40.80 
2016/10/11 40.80 41.00 40.65 40.95 
2016/10/12 40.75 41.05 40.75 40.95 
2016/10/13 40.95 40.95 40.80 40.95 
2016/10/14 40.90 41.20 40.80 40.95 
2016/10/17 40.95 41.15 40.85 41.00 
2016/10/18 41.15 41.15 40.75 41.10 
2016/10/19 40.85 41.10 40.85 41.00 
2016/10/20 41.10 41.50 41.05 41.25 
2016/10/21 41.25 42.25 41.10 42.25 
2016/10/24 42.15 42.15 41.70 42.10 
2016/10/25 42.10 42.10 41.80 41.90 
2016/10/26 41.90 42.50 41.90 42.30 
2016/10/27 42.50 42.50 41.85 42.15 
2016/10/28 42.25 42.35 41.90 41.95 
2016/10/31 41.90 42.05 41.70 41.90 
2016/11/01 41.95 42.00 41.70 41.85 
2016/11/02 41.95 42.40 41.90 42.10 
2016/11/03 42.10 42.50 42.05 42.40 
2016/11/04 42.50 43.20 42.40 42.65 
2016/11/07 43.00 44.00 42.90 43.85 
2016/11/08 44.00 44.00 43.60 43.80 
2016/11/09 43.80 44.00 42.70 42.90 
2016/11/10 44.20 44.60 44.00 44.35 
2016/11/11 44.50 44.55 43.85 43.85 
2016/11/14 43.95 44.95 43.95 44.75 
2016/11/15 44.90 45.95 44.75 45.70 
2016/11/16 45.70 45.70 44.95 45.05 
2016/11/17 45.00 45.20 44.70 45.10 
2016/11/18 45.20 45.40 44.55 45.00 
2016/11/21 44.60 44.60 44.15 44.60 
2016/11/22 44.60 44.95 44.25 44.95 
2016/11/23 45.00 45.45 44.40 44.80 
2016/11/24 44.80 44.80 44.30 44.50 
2016/11/25 44.50 44.50 44.20 44.25 
2016/11/28 44.30 45.00 44.30 44.70 
2016/11/29 44.70 44.80 44.45 44.80 
2016/11/30 44.80 45.30 44.50 45.30 
2016/12/01 44.95 44.95 44.25 44.35 
2016/12/02 44.35 44.45 44.20 44.20 
2016/12/05 44.25 44.45 43.90 43.95 
2016/12/06 44.10 44.80 44.10 44.20 
2016/12/07 44.60 44.70 44.50 44.60 
2016/12/08 44.90 44.90 44.65 44.90 
2016/12/09 44.80 45.00 44.70 44.70 
2016/12/12 44.70 45.00 44.70 44.90 
2016/12/13 45.25 46.15 45.25 45.70 
2016/12/14 45.80 46.20 45.80 45.90 
2016/12/15 45.80 45.80 45.05 45.45 
2016/12/16 45.45 45.60 45.15 45.60 
2016/12/19 45.60 45.60 44.90 44.90 
2016/12/20 45.75 45.90 44.90 44.95 
2016/12/21 44.95 45.40 44.90 45.30 
2016/12/22 45.30 45.40 44.80 44.95 
2016/12/23 44.75 44.95 44.65 44.70 
2016/12/26 44.65 44.90 44.65 44.70 
2016/12/27 44.65 45.30 44.65 44.70 
2016/12/28 44.80 45.20 44.70 44.90 
2016/12/29 45.15 45.15 44.70 44.85 
2016/12/30 44.75 45.30 44.75 45.25 
2017/01/03 45.25 45.25 44.70 44.90 
2017/01/04 44.90 44.90 44.65 44.80 
2017/01/05 44.80 45.20 44.80 44.85 
2017/01/06 45.15 45.30 44.90 45.20 
2017/01/09 45.20 45.40 45.20 45.20 
2017/01/10 45.20 45.50 45.15 45.40 
2017/01/11 45.50 45.95 45.40 45.80 
2017/01/12 45.90 46.20 45.85 45.95 
2017/01/13 45.90 46.10 45.85 46.05 
2017/01/16 46.05 46.05 45.60 45.70 
2017/01/17 45.65 47.60 45.60 47.00 
2017/01/18 47.00 48.30 46.50 48.05 
2017/01/19 48.05 48.20 47.40 47.95 
2017/01/20 47.10 47.95 47.10 47.75 
2017/01/23 47.70 48.00 47.70 47.90 
2017/01/24 47.90 48.30 47.75 47.90 
2017/02/02 48.20 49.80 48.00 49.15 
2017/02/03 49.40 49.75 49.00 49.15 
2017/02/06 48.85 49.35 48.80 49.30 
2017/02/07 49.40 49.40 48.65 49.40 
2017/02/08 49.40 49.50 49.05 49.15 
