2016/07/01 21.50 21.70 21.40 21.70 
2016/07/04 21.75 22.40 21.70 22.35 
2016/07/05 22.35 22.65 22.20 22.50 
2016/07/06 22.50 22.50 22.25 22.30 
2016/07/07 22.30 22.55 22.25 22.35 
2016/07/11 22.55 22.80 22.35 22.35 
2016/07/12 22.35 22.65 22.35 22.50 
2016/07/13 22.50 22.60 22.35 22.50 
2016/07/14 22.50 23.35 22.50 23.25 
2016/07/15 23.25 23.45 23.15 23.30 
2016/07/18 23.30 24.20 23.30 24.20 
2016/07/19 22.50 22.80 22.00 22.40 
2016/07/20 22.30 22.45 21.90 22.30 
2016/07/21 22.20 22.30 21.95 22.00 
2016/07/22 21.75 22.00 21.20 21.95 
2016/07/25 21.80 22.05 21.55 21.55 
2016/07/26 21.55 21.60 21.35 21.40 
2016/07/27 21.45 21.60 21.40 21.60 
2016/07/28 21.60 22.15 21.60 22.00 
2016/07/29 22.00 22.35 21.85 22.10 
2016/08/01 21.95 22.15 21.95 22.15 
2016/08/02 21.85 22.05 21.85 22.00 
2016/08/03 21.60 21.70 21.30 21.65 
2016/08/04 21.65 21.70 21.35 21.40 
2016/08/05 21.40 21.60 21.40 21.50 
2016/08/08 21.55 22.35 21.55 22.20 
2016/08/09 22.20 22.40 22.10 22.30 
2016/08/10 22.30 24.40 22.15 23.50 
2016/08/11 23.50 23.70 23.00 23.45 
2016/08/12 23.60 24.10 23.45 23.70 
2016/08/15 23.80 23.95 23.25 23.70 
2016/08/16 23.80 23.90 23.60 23.65 
2016/08/17 23.95 24.35 23.90 24.05 
2016/08/18 24.30 26.45 24.30 26.05 
2016/08/19 26.00 26.30 25.50 25.70 
2016/08/22 26.40 27.35 26.20 26.80 
2016/08/23 26.80 26.95 26.35 26.80 
2016/08/24 26.80 27.20 26.00 26.05 
2016/08/25 26.05 26.50 25.70 26.50 
2016/08/26 26.50 26.95 26.30 26.30 
2016/08/29 26.20 26.20 25.50 25.90 
2016/08/30 26.00 26.35 25.90 26.05 
2016/08/31 26.05 26.15 25.80 26.15 
2016/09/01 26.15 26.30 25.80 26.00 
2016/09/02 26.00 26.25 25.70 25.75 
2016/09/05 25.80 25.95 25.50 25.70 
2016/09/06 25.75 26.40 25.75 26.20 
2016/09/07 26.30 26.65 26.20 26.40 
2016/09/08 26.30 26.50 26.10 26.35 
2016/09/09 26.15 26.35 26.00 26.20 
2016/09/10 25.85 25.85 25.35 25.55 
2016/09/12 25.50 25.80 25.35 25.50 
2016/09/13 25.60 25.60 24.85 25.10 
2016/09/14 24.60 26.10 24.60 26.10 
2016/09/19 26.25 26.30 25.80 25.95 
2016/09/20 25.95 26.30 25.80 26.05 
2016/09/21 26.05 26.25 25.90 26.10 
2016/09/22 26.20 26.30 26.10 26.15 
2016/09/23 26.20 26.30 26.10 26.25 
2016/09/26 26.35 26.35 26.00 26.00 
2016/09/29 26.40 26.60 26.00 26.00 
2016/09/30 26.00 26.35 25.80 26.00 
2016/10/03 26.15 26.15 25.75 25.75 
2016/10/04 25.75 25.90 25.25 25.75 
2016/10/05 25.75 25.75 25.50 25.50 
2016/10/06 25.50 26.20 25.40 25.85 
2016/10/07 25.80 26.10 25.70 26.05 
2016/10/11 26.35 26.60 25.80 26.25 
2016/10/12 26.10 26.15 25.90 26.00 
2016/10/13 26.00 26.10 25.90 26.00 
2016/10/14 25.90 26.10 25.80 25.85 
2016/10/17 25.85 26.10 25.80 26.05 
2016/10/18 26.10 26.15 26.00 26.10 
2016/10/19 26.15 26.85 26.05 26.75 
2016/10/20 27.30 29.35 27.30 28.65 
2016/10/21 28.70 28.95 28.15 28.65 
2016/10/24 29.00 29.50 28.80 28.85 
2016/10/25 28.05 28.70 28.05 28.40 
2016/10/26 28.50 29.80 28.50 29.30 
2016/10/27 29.65 29.65 28.85 29.05 
2016/10/28 29.00 29.50 28.85 29.30 
2016/10/31 29.05 29.25 28.35 28.95 
2016/11/01 29.10 29.10 28.80 28.95 
2016/11/02 28.65 28.95 27.50 27.85 
2016/11/03 27.85 28.10 27.55 27.70 
2016/11/04 27.90 28.85 27.90 28.55 
2016/11/07 28.70 30.80 28.70 30.10 
2016/11/08 30.25 30.80 30.10 30.65 
2016/11/09 30.80 31.90 29.15 30.60 
2016/11/10 32.60 33.65 32.40 33.65 
2016/11/11 33.65 34.50 33.05 34.10 
2016/11/14 34.50 34.90 33.10 34.10 
2016/11/15 34.50 35.90 34.20 34.60 
2016/11/16 34.95 35.05 34.25 34.95 
2016/11/17 35.00 35.95 34.95 35.75 
2016/11/18 36.50 36.90 35.85 35.85 
2016/11/21 36.10 36.90 36.00 36.75 
2016/11/22 37.05 38.50 36.50 38.35 
2016/11/23 38.85 40.70 36.85 37.50 
2016/11/24 38.00 38.15 37.10 37.70 
2016/11/25 37.45 37.70 36.45 36.90 
2016/11/28 37.20 38.25 37.10 37.90 
2016/11/29 37.85 38.10 37.40 37.50 
2016/11/30 37.40 37.70 36.85 37.15 
2016/12/01 37.30 37.50 36.00 36.35 
2016/12/02 36.50 38.20 36.45 38.00 
2016/12/05 38.25 38.70 37.50 37.65 
2016/12/06 37.95 39.20 37.50 38.60 
2016/12/07 38.80 38.95 38.30 38.65 
2016/12/08 39.00 39.80 38.80 38.80 
2016/12/09 38.85 39.00 38.00 38.55 
2016/12/12 39.55 39.55 38.25 38.50 
2016/12/13 38.50 39.45 38.50 39.15 
2016/12/14 39.45 39.45 38.65 38.90 
2016/12/15 38.90 38.90 37.70 37.85 
2016/12/16 37.85 38.05 37.10 37.45 
2016/12/19 37.45 37.50 36.35 36.90 
2016/12/20 36.90 37.50 36.85 37.05 
2016/12/21 37.10 37.20 36.55 36.90 
2016/12/22 36.70 37.00 36.00 36.00 
2016/12/23 35.50 35.50 33.75 34.10 
2016/12/26 34.10 34.20 33.35 33.90 
2016/12/27 33.90 34.25 33.55 33.60 
2016/12/28 33.70 34.55 33.70 34.10 
2016/12/29 34.00 34.00 33.55 33.70 
2016/12/30 34.05 34.05 33.65 34.00 
2017/01/03 34.00 34.35 34.00 34.15 
2017/01/04 34.40 35.70 34.40 35.65 
2017/01/05 35.80 36.45 35.50 36.10 
2017/01/06 35.60 36.05 35.30 35.60 
2017/01/09 35.25 35.60 34.90 35.00 
2017/01/10 34.60 35.15 34.50 35.10 
2017/01/11 35.20 35.70 34.85 35.60 
2017/01/12 35.60 35.60 35.30 35.55 
2017/01/13 35.80 37.35 35.70 36.90 
2017/01/16 37.05 37.60 33.30 34.20 
2017/01/17 34.70 35.55 34.30 35.50 
2017/01/18 35.50 35.90 34.70 35.20 
2017/01/19 35.00 35.40 34.50 34.60 
2017/01/20 34.90 35.15 34.10 34.30 
2017/01/23 34.70 35.20 34.30 35.05 
2017/01/24 35.25 35.40 34.95 35.25 
2017/02/02 36.00 36.95 35.75 36.85 
2017/02/03 37.50 38.30 36.90 37.55 
2017/02/06 37.70 38.20 36.90 37.80 
2017/02/07 37.80 38.75 37.60 38.75 
2017/02/08 38.80 38.90 38.05 38.25 
