2016/07/01 23.50 23.50 23.20 23.35 
2016/07/04 24.10 24.90 24.00 24.60 
2016/07/05 24.70 24.95 24.50 24.55 
2016/07/06 24.80 24.85 24.00 24.50 
2016/07/07 24.70 24.70 24.30 24.50 
2016/07/11 24.70 24.75 24.50 24.50 
2016/07/12 24.50 24.65 24.50 24.50 
2016/07/13 24.70 25.35 24.65 24.90 
2016/07/14 25.00 26.90 25.00 25.90 
2016/07/15 26.50 26.50 25.90 26.00 
2016/07/18 26.35 26.50 26.15 26.50 
2016/07/19 23.35 23.50 23.00 23.40 
2016/07/20 23.50 24.85 23.50 24.30 
2016/07/21 25.00 25.00 24.00 24.10 
2016/07/22 24.30 24.50 23.80 24.30 
2016/07/25 24.10 24.50 23.65 23.90 
2016/07/26 23.85 23.90 23.65 23.75 
2016/07/27 23.75 23.90 23.45 23.55 
2016/07/28 23.65 24.00 23.65 23.75 
2016/07/29 24.25 24.30 23.75 23.95 
2016/08/01 24.00 24.00 23.65 23.90 
2016/08/02 23.90 23.95 23.70 23.75 
2016/08/03 23.70 23.70 23.45 23.70 
2016/08/04 23.90 24.00 23.45 23.70 
2016/08/05 23.50 23.80 23.35 23.55 
2016/08/08 23.70 23.70 23.40 23.60 
2016/08/09 24.00 24.50 23.90 24.20 
2016/08/10 24.45 24.45 23.80 23.85 
2016/08/11 23.70 23.90 23.50 23.75 
2016/08/12 23.60 23.70 23.50 23.55 
2016/08/15 23.50 23.55 23.00 23.20 
2016/08/16 23.60 23.60 23.20 23.35 
2016/08/17 23.35 23.40 23.10 23.30 
2016/08/18 23.40 24.00 23.30 23.60 
2016/08/19 23.75 23.80 23.20 23.25 
2016/08/22 23.30 23.60 23.00 23.10 
2016/08/23 23.00 23.30 23.00 23.10 
2016/08/24 23.10 23.25 22.85 22.90 
2016/08/25 22.90 22.95 22.50 22.60 
2016/08/26 22.50 22.75 22.45 22.45 
2016/08/29 22.50 22.65 22.30 22.40 
2016/08/30 22.60 22.65 22.45 22.60 
2016/08/31 22.50 22.50 22.30 22.45 
2016/09/01 22.30 22.40 22.10 22.10 
2016/09/02 22.10 22.50 22.00 22.05 
2016/09/05 22.10 22.45 22.10 22.35 
2016/09/06 22.35 22.50 22.20 22.50 
2016/09/07 22.55 22.80 22.50 22.70 
2016/09/08 22.70 22.90 22.60 22.80 
2016/09/09 22.75 22.80 22.55 22.80 
2016/09/10 22.60 22.70 22.30 22.70 
2016/09/12 22.50 22.55 22.35 22.40 
2016/09/13 22.40 22.50 22.20 22.20 
2016/09/14 22.20 22.60 22.05 22.60 
2016/09/19 22.30 22.45 22.30 22.40 
2016/09/20 22.25 22.60 22.25 22.45 
2016/09/21 22.45 22.90 22.45 22.80 
2016/09/22 23.20 23.20 22.85 22.90 
2016/09/23 23.00 23.20 23.00 23.15 
2016/09/26 23.15 23.20 22.80 22.80 
2016/09/29 22.85 23.15 22.85 22.90 
2016/09/30 22.90 22.90 22.55 22.55 
2016/10/03 22.55 22.80 22.50 22.55 
2016/10/04 22.55 22.65 22.55 22.65 
2016/10/05 22.70 22.75 22.35 22.40 
2016/10/06 22.40 22.55 22.30 22.40 
2016/10/07 22.55 22.55 22.25 22.30 
2016/10/11 22.50 22.55 22.20 22.30 
2016/10/12 22.30 22.40 22.15 22.30 
2016/10/13 22.25 22.40 22.15 22.20 
2016/10/14 22.15 22.40 22.10 22.15 
2016/10/17 22.10 22.30 22.00 22.15 
2016/10/18 22.30 22.30 22.05 22.15 
2016/10/19 22.25 22.45 22.15 22.40 
2016/10/20 22.50 23.00 22.50 22.95 
2016/10/21 22.95 22.95 22.50 22.50 
2016/10/24 22.55 22.70 22.25 22.30 
2016/10/25 22.35 22.50 22.30 22.40 
2016/10/26 22.60 23.10 22.60 22.95 
2016/10/27 23.05 23.05 22.60 22.65 
2016/10/28 22.70 22.85 22.55 22.75 
2016/10/31 22.80 23.00 22.50 22.90 
2016/11/01 22.90 23.10 22.80 22.90 
2016/11/02 22.85 22.90 22.35 22.40 
2016/11/03 22.40 22.55 22.35 22.40 
2016/11/04 22.45 22.85 22.40 22.65 
2016/11/07 22.90 23.80 22.80 23.50 
2016/11/08 24.10 24.15 23.55 23.90 
2016/11/09 24.00 24.10 23.20 23.20 
2016/11/10 24.05 24.65 23.90 24.25 
2016/11/11 24.50 24.75 24.00 24.40 
2016/11/14 24.50 24.80 23.90 24.70 
2016/11/15 24.80 25.65 24.80 25.10 
2016/11/16 25.10 25.30 24.70 25.00 
2016/11/17 25.00 25.25 24.80 24.95 
2016/11/18 25.00 25.15 24.75 24.95 
2016/11/21 25.10 25.80 24.95 25.70 
2016/11/22 25.85 26.30 25.75 25.95 
2016/11/23 26.35 27.40 25.50 25.60 
2016/11/24 26.05 26.50 25.90 26.50 
2016/11/25 26.15 27.00 26.10 26.55 
2016/11/28 27.10 27.50 26.95 27.00 
2016/11/29 27.00 27.30 26.70 27.00 
2016/11/30 27.00 27.15 25.90 26.35 
2016/12/01 26.50 27.00 26.25 26.70 
2016/12/02 26.65 27.25 26.65 27.25 
2016/12/05 27.50 27.80 26.95 27.50 
2016/12/06 27.95 28.40 27.95 28.15 
2016/12/07 28.30 29.10 28.30 28.90 
2016/12/08 29.10 29.60 28.55 28.85 
2016/12/09 28.80 29.35 28.40 29.25 
2016/12/12 29.35 29.35 28.70 29.15 
2016/12/13 29.25 29.75 29.20 29.70 
2016/12/14 29.70 29.90 29.60 29.75 
2016/12/15 29.75 30.00 29.40 29.95 
2016/12/16 29.90 30.00 28.95 29.15 
2016/12/19 29.00 29.00 27.90 28.30 
2016/12/20 28.40 29.00 28.40 28.80 
2016/12/21 28.80 28.80 28.30 28.30 
2016/12/22 28.00 28.30 27.35 27.40 
2016/12/23 27.15 27.65 26.55 27.35 
2016/12/26 27.35 27.35 26.80 27.05 
2016/12/27 27.00 27.35 26.65 26.95 
2016/12/28 26.90 27.70 26.90 27.40 
2016/12/29 27.25 27.25 26.90 27.00 
2016/12/30 27.00 27.30 26.85 27.10 
2017/01/03 27.10 27.20 26.70 27.10 
2017/01/04 27.25 27.30 26.85 27.00 
2017/01/05 27.15 27.50 26.90 27.45 
2017/01/06 27.20 27.45 27.05 27.15 
2017/01/09 27.15 27.15 26.55 26.85 
2017/01/10 26.70 27.10 26.30 27.10 
2017/01/11 27.00 27.15 26.90 27.10 
2017/01/12 27.10 27.20 26.75 27.15 
2017/01/13 27.10 27.40 27.05 27.35 
2017/01/16 27.30 27.30 27.00 27.20 
2017/01/17 27.20 27.65 27.10 27.60 
2017/01/18 27.70 28.05 27.45 27.95 
2017/01/19 28.00 28.30 27.80 28.00 
2017/01/20 28.05 28.05 27.75 27.85 
2017/01/23 28.00 28.15 27.75 27.85 
2017/01/24 28.00 28.15 27.85 28.15 
2017/02/02 28.05 28.40 27.80 28.15 
2017/02/03 28.15 29.20 28.15 29.00 
2017/02/06 29.50 29.85 29.20 29.60 
2017/02/07 29.65 29.70 29.00 29.00 
2017/02/08 29.00 29.00 28.10 28.45 
