2016/07/01 150.00 150.50 146.00 146.00 
2016/07/04 148.00 149.00 145.50 145.50 
2016/07/05 145.50 146.00 143.00 143.00 
2016/07/06 143.00 144.50 140.00 140.50 
2016/07/07 142.50 145.00 142.50 144.00 
2016/07/11 148.00 148.50 145.50 146.50 
2016/07/12 148.00 150.00 147.00 149.50 
2016/07/13 150.00 151.00 147.00 149.00 
2016/07/14 149.00 149.00 147.00 148.50 
2016/07/15 149.50 150.00 148.00 148.00 
2016/07/18 148.50 151.00 147.50 149.00 
2016/07/19 150.00 150.00 146.00 148.50 
2016/07/20 148.50 150.00 146.50 148.50 
2016/07/21 149.50 154.00 148.50 151.50 
2016/07/22 152.00 153.50 151.50 152.00 
2016/07/25 153.50 157.50 153.00 153.50 
2016/07/26 154.50 157.00 153.00 156.00 
2016/07/27 158.00 159.00 155.00 155.00 
2016/07/28 155.00 157.00 153.50 155.50 
2016/07/29 156.00 157.00 154.50 156.50 
2016/08/01 157.50 160.50 157.00 159.50 
2016/08/02 158.50 159.50 157.50 159.50 
2016/08/03 158.50 159.00 156.50 157.00 
2016/08/04 157.50 158.00 153.00 153.50 
2016/08/05 155.00 157.00 153.00 155.00 
2016/08/08 156.50 157.50 154.00 157.00 
2016/08/09 157.00 158.00 154.50 154.50 
2016/08/10 155.50 155.50 149.50 151.00 
2016/08/11 154.00 163.50 154.00 163.50 
2016/08/12 166.00 170.50 166.00 168.00 
2016/08/15 170.00 175.00 168.50 174.50 
2016/08/16 176.00 178.00 172.50 176.00 
2016/08/17 174.00 178.50 174.00 178.50 
2016/08/18 178.00 178.00 174.50 175.00 
2016/08/19 176.00 178.00 173.50 174.50 
2016/08/22 175.00 175.50 172.50 174.00 
2016/08/23 175.50 175.50 173.00 173.00 
2016/08/24 174.00 174.00 172.00 174.00 
2016/08/25 174.00 179.00 174.00 177.50 
2016/08/26 171.00 172.00 168.50 169.00 
2016/08/29 170.00 172.50 168.00 170.50 
2016/08/30 170.00 170.50 167.00 167.00 
2016/08/31 167.50 169.00 163.00 164.00 
2016/09/01 165.00 166.00 163.50 164.00 
2016/09/02 165.00 166.00 156.50 158.00 
2016/09/05 160.50 168.00 160.50 168.00 
2016/09/06 167.50 170.00 165.50 170.00 
2016/09/07 170.50 170.50 168.00 168.50 
2016/09/08 169.00 173.00 169.00 172.00 
2016/09/09 170.00 170.00 166.00 168.50 
2016/09/10 164.50 165.50 162.00 162.50 
2016/09/12 163.00 163.50 159.50 161.50 
2016/09/13 163.50 164.00 161.00 163.00 
2016/09/14 161.00 164.50 160.50 164.50 
2016/09/19 166.50 167.00 165.00 166.50 
2016/09/20 166.50 168.00 166.00 167.00 
2016/09/21 168.00 172.00 167.50 170.00 
2016/09/22 172.00 172.00 168.50 169.00 
2016/09/23 170.50 172.50 169.50 171.00 
2016/09/26 171.00 171.50 168.00 168.00 
2016/09/29 168.00 169.00 166.00 168.50 
2016/09/30 167.00 168.00 163.00 163.50 
2016/10/03 164.50 167.00 164.00 164.00 
2016/10/04 164.00 166.50 164.00 166.00 
2016/10/05 167.00 167.00 164.50 166.00 
2016/10/06 166.00 167.00 164.00 164.00 
2016/10/07 164.50 164.50 160.00 161.50 
2016/10/11 162.50 164.00 159.00 161.00 
2016/10/12 159.00 159.00 154.50 157.50 
2016/10/13 155.50 156.00 150.00 150.50 
2016/10/14 150.50 152.50 145.50 148.00 
2016/10/17 149.50 149.50 145.50 146.50 
2016/10/18 146.50 147.50 142.00 144.00 
2016/10/19 144.50 148.00 144.50 147.00 
2016/10/20 147.00 147.00 143.00 143.00 
2016/10/21 143.00 145.50 143.00 143.50 
2016/10/24 145.50 146.50 144.50 144.50 
2016/10/25 145.00 145.50 143.00 143.50 
2016/10/26 143.50 146.00 143.00 144.00 
2016/10/27 144.00 147.50 144.00 146.50 
2016/10/28 147.50 147.50 143.00 143.50 
2016/10/31 143.00 143.00 138.50 139.50 
2016/11/01 138.00 142.00 137.50 140.00 
2016/11/02 138.50 138.50 133.50 133.50 
2016/11/03 132.50 135.00 130.00 130.00 
2016/11/04 130.50 132.50 130.50 131.00 
2016/11/07 132.00 133.50 128.00 130.00 
2016/11/08 130.50 135.50 129.50 135.50 
2016/11/09 132.00 134.00 128.00 128.00 
2016/11/10 133.00 133.50 131.00 131.50 
2016/11/11 128.50 129.50 126.00 128.50 
2016/11/14 127.00 128.50 123.50 125.00 
2016/11/15 128.00 131.00 127.00 129.50 
2016/11/16 129.50 130.50 127.50 128.50 
2016/11/17 128.00 128.50 125.00 126.50 
2016/11/18 128.00 130.00 126.50 127.50 
2016/11/21 127.50 128.50 126.50 127.00 
2016/11/22 128.00 130.50 127.00 129.00 
2016/11/23 130.00 130.50 127.50 127.50 
2016/11/24 129.00 133.50 128.50 132.00 
2016/11/25 132.00 132.50 129.50 130.50 
2016/11/28 131.50 132.50 130.50 132.00 
2016/11/29 134.00 136.00 133.00 133.00 
2016/11/30 133.00 134.00 131.00 132.50 
2016/12/01 132.00 133.00 130.50 130.50 
2016/12/02 130.00 130.50 129.00 129.50 
2016/12/05 129.50 130.50 128.00 128.50 
2016/12/06 130.00 133.00 129.00 130.00 
2016/12/07 130.50 131.00 128.00 128.50 
2016/12/08 134.00 141.00 134.00 141.00 
2016/12/09 144.00 146.00 142.50 144.50 
2016/12/12 146.00 146.50 141.00 142.50 
2016/12/13 144.50 144.50 141.50 142.50 
2016/12/14 145.50 155.00 145.50 148.50 
2016/12/15 146.00 150.00 146.00 150.00 
2016/12/16 148.50 149.50 146.50 146.50 
2016/12/19 147.00 148.50 141.50 142.00 
2016/12/20 144.50 145.50 142.50 144.00 
2016/12/21 145.50 146.00 143.00 143.00 
2016/12/22 143.00 145.00 141.00 141.50 
2016/12/23 142.00 145.00 142.00 143.50 
2016/12/26 144.50 146.00 142.50 145.00 
2016/12/27 146.50 150.00 146.00 146.50 
2016/12/28 147.50 148.00 146.00 146.50 
2016/12/29 147.50 147.50 145.00 146.00 
2016/12/30 147.00 149.50 146.50 148.00 
2017/01/03 149.00 149.50 146.50 148.00 
2017/01/04 148.50 153.50 147.00 153.00 
2017/01/05 154.50 155.00 151.00 152.00 
2017/01/06 152.00 156.00 151.00 153.00 
2017/01/09 157.50 158.00 153.50 153.50 
2017/01/10 154.50 155.50 151.50 153.00 
2017/01/11 154.50 155.00 152.50 153.50 
2017/01/12 155.00 155.50 153.00 154.00 
2017/01/13 154.50 154.50 151.50 153.00 
2017/01/16 153.00 154.00 151.00 153.00 
2017/01/17 153.00 156.50 152.50 154.50 
2017/01/18 157.00 158.00 156.00 156.50 
2017/01/19 157.00 158.50 155.00 155.00 
2017/01/20 155.00 157.00 154.50 156.00 
2017/01/23 157.00 163.50 157.00 160.50 
2017/01/24 161.00 163.00 160.50 161.00 
2017/02/02 162.50 164.00 160.50 162.50 
2017/02/03 164.00 171.00 164.00 170.00 
2017/02/06 171.00 171.00 168.00 168.50 
2017/02/07 168.00 168.00 165.00 167.00 
2017/02/08 169.50 173.00 167.50 172.00 
