2016/07/01 8.40 8.45 8.30 8.45 
2016/07/04 8.35 8.35 7.71 8.09 
2016/07/05 8.00 8.10 7.90 8.10 
2016/07/06 8.00 8.00 7.85 8.00 
2016/07/07 7.81 7.81 7.65 7.70 
2016/07/11 7.70 7.80 7.56 7.62 
2016/07/12 7.63 7.67 7.50 7.52 
2016/07/13 7.52 8.27 7.50 7.93 
2016/07/14 7.80 7.83 7.61 7.65 
2016/07/15 7.87 7.87 7.62 7.70 
2016/07/18 7.68 7.69 7.60 7.62 
2016/07/19 7.78 8.19 7.73 8.00 
2016/07/20 8.16 8.20 7.90 8.00 
2016/07/21 8.14 8.15 7.97 8.03 
2016/07/22 8.10 8.56 8.04 8.26 
2016/07/25 8.30 8.30 7.98 8.07 
2016/07/26 8.15 8.44 8.08 8.08 
2016/07/27 8.08 8.08 7.95 8.00 
2016/07/28 7.73 8.00 7.73 8.00 
2016/07/29 7.91 7.92 7.83 7.90 
2016/08/01 7.83 7.97 7.80 7.97 
2016/08/02 7.91 7.91 7.81 7.91 
2016/08/03 7.81 7.93 7.81 7.93 
2016/08/04 7.83 7.88 7.78 7.80 
2016/08/05 7.87 7.87 7.80 7.85 
2016/08/08 7.80 7.82 7.80 7.82 
2016/08/09 7.80 7.80 7.68 7.75 
2016/08/10 7.70 8.27 7.70 7.91 
2016/08/11 7.99 7.99 7.81 7.81 
2016/08/12 7.71 7.79 7.71 7.77 
2016/08/15 7.76 7.78 7.76 7.78 
2016/08/16 7.78 7.80 7.71 7.78 
2016/08/17 7.79 7.79 7.75 7.77 
2016/08/18 7.75 7.79 7.70 7.71 
2016/08/19 7.66 7.72 7.65 7.70 
2016/08/22 7.68 7.68 7.60 7.61 
2016/08/23 7.50 7.58 7.50 7.52 
2016/08/24 7.52 7.53 7.50 7.52 
2016/08/25 7.50 7.59 7.50 7.59 
2016/08/26 7.51 7.63 7.51 7.62 
2016/08/29 7.84 7.88 7.67 7.88 
2016/08/30 7.88 7.95 7.85 7.94 
2016/08/31 7.95 7.95 7.81 7.91 
2016/09/01 7.71 7.80 7.70 7.75 
2016/09/02 7.68 7.68 7.52 7.68 
2016/09/05 7.75 7.75 6.92 6.92 
2016/09/06 6.96 7.61 6.96 7.61 
2016/09/07 7.52 7.80 7.52 7.70 
2016/09/08 7.75 8.30 7.56 8.30 
2016/09/09 8.40 8.40 8.01 8.22 
2016/09/10 8.11 8.17 8.11 8.12 
2016/09/12 8.32 8.32 8.13 8.13 
2016/09/13 8.12 8.26 8.12 8.26 
2016/09/14 8.24 8.26 8.20 8.20 
2016/09/19 8.20 8.20 8.20 8.20 
2016/09/20 8.38 8.38 7.99 8.05 
2016/09/21 8.10 8.10 8.01 8.01 
2016/09/22 8.07 8.11 8.01 8.09 
2016/09/23 8.03 8.03 8.00 8.00 
2016/09/26 8.00 8.00 8.00 8.00 
2016/09/29 8.00 8.29 8.00 8.10 
2016/09/30 8.10 8.19 8.06 8.06 
2016/10/03 8.01 8.06 7.96 7.96 
2016/10/04 7.96 8.01 7.90 7.90 
2016/10/05 8.00 8.00 7.90 7.90 
2016/10/06 7.70 7.94 7.70 7.81 
2016/10/07 7.81 7.81 7.80 7.80 
2016/10/11 7.82 7.82 7.50 7.60 
2016/10/12 7.70 7.70 7.49 7.50 
2016/10/13 7.50 7.62 7.48 7.60 
2016/10/14 7.62 7.66 7.51 7.51 
2016/10/17 7.50 7.64 7.50 7.62 
2016/10/18 7.62 7.62 7.50 7.62 
2016/10/19 7.65 7.71 7.60 7.69 
2016/10/20 7.50 7.68 7.50 7.68 
2016/10/21 7.53 7.69 7.53 7.69 
2016/10/24 7.56 7.82 7.55 7.77 
2016/10/25 7.70 7.79 7.70 7.79 
2016/10/26 7.79 7.89 7.61 7.89 
2016/10/27 7.77 7.88 7.75 7.88 
2016/10/28 7.78 7.88 7.78 7.88 
2016/10/31 7.89 7.89 7.77 7.77 
2016/11/01 7.79 7.79 7.77 7.78 
2016/11/02 7.77 7.89 7.69 7.89 
2016/11/03 7.89 7.89 7.69 7.69 
2016/11/04 7.80 7.80 7.65 7.80 
2016/11/07 7.80 7.97 7.70 7.85 
2016/11/08 7.88 7.88 7.88 7.88 
2016/11/09 7.80 7.95 7.66 7.70 
2016/11/10 7.70 7.70 7.70 7.70 
2016/11/11 7.70 7.80 7.70 7.80 
2016/11/14 7.85 7.85 7.68 7.70 
2016/11/15 7.85 7.85 7.61 7.83 
2016/11/16 7.70 7.75 7.70 7.70 
2016/11/17 7.70 7.75 7.65 7.75 
2016/11/18 7.75 7.81 7.75 7.76 
2016/11/21 7.76 7.79 7.76 7.79 
2016/11/22 7.85 8.10 7.75 7.91 
2016/11/23 7.88 8.70 7.88 8.64 
2016/11/24 8.70 8.80 8.31 8.73 
2016/11/25 8.60 8.63 8.52 8.57 
2016/11/28 8.60 8.70 8.32 8.50 
2016/11/29 8.50 8.58 8.42 8.58 
2016/11/30 8.60 8.61 8.40 8.50 
2016/12/01 8.42 8.53 8.41 8.49 
2016/12/02 8.40 8.59 8.40 8.55 
2016/12/05 8.50 8.65 8.50 8.55 
2016/12/06 8.64 9.40 8.60 9.05 
2016/12/07 9.05 9.13 9.00 9.00 
2016/12/08 9.00 9.02 9.00 9.01 
2016/12/09 9.01 9.01 8.86 9.00 
2016/12/12 9.27 9.27 8.84 8.90 
2016/12/13 8.99 9.00 8.51 8.85 
2016/12/14 8.83 8.83 8.70 8.73 
2016/12/15 8.73 8.73 8.60 8.65 
2016/12/16 8.65 8.88 8.65 8.70 
2016/12/19 8.60 8.95 8.60 8.80 
2016/12/20 8.80 8.88 8.80 8.80 
2016/12/21 8.71 8.71 8.50 8.68 
2016/12/22 8.55 8.65 8.45 8.65 
2016/12/23 8.48 8.48 8.48 8.48 
2016/12/26 8.47 8.48 8.40 8.40 
2016/12/27 8.45 8.45 8.42 8.42 
2016/12/28 8.50 8.55 8.50 8.50 
2016/12/29 8.50 8.60 8.50 8.60 
2016/12/30 8.75 8.75 8.45 8.50 
2017/01/03 8.60 8.60 8.42 8.45 
2017/01/04 8.60 8.60 8.47 8.58 
2017/01/05 8.58 8.77 8.58 8.77 
2017/01/06 8.77 8.77 8.50 8.73 
2017/01/09 8.58 8.67 8.41 8.67 
2017/01/10 8.52 8.86 8.46 8.72 
2017/01/11 8.72 8.72 8.60 8.69 
2017/01/12 8.50 8.70 8.50 8.69 
2017/01/13 8.55 8.68 8.55 8.68 
2017/01/16 8.60 8.68 8.57 8.68 
2017/01/17 8.66 8.72 8.52 8.60 
2017/01/18 8.75 8.79 8.66 8.76 
2017/01/19 8.74 9.15 8.74 8.80 
2017/01/20 8.80 8.80 8.70 8.80 
2017/01/23 8.80 8.80 8.72 8.72 
2017/01/24 8.80 8.99 8.72 8.88 
2017/02/02 9.00 9.10 8.88 9.05 
2017/02/03 9.10 9.30 9.10 9.20 
2017/02/06 9.22 10.10 9.21 10.10 
2017/02/07 9.85 9.89 9.30 9.50 
2017/02/08 9.48 9.77 9.31 9.75 
