2016/07/01 41.60 41.70 41.25 41.35 
2016/07/04 41.35 41.35 40.70 40.95 
2016/07/05 40.95 41.10 40.75 40.80 
2016/07/06 40.75 40.80 40.50 40.55 
2016/07/07 40.55 40.80 40.40 40.40 
2016/07/11 40.65 41.20 40.40 41.00 
2016/07/12 41.30 41.90 41.10 41.55 
2016/07/13 41.30 41.60 41.05 41.10 
2016/07/14 41.10 42.70 41.10 41.85 
2016/07/15 42.40 42.85 41.80 41.90 
2016/07/18 42.20 42.45 41.90 42.00 
2016/07/19 42.30 42.30 41.90 42.10 
2016/07/20 42.15 44.45 42.15 43.95 
2016/07/21 44.30 45.25 43.60 43.70 
2016/07/22 43.85 44.85 43.50 44.30 
2016/07/25 45.00 46.30 44.90 45.85 
2016/07/26 46.00 46.40 45.40 45.70 
2016/07/27 45.55 45.90 44.55 44.70 
2016/07/28 44.50 44.75 43.80 44.10 
2016/07/29 44.10 44.10 42.80 43.50 
2016/08/01 43.50 44.00 42.90 43.15 
2016/08/02 43.00 43.80 42.95 43.45 
2016/08/03 43.00 43.35 42.65 43.10 
2016/08/04 43.90 45.00 43.35 43.60 
2016/08/05 43.70 43.70 43.35 43.45 
2016/08/08 43.40 43.60 42.45 42.45 
2016/08/09 42.45 42.70 41.50 41.55 
2016/08/10 41.70 42.00 41.45 41.60 
2016/08/11 41.60 42.00 41.30 41.65 
2016/08/12 41.85 42.60 41.85 42.15 
2016/08/15 42.10 42.55 41.95 42.50 
2016/08/16 42.50 43.00 42.40 42.60 
2016/08/17 42.90 42.95 42.15 42.80 
2016/08/18 42.80 42.80 42.50 42.65 
2016/08/19 42.85 42.85 42.25 42.25 
2016/08/22 42.30 42.40 41.90 42.25 
2016/08/23 42.25 42.75 42.25 42.60 
2016/08/24 42.85 42.85 42.55 42.65 
2016/08/25 42.65 42.85 42.60 42.85 
2016/08/26 42.80 43.90 42.80 43.65 
2016/08/29 43.95 43.95 43.20 43.85 
2016/08/30 43.85 43.95 43.70 43.90 
2016/08/31 43.80 43.90 43.45 43.85 
2016/09/01 43.80 44.25 43.70 44.10 
2016/09/02 44.10 44.10 43.75 43.90 
2016/09/05 44.20 44.20 43.70 44.05 
2016/09/06 44.05 44.80 43.90 43.95 
2016/09/07 43.95 44.15 43.80 43.85 
2016/09/08 43.85 44.45 43.35 43.60 
2016/09/09 43.60 43.70 42.80 43.20 
2016/09/10 43.00 43.00 42.35 42.45 
2016/09/12 42.50 42.75 42.30 42.35 
2016/09/13 42.55 42.65 42.00 42.20 
2016/09/14 42.15 42.25 41.90 42.00 
2016/09/19 42.15 42.75 42.10 42.70 
2016/09/20 42.95 43.15 42.50 42.60 
2016/09/21 42.60 42.80 42.50 42.75 
2016/09/22 43.00 43.25 42.60 43.20 
2016/09/23 43.45 43.80 43.10 43.50 
2016/09/26 43.30 43.30 43.10 43.30 
2016/09/29 43.30 43.85 42.95 43.70 
2016/09/30 43.70 43.75 43.45 43.65 
2016/10/03 43.95 44.00 43.40 43.45 
2016/10/04 43.55 43.60 43.20 43.40 
2016/10/05 43.40 43.40 43.15 43.35 
2016/10/06 42.55 43.05 42.50 42.80 
2016/10/07 43.00 43.00 42.55 42.70 
2016/10/11 42.60 42.60 40.70 40.70 
2016/10/12 40.95 41.00 40.20 40.50 
2016/10/13 40.50 40.80 39.85 39.90 
2016/10/14 40.90 42.00 40.90 41.20 
2016/10/17 41.30 42.20 41.30 42.05 
2016/10/18 42.05 42.05 41.60 41.70 
2016/10/19 41.85 41.85 41.45 41.45 
2016/10/20 41.45 41.85 41.45 41.60 
2016/10/21 41.55 41.75 40.40 40.40 
2016/10/24 40.80 41.25 40.80 41.00 
2016/10/25 41.85 43.35 41.85 42.65 
2016/10/26 42.70 43.15 42.05 42.20 
2016/10/27 42.20 42.20 41.90 41.95 
2016/10/28 41.95 41.95 41.40 41.70 
2016/10/31 41.45 41.50 41.15 41.25 
2016/11/01 41.25 41.65 41.05 41.05 
2016/11/02 41.50 41.50 40.50 40.55 
2016/11/03 40.50 40.65 40.30 40.45 
2016/11/04 40.35 40.75 40.20 40.50 
2016/11/07 40.55 40.85 40.50 40.70 
2016/11/08 40.80 40.80 39.30 40.15 
2016/11/09 40.40 40.40 38.80 38.85 
2016/11/10 40.30 40.30 39.60 40.00 
2016/11/11 40.00 40.00 39.00 39.50 
2016/11/14 39.50 40.65 39.20 40.05 
2016/11/15 40.05 40.30 39.85 40.00 
2016/11/16 40.05 40.30 39.85 40.20 
2016/11/17 40.10 40.25 39.85 40.20 
2016/11/18 40.30 40.30 40.00 40.15 
2016/11/21 40.45 41.00 40.30 40.55 
2016/11/22 40.65 40.90 40.55 40.65 
2016/11/23 40.65 41.40 40.65 41.25 
2016/11/24 41.20 41.40 40.90 40.95 
2016/11/25 40.95 40.95 40.60 40.75 
2016/11/28 40.90 41.25 40.60 40.65 
2016/11/29 40.80 40.90 40.60 40.90 
2016/11/30 40.90 41.10 40.80 41.05 
2016/12/01 41.25 41.45 40.95 41.25 
2016/12/02 41.30 41.30 40.85 40.85 
2016/12/05 40.85 40.90 40.45 40.55 
2016/12/06 41.00 41.00 40.50 40.75 
2016/12/07 40.95 41.20 40.75 41.10 
2016/12/08 41.10 41.35 40.80 41.05 
2016/12/09 41.10 41.10 40.80 40.80 
2016/12/12 41.35 41.80 41.10 41.20 
2016/12/13 41.20 41.60 41.20 41.35 
2016/12/14 41.35 41.50 41.00 41.10 
2016/12/15 41.10 41.20 40.85 41.10 
2016/12/16 41.20 41.40 41.10 41.15 
2016/12/19 41.20 41.20 40.65 40.70 
2016/12/20 40.75 40.75 40.50 40.70 
2016/12/21 40.60 40.80 40.50 40.60 
2016/12/22 40.60 40.85 40.50 40.55 
2016/12/23 40.70 41.10 40.45 40.70 
2016/12/26 40.70 40.80 40.20 40.30 
2016/12/27 40.30 40.40 39.80 39.90 
2016/12/28 40.10 40.15 39.90 40.05 
2016/12/29 40.00 40.20 39.95 40.05 
2016/12/30 40.05 40.40 40.05 40.05 
2017/01/03 40.15 40.50 40.10 40.40 
2017/01/04 40.65 40.65 40.35 40.40 
2017/01/05 40.40 40.60 40.35 40.45 
2017/01/06 40.45 40.60 40.45 40.45 
2017/01/09 40.50 40.55 40.05 40.05 
2017/01/10 40.45 41.10 40.40 40.75 
2017/01/11 40.90 40.95 40.40 40.45 
2017/01/12 40.45 40.75 40.45 40.60 
2017/01/13 40.75 41.00 40.70 40.75 
2017/01/16 41.80 41.85 41.10 41.20 
2017/01/17 41.20 41.20 40.80 40.95 
2017/01/18 40.95 42.25 40.90 42.00 
2017/01/19 43.00 43.60 42.65 42.65 
2017/01/20 42.65 43.10 42.25 42.85 
2017/01/23 43.00 44.30 43.00 43.90 
2017/01/24 43.90 44.00 43.50 43.50 
2017/02/02 43.55 43.75 42.30 42.80 
2017/02/03 42.65 42.80 42.05 42.80 
2017/02/06 43.00 43.00 42.35 42.70 
2017/02/07 42.80 42.90 42.55 42.60 
2017/02/08 42.60 44.70 42.60 44.50 
