2016/07/01 15.85 15.90 15.85 15.90 
2016/07/04 15.90 15.90 15.80 15.80 
2016/07/05 15.80 15.95 15.80 15.95 
2016/07/06 15.80 15.80 15.70 15.70 
2016/07/07 15.70 15.70 15.70 15.70 
2016/07/11 15.70 15.70 15.70 15.70 
2016/07/12 15.70 15.70 15.55 15.55 
2016/07/13 15.55 15.55 15.45 15.45 
2016/07/14 15.50 15.50 15.50 15.50 
2016/07/15 15.50 15.70 15.50 15.50 
2016/07/18 15.50 15.50 15.30 15.30 
2016/07/19 15.35 15.40 15.35 15.35 
2016/07/20 15.35 15.80 15.35 15.40 
2016/07/21 15.40 15.50 15.35 15.35 
2016/07/22 15.30 15.30 15.20 15.20 
2016/07/25 15.20 15.30 15.05 15.30 
2016/07/26 15.30 15.30 15.20 15.20 
2016/07/27 15.15 15.30 15.15 15.20 
2016/07/28 15.20 15.40 15.20 15.40 
2016/07/29 15.40 15.45 15.30 15.45 
2016/08/01 15.20 15.20 15.15 15.15 
2016/08/02 15.50 15.50 15.30 15.45 
2016/08/03 15.40 15.40 15.40 15.40 
2016/08/04 15.40 15.40 15.40 15.40 
2016/08/05 15.40 15.45 15.25 15.45 
2016/08/08 15.40 15.40 15.30 15.30 
2016/08/09 15.50 15.50 15.50 15.50 
2016/08/10 15.50 15.55 15.50 15.50 
2016/08/11 15.55 15.60 15.55 15.55 
2016/08/12 15.60 15.90 15.60 15.80 
2016/08/15 15.80 15.80 15.70 15.70 
2016/08/16 15.75 15.75 15.70 15.70 
2016/08/17 15.80 15.80 15.80 15.80 
2016/08/18 15.80 16.00 15.80 16.00 
2016/08/19 15.95 15.95 15.95 15.95 
2016/08/22 15.95 16.40 15.95 15.95 
2016/08/24 16.00 16.00 16.00 16.00 
2016/08/25 15.85 15.85 15.70 15.70 
2016/08/26 16.15 16.90 15.95 16.35 
2016/08/29 16.40 16.40 16.40 16.40 
2016/08/30 16.80 16.80 16.60 16.60 
2016/08/31 16.70 16.70 16.70 16.70 
2016/09/01 16.25 16.25 16.15 16.20 
2016/09/02 16.40 16.40 16.05 16.05 
2016/09/05 16.20 16.20 16.20 16.20 
2016/09/06 16.35 16.35 16.35 16.35 
2016/09/07 16.35 16.35 16.30 16.35 
2016/09/09 16.15 16.15 16.15 16.15 
2016/09/10 16.00 16.05 16.00 16.05 
2016/09/12 15.95 16.00 15.95 16.00 
2016/09/13 16.05 16.15 16.05 16.05 
2016/09/14 16.05 16.05 16.00 16.00 
2016/09/19 16.00 16.00 16.00 16.00 
2016/09/20 16.00 16.45 15.95 15.95 
2016/09/21 15.90 15.95 15.85 15.95 
2016/09/22 16.00 16.15 16.00 16.15 
2016/09/23 16.00 16.05 16.00 16.05 
2016/09/26 16.05 16.05 16.05 16.05 
2016/10/03 16.40 16.40 16.10 16.10 
2016/10/04 16.10 16.10 16.10 16.10 
2016/10/05 16.10 16.10 16.00 16.00 
2016/10/06 16.05 16.15 16.00 16.05 
2016/10/11 15.95 15.95 15.95 15.95 
2016/10/14 15.90 15.90 15.90 15.90 
2016/10/17 15.80 15.80 15.80 15.80 
2016/10/18 15.70 15.70 15.65 15.65 
2016/10/19 15.65 15.65 15.65 15.65 
2016/10/20 15.80 15.80 15.80 15.80 
2016/10/21 15.85 15.95 15.85 15.85 
2016/10/26 15.85 16.25 15.85 16.25 
2016/10/28 16.00 16.15 15.95 16.15 
2016/10/31 16.00 16.15 16.00 16.15 
2016/11/01 16.15 16.15 15.95 16.00 
2016/11/02 16.10 16.10 16.00 16.00 
2016/11/03 16.00 16.00 15.90 16.00 
2016/11/04 16.15 16.20 15.90 15.90 
2016/11/07 16.00 16.00 15.90 15.90 
2016/11/08 16.15 16.15 15.95 16.00 
2016/11/09 16.15 16.15 15.90 15.90 
2016/11/10 15.90 15.95 15.60 15.80 
2016/11/11 15.80 16.30 15.80 16.05 
2016/11/14 16.05 16.20 16.00 16.20 
2016/11/15 16.10 16.10 15.50 15.85 
2016/11/16 16.05 16.10 15.95 15.95 
2016/11/17 16.00 16.05 16.00 16.05 
2016/11/18 16.15 16.15 16.15 16.15 
2016/11/22 16.10 16.10 16.10 16.10 
2016/11/23 16.25 16.25 15.65 16.25 
2016/11/24 16.10 16.25 16.10 16.10 
2016/11/25 16.30 16.30 16.10 16.15 
2016/11/28 16.25 16.40 16.20 16.30 
2016/11/29 16.10 16.20 16.10 16.20 
2016/11/30 16.20 16.25 16.15 16.15 
2016/12/01 16.20 16.20 16.15 16.15 
2016/12/05 16.15 16.15 16.15 16.15 
2016/12/06 16.10 16.20 16.10 16.10 
2016/12/07 16.20 16.20 16.15 16.15 
2016/12/08 16.55 16.95 16.50 16.55 
2016/12/09 16.80 17.00 16.70 16.70 
2016/12/12 16.60 16.90 16.55 16.55 
2016/12/13 16.75 16.75 16.70 16.70 
2016/12/14 16.90 16.90 16.90 16.90 
2016/12/15 16.90 17.00 16.90 17.00 
2016/12/16 16.75 16.80 16.70 16.70 
2016/12/20 16.75 16.80 16.75 16.80 
2016/12/21 16.65 17.00 16.65 16.65 
2016/12/22 16.50 16.75 16.50 16.65 
2016/12/23 16.65 16.65 16.65 16.65 
2016/12/26 16.75 16.75 16.50 16.50 
2016/12/27 16.50 16.50 16.50 16.50 
2016/12/28 16.35 16.65 16.35 16.65 
2016/12/29 16.65 16.65 16.65 16.65 
2016/12/30 16.65 16.65 16.65 16.65 
2017/01/03 16.55 16.70 16.50 16.70 
2017/01/04 16.70 16.75 16.70 16.75 
2017/01/05 16.85 16.85 16.85 16.85 
2017/01/06 17.05 17.30 16.90 17.10 
2017/01/09 16.85 16.85 16.85 16.85 
2017/01/10 17.00 17.00 17.00 17.00 
2017/01/11 17.00 17.00 16.85 16.85 
2017/01/12 17.00 17.00 17.00 17.00 
2017/01/13 17.00 17.20 16.90 16.90 
2017/01/16 17.00 17.05 16.95 17.00 
2017/01/18 16.85 16.95 16.25 16.95 
2017/01/19 16.95 16.95 16.80 16.80 
2017/01/20 16.95 17.00 16.95 17.00 
2017/01/24 16.85 17.00 16.75 17.00 
2017/02/02 17.00 17.00 16.25 16.55 
2017/02/03 16.85 16.85 16.85 16.85 
2017/02/06 16.95 16.95 16.85 16.85 
2017/02/07 16.85 17.00 16.85 16.90 
2017/02/08 17.10 17.10 16.85 17.00 
