2016/07/01 120.50 120.50 118.00 119.50 
2016/07/04 119.50 120.50 118.50 119.00 
2016/07/05 118.50 119.50 118.00 119.50 
2016/07/06 119.50 119.50 118.00 119.00 
2016/07/07 119.50 119.50 118.00 119.50 
2016/07/11 120.50 120.50 118.00 119.00 
2016/07/12 117.00 118.50 117.00 118.00 
2016/07/13 117.50 119.50 117.50 119.50 
2016/07/14 119.50 119.50 117.50 119.00 
2016/07/15 118.50 120.00 118.50 120.00 
2016/07/18 119.50 119.50 118.50 119.00 
2016/07/19 119.50 120.00 118.00 120.00 
2016/07/20 120.00 120.00 117.50 119.00 
2016/07/21 119.00 119.50 118.50 119.50 
2016/07/22 120.00 123.00 120.00 121.00 
2016/07/25 123.00 123.00 120.00 122.00 
2016/07/26 122.50 122.50 120.00 121.50 
2016/07/27 121.00 122.00 120.50 121.00 
2016/07/28 120.50 120.50 119.50 120.00 
2016/07/29 119.00 121.00 119.00 120.50 
2016/08/01 120.00 122.00 120.00 121.50 
2016/08/02 121.50 125.00 121.00 124.50 
2016/08/03 123.50 125.00 122.00 122.00 
2016/08/04 118.00 118.50 116.50 118.00 
2016/08/05 118.00 118.00 116.00 117.00 
2016/08/08 117.50 117.50 115.00 116.50 
2016/08/09 115.50 116.00 115.00 116.00 
2016/08/10 116.00 116.00 115.00 116.00 
2016/08/11 115.00 116.00 114.00 115.00 
2016/08/12 114.00 114.50 112.00 113.00 
2016/08/15 112.00 112.50 110.50 110.50 
2016/08/16 112.00 112.00 111.00 111.00 
2016/08/17 112.00 112.00 110.00 112.00 
2016/08/18 112.00 113.50 111.00 112.50 
2016/08/19 114.00 114.00 111.50 111.50 
2016/08/22 116.00 118.00 115.00 116.00 
2016/08/23 117.00 117.00 114.00 114.50 
2016/08/24 115.50 116.00 114.50 114.50 
2016/08/25 114.00 115.50 114.00 114.50 
2016/08/26 114.50 115.00 114.00 114.50 
2016/08/29 115.00 115.00 114.00 114.00 
2016/08/30 114.50 115.50 114.00 114.00 
2016/08/31 116.00 116.00 113.50 113.50 
2016/09/01 113.00 114.00 110.50 113.00 
2016/09/02 113.00 114.00 111.00 112.50 
2016/09/05 113.50 114.00 112.50 113.00 
2016/09/06 113.50 113.50 111.00 111.00 
2016/09/07 111.00 113.50 111.00 112.50 
2016/09/08 115.00 118.00 115.00 116.00 
2016/09/09 117.00 117.00 114.50 115.00 
2016/09/10 113.50 114.50 113.50 114.50 
2016/09/12 114.50 115.00 113.50 114.00 
2016/09/13 116.50 116.50 112.50 114.00 
2016/09/14 113.50 114.00 112.50 114.00 
2016/09/19 114.00 115.00 114.00 114.50 
2016/09/20 115.00 115.50 114.50 115.50 
2016/09/21 115.00 121.00 115.00 120.00 
2016/09/22 123.00 123.00 120.00 120.50 
2016/09/23 121.00 122.50 119.50 121.00 
2016/09/26 121.00 122.50 121.00 122.00 
2016/09/29 122.00 122.00 120.50 120.50 
2016/09/30 120.50 120.50 118.50 119.50 
2016/10/03 120.00 120.00 119.00 120.00 
2016/10/04 120.00 121.50 119.50 121.00 
2016/10/05 121.00 121.00 120.00 120.00 
2016/10/06 120.00 120.00 119.50 119.50 
2016/10/07 119.00 120.00 117.50 119.50 
2016/10/11 118.00 119.50 114.00 116.00 
2016/10/12 112.00 114.00 110.50 114.00 
2016/10/13 113.00 114.00 111.00 112.00 
2016/10/14 112.50 115.50 112.00 115.50 
2016/10/17 114.50 114.50 111.50 113.00 
2016/10/18 114.00 114.00 112.00 114.00 
2016/10/19 113.50 114.00 113.00 114.00 
2016/10/20 113.00 114.00 108.50 112.00 
2016/10/21 110.00 114.00 110.00 114.00 
2016/10/24 116.00 116.00 114.00 114.50 
2016/10/25 115.00 115.00 113.50 115.00 
2016/10/26 115.00 115.50 113.00 113.50 
2016/10/27 114.50 115.00 113.00 113.50 
2016/10/28 113.50 113.50 112.50 112.50 
2016/10/31 112.00 112.50 111.00 111.50 
2016/11/01 111.50 113.00 111.00 112.50 
2016/11/02 113.00 113.00 110.00 110.50 
2016/11/03 110.00 112.00 110.00 110.50 
2016/11/04 111.00 111.00 110.50 110.50 
2016/11/07 111.50 111.50 111.00 111.50 
2016/11/08 112.50 112.50 110.00 112.00 
2016/11/09 110.50 112.00 107.00 108.00 
2016/11/10 110.50 111.00 110.00 110.00 
2016/11/11 109.50 109.50 105.00 109.00 
2016/11/14 106.00 110.00 105.50 109.50 
2016/11/15 109.00 110.50 109.00 110.00 
2016/11/16 110.00 111.00 109.50 110.50 
2016/11/17 110.50 110.50 109.50 110.50 
2016/11/18 110.50 111.50 110.50 111.00 
2016/11/21 111.00 112.50 111.00 112.50 
2016/11/22 112.50 112.50 111.50 112.50 
2016/11/23 112.50 112.50 111.00 111.50 
2016/11/24 111.00 112.00 107.00 111.50 
2016/11/25 110.50 111.50 107.50 108.50 
2016/11/28 108.50 110.00 108.50 109.00 
2016/11/29 109.00 109.50 108.50 109.50 
2016/11/30 109.50 110.00 109.00 109.00 
2016/12/01 109.00 110.50 109.00 109.50 
2016/12/02 109.50 109.50 108.00 109.50 
2016/12/05 109.50 109.50 108.00 109.50 
2016/12/06 109.50 111.00 108.50 110.00 
2016/12/07 110.00 110.50 109.50 110.50 
2016/12/08 110.50 112.00 110.00 111.00 
2016/12/09 111.00 112.50 110.00 111.50 
2016/12/12 112.00 112.50 109.50 110.00 
2016/12/13 110.00 111.00 110.00 111.00 
2016/12/14 110.00 112.00 110.00 112.00 
2016/12/15 109.50 109.50 106.00 107.00 
2016/12/16 107.00 107.50 106.50 106.50 
2016/12/19 106.50 107.50 106.00 107.50 
2016/12/20 106.50 107.50 106.00 107.50 
2016/12/21 107.00 115.50 107.00 110.00 
2016/12/22 110.00 112.00 110.00 110.50 
2016/12/23 110.50 111.50 110.00 110.00 
2016/12/26 110.00 112.00 110.00 110.50 
2016/12/27 110.50 111.00 109.00 110.50 
2016/12/28 110.50 112.00 110.50 112.00 
2016/12/29 111.00 111.00 110.00 110.00 
2016/12/30 109.50 111.00 109.50 111.00 
2017/01/03 111.00 111.50 111.00 111.00 
2017/01/04 111.00 114.00 111.00 112.50 
2017/01/05 111.50 111.50 111.00 111.50 
2017/01/06 111.50 112.00 111.00 112.00 
2017/01/09 110.50 111.50 110.00 111.50 
2017/01/10 111.50 111.50 107.50 109.00 
2017/01/11 109.50 109.50 108.00 109.00 
2017/01/12 109.00 109.00 108.00 108.00 
2017/01/13 107.50 109.00 107.50 108.00 
2017/01/16 108.00 109.50 107.50 107.50 
2017/01/17 107.50 108.50 107.50 107.50 
2017/01/18 108.50 109.00 107.50 109.00 
2017/01/19 108.00 109.00 108.00 108.50 
2017/01/20 108.50 109.00 107.50 108.50 
2017/01/23 108.50 109.00 107.50 108.50 
2017/01/24 107.50 110.00 107.50 110.00 
2017/02/02 110.00 110.50 108.50 109.00 
2017/02/03 109.00 109.00 107.50 108.00 
2017/02/06 109.00 109.00 108.00 108.00 
2017/02/07 108.50 109.50 108.00 108.00 
2017/02/08 108.00 109.00 108.00 108.50 
