2016/07/01 13.70 13.80 13.70 13.80 
2016/07/04 13.95 14.00 13.95 14.00 
2016/07/05 14.00 14.00 13.80 13.80 
2016/07/06 13.70 13.90 13.65 13.90 
2016/07/11 13.80 13.80 13.70 13.70 
2016/07/12 14.40 14.40 14.05 14.05 
2016/07/13 14.05 14.05 14.05 14.05 
2016/07/14 14.05 14.05 14.05 14.05 
2016/07/15 13.70 13.80 13.60 13.80 
2016/07/18 13.70 13.70 13.70 13.70 
2016/07/19 14.05 14.05 14.00 14.00 
2016/07/21 14.00 14.05 14.00 14.05 
2016/07/22 14.10 14.10 14.00 14.00 
2016/07/25 14.00 14.00 14.00 14.00 
2016/07/26 14.00 14.00 14.00 14.00 
2016/07/27 14.40 15.30 14.30 14.50 
2016/07/28 14.50 15.95 14.50 15.95 
2016/07/29 16.50 17.45 16.50 16.50 
2016/08/01 16.00 16.00 15.50 15.50 
2016/08/02 16.55 16.60 16.30 16.60 
2016/08/03 16.50 16.50 15.55 15.55 
2016/08/04 15.20 15.30 14.50 14.90 
2016/08/05 14.95 15.45 14.50 14.65 
2016/08/08 14.65 15.30 14.65 15.15 
2016/08/09 15.20 15.50 15.00 15.00 
2016/08/10 15.40 15.50 15.20 15.50 
2016/08/11 16.10 16.10 15.50 15.50 
2016/08/12 15.55 17.05 15.50 16.80 
2016/08/15 17.00 18.40 16.50 18.00 
2016/08/16 19.20 19.20 17.50 18.05 
2016/08/17 18.50 18.50 17.30 17.80 
2016/08/18 17.50 18.10 17.50 18.00 
2016/08/19 18.05 18.05 17.60 17.60 
2016/08/22 17.50 17.50 17.10 17.10 
2016/08/23 18.25 18.25 17.40 17.65 
2016/08/24 18.00 18.00 17.50 17.50 
2016/08/25 17.30 17.50 17.00 17.00 
2016/08/26 17.00 17.00 17.00 17.00 
2016/08/29 17.80 17.80 17.80 17.80 
2016/08/30 16.45 17.45 16.45 17.45 
2016/08/31 17.55 17.60 17.00 17.00 
2016/09/01 17.00 18.00 17.00 17.50 
2016/09/02 17.40 17.40 17.10 17.20 
2016/09/06 17.15 17.20 17.00 17.00 
2016/09/07 17.00 17.00 16.70 16.70 
2016/09/08 17.00 17.00 16.80 16.80 
2016/09/09 17.15 17.20 17.15 17.20 
2016/09/10 17.35 17.70 17.35 17.70 
2016/09/12 17.00 17.05 16.90 17.00 
2016/09/13 16.70 17.10 16.70 16.85 
2016/09/14 17.10 17.10 16.70 16.70 
2016/09/19 16.60 16.80 16.55 16.80 
2016/09/20 17.45 17.45 17.05 17.10 
2016/09/21 17.00 17.40 17.00 17.00 
2016/09/22 17.15 17.15 16.85 16.95 
2016/09/23 17.25 17.25 16.95 17.00 
2016/09/26 17.00 17.00 16.70 17.00 
2016/09/29 17.10 17.10 17.10 17.10 
2016/09/30 17.15 17.30 17.00 17.00 
2016/10/03 17.00 17.10 16.80 17.00 
2016/10/04 16.85 17.00 16.85 17.00 
2016/10/05 17.00 17.10 17.00 17.10 
2016/10/06 17.00 17.00 16.95 17.00 
2016/10/07 17.40 17.90 17.20 17.60 
2016/10/11 17.50 17.95 17.25 17.95 
2016/10/12 17.80 17.80 16.50 17.00 
2016/10/13 16.60 16.60 16.50 16.50 
2016/10/14 16.50 16.50 16.00 16.20 
2016/10/17 16.20 16.20 16.20 16.20 
2016/10/18 16.00 16.00 16.00 16.00 
2016/10/19 16.00 16.00 16.00 16.00 
2016/10/24 16.00 16.00 16.00 16.00 
2016/10/25 16.05 16.50 16.05 16.45 
2016/10/26 16.15 17.00 16.05 16.80 
2016/10/27 16.75 16.75 16.20 16.30 
2016/10/28 16.10 16.10 16.00 16.00 
2016/10/31 15.40 15.55 15.10 15.55 
2016/11/01 15.55 15.90 15.50 15.50 
2016/11/02 15.45 16.50 15.20 16.50 
2016/11/03 16.20 16.20 15.55 15.55 
2016/11/07 15.30 15.30 15.30 15.30 
2016/11/08 16.25 16.30 16.10 16.10 
2016/11/09 15.50 16.00 15.50 15.50 
2016/11/10 16.05 16.05 15.80 15.85 
2016/11/11 16.15 16.25 15.80 15.80 
2016/11/14 15.80 15.80 15.80 15.80 
2016/11/16 17.00 17.00 17.00 17.00 
2016/11/18 16.45 16.45 16.45 16.45 
2016/11/21 16.40 16.40 16.40 16.40 
2016/11/22 16.15 16.15 15.40 15.40 
2016/11/23 15.10 15.40 15.10 15.40 
2016/11/24 15.20 15.20 14.70 14.70 
2016/11/25 14.50 15.00 14.00 14.90 
2016/11/28 14.90 14.90 14.85 14.85 
2016/11/29 14.90 14.90 14.80 14.80 
2016/11/30 14.75 14.75 14.40 14.40 
2016/12/01 15.00 15.00 15.00 15.00 
2016/12/02 14.55 14.60 14.05 14.50 
2016/12/05 14.00 14.35 14.00 14.20 
2016/12/06 14.60 14.60 14.60 14.60 
2016/12/07 14.60 14.65 14.30 14.65 
2016/12/08 14.60 14.60 14.20 14.20 
2016/12/09 14.00 14.50 14.00 14.15 
2016/12/12 14.05 14.70 14.05 14.25 
2016/12/13 14.50 15.35 14.45 15.20 
2016/12/14 15.05 15.05 14.30 14.30 
2016/12/15 14.20 14.30 14.15 14.25 
2016/12/16 14.25 14.25 14.20 14.20 
2016/12/19 14.20 14.45 14.20 14.45 
2016/12/20 14.00 14.10 14.00 14.10 
2016/12/21 14.05 14.05 14.05 14.05 
2016/12/22 14.10 14.10 14.10 14.10 
2016/12/23 13.25 13.60 13.20 13.40 
2016/12/26 13.40 13.60 13.25 13.45 
2016/12/27 13.30 13.30 12.95 13.20 
2016/12/28 13.20 13.40 13.20 13.35 
2016/12/29 13.30 13.40 13.30 13.35 
2016/12/30 13.40 13.40 13.35 13.35 
2017/01/03 13.35 13.35 13.35 13.35 
2017/01/04 13.40 13.45 13.35 13.45 
2017/01/05 13.40 13.55 13.40 13.50 
2017/01/06 13.50 13.75 13.50 13.70 
2017/01/09 13.70 13.80 13.70 13.75 
2017/01/10 13.75 13.75 13.50 13.65 
2017/01/11 13.70 13.80 13.70 13.75 
2017/01/12 13.80 13.80 13.80 13.80 
2017/01/13 14.00 14.00 13.80 13.80 
2017/01/16 13.80 13.80 13.35 13.80 
2017/01/17 13.55 13.75 13.55 13.75 
2017/01/18 13.50 13.55 13.50 13.55 
2017/01/19 13.60 13.60 13.50 13.60 
2017/01/20 13.60 13.60 13.60 13.60 
2017/01/23 13.45 13.55 13.30 13.55 
2017/01/24 13.50 13.50 13.45 13.50 
2017/02/02 14.00 14.45 14.00 14.00 
2017/02/03 14.00 14.00 14.00 14.00 
2017/02/06 14.00 14.00 14.00 14.00 
2017/02/07 13.90 13.90 13.80 13.80 
2017/02/08 13.80 14.00 13.75 14.00 
