2016/07/01 17.50 17.50 17.35 17.40 
2016/07/04 17.35 17.70 17.35 17.70 
2016/07/05 17.70 17.70 17.50 17.50 
2016/07/06 17.50 17.50 17.40 17.50 
2016/07/07 17.50 17.50 17.35 17.35 
2016/07/11 17.60 17.60 17.40 17.40 
2016/07/12 17.75 17.75 17.40 17.40 
2016/07/13 17.40 17.50 17.35 17.40 
2016/07/14 17.40 17.70 17.40 17.55 
2016/07/15 17.60 17.70 17.50 17.60 
2016/07/18 17.60 17.60 17.45 17.45 
2016/07/19 17.40 17.40 17.30 17.30 
2016/07/20 17.35 17.50 17.35 17.50 
2016/07/21 17.60 17.70 17.60 17.60 
2016/07/22 17.70 17.90 17.60 17.65 
2016/07/25 17.70 17.70 17.60 17.60 
2016/07/26 17.60 17.65 17.60 17.60 
2016/07/27 17.70 17.70 17.60 17.60 
2016/07/28 17.60 17.85 17.60 17.70 
2016/07/29 17.70 17.90 17.70 17.75 
2016/08/01 17.80 17.95 17.80 17.80 
2016/08/02 17.90 18.00 17.85 17.90 
2016/08/03 17.90 18.00 17.85 17.85 
2016/08/04 18.00 18.00 17.90 17.90 
2016/08/05 17.90 17.90 17.80 17.80 
2016/08/08 17.80 17.80 17.70 17.70 
2016/08/09 17.80 17.80 17.65 17.70 
2016/08/10 17.70 17.75 17.60 17.60 
2016/08/11 17.60 17.75 17.60 17.65 
2016/08/12 17.70 17.70 17.65 17.70 
2016/08/15 17.65 17.70 17.65 17.65 
2016/08/16 17.70 17.70 17.65 17.70 
2016/08/17 17.80 18.00 17.60 18.00 
2016/08/18 18.00 18.00 17.75 17.90 
2016/08/19 18.00 18.00 17.65 17.65 
2016/08/22 17.65 17.65 17.50 17.55 
2016/08/23 17.55 17.60 17.55 17.60 
2016/08/24 17.55 17.70 17.20 17.60 
2016/08/25 17.60 18.25 17.60 18.10 
2016/08/26 18.20 19.35 18.15 19.35 
2016/08/29 19.60 20.20 19.60 20.00 
2016/08/30 20.00 20.00 19.50 19.50 
2016/08/31 19.50 19.70 19.10 19.35 
2016/09/01 18.95 18.95 18.75 18.75 
2016/09/02 18.35 18.45 17.60 17.85 
2016/09/05 17.70 17.95 17.70 17.90 
2016/09/06 17.90 18.15 17.80 18.10 
2016/09/07 18.00 18.20 17.40 18.10 
2016/09/08 17.85 18.20 17.85 17.95 
2016/09/09 18.00 18.00 17.75 17.75 
2016/09/10 17.70 17.90 17.65 17.80 
2016/09/12 17.70 17.80 17.60 17.65 
2016/09/13 17.65 17.80 17.65 17.70 
2016/09/14 17.70 17.75 17.60 17.60 
2016/09/19 17.70 17.80 17.60 17.80 
2016/09/20 17.80 18.00 17.80 17.85 
2016/09/21 17.80 18.25 17.80 18.15 
2016/09/22 18.10 18.15 18.00 18.10 
2016/09/23 18.00 18.05 17.95 18.05 
2016/09/26 18.00 18.35 18.00 18.35 
2016/09/29 18.45 18.80 18.45 18.65 
2016/09/30 18.60 19.10 18.60 18.65 
2016/10/03 19.00 19.10 18.70 18.70 
2016/10/04 19.00 19.45 18.85 19.30 
2016/10/05 19.40 19.45 18.75 18.80 
2016/10/06 18.70 18.95 18.60 18.75 
2016/10/07 18.70 18.80 18.65 18.65 
2016/10/11 18.60 18.60 18.10 18.10 
2016/10/12 18.10 18.30 18.05 18.15 
2016/10/13 18.15 18.20 18.15 18.15 
2016/10/14 18.15 18.25 18.10 18.15 
2016/10/17 18.20 18.30 18.15 18.15 
2016/10/18 18.40 18.45 18.15 18.40 
2016/10/19 18.35 18.65 18.20 18.40 
2016/10/20 18.40 18.85 18.40 18.65 
2016/10/21 18.50 18.70 18.45 18.70 
2016/10/24 18.70 18.85 18.70 18.75 
2016/10/25 18.75 18.75 18.60 18.70 
2016/10/26 18.75 19.20 18.75 19.20 
2016/10/27 19.20 19.35 19.10 19.20 
2016/10/28 19.35 19.35 19.05 19.15 
2016/10/31 19.10 19.10 18.70 19.10 
2016/11/01 19.00 19.15 18.90 19.05 
2016/11/02 19.00 19.10 18.90 19.10 
2016/11/03 19.10 19.10 18.95 19.05 
2016/11/04 18.95 19.10 18.95 18.95 
2016/11/07 19.05 19.20 19.05 19.10 
2016/11/08 19.25 19.25 18.95 19.10 
2016/11/09 19.00 19.20 18.55 18.60 
2016/11/10 19.10 19.35 19.00 19.10 
2016/11/11 19.15 19.50 19.15 19.20 
2016/11/14 19.40 19.75 18.70 19.75 
2016/11/15 20.00 21.70 20.00 21.70 
2016/11/16 22.25 23.00 21.85 21.90 
2016/11/17 21.70 23.00 21.35 23.00 
2016/11/18 23.25 23.75 22.60 22.85 
2016/11/21 23.10 23.20 22.30 22.55 
2016/11/22 22.55 22.75 21.80 21.90 
2016/11/23 22.15 24.05 22.15 22.25 
2016/11/24 22.45 24.10 22.40 24.10 
2016/11/25 24.50 24.60 23.50 23.70 
2016/11/28 24.00 24.35 23.65 24.00 
2016/11/29 24.30 25.15 23.95 24.55 
2016/11/30 24.70 24.75 23.95 24.00 
2016/12/01 24.00 24.20 23.70 23.80 
2016/12/02 23.70 24.25 23.15 23.25 
2016/12/05 23.40 23.50 23.25 23.30 
2016/12/06 23.50 23.85 23.50 23.55 
2016/12/07 23.70 24.10 23.40 24.10 
2016/12/08 24.50 24.50 23.75 23.75 
2016/12/09 23.90 24.00 23.75 23.90 
2016/12/12 24.10 24.20 23.60 23.60 
2016/12/13 23.90 24.45 23.70 24.10 
2016/12/14 24.20 24.30 23.85 23.85 
2016/12/15 23.75 23.95 23.50 23.90 
2016/12/16 24.05 24.05 23.55 23.55 
2016/12/19 23.55 23.55 22.50 22.70 
2016/12/20 22.80 22.85 22.55 22.60 
2016/12/21 22.60 22.90 22.20 22.20 
2016/12/22 22.15 22.35 22.10 22.15 
2016/12/23 22.30 22.30 21.85 22.10 
2016/12/26 22.20 22.75 22.20 22.65 
2016/12/27 22.70 22.70 22.30 22.30 
2016/12/28 22.20 22.55 22.20 22.40 
2016/12/29 22.40 22.50 22.20 22.20 
2016/12/30 22.30 22.45 22.25 22.30 
2017/01/03 22.40 22.40 22.20 22.20 
2017/01/04 22.45 22.45 22.25 22.25 
2017/01/05 22.45 22.45 22.30 22.30 
2017/01/06 23.30 23.45 22.95 23.05 
2017/01/09 23.40 24.20 23.20 23.85 
2017/01/10 24.00 24.15 23.80 24.10 
2017/01/11 24.25 24.60 24.10 24.20 
2017/01/12 24.40 24.65 24.05 24.15 
2017/01/13 24.10 24.30 24.00 24.15 
2017/01/16 24.25 24.30 24.10 24.15 
2017/01/17 24.20 24.20 23.65 23.65 
2017/01/18 23.65 23.80 23.55 23.75 
2017/01/19 23.80 23.90 23.40 23.45 
2017/01/20 23.90 24.30 23.75 24.25 
2017/01/23 24.25 24.95 24.25 24.65 
2017/01/24 24.65 24.70 24.15 24.50 
2017/02/02 24.90 26.40 24.50 26.00 
2017/02/03 26.00 26.70 25.65 25.95 
2017/02/06 26.00 27.45 25.95 27.20 
2017/02/07 26.95 27.75 26.95 27.20 
2017/02/08 27.10 27.10 26.35 26.40 
