2016/07/01 28.15 28.25 27.60 27.85 
2016/07/04 28.00 28.60 27.90 28.55 
2016/07/05 28.50 28.70 28.35 28.50 
2016/07/06 28.60 28.70 28.00 28.20 
2016/07/07 28.30 28.35 27.90 27.95 
2016/07/11 28.40 28.45 27.80 27.95 
2016/07/12 27.75 28.45 27.75 27.90 
2016/07/13 27.90 28.00 27.60 27.90 
2016/07/14 27.90 27.95 27.70 27.70 
2016/07/15 27.80 28.30 27.75 28.00 
2016/07/18 28.10 28.20 27.85 27.95 
2016/07/19 27.95 28.00 27.80 28.00 
2016/07/20 28.10 28.10 27.85 27.90 
2016/07/21 27.90 28.10 27.90 27.90 
2016/07/22 28.00 28.05 27.85 27.95 
2016/07/25 28.00 29.20 27.95 28.50 
2016/07/26 28.40 28.85 28.35 28.40 
2016/07/27 28.45 28.70 28.35 28.35 
2016/07/28 28.55 28.55 28.05 28.05 
2016/07/29 28.05 28.55 28.00 28.25 
2016/08/01 28.25 28.25 28.05 28.15 
2016/08/02 28.20 28.25 28.00 28.05 
2016/08/03 28.00 28.00 27.75 27.80 
2016/08/04 27.95 27.95 27.75 27.85 
2016/08/05 28.55 30.15 28.50 30.05 
2016/08/08 30.05 31.30 29.60 31.20 
2016/08/09 31.00 31.55 30.50 31.30 
2016/08/10 31.00 31.40 30.50 31.15 
2016/08/11 30.85 30.90 30.35 30.45 
2016/08/12 30.50 30.60 30.05 30.20 
2016/08/15 30.40 30.45 30.05 30.20 
2016/08/16 30.40 30.40 29.70 29.75 
2016/08/17 29.65 29.85 29.55 29.80 
2016/08/18 29.65 29.80 29.30 29.40 
2016/08/19 29.45 29.60 29.15 29.20 
2016/08/22 29.25 29.30 28.90 29.05 
2016/08/23 29.70 30.15 29.50 29.50 
2016/08/24 29.55 29.60 29.10 29.10 
2016/08/25 29.10 29.25 29.10 29.20 
2016/08/26 29.20 29.65 29.15 29.15 
2016/08/29 29.10 29.45 29.10 29.25 
2016/08/30 29.25 29.55 29.20 29.40 
2016/08/31 29.15 29.40 29.15 29.30 
2016/09/01 29.20 29.45 29.15 29.15 
2016/09/02 29.10 29.35 29.00 29.10 
2016/09/05 29.35 29.60 29.10 29.35 
2016/09/06 29.30 29.45 29.25 29.45 
2016/09/07 29.45 29.45 29.10 29.20 
2016/09/08 29.40 29.40 29.10 29.20 
2016/09/09 29.20 29.70 29.05 29.50 
2016/09/10 29.20 29.70 29.10 29.65 
2016/09/12 29.80 30.25 29.35 30.10 
2016/09/13 30.30 30.30 29.85 29.85 
2016/09/14 29.65 30.30 29.65 30.10 
2016/09/19 30.15 30.20 29.90 30.20 
2016/09/20 30.15 30.25 30.00 30.10 
2016/09/21 30.00 30.25 29.90 30.00 
2016/09/22 30.05 30.25 29.80 30.20 
2016/09/23 30.30 31.25 30.15 31.10 
2016/09/26 31.05 31.05 30.60 30.70 
2016/09/29 30.70 30.75 30.45 30.45 
2016/09/30 30.50 30.50 30.10 30.40 
2016/10/03 30.25 30.40 30.00 30.00 
2016/10/04 30.35 30.35 30.05 30.15 
2016/10/05 30.05 30.20 30.00 30.15 
2016/10/06 30.10 30.10 29.90 29.90 
2016/10/07 29.95 30.25 29.65 29.90 
2016/10/11 29.95 30.30 29.35 30.20 
2016/10/12 30.10 30.15 29.85 30.00 
2016/10/13 30.00 30.25 29.90 30.15 
2016/10/14 30.15 30.20 29.30 29.45 
2016/10/17 29.50 29.75 29.40 29.45 
2016/10/18 29.60 29.60 29.30 29.50 
2016/10/19 29.60 29.60 29.20 29.40 
2016/10/20 29.40 29.55 29.30 29.45 
2016/10/21 29.35 29.55 29.30 29.55 
2016/10/24 29.60 29.65 29.35 29.45 
2016/10/25 29.45 29.60 29.35 29.35 
2016/10/26 29.35 29.40 29.20 29.20 
2016/10/27 29.40 29.40 29.10 29.10 
2016/10/28 29.15 29.20 28.90 29.05 
2016/10/31 29.15 29.15 28.90 29.10 
2016/11/01 29.10 29.50 29.05 29.10 
2016/11/02 29.20 29.25 28.90 28.95 
2016/11/03 29.15 29.15 28.80 29.05 
2016/11/04 29.00 29.10 28.70 28.80 
2016/11/07 28.95 29.00 28.70 28.75 
2016/11/08 28.90 29.05 28.85 28.95 
2016/11/09 29.05 29.15 28.00 28.05 
2016/11/10 28.80 29.15 28.70 28.95 
2016/11/11 28.75 29.00 28.70 28.75 
2016/11/14 28.75 29.05 28.60 28.70 
2016/11/15 28.95 29.40 28.65 28.75 
2016/11/16 29.05 29.25 28.75 29.00 
2016/11/17 29.00 29.15 28.70 28.80 
2016/11/18 28.95 28.95 28.75 28.85 
2016/11/21 28.85 29.00 28.65 28.85 
2016/11/22 28.85 29.00 28.75 28.95 
2016/11/23 28.95 29.00 28.70 28.70 
2016/11/24 28.65 29.00 28.65 28.90 
2016/11/25 28.85 29.00 28.80 28.90 
2016/11/28 28.90 29.80 28.90 29.45 
2016/11/29 29.45 29.55 29.10 29.10 
2016/11/30 29.10 29.45 29.00 29.30 
2016/12/01 29.40 29.55 29.20 29.20 
2016/12/02 29.40 29.45 29.20 29.30 
2016/12/05 29.30 29.30 29.00 29.05 
2016/12/06 29.15 29.35 28.85 29.05 
2016/12/07 29.00 29.25 29.00 29.15 
2016/12/08 29.30 29.30 29.10 29.25 
2016/12/09 29.30 29.30 29.10 29.25 
2016/12/12 29.10 29.35 29.00 29.00 
2016/12/13 29.10 29.75 29.00 29.65 
2016/12/14 29.65 29.70 29.35 29.40 
2016/12/15 29.40 29.60 29.25 29.45 
2016/12/16 29.50 30.20 29.40 29.70 
2016/12/19 29.70 29.75 29.35 29.50 
2016/12/20 29.40 29.55 29.25 29.40 
2016/12/21 29.40 29.60 29.25 29.55 
2016/12/22 29.70 29.70 29.25 29.40 
2016/12/23 29.60 30.00 29.40 29.75 
2016/12/26 29.90 29.90 29.50 29.60 
2016/12/27 29.60 29.75 29.55 29.55 
2016/12/28 29.50 29.55 29.30 29.40 
2016/12/29 29.40 29.45 29.25 29.25 
2016/12/30 29.45 29.70 29.30 29.40 
2017/01/03 29.25 29.40 29.20 29.25 
2017/01/04 29.45 29.65 29.15 29.40 
2017/01/05 29.40 29.60 29.30 29.50 
2017/01/06 29.50 29.80 29.35 29.65 
2017/01/09 29.65 29.80 29.40 29.60 
2017/01/10 29.60 29.60 29.30 29.30 
2017/01/11 29.80 29.80 29.40 29.45 
2017/01/12 29.65 29.65 29.35 29.40 
2017/01/13 29.55 29.70 29.40 29.45 
2017/01/16 29.50 29.60 29.20 29.40 
2017/01/17 29.45 29.80 29.40 29.65 
2017/01/18 30.25 30.50 29.65 29.65 
2017/01/19 29.70 29.75 29.40 29.55 
2017/01/20 29.55 29.70 29.40 29.55 
2017/01/23 29.65 29.65 29.40 29.40 
2017/01/24 29.65 29.90 29.35 29.60 
2017/02/02 29.80 31.40 29.70 30.65 
2017/02/03 30.80 30.85 30.25 30.60 
2017/02/06 30.80 31.20 30.75 31.00 
2017/02/07 31.00 31.20 30.65 31.15 
2017/02/08 30.90 31.60 30.85 31.55 
