2016/07/01 13.75 13.80 13.70 13.80 
2016/07/04 13.80 13.95 13.70 13.95 
2016/07/05 13.90 13.95 13.80 13.85 
2016/07/06 13.80 13.85 13.75 13.85 
2016/07/07 13.85 13.90 13.80 13.90 
2016/07/11 13.90 13.95 13.80 13.85 
2016/07/12 13.80 13.90 13.75 13.85 
2016/07/13 13.85 14.15 13.85 13.95 
2016/07/14 13.95 14.00 13.85 13.95 
2016/07/15 14.00 14.15 14.00 14.15 
2016/07/18 14.30 14.45 14.30 14.45 
2016/07/19 14.40 14.40 14.30 14.35 
2016/07/20 14.35 14.40 14.25 14.30 
2016/07/21 14.35 14.50 14.30 14.35 
2016/07/22 14.30 14.40 14.30 14.35 
2016/07/25 14.35 14.45 14.25 14.30 
2016/07/26 14.20 14.30 14.20 14.25 
2016/07/27 14.20 14.35 14.20 14.30 
2016/07/28 14.30 14.30 14.20 14.30 
2016/07/29 14.30 14.30 14.10 14.15 
2016/08/01 14.15 14.30 14.10 14.25 
2016/08/02 13.85 13.90 13.80 13.85 
2016/08/03 13.80 13.85 13.75 13.80 
2016/08/04 13.85 13.95 13.80 13.95 
2016/08/05 14.00 14.25 13.95 14.15 
2016/08/08 14.20 14.30 14.10 14.15 
2016/08/09 14.05 14.20 14.05 14.10 
2016/08/10 14.10 14.15 14.00 14.05 
2016/08/11 13.90 14.10 13.80 13.90 
2016/08/12 13.90 13.95 13.80 13.90 
2016/08/15 13.80 13.90 13.75 13.75 
2016/08/16 13.80 13.90 13.75 13.85 
2016/08/17 13.85 14.00 13.80 14.00 
2016/08/18 14.05 14.05 13.85 13.95 
2016/08/19 13.90 13.95 13.80 13.80 
2016/08/22 13.80 13.90 13.70 13.80 
2016/08/23 13.75 13.85 13.70 13.80 
2016/08/24 13.80 13.90 13.80 13.85 
2016/08/25 13.80 13.95 13.75 13.90 
2016/08/26 13.80 13.95 13.75 13.85 
2016/08/29 13.80 14.00 13.80 13.95 
2016/08/30 13.90 14.05 13.90 14.00 
2016/08/31 14.00 14.05 13.90 14.00 
2016/09/01 14.00 14.05 13.85 13.90 
2016/09/02 13.90 13.95 13.85 13.90 
2016/09/05 13.90 13.95 13.85 13.90 
2016/09/06 13.95 13.95 13.85 13.90 
2016/09/07 13.90 13.95 13.85 13.85 
2016/09/08 13.85 13.90 13.80 13.85 
2016/09/09 13.85 13.85 13.80 13.85 
2016/09/10 13.85 13.85 13.70 13.80 
2016/09/12 13.80 13.80 13.65 13.70 
2016/09/13 13.75 13.75 13.55 13.60 
2016/09/14 13.60 13.65 13.45 13.65 
2016/09/19 13.50 13.70 13.50 13.65 
2016/09/20 13.65 13.80 13.55 13.75 
2016/09/21 13.70 13.80 13.65 13.75 
2016/09/22 13.75 13.80 13.65 13.80 
2016/09/23 13.80 13.85 13.75 13.80 
2016/09/26 13.80 13.80 13.70 13.75 
2016/09/29 13.70 13.80 13.65 13.70 
2016/09/30 13.70 13.70 13.55 13.60 
2016/10/03 13.70 13.70 13.50 13.55 
2016/10/04 13.50 13.65 13.50 13.60 
2016/10/05 13.55 13.70 13.45 13.60 
2016/10/06 13.55 13.60 13.50 13.60 
2016/10/07 13.60 13.65 13.50 13.60 
2016/10/11 13.60 13.70 13.50 13.60 
2016/10/12 13.60 13.70 13.55 13.65 
2016/10/13 13.65 13.65 13.55 13.65 
2016/10/14 13.65 13.65 13.50 13.55 
2016/10/17 13.50 13.60 13.45 13.55 
2016/10/18 13.55 13.85 13.50 13.75 
2016/10/19 13.75 13.75 13.60 13.70 
2016/10/20 13.65 13.70 13.55 13.60 
2016/10/21 13.60 13.70 13.55 13.60 
2016/10/24 13.60 13.70 13.60 13.60 
2016/10/25 13.60 13.70 13.60 13.65 
2016/10/26 13.60 13.65 13.55 13.60 
2016/10/27 13.60 13.65 13.55 13.55 
2016/10/28 13.60 13.60 13.55 13.60 
2016/10/31 13.50 13.55 13.45 13.50 
2016/11/01 13.50 13.60 13.45 13.45 
2016/11/02 13.45 13.50 13.30 13.30 
2016/11/03 13.30 13.35 13.25 13.35 
2016/11/04 13.25 13.30 13.15 13.15 
2016/11/07 13.15 13.25 13.15 13.20 
2016/11/08 13.20 13.25 13.10 13.15 
2016/11/09 13.15 13.15 12.70 12.75 
2016/11/10 12.95 12.95 12.85 12.90 
2016/11/11 12.85 12.95 12.80 12.80 
2016/11/14 12.65 12.70 12.55 12.55 
2016/11/15 12.25 12.50 12.25 12.35 
2016/11/16 12.40 12.55 12.35 12.45 
2016/11/17 12.40 12.50 12.25 12.30 
2016/11/18 12.25 12.65 12.15 12.45 
2016/11/21 12.45 12.55 12.35 12.55 
2016/11/22 12.55 12.65 12.35 12.35 
2016/11/23 12.35 12.45 12.25 12.30 
2016/11/24 12.30 12.30 12.00 12.00 
2016/11/25 11.95 11.95 11.75 11.90 
2016/11/28 11.95 12.00 11.85 11.85 
2016/11/29 11.90 12.40 11.90 12.15 
2016/11/30 12.15 12.75 12.05 12.75 
2016/12/01 12.75 12.80 12.50 12.75 
2016/12/02 12.65 12.70 12.55 12.65 
2016/12/05 12.65 12.80 12.35 12.40 
2016/12/06 12.50 12.50 12.30 12.45 
2016/12/07 12.45 12.45 12.35 12.40 
2016/12/08 12.40 12.65 12.40 12.55 
2016/12/09 12.55 12.60 12.45 12.55 
2016/12/12 12.55 13.30 12.55 13.15 
2016/12/13 13.05 13.15 12.95 13.15 
2016/12/14 13.10 13.20 13.05 13.10 
2016/12/15 13.10 13.10 12.90 13.05 
2016/12/16 13.00 13.05 12.95 13.00 
2016/12/19 13.00 13.00 12.85 12.90 
2016/12/20 12.85 13.00 12.80 12.85 
2016/12/21 13.00 13.20 13.00 13.10 
2016/12/22 13.05 13.05 12.85 12.95 
2016/12/23 12.90 12.95 12.85 12.90 
2016/12/26 12.90 13.00 12.80 12.85 
2016/12/27 12.85 12.90 12.80 12.85 
2016/12/28 12.80 12.90 12.80 12.85 
2016/12/29 12.90 12.90 12.80 12.80 
2016/12/30 13.05 13.15 12.95 12.95 
2017/01/03 12.95 12.95 12.80 12.90 
2017/01/04 12.85 13.05 12.85 13.00 
2017/01/05 13.05 13.45 13.00 13.40 
2017/01/06 13.40 13.40 13.30 13.35 
2017/01/09 13.35 13.65 13.30 13.55 
2017/01/10 13.55 13.60 13.50 13.50 
2017/01/11 13.50 13.60 13.40 13.60 
2017/01/12 13.60 13.70 13.50 13.55 
2017/01/13 13.45 13.55 13.40 13.50 
2017/01/16 13.45 13.50 13.25 13.30 
2017/01/17 13.40 13.55 13.40 13.45 
2017/01/19 13.00 13.25 12.75 13.10 
2017/01/20 13.55 14.40 13.55 14.40 
2017/01/23 15.50 15.80 15.25 15.80 
2017/01/24 16.30 17.20 16.10 16.70 
2017/02/02 16.80 17.25 16.55 17.15 
2017/02/03 16.90 17.20 16.50 16.95 
2017/02/06 17.20 18.60 16.95 18.40 
2017/02/07 18.40 18.45 17.80 18.10 
2017/02/08 18.15 18.25 16.80 17.05 
