2016/07/01 23.20 23.45 23.20 23.30 
2016/07/04 23.35 23.70 23.35 23.60 
2016/07/05 23.60 23.70 23.40 23.60 
2016/07/06 23.60 23.65 23.25 23.55 
2016/07/07 23.60 23.60 23.25 23.45 
2016/07/11 23.55 23.60 23.30 23.45 
2016/07/12 23.45 23.50 23.30 23.35 
2016/07/13 23.40 23.45 23.35 23.45 
2016/07/14 23.45 23.75 23.35 23.65 
2016/07/15 23.70 24.00 23.65 24.00 
2016/07/18 24.00 24.20 24.00 24.10 
2016/07/19 24.20 24.30 24.10 24.30 
2016/07/20 24.30 24.30 24.05 24.15 
2016/07/21 23.20 23.35 23.20 23.20 
2016/07/22 23.20 23.20 23.05 23.10 
2016/07/25 23.15 23.20 22.80 23.10 
2016/07/26 23.10 23.10 22.90 23.00 
2016/07/27 23.00 23.25 22.95 23.15 
2016/07/28 23.15 23.20 23.00 23.15 
2016/07/29 23.10 23.20 23.00 23.15 
2016/08/01 23.15 23.35 23.15 23.20 
2016/08/02 23.20 23.30 23.05 23.25 
2016/08/03 23.20 23.20 23.05 23.10 
2016/08/04 23.20 23.20 23.05 23.20 
2016/08/05 23.20 23.50 23.20 23.45 
2016/08/08 23.55 23.70 23.40 23.45 
2016/08/09 23.45 23.50 23.25 23.40 
2016/08/10 23.20 23.50 23.20 23.45 
2016/08/11 23.45 23.65 23.40 23.65 
2016/08/12 23.65 23.75 23.50 23.60 
2016/08/15 23.75 23.75 23.55 23.70 
2016/08/16 23.70 23.70 23.40 23.40 
2016/08/17 23.40 23.50 23.15 23.50 
2016/08/18 23.50 23.65 23.30 23.50 
2016/08/19 23.80 24.80 23.80 24.50 
2016/08/22 24.65 25.00 24.50 24.90 
2016/08/23 24.80 24.95 24.70 24.80 
2016/08/24 24.80 24.80 24.55 24.70 
2016/08/25 24.70 24.90 24.70 24.75 
2016/08/26 24.90 25.40 24.75 25.05 
2016/08/29 25.30 25.80 25.25 25.55 
2016/08/30 25.85 26.10 25.55 25.55 
2016/08/31 25.50 25.80 25.20 25.20 
2016/09/01 25.20 25.35 24.80 24.90 
2016/09/02 24.80 25.15 24.75 24.80 
2016/09/05 25.30 25.35 25.10 25.15 
2016/09/06 25.20 25.30 25.10 25.30 
2016/09/07 25.30 25.35 25.10 25.20 
2016/09/08 25.20 25.45 25.05 25.35 
2016/09/09 25.40 25.80 25.25 25.70 
2016/09/10 25.30 25.50 25.10 25.50 
2016/09/12 25.30 25.30 24.85 24.90 
2016/09/13 25.05 25.10 24.90 24.90 
2016/09/14 24.90 24.90 24.60 24.80 
2016/09/19 25.25 25.40 25.00 25.30 
2016/09/20 25.40 25.70 25.35 25.45 
2016/09/21 25.45 25.70 25.40 25.50 
2016/09/22 25.60 25.90 25.60 25.80 
2016/09/23 25.90 26.45 25.85 25.95 
2016/09/26 25.95 26.30 25.85 25.85 
2016/09/29 26.00 26.10 25.75 25.75 
2016/09/30 25.65 25.85 25.35 25.45 
2016/10/03 25.45 25.60 25.35 25.50 
2016/10/04 25.60 26.15 25.40 26.10 
2016/10/05 26.10 26.10 25.80 25.95 
2016/10/06 25.85 25.85 25.20 25.40 
2016/10/07 25.45 25.50 25.15 25.50 
2016/10/11 25.25 25.30 24.65 25.10 
2016/10/12 24.95 25.05 24.70 25.05 
2016/10/13 25.05 25.50 25.00 25.20 
2016/10/14 25.00 25.20 24.80 24.85 
2016/10/17 24.85 24.95 24.60 24.85 
2016/10/18 24.85 25.30 24.85 25.20 
2016/10/19 25.30 25.30 25.00 25.20 
2016/10/20 25.20 25.75 25.05 25.20 
2016/10/21 25.30 25.35 24.75 25.30 
2016/10/24 25.25 25.25 25.05 25.20 
2016/10/25 25.35 25.35 25.10 25.10 
2016/10/26 25.20 25.20 24.95 25.00 
2016/10/27 25.00 25.00 24.80 25.00 
2016/10/28 25.00 25.00 24.80 24.85 
2016/10/31 24.60 24.90 24.60 24.80 
2016/11/01 24.80 25.00 24.70 25.00 
2016/11/02 25.00 25.00 24.65 24.80 
2016/11/03 24.90 24.95 24.70 24.80 
2016/11/04 24.80 24.90 24.65 24.75 
2016/11/07 24.80 24.90 24.65 24.75 
2016/11/08 24.80 24.95 24.65 24.75 
2016/11/09 24.75 24.90 23.95 24.30 
2016/11/10 24.90 25.00 24.60 25.00 
2016/11/11 24.95 25.10 24.75 25.10 
2016/11/14 25.05 25.50 25.05 25.20 
2016/11/15 26.50 26.95 25.75 25.75 
2016/11/16 25.75 25.80 25.55 25.70 
2016/11/17 25.95 25.95 25.50 25.80 
2016/11/18 25.80 26.25 25.65 26.05 
2016/11/21 26.25 26.30 26.10 26.25 
2016/11/22 26.25 27.35 26.25 27.10 
2016/11/23 27.40 28.20 27.40 27.90 
2016/11/24 27.90 27.90 27.30 27.75 
2016/11/25 28.05 28.20 27.45 27.45 
2016/11/28 27.65 27.65 27.30 27.45 
2016/11/29 27.45 27.95 27.45 27.70 
2016/11/30 27.65 27.70 27.35 27.50 
2016/12/01 27.50 27.75 27.35 27.35 
2016/12/02 27.15 27.35 27.15 27.30 
2016/12/05 27.25 27.30 26.70 27.00 
2016/12/06 27.05 27.20 26.95 27.15 
2016/12/07 27.20 27.20 26.95 27.20 
2016/12/08 27.40 27.75 27.35 27.65 
2016/12/09 27.70 27.75 27.40 27.55 
2016/12/12 27.70 27.90 27.45 27.85 
2016/12/13 27.95 29.10 27.90 28.65 
2016/12/14 28.50 29.00 28.35 28.65 
2016/12/15 28.60 29.00 28.35 29.00 
2016/12/16 29.10 29.85 29.05 29.60 
2016/12/19 29.60 29.85 28.65 29.00 
2016/12/20 28.70 28.80 28.40 28.70 
2016/12/21 28.70 28.90 28.45 28.55 
2016/12/22 28.55 28.55 28.00 28.10 
2016/12/23 27.95 28.55 27.90 28.40 
2016/12/26 28.40 28.60 28.20 28.20 
2016/12/27 28.30 28.30 27.90 28.20 
2016/12/28 28.00 28.30 28.00 28.05 
2016/12/29 28.00 28.35 27.90 28.35 
2016/12/30 28.35 28.55 28.25 28.55 
2017/01/03 28.55 29.05 28.50 28.95 
2017/01/04 29.00 29.10 28.75 29.00 
2017/01/05 29.05 29.30 28.80 29.20 
2017/01/06 29.20 29.25 28.95 29.15 
2017/01/09 28.90 29.15 28.85 29.00 
2017/01/10 29.00 29.25 28.70 29.25 
2017/01/11 29.25 29.25 28.95 29.10 
2017/01/12 28.95 29.10 28.85 28.95 
2017/01/13 28.90 28.95 28.75 28.85 
2017/01/16 28.85 28.90 28.35 28.85 
2017/01/17 29.00 29.45 28.80 29.10 
2017/01/18 29.15 29.15 28.50 28.80 
2017/01/19 28.95 29.00 28.65 28.80 
2017/01/20 28.80 28.80 28.60 28.70 
2017/01/23 28.35 28.50 28.15 28.25 
2017/01/24 28.20 28.50 28.20 28.45 
2017/02/02 28.50 28.70 28.35 28.65 
2017/02/03 28.80 28.90 28.45 28.65 
2017/02/06 28.20 28.80 28.20 28.75 
2017/02/07 28.75 28.80 28.60 28.70 
2017/02/08 28.70 28.80 28.50 28.70 
