2016/07/01 67.80 68.00 67.10 68.00 
2016/07/04 67.20 67.50 66.80 67.10 
2016/07/05 67.10 67.30 66.60 66.80 
2016/07/06 66.50 66.50 65.00 65.00 
2016/07/07 65.10 65.70 65.10 65.40 
2016/07/11 66.30 66.80 66.00 66.60 
2016/07/12 66.60 66.70 66.00 66.60 
2016/07/13 67.10 67.40 66.60 67.30 
2016/07/14 67.20 67.20 66.50 66.90 
2016/07/15 66.90 67.50 66.70 67.40 
2016/07/18 67.50 68.00 67.40 68.00 
2016/07/19 68.10 68.30 67.80 68.30 
2016/07/20 68.20 69.00 67.80 69.00 
2016/07/21 66.60 67.00 66.40 66.60 
2016/07/22 66.60 66.70 66.10 66.40 
2016/07/25 66.50 66.90 65.50 66.20 
2016/07/26 66.30 67.50 66.20 67.40 
2016/07/27 67.60 67.70 66.90 67.40 
2016/07/28 67.30 67.30 66.20 67.00 
2016/07/29 67.10 67.20 66.50 66.60 
2016/08/01 67.10 67.70 67.00 67.50 
2016/08/02 68.50 68.50 67.50 67.90 
2016/08/03 67.40 68.10 67.10 68.10 
2016/08/04 68.40 68.90 68.40 68.80 
2016/08/05 69.00 70.50 68.90 70.00 
2016/08/08 70.20 71.70 70.20 71.70 
2016/08/09 71.70 72.70 71.50 72.00 
2016/08/10 72.10 72.90 72.00 72.90 
2016/08/11 72.50 72.50 69.40 69.60 
2016/08/12 68.90 70.30 68.90 69.80 
2016/08/15 69.80 70.50 69.50 69.90 
2016/08/16 69.80 69.90 68.60 69.00 
2016/08/17 68.90 68.90 67.00 67.50 
2016/08/18 67.80 68.50 67.80 68.20 
2016/08/19 68.60 69.20 67.50 68.40 
2016/08/22 68.10 68.40 67.60 68.30 
2016/08/23 68.20 68.50 68.00 68.10 
2016/08/24 68.10 68.30 67.80 67.80 
2016/08/25 67.50 68.20 67.40 68.10 
2016/08/26 68.00 68.30 67.90 68.20 
2016/08/29 68.40 68.60 67.60 68.20 
2016/08/30 68.20 68.20 67.90 68.20 
2016/08/31 67.70 67.90 66.80 67.40 
2016/09/01 66.80 67.10 65.60 66.10 
2016/09/02 66.00 66.90 65.90 66.90 
2016/09/05 67.50 68.30 67.40 68.10 
2016/09/06 68.10 68.20 67.30 68.00 
2016/09/07 68.00 68.20 67.70 68.00 
2016/09/08 67.80 68.00 67.30 68.00 
2016/09/09 67.40 67.90 67.10 67.40 
2016/09/10 66.60 66.90 66.50 66.70 
2016/09/12 66.00 66.00 65.50 65.50 
2016/09/13 65.70 66.20 64.50 65.00 
2016/09/14 64.50 65.30 64.50 64.50 
2016/09/19 64.50 67.40 64.40 67.40 
2016/09/20 66.80 66.80 66.10 66.20 
2016/09/21 66.20 66.60 65.70 66.60 
2016/09/22 66.80 67.00 66.10 66.60 
2016/09/23 67.30 67.40 66.60 67.40 
2016/09/26 67.40 67.40 66.50 67.00 
2016/09/29 66.50 67.50 66.50 67.00 
2016/09/30 66.60 66.70 65.90 65.90 
2016/10/03 66.00 67.00 66.00 66.40 
2016/10/04 66.80 66.90 66.10 66.40 
2016/10/05 65.90 66.80 65.90 66.70 
2016/10/06 66.50 66.80 66.10 66.10 
2016/10/07 66.10 66.90 66.10 66.70 
2016/10/11 67.00 67.10 66.10 66.30 
2016/10/12 65.00 65.60 64.80 65.20 
2016/10/13 65.40 65.90 64.70 65.40 
2016/10/14 64.70 65.00 64.40 64.40 
2016/10/17 64.40 64.40 63.50 63.80 
2016/10/18 63.80 64.20 63.50 64.10 
2016/10/19 64.10 66.50 64.00 66.10 
2016/10/20 66.00 66.70 65.60 65.60 
2016/10/21 65.60 66.70 65.40 65.90 
2016/10/24 66.00 66.20 65.80 65.90 
2016/10/25 65.70 65.90 65.20 65.20 
2016/10/26 65.20 66.10 64.70 64.70 
2016/10/27 64.60 64.70 64.00 64.00 
2016/10/28 64.10 65.40 64.10 64.80 
2016/10/31 64.20 65.00 64.00 64.30 
2016/11/01 64.20 65.40 64.20 65.20 
2016/11/02 64.60 65.00 64.50 64.50 
2016/11/03 64.50 65.10 64.50 64.50 
2016/11/04 64.60 64.80 64.30 64.50 
2016/11/07 64.90 65.50 64.60 64.90 
2016/11/08 65.20 65.60 65.20 65.60 
2016/11/09 65.90 66.20 64.00 64.40 
2016/11/10 65.20 65.90 64.90 65.80 
2016/11/11 63.00 63.20 60.50 60.60 
2016/11/14 61.30 61.30 59.60 59.60 
2016/11/15 59.20 59.70 58.60 58.60 
2016/11/16 58.70 60.10 58.70 60.00 
2016/11/17 59.20 59.50 58.50 58.50 
2016/11/18 58.60 59.10 58.30 58.90 
2016/11/21 58.90 58.90 58.50 58.50 
2016/11/22 58.60 59.40 58.50 59.00 
2016/11/23 59.10 59.40 58.80 59.00 
2016/11/24 59.00 59.50 58.90 59.20 
2016/11/25 59.20 59.50 59.10 59.40 
2016/11/28 59.50 60.70 59.50 60.60 
2016/11/29 60.70 61.00 59.40 59.40 
2016/11/30 59.00 60.00 59.00 60.00 
2016/12/01 59.80 60.10 58.90 59.80 
2016/12/02 59.80 60.80 59.50 60.80 
2016/12/05 60.70 60.80 60.20 60.50 
2016/12/06 60.60 60.70 60.30 60.70 
2016/12/07 60.70 60.70 60.30 60.40 
2016/12/08 60.70 61.00 60.50 61.00 
2016/12/09 61.00 61.10 60.50 60.70 
2016/12/12 61.20 61.30 60.40 61.00 
2016/12/13 61.00 61.40 60.60 60.80 
2016/12/14 60.70 61.00 60.50 60.50 
2016/12/15 60.20 60.80 60.20 60.50 
2016/12/16 60.40 60.50 59.30 59.30 
2016/12/19 59.00 60.60 58.90 60.60 
2016/12/20 60.20 60.50 59.50 59.60 
2016/12/21 59.60 60.00 59.50 59.50 
2016/12/22 59.60 59.80 59.20 59.20 
2016/12/23 59.10 59.40 59.00 59.00 
2016/12/26 59.00 59.70 59.00 59.40 
2016/12/27 59.70 59.80 59.30 59.60 
2016/12/28 59.60 60.10 59.60 60.00 
2016/12/29 59.80 60.50 59.60 60.30 
2016/12/30 60.60 60.90 60.40 60.80 
2017/01/03 60.80 61.60 60.60 61.40 
2017/01/04 61.40 61.80 61.10 61.70 
2017/01/05 61.70 61.80 61.50 61.70 
2017/01/06 61.70 63.10 61.70 62.60 
2017/01/09 62.60 63.60 62.60 63.20 
2017/01/10 62.80 63.00 61.80 62.30 
2017/01/11 62.80 63.90 62.80 63.80 
2017/01/12 64.10 64.10 63.40 63.80 
2017/01/13 63.80 64.00 63.50 63.60 
2017/01/16 63.60 63.60 62.40 63.00 
2017/01/17 63.00 63.50 62.60 63.30 
2017/01/18 63.90 63.90 62.40 62.40 
2017/01/19 62.40 62.70 62.20 62.50 
2017/01/20 62.30 62.30 61.80 61.80 
2017/01/23 62.10 62.70 61.90 62.40 
2017/01/24 62.10 62.60 62.10 62.20 
2017/02/02 63.40 63.60 61.50 61.50 
2017/02/03 62.00 62.40 61.60 62.10 
2017/02/06 62.30 62.50 62.10 62.30 
2017/02/07 62.10 64.00 62.10 63.70 
2017/02/08 63.50 63.50 62.20 62.80 
