2016/07/01 15.20 15.20 15.10 15.10 
2016/07/04 15.10 15.20 15.05 15.20 
2016/07/05 15.20 15.20 15.05 15.15 
2016/07/06 15.05 15.10 14.95 15.00 
2016/07/07 15.05 15.05 14.90 15.00 
2016/07/11 15.00 15.10 14.95 15.00 
2016/07/12 14.95 15.05 14.90 15.00 
2016/07/13 15.00 15.05 14.90 15.05 
2016/07/14 15.05 15.05 14.95 15.05 
2016/07/15 15.10 15.45 15.10 15.45 
2016/07/18 15.45 15.50 15.30 15.35 
2016/07/19 15.40 15.40 15.30 15.40 
2016/07/20 15.40 15.45 15.25 15.25 
2016/07/21 15.25 15.55 15.25 15.50 
2016/07/22 15.50 15.55 15.30 15.35 
2016/07/25 15.25 15.50 15.25 15.30 
2016/07/26 15.35 15.45 15.35 15.45 
2016/07/27 15.50 15.50 15.40 15.45 
2016/07/28 15.45 15.50 15.35 15.40 
2016/07/29 15.35 15.40 15.20 15.30 
2016/08/01 15.30 15.35 15.20 15.30 
2016/08/02 15.30 15.30 15.05 15.10 
2016/08/03 15.05 15.10 14.80 15.05 
2016/08/04 15.05 15.10 14.90 15.00 
2016/08/05 15.00 15.05 14.95 15.05 
2016/08/08 15.00 15.15 15.00 15.05 
2016/08/09 15.10 15.10 14.95 15.10 
2016/08/10 15.10 15.20 15.00 15.00 
2016/08/11 15.05 15.15 14.95 15.10 
2016/08/12 15.00 15.20 15.00 15.10 
2016/08/15 15.10 15.10 14.95 14.95 
2016/08/16 14.95 15.05 14.95 14.95 
2016/08/17 15.00 15.05 14.90 15.05 
2016/08/18 15.05 15.05 14.95 15.00 
2016/08/19 15.00 15.05 14.95 15.00 
2016/08/22 15.00 15.00 14.85 14.90 
2016/08/23 14.95 14.95 14.85 14.85 
2016/08/24 14.85 14.85 14.75 14.80 
2016/08/25 14.75 15.00 14.75 15.00 
2016/08/26 15.00 15.00 14.80 14.90 
2016/08/29 14.90 14.90 14.80 14.90 
2016/08/30 14.85 14.90 14.75 14.85 
2016/08/31 14.85 15.25 14.80 15.25 
2016/09/01 15.25 15.25 15.05 15.15 
2016/09/02 15.05 15.05 14.85 14.90 
2016/09/05 14.90 15.10 14.90 15.00 
2016/09/06 15.10 15.10 14.90 15.00 
2016/09/07 15.00 15.05 14.85 14.90 
2016/09/08 14.90 15.00 14.85 15.00 
2016/09/09 14.95 14.95 14.90 14.95 
2016/09/10 14.90 14.95 14.85 14.90 
2016/09/12 14.85 14.90 14.80 14.85 
2016/09/13 14.80 14.85 14.70 14.75 
2016/09/30 14.90 15.20 14.90 15.15 
2016/10/03 15.20 15.30 15.05 15.15 
2016/10/04 15.15 15.50 15.15 15.50 
2016/10/05 15.50 15.70 15.30 15.50 
2016/10/06 15.50 15.50 15.40 15.45 
2016/10/07 15.45 15.50 15.30 15.45 
2016/10/11 15.40 15.50 15.15 15.40 
2016/10/12 15.15 15.40 15.05 15.25 
2016/10/13 15.25 15.45 15.15 15.45 
2016/10/14 15.40 15.40 15.15 15.30 
2016/10/17 15.20 15.20 15.00 15.05 
2016/10/18 15.00 15.20 14.90 15.20 
2016/10/19 15.10 15.25 15.05 15.15 
2016/10/20 15.15 15.20 15.00 15.00 
2016/10/21 15.05 15.15 14.85 14.85 
2016/10/24 15.05 15.10 14.90 14.90 
2016/10/25 14.95 15.00 14.85 14.90 
2016/10/26 14.90 14.90 14.70 14.80 
2016/10/27 14.80 14.90 14.70 14.90 
2016/10/28 14.90 14.90 14.75 14.75 
2016/10/31 14.75 14.80 14.65 14.70 
2016/11/01 14.65 14.65 14.55 14.55 
2016/11/02 14.55 14.55 14.10 14.15 
2016/11/03 14.15 14.25 14.00 14.05 
2016/11/04 14.05 14.25 14.05 14.10 
2016/11/07 14.15 14.45 14.15 14.25 
2016/11/08 14.30 14.40 14.20 14.35 
2016/11/09 14.35 14.40 14.00 14.00 
2016/11/10 14.15 14.35 14.15 14.25 
2016/11/11 14.30 14.30 14.00 14.05 
2016/11/14 14.20 14.20 14.10 14.10 
2016/11/15 14.10 14.40 14.05 14.30 
2016/11/16 14.40 14.40 14.20 14.25 
2016/11/17 14.25 14.25 14.05 14.10 
2016/11/18 14.20 14.25 14.05 14.10 
2016/11/21 14.10 14.30 14.10 14.25 
2016/11/22 14.20 14.50 14.20 14.40 
2016/11/23 14.40 14.60 14.40 14.55 
2016/11/24 14.55 14.60 14.30 14.55 
2016/11/25 14.40 14.65 14.35 14.40 
2016/11/28 14.40 14.60 14.40 14.50 
2016/11/29 14.50 14.80 14.50 14.80 
2016/11/30 14.80 15.10 14.80 15.10 
2016/12/01 15.10 15.15 14.85 15.10 
2016/12/02 15.10 15.35 15.05 15.30 
2016/12/05 15.30 15.40 15.05 15.15 
2016/12/06 15.10 15.35 15.10 15.15 
2016/12/07 15.15 15.25 15.05 15.25 
2016/12/08 15.15 15.35 15.15 15.30 
2016/12/09 15.30 15.30 15.25 15.30 
2016/12/12 15.30 15.70 15.20 15.60 
2016/12/13 15.55 15.60 15.40 15.55 
2016/12/14 15.55 15.65 15.50 15.55 
2016/12/15 15.50 15.65 15.50 15.65 
2016/12/16 15.65 15.75 15.55 15.65 
2016/12/19 15.40 15.70 15.40 15.65 
2016/12/20 15.60 15.70 15.50 15.60 
2016/12/21 15.60 15.65 15.55 15.60 
2016/12/22 15.60 15.65 15.55 15.60 
2016/12/23 15.60 15.60 15.40 15.50 
2016/12/26 15.40 15.55 15.40 15.45 
2016/12/27 15.45 15.60 15.45 15.60 
2016/12/28 15.55 15.80 15.50 15.80 
2016/12/29 15.80 15.95 15.70 15.95 
2016/12/30 15.95 16.15 15.95 16.00 
2017/01/03 16.10 16.30 16.05 16.30 
2017/01/04 16.30 16.35 16.15 16.25 
2017/01/05 16.25 16.30 16.15 16.25 
2017/01/06 16.25 16.25 16.15 16.20 
2017/01/09 16.20 16.25 15.95 16.05 
2017/01/10 15.95 16.10 15.90 16.05 
2017/01/11 16.00 16.20 16.00 16.10 
2017/01/12 16.10 16.20 16.05 16.20 
2017/01/13 16.20 16.20 16.05 16.05 
2017/01/16 16.10 16.10 15.65 15.65 
2017/01/17 15.80 15.80 15.65 15.70 
2017/01/18 15.70 15.70 15.50 15.55 
2017/01/19 15.55 15.65 15.50 15.55 
2017/01/20 15.55 15.65 15.55 15.65 
2017/01/23 15.65 15.70 15.60 15.65 
2017/01/24 15.65 15.85 15.55 15.85 
2017/02/02 16.00 16.00 15.85 15.95 
2017/02/03 15.95 16.20 15.95 16.10 
2017/02/06 16.35 17.70 16.35 17.70 
2017/02/07 18.35 18.50 17.50 17.55 
2017/02/08 17.80 18.40 17.60 17.95 
