2016/07/01 26.20 26.20 26.05 26.05 
2016/07/04 26.15 27.60 26.05 27.20 
2016/07/05 27.20 27.30 26.75 26.75 
2016/07/06 26.70 26.90 26.55 26.60 
2016/07/07 26.35 26.50 26.25 26.35 
2016/07/11 26.45 26.65 26.30 26.35 
2016/07/12 26.35 26.55 26.35 26.45 
2016/07/13 26.60 26.60 26.25 26.40 
2016/07/14 26.40 26.70 26.35 26.50 
2016/07/15 26.65 27.15 26.60 26.95 
2016/07/18 27.10 27.35 27.10 27.20 
2016/07/19 27.30 27.30 26.80 27.00 
2016/07/20 27.00 27.15 26.85 26.95 
2016/07/21 27.10 27.35 27.05 27.15 
2016/07/22 27.15 27.30 27.00 27.05 
2016/07/25 27.10 27.30 26.95 27.10 
2016/07/26 27.10 27.20 27.00 27.10 
2016/07/27 27.20 27.50 27.15 27.25 
2016/07/28 27.25 27.40 27.20 27.30 
2016/07/29 27.40 27.45 27.15 27.30 
2016/08/01 27.35 27.45 27.25 27.35 
2016/08/02 27.40 27.45 27.20 27.30 
2016/08/03 27.25 27.25 27.10 27.20 
2016/08/04 24.30 24.30 24.00 24.15 
2016/08/05 24.10 24.15 24.00 24.05 
2016/08/08 24.15 24.15 23.95 24.00 
2016/08/09 24.00 24.05 23.25 23.40 
2016/08/10 23.40 23.45 22.90 23.10 
2016/08/11 23.00 23.30 22.85 23.00 
2016/08/12 23.00 23.45 23.00 23.30 
2016/08/15 23.40 23.45 23.10 23.30 
2016/08/16 23.30 23.35 23.05 23.10 
2016/08/17 23.30 23.30 22.90 23.15 
2016/08/18 23.10 23.50 23.00 23.25 
2016/08/19 23.25 23.40 23.00 23.10 
2016/08/22 23.10 23.25 22.85 22.90 
2016/08/23 22.90 23.00 22.85 22.90 
2016/08/24 22.95 22.95 22.75 22.75 
2016/08/25 22.65 23.70 22.65 23.30 
2016/08/26 23.15 23.35 23.15 23.20 
2016/08/29 23.20 23.40 23.00 23.35 
2016/08/30 23.35 23.40 23.10 23.40 
2016/08/31 23.40 23.55 23.20 23.55 
2016/09/01 23.50 23.50 23.20 23.20 
2016/09/02 23.25 23.30 22.80 22.90 
2016/09/05 22.95 23.20 22.95 23.05 
2016/09/06 23.10 23.20 23.00 23.05 
2016/09/07 23.10 23.20 23.00 23.10 
2016/09/08 23.20 23.45 23.20 23.25 
2016/09/09 23.25 23.35 23.10 23.35 
2016/09/10 23.05 23.30 23.00 23.20 
2016/09/12 23.20 23.20 23.00 23.00 
2016/09/13 23.10 23.10 22.70 22.80 
2016/09/14 22.80 22.90 22.70 22.75 
2016/09/19 22.80 23.00 22.75 22.80 
2016/09/20 22.80 22.90 22.80 22.80 
2016/09/21 22.90 23.00 22.75 22.80 
2016/09/22 22.80 23.15 22.80 22.85 
2016/09/23 22.95 23.00 22.85 22.90 
2016/09/26 22.90 22.95 22.80 22.85 
2016/09/29 22.85 22.85 22.70 22.70 
2016/09/30 22.70 22.70 22.50 22.50 
2016/10/03 22.55 23.10 22.55 22.90 
2016/10/04 23.05 23.05 22.80 22.80 
2016/10/05 22.80 22.90 22.65 22.70 
2016/10/06 22.90 22.90 22.70 22.80 
2016/10/07 22.80 22.90 22.70 22.75 
2016/10/11 22.80 22.90 22.40 22.50 
2016/10/12 22.50 22.50 22.10 22.20 
2016/10/13 22.20 22.45 22.20 22.40 
2016/10/14 22.40 23.10 22.40 23.00 
2016/10/17 23.25 23.30 23.00 23.25 
2016/10/18 23.35 24.45 23.30 24.20 
2016/10/19 24.20 24.65 24.00 24.15 
2016/10/20 23.95 24.30 23.80 23.85 
2016/10/21 23.75 23.95 23.35 23.85 
2016/10/24 24.20 24.20 23.75 23.95 
2016/10/25 23.90 24.00 23.70 23.75 
2016/10/26 23.65 23.70 23.00 23.15 
2016/10/27 23.15 23.30 22.80 22.85 
2016/10/28 22.90 23.15 22.80 23.05 
2016/10/31 23.05 23.15 22.85 22.95 
2016/11/01 22.90 23.00 22.80 22.80 
2016/11/02 22.75 22.95 22.70 22.75 
2016/11/03 22.65 22.75 22.55 22.55 
2016/11/04 22.55 22.65 22.40 22.45 
2016/11/07 22.55 23.00 22.55 22.85 
2016/11/08 23.00 23.00 22.75 22.80 
2016/11/09 22.80 22.90 22.15 22.15 
2016/11/10 22.50 22.70 22.50 22.60 
2016/11/11 22.20 22.20 21.15 21.70 
2016/11/14 21.50 21.50 20.90 20.95 
2016/11/15 20.85 21.10 20.75 20.90 
2016/11/16 21.00 21.15 21.00 21.10 
2016/11/17 21.00 21.35 20.95 21.25 
2016/11/18 21.25 21.35 21.00 21.20 
2016/11/21 21.25 21.75 21.25 21.60 
2016/11/22 21.60 21.75 21.60 21.65 
2016/11/23 21.70 21.85 21.55 21.75 
2016/11/24 21.75 21.75 21.55 21.70 
2016/11/25 21.65 21.70 21.55 21.60 
2016/11/28 21.60 21.85 21.60 21.60 
2016/11/29 21.60 21.70 21.45 21.55 
2016/11/30 21.50 21.65 21.40 21.50 
2016/12/01 21.70 21.70 21.50 21.60 
2016/12/02 21.60 22.15 21.55 22.00 
2016/12/05 22.00 22.10 21.70 21.70 
2016/12/06 21.80 21.85 21.65 21.70 
2016/12/07 21.80 21.80 21.60 21.70 
2016/12/08 21.90 21.90 21.70 21.75 
2016/12/09 21.80 21.95 21.70 21.85 
2016/12/12 21.90 22.05 21.85 22.00 
2016/12/13 22.20 23.50 22.20 22.80 
2016/12/14 22.95 22.95 22.60 22.65 
2016/12/15 22.70 22.70 22.20 22.35 
2016/12/16 22.50 22.50 22.30 22.40 
2016/12/19 22.50 22.50 21.95 21.95 
2016/12/20 21.85 22.10 21.70 22.00 
2016/12/21 22.10 22.10 21.80 21.80 
2016/12/22 21.80 21.80 21.50 21.60 
2016/12/23 21.70 21.80 21.65 21.75 
2016/12/26 21.75 21.90 21.70 21.70 
2016/12/27 21.70 21.80 21.65 21.70 
2016/12/28 21.70 21.95 21.70 21.85 
2016/12/29 21.80 21.85 21.65 21.75 
2016/12/30 21.85 21.95 21.80 21.85 
2017/01/03 21.90 21.90 21.70 21.80 
2017/01/04 21.95 21.95 21.75 21.90 
2017/01/05 21.90 22.05 21.85 22.00 
2017/01/06 22.00 22.00 21.90 21.95 
2017/01/09 22.40 22.40 22.20 22.30 
2017/01/10 22.30 22.30 22.15 22.15 
2017/01/11 22.20 22.60 22.05 22.40 
2017/01/12 22.50 22.50 22.30 22.30 
2017/01/13 22.30 22.45 22.20 22.30 
2017/01/16 22.30 22.45 21.95 21.95 
2017/01/17 22.20 23.35 22.20 23.10 
2017/01/18 23.30 23.35 22.60 22.80 
2017/01/19 22.95 22.95 22.65 22.65 
2017/01/20 22.65 22.90 22.65 22.80 
2017/01/23 22.80 22.95 22.65 22.70 
2017/01/24 22.75 22.80 22.55 22.65 
2017/02/02 22.65 22.95 22.65 22.85 
2017/02/03 23.00 23.10 22.75 22.90 
2017/02/06 23.00 23.10 22.90 23.10 
2017/02/07 23.20 23.20 22.95 23.00 
2017/02/08 23.85 23.85 23.30 23.40 
