2016/07/01 81.80 82.00 81.30 81.80 
2016/07/04 81.50 82.00 81.50 81.90 
2016/07/05 81.90 82.20 81.00 81.90 
2016/07/06 82.00 82.00 81.10 81.20 
2016/07/07 81.50 81.50 81.00 81.20 
2016/07/11 81.90 82.00 81.20 81.30 
2016/07/12 81.30 81.90 81.30 81.40 
2016/07/13 77.20 78.50 77.20 78.00 
2016/07/14 77.50 78.20 77.30 77.60 
2016/07/15 78.20 78.20 76.50 76.70 
2016/07/18 76.10 76.90 76.10 76.70 
2016/07/19 76.70 78.30 76.70 77.30 
2016/07/20 77.20 77.60 77.00 77.60 
2016/07/21 77.50 77.90 77.50 77.80 
2016/07/22 77.80 77.80 77.50 77.50 
2016/07/25 77.20 77.50 76.40 76.60 
2016/07/26 76.60 77.60 76.60 77.10 
2016/07/27 77.10 77.60 77.10 77.40 
2016/07/28 77.50 77.50 76.90 76.90 
2016/07/29 76.90 80.00 76.90 80.00 
2016/08/01 79.90 80.30 78.50 78.80 
2016/08/02 78.50 79.00 78.40 78.90 
2016/08/03 78.80 79.40 78.80 79.10 
2016/08/04 79.40 79.40 78.90 79.20 
2016/08/05 79.20 79.50 79.20 79.20 
2016/08/08 79.40 80.20 79.40 79.70 
2016/08/09 79.60 80.00 79.30 79.30 
2016/08/10 79.20 79.70 79.20 79.60 
2016/08/11 79.30 79.60 78.80 78.80 
2016/08/12 78.80 79.50 78.50 79.30 
2016/08/15 79.50 79.60 78.70 79.60 
2016/08/16 78.70 79.70 78.70 79.60 
2016/08/17 79.50 80.00 79.40 80.00 
2016/08/18 80.00 80.40 79.70 79.70 
2016/08/19 80.00 80.10 79.70 80.10 
2016/08/22 79.70 80.40 79.50 80.00 
2016/08/23 80.00 80.30 80.00 80.10 
2016/08/24 80.50 80.50 80.00 80.00 
2016/08/25 80.40 80.40 80.10 80.10 
2016/08/26 80.40 80.40 79.70 79.70 
2016/08/29 79.90 81.40 79.70 80.90 
2016/08/30 80.90 80.90 80.20 80.40 
2016/08/31 80.00 80.20 79.80 79.80 
2016/09/01 79.70 79.70 79.50 79.50 
2016/09/02 80.20 80.20 79.40 80.00 
2016/09/05 80.00 80.90 80.00 80.90 
2016/09/06 80.90 81.30 80.80 80.90 
2016/09/07 81.30 81.30 80.20 80.30 
2016/09/08 80.40 80.60 80.30 80.30 
2016/09/09 80.10 81.00 80.00 80.90 
2016/09/10 80.20 81.20 80.20 80.50 
2016/09/12 80.10 80.10 79.80 80.10 
2016/09/13 80.10 80.20 80.00 80.10 
2016/09/14 80.10 80.40 79.90 80.10 
2016/09/19 80.50 80.50 80.00 80.30 
2016/09/20 80.30 80.40 80.00 80.30 
2016/09/21 80.20 81.00 80.20 80.50 
2016/09/22 81.00 81.00 80.30 80.70 
2016/09/23 80.50 80.50 79.80 79.90 
2016/09/26 79.50 79.90 79.50 79.90 
2016/09/29 79.30 80.00 78.50 78.90 
2016/09/30 80.10 80.10 79.00 79.20 
2016/10/03 79.40 79.40 78.70 79.20 
2016/10/04 79.50 79.80 79.20 79.80 
2016/10/05 79.80 79.80 79.20 79.20 
2016/10/06 80.00 80.00 79.90 79.90 
2016/10/07 79.90 79.90 79.00 79.10 
2016/10/11 79.20 79.40 78.80 79.40 
2016/10/12 79.10 79.40 79.00 79.10 
2016/10/13 79.10 79.50 78.80 79.40 
2016/10/14 79.40 79.60 78.30 78.40 
2016/10/17 78.00 78.80 78.00 78.70 
2016/10/18 78.60 79.30 78.60 78.70 
2016/10/19 78.50 79.00 78.20 78.20 
2016/10/20 78.90 78.90 78.50 78.80 
2016/10/21 78.30 78.90 78.30 78.70 
2016/10/24 78.70 78.90 78.30 78.70 
2016/10/25 78.50 78.50 78.40 78.50 
2016/10/26 78.50 78.50 78.10 78.30 
2016/10/27 78.30 78.30 77.90 78.00 
2016/10/28 78.40 78.40 77.10 77.50 
2016/10/31 77.50 78.80 77.00 78.80 
2016/11/01 78.70 78.70 78.10 78.10 
2016/11/02 78.10 78.10 76.50 77.00 
2016/11/03 76.90 77.80 76.70 77.70 
2016/11/04 77.20 77.30 77.20 77.20 
2016/11/07 78.00 78.40 78.00 78.30 
2016/11/08 78.80 78.80 78.00 78.10 
2016/11/09 77.90 77.90 76.50 77.00 
2016/11/10 76.90 78.10 76.90 77.80 
2016/11/11 76.30 77.00 76.30 77.00 
2016/11/14 77.90 77.90 77.00 77.00 
2016/11/15 76.00 77.00 76.00 76.50 
2016/11/16 76.50 77.00 76.50 76.70 
2016/11/17 76.70 77.00 76.10 76.80 
2016/11/18 77.00 77.40 76.50 76.90 
2016/11/21 77.30 77.30 77.00 77.10 
2016/11/22 77.70 77.90 77.10 77.10 
2016/11/23 77.40 77.50 77.40 77.50 
2016/11/24 77.30 77.50 77.20 77.40 
2016/11/25 77.40 77.40 77.00 77.00 
2016/11/28 77.00 77.30 77.00 77.30 
2016/11/29 77.50 77.60 76.90 77.50 
2016/11/30 78.10 78.10 77.30 77.90 
2016/12/01 77.60 77.60 77.10 77.10 
2016/12/02 77.00 77.60 77.00 77.60 
2016/12/05 77.60 77.60 77.60 77.60 
2016/12/06 77.60 77.90 77.60 77.70 
2016/12/07 77.70 77.70 77.60 77.70 
2016/12/08 77.80 78.00 77.70 77.70 
2016/12/09 77.70 77.80 77.70 77.80 
2016/12/12 77.80 78.10 77.70 77.90 
2016/12/13 77.10 77.90 77.10 77.90 
2016/12/14 78.90 78.90 77.70 77.70 
2016/12/15 77.50 77.50 75.80 77.00 
2016/12/16 76.80 76.80 76.10 76.30 
2016/12/19 76.50 76.70 76.50 76.70 
2016/12/20 76.80 77.30 76.70 77.30 
2016/12/21 77.00 77.00 76.60 76.90 
2016/12/22 77.60 77.60 76.90 77.20 
2016/12/23 77.10 77.10 76.70 76.70 
2016/12/26 77.00 77.00 76.70 76.70 
2016/12/27 77.70 77.70 76.70 77.20 
2016/12/28 77.00 77.00 76.50 76.90 
2016/12/29 76.80 76.80 76.20 76.20 
2016/12/30 76.20 77.70 76.20 77.00 
2017/01/03 76.50 77.70 76.50 77.60 
2017/01/04 77.60 77.80 77.10 77.80 
2017/01/05 77.80 77.80 77.00 77.30 
2017/01/06 76.80 78.00 76.70 76.90 
2017/01/09 77.90 78.00 76.90 78.00 
2017/01/10 77.90 77.90 77.80 77.90 
2017/01/11 77.80 77.80 77.40 77.60 
2017/01/12 77.40 77.60 77.40 77.60 
2017/01/13 77.60 77.60 77.00 77.60 
2017/01/16 76.60 76.70 76.60 76.70 
2017/01/17 76.70 76.80 76.70 76.80 
2017/01/18 76.90 77.00 76.70 76.90 
2017/01/19 76.90 77.60 76.90 77.40 
2017/01/20 76.90 77.20 76.20 77.20 
2017/01/23 77.20 77.20 76.10 77.10 
2017/01/24 76.20 77.60 76.00 77.60 
2017/02/02 77.60 77.90 77.50 77.80 
2017/02/03 77.80 77.80 77.40 77.40 
2017/02/06 77.70 77.70 77.00 77.40 
2017/02/07 76.90 77.40 76.90 77.00 
2017/02/08 76.90 77.10 76.90 77.10 
