2016/07/01 27.45 27.90 27.30 27.75 
2016/07/04 28.00 28.25 27.80 28.05 
2016/07/05 28.05 28.05 27.80 27.90 
2016/07/06 27.75 27.75 27.30 27.45 
2016/07/07 27.50 27.65 27.40 27.55 
2016/07/11 27.85 28.30 27.70 28.25 
2016/07/12 28.20 28.45 28.05 28.45 
2016/07/13 28.55 28.80 28.30 28.55 
2016/07/14 28.55 28.70 28.45 28.60 
2016/07/15 28.60 29.00 28.55 28.95 
2016/07/18 29.10 29.45 28.95 29.40 
2016/07/19 29.60 29.65 29.20 29.60 
2016/07/20 28.70 29.00 28.55 29.00 
2016/07/21 29.00 29.00 28.75 28.85 
2016/07/22 28.75 29.10 28.65 29.00 
2016/07/25 28.80 29.20 28.65 28.85 
2016/07/26 28.75 28.95 28.70 28.95 
2016/07/27 28.95 29.00 28.75 28.95 
2016/07/28 28.75 28.90 28.60 28.65 
2016/07/29 28.70 28.70 28.25 28.35 
2016/08/01 28.35 28.60 28.25 28.60 
2016/08/02 28.65 28.70 28.40 28.40 
2016/08/03 28.30 28.40 28.20 28.40 
2016/08/04 28.40 28.60 28.25 28.50 
2016/08/05 28.45 28.85 28.35 28.60 
2016/08/08 28.60 28.75 28.55 28.60 
2016/08/09 28.60 28.80 28.55 28.65 
2016/08/10 28.65 28.75 28.60 28.70 
2016/08/11 28.70 28.70 28.30 28.60 
2016/08/12 28.10 28.50 28.10 28.45 
2016/08/15 28.45 28.45 28.25 28.25 
2016/08/16 28.25 28.30 28.05 28.20 
2016/08/17 28.15 28.20 28.00 28.05 
2016/08/18 28.05 28.10 27.65 27.80 
2016/08/19 27.80 27.90 27.50 27.50 
2016/08/22 27.50 27.50 27.20 27.30 
2016/08/23 27.30 27.90 27.20 27.65 
2016/08/24 27.65 27.65 27.40 27.45 
2016/08/25 27.40 27.55 27.35 27.55 
2016/08/26 27.50 27.95 27.50 27.85 
2016/08/29 27.80 27.80 27.20 27.60 
2016/08/30 27.50 27.70 27.40 27.45 
2016/08/31 27.40 27.50 27.20 27.45 
2016/09/01 27.30 27.45 27.20 27.35 
2016/09/02 27.45 27.50 27.25 27.25 
2016/09/05 27.35 27.80 27.35 27.70 
2016/09/06 27.80 28.20 27.65 28.20 
2016/09/07 28.25 28.50 28.20 28.35 
2016/09/08 28.40 28.65 28.35 28.65 
2016/09/09 28.50 28.55 28.25 28.45 
2016/09/10 28.20 28.20 28.00 28.10 
2016/09/12 28.00 28.00 27.55 27.55 
2016/09/13 27.60 27.80 27.25 27.40 
2016/09/14 27.35 27.45 27.15 27.15 
2016/09/19 27.20 27.50 27.15 27.40 
2016/09/20 27.40 27.55 27.30 27.45 
2016/09/21 27.50 27.65 27.20 27.55 
2016/09/22 27.60 27.65 27.40 27.65 
2016/09/23 27.70 27.80 27.60 27.70 
2016/09/26 27.60 27.70 27.50 27.65 
2016/09/29 27.85 28.15 27.70 28.10 
2016/09/30 28.00 28.00 27.50 27.55 
2016/10/03 27.75 27.85 27.60 27.65 
2016/10/04 27.70 27.85 27.50 27.55 
2016/10/05 27.65 27.70 27.55 27.65 
2016/10/06 27.85 27.85 27.65 27.65 
2016/10/07 27.65 27.75 27.60 27.70 
2016/10/11 27.90 27.90 27.65 27.90 
2016/10/12 27.90 28.20 27.65 27.90 
2016/10/13 27.90 28.05 27.70 27.75 
2016/10/14 27.75 27.80 27.65 27.70 
2016/10/17 27.70 27.75 27.30 27.40 
2016/10/18 27.40 27.55 27.35 27.40 
2016/10/19 27.40 27.65 27.40 27.50 
2016/10/20 27.50 27.60 27.50 27.60 
2016/10/21 27.70 27.90 27.60 27.90 
2016/10/24 27.90 27.90 27.70 27.80 
2016/10/25 27.70 27.90 27.65 27.75 
2016/10/26 27.65 27.75 27.50 27.55 
2016/10/27 27.55 27.55 27.30 27.40 
2016/10/28 27.40 27.70 27.40 27.65 
2016/10/31 27.50 27.65 27.00 27.65 
2016/11/01 27.55 27.55 27.35 27.50 
2016/11/02 27.50 27.50 27.20 27.35 
2016/11/03 27.35 27.45 27.30 27.35 
2016/11/04 27.35 27.35 27.20 27.25 
2016/11/07 27.30 27.35 27.20 27.25 
2016/11/08 27.25 27.35 27.20 27.30 
2016/11/09 27.50 27.50 26.90 27.20 
2016/11/10 27.35 27.35 26.95 27.05 
2016/11/11 27.00 27.00 26.40 26.40 
2016/11/14 26.35 26.35 26.00 26.10 
2016/11/15 26.10 26.35 26.05 26.10 
2016/11/16 26.35 26.35 26.15 26.30 
2016/11/17 26.35 26.35 26.05 26.20 
2016/11/18 26.25 26.30 26.10 26.15 
2016/11/21 26.15 26.35 26.15 26.30 
2016/11/22 26.30 26.45 26.10 26.30 
2016/11/23 26.35 26.40 26.05 26.10 
2016/11/24 26.10 26.10 26.00 26.05 
2016/11/25 26.10 26.25 26.05 26.10 
2016/11/28 26.30 26.45 26.10 26.40 
2016/11/29 26.30 26.95 26.30 26.55 
2016/11/30 26.75 27.65 26.65 27.65 
2016/12/01 27.60 27.60 27.35 27.55 
2016/12/02 27.55 27.55 27.30 27.30 
2016/12/05 27.35 27.50 26.80 27.15 
2016/12/06 27.40 27.45 26.95 27.25 
2016/12/07 27.30 27.35 26.90 27.05 
2016/12/08 27.15 27.40 27.00 27.35 
2016/12/09 27.30 27.40 27.25 27.35 
2016/12/12 27.45 27.50 26.80 26.90 
2016/12/13 26.95 27.20 26.90 27.15 
2016/12/14 27.15 27.20 26.90 26.90 
2016/12/15 26.85 27.20 26.85 27.15 
2016/12/16 27.15 27.20 26.95 27.05 
2016/12/19 27.00 27.10 26.95 27.00 
2016/12/20 27.05 27.10 26.80 26.80 
2016/12/21 26.85 27.00 26.80 26.80 
2016/12/22 26.80 26.85 26.50 26.60 
2016/12/23 26.55 26.60 26.45 26.50 
2016/12/26 26.50 26.65 26.50 26.60 
2016/12/27 26.60 26.85 26.60 26.85 
2016/12/28 26.90 26.90 26.60 26.75 
2016/12/29 26.70 26.70 26.40 26.45 
2016/12/30 26.45 26.85 26.45 26.80 
2017/01/03 26.80 26.85 26.60 26.80 
2017/01/04 26.85 26.90 26.75 26.80 
2017/01/05 26.85 27.00 26.80 26.90 
2017/01/06 27.00 27.05 26.90 27.00 
2017/01/09 26.80 27.05 26.75 26.90 
2017/01/10 26.95 27.00 26.85 26.90 
2017/01/11 26.95 27.20 26.90 27.05 
2017/01/12 27.05 27.20 26.75 26.85 
2017/01/13 26.80 27.05 26.80 27.00 
2017/01/16 27.00 27.05 26.80 26.95 
2017/01/17 26.85 27.15 26.85 27.15 
2017/01/18 27.00 27.15 26.90 27.00 
2017/01/19 27.15 27.20 26.90 27.15 
2017/01/20 27.05 27.20 27.05 27.15 
2017/01/23 27.20 27.70 27.10 27.40 
2017/01/24 27.40 27.65 27.35 27.55 
2017/02/02 27.50 27.90 27.30 27.80 
2017/02/03 27.80 27.80 27.45 27.80 
2017/02/06 27.80 28.35 27.80 27.90 
2017/02/07 28.00 28.25 27.90 28.10 
2017/02/08 28.00 28.10 27.80 27.95 
