2016/07/01 24.35 24.55 24.20 24.20 
2016/07/04 24.20 24.35 23.95 24.30 
2016/07/05 24.30 24.30 23.95 24.15 
2016/07/06 24.05 24.15 23.95 23.95 
2016/07/07 24.15 24.20 23.90 23.95 
2016/07/11 24.05 24.20 23.95 24.00 
2016/07/12 24.15 24.50 24.10 24.20 
2016/07/13 24.30 24.35 24.15 24.25 
2016/07/14 24.30 24.50 24.25 24.50 
2016/07/15 24.50 25.10 24.40 25.00 
2016/07/18 25.00 25.60 24.95 25.50 
2016/07/19 25.70 25.70 25.50 25.60 
2016/07/20 25.60 25.60 25.30 25.40 
2016/07/21 24.20 24.30 24.15 24.25 
2016/07/22 24.25 24.45 24.20 24.40 
2016/07/25 24.45 24.45 24.00 24.25 
2016/07/26 24.10 24.35 24.05 24.35 
2016/07/27 24.25 24.35 23.90 24.00 
2016/07/28 23.90 24.20 23.90 24.20 
2016/07/29 24.20 24.35 24.05 24.15 
2016/08/01 24.10 24.20 23.95 24.15 
2016/08/02 24.15 24.20 24.10 24.15 
2016/08/03 24.00 24.25 23.90 24.15 
2016/08/04 24.20 24.20 24.00 24.05 
2016/08/05 24.30 24.30 24.05 24.15 
2016/08/08 24.20 24.20 24.00 24.10 
2016/08/09 24.10 24.15 23.95 24.15 
2016/08/10 24.10 24.15 24.00 24.15 
2016/08/11 24.00 24.15 23.90 24.15 
2016/08/12 24.00 24.20 24.00 24.10 
2016/08/15 24.30 24.35 24.20 24.30 
2016/08/16 24.30 24.40 24.10 24.10 
2016/08/17 24.05 24.20 23.90 24.05 
2016/08/18 24.05 24.20 23.95 24.20 
2016/08/19 24.10 24.20 23.90 23.90 
2016/08/22 23.80 23.80 23.55 23.60 
2016/08/23 23.60 23.60 23.50 23.55 
2016/08/24 23.55 23.80 23.50 23.75 
2016/08/25 23.60 23.80 23.55 23.80 
2016/08/26 23.80 23.90 23.70 23.85 
2016/08/29 23.80 23.90 23.65 23.80 
2016/08/30 23.75 23.80 23.55 23.65 
2016/08/31 23.60 23.75 23.50 23.55 
2016/09/01 23.55 23.70 23.55 23.65 
2016/09/02 23.65 23.65 23.40 23.45 
2016/09/05 23.55 23.75 23.45 23.65 
2016/09/06 23.70 23.95 23.65 23.95 
2016/09/07 24.00 24.30 23.95 24.15 
2016/09/08 24.15 24.30 24.10 24.20 
2016/09/09 24.20 24.20 24.00 24.20 
2016/09/10 23.90 24.10 23.90 24.05 
2016/09/12 23.95 24.10 23.95 23.95 
2016/09/13 23.95 24.00 23.80 23.90 
2016/09/14 23.75 24.00 23.75 24.00 
2016/09/19 24.00 24.05 23.95 24.00 
2016/09/20 24.10 24.10 23.90 24.00 
2016/09/21 24.00 24.05 23.80 24.00 
2016/09/22 24.00 24.05 23.85 23.95 
2016/09/23 24.00 24.05 23.85 24.00 
2016/09/26 23.90 24.00 23.80 23.90 
2016/09/29 23.95 24.00 23.80 23.90 
2016/09/30 23.85 23.95 23.70 23.75 
2016/10/03 23.95 23.95 23.70 23.75 
2016/10/04 23.90 24.05 23.85 24.05 
2016/10/05 24.10 24.25 24.00 24.25 
2016/10/06 24.25 24.35 24.05 24.25 
2016/10/07 24.25 24.35 24.20 24.25 
2016/10/11 24.40 25.20 24.35 25.10 
2016/10/12 25.00 25.25 24.85 25.05 
2016/10/13 25.05 25.10 24.75 24.90 
2016/10/14 24.85 24.95 24.60 24.60 
2016/10/17 24.60 24.80 24.50 24.75 
2016/10/18 24.80 24.80 24.50 24.65 
2016/10/19 24.75 24.80 24.55 24.60 
2016/10/20 24.60 24.80 24.60 24.65 
2016/10/21 24.75 24.80 24.45 24.50 
2016/10/24 24.65 24.65 24.45 24.65 
2016/10/25 24.65 24.85 24.60 24.80 
2016/10/26 24.80 25.00 24.70 24.75 
2016/10/27 24.75 24.80 24.55 24.70 
2016/10/28 24.60 24.70 24.60 24.65 
2016/10/31 24.75 24.75 24.50 24.75 
2016/11/01 24.80 24.80 24.50 24.50 
2016/11/02 24.50 24.55 24.30 24.45 
2016/11/03 24.30 24.50 24.30 24.45 
2016/11/04 24.40 24.50 24.30 24.35 
2016/11/07 24.35 24.50 24.30 24.35 
2016/11/08 24.40 24.45 24.25 24.40 
2016/11/09 24.40 24.50 23.70 23.95 
2016/11/10 24.10 24.30 24.10 24.20 
2016/11/11 24.20 24.20 24.00 24.05 
2016/11/14 24.05 24.30 24.00 24.20 
2016/11/15 24.20 24.20 24.00 24.20 
2016/11/16 24.20 24.20 24.05 24.10 
2016/11/17 24.20 24.25 24.00 24.20 
2016/11/18 24.30 24.30 24.00 24.00 
2016/11/21 24.05 24.30 24.05 24.25 
2016/11/22 24.30 24.35 24.15 24.25 
2016/11/23 24.30 24.60 24.30 24.55 
2016/11/24 24.60 25.10 24.60 24.95 
2016/11/25 25.05 25.10 24.80 24.90 
2016/11/28 25.00 25.40 25.00 25.20 
2016/11/29 25.35 26.15 25.30 25.95 
2016/11/30 26.05 27.00 26.05 26.80 
2016/12/01 26.80 27.25 26.65 26.70 
2016/12/02 26.75 26.95 26.70 26.75 
2016/12/05 26.75 27.15 26.30 26.85 
2016/12/06 26.85 27.15 26.85 27.05 
2016/12/07 27.15 27.50 26.95 27.20 
2016/12/08 27.20 27.30 27.10 27.20 
2016/12/09 27.20 27.25 27.05 27.20 
2016/12/12 27.00 27.00 26.55 26.60 
2016/12/13 26.70 26.85 26.60 26.80 
2016/12/14 26.80 26.85 26.70 26.70 
2016/12/15 26.80 26.85 26.60 26.70 
2016/12/16 26.70 26.90 26.60 26.70 
2016/12/19 26.85 27.00 26.70 26.85 
2016/12/20 26.95 26.95 26.50 26.75 
2016/12/21 26.75 26.80 26.70 26.75 
2016/12/22 26.75 26.85 26.50 26.70 
2016/12/23 26.70 26.70 26.45 26.50 
2016/12/26 26.50 26.65 26.20 26.55 
2016/12/27 26.70 26.70 26.50 26.55 
2016/12/28 26.75 26.75 26.40 26.55 
2016/12/29 26.50 26.50 26.20 26.20 
2016/12/30 26.20 26.35 26.10 26.20 
2017/01/03 26.25 26.35 26.05 26.25 
2017/01/04 26.50 26.75 26.15 26.75 
2017/01/05 26.75 26.85 26.55 26.80 
2017/01/06 26.80 26.80 26.60 26.80 
2017/01/09 26.80 26.85 26.60 26.80 
2017/01/10 26.65 27.10 26.60 27.05 
2017/01/11 27.05 28.30 27.05 28.05 
2017/01/12 27.95 28.50 27.90 28.15 
2017/01/13 28.10 28.30 27.90 28.20 
2017/01/16 28.20 28.40 27.60 28.25 
2017/01/17 28.00 28.35 28.00 28.35 
2017/01/18 28.30 28.75 28.20 28.75 
2017/01/19 28.75 28.90 28.50 28.75 
2017/01/20 28.70 28.75 28.55 28.55 
2017/01/23 28.50 28.55 28.30 28.40 
2017/01/24 28.40 28.75 28.30 28.65 
2017/02/02 29.35 29.50 28.70 29.20 
2017/02/03 29.15 29.15 28.50 28.90 
2017/02/06 28.90 29.00 28.30 28.60 
2017/02/07 28.50 28.50 28.15 28.40 
2017/02/08 28.35 28.60 28.25 28.55 
