2016/07/01 20.85 20.95 20.75 20.85 
2016/07/04 20.95 20.95 20.70 20.70 
2016/07/05 20.80 20.80 20.50 20.55 
2016/07/06 20.55 20.60 20.35 20.45 
2016/07/07 20.50 20.60 20.35 20.55 
2016/07/11 20.65 20.70 20.50 20.65 
2016/07/12 20.70 20.70 20.40 20.40 
2016/07/13 20.40 20.60 20.40 20.55 
2016/07/14 20.50 20.65 20.50 20.65 
2016/07/15 20.85 20.85 20.65 20.75 
2016/07/18 20.80 21.10 20.75 21.10 
2016/07/19 21.25 21.35 21.05 21.30 
2016/07/20 21.30 21.45 21.15 21.35 
2016/07/21 21.50 21.50 21.25 21.40 
2016/07/22 21.45 21.60 21.30 21.55 
2016/07/25 21.55 21.65 21.30 21.45 
2016/07/26 21.45 21.60 21.25 21.50 
2016/07/27 21.50 21.55 21.40 21.50 
2016/07/28 21.50 21.65 21.45 21.55 
2016/07/29 21.60 21.90 21.50 21.70 
2016/08/01 21.75 21.75 21.55 21.75 
2016/08/02 21.75 21.90 21.65 21.75 
2016/08/03 21.55 21.70 21.55 21.65 
2016/08/04 21.75 21.75 21.55 21.55 
2016/08/05 21.55 21.70 21.55 21.65 
2016/08/08 21.80 21.80 21.60 21.65 
2016/08/09 21.60 21.60 21.50 21.60 
2016/08/10 21.75 21.80 21.60 21.60 
2016/08/11 21.60 21.80 21.60 21.75 
2016/08/12 21.75 23.90 21.75 23.85 
2016/08/15 23.60 23.60 22.95 23.20 
2016/08/16 23.20 23.35 22.25 22.60 
2016/08/17 22.70 23.50 22.25 23.25 
2016/08/18 23.15 23.45 22.90 22.90 
2016/08/19 23.00 23.45 22.85 22.95 
2016/08/22 22.90 23.10 22.65 22.75 
2016/08/23 22.80 23.00 22.70 22.95 
2016/08/24 23.30 23.30 22.85 22.85 
2016/08/25 22.85 22.95 22.55 22.70 
2016/08/26 22.70 22.85 22.70 22.70 
2016/08/29 22.75 22.80 22.50 22.50 
2016/08/30 21.80 22.30 21.80 21.80 
2016/08/31 21.90 21.95 21.80 21.80 
2016/09/01 21.80 21.80 21.45 21.55 
2016/09/02 21.60 21.60 21.40 21.45 
2016/09/05 21.50 21.75 21.40 21.45 
2016/09/06 21.50 21.70 21.50 21.70 
2016/09/07 21.70 21.80 21.65 21.70 
2016/09/08 21.80 21.80 21.55 21.70 
2016/09/09 21.70 21.75 21.55 21.70 
2016/09/10 21.50 21.60 21.25 21.25 
2016/09/12 21.45 21.45 21.20 21.20 
2016/09/13 21.30 21.30 20.90 21.15 
2016/09/14 21.10 21.40 20.75 21.40 
2016/09/19 21.40 21.50 21.05 21.05 
2016/09/20 21.25 21.30 21.10 21.10 
2016/09/21 21.10 21.20 20.80 21.10 
2016/09/22 21.25 21.25 21.00 21.25 
2016/09/23 21.30 21.30 21.05 21.05 
2016/09/26 21.05 21.10 20.95 20.95 
2016/09/29 21.00 21.15 20.85 20.95 
2016/09/30 20.95 21.00 20.80 20.80 
2016/10/03 20.85 21.00 20.85 20.85 
2016/10/04 21.20 21.20 20.95 21.20 
2016/10/05 21.20 21.25 21.05 21.25 
2016/10/06 21.25 21.30 21.20 21.25 
2016/10/07 21.35 21.35 21.00 21.10 
2016/10/11 21.10 21.25 20.85 21.15 
2016/10/12 20.95 21.05 20.60 20.80 
2016/10/13 20.80 20.90 20.75 20.90 
2016/10/14 20.95 20.95 20.70 20.75 
2016/10/17 20.75 20.85 20.55 20.80 
2016/10/18 20.60 20.85 20.45 20.70 
2016/10/19 20.60 20.80 20.55 20.60 
2016/10/20 20.60 20.70 20.15 20.20 
2016/10/21 20.20 20.30 20.00 20.00 
2016/10/24 20.15 20.35 20.05 20.25 
2016/10/25 20.25 20.30 20.05 20.10 
2016/10/26 20.10 20.25 20.10 20.25 
2016/10/27 20.30 20.30 20.00 20.30 
2016/10/28 20.30 20.30 20.15 20.15 
2016/10/31 20.15 20.30 20.05 20.20 
2016/11/01 20.20 20.25 20.10 20.25 
2016/11/02 20.20 20.25 20.00 20.05 
2016/11/03 20.10 20.15 20.00 20.05 
2016/11/04 20.10 20.15 20.00 20.10 
2016/11/07 20.10 20.15 20.05 20.10 
2016/11/08 20.15 20.20 20.00 20.05 
2016/11/09 20.10 20.15 20.00 20.05 
2016/11/10 20.05 20.15 20.00 20.05 
2016/11/11 20.25 20.40 20.10 20.15 
2016/11/14 20.05 20.20 20.00 20.05 
2016/11/15 20.05 20.20 20.00 20.10 
2016/11/16 20.10 20.20 20.00 20.05 
2016/11/17 20.05 20.15 20.05 20.05 
2016/11/18 20.05 20.20 20.00 20.20 
2016/11/21 20.25 20.50 20.25 20.40 
2016/11/22 20.45 20.50 20.30 20.35 
2016/11/23 20.45 20.45 20.25 20.35 
2016/11/24 20.35 20.45 20.25 20.25 
2016/11/25 20.25 20.35 20.25 20.25 
2016/11/28 20.30 20.35 20.20 20.20 
2016/11/29 20.20 20.50 20.20 20.45 
2016/11/30 20.45 21.05 20.40 21.05 
2016/12/01 21.40 21.50 20.80 20.80 
2016/12/02 20.80 21.80 20.70 21.35 
2016/12/05 21.40 21.45 21.15 21.20 
2016/12/06 21.30 21.45 21.30 21.35 
2016/12/07 21.50 21.50 20.90 20.95 
2016/12/08 21.10 21.15 20.95 20.95 
2016/12/09 21.00 21.10 20.80 21.00 
2016/12/12 20.70 20.85 20.50 20.70 
2016/12/13 20.75 20.85 20.55 20.85 
2016/12/14 20.95 21.00 20.80 20.85 
2016/12/15 20.85 21.25 20.85 21.20 
2016/12/16 21.30 21.30 21.05 21.05 
2016/12/19 20.80 21.00 20.80 20.85 
2016/12/20 21.00 21.05 20.90 21.00 
2016/12/21 21.25 21.30 21.15 21.20 
2016/12/22 21.25 21.25 21.05 21.05 
2016/12/23 21.25 21.25 20.80 20.85 
2016/12/26 20.85 20.90 20.60 20.75 
2016/12/27 20.80 20.80 20.55 20.55 
2016/12/28 20.55 20.80 20.55 20.80 
2016/12/29 20.85 20.85 20.70 20.75 
2016/12/30 20.80 20.80 20.65 20.70 
2017/01/03 20.75 20.80 20.60 20.60 
2017/01/04 20.90 20.90 20.60 20.60 
2017/01/05 20.60 20.70 20.55 20.65 
2017/01/06 20.70 20.70 20.55 20.60 
2017/01/09 20.65 20.70 20.55 20.55 
2017/01/10 20.60 20.65 20.55 20.55 
2017/01/11 20.90 20.90 20.60 20.75 
2017/01/12 20.75 20.80 20.50 20.55 
2017/01/13 20.55 20.60 20.40 20.60 
2017/01/16 20.65 20.65 20.40 20.40 
2017/01/17 20.40 20.45 20.30 20.45 
2017/01/18 20.45 20.45 20.35 20.45 
2017/01/19 20.35 20.40 20.25 20.30 
2017/01/20 20.30 20.50 20.20 20.35 
2017/01/23 20.50 20.50 20.25 20.30 
2017/01/24 20.45 20.50 20.30 20.50 
2017/02/02 20.50 20.75 20.50 20.65 
2017/02/03 20.70 20.80 20.65 20.65 
2017/02/06 20.75 21.00 20.70 20.85 
2017/02/07 20.95 20.95 20.70 20.80 
2017/02/08 20.80 20.85 20.60 20.70 
