2016/07/01 317.50 323.50 316.00 319.50 
2016/07/04 323.00 326.00 320.50 324.00 
2016/07/05 320.50 326.00 319.00 321.00 
2016/07/06 321.50 321.50 310.00 310.00 
2016/07/07 315.00 315.50 311.00 313.00 
2016/07/11 318.00 321.50 316.50 319.50 
2016/07/12 318.00 323.00 317.00 319.00 
2016/07/13 324.00 324.00 320.50 323.50 
2016/07/14 323.50 324.00 322.00 323.50 
2016/07/15 323.50 329.50 323.50 329.50 
2016/07/18 318.00 326.00 318.00 324.50 
2016/07/19 326.00 329.00 321.00 329.00 
2016/07/20 323.50 329.00 323.50 328.00 
2016/07/21 329.00 336.00 329.00 334.50 
2016/07/22 334.50 334.50 325.50 326.00 
2016/07/25 329.50 340.00 325.00 327.00 
2016/07/26 327.00 331.00 327.00 330.50 
2016/07/27 331.00 333.00 328.50 329.00 
2016/07/28 328.50 330.00 326.00 328.50 
2016/07/29 326.50 330.00 320.00 320.00 
2016/08/01 323.00 329.00 321.00 325.50 
2016/08/02 328.00 328.50 323.00 326.00 
2016/08/03 320.50 323.00 311.00 323.00 
2016/08/04 321.00 325.00 315.50 322.50 
2016/08/05 324.00 327.00 321.50 327.00 
2016/08/08 329.00 329.50 325.00 329.50 
2016/08/09 323.00 330.00 323.00 329.50 
2016/08/10 329.00 332.00 327.00 332.00 
2016/08/11 332.00 334.00 326.00 334.00 
2016/08/12 337.00 340.00 335.50 335.50 
2016/08/15 335.50 343.00 333.50 343.00 
2016/08/16 345.00 347.50 340.00 347.50 
2016/08/17 347.50 347.50 343.50 347.50 
2016/08/18 345.00 350.00 343.50 348.50 
2016/08/19 348.50 352.50 345.50 346.50 
2016/08/22 342.00 347.50 340.00 342.50 
2016/08/23 342.00 349.50 341.00 349.00 
2016/08/24 348.50 351.00 346.50 348.00 
2016/08/25 349.00 350.00 347.00 350.00 
2016/08/26 350.00 350.00 348.00 350.00 
2016/08/29 349.50 350.00 341.00 350.00 
2016/08/30 351.00 365.00 351.00 362.00 
2016/08/31 370.00 370.00 351.00 351.00 
2016/09/01 352.00 359.00 347.00 358.00 
2016/09/02 361.00 361.00 351.50 355.50 
2016/09/05 356.50 361.00 354.50 359.00 
2016/09/06 359.00 365.00 356.00 365.00 
2016/09/07 368.00 376.00 364.00 375.50 
2016/09/08 377.00 377.00 371.00 372.00 
2016/09/09 368.00 373.50 365.50 372.00 
2016/09/10 365.00 367.00 363.50 363.50 
2016/09/12 360.00 360.00 350.00 350.50 
2016/09/13 350.50 357.00 346.00 355.50 
2016/09/14 351.00 353.50 347.50 348.50 
2016/09/19 349.00 356.00 349.00 352.50 
2016/09/20 355.00 355.00 349.50 353.00 
2016/09/21 355.00 355.50 349.50 355.00 
2016/09/22 357.00 358.00 352.00 355.00 
2016/09/23 356.00 362.50 356.00 361.50 
2016/09/26 359.00 361.50 353.00 353.00 
2016/09/29 359.00 365.50 359.00 365.00 
2016/09/30 363.00 368.00 358.00 366.50 
2016/10/03 366.50 368.50 361.00 361.00 
2016/10/04 366.50 368.50 363.00 368.50 
2016/10/05 363.00 370.00 363.00 366.00 
2016/10/06 368.50 368.50 363.50 366.00 
2016/10/07 365.00 368.50 361.00 368.00 
2016/10/11 376.00 376.50 368.00 372.00 
2016/10/12 371.00 372.50 368.00 370.00 
2016/10/13 369.00 369.00 360.50 363.50 
2016/10/14 363.50 368.00 360.50 367.50 
2016/10/17 366.50 366.50 360.50 361.00 
2016/10/18 364.00 372.00 361.00 371.50 
2016/10/19 372.00 374.00 368.50 369.50 
2016/10/20 371.00 371.50 365.00 367.50 
2016/10/21 369.00 369.00 364.50 366.50 
2016/10/24 367.00 368.00 363.00 363.00 
2016/10/25 363.00 368.00 363.00 367.50 
2016/10/26 368.00 370.50 364.00 370.00 
2016/10/27 368.00 369.00 363.50 366.50 
2016/10/28 365.00 368.50 364.50 367.50 
2016/10/31 363.50 368.50 362.00 367.50 
2016/11/01 364.50 368.50 364.50 367.50 
2016/11/02 365.00 366.50 362.00 363.50 
2016/11/03 362.50 366.00 360.50 360.50 
2016/11/04 358.00 361.00 357.00 359.50 
2016/11/07 358.50 366.00 358.50 364.50 
2016/11/08 366.50 369.00 364.50 369.00 
2016/11/09 369.00 373.00 357.00 357.50 
2016/11/10 365.00 367.50 364.50 367.00 
2016/11/11 360.50 364.50 357.00 357.00 
2016/11/14 357.00 357.50 350.00 350.50 
2016/11/15 354.50 357.00 350.00 350.00 
2016/11/16 354.50 354.50 348.00 348.00 
2016/11/17 350.00 353.00 344.00 353.00 
2016/11/18 348.00 350.00 346.00 346.00 
2016/11/21 347.00 352.50 345.00 352.00 
2016/11/22 350.00 364.00 350.00 363.00 
2016/11/23 364.50 367.00 362.00 366.50 
2016/11/24 366.50 366.50 361.00 364.00 
2016/11/25 364.00 368.00 364.00 366.00 
2016/11/28 365.50 367.50 364.50 366.00 
2016/11/29 366.00 367.00 360.00 360.00 
2016/11/30 362.50 366.50 360.50 366.50 
2016/12/01 366.00 367.00 364.50 366.50 
2016/12/02 363.50 367.50 362.50 367.00 
2016/12/05 366.00 366.00 362.00 362.00 
2016/12/06 366.50 369.00 363.50 365.50 
2016/12/07 367.50 369.50 367.00 367.00 
2016/12/08 370.50 371.50 366.50 371.50 
2016/12/09 371.50 374.50 371.00 372.00 
2016/12/12 372.00 374.50 370.00 371.00 
2016/12/13 368.50 373.50 368.50 372.00 
2016/12/14 372.00 372.50 368.50 370.00 
2016/12/15 367.00 369.00 366.50 367.00 
2016/12/16 367.00 367.00 363.50 363.50 
2016/12/19 363.50 365.50 361.00 361.00 
2016/12/20 364.00 364.00 361.00 361.00 
2016/12/21 362.00 367.00 362.00 366.00 
2016/12/22 364.00 364.00 361.00 361.50 
2016/12/23 360.50 362.00 360.00 360.50 
2016/12/26 364.50 364.50 356.00 358.50 
2016/12/27 358.50 362.50 358.50 359.50 
2016/12/28 362.00 364.00 360.50 363.00 
2016/12/29 361.00 362.00 358.50 359.00 
2016/12/30 362.00 370.00 362.00 369.00 
2017/01/03 370.00 370.00 364.00 364.50 
2017/01/04 367.50 367.50 362.00 366.00 
2017/01/05 366.00 366.00 362.50 365.00 
2017/01/06 365.00 365.50 362.50 365.50 
2017/01/09 366.50 366.50 363.00 364.00 
2017/01/10 365.50 366.00 361.50 366.00 
2017/01/11 366.50 367.00 362.00 365.00 
2017/01/12 367.00 367.00 363.50 367.00 
2017/01/13 367.50 367.50 365.00 367.00 
2017/01/16 367.00 367.50 360.50 363.00 
2017/01/17 363.00 367.00 363.00 367.00 
2017/01/18 366.50 366.50 361.00 362.50 
2017/01/19 364.50 364.50 357.00 360.00 
2017/01/20 361.00 361.50 355.00 356.00 
2017/01/23 357.50 359.00 355.00 357.00 
2017/01/24 359.00 363.00 358.00 358.00 
2017/02/02 362.50 363.00 347.00 348.00 
2017/02/03 350.50 354.00 350.00 352.50 
2017/02/06 353.00 353.00 349.00 349.00 
2017/02/07 348.00 354.00 348.00 354.00 
2017/02/08 354.50 354.50 345.00 352.00 
