2016/07/01 15.25 15.25 15.15 15.20 
2016/07/04 15.20 15.20 15.10 15.20 
2016/07/05 15.00 15.30 15.00 15.25 
2016/07/06 15.15 15.30 15.10 15.25 
2016/07/07 15.20 15.25 15.15 15.25 
2016/07/11 14.85 14.95 14.75 14.85 
2016/07/12 14.75 15.10 14.75 14.85 
2016/07/13 14.90 14.95 14.85 14.95 
2016/07/14 14.95 14.95 14.80 14.85 
2016/07/15 14.85 15.00 14.80 14.85 
2016/07/18 14.80 14.85 14.70 14.75 
2016/07/19 14.80 14.85 14.70 14.80 
2016/07/20 14.80 14.85 14.70 14.80 
2016/07/21 14.90 14.90 14.80 14.80 
2016/07/22 14.70 14.85 14.70 14.75 
2016/07/25 14.70 14.85 14.70 14.75 
2016/07/26 14.75 14.80 14.65 14.70 
2016/07/27 14.95 14.95 14.70 14.75 
2016/07/28 14.75 14.80 14.65 14.80 
2016/07/29 14.80 14.85 14.75 14.75 
2016/08/01 14.75 15.20 14.75 15.05 
2016/08/02 15.20 15.55 15.15 15.50 
2016/08/03 15.40 15.50 15.25 15.35 
2016/08/04 15.40 15.40 15.15 15.20 
2016/08/05 15.20 15.35 15.20 15.25 
2016/08/08 15.30 15.35 15.05 15.10 
2016/08/09 15.05 15.05 14.95 15.00 
2016/08/10 15.00 15.05 14.95 15.00 
2016/08/11 14.95 15.00 14.80 15.00 
2016/08/12 14.90 15.05 14.85 14.85 
2016/08/15 14.85 14.90 14.80 14.85 
2016/08/16 14.85 14.95 14.80 14.80 
2016/08/17 14.90 14.95 14.75 14.95 
2016/08/18 14.80 14.90 14.75 14.80 
2016/08/19 14.75 14.90 14.70 14.75 
2016/08/22 14.70 14.80 14.60 14.75 
2016/08/23 14.65 14.85 14.65 14.75 
2016/08/24 14.70 14.80 14.70 14.80 
2016/08/25 14.80 14.80 14.65 14.80 
2016/08/26 14.90 14.90 14.80 14.90 
2016/08/29 15.00 15.00 14.80 14.95 
2016/08/30 14.95 15.00 14.85 14.90 
2016/08/31 14.80 15.00 14.80 15.00 
2016/09/01 14.95 14.95 14.85 14.90 
2016/09/02 14.80 15.00 14.80 14.90 
2016/09/05 14.85 14.95 14.80 14.90 
2016/09/06 14.90 14.90 14.75 14.80 
2016/09/07 14.45 14.60 14.40 14.45 
2016/09/08 14.35 14.50 14.20 14.35 
2016/09/09 14.30 14.35 14.20 14.30 
2016/09/10 14.20 14.30 14.20 14.25 
2016/09/12 14.25 14.30 14.05 14.15 
2016/09/13 14.15 14.20 13.85 13.95 
2016/09/14 14.00 14.10 13.95 14.10 
2016/09/19 13.75 14.00 13.65 13.90 
2016/09/20 13.85 13.90 13.60 13.65 
2016/09/21 13.65 13.65 13.45 13.65 
2016/09/22 13.65 13.80 13.65 13.75 
2016/09/23 13.75 13.90 13.75 13.80 
2016/09/26 13.80 13.90 13.65 13.75 
2016/09/29 13.75 13.80 13.65 13.80 
2016/09/30 13.80 13.80 13.50 13.55 
2016/10/03 13.60 13.65 13.50 13.50 
2016/10/04 13.50 13.65 13.50 13.60 
2016/10/05 13.50 13.60 13.45 13.60 
2016/10/06 13.55 13.60 13.45 13.50 
2016/10/07 13.50 13.60 13.30 13.40 
2016/10/11 13.40 13.45 13.20 13.20 
2016/10/12 13.20 13.20 13.10 13.15 
2016/10/13 13.05 13.15 13.05 13.15 
2016/10/14 13.15 13.30 13.10 13.30 
2016/10/17 13.30 13.35 13.10 13.25 
2016/10/18 13.25 13.35 13.15 13.25 
2016/10/19 13.25 13.40 13.25 13.40 
2016/10/20 13.40 13.50 13.35 13.50 
2016/10/21 13.50 13.50 13.35 13.35 
2016/10/24 13.35 13.40 13.25 13.40 
2016/10/25 13.45 13.45 13.25 13.40 
2016/10/26 13.40 13.40 13.25 13.30 
2016/10/27 13.40 13.40 13.10 13.10 
2016/10/28 13.10 13.20 13.10 13.20 
2016/10/31 13.10 13.20 13.10 13.10 
2016/11/01 13.10 13.25 13.10 13.15 
2016/11/02 13.20 13.25 13.05 13.05 
2016/11/03 13.10 13.20 13.00 13.10 
2016/11/04 13.00 13.10 13.00 13.00 
2016/11/07 12.95 13.10 12.95 13.05 
2016/11/08 13.00 13.10 13.00 13.00 
2016/11/09 13.05 13.10 12.65 12.70 
2016/11/10 12.75 13.05 12.75 12.80 
2016/11/11 12.70 12.80 12.60 12.80 
2016/11/14 12.80 12.95 12.70 12.85 
2016/11/15 12.90 12.95 12.75 12.75 
2016/11/16 12.80 12.95 12.70 12.70 
2016/11/17 12.70 12.80 12.65 12.75 
2016/11/18 12.80 13.40 12.80 13.35 
2016/11/21 13.30 13.60 13.30 13.45 
2016/11/22 13.55 13.60 13.40 13.40 
2016/11/23 13.45 13.50 13.25 13.30 
2016/11/24 13.30 13.30 13.15 13.25 
2016/11/25 13.30 13.40 13.20 13.20 
2016/11/28 13.20 13.30 13.15 13.20 
2016/11/29 13.20 13.25 13.15 13.25 
2016/11/30 13.15 13.40 13.15 13.40 
2016/12/01 13.40 13.45 13.20 13.25 
2016/12/02 13.25 13.25 13.10 13.20 
2016/12/05 13.20 13.20 13.00 13.00 
2016/12/06 12.90 13.10 12.90 13.10 
2016/12/07 13.10 13.20 13.05 13.05 
2016/12/08 13.10 13.15 13.00 13.15 
2016/12/09 13.10 13.15 13.05 13.15 
2016/12/12 13.10 13.20 13.00 13.05 
2016/12/13 13.05 13.10 12.85 13.00 
2016/12/14 12.90 13.15 12.90 13.00 
2016/12/15 13.00 13.10 13.00 13.00 
2016/12/16 13.00 13.10 12.85 12.90 
2016/12/19 13.00 13.00 12.90 13.00 
2016/12/20 13.00 13.10 12.90 13.05 
2016/12/21 13.05 13.15 13.00 13.05 
2016/12/22 13.05 13.35 13.05 13.30 
2016/12/23 13.55 14.30 13.55 14.10 
2016/12/26 14.45 14.60 14.10 14.20 
2016/12/27 14.20 14.20 13.70 14.00 
2016/12/28 14.00 14.15 14.00 14.05 
2016/12/29 14.00 14.00 13.85 13.85 
2016/12/30 13.90 13.95 13.70 13.80 
2017/01/03 13.85 13.95 13.75 13.85 
2017/01/04 13.95 13.95 13.75 13.80 
2017/01/05 13.80 13.90 13.70 13.70 
2017/01/06 13.80 13.80 13.55 13.65 
2017/01/09 13.65 13.70 13.50 13.55 
2017/01/10 13.50 13.75 13.45 13.75 
2017/01/11 13.80 13.85 13.65 13.75 
2017/01/12 13.80 13.80 13.65 13.75 
2017/01/13 13.75 13.80 13.55 13.70 
2017/01/16 13.70 13.75 13.60 13.65 
2017/01/17 13.70 13.75 13.60 13.65 
2017/01/18 13.80 13.80 13.55 13.70 
2017/01/19 13.70 13.80 13.60 13.75 
2017/01/20 13.80 13.85 13.70 13.80 
2017/01/23 13.80 13.85 13.75 13.85 
2017/01/24 13.85 13.90 13.80 13.85 
2017/02/02 13.90 13.95 13.85 13.90 
2017/02/03 13.90 13.95 13.80 13.90 
2017/02/06 13.95 13.95 13.80 13.90 
2017/02/07 13.90 14.00 13.80 13.95 
2017/02/08 13.90 13.95 13.85 13.95 
