2016/07/01 16.50 16.65 16.50 16.65 
2016/07/04 16.90 17.45 16.90 17.30 
2016/07/05 17.40 17.45 17.10 17.10 
2016/07/06 17.15 17.15 16.80 17.10 
2016/07/07 17.00 17.00 16.85 16.90 
2016/07/11 16.80 16.85 16.80 16.80 
2016/07/12 17.20 17.20 16.90 17.00 
2016/07/13 17.10 17.70 17.10 17.30 
2016/07/14 17.55 17.75 17.25 17.35 
2016/07/15 17.50 17.50 17.05 17.05 
2016/07/18 17.05 17.30 17.05 17.05 
2016/07/19 17.10 17.20 17.05 17.20 
2016/07/20 17.20 17.20 16.85 16.85 
2016/07/21 16.90 17.05 16.80 17.05 
2016/07/22 17.00 17.20 17.00 17.05 
2016/07/25 17.15 18.75 17.15 18.75 
2016/07/26 18.70 18.70 18.10 18.30 
2016/07/27 18.15 18.30 17.80 18.20 
2016/07/28 17.95 18.10 17.65 17.65 
2016/07/29 17.70 17.95 17.70 17.75 
2016/08/01 17.85 17.85 17.60 17.65 
2016/08/02 17.80 18.10 17.75 18.10 
2016/08/03 17.90 18.20 17.80 17.90 
2016/08/04 17.95 18.95 17.90 18.30 
2016/08/05 18.25 18.60 18.25 18.40 
2016/08/08 18.55 18.55 18.30 18.30 
2016/08/09 18.25 18.50 17.95 18.10 
2016/08/10 18.20 18.20 17.95 18.05 
2016/08/11 18.00 18.00 17.80 18.00 
2016/08/12 18.00 18.05 17.95 17.95 
2016/08/15 17.65 18.10 17.30 17.60 
2016/08/16 18.00 18.00 17.70 17.70 
2016/08/17 17.90 18.45 17.85 17.95 
2016/08/18 17.95 18.70 17.95 18.35 
2016/08/19 18.60 18.65 17.90 17.90 
2016/08/22 18.05 18.05 17.90 18.05 
2016/08/23 18.00 18.05 17.95 17.95 
2016/08/24 18.00 18.15 18.00 18.10 
2016/08/25 18.10 18.15 17.80 18.00 
2016/08/26 17.20 17.25 17.05 17.20 
2016/08/29 17.10 17.20 17.00 17.05 
2016/08/30 17.40 17.40 16.95 16.95 
2016/08/31 17.10 17.25 17.00 17.10 
2016/09/01 17.10 17.10 16.80 16.85 
2016/09/02 16.75 16.85 16.70 16.80 
2016/09/05 17.00 17.05 16.80 16.80 
2016/09/06 16.90 16.95 16.70 16.95 
2016/09/07 16.95 17.30 16.95 17.15 
2016/09/08 17.00 17.05 17.00 17.05 
2016/09/09 17.00 17.20 16.95 17.10 
2016/09/10 17.15 17.30 17.00 17.15 
2016/09/12 17.15 17.15 17.00 17.15 
2016/09/13 17.15 17.15 16.90 17.00 
2016/09/14 16.90 17.15 16.90 17.15 
2016/09/19 17.20 17.20 17.05 17.10 
2016/09/20 17.10 17.15 16.95 17.05 
2016/09/21 17.00 17.15 16.90 17.05 
2016/09/22 17.00 17.25 17.00 17.05 
2016/09/23 17.20 17.35 17.15 17.15 
2016/09/26 17.25 17.25 17.00 17.05 
2016/09/29 17.05 17.30 17.00 17.05 
2016/09/30 16.95 17.10 16.95 17.10 
2016/10/03 17.10 17.10 17.05 17.05 
2016/10/04 17.00 17.30 16.95 17.15 
2016/10/05 17.20 17.25 17.10 17.10 
2016/10/06 17.25 17.25 17.10 17.10 
2016/10/07 17.10 17.10 17.00 17.00 
2016/10/11 17.00 17.00 16.55 16.60 
2016/10/12 16.25 17.00 16.25 16.70 
2016/10/13 16.80 16.85 16.65 16.85 
2016/10/14 17.10 17.15 16.75 16.80 
2016/10/17 16.80 16.90 16.80 16.90 
2016/10/18 16.90 16.95 16.85 16.95 
2016/10/19 16.95 17.00 16.90 17.00 
2016/10/20 17.00 17.85 17.00 17.25 
2016/10/21 17.25 17.30 17.20 17.25 
2016/10/24 17.25 17.25 17.25 17.25 
2016/10/25 17.20 17.20 17.05 17.05 
2016/10/26 17.00 17.40 17.00 17.20 
2016/10/27 17.20 17.20 16.90 17.15 
2016/10/28 17.15 17.15 17.10 17.10 
2016/10/31 17.10 17.30 17.10 17.10 
2016/11/01 17.00 17.10 17.00 17.10 
2016/11/02 17.00 17.00 16.80 16.95 
2016/11/03 16.95 17.00 16.80 16.95 
2016/11/04 16.80 17.00 16.80 16.95 
2016/11/07 17.15 17.40 17.15 17.15 
2016/11/08 17.20 17.20 16.90 17.00 
2016/11/09 17.05 17.05 16.40 16.40 
2016/11/10 16.90 17.10 16.80 16.90 
2016/11/11 16.90 17.50 16.90 17.10 
2016/11/14 17.30 17.30 17.00 17.00 
2016/11/15 16.85 18.30 16.85 17.50 
2016/11/16 17.35 17.45 17.20 17.20 
2016/11/17 17.30 17.50 17.05 17.05 
2016/11/18 17.05 17.50 17.05 17.15 
2016/11/21 17.35 17.35 17.05 17.05 
2016/11/22 17.10 17.40 17.10 17.15 
2016/11/23 17.30 18.85 17.30 18.50 
2016/11/24 18.40 18.50 17.90 18.00 
2016/11/25 17.80 18.30 17.55 17.55 
2016/11/28 17.60 18.00 17.55 17.70 
2016/11/29 17.65 17.65 17.40 17.55 
2016/11/30 17.55 17.75 17.35 17.55 
2016/12/01 17.55 17.55 17.30 17.30 
2016/12/02 17.30 17.50 17.30 17.45 
2016/12/05 17.35 17.35 17.15 17.30 
2016/12/06 17.40 17.45 17.25 17.25 
2016/12/07 17.25 17.40 17.25 17.40 
2016/12/08 17.65 17.65 17.35 17.40 
2016/12/09 17.40 18.35 17.30 18.35 
2016/12/12 19.00 20.10 18.50 19.00 
2016/12/13 19.30 19.75 18.90 19.10 
2016/12/14 19.25 19.30 18.55 18.70 
2016/12/15 18.70 18.95 18.50 18.95 
2016/12/16 19.00 20.45 19.00 20.35 
2016/12/19 20.70 22.30 20.70 21.60 
2016/12/20 21.60 22.55 21.20 21.75 
2016/12/21 21.50 22.20 21.25 21.25 
2016/12/22 22.85 23.30 21.70 22.30 
2016/12/23 22.10 22.50 20.95 21.50 
2016/12/26 21.60 22.15 21.35 22.00 
2016/12/27 21.90 22.10 21.60 21.80 
2016/12/28 21.90 23.00 21.40 21.50 
2016/12/29 21.60 21.60 20.70 21.00 
2016/12/30 21.30 21.30 20.75 20.95 
2017/01/03 21.20 21.45 20.95 21.05 
2017/01/04 21.15 21.85 21.00 21.50 
2017/01/05 21.60 22.40 21.35 21.40 
2017/01/06 21.65 21.75 21.00 21.40 
2017/01/09 21.40 21.40 20.65 21.30 
2017/01/10 21.35 22.25 21.30 21.80 
2017/01/11 21.80 22.55 21.55 21.55 
2017/01/12 21.55 21.95 21.50 21.65 
2017/01/13 21.50 21.85 21.25 21.80 
2017/01/16 21.80 21.85 21.20 21.30 
2017/01/17 21.35 21.35 20.10 20.30 
2017/01/18 20.10 20.15 19.15 19.15 
2017/01/19 19.35 20.05 19.25 19.70 
2017/01/20 19.65 19.90 19.40 19.50 
2017/01/23 19.50 19.70 19.45 19.50 
2017/01/24 19.60 19.95 19.45 19.55 
2017/02/02 19.90 19.90 19.40 19.65 
2017/02/03 19.65 21.60 19.65 21.60 
2017/02/06 21.65 21.65 21.10 21.10 
2017/02/07 21.30 21.55 21.10 21.10 
2017/02/08 21.35 21.35 20.85 20.85 
