2016/07/01 199.50 202.00 198.50 199.00 
2016/07/04 199.00 201.00 199.00 200.50 
2016/07/05 200.50 201.00 199.00 200.00 
2016/07/06 200.00 200.00 197.00 198.00 
2016/07/07 198.00 199.50 197.00 197.50 
2016/07/11 199.00 199.50 198.00 199.00 
2016/07/12 201.00 201.00 199.00 200.00 
2016/07/13 202.00 202.00 199.00 199.50 
2016/07/14 199.50 203.50 199.00 202.50 
2016/07/15 204.00 208.00 203.00 207.00 
2016/07/18 209.00 213.50 209.00 211.50 
2016/07/19 213.50 213.50 209.00 211.00 
2016/07/20 209.00 211.50 207.50 210.00 
2016/07/21 210.00 213.50 210.00 211.00 
2016/07/22 212.00 212.00 210.50 210.50 
2016/07/25 211.50 212.50 207.00 208.00 
2016/07/26 207.00 209.50 206.50 209.00 
2016/07/27 210.00 212.00 210.00 210.00 
2016/07/28 211.00 211.50 209.00 210.00 
2016/07/29 209.50 210.00 207.00 207.50 
2016/08/01 207.50 209.50 207.50 208.00 
2016/08/02 208.50 211.00 208.00 210.50 
2016/08/03 211.00 211.00 208.50 209.00 
2016/08/04 210.00 212.00 209.50 211.00 
2016/08/05 211.50 216.00 211.50 214.00 
2016/08/08 216.00 218.00 215.50 217.00 
2016/08/09 217.50 218.00 214.50 216.50 
2016/08/10 216.50 217.00 215.00 216.00 
2016/08/11 215.50 216.00 212.50 215.50 
2016/08/12 217.50 217.50 215.50 216.50 
2016/08/15 215.00 217.50 215.00 217.00 
2016/08/16 217.00 217.00 214.00 216.50 
2016/08/17 215.00 217.00 214.50 216.50 
2016/08/18 214.50 218.00 214.50 217.00 
2016/08/19 215.50 218.00 215.50 217.00 
2016/08/22 216.50 216.50 215.00 215.50 
2016/08/23 217.50 217.50 215.00 215.50 
2016/08/24 216.00 218.50 215.50 218.50 
2016/08/25 206.50 207.50 205.00 206.00 
2016/08/26 207.00 208.00 206.50 207.50 
2016/08/29 207.50 207.50 203.50 205.00 
2016/08/30 206.00 206.00 204.00 205.50 
2016/08/31 205.50 206.00 204.50 205.00 
2016/09/01 205.00 205.00 203.00 203.50 
2016/09/02 203.50 203.50 202.00 202.00 
2016/09/05 202.00 203.50 202.00 202.50 
2016/09/06 202.50 203.50 202.00 203.00 
2016/09/07 203.00 206.00 202.00 205.00 
2016/09/08 204.00 206.00 203.50 205.50 
2016/09/09 206.00 206.00 204.50 205.50 
2016/09/10 203.00 204.00 203.00 203.50 
2016/09/12 203.00 203.00 201.50 201.50 
2016/09/13 201.50 204.50 201.50 201.50 
2016/09/14 201.50 201.50 201.00 201.50 
2016/09/19 204.00 204.00 202.50 202.50 
2016/09/20 202.50 203.00 202.00 203.00 
2016/09/21 204.00 210.00 203.50 208.50 
2016/09/22 209.00 212.00 207.00 207.00 
2016/09/23 209.50 209.50 208.00 208.00 
2016/09/26 210.00 210.00 207.00 207.50 
2016/09/29 209.50 209.50 207.50 208.50 
2016/09/30 209.00 209.00 206.00 208.00 
2016/10/03 208.00 209.00 205.50 205.50 
2016/10/04 208.00 208.00 206.00 207.00 
2016/10/05 207.50 208.00 206.50 207.00 
2016/10/06 208.50 208.50 206.50 207.00 
2016/10/07 207.00 209.00 207.00 208.00 
2016/10/11 208.00 208.50 205.50 206.50 
2016/10/12 206.00 206.50 206.00 206.00 
2016/10/13 206.00 206.00 204.00 204.50 
2016/10/14 204.50 204.50 203.00 203.00 
2016/10/17 202.00 204.00 201.50 202.50 
2016/10/18 205.00 205.00 201.50 203.00 
2016/10/19 203.00 203.50 203.00 203.00 
2016/10/20 202.50 203.00 202.00 202.50 
2016/10/21 205.00 205.00 198.50 198.50 
2016/10/24 200.00 201.00 198.50 198.50 
2016/10/25 198.50 201.00 198.50 200.50 
2016/10/26 200.00 201.00 199.50 200.00 
2016/10/27 200.00 201.00 199.50 199.50 
2016/10/28 199.50 200.50 198.50 199.00 
2016/10/31 199.00 199.00 199.00 199.00 
2016/11/01 199.00 201.00 199.00 200.50 
2016/11/02 200.00 200.00 198.00 198.00 
2016/11/03 197.50 198.00 196.50 196.50 
2016/11/04 196.00 196.00 195.50 195.50 
2016/11/07 197.00 198.00 197.00 197.00 
2016/11/08 199.00 199.00 197.00 198.00 
2016/11/09 197.00 197.00 193.50 194.00 
2016/11/10 198.50 198.50 195.50 196.00 
2016/11/11 196.50 196.50 194.50 194.50 
2016/11/14 195.00 195.00 191.00 194.00 
2016/11/15 195.00 195.50 193.00 195.00 
2016/11/16 195.50 195.50 194.00 195.00 
2016/11/17 197.00 197.00 194.50 196.50 
2016/11/18 198.50 198.50 195.50 196.50 
2016/11/21 198.00 198.00 195.50 196.00 
2016/11/22 195.50 198.00 195.50 197.50 
2016/11/23 197.50 198.00 196.50 197.00 
2016/11/24 196.50 197.50 196.50 197.00 
2016/11/25 198.00 198.00 197.50 197.50 
2016/11/28 197.50 198.50 196.00 197.50 
2016/11/29 197.50 198.50 197.50 198.00 
2016/11/30 198.00 200.00 198.00 200.00 
2016/12/01 200.00 200.00 198.50 199.00 
2016/12/02 199.00 199.00 197.00 197.00 
2016/12/05 195.50 196.50 195.00 196.00 
2016/12/06 196.00 198.00 196.00 196.50 
2016/12/07 197.50 197.50 196.00 197.50 
2016/12/08 200.00 200.00 198.00 198.50 
2016/12/09 199.00 199.00 198.00 198.50 
2016/12/12 198.00 199.00 197.00 197.00 
2016/12/13 196.00 196.50 196.00 196.50 
2016/12/14 196.50 197.00 196.50 197.00 
2016/12/15 197.00 197.00 196.00 196.50 
2016/12/16 196.50 197.50 196.00 197.50 
2016/12/19 197.50 198.50 196.00 196.50 
2016/12/20 196.00 196.00 195.00 195.50 
2016/12/21 196.00 197.00 196.00 197.00 
2016/12/22 195.00 197.50 195.00 196.50 
2016/12/23 195.00 196.00 195.00 196.00 
2016/12/26 196.00 197.00 196.00 196.50 
2016/12/27 196.00 196.00 194.00 195.50 
2016/12/28 195.00 196.50 195.00 196.50 
2016/12/29 196.50 196.50 195.00 195.50 
2016/12/30 195.50 197.00 195.00 196.50 
2017/01/03 196.50 199.00 196.50 198.00 
2017/01/04 198.00 199.00 198.00 198.50 
2017/01/05 198.00 199.50 197.50 199.00 
2017/01/06 199.00 199.50 198.50 199.00 
2017/01/09 199.00 199.00 197.00 197.50 
2017/01/10 197.50 197.50 196.00 197.00 
2017/01/11 197.50 198.00 195.50 195.50 
2017/01/12 196.00 198.00 196.00 197.00 
2017/01/13 198.00 198.50 197.50 198.00 
2017/01/16 197.50 197.50 196.00 196.50 
2017/01/17 197.00 197.00 197.00 197.00 
2017/01/18 196.00 198.50 195.50 198.00 
2017/01/19 199.00 199.00 196.00 197.00 
2017/01/20 196.00 197.50 196.00 196.00 
2017/01/23 197.50 197.50 196.00 196.50 
2017/01/24 197.50 198.00 196.50 198.00 
2017/02/02 200.00 200.00 197.00 198.00 
2017/02/03 198.00 199.00 197.00 197.00 
2017/02/06 197.00 199.00 197.00 197.50 
2017/02/07 197.50 199.50 197.50 198.50 
2017/02/08 198.50 200.00 198.00 200.00 
