2016/07/01 364.50 365.00 360.00 360.00 
2016/07/04 359.50 361.50 356.50 358.50 
2016/07/05 360.50 361.00 354.00 356.00 
2016/07/06 354.00 356.00 350.00 354.00 
2016/07/07 358.00 358.50 348.50 354.00 
2016/07/11 355.00 355.00 347.50 348.50 
2016/07/12 355.00 365.00 355.00 364.00 
2016/07/13 362.00 370.00 361.50 366.00 
2016/07/14 370.00 374.00 366.00 366.50 
2016/07/15 367.00 373.00 366.00 366.50 
2016/07/18 367.50 370.00 366.00 368.50 
2016/07/19 370.00 378.00 365.00 373.50 
2016/07/20 375.00 382.00 373.00 382.00 
2016/07/21 386.00 389.00 382.50 385.00 
2016/07/22 388.00 392.50 385.00 392.00 
2016/07/25 395.00 396.00 382.50 385.50 
2016/07/26 385.50 389.00 380.00 385.00 
2016/07/27 385.00 395.00 385.00 391.50 
2016/07/28 392.00 398.50 392.00 395.50 
2016/07/29 396.00 396.50 386.50 386.50 
2016/08/01 387.50 393.00 387.00 389.50 
2016/08/02 385.00 394.50 385.00 392.50 
2016/08/03 382.00 382.00 376.00 380.00 
2016/08/04 383.00 394.00 380.00 392.50 
2016/08/05 393.50 396.00 390.00 392.50 
2016/08/08 395.50 396.00 384.00 390.00 
2016/08/09 394.00 394.00 380.00 381.00 
2016/08/10 385.00 388.00 381.00 384.50 
2016/08/11 385.00 385.50 378.00 379.00 
2016/08/12 379.00 383.00 378.50 381.00 
2016/08/15 381.00 384.00 381.00 382.50 
2016/08/16 383.50 386.00 381.00 381.50 
2016/08/17 385.00 394.00 384.00 387.00 
2016/08/18 389.00 389.00 383.00 384.50 
2016/08/19 387.00 388.00 379.50 379.50 
2016/08/22 380.00 381.50 377.00 379.50 
2016/08/23 380.00 383.50 380.00 383.50 
2016/08/24 386.00 390.00 382.00 385.00 
2016/08/25 390.00 394.00 390.00 390.50 
2016/08/26 389.00 392.00 386.50 387.00 
2016/08/29 387.00 387.50 383.50 385.00 
2016/08/30 387.50 391.00 385.00 387.50 
2016/08/31 385.00 386.00 375.50 379.00 
2016/09/01 378.50 384.00 377.50 382.50 
2016/09/02 383.00 383.00 376.50 376.50 
2016/09/05 377.50 384.50 377.50 379.50 
2016/09/06 381.00 384.50 381.00 383.50 
2016/09/07 383.50 389.00 383.50 386.50 
2016/09/08 388.50 392.00 386.50 386.50 
2016/09/09 387.00 389.00 383.00 384.00 
2016/09/10 381.00 385.00 380.00 385.00 
2016/09/12 382.00 383.00 377.00 377.50 
2016/09/13 384.00 384.00 370.50 373.00 
2016/09/14 365.00 368.00 348.00 363.00 
2016/09/19 357.00 362.50 353.00 358.00 
2016/09/20 358.00 362.00 351.00 352.50 
2016/09/21 354.50 354.50 341.50 346.00 
2016/09/22 350.00 351.00 344.00 344.00 
2016/09/23 346.00 356.50 345.50 352.00 
2016/09/26 350.00 354.50 344.50 347.00 
2016/09/29 347.00 349.50 342.00 343.00 
2016/09/30 345.00 348.50 342.50 344.00 
2016/10/03 349.00 352.00 346.00 350.00 
2016/10/04 353.00 353.50 347.00 347.50 
2016/10/05 343.00 344.00 333.00 343.00 
2016/10/06 314.50 318.00 313.50 315.00 
2016/10/07 319.00 322.00 311.00 311.00 
2016/10/11 313.00 315.50 312.50 314.00 
2016/10/12 314.00 318.00 312.00 316.00 
2016/10/13 316.00 317.00 309.00 310.50 
2016/10/14 306.50 312.00 306.50 308.50 
2016/10/17 308.50 312.00 308.00 308.00 
2016/10/18 306.00 312.00 306.00 311.50 
2016/10/19 311.50 312.00 305.50 307.00 
2016/10/20 307.50 316.00 307.50 313.00 
2016/10/21 313.50 317.00 311.00 316.00 
2016/10/24 316.00 317.50 311.00 312.00 
2016/10/25 314.50 314.50 309.00 309.00 
2016/10/26 308.00 310.50 306.50 307.00 
2016/10/27 307.50 312.50 307.50 308.50 
2016/10/28 308.00 308.00 301.00 301.50 
2016/10/31 300.00 301.00 286.00 290.00 
2016/11/01 285.00 292.00 285.00 287.00 
2016/11/02 287.00 287.00 266.50 270.50 
2016/11/03 270.50 272.00 252.00 269.00 
2016/11/04 269.00 275.00 266.00 271.50 
2016/11/07 273.00 273.00 259.50 265.50 
2016/11/08 265.50 274.50 253.50 273.50 
2016/11/09 270.00 275.50 257.50 257.50 
2016/11/10 265.00 269.00 252.50 265.50 
2016/11/11 262.00 262.50 256.00 259.50 
2016/11/14 258.00 260.50 253.50 255.00 
2016/11/15 255.00 261.00 246.00 258.00 
2016/11/16 256.00 265.00 255.50 255.50 
2016/11/17 254.00 254.00 245.50 246.00 
2016/11/18 246.00 252.00 241.00 248.50 
2016/11/21 247.50 250.00 239.50 242.00 
2016/11/22 243.00 251.00 236.50 249.50 
2016/11/23 249.50 259.50 246.50 256.50 
2016/11/24 256.50 259.50 255.50 257.00 
2016/11/25 255.00 262.50 255.00 258.50 
2016/11/28 259.00 284.00 259.00 278.00 
2016/11/29 277.00 278.00 268.00 270.00 
2016/11/30 269.00 275.00 264.00 264.00 
2016/12/01 264.50 269.00 264.50 268.00 
2016/12/02 265.00 267.50 260.00 260.00 
2016/12/05 261.00 273.50 260.50 269.00 
2016/12/06 270.00 280.00 270.00 277.00 
2016/12/07 279.00 279.50 264.00 264.00 
2016/12/08 267.50 269.50 261.50 263.50 
2016/12/09 263.50 266.00 254.00 259.00 
2016/12/12 262.00 263.00 255.50 256.00 
2016/12/13 256.00 259.00 243.50 245.00 
2016/12/14 248.00 257.50 245.50 253.00 
2016/12/15 253.00 258.50 249.00 255.00 
2016/12/16 256.00 257.50 253.00 254.50 
2016/12/19 255.00 258.00 250.50 250.50 
2016/12/20 250.50 252.00 244.00 248.00 
2016/12/21 249.50 252.50 248.00 250.00 
2016/12/22 248.50 257.00 248.50 250.00 
2016/12/23 252.00 253.00 250.00 250.00 
2016/12/26 250.00 252.00 246.00 246.00 
2016/12/27 249.50 249.50 245.00 246.50 
2016/12/28 246.50 250.50 246.50 247.50 
2016/12/29 251.00 253.50 248.50 250.00 
2016/12/30 253.00 253.00 250.50 251.50 
2017/01/03 252.00 262.00 252.00 257.50 
2017/01/04 258.50 261.50 256.50 256.50 
2017/01/05 256.50 258.50 256.50 256.50 
2017/01/06 258.50 261.00 256.50 257.50 
2017/01/09 258.00 261.00 252.50 253.50 
2017/01/10 252.50 255.00 252.50 253.00 
2017/01/11 253.00 254.00 246.00 248.00 
2017/01/12 248.00 250.00 243.50 248.00 
2017/01/13 247.50 249.00 242.00 244.50 
2017/01/16 244.00 250.50 243.00 248.00 
2017/01/17 246.50 251.00 246.50 248.50 
2017/01/18 248.00 248.50 246.00 247.00 
2017/01/19 250.00 251.50 248.50 249.00 
2017/01/20 250.00 252.00 247.00 247.00 
2017/01/23 248.50 251.50 248.50 250.00 
2017/01/24 247.00 249.50 245.00 247.00 
2017/02/02 247.00 248.50 246.50 247.50 
2017/02/03 247.50 260.00 247.50 259.00 
2017/02/06 260.00 268.00 260.00 263.00 
2017/02/07 265.50 267.50 261.00 262.00 
2017/02/08 265.00 266.00 262.50 263.50 
