2016/07/01 77.80 81.00 77.80 80.80 
2016/07/04 80.80 83.70 79.80 83.70 
2016/07/05 83.20 84.60 81.50 81.80 
2016/07/06 82.30 83.50 81.30 81.80 
2016/07/07 82.00 83.30 81.70 83.30 
2016/07/11 84.00 84.00 82.50 83.30 
2016/07/12 83.30 84.50 82.40 83.50 
2016/07/13 83.70 84.20 82.90 83.80 
2016/07/14 83.30 85.70 83.30 84.40 
2016/07/15 84.50 85.40 82.60 83.00 
2016/07/18 83.00 83.10 81.70 82.60 
2016/07/19 82.60 83.00 82.00 82.90 
2016/07/20 82.50 83.80 82.50 82.70 
2016/07/21 83.00 84.00 83.00 83.90 
2016/07/22 83.90 83.90 82.50 83.10 
2016/07/25 82.70 83.50 82.40 82.90 
2016/07/26 82.10 84.60 82.10 83.70 
2016/07/27 83.90 84.40 83.00 83.30 
2016/07/28 83.00 84.80 83.00 84.80 
2016/07/29 84.70 84.70 83.50 84.10 
2016/08/01 84.00 84.20 83.50 84.00 
2016/08/02 84.00 85.70 83.00 83.40 
2016/08/03 83.00 83.00 81.60 82.10 
2016/08/04 82.50 82.70 81.30 81.60 
2016/08/05 81.60 82.50 81.50 81.90 
2016/08/08 81.90 82.50 80.80 81.00 
2016/08/09 80.70 81.40 79.10 81.10 
2016/08/10 81.10 81.30 80.30 81.20 
2016/08/11 81.20 81.70 80.50 81.20 
2016/08/12 80.90 81.70 80.80 80.90 
2016/08/15 81.80 81.80 80.80 80.90 
2016/08/16 81.00 81.20 80.50 80.70 
2016/08/17 81.80 81.80 79.80 80.50 
2016/08/18 81.10 82.10 81.10 82.10 
2016/08/19 82.20 83.30 81.10 81.10 
2016/08/22 81.00 81.00 79.90 80.10 
2016/08/23 80.80 80.80 79.80 80.10 
2016/08/24 80.10 80.70 78.00 78.40 
2016/08/25 78.40 79.20 78.40 78.40 
2016/08/26 78.60 79.50 78.60 78.60 
2016/08/29 78.10 78.20 77.50 77.60 
2016/08/30 77.60 79.30 77.60 79.20 
2016/08/31 79.20 79.20 78.00 78.70 
2016/09/01 78.00 78.50 77.60 77.60 
2016/09/02 77.60 78.50 77.20 77.60 
2016/09/05 78.10 78.70 77.80 78.00 
2016/09/06 78.10 80.40 78.00 79.80 
2016/09/07 80.30 80.40 79.20 79.70 
2016/09/08 79.80 80.70 79.70 80.30 
2016/09/09 81.00 84.30 80.40 83.70 
2016/09/10 82.90 84.00 81.60 83.10 
2016/09/12 84.00 85.40 83.00 83.00 
2016/09/13 81.20 82.00 79.50 79.80 
2016/09/14 80.10 80.40 75.00 75.00 
2016/09/19 76.50 78.70 76.50 78.30 
2016/09/20 78.00 81.20 77.90 81.00 
2016/09/21 81.50 82.20 80.20 81.80 
2016/09/22 82.60 82.70 82.00 82.40 
2016/09/23 82.80 83.50 82.40 83.50 
2016/09/26 83.50 83.50 81.30 81.30 
2016/09/29 82.80 82.80 80.80 81.50 
2016/09/30 81.50 81.50 80.40 81.50 
2016/10/03 81.50 82.70 81.50 82.30 
2016/10/04 82.30 82.80 82.10 82.80 
2016/10/05 82.50 83.80 82.00 83.00 
2016/10/06 84.00 84.40 83.20 84.30 
2016/10/07 84.30 84.50 82.30 82.50 
2016/10/11 83.50 85.40 82.00 82.70 
2016/10/12 83.20 85.80 83.00 83.60 
2016/10/13 84.00 86.40 84.00 85.60 
2016/10/14 87.00 89.90 86.20 87.00 
2016/10/17 88.70 88.70 86.00 87.50 
2016/10/18 87.50 90.90 86.50 90.70 
2016/10/19 92.00 94.30 88.60 89.00 
2016/10/20 89.70 90.50 88.60 88.80 
2016/10/21 89.00 89.40 86.20 86.30 
2016/10/24 86.60 87.30 85.10 85.40 
2016/10/25 85.50 86.50 84.90 85.20 
2016/10/26 84.80 86.40 83.30 84.00 
2016/10/27 84.60 85.90 84.20 84.30 
2016/10/28 85.60 85.70 82.30 82.60 
2016/10/31 82.60 82.60 80.80 81.40 
2016/11/01 81.40 83.30 81.10 83.00 
2016/11/02 82.60 82.60 77.30 78.00 
2016/11/03 77.50 79.00 77.50 78.70 
2016/11/04 78.60 79.90 78.40 79.80 
2016/11/07 80.70 80.70 79.10 80.70 
2016/11/08 81.30 84.50 80.80 84.50 
2016/11/09 84.50 85.30 80.80 81.10 
2016/11/10 83.50 85.00 82.90 83.70 
2016/11/11 83.70 85.00 83.00 83.90 
2016/11/14 84.60 84.70 82.50 83.90 
2016/11/15 84.10 85.50 84.00 84.40 
2016/11/16 84.80 85.10 83.60 83.60 
2016/11/17 83.60 84.00 82.30 82.60 
2016/11/18 82.80 83.20 82.60 82.90 
2016/11/21 82.80 83.60 81.40 81.60 
2016/11/22 82.10 82.40 81.10 81.10 
2016/11/23 81.50 82.90 81.40 82.80 
2016/11/24 83.60 84.20 83.40 83.50 
2016/11/25 83.50 84.60 83.50 84.40 
2016/11/28 84.50 86.30 84.50 84.80 
2016/11/29 85.20 85.60 84.90 85.20 
2016/11/30 85.30 85.80 84.90 85.10 
2016/12/01 85.20 89.40 85.20 88.10 
2016/12/02 88.20 88.50 86.00 86.10 
2016/12/05 86.80 88.60 86.00 86.20 
2016/12/06 86.90 89.30 86.90 89.10 
2016/12/07 89.90 92.90 89.80 90.20 
2016/12/08 91.00 92.20 90.90 91.20 
2016/12/09 91.50 91.90 90.20 91.30 
2016/12/12 91.60 92.80 90.70 91.10 
2016/12/13 91.50 93.20 91.00 91.70 
2016/12/14 92.40 92.40 90.20 90.60 
2016/12/15 90.20 91.50 89.30 90.30 
2016/12/16 90.50 91.20 88.70 88.70 
2016/12/19 88.70 90.10 87.90 89.90 
2016/12/20 90.00 92.80 90.00 91.50 
2016/12/21 91.90 93.70 91.80 92.00 
2016/12/22 91.50 91.80 90.20 90.50 
2016/12/23 90.00 91.70 90.00 91.10 
2016/12/26 91.10 91.50 90.30 91.50 
2016/12/27 91.50 93.80 91.50 92.80 
2016/12/28 93.90 96.10 93.90 95.40 
2016/12/29 94.70 97.10 94.20 96.00 
2016/12/30 96.30 97.70 95.20 97.70 
2017/01/03 98.50 99.50 97.00 97.00 
2017/01/04 97.50 97.70 95.00 96.50 
2017/01/05 96.60 96.60 92.60 94.50 
2017/01/06 94.40 96.60 92.60 96.00 
2017/01/09 96.50 96.50 92.70 94.60 
2017/01/10 94.90 95.60 94.30 94.30 
2017/01/11 95.40 96.40 94.30 95.80 
2017/01/12 96.10 99.00 95.50 95.80 
2017/01/13 96.50 96.50 94.60 94.80 
2017/01/16 94.60 95.50 92.60 94.40 
2017/01/17 93.50 94.80 93.50 94.50 
2017/01/18 94.10 94.40 93.50 93.60 
2017/01/19 93.70 94.00 92.70 92.90 
2017/01/20 93.00 93.00 91.70 91.90 
2017/01/23 92.00 94.00 91.90 93.50 
2017/01/24 93.50 93.50 92.60 93.00 
2017/02/02 93.30 93.70 92.00 92.00 
2017/02/03 92.20 95.20 91.60 95.00 
2017/02/06 98.00 104.00 97.10 101.00 
2017/02/07 102.00 104.50 99.80 100.50 
2017/02/08 101.50 106.50 100.00 105.00 
