2016/07/01 128.50 129.50 128.50 129.50 
2016/07/04 129.50 130.00 129.50 129.50 
2016/07/05 129.00 129.50 128.50 129.50 
2016/07/06 128.00 129.50 128.00 129.50 
2016/07/07 129.50 129.50 128.00 129.50 
2016/07/11 129.00 130.00 128.00 130.00 
2016/07/12 125.50 126.50 125.00 126.00 
2016/07/13 125.00 125.50 123.50 125.50 
2016/07/14 124.00 125.50 124.00 125.50 
2016/07/15 124.50 125.50 123.50 124.50 
2016/07/18 124.50 124.50 123.00 124.00 
2016/07/19 123.00 124.00 122.50 124.00 
2016/07/20 123.00 123.00 123.00 123.00 
2016/07/21 123.00 123.50 123.00 123.00 
2016/07/22 123.00 123.00 122.00 122.50 
2016/07/25 121.50 122.50 120.00 122.00 
2016/07/26 122.00 122.00 120.00 121.00 
2016/07/27 121.00 121.00 119.00 120.00 
2016/07/28 117.50 118.50 116.00 118.50 
2016/07/29 118.50 118.50 117.00 118.00 
2016/08/01 118.00 120.00 117.50 117.50 
2016/08/02 117.00 117.50 116.50 117.00 
2016/08/03 116.00 119.00 114.00 119.00 
2016/08/04 119.00 119.50 118.00 119.50 
2016/08/05 119.50 121.00 119.00 120.00 
2016/08/08 120.50 120.50 118.50 119.00 
2016/08/09 120.00 120.00 118.00 119.00 
2016/08/10 119.00 119.00 117.50 118.00 
2016/08/11 115.00 120.00 115.00 120.00 
2016/08/12 120.00 120.50 120.00 120.00 
2016/08/15 118.00 122.00 118.00 120.50 
2016/08/16 120.00 122.00 120.00 120.50 
2016/08/17 119.00 122.00 119.00 122.00 
2016/08/18 121.50 122.00 121.00 122.00 
2016/08/19 122.50 122.50 121.00 121.00 
2016/08/22 120.00 121.00 119.00 121.00 
2016/08/23 122.50 122.50 121.00 122.00 
2016/08/24 123.00 127.00 123.00 127.00 
2016/08/25 127.00 127.00 125.50 125.50 
2016/08/26 125.50 125.50 125.50 125.50 
2016/08/29 125.00 125.50 124.50 125.00 
2016/08/30 125.00 125.00 125.00 125.00 
2016/08/31 125.00 125.00 124.50 125.00 
2016/09/01 126.50 126.50 125.00 125.00 
2016/09/02 125.00 125.00 124.00 125.00 
2016/09/05 124.50 125.00 124.50 125.00 
2016/09/06 125.50 126.00 124.00 124.00 
2016/09/07 123.50 124.00 120.00 124.00 
2016/09/08 125.00 125.00 125.00 125.00 
2016/09/09 125.00 125.00 125.00 125.00 
2016/09/10 123.50 125.00 123.00 125.00 
2016/09/12 124.50 124.50 124.50 124.50 
2016/09/13 125.50 125.50 122.50 124.50 
2016/09/14 124.50 124.50 124.50 124.50 
2016/09/19 124.50 125.00 124.50 125.00 
2016/09/20 125.00 125.00 124.00 125.00 
2016/09/21 125.00 125.50 124.00 125.50 
2016/09/22 125.00 125.50 124.00 124.50 
2016/09/23 124.00 124.00 124.00 124.00 
2016/09/26 123.50 124.50 123.50 124.50 
2016/09/29 125.00 125.50 124.50 125.00 
2016/09/30 127.00 127.00 125.00 125.00 
2016/10/03 125.00 125.00 125.00 125.00 
2016/10/04 122.50 125.00 122.50 125.00 
2016/10/05 123.00 123.50 123.00 123.50 
2016/10/06 123.50 124.00 123.50 124.00 
2016/10/07 123.50 124.50 123.50 124.50 
2016/10/11 121.00 124.50 121.00 124.50 
2016/10/12 123.50 124.50 123.50 124.50 
2016/10/13 123.00 124.50 123.00 124.50 
2016/10/14 123.00 123.00 118.00 123.00 
2016/10/18 121.00 121.00 121.00 121.00 
2016/10/19 120.50 121.00 120.50 120.50 
2016/10/20 120.00 120.50 120.00 120.50 
2016/10/21 120.00 120.50 120.00 120.00 
2016/10/24 120.00 120.50 119.00 120.50 
2016/10/25 120.50 121.00 119.00 121.00 
2016/10/26 121.00 121.50 119.50 121.50 
2016/10/27 119.50 120.50 119.50 120.50 
2016/10/31 120.00 124.00 118.00 119.50 
2016/11/01 120.00 120.00 117.00 119.00 
2016/11/02 117.00 117.50 115.50 117.00 
2016/11/03 115.50 116.00 114.50 116.00 
2016/11/07 116.00 116.00 115.00 115.50 
2016/11/08 115.00 115.00 114.00 114.50 
2016/11/09 110.00 113.00 110.00 113.00 
2016/11/10 113.00 113.50 113.00 113.00 
2016/11/11 108.00 112.00 107.00 111.50 
2016/11/14 110.00 110.00 108.00 108.50 
2016/11/15 108.50 108.50 106.50 108.50 
2016/11/16 108.50 109.00 107.00 108.50 
2016/11/17 108.50 110.00 108.50 110.00 
2016/11/18 110.00 110.00 110.00 110.00 
2016/11/21 110.00 110.00 110.00 110.00 
2016/11/22 110.00 111.00 109.00 110.00 
2016/11/23 110.00 110.00 110.00 110.00 
2016/11/24 111.00 112.00 111.00 112.00 
2016/11/25 112.00 112.00 112.00 112.00 
2016/11/28 109.00 112.00 109.00 112.00 
2016/11/29 110.50 112.00 110.00 111.50 
2016/11/30 110.00 111.50 109.50 111.50 
2016/12/01 112.00 112.50 108.50 108.50 
2016/12/02 108.50 108.50 108.00 108.50 
2016/12/05 116.50 116.50 106.50 108.00 
2016/12/06 109.00 109.00 109.00 109.00 
2016/12/07 107.50 109.50 107.00 109.00 
2016/12/09 107.00 107.00 102.00 106.00 
2016/12/12 105.00 105.00 101.00 101.00 
2016/12/13 101.00 101.00 100.00 101.00 
2016/12/14 101.00 102.00 100.00 102.00 
2016/12/15 102.00 103.00 100.00 103.00 
2016/12/16 102.00 104.00 102.00 104.00 
2016/12/19 103.00 105.00 103.00 105.00 
2016/12/20 104.00 105.00 103.00 105.00 
2016/12/21 104.00 104.00 103.50 104.00 
2016/12/22 104.00 107.00 104.00 106.50 
2016/12/23 106.00 106.50 106.00 106.50 
2016/12/26 106.50 112.00 106.50 110.50 
2016/12/27 110.50 111.50 110.50 111.00 
2016/12/28 111.00 116.00 111.00 114.00 
2016/12/29 116.00 123.00 115.00 123.00 
2016/12/30 124.50 128.50 123.00 123.00 
2017/01/03 123.00 123.50 119.50 121.00 
2017/01/04 121.00 121.00 119.50 121.00 
2017/01/05 121.00 121.00 121.00 121.00 
2017/01/06 120.00 120.00 118.50 119.00 
2017/01/09 117.00 119.00 116.00 117.00 
2017/01/10 114.50 117.00 114.50 116.00 
2017/01/11 115.00 118.00 114.00 115.00 
2017/01/12 115.50 115.50 114.00 114.00 
2017/01/13 116.00 116.00 113.00 114.50 
2017/01/16 114.50 117.50 114.50 117.00 
2017/01/17 118.00 120.00 118.00 119.00 
2017/01/18 119.00 121.00 119.00 121.00 
2017/01/19 121.00 121.00 119.00 119.50 
2017/01/20 120.00 123.00 118.50 121.50 
2017/01/23 121.50 121.50 119.00 120.00 
2017/01/24 120.00 120.00 120.00 120.00 
2017/02/02 120.00 120.50 119.50 119.50 
2017/02/03 120.00 120.00 119.00 120.00 
2017/02/07 119.00 119.00 117.00 119.00 
2017/02/08 119.00 123.00 119.00 120.50 
