2016/07/01 165.00 165.00 163.00 164.50 
2016/07/04 165.00 165.50 163.50 164.00 
2016/07/05 163.00 165.00 163.00 165.00 
2016/07/06 163.50 164.00 162.00 163.00 
2016/07/07 164.00 166.00 163.00 166.00 
2016/07/11 166.00 168.00 165.00 166.00 
2016/07/12 167.00 167.00 165.00 165.00 
2016/07/13 166.00 166.00 164.50 164.50 
2016/07/14 165.00 165.50 164.00 165.00 
2016/07/15 165.00 167.50 164.50 167.00 
2016/07/18 167.00 168.00 164.50 165.00 
2016/07/19 166.00 166.00 163.50 163.50 
2016/07/20 164.00 164.50 162.50 164.50 
2016/07/21 164.00 164.50 163.00 164.50 
2016/07/22 164.00 164.00 162.50 164.00 
2016/07/25 165.50 172.00 165.00 171.00 
2016/07/26 169.50 170.00 167.00 167.50 
2016/07/27 168.00 173.50 167.50 170.50 
2016/07/28 170.00 170.00 168.00 169.50 
2016/07/29 170.00 170.00 167.50 170.00 
2016/08/01 170.00 173.50 170.00 172.50 
2016/08/02 176.00 180.00 176.00 176.00 
2016/08/03 175.00 176.00 173.50 174.50 
2016/08/04 175.00 191.50 175.00 191.50 
2016/08/05 193.50 203.50 193.00 200.00 
2016/08/08 208.00 208.00 197.50 198.00 
2016/08/09 200.50 216.00 198.00 216.00 
2016/08/10 213.00 215.50 206.50 211.50 
2016/08/11 211.50 219.00 193.50 198.00 
2016/08/12 203.50 205.00 197.50 198.00 
2016/08/15 202.00 213.00 197.00 206.50 
2016/08/16 208.50 218.00 206.50 217.00 
2016/08/17 220.00 227.50 215.00 220.00 
2016/08/18 224.00 228.00 217.00 223.00 
2016/08/19 223.00 226.00 210.00 210.00 
2016/08/22 208.00 209.00 198.50 203.50 
2016/08/23 206.00 207.50 203.50 205.00 
2016/08/24 208.50 211.50 205.00 205.00 
2016/08/25 206.00 208.00 202.00 207.00 
2016/08/26 208.00 209.50 205.00 206.00 
2016/08/29 204.00 211.50 203.00 207.00 
2016/08/30 210.00 213.50 207.00 210.00 
2016/08/31 210.00 211.00 205.50 206.50 
2016/09/01 207.50 210.50 197.50 199.00 
2016/09/02 199.00 201.00 191.00 191.00 
2016/09/05 194.00 200.50 194.00 199.00 
2016/09/06 200.50 208.00 200.00 203.00 
2016/09/07 203.00 207.50 198.00 205.00 
2016/09/08 205.00 206.50 202.00 204.00 
2016/09/09 204.00 204.50 200.50 200.50 
2016/09/10 204.50 206.50 201.50 201.50 
2016/09/12 202.50 205.00 199.00 199.00 
2016/09/13 206.00 206.00 198.00 199.50 
2016/09/14 198.50 201.00 198.00 199.00 
2016/09/19 200.50 203.00 200.00 200.00 
2016/09/20 200.00 215.00 200.00 212.50 
2016/09/21 214.00 214.50 209.00 210.50 
2016/09/22 213.00 215.50 210.50 215.00 
2016/09/23 216.00 218.00 212.00 213.50 
2016/09/26 215.00 215.00 209.00 209.50 
2016/09/29 211.00 211.00 203.00 204.50 
2016/09/30 205.00 206.50 204.00 204.00 
2016/10/03 208.00 208.00 204.00 205.00 
2016/10/04 205.00 206.50 200.00 200.50 
2016/10/05 201.00 202.50 198.00 199.00 
2016/10/06 200.00 202.00 199.00 201.00 
2016/10/07 203.00 203.00 195.00 197.50 
2016/10/11 194.00 196.50 178.00 186.00 
2016/10/12 186.50 189.50 183.00 187.50 
2016/10/13 188.50 189.50 185.00 185.00 
2016/10/14 185.00 187.00 183.50 186.00 
2016/10/17 184.00 185.50 178.00 180.00 
2016/10/18 178.50 183.00 178.50 180.50 
2016/10/19 182.50 183.00 180.50 180.50 
2016/10/20 182.00 183.00 180.50 180.50 
2016/10/21 180.00 180.00 176.00 177.50 
2016/10/24 180.50 183.00 179.00 182.00 
2016/10/25 184.50 184.50 180.00 180.50 
2016/10/26 181.50 182.00 178.00 178.00 
2016/10/27 179.00 181.00 179.00 179.50 
2016/10/28 179.50 179.50 174.50 174.50 
2016/10/31 173.50 182.00 173.00 181.50 
2016/11/01 180.00 182.50 178.50 182.50 
2016/11/02 180.50 180.50 174.50 174.50 
2016/11/03 177.50 177.50 168.50 170.50 
2016/11/04 168.00 171.50 166.50 170.00 
2016/11/07 169.50 172.00 169.00 170.00 
2016/11/08 171.00 171.00 165.50 167.50 
2016/11/09 169.50 176.00 168.00 169.00 
2016/11/10 173.50 183.00 173.00 174.50 
2016/11/11 174.50 176.50 172.50 172.50 
2016/11/14 174.00 174.50 168.50 171.50 
2016/11/15 171.00 172.00 170.00 170.50 
2016/11/16 171.00 172.50 170.00 171.00 
2016/11/17 170.50 178.00 170.50 176.00 
2016/11/18 175.50 182.00 175.00 179.50 
2016/11/21 178.50 181.00 177.50 177.50 
2016/11/22 178.00 180.50 177.50 178.50 
2016/11/23 180.00 180.00 175.50 176.00 
2016/11/24 176.50 178.00 176.00 176.00 
2016/11/25 176.00 177.50 175.00 176.00 
2016/11/28 176.00 176.00 175.00 175.00 
2016/11/29 174.50 177.50 174.50 175.50 
2016/11/30 175.50 176.50 175.00 176.00 
2016/12/01 177.50 177.50 175.00 175.00 
2016/12/02 175.00 175.00 174.00 174.00 
2016/12/05 174.00 179.50 173.50 178.50 
2016/12/06 178.50 180.00 177.00 180.00 
2016/12/07 180.00 180.00 177.50 178.00 
2016/12/08 179.00 180.00 178.00 178.50 
2016/12/09 178.50 179.50 176.50 176.50 
2016/12/12 184.50 188.50 182.50 183.00 
2016/12/13 183.00 186.00 181.50 183.00 
2016/12/14 185.00 185.00 181.00 181.00 
2016/12/15 181.00 181.50 178.00 179.50 
2016/12/16 180.50 181.00 177.50 178.00 
2016/12/19 177.50 181.50 177.00 179.00 
2016/12/20 178.50 180.00 177.50 179.00 
2016/12/21 179.00 179.50 178.50 179.50 
2016/12/22 180.00 180.00 177.50 177.50 
2016/12/23 177.50 178.00 177.00 177.00 
2016/12/26 177.00 177.00 176.50 176.50 
2016/12/27 177.00 177.00 176.50 176.50 
2016/12/28 176.50 181.00 176.50 180.50 
2016/12/29 182.00 185.50 181.00 185.00 
2016/12/30 186.00 186.00 183.50 185.00 
2017/01/03 185.00 188.00 184.00 188.00 
2017/01/04 188.00 188.00 186.00 187.00 
2017/01/05 187.50 188.00 184.00 185.00 
2017/01/06 184.00 186.50 184.00 185.00 
2017/01/09 187.00 198.50 187.00 193.50 
2017/01/10 196.00 196.00 190.00 190.50 
2017/01/11 190.50 192.00 189.00 189.50 
2017/01/12 189.50 190.00 187.50 187.50 
2017/01/13 187.50 187.50 183.00 183.00 
2017/01/16 185.00 185.50 184.00 184.00 
2017/01/17 184.00 188.00 184.00 186.00 
2017/01/18 186.00 188.00 184.50 188.00 
2017/01/19 188.00 188.00 184.00 184.00 
2017/01/20 183.50 186.00 183.50 184.50 
2017/01/23 185.50 185.50 184.00 184.50 
2017/01/24 185.00 186.00 184.50 185.50 
2017/02/02 185.50 185.50 179.00 181.00 
2017/02/03 182.50 184.50 182.00 184.00 
2017/02/06 184.00 184.50 180.00 181.00 
2017/02/07 181.50 182.00 180.50 181.00 
2017/02/08 181.50 182.50 181.50 182.50 
