2016/07/01 5.76 5.87 5.76 5.80 
2016/07/04 5.80 5.87 5.77 5.81 
2016/07/05 5.95 5.95 5.82 5.87 
2016/07/06 5.87 5.91 5.82 5.82 
2016/07/07 5.82 5.88 5.79 5.85 
2016/07/11 5.81 5.90 5.81 5.85 
2016/07/12 5.92 5.92 5.79 5.81 
2016/07/13 5.79 5.90 5.79 5.86 
2016/07/14 5.90 5.90 5.75 5.83 
2016/07/15 5.83 5.88 5.82 5.82 
2016/07/18 5.82 5.89 5.81 5.83 
2016/07/19 5.82 5.88 5.81 5.83 
2016/07/20 5.87 5.99 5.87 5.97 
2016/07/21 5.99 6.38 5.99 6.19 
2016/07/22 6.13 6.19 6.09 6.13 
2016/07/25 6.15 6.15 5.86 5.89 
2016/07/26 5.90 6.23 5.90 6.19 
2016/07/27 6.19 6.28 6.00 6.22 
2016/07/28 6.16 6.25 6.11 6.21 
2016/07/29 6.16 6.21 6.11 6.20 
2016/08/01 6.19 6.19 6.10 6.10 
2016/08/02 6.10 6.35 6.10 6.17 
2016/08/03 6.14 6.32 6.10 6.31 
2016/08/04 6.31 6.68 6.31 6.50 
2016/08/05 6.55 6.55 6.39 6.45 
2016/08/08 6.42 6.67 6.42 6.52 
2016/08/09 6.59 6.67 6.43 6.43 
2016/08/10 6.48 6.49 6.38 6.43 
2016/08/11 6.42 6.65 6.38 6.46 
2016/08/12 6.50 6.60 6.41 6.41 
2016/08/15 6.49 6.50 6.33 6.39 
2016/08/16 6.36 6.39 6.33 6.39 
2016/08/17 6.36 6.42 6.19 6.30 
2016/08/18 6.39 6.39 6.27 6.33 
2016/08/19 6.34 6.40 6.27 6.34 
2016/08/22 6.34 6.36 6.21 6.21 
2016/08/23 6.31 6.44 6.29 6.37 
2016/08/24 6.43 6.43 6.26 6.35 
2016/08/25 6.34 6.40 6.25 6.32 
2016/08/26 6.33 6.38 6.29 6.32 
2016/08/29 6.28 6.33 6.24 6.32 
2016/08/30 6.34 6.37 6.23 6.24 
2016/08/31 6.24 6.30 6.24 6.25 
2016/09/01 6.25 6.25 6.20 6.22 
2016/09/02 6.25 6.30 6.14 6.16 
2016/09/05 6.19 6.25 6.16 6.16 
2016/09/06 6.19 6.24 6.16 6.17 
2016/09/07 6.19 6.23 6.17 6.20 
2016/09/08 6.29 6.29 6.20 6.27 
2016/09/09 6.23 6.36 6.23 6.28 
2016/09/10 6.25 6.25 6.15 6.23 
2016/09/12 6.20 6.30 6.14 6.14 
2016/09/13 6.16 6.23 6.11 6.13 
2016/09/14 6.13 6.13 6.00 6.06 
2016/09/19 6.09 6.15 6.06 6.10 
2016/09/20 6.12 6.15 6.02 6.02 
2016/09/21 6.03 6.21 6.03 6.21 
2016/09/22 6.22 6.22 6.12 6.12 
2016/09/23 6.16 6.18 6.12 6.13 
2016/09/26 6.13 6.18 6.11 6.17 
2016/09/29 6.19 6.21 6.15 6.18 
2016/09/30 6.19 6.40 6.19 6.30 
2016/10/03 6.33 6.45 6.32 6.32 
2016/10/04 6.32 6.32 6.21 6.25 
2016/10/05 6.25 6.35 6.25 6.30 
2016/10/06 6.30 6.83 6.30 6.75 
2016/10/07 6.88 7.38 6.75 7.10 
2016/10/11 7.30 7.35 6.71 6.82 
2016/10/12 6.82 6.82 6.46 6.65 
2016/10/13 6.68 6.68 6.40 6.40 
2016/10/14 6.41 6.41 6.26 6.30 
2016/10/17 6.21 6.35 6.21 6.25 
2016/10/18 6.26 6.31 6.26 6.29 
2016/10/19 6.29 6.35 6.22 6.28 
2016/10/20 6.30 6.55 6.30 6.51 
2016/10/21 6.50 6.59 6.30 6.30 
2016/10/24 6.38 6.93 6.33 6.93 
2016/10/25 7.18 7.30 6.82 6.82 
2016/10/26 6.85 6.99 6.85 6.93 
2016/10/27 7.00 7.10 6.90 6.95 
2016/10/28 6.95 6.95 6.74 6.79 
2016/10/31 6.83 7.00 6.78 6.79 
2016/11/01 6.80 6.82 6.61 6.63 
2016/11/02 6.59 6.63 6.48 6.50 
2016/11/03 6.48 6.56 6.41 6.47 
2016/11/04 6.47 6.55 6.44 6.45 
2016/11/07 6.46 6.65 6.46 6.55 
2016/11/08 6.58 6.59 6.45 6.52 
2016/11/09 6.54 6.58 6.25 6.25 
2016/11/10 6.31 6.45 6.31 6.42 
2016/11/11 6.40 6.44 6.31 6.34 
2016/11/14 6.39 6.41 6.34 6.36 
2016/11/15 6.35 6.38 6.26 6.35 
2016/11/16 6.36 6.36 6.27 6.34 
2016/11/17 6.32 6.32 6.23 6.23 
2016/11/18 6.23 6.28 6.19 6.28 
2016/11/21 6.27 6.36 6.23 6.36 
2016/11/22 6.50 6.68 6.50 6.52 
2016/11/23 6.59 6.59 6.52 6.52 
2016/11/24 6.52 6.52 6.35 6.40 
2016/11/25 6.37 6.44 6.29 6.29 
2016/11/28 6.40 6.40 6.29 6.31 
2016/11/29 6.32 6.40 6.32 6.38 
2016/11/30 6.38 6.42 6.35 6.42 
2016/12/01 6.55 6.55 6.40 6.44 
2016/12/02 6.38 6.45 6.37 6.39 
2016/12/05 6.39 6.39 6.30 6.31 
2016/12/06 6.35 6.39 6.34 6.39 
2016/12/07 6.39 6.40 6.30 6.31 
2016/12/08 6.35 6.36 6.32 6.33 
2016/12/09 6.33 6.35 6.30 6.30 
2016/12/12 6.33 6.35 6.27 6.27 
2016/12/13 6.28 6.32 6.20 6.27 
2016/12/14 6.26 6.29 6.24 6.25 
2016/12/15 6.22 6.30 6.22 6.25 
2016/12/16 6.26 6.55 6.26 6.47 
2016/12/19 6.60 6.65 6.44 6.44 
2016/12/20 6.47 6.48 6.41 6.43 
2016/12/21 6.43 6.46 6.38 6.38 
2016/12/22 6.38 6.38 6.30 6.30 
2016/12/23 6.30 6.35 6.29 6.31 
2016/12/26 6.33 6.45 6.31 6.31 
2016/12/27 6.34 6.38 6.30 6.30 
2016/12/28 6.30 6.45 6.30 6.42 
2016/12/29 6.39 6.44 6.37 6.41 
2016/12/30 6.40 6.42 6.36 6.40 
2017/01/03 6.40 6.55 6.38 6.55 
2017/01/04 6.51 6.57 6.49 6.50 
2017/01/05 6.51 6.52 6.47 6.47 
2017/01/06 6.47 6.54 6.47 6.54 
2017/01/09 6.56 6.56 6.44 6.44 
2017/01/10 6.47 6.50 6.40 6.40 
2017/01/11 6.42 6.49 6.40 6.48 
2017/01/12 6.49 6.49 6.45 6.46 
2017/01/13 6.46 6.52 6.46 6.48 
2017/01/16 6.48 6.54 6.47 6.49 
2017/01/17 6.52 6.85 6.51 6.75 
2017/01/18 6.75 6.75 6.62 6.65 
2017/01/19 6.67 6.75 6.63 6.65 
2017/01/20 6.69 6.72 6.58 6.65 
2017/01/23 6.66 6.67 6.51 6.52 
2017/01/24 6.57 6.62 6.55 6.56 
2017/02/02 6.57 6.59 6.48 6.50 
2017/02/03 6.52 6.72 6.49 6.60 
2017/02/06 6.59 6.65 6.55 6.60 
2017/02/07 6.65 6.85 6.62 6.78 
2017/02/08 6.79 6.85 6.74 6.78 
