2016/07/01 9.26 9.27 9.17 9.18 
2016/07/04 9.13 9.23 9.13 9.17 
2016/07/05 9.20 9.20 9.13 9.15 
2016/07/06 9.15 9.15 9.00 9.04 
2016/07/07 9.10 9.11 9.01 9.02 
2016/07/11 9.07 9.10 9.00 9.01 
2016/07/12 9.16 9.40 9.06 9.32 
2016/07/13 9.64 9.64 9.22 9.22 
2016/07/14 9.22 9.32 9.17 9.19 
2016/07/15 9.20 9.26 9.17 9.18 
2016/07/18 9.18 9.42 9.18 9.23 
2016/07/19 9.25 9.46 9.21 9.33 
2016/07/20 9.36 9.60 9.26 9.42 
2016/07/21 9.52 9.88 9.51 9.70 
2016/07/22 9.75 9.95 9.71 9.80 
2016/07/25 10.20 10.75 10.05 10.60 
2016/07/26 10.50 10.50 10.15 10.35 
2016/07/27 10.55 11.15 10.40 10.65 
2016/07/28 10.60 11.10 10.55 10.55 
2016/07/29 10.50 10.75 10.10 10.10 
2016/08/01 10.20 10.45 10.05 10.40 
2016/08/02 10.40 10.45 10.25 10.30 
2016/08/03 10.35 10.70 10.10 10.25 
2016/08/04 10.45 10.45 10.30 10.35 
2016/08/05 10.45 10.75 10.40 10.70 
2016/08/08 10.95 10.95 10.60 10.70 
2016/08/09 10.80 10.80 10.30 10.40 
2016/08/10 10.30 10.35 10.10 10.15 
2016/08/11 10.10 10.30 9.91 10.00 
2016/08/12 10.10 10.20 9.92 9.93 
2016/08/15 9.98 10.55 9.95 10.05 
2016/08/16 10.05 10.10 9.92 9.93 
2016/08/17 10.10 10.10 9.41 9.57 
2016/08/18 9.60 9.83 9.60 9.61 
2016/08/19 9.75 9.83 9.48 9.58 
2016/08/22 9.68 9.79 9.52 9.57 
2016/08/23 9.57 9.64 9.53 9.54 
2016/08/24 9.61 9.80 9.55 9.79 
2016/08/25 9.81 9.95 9.73 9.73 
2016/08/26 9.75 9.78 9.60 9.60 
2016/08/29 9.60 9.66 9.55 9.64 
2016/08/30 9.65 9.66 9.58 9.59 
2016/08/31 9.60 9.65 9.52 9.58 
2016/09/01 9.63 9.75 9.52 9.72 
2016/09/02 9.75 10.00 9.75 9.75 
2016/09/05 9.79 9.83 9.68 9.69 
2016/09/06 9.69 9.78 9.68 9.70 
2016/09/07 9.80 9.86 9.72 9.76 
2016/09/08 9.81 9.97 9.78 9.93 
2016/09/09 9.99 10.10 9.91 9.91 
2016/09/10 9.76 9.77 9.69 9.72 
2016/09/12 9.72 9.73 9.55 9.58 
2016/09/13 9.63 9.69 9.40 9.40 
2016/09/14 9.40 9.50 9.19 9.21 
2016/09/19 9.29 9.36 9.29 9.33 
2016/09/20 9.35 9.42 9.34 9.36 
2016/09/21 9.37 9.45 9.36 9.38 
2016/09/22 9.44 9.46 9.37 9.38 
2016/09/23 9.38 9.40 9.30 9.32 
2016/09/26 9.33 9.43 9.30 9.31 
2016/09/29 9.33 9.65 9.30 9.52 
2016/09/30 9.47 9.55 9.38 9.38 
2016/10/03 9.42 9.48 9.34 9.36 
2016/10/04 9.37 9.41 9.34 9.36 
2016/10/05 9.36 9.40 9.30 9.37 
2016/10/06 9.37 9.38 9.28 9.30 
2016/10/07 9.31 9.31 9.18 9.18 
2016/10/11 9.18 9.21 8.62 8.64 
2016/10/12 8.47 8.59 8.40 8.42 
2016/10/13 8.42 8.49 8.23 8.27 
2016/10/14 8.35 8.35 7.80 7.80 
2016/10/17 7.80 7.80 7.51 7.70 
2016/10/18 7.87 8.09 7.80 8.07 
2016/10/19 8.10 8.12 7.93 8.02 
2016/10/20 8.00 8.08 7.95 8.01 
2016/10/21 8.05 8.06 7.96 7.96 
2016/10/24 7.94 8.04 7.89 7.93 
2016/10/25 7.91 8.01 7.91 8.00 
2016/10/26 8.05 8.15 8.01 8.05 
2016/10/27 8.05 8.28 8.05 8.11 
2016/10/28 8.10 8.10 8.01 8.02 
2016/10/31 8.10 8.10 7.91 7.98 
2016/11/01 8.02 8.11 8.02 8.05 
2016/11/02 8.00 8.01 7.80 7.85 
2016/11/03 7.85 7.94 7.80 7.85 
2016/11/04 7.68 7.83 7.68 7.77 
2016/11/07 7.83 7.86 7.77 7.84 
2016/11/08 7.82 7.86 7.70 7.73 
2016/11/09 7.80 7.85 7.15 7.25 
2016/11/10 7.75 7.75 7.36 7.70 
2016/11/11 7.65 7.86 7.52 7.75 
2016/11/14 7.92 7.92 7.62 7.69 
2016/11/15 7.88 7.88 7.70 7.70 
2016/11/16 7.75 7.79 7.70 7.72 
2016/11/17 7.71 7.77 7.66 7.71 
2016/11/18 7.80 7.80 7.74 7.78 
2016/11/21 7.81 8.26 7.79 8.19 
2016/11/22 8.21 8.33 8.14 8.18 
2016/11/23 8.49 8.49 8.20 8.22 
2016/11/24 8.30 8.30 8.13 8.15 
2016/11/25 8.19 8.22 8.13 8.13 
2016/11/28 8.14 8.15 8.05 8.07 
2016/11/29 8.07 8.17 8.02 8.10 
2016/11/30 8.10 8.18 8.06 8.13 
2016/12/01 8.02 8.29 8.02 8.27 
2016/12/02 8.25 8.25 8.12 8.16 
2016/12/05 8.20 8.20 8.08 8.10 
2016/12/06 8.18 8.18 8.07 8.16 
2016/12/07 8.20 8.23 8.10 8.11 
2016/12/08 8.15 8.35 8.15 8.20 
2016/12/09 8.14 8.14 7.99 8.01 
2016/12/12 8.00 8.03 7.86 7.88 
2016/12/13 7.86 7.86 7.80 7.81 
2016/12/14 7.82 7.89 7.81 7.81 
2016/12/15 7.81 7.88 7.80 7.88 
2016/12/16 7.89 7.95 7.85 7.90 
2016/12/19 7.90 7.90 7.78 7.78 
2016/12/20 7.83 8.00 7.76 7.85 
2016/12/21 7.85 7.92 7.84 7.89 
2016/12/22 7.89 7.89 7.77 7.83 
2016/12/23 7.80 7.80 7.68 7.68 
2016/12/26 7.70 7.81 7.69 7.70 
2016/12/27 7.78 7.90 7.71 7.72 
2016/12/28 7.76 7.80 7.72 7.75 
2016/12/29 7.75 7.95 7.75 7.94 
2016/12/30 7.98 8.20 7.98 8.00 
2017/01/03 8.02 8.11 7.92 8.05 
2017/01/04 8.08 8.22 8.08 8.15 
2017/01/05 8.16 8.38 8.16 8.35 
2017/01/06 8.37 8.46 8.26 8.43 
2017/01/09 8.50 8.52 8.27 8.27 
2017/01/10 8.27 8.29 8.15 8.17 
2017/01/11 8.17 8.27 8.14 8.22 
2017/01/12 8.24 8.40 8.23 8.25 
2017/01/13 8.25 8.29 8.23 8.25 
2017/01/16 8.25 8.38 8.23 8.32 
2017/01/17 8.33 9.10 8.33 8.65 
2017/01/18 8.70 8.73 8.60 8.65 
2017/01/19 8.66 8.72 8.60 8.60 
2017/01/20 8.61 8.95 8.61 8.76 
2017/01/23 8.88 8.91 8.77 8.91 
2017/01/24 8.93 9.23 8.93 9.03 
2017/02/02 9.04 9.04 8.80 8.82 
2017/02/03 8.82 8.92 8.81 8.90 
2017/02/06 8.93 9.10 8.93 9.00 
2017/02/07 9.02 9.27 8.95 9.04 
2017/02/08 9.13 9.14 8.89 8.89 
