2016/07/01 156.00 159.00 155.50 157.50 
2016/07/04 158.00 161.00 157.50 160.00 
2016/07/05 160.50 161.50 159.00 159.00 
2016/07/06 158.00 159.00 157.00 158.00 
2016/07/07 155.00 161.00 154.50 159.00 
2016/07/11 165.00 165.00 161.00 162.00 
2016/07/12 162.00 162.50 160.00 161.50 
2016/07/13 163.00 163.00 161.50 162.50 
2016/07/14 161.50 165.00 160.00 165.00 
2016/07/15 165.00 169.50 165.00 168.50 
2016/07/18 168.50 170.00 167.50 170.00 
2016/07/19 171.50 171.50 169.50 170.50 
2016/07/20 170.00 171.00 167.50 170.50 
2016/07/21 170.50 172.00 169.00 170.50 
2016/07/22 170.00 170.00 166.50 167.50 
2016/07/25 169.00 169.50 164.50 167.50 
2016/07/26 167.50 168.00 166.50 168.00 
2016/07/27 168.00 168.50 166.00 166.50 
2016/07/28 165.50 167.00 165.00 166.50 
2016/07/29 167.50 169.50 166.50 168.00 
2016/08/01 170.00 171.50 168.50 171.50 
2016/08/02 172.00 175.00 171.50 175.00 
2016/08/03 172.00 173.50 171.50 172.00 
2016/08/04 172.50 173.00 170.00 171.00 
2016/08/05 172.00 174.00 171.00 174.00 
2016/08/08 175.00 175.50 174.00 175.00 
2016/08/09 175.50 175.50 174.00 175.00 
2016/08/10 175.00 175.50 171.50 175.00 
2016/08/11 175.00 175.50 170.50 173.00 
2016/08/12 174.00 175.50 172.00 174.50 
2016/08/15 177.00 177.00 174.50 176.00 
2016/08/16 176.00 176.50 175.00 176.00 
2016/08/17 175.00 176.00 174.00 175.00 
2016/08/18 174.00 175.00 172.00 173.00 
2016/08/19 174.50 175.00 168.00 168.50 
2016/08/22 168.50 170.00 168.00 170.00 
2016/08/23 171.50 171.50 169.50 169.50 
2016/08/24 171.00 171.50 169.50 170.00 
2016/08/25 171.00 171.50 170.00 171.00 
2016/08/26 170.00 171.00 169.50 171.00 
2016/08/29 170.00 170.50 166.50 168.00 
2016/08/30 168.00 169.50 167.50 168.50 
2016/08/31 167.50 169.00 165.00 165.00 
2016/09/01 166.00 169.00 163.50 169.00 
2016/09/02 169.50 170.00 165.50 167.50 
2016/09/05 169.50 174.00 169.50 173.50 
2016/09/06 173.50 175.50 172.00 175.00 
2016/09/07 175.00 175.50 173.00 174.50 
2016/09/08 174.50 175.00 172.50 174.50 
2016/09/09 172.00 172.00 169.00 170.00 
2016/09/10 167.00 168.00 165.50 165.50 
2016/09/12 163.50 164.00 158.00 158.00 
2016/09/13 161.00 163.50 158.50 163.00 
2016/09/14 159.50 162.00 156.00 156.00 
2016/09/19 160.50 169.50 160.00 169.50 
2016/09/20 169.50 169.50 166.00 168.50 
2016/09/21 167.00 167.50 165.00 167.00 
2016/09/22 168.00 168.50 162.50 164.00 
2016/09/23 164.00 166.00 163.00 166.00 
2016/09/26 165.50 168.00 163.50 166.00 
2016/09/29 169.00 171.00 166.00 169.00 
2016/09/30 168.00 169.00 165.50 167.00 
2016/10/03 170.00 170.00 166.50 167.00 
2016/10/04 167.00 168.00 166.00 168.00 
2016/10/05 166.00 169.50 166.00 169.50 
2016/10/06 170.00 170.00 167.00 168.50 
2016/10/07 168.00 168.50 166.00 166.50 
2016/10/11 168.00 168.50 163.00 165.00 
2016/10/12 163.00 164.50 162.50 164.00 
2016/10/13 165.00 165.00 162.00 164.50 
2016/10/14 164.50 165.00 164.00 164.00 
2016/10/17 163.50 165.00 160.50 164.50 
2016/10/18 164.50 165.00 163.50 165.00 
2016/10/19 164.50 168.00 164.50 168.00 
2016/10/20 168.00 169.00 166.50 168.00 
2016/10/21 168.00 168.00 165.00 166.00 
2016/10/24 167.50 167.50 165.50 166.00 
2016/10/25 166.00 168.50 165.50 168.00 
2016/10/26 168.00 168.00 166.00 166.00 
2016/10/27 165.50 167.00 164.50 164.50 
2016/10/28 166.00 168.50 165.00 168.50 
2016/10/31 166.50 167.50 165.00 166.50 
2016/11/01 165.50 166.00 164.50 165.50 
2016/11/02 164.00 165.50 163.50 164.50 
2016/11/03 164.00 164.50 163.50 163.50 
2016/11/04 163.50 164.00 163.00 163.50 
2016/11/07 163.50 166.00 163.50 165.00 
2016/11/08 165.50 167.00 165.00 166.00 
2016/11/09 167.50 168.00 159.50 159.50 
2016/11/10 163.50 166.00 162.50 164.50 
2016/11/11 158.00 159.50 157.00 157.00 
2016/11/14 156.50 158.00 155.00 157.00 
2016/11/15 157.00 158.50 157.00 157.00 
2016/11/16 158.50 159.00 156.50 156.50 
2016/11/17 156.00 157.00 153.00 156.00 
2016/11/18 154.50 158.00 154.00 157.00 
2016/11/21 157.00 157.50 154.50 155.50 
2016/11/22 155.50 159.00 155.50 158.00 
2016/11/23 159.00 161.50 158.00 160.50 
2016/11/24 159.50 160.50 158.00 158.50 
2016/11/25 158.00 159.00 158.00 158.00 
2016/11/28 157.50 159.50 157.50 158.00 
2016/11/29 158.00 160.00 158.00 158.00 
2016/11/30 157.00 160.00 157.00 160.00 
2016/12/01 159.00 159.50 158.00 158.00 
2016/12/02 155.50 156.50 155.00 156.50 
2016/12/05 156.50 156.50 155.00 155.50 
2016/12/06 156.50 158.50 156.00 157.00 
2016/12/07 158.00 158.00 156.50 157.00 
2016/12/08 158.00 162.50 158.00 162.50 
2016/12/09 162.00 164.00 161.00 163.00 
2016/12/12 163.00 164.50 161.50 162.00 
2016/12/13 162.00 162.00 160.00 161.50 
2016/12/14 162.00 164.00 161.50 163.00 
2016/12/15 162.50 162.50 159.50 160.00 
2016/12/16 159.00 159.50 157.00 157.00 
2016/12/19 157.00 158.50 156.50 157.50 
2016/12/20 157.00 158.50 157.00 158.50 
2016/12/21 158.50 161.00 157.00 159.50 
2016/12/22 158.50 159.00 156.00 156.00 
2016/12/23 155.50 156.00 155.00 155.00 
2016/12/26 156.00 156.00 155.00 155.50 
2016/12/27 155.50 156.00 154.50 155.00 
2016/12/28 155.50 158.00 155.50 157.50 
2016/12/29 157.00 158.50 156.50 157.00 
2016/12/30 158.50 159.50 157.50 159.50 
2017/01/03 159.00 159.50 158.00 158.50 
2017/01/04 159.00 159.50 156.50 157.50 
2017/01/05 157.50 159.50 157.00 159.00 
2017/01/06 160.50 162.00 159.50 161.50 
2017/01/09 161.50 163.00 160.00 161.50 
2017/01/10 161.50 161.50 159.50 160.50 
2017/01/11 162.00 164.00 160.00 163.50 
2017/01/12 164.00 170.00 163.50 169.50 
2017/01/13 169.00 170.00 167.50 169.00 
2017/01/16 168.00 168.50 166.50 168.00 
2017/01/17 167.00 169.00 167.00 169.00 
2017/01/18 167.50 169.00 166.50 168.00 
2017/01/19 167.50 170.00 166.50 168.50 
2017/01/20 170.50 172.00 169.50 170.50 
2017/01/23 172.50 175.00 171.00 173.50 
2017/01/24 172.00 174.50 172.00 174.00 
2017/02/02 179.00 179.50 170.00 170.00 
2017/02/03 171.50 172.00 169.50 172.00 
2017/02/06 172.00 175.00 171.50 175.00 
2017/02/07 173.00 174.00 172.00 174.00 
2017/02/08 174.00 175.00 173.00 175.00 
