2016/07/01 82.50 83.40 82.50 82.70 
2016/07/04 83.30 83.50 83.00 83.30 
2016/07/05 83.00 83.30 82.60 83.00 
2016/07/06 82.50 82.50 81.50 81.50 
2016/07/07 82.00 82.30 81.70 82.10 
2016/07/11 82.20 83.00 82.20 82.50 
2016/07/12 82.60 83.50 82.60 83.30 
2016/07/13 83.90 83.90 83.00 83.50 
2016/07/14 83.50 83.60 83.00 83.50 
2016/07/15 83.70 84.80 83.70 84.50 
2016/07/18 85.40 86.00 85.00 86.00 
2016/07/19 86.40 86.40 85.60 86.20 
2016/07/20 85.80 86.30 85.60 86.00 
2016/07/21 86.30 88.00 86.20 87.40 
2016/07/22 87.70 87.90 87.20 87.60 
2016/07/25 87.40 88.00 85.60 87.60 
2016/07/26 87.50 87.90 86.70 87.80 
2016/07/27 88.40 89.50 88.30 89.00 
2016/07/28 89.40 89.40 88.50 89.00 
2016/07/29 89.00 89.00 87.90 87.90 
2016/08/01 87.80 89.00 87.80 88.80 
2016/08/02 88.80 89.00 88.50 88.50 
2016/08/03 87.50 88.30 87.40 87.50 
2016/08/04 88.00 88.00 87.50 88.00 
2016/08/05 88.00 88.80 87.80 88.40 
2016/08/08 89.20 90.00 89.00 90.00 
2016/08/09 90.00 90.10 89.20 89.90 
2016/08/10 89.90 90.00 89.60 90.00 
2016/08/11 89.40 89.70 88.40 89.50 
2016/08/12 86.50 87.80 86.00 86.20 
2016/08/15 85.80 87.20 85.50 87.20 
2016/08/16 87.00 87.20 86.10 86.20 
2016/08/17 86.00 86.10 84.80 85.00 
2016/08/18 84.90 86.00 84.50 85.70 
2016/08/19 86.00 86.70 85.20 85.30 
2016/08/22 85.20 85.60 85.00 85.40 
2016/08/23 85.20 85.90 85.20 85.80 
2016/08/24 86.20 87.10 86.10 86.70 
2016/08/25 86.90 88.50 86.90 88.50 
2016/08/26 88.90 89.00 88.10 88.50 
2016/08/29 89.00 89.70 88.40 89.30 
2016/08/30 89.30 89.50 88.70 89.00 
2016/08/31 88.70 88.90 88.00 88.00 
2016/09/01 87.20 87.80 86.80 87.40 
2016/09/02 76.60 77.90 76.30 77.20 
2016/09/05 77.90 78.40 77.60 78.20 
2016/09/06 78.80 79.90 78.60 79.80 
2016/09/07 80.40 80.80 79.50 79.50 
2016/09/08 79.60 79.70 78.50 78.50 
2016/09/09 77.80 77.90 77.50 77.70 
2016/09/10 76.80 78.30 76.70 78.00 
2016/09/12 78.00 78.20 77.50 77.50 
2016/09/13 78.30 78.50 76.80 77.20 
2016/09/14 77.20 78.20 77.20 77.40 
2016/09/19 79.90 80.50 79.20 80.40 
2016/09/20 80.50 80.70 80.00 80.20 
2016/09/21 79.90 80.10 79.30 80.00 
2016/09/22 80.30 80.80 79.30 79.60 
2016/09/23 79.90 80.00 79.40 79.80 
2016/09/26 79.10 79.40 78.60 78.90 
2016/09/29 79.80 80.00 79.30 79.80 
2016/09/30 79.20 79.50 79.00 79.00 
2016/10/03 79.80 79.80 79.20 79.20 
2016/10/04 79.00 79.50 78.90 79.50 
2016/10/05 79.10 79.80 79.10 79.60 
2016/10/06 80.20 80.30 80.00 80.20 
2016/10/07 80.50 80.50 80.00 80.00 
2016/10/11 81.00 81.90 80.50 81.10 
2016/10/12 81.50 81.70 80.90 81.60 
2016/10/13 82.10 82.40 81.60 81.80 
2016/10/14 81.60 81.70 80.70 81.20 
2016/10/17 80.80 82.00 80.40 81.90 
2016/10/18 81.90 82.20 81.60 82.10 
2016/10/19 82.20 82.50 82.20 82.40 
2016/10/20 82.80 83.50 82.70 83.50 
2016/10/21 84.00 85.00 83.90 84.30 
2016/10/24 84.90 85.00 84.10 84.20 
2016/10/25 84.60 85.90 84.50 85.70 
2016/10/26 85.20 85.90 85.00 85.60 
2016/10/27 85.90 86.40 85.00 85.40 
2016/10/28 85.90 85.90 84.60 84.80 
2016/10/31 84.70 85.30 83.60 85.30 
2016/11/01 85.30 85.40 84.40 84.60 
2016/11/02 84.00 84.40 82.60 82.60 
2016/11/03 82.10 83.00 81.60 81.70 
2016/11/04 81.60 82.50 81.60 82.00 
2016/11/07 82.50 83.60 82.30 83.50 
2016/11/08 83.90 84.00 82.60 83.00 
2016/11/09 84.00 84.20 80.10 80.40 
2016/11/10 82.40 82.40 81.50 81.50 
2016/11/11 79.50 80.30 79.00 79.00 
2016/11/14 79.50 79.60 78.60 79.00 
2016/11/15 78.70 79.80 78.70 79.00 
2016/11/16 79.40 79.90 79.00 79.00 
2016/11/17 79.80 80.60 79.30 80.60 
2016/11/18 80.60 81.30 79.80 80.90 
2016/11/21 80.90 81.10 80.50 80.90 
2016/11/22 81.30 81.70 81.00 81.20 
2016/11/23 81.80 82.30 81.70 82.00 
2016/11/24 81.50 81.70 81.10 81.10 
2016/11/25 80.90 81.00 80.40 80.50 
2016/11/28 81.40 81.40 80.70 81.30 
2016/11/29 82.00 82.80 81.60 82.00 
2016/11/30 82.20 82.90 81.30 82.00 
2016/12/01 82.70 82.70 81.70 82.40 
2016/12/02 81.50 81.90 81.30 81.70 
2016/12/05 81.60 81.90 81.10 81.30 
2016/12/06 82.10 82.40 81.90 82.30 
2016/12/07 83.20 83.40 82.80 83.10 
2016/12/08 84.00 84.80 83.70 84.80 
2016/12/09 85.50 85.60 84.70 85.00 
2016/12/12 84.50 84.90 83.30 83.40 
2016/12/13 84.00 84.40 83.60 84.40 
2016/12/14 84.90 85.00 83.70 83.70 
2016/12/15 83.50 84.30 83.50 84.20 
2016/12/16 83.90 84.50 83.60 83.60 
2016/12/19 83.50 83.70 82.80 82.80 
2016/12/20 83.50 83.80 83.00 83.70 
2016/12/21 84.10 84.20 83.30 83.30 
2016/12/22 83.60 83.60 82.70 82.80 
2016/12/23 82.70 83.50 82.60 82.70 
2016/12/26 82.80 83.30 82.80 83.30 
2016/12/27 83.50 83.60 83.00 83.50 
2016/12/28 83.10 84.00 83.10 84.00 
2016/12/29 83.10 84.30 83.10 83.60 
2016/12/30 84.20 84.40 84.00 84.20 
2017/01/03 83.70 84.30 83.70 84.30 
2017/01/04 84.30 84.60 84.20 84.20 
2017/01/05 84.40 84.50 83.80 84.00 
2017/01/06 84.50 84.50 83.80 83.80 
2017/01/09 84.10 84.30 83.50 83.50 
2017/01/10 83.90 84.10 83.60 84.00 
2017/01/11 84.40 84.40 83.40 84.20 
2017/01/12 84.20 84.40 83.60 84.30 
2017/01/13 84.30 84.40 83.90 84.20 
2017/01/16 84.00 84.00 83.50 83.50 
2017/01/17 83.80 84.00 83.50 84.00 
2017/01/18 84.00 84.10 83.30 83.30 
2017/01/19 83.30 83.80 83.00 83.50 
2017/01/20 84.00 84.00 83.40 83.40 
2017/01/23 83.50 84.00 83.40 84.00 
2017/01/24 83.60 84.00 83.60 83.70 
2017/02/02 85.70 85.70 83.20 84.10 
2017/02/03 83.80 84.10 83.50 83.70 
2017/02/06 84.20 85.00 84.00 85.00 
2017/02/07 85.50 85.80 84.60 85.80 
2017/02/08 86.00 87.50 85.80 87.50 
