2016/07/01 2.10 2.30 2.10 2.20 
2016/07/04 1.98 2.18 1.98 2.00 
2016/07/05 1.95 1.98 1.92 1.92 
2016/07/06 1.92 1.92 1.77 1.77 
2016/07/07 1.66 1.67 1.66 1.67 
2016/07/11 1.70 1.83 1.70 1.83 
2016/07/12 2.01 2.01 2.00 2.00 
2016/07/13 1.83 1.99 1.83 1.92 
2016/07/14 1.92 1.95 1.92 1.95 
2016/07/15 2.10 2.13 1.96 1.96 
2016/07/18 1.96 1.96 1.96 1.96 
2016/07/19 1.96 2.01 1.96 2.01 
2016/07/20 2.00 2.00 1.95 1.96 
2016/07/21 2.15 2.15 2.00 2.13 
2016/07/22 2.15 2.15 2.00 2.00 
2016/07/25 2.10 2.10 1.87 2.00 
2016/07/26 2.00 2.15 2.00 2.13 
2016/07/27 2.10 2.12 2.00 2.00 
2016/07/28 2.05 2.05 2.00 2.02 
2016/07/29 1.83 2.05 1.83 2.05 
2016/08/01 2.00 2.01 2.00 2.01 
2016/08/02 2.10 2.10 2.05 2.10 
2016/08/03 2.13 2.15 2.13 2.14 
2016/08/04 2.20 2.20 2.02 2.18 
2016/08/05 2.15 2.21 2.15 2.21 
2016/08/08 2.30 2.43 2.30 2.43 
2016/08/09 2.67 2.67 2.67 2.67 
2016/08/10 2.85 2.90 2.80 2.90 
2016/08/11 2.61 2.88 2.61 2.66 
2016/08/12 2.61 2.76 2.61 2.70 
2016/08/15 2.82 2.82 2.70 2.70 
2016/08/16 2.97 2.97 2.81 2.97 
2016/08/17 2.90 2.90 2.85 2.85 
2016/08/18 2.86 2.97 2.86 2.96 
2016/08/19 2.90 3.10 2.90 3.10 
2016/08/22 3.10 3.20 3.10 3.19 
2016/08/23 3.38 3.38 3.10 3.20 
2016/08/24 2.88 3.10 2.88 2.90 
2016/08/25 2.88 2.90 2.88 2.90 
2016/08/26 2.88 2.93 2.88 2.90 
2016/08/29 2.90 2.90 2.78 2.78 
2016/08/30 2.78 2.90 2.78 2.78 
2016/08/31 2.72 2.73 2.72 2.73 
2016/09/01 2.74 2.88 2.74 2.74 
2016/09/02 2.75 2.75 2.52 2.52 
2016/09/05 2.45 2.46 2.45 2.46 
2016/09/06 2.46 2.56 2.40 2.42 
2016/09/07 2.33 2.33 2.33 2.33 
2016/09/08 2.25 2.56 2.25 2.56 
2016/09/09 2.80 2.80 2.68 2.68 
2016/09/10 2.67 2.67 2.50 2.50 
2016/09/12 2.43 2.43 2.43 2.43 
2016/09/13 2.67 2.67 2.67 2.67 
2016/09/14 2.65 2.65 2.42 2.42 
2016/09/19 2.62 2.62 2.56 2.56 
2016/09/20 2.50 2.50 2.35 2.35 
2016/09/21 2.32 2.36 2.32 2.36 
2016/09/22 2.32 2.45 2.32 2.45 
2016/09/23 2.35 2.45 2.35 2.45 
2016/09/26 2.38 2.38 2.36 2.36 
2016/09/29 2.36 2.36 2.35 2.35 
2016/09/30 2.35 2.35 2.35 2.35 
2016/10/03 2.29 2.30 2.29 2.30 
2016/10/04 2.28 2.28 2.28 2.28 
2016/10/05 2.26 2.30 2.26 2.30 
2016/10/06 2.28 2.29 2.07 2.07 
2016/10/07 1.98 2.25 1.98 2.25 
2016/10/11 2.10 2.10 2.03 2.07 
2016/10/12 2.05 2.10 2.05 2.10 
2016/10/13 2.10 2.10 2.08 2.10 
2016/10/14 2.02 2.18 1.98 2.18 
2016/10/17 2.18 2.18 2.03 2.03 
2016/10/18 1.86 2.10 1.86 2.08 
2016/10/19 2.07 2.07 2.07 2.07 
2016/10/20 2.08 2.10 2.08 2.10 
2016/10/21 2.10 2.10 1.98 2.00 
2016/10/24 2.01 2.09 2.01 2.09 
2016/10/25 2.09 2.09 2.03 2.04 
2016/10/26 2.05 2.05 2.01 2.01 
2016/10/27 1.96 2.09 1.96 2.09 
2016/10/28 2.10 2.10 1.98 2.10 
2016/10/31 2.05 2.10 2.00 2.00 
2016/11/01 1.91 2.00 1.90 1.90 
2016/11/02 1.85 1.85 1.80 1.82 
2016/11/03 1.70 1.75 1.70 1.75 
2016/11/04 1.75 1.75 1.75 1.75 
2016/11/07 1.70 1.75 1.70 1.75 
2016/11/08 1.75 1.75 1.75 1.75 
2016/11/09 1.75 1.80 1.75 1.80 
2016/11/10 1.72 1.82 1.72 1.82 
2016/11/11 1.82 1.85 1.82 1.85 
2016/11/14 1.76 1.76 1.76 1.76 
2016/11/15 1.85 1.93 1.85 1.93 
2016/11/16 2.12 2.12 2.12 2.12 
2016/11/17 2.33 2.33 2.33 2.33 
2016/11/18 2.56 2.56 2.56 2.56 
2016/11/21 2.80 2.80 2.62 2.62 
2016/11/22 2.62 2.62 2.36 2.36 
2016/11/23 2.16 2.49 2.16 2.25 
2016/11/24 2.25 2.30 2.25 2.30 
2016/11/25 2.30 2.40 2.30 2.40 
2016/11/28 2.20 2.24 2.20 2.20 
2016/11/29 2.02 2.04 2.02 2.04 
2016/11/30 2.24 2.24 2.24 2.24 
2016/12/01 2.25 2.42 2.25 2.34 
2016/12/02 2.27 2.53 2.27 2.27 
2016/12/05 2.16 2.48 2.16 2.46 
2016/12/06 2.26 2.60 2.26 2.50 
2016/12/07 2.31 2.33 2.31 2.32 
2016/12/08 2.26 2.27 2.26 2.27 
2016/12/09 2.49 2.49 2.49 2.49 
2016/12/12 2.73 2.73 2.73 2.73 
2016/12/13 2.99 2.99 2.60 2.62 
2016/12/14 2.56 2.60 2.56 2.60 
2016/12/15 2.60 2.86 2.60 2.86 
2016/12/16 3.05 3.05 2.87 2.90 
2016/12/19 2.88 2.90 2.75 2.75 
2016/12/20 2.75 2.75 2.56 2.56 
2016/12/21 2.61 2.63 2.37 2.37 
2016/12/22 2.38 2.47 2.32 2.45 
2016/12/23 2.33 2.51 2.33 2.51 
2016/12/26 2.75 2.76 2.74 2.76 
2016/12/27 2.80 2.95 2.80 2.83 
2016/12/28 2.82 3.00 2.82 2.85 
2016/12/29 2.85 2.90 2.85 2.90 
2016/12/30 2.89 2.90 2.80 2.80 
2017/01/03 3.00 3.00 2.62 2.67 
2017/01/04 2.80 2.80 2.67 2.73 
2017/01/05 2.70 2.75 2.70 2.75 
2017/01/06 2.71 2.80 2.71 2.71 
2017/01/09 2.79 2.79 2.70 2.77 
2017/01/10 2.70 2.77 2.70 2.73 
2017/01/11 2.85 2.85 2.73 2.75 
2017/01/12 2.80 2.85 2.71 2.71 
2017/01/13 2.75 2.75 2.70 2.70 
2017/01/16 2.97 2.97 2.97 2.97 
2017/01/17 3.26 3.26 3.26 3.26 
2017/01/18 3.58 3.58 3.58 3.58 
2017/01/19 3.93 3.93 3.93 3.93 
2017/01/20 4.32 4.32 3.63 3.90 
2017/01/23 3.64 4.10 3.64 3.81 
2017/01/24 3.95 4.19 3.95 4.15 
2017/02/02 4.30 4.30 4.01 4.10 
2017/02/03 4.10 4.10 4.05 4.05 
2017/02/06 3.91 4.00 3.91 4.00 
2017/02/07 4.00 4.00 3.94 3.94 
2017/02/08 3.91 3.91 3.90 3.90 
