2016/07/01 48.45 48.50 48.30 48.40 
2016/07/04 48.45 48.55 48.15 48.55 
2016/07/05 48.50 48.55 48.25 48.40 
2016/07/06 48.50 48.55 47.80 48.00 
2016/07/07 48.00 48.25 47.80 47.85 
2016/07/11 48.00 48.50 47.85 48.25 
2016/07/12 47.90 48.25 47.90 48.25 
2016/07/13 48.45 48.45 48.10 48.30 
2016/07/14 48.25 48.35 48.10 48.25 
2016/07/15 48.25 48.30 48.10 48.25 
2016/07/18 48.30 48.30 48.15 48.25 
2016/07/19 48.30 48.30 48.10 48.25 
2016/07/20 48.30 48.30 48.10 48.25 
2016/07/21 48.30 48.50 48.10 48.50 
2016/07/22 48.30 48.40 48.15 48.20 
2016/07/25 48.15 48.35 48.10 48.30 
2016/07/26 48.15 48.30 48.05 48.30 
2016/07/27 48.30 48.40 48.05 48.25 
2016/07/28 48.30 48.35 48.05 48.25 
2016/07/29 48.25 48.25 48.00 48.00 
2016/08/01 48.25 48.35 48.00 48.00 
2016/08/02 48.00 48.25 47.90 48.00 
2016/08/03 48.00 48.25 48.00 48.10 
2016/08/04 48.10 48.25 48.00 48.10 
2016/08/05 48.20 48.25 48.10 48.20 
2016/08/08 48.20 48.20 47.95 48.20 
2016/08/09 48.20 48.20 47.95 48.00 
2016/08/10 48.00 48.15 47.95 48.15 
2016/08/11 48.05 48.15 47.90 48.15 
2016/08/12 48.15 48.15 47.95 48.10 
2016/08/15 48.10 48.15 47.95 48.15 
2016/08/16 48.15 48.15 48.00 48.15 
2016/08/17 48.15 48.15 47.95 48.10 
2016/08/18 48.00 48.15 47.95 48.15 
2016/08/19 48.15 48.20 48.00 48.10 
2016/08/22 48.10 48.15 47.95 48.05 
2016/08/23 48.00 48.05 47.95 48.00 
2016/08/24 48.10 48.10 47.75 47.90 
2016/08/25 47.80 48.05 47.70 48.00 
2016/08/26 48.00 48.05 47.75 47.90 
2016/08/29 48.00 48.00 47.50 47.65 
2016/08/30 47.85 47.90 47.40 47.70 
2016/08/31 47.40 47.60 47.25 47.35 
2016/09/01 47.25 47.25 46.50 46.55 
2016/09/02 46.55 46.80 46.55 46.65 
2016/09/05 46.95 47.45 46.95 47.05 
2016/09/06 47.05 47.15 46.95 47.10 
2016/09/07 47.15 47.40 47.10 47.15 
2016/09/08 47.40 47.40 47.00 47.00 
2016/09/09 46.80 46.80 46.50 46.60 
2016/09/10 46.60 46.60 46.50 46.55 
2016/09/12 46.55 46.55 46.05 46.30 
2016/09/13 46.20 46.35 46.20 46.30 
2016/09/14 46.30 46.60 46.30 46.60 
2016/09/19 46.20 46.80 46.20 46.65 
2016/09/20 46.65 46.85 46.60 46.65 
2016/09/21 46.65 47.15 46.55 47.15 
2016/09/22 47.15 47.40 46.80 47.20 
2016/09/23 47.40 47.50 47.05 47.50 
2016/09/26 47.45 47.95 47.20 47.85 
2016/09/29 47.60 48.00 47.45 48.00 
2016/09/30 47.60 47.60 47.00 47.00 
2016/10/03 47.00 47.25 47.00 47.20 
2016/10/04 47.40 47.40 47.10 47.10 
2016/10/05 47.00 48.00 47.00 47.45 
2016/10/06 47.75 47.75 47.40 47.45 
2016/10/07 47.40 47.70 47.25 47.50 
2016/10/11 47.20 47.80 47.20 47.50 
2016/10/12 47.50 47.80 47.50 47.55 
2016/10/13 47.60 47.85 47.50 47.75 
2016/10/14 47.50 47.75 47.50 47.55 
2016/10/17 47.55 47.70 47.30 47.60 
2016/10/18 47.50 47.90 47.50 47.70 
2016/10/19 47.70 48.00 47.70 47.75 
2016/10/20 47.70 47.85 47.70 47.70 
2016/10/21 47.70 47.80 47.50 47.50 
2016/10/24 47.55 47.80 47.50 47.50 
2016/10/25 47.55 47.80 47.50 47.50 
2016/10/26 47.50 47.65 47.40 47.40 
2016/10/27 47.40 47.50 47.25 47.30 
2016/10/28 47.35 47.40 47.20 47.30 
2016/10/31 47.15 47.80 47.10 47.75 
2016/11/01 47.30 47.40 47.30 47.30 
2016/11/02 47.75 47.75 47.05 47.05 
2016/11/03 47.25 47.50 47.05 47.05 
2016/11/04 47.10 47.25 47.00 47.00 
2016/11/07 47.05 47.40 47.00 47.05 
2016/11/08 47.20 47.50 47.20 47.25 
2016/11/09 47.60 47.60 46.20 46.20 
2016/11/10 46.80 47.30 46.70 46.90 
2016/11/11 46.10 46.60 46.10 46.25 
2016/11/14 46.30 46.45 46.05 46.05 
2016/11/15 46.10 46.70 46.00 46.00 
2016/11/16 46.10 46.35 46.00 46.00 
2016/11/17 46.80 47.05 46.30 46.30 
2016/11/18 46.30 46.40 46.10 46.30 
2016/11/21 46.40 48.15 46.30 47.70 
2016/11/22 47.70 48.55 47.30 48.50 
2016/11/23 48.50 48.70 48.25 48.25 
2016/11/24 48.25 48.55 48.15 48.45 
2016/11/25 48.45 48.95 48.40 48.60 
2016/11/28 48.90 49.00 48.45 48.45 
2016/11/29 48.40 48.90 47.80 47.80 
2016/11/30 48.05 48.80 48.00 48.25 
2016/12/01 48.50 48.60 47.75 47.75 
2016/12/02 47.35 47.45 47.30 47.30 
2016/12/05 47.30 47.65 47.15 47.20 
2016/12/06 47.70 48.20 47.50 47.60 
2016/12/07 47.80 48.10 47.50 48.10 
2016/12/08 48.10 48.50 47.90 48.25 
2016/12/09 48.10 48.45 47.95 48.00 
2016/12/12 47.85 48.20 47.85 47.95 
2016/12/13 47.85 47.90 47.45 47.70 
2016/12/14 47.60 47.70 47.45 47.55 
2016/12/15 47.60 47.95 47.45 47.70 
2016/12/16 47.65 47.70 47.40 47.40 
2016/12/19 47.35 47.60 47.30 47.35 
2016/12/20 47.50 47.60 47.30 47.35 
2016/12/21 47.50 47.65 47.15 47.20 
2016/12/22 47.40 47.40 47.10 47.10 
2016/12/23 47.25 47.25 46.75 46.75 
2016/12/26 46.85 47.00 46.55 46.65 
2016/12/27 46.80 46.90 46.60 46.75 
2016/12/28 46.80 47.05 46.65 47.05 
2016/12/29 47.00 47.30 46.85 47.00 
2016/12/30 47.40 47.90 47.25 47.85 
2017/01/03 47.55 47.75 47.35 47.65 
2017/01/04 47.50 47.60 47.35 47.50 
2017/01/05 47.50 48.00 47.30 47.90 
2017/01/06 47.70 47.80 47.55 47.65 
2017/01/09 47.60 47.60 47.30 47.35 
2017/01/10 47.35 47.50 47.15 47.50 
2017/01/11 47.60 47.75 47.50 47.65 
2017/01/12 47.80 48.15 47.65 48.10 
2017/01/13 48.00 48.10 47.45 48.05 
2017/01/16 47.85 47.85 47.50 47.70 
2017/01/17 47.60 47.85 47.60 47.80 
2017/01/18 47.65 47.85 47.55 47.70 
2017/01/19 47.75 47.75 47.50 47.70 
2017/01/20 47.75 47.75 47.50 47.60 
2017/01/23 47.75 48.10 47.70 47.85 
2017/01/24 47.85 48.00 47.70 47.70 
2017/02/02 47.55 47.85 47.25 47.25 
2017/02/03 47.30 47.70 47.30 47.60 
2017/02/06 47.70 47.95 47.60 47.90 
2017/02/07 47.60 48.00 47.60 48.00 
2017/02/08 47.90 47.95 47.70 47.90 
