2016/07/01 53.40 53.50 52.70 52.80 
2016/07/04 52.80 53.50 52.70 53.20 
2016/07/05 53.20 54.00 52.80 53.60 
2016/07/06 53.00 53.50 52.50 52.60 
2016/07/07 52.90 53.40 52.90 53.20 
2016/07/11 53.30 53.40 52.70 52.90 
2016/07/12 52.80 53.30 52.80 53.10 
2016/07/13 53.70 53.70 52.90 53.40 
2016/07/14 53.30 53.40 52.90 53.30 
2016/07/15 53.30 53.70 53.10 53.60 
2016/07/18 53.60 54.00 53.10 53.30 
2016/07/19 53.30 53.60 53.00 53.50 
2016/07/20 53.50 53.70 53.00 53.10 
2016/07/21 53.00 53.70 53.00 53.60 
2016/07/22 53.60 54.00 53.50 54.00 
2016/07/25 53.90 54.40 53.80 54.30 
2016/07/26 53.80 54.00 53.60 53.60 
2016/07/27 53.90 54.00 53.40 54.00 
2016/07/28 54.00 54.00 53.60 54.00 
2016/07/29 54.00 54.40 53.60 54.40 
2016/08/01 54.40 54.40 53.80 54.00 
2016/08/02 54.00 55.60 53.80 54.80 
2016/08/15 67.50 70.80 66.70 67.60 
2016/08/16 67.60 67.60 66.00 67.50 
2016/08/17 67.10 67.40 66.50 66.80 
2016/08/18 67.30 67.40 66.20 66.60 
2016/08/19 66.60 66.80 66.20 66.50 
2016/08/22 66.50 67.70 66.50 67.40 
2016/08/23 67.20 67.30 66.70 66.80 
2016/08/24 67.00 67.10 66.60 66.80 
2016/08/25 66.50 68.50 66.50 68.50 
2016/08/26 68.40 68.70 67.80 68.20 
2016/08/29 68.00 68.00 67.20 67.50 
2016/08/30 67.50 67.50 67.10 67.50 
2016/08/31 67.10 67.70 67.00 67.30 
2016/09/01 67.00 67.30 66.80 66.80 
2016/09/02 66.80 67.50 66.80 67.30 
2016/09/05 66.80 67.30 66.80 66.80 
2016/09/06 66.60 67.40 66.60 67.40 
2016/09/07 67.20 67.20 66.60 66.60 
2016/09/08 66.60 66.90 66.10 66.20 
2016/09/09 66.20 66.30 64.80 64.80 
2016/09/10 63.00 64.70 63.00 63.10 
2016/09/12 64.80 64.80 62.80 62.80 
2016/09/13 63.30 64.00 62.10 62.10 
2016/09/14 62.30 63.00 61.40 63.00 
2016/09/19 63.40 64.60 63.40 64.20 
2016/09/20 63.50 64.30 63.50 63.60 
2016/09/21 63.80 64.50 63.80 64.30 
2016/09/22 64.30 65.40 64.20 65.40 
2016/09/23 65.40 65.40 64.60 65.00 
2016/09/26 65.00 65.00 64.00 64.10 
2016/09/29 64.10 65.20 64.10 65.10 
2016/09/30 65.50 65.50 64.50 65.10 
2016/10/03 65.40 65.50 65.00 65.30 
2016/10/04 65.30 65.30 64.30 64.60 
2016/10/05 64.60 64.90 64.40 64.60 
2016/10/06 64.80 64.80 64.10 64.20 
2016/10/07 64.80 64.80 63.90 64.20 
2016/10/11 63.60 64.00 62.30 62.40 
2016/10/12 62.50 63.00 62.20 63.00 
2016/10/13 62.90 63.00 61.70 62.50 
2016/10/14 62.50 62.50 61.80 62.00 
2016/10/17 61.80 62.60 61.80 62.00 
2016/10/18 62.00 62.40 61.70 62.00 
2016/10/19 62.10 62.60 62.10 62.30 
2016/10/20 62.30 63.70 62.00 63.20 
2016/10/21 63.10 65.90 62.70 65.90 
2016/10/24 64.50 64.70 63.90 64.10 
2016/10/25 64.10 64.20 63.70 63.80 
2016/10/26 63.70 64.00 63.70 63.80 
2016/10/27 63.90 64.00 62.60 63.50 
2016/10/28 63.40 63.40 62.10 62.30 
2016/10/31 62.60 64.00 61.60 63.60 
2016/11/01 63.50 63.50 62.30 62.50 
2016/11/02 63.00 63.00 61.80 61.90 
2016/11/03 62.00 62.50 61.10 61.60 
2016/11/04 61.60 62.50 61.60 62.10 
2016/11/07 62.10 62.50 62.10 62.30 
2016/11/08 62.50 62.50 61.90 62.00 
2016/11/09 62.00 62.00 59.00 59.80 
2016/11/10 59.80 61.40 59.80 61.00 
2016/11/11 60.50 60.60 59.40 59.40 
2016/11/14 60.10 60.10 59.30 59.70 
2016/11/15 59.70 60.00 59.20 59.60 
2016/11/16 59.60 59.80 58.70 58.70 
2016/11/17 59.10 59.40 58.20 58.60 
2016/11/18 58.60 59.30 58.50 58.70 
2016/11/21 58.80 58.80 57.80 58.60 
2016/11/22 58.80 59.40 58.70 59.10 
2016/11/23 59.20 60.40 59.20 59.50 
2016/11/24 59.50 59.80 59.30 59.50 
2016/11/25 59.40 59.90 59.20 59.30 
2016/11/28 59.30 59.80 59.10 59.50 
2016/11/29 59.50 59.90 59.40 59.50 
2016/11/30 59.60 59.60 58.70 59.50 
2016/12/01 59.60 59.70 59.20 59.40 
2016/12/02 59.60 59.60 58.00 58.70 
2016/12/05 58.70 58.70 57.30 57.40 
2016/12/06 58.30 58.40 57.10 57.50 
2016/12/07 57.20 57.80 57.10 57.60 
2016/12/08 58.10 58.50 57.60 58.10 
2016/12/09 58.50 58.60 57.50 57.60 
2016/12/12 57.80 58.20 57.70 58.20 
2016/12/13 58.20 58.40 57.80 57.90 
2016/12/14 57.90 58.20 57.10 57.20 
2016/12/15 57.40 58.10 57.20 57.80 
2016/12/16 58.10 58.40 57.70 58.20 
2016/12/19 57.70 58.20 57.60 57.90 
2016/12/20 57.90 58.20 57.60 58.00 
2016/12/21 57.80 58.10 57.60 57.60 
2016/12/22 57.70 58.20 57.50 57.80 
2016/12/23 57.60 57.60 56.40 56.40 
2016/12/26 57.70 58.10 57.60 57.90 
2016/12/27 57.90 57.90 57.30 57.40 
2016/12/28 57.60 58.10 57.60 58.00 
2016/12/29 58.40 58.40 57.50 57.80 
2016/12/30 58.20 59.00 57.80 58.60 
2017/01/03 58.60 59.40 58.50 59.10 
2017/01/04 59.60 59.60 59.10 59.30 
2017/01/05 59.30 60.40 59.20 60.10 
2017/01/06 60.10 61.40 60.00 61.00 
2017/01/09 61.20 62.10 61.10 61.50 
2017/01/10 61.50 62.30 61.40 62.00 
2017/01/11 62.00 64.00 61.50 63.90 
2017/01/12 64.20 66.20 63.80 66.20 
2017/01/13 65.50 65.80 64.50 64.80 
2017/01/16 64.50 64.80 63.10 63.40 
2017/01/17 63.60 63.90 63.10 63.60 
2017/01/18 63.80 64.50 63.60 64.30 
2017/01/19 64.40 66.80 63.80 65.90 
2017/01/20 66.20 70.80 66.20 70.00 
2017/01/23 69.60 70.40 68.50 70.00 
2017/01/24 72.00 76.40 70.30 76.00 
2017/02/02 74.00 76.00 73.30 75.50 
2017/02/03 74.70 74.90 73.60 74.80 
2017/02/06 74.70 74.70 72.30 72.30 
2017/02/07 73.40 74.20 71.50 71.60 
2017/02/08 71.70 72.30 70.50 72.20 
