2016/07/01 12.30 12.55 12.30 12.45 
2016/07/04 12.50 12.60 12.40 12.50 
2016/07/05 12.40 12.50 12.30 12.40 
2016/07/06 12.45 12.45 12.30 12.35 
2016/07/07 12.40 12.50 12.35 12.35 
2016/07/11 12.50 12.55 12.35 12.40 
2016/07/12 12.45 12.80 12.45 12.55 
2016/07/13 12.70 12.80 12.60 12.75 
2016/07/14 12.75 13.30 12.75 12.80 
2016/07/15 12.90 13.75 12.85 13.50 
2016/07/18 13.50 13.75 13.35 13.60 
2016/07/19 13.55 13.65 13.40 13.55 
2016/07/20 13.65 13.90 13.40 13.40 
2016/07/21 13.60 13.85 13.60 13.80 
2016/07/22 13.80 14.45 13.75 13.80 
2016/07/25 13.80 14.05 13.60 13.80 
2016/07/26 13.80 14.20 13.70 14.15 
2016/07/27 14.15 15.05 14.15 15.00 
2016/07/28 15.05 15.60 14.95 15.25 
2016/07/29 15.35 15.50 15.15 15.50 
2016/08/01 16.20 17.05 16.20 17.05 
2016/08/02 17.30 17.60 16.85 16.90 
2016/08/03 16.75 16.95 16.55 16.70 
2016/08/04 16.75 16.80 16.05 16.10 
2016/08/05 16.10 16.55 16.00 16.50 
2016/08/08 16.80 18.10 16.70 17.85 
2016/08/09 17.60 18.30 17.30 17.40 
2016/08/10 17.75 17.80 17.40 17.40 
2016/08/11 18.30 18.60 17.35 17.80 
2016/08/12 17.90 18.10 17.40 17.40 
2016/08/15 17.60 19.00 17.60 19.00 
2016/08/16 19.05 19.10 18.40 18.70 
2016/08/17 18.85 19.60 18.65 19.05 
2016/08/18 19.20 19.35 19.00 19.10 
2016/08/19 19.20 19.35 18.60 19.10 
2016/08/22 19.00 19.65 18.90 19.60 
2016/08/23 20.00 21.55 20.00 21.55 
2016/08/24 21.90 23.70 21.85 23.70 
2016/08/25 25.80 26.05 24.30 26.05 
2016/08/26 25.60 26.10 23.80 24.10 
2016/08/29 23.80 25.40 23.75 24.40 
2016/08/30 24.90 25.20 24.20 25.05 
2016/08/31 24.80 25.00 24.40 24.55 
2016/09/01 24.70 26.20 24.70 24.90 
2016/09/02 24.60 25.15 24.35 24.60 
2016/09/05 25.00 25.10 24.35 24.60 
2016/09/06 24.75 25.60 24.70 25.25 
2016/09/07 25.40 25.45 24.90 25.25 
2016/09/08 25.15 25.20 24.55 24.80 
2016/09/09 24.20 24.80 23.80 24.80 
2016/09/10 24.20 25.60 24.20 25.60 
2016/09/12 25.65 27.10 24.70 24.80 
2016/09/13 24.95 25.25 24.30 24.40 
2016/09/14 24.55 25.05 24.50 24.65 
2016/09/19 25.20 25.25 24.75 24.85 
2016/09/20 24.95 25.75 24.70 25.70 
2016/09/21 26.00 28.25 25.95 28.25 
2016/09/22 29.20 30.00 28.65 29.45 
2016/09/23 29.60 29.80 29.10 29.60 
2016/09/26 29.40 32.25 29.25 32.10 
2016/09/29 32.00 32.55 30.85 30.85 
2016/09/30 30.05 30.30 29.10 29.25 
2016/10/03 29.65 31.05 29.55 30.85 
2016/10/04 30.50 32.20 30.30 30.60 
2016/10/05 30.60 31.25 30.40 31.00 
2016/10/06 31.30 31.50 30.55 30.55 
2016/10/07 30.50 30.80 29.20 29.40 
2016/10/11 29.70 29.90 26.55 28.05 
2016/10/12 28.30 29.40 28.25 28.80 
2016/10/13 28.65 28.75 28.00 28.20 
2016/10/14 27.95 28.00 26.90 27.10 
2016/10/17 27.20 28.35 27.20 28.00 
2016/10/18 27.75 27.75 27.25 27.50 
2016/10/19 27.75 28.15 27.30 27.40 
2016/10/20 27.60 28.20 27.30 27.75 
2016/10/21 27.55 27.95 27.35 27.70 
2016/10/24 27.80 28.10 27.45 27.70 
2016/10/25 28.00 30.45 27.75 30.45 
2016/10/26 30.00 30.45 29.40 29.40 
2016/10/27 29.25 30.65 29.25 29.45 
2016/10/28 29.90 30.10 28.60 28.70 
2016/10/31 28.70 29.20 28.05 29.00 
2016/11/01 28.80 28.95 28.35 28.40 
2016/11/02 27.80 28.00 27.20 27.40 
2016/11/03 27.30 27.95 26.60 26.80 
2016/11/04 26.80 27.40 26.30 27.00 
2016/11/07 27.30 28.10 27.10 27.65 
2016/11/08 27.75 27.80 26.85 27.20 
2016/11/09 27.40 27.60 24.60 25.00 
2016/11/10 26.30 26.40 25.80 26.10 
2016/11/11 25.15 25.25 24.35 24.80 
2016/11/14 24.60 24.75 23.30 23.90 
2016/11/15 24.30 25.10 24.20 24.65 
2016/11/16 24.85 25.20 24.00 24.05 
2016/11/17 24.20 24.45 23.60 24.15 
2016/11/18 24.15 24.90 23.70 24.50 
2016/11/21 24.35 24.65 24.20 24.25 
2016/11/22 24.50 25.40 24.25 24.90 
2016/11/23 25.00 25.30 24.55 24.60 
2016/11/24 24.70 24.70 24.05 24.05 
2016/11/25 24.05 24.50 23.95 24.05 
2016/11/28 24.05 24.20 23.50 23.65 
2016/11/29 23.55 24.35 23.45 24.05 
2016/11/30 24.10 24.20 23.65 23.65 
2016/12/01 23.80 24.20 23.75 23.80 
2016/12/02 23.65 23.70 23.40 23.60 
2016/12/05 23.60 23.75 22.25 22.45 
2016/12/06 22.85 24.15 22.75 24.05 
2016/12/07 24.15 25.60 24.15 25.25 
2016/12/08 25.50 25.85 24.70 24.80 
2016/12/09 24.80 25.25 24.65 25.20 
2016/12/12 25.60 26.65 25.40 25.60 
2016/12/13 25.50 25.65 25.20 25.35 
2016/12/14 25.85 26.30 25.40 25.45 
2016/12/15 25.00 25.60 24.85 25.50 
2016/12/16 25.65 26.00 25.10 25.15 
2016/12/19 25.00 25.15 24.25 24.30 
2016/12/20 24.50 24.70 24.40 24.45 
2016/12/21 24.60 24.75 24.20 24.60 
2016/12/22 24.90 24.90 24.05 24.05 
2016/12/23 24.05 24.55 23.65 24.05 
2016/12/26 24.05 24.25 23.80 23.90 
2016/12/27 24.00 24.40 23.75 23.75 
2016/12/28 23.90 25.10 23.85 24.95 
2016/12/29 24.70 25.05 24.65 24.70 
2016/12/30 24.95 25.15 24.65 24.65 
2017/01/03 24.85 25.20 24.60 25.10 
2017/01/04 25.35 25.95 25.25 25.55 
2017/01/05 25.60 25.65 25.15 25.15 
2017/01/06 25.15 25.35 24.75 24.90 
2017/01/09 24.85 25.10 24.70 24.95 
2017/01/10 25.65 26.35 25.35 25.40 
2017/01/11 25.40 25.70 25.25 25.25 
2017/01/12 25.35 25.70 25.30 25.55 
2017/01/13 25.55 25.90 25.25 25.55 
2017/01/16 25.60 25.60 24.85 24.85 
2017/01/17 24.90 25.35 24.90 24.95 
2017/01/18 24.95 25.50 24.85 25.35 
2017/01/19 25.55 25.60 25.05 25.05 
2017/01/20 25.00 25.30 24.95 25.00 
2017/01/23 25.15 25.70 25.00 25.40 
2017/01/24 25.60 25.60 25.15 25.20 
2017/02/02 25.45 25.75 25.30 25.45 
2017/02/03 25.60 27.30 25.15 27.30 
2017/02/06 27.70 28.60 27.30 27.60 
2017/02/07 27.60 27.60 26.90 27.10 
2017/02/08 27.35 28.15 27.30 27.60 
