2016/07/01 2.40 2.45 2.37 2.37 
2016/07/04 2.35 2.35 2.31 2.32 
2016/07/05 2.26 2.36 2.26 2.32 
2016/07/06 2.36 2.36 2.28 2.33 
2016/07/07 2.29 2.30 2.22 2.28 
2016/07/11 2.28 2.28 2.28 2.28 
2016/07/12 2.28 2.28 2.23 2.25 
2016/07/13 2.25 2.29 2.18 2.29 
2016/07/14 2.29 2.33 2.29 2.33 
2016/07/15 2.30 2.30 2.25 2.30 
2016/07/18 2.30 2.30 2.26 2.30 
2016/07/19 2.30 2.30 2.28 2.30 
2016/07/20 2.25 2.29 2.25 2.26 
2016/07/21 2.21 2.30 2.21 2.30 
2016/07/22 2.30 2.30 2.30 2.30 
2016/07/25 2.30 2.30 2.27 2.27 
2016/07/26 2.25 2.27 2.25 2.27 
2016/07/27 2.27 2.27 2.25 2.27 
2016/07/28 2.16 2.27 2.16 2.27 
2016/07/29 2.32 2.32 2.23 2.27 
2016/08/01 2.25 2.28 2.25 2.28 
2016/08/02 2.28 2.30 2.28 2.28 
2016/08/03 2.28 2.28 2.27 2.27 
2016/08/04 2.27 2.30 2.27 2.30 
2016/08/05 2.30 2.35 2.28 2.28 
2016/08/08 2.34 2.34 2.29 2.34 
2016/08/09 2.30 2.30 2.28 2.28 
2016/08/10 2.27 2.28 2.27 2.28 
2016/08/11 2.28 2.30 2.22 2.27 
2016/08/12 2.25 2.26 2.25 2.26 
2016/08/15 2.26 2.32 2.23 2.25 
2016/08/16 2.23 2.25 2.23 2.25 
2016/08/17 2.20 2.28 2.20 2.20 
2016/08/18 2.20 2.31 2.20 2.30 
2016/08/19 2.32 2.32 2.25 2.25 
2016/08/22 2.26 2.29 2.26 2.27 
2016/08/23 2.26 2.26 2.25 2.26 
2016/08/24 2.22 2.26 2.22 2.24 
2016/08/25 2.16 2.24 2.16 2.24 
2016/08/26 2.20 2.22 2.20 2.22 
2016/08/29 2.13 2.24 2.13 2.20 
2016/08/30 2.20 2.22 2.20 2.20 
2016/08/31 2.17 2.20 2.17 2.20 
2016/09/01 2.21 2.22 2.20 2.22 
2016/09/02 2.22 2.22 2.11 2.20 
2016/09/05 2.21 2.30 2.21 2.30 
2016/09/06 2.30 2.35 2.30 2.30 
2016/09/07 2.30 2.45 2.30 2.40 
2016/09/08 2.49 2.63 2.48 2.62 
2016/09/09 2.58 2.60 2.47 2.47 
2016/09/10 2.32 2.43 2.32 2.39 
2016/09/12 2.39 2.53 2.39 2.52 
2016/09/13 2.50 2.50 2.40 2.45 
2016/09/14 2.45 2.45 2.40 2.45 
2016/09/19 2.44 2.44 2.32 2.33 
2016/09/20 2.48 2.48 2.35 2.35 
2016/09/21 2.35 2.35 2.26 2.35 
2016/09/22 2.23 2.36 2.23 2.35 
2016/09/23 2.35 2.37 2.31 2.37 
2016/09/26 2.37 2.38 2.30 2.35 
2016/09/29 2.30 2.35 2.30 2.35 
2016/09/30 2.35 2.35 2.31 2.31 
2016/10/03 2.30 2.32 2.30 2.30 
2016/10/04 2.25 2.31 2.25 2.27 
2016/10/05 2.27 2.31 2.27 2.31 
2016/10/06 2.31 2.33 2.31 2.33 
2016/10/07 2.33 2.33 2.29 2.33 
2016/10/11 2.34 2.48 2.34 2.45 
2016/10/12 2.49 2.49 2.36 2.40 
2016/10/13 2.40 2.40 2.40 2.40 
2016/10/14 2.40 2.40 2.30 2.33 
2016/10/17 2.32 2.32 2.27 2.29 
2016/10/18 2.28 2.30 2.28 2.30 
2016/10/19 2.25 2.33 2.25 2.33 
2016/10/20 2.33 2.33 2.30 2.30 
2016/10/21 2.30 2.33 2.30 2.33 
2016/10/24 2.33 2.35 2.30 2.31 
2016/10/25 2.30 2.30 2.26 2.29 
2016/10/26 2.29 2.30 2.27 2.27 
2016/10/27 2.27 2.30 2.27 2.28 
2016/10/28 2.28 2.29 2.26 2.27 
2016/10/31 2.25 2.28 2.25 2.25 
2016/11/01 2.26 2.28 2.26 2.26 
2016/11/02 2.25 2.25 2.25 2.25 
2016/11/03 2.21 2.22 2.20 2.20 
2016/11/04 2.20 2.23 2.20 2.23 
2016/11/07 2.10 2.44 2.10 2.27 
2016/11/08 2.29 2.29 2.20 2.22 
2016/11/09 2.20 2.22 2.20 2.21 
2016/11/10 2.20 2.21 2.11 2.21 
2016/11/11 2.37 2.37 2.10 2.25 
2016/11/14 2.24 2.24 2.18 2.18 
2016/11/15 2.18 2.22 2.18 2.22 
2016/11/16 2.25 2.26 2.20 2.25 
2016/11/17 2.25 2.26 2.22 2.25 
2016/11/18 2.21 2.29 2.21 2.25 
2016/11/21 2.24 2.30 2.20 2.23 
2016/11/22 2.30 2.34 2.30 2.34 
2016/11/23 2.40 2.48 2.40 2.45 
2016/11/24 2.68 2.69 2.68 2.69 
2016/11/25 2.95 2.95 2.70 2.90 
2016/11/28 2.71 2.86 2.71 2.72 
2016/11/29 2.75 2.99 2.75 2.99 
2016/11/30 3.28 3.28 3.28 3.28 
2016/12/01 3.59 3.59 2.98 3.25 
2016/12/02 3.03 3.03 2.93 2.94 
2016/12/05 2.91 3.10 2.91 3.10 
2016/12/06 3.04 3.10 2.95 3.00 
2016/12/07 3.00 3.00 2.91 2.97 
2016/12/08 3.05 3.12 2.98 3.12 
2016/12/09 2.92 3.00 2.92 3.00 
2016/12/12 3.00 3.00 2.96 2.96 
2016/12/13 2.96 3.00 2.90 2.90 
2016/12/14 2.90 2.95 2.88 2.88 
2016/12/15 2.88 2.88 2.85 2.87 
2016/12/16 2.90 2.91 2.87 2.90 
2016/12/19 2.90 2.90 2.81 2.84 
2016/12/20 2.97 2.97 2.90 2.90 
2016/12/21 2.81 2.85 2.81 2.84 
2016/12/22 2.84 2.84 2.80 2.80 
2016/12/23 2.90 2.96 2.83 2.89 
2016/12/26 2.90 2.90 2.83 2.87 
2016/12/27 2.87 2.87 2.81 2.82 
2016/12/28 2.82 2.82 2.80 2.81 
2016/12/29 2.81 2.83 2.81 2.83 
2016/12/30 2.95 2.95 2.90 2.90 
2017/01/03 2.92 2.92 2.86 2.87 
2017/01/04 2.85 2.87 2.85 2.86 
2017/01/05 2.87 2.87 2.80 2.82 
2017/01/06 2.89 2.90 2.89 2.90 
2017/01/09 2.90 2.92 2.84 2.84 
2017/01/10 2.81 2.85 2.81 2.85 
2017/01/11 2.80 2.81 2.78 2.81 
2017/01/12 2.86 2.86 2.82 2.83 
2017/01/13 2.83 2.83 2.79 2.83 
2017/01/16 2.80 2.80 2.78 2.80 
2017/01/17 2.80 2.86 2.80 2.85 
2017/01/18 2.72 2.85 2.72 2.80 
2017/01/19 2.80 2.83 2.80 2.82 
2017/01/20 2.82 2.85 2.80 2.82 
2017/01/23 2.82 2.83 2.80 2.83 
2017/01/24 2.89 2.95 2.89 2.95 
2017/02/02 3.01 3.24 2.99 3.24 
2017/02/03 3.56 3.56 3.56 3.56 
2017/02/06 3.79 3.91 3.79 3.91 
2017/02/07 3.88 3.88 3.53 3.70 
2017/02/08 3.98 3.98 3.85 3.86 
