2016/07/01 8.94 9.04 8.80 8.90 
2016/07/04 8.92 8.95 8.88 8.88 
2016/07/05 8.91 9.19 8.90 9.16 
2016/07/06 9.14 9.14 8.92 8.92 
2016/07/07 9.00 9.07 8.88 8.88 
2016/07/11 9.01 9.08 8.99 9.05 
2016/07/12 9.15 9.22 9.08 9.14 
2016/07/13 9.14 9.19 9.10 9.16 
2016/07/14 9.20 9.28 9.08 9.09 
2016/07/15 9.13 9.17 9.09 9.12 
2016/07/18 9.18 9.18 9.08 9.12 
2016/07/19 9.13 9.23 9.09 9.23 
2016/07/20 9.20 9.27 9.15 9.23 
2016/07/21 9.30 9.97 9.28 9.78 
2016/07/22 9.76 9.93 9.55 9.62 
2016/07/25 9.66 9.77 9.56 9.69 
2016/07/26 9.75 10.10 9.73 9.97 
2016/07/27 10.05 10.15 9.86 9.87 
2016/07/28 9.91 10.05 9.89 9.95 
2016/07/29 9.99 10.00 9.50 9.59 
2016/08/01 9.67 9.87 9.62 9.76 
2016/08/02 9.76 9.85 9.59 9.60 
2016/08/03 9.59 9.95 9.57 9.89 
2016/08/04 10.05 10.10 9.90 9.91 
2016/08/05 9.97 9.99 9.81 9.82 
2016/08/08 9.92 9.94 9.85 9.86 
2016/08/09 9.95 10.10 9.88 9.97 
2016/08/10 10.00 10.00 9.90 9.90 
2016/08/11 9.89 9.95 9.75 9.79 
2016/08/12 9.87 9.98 9.85 9.97 
2016/08/15 10.00 10.05 9.93 9.93 
2016/08/16 9.97 10.10 9.96 9.99 
2016/08/17 9.96 10.05 9.93 9.93 
2016/08/18 9.94 9.94 9.84 9.87 
2016/08/19 9.90 9.98 9.81 9.81 
2016/08/22 9.94 10.05 9.86 9.98 
2016/08/23 10.15 10.55 10.10 10.45 
2016/08/24 10.35 10.40 10.05 10.05 
2016/08/25 10.10 10.15 10.00 10.05 
2016/08/26 10.15 10.35 10.15 10.25 
2016/08/29 10.30 10.35 10.10 10.10 
2016/08/30 10.20 10.25 10.05 10.10 
2016/08/31 10.20 10.40 10.10 10.35 
2016/09/01 10.25 10.30 10.20 10.30 
2016/09/02 10.45 10.45 10.10 10.10 
2016/09/05 10.20 10.30 10.10 10.15 
2016/09/06 10.20 10.20 10.10 10.15 
2016/09/07 10.25 10.45 10.20 10.35 
2016/09/08 10.40 10.45 10.25 10.25 
2016/09/09 10.25 10.40 10.25 10.30 
2016/09/10 10.05 10.10 9.91 10.00 
2016/09/12 10.15 10.30 10.10 10.10 
2016/09/13 10.20 10.20 9.97 9.98 
2016/09/14 9.99 10.05 9.97 10.00 
2016/09/19 10.15 10.20 10.05 10.10 
2016/09/20 10.10 10.15 10.05 10.05 
2016/09/21 10.10 10.20 10.10 10.20 
2016/09/22 10.35 10.40 10.15 10.15 
2016/09/23 10.25 10.30 10.20 10.30 
2016/09/26 10.25 10.30 10.15 10.20 
2016/09/29 10.35 10.40 10.25 10.25 
2016/09/30 10.20 10.25 10.10 10.10 
2016/10/03 10.15 10.20 10.05 10.10 
2016/10/04 10.20 10.30 10.15 10.20 
2016/10/05 10.20 10.25 10.05 10.10 
2016/10/06 10.15 10.20 10.10 10.15 
2016/10/07 10.15 10.20 10.05 10.05 
2016/10/11 10.10 10.20 9.65 9.84 
2016/10/12 9.85 10.05 9.85 9.98 
2016/10/13 10.00 10.05 9.90 9.92 
2016/10/14 9.90 9.95 9.68 9.71 
2016/10/17 9.95 10.15 9.91 10.00 
2016/10/18 10.00 10.10 9.98 10.05 
2016/10/19 10.05 10.15 10.00 10.00 
2016/10/20 10.05 10.10 10.00 10.05 
2016/10/21 10.10 10.15 10.05 10.15 
2016/10/24 10.15 10.40 10.15 10.20 
2016/10/25 10.25 10.25 10.10 10.20 
2016/10/26 10.10 10.20 10.10 10.10 
2016/10/27 10.20 10.20 10.00 10.05 
2016/10/28 10.05 10.10 9.93 9.97 
2016/10/31 9.99 9.99 9.86 9.92 
2016/11/01 9.90 9.96 9.87 9.88 
2016/11/02 9.84 9.89 9.74 9.77 
2016/11/03 9.95 10.05 9.88 9.88 
2016/11/04 9.90 9.98 9.81 9.83 
2016/11/07 9.90 9.93 9.86 9.90 
2016/11/08 10.00 10.00 9.88 9.90 
2016/11/09 9.95 9.96 9.53 9.54 
2016/11/10 9.75 9.88 9.75 9.84 
2016/11/11 9.76 9.83 9.65 9.67 
2016/11/14 9.74 9.79 9.65 9.69 
2016/11/15 9.73 9.73 9.65 9.65 
2016/11/16 9.69 9.75 9.60 9.61 
2016/11/17 9.68 9.68 9.51 9.53 
2016/11/18 9.68 9.85 9.66 9.83 
2016/11/21 9.83 9.94 9.76 9.90 
2016/11/22 9.94 10.00 9.90 9.90 
2016/11/23 10.05 10.20 10.00 10.05 
2016/11/24 10.05 10.25 10.00 10.00 
2016/11/25 10.10 10.15 10.00 10.05 
2016/11/28 10.10 10.15 10.00 10.00 
2016/11/29 10.00 10.10 9.96 10.00 
2016/11/30 10.00 10.05 9.90 9.90 
2016/12/01 9.94 9.97 9.90 9.96 
2016/12/02 9.94 9.94 9.74 9.76 
2016/12/05 9.76 9.79 9.63 9.69 
2016/12/06 9.76 9.79 9.69 9.69 
2016/12/07 9.72 9.78 9.70 9.74 
2016/12/08 9.84 9.84 9.70 9.72 
2016/12/09 9.76 9.88 9.73 9.86 
2016/12/12 9.90 9.96 9.77 9.80 
2016/12/13 9.80 9.90 9.80 9.87 
2016/12/14 9.95 9.95 9.87 9.88 
2016/12/15 9.91 9.91 9.84 9.87 
2016/12/16 9.90 10.10 9.90 9.99 
2016/12/19 10.00 10.10 9.94 10.05 
2016/12/20 10.10 10.10 9.93 9.96 
2016/12/21 9.96 10.05 9.94 10.00 
2016/12/22 10.20 10.35 10.05 10.05 
2016/12/23 10.15 10.20 9.96 10.00 
2016/12/26 10.05 10.05 9.89 9.93 
2016/12/27 9.93 9.97 9.88 9.89 
2016/12/28 9.87 10.00 9.87 10.00 
2016/12/29 10.00 10.05 9.93 10.00 
2016/12/30 10.05 10.05 9.96 9.97 
2017/01/03 10.00 10.05 9.95 10.05 
2017/01/04 10.10 10.10 10.00 10.10 
2017/01/05 10.15 10.25 10.10 10.20 
2017/01/06 10.20 10.25 10.10 10.10 
2017/01/09 10.10 10.15 10.00 10.00 
2017/01/10 10.00 10.05 9.93 9.95 
2017/01/11 10.05 10.10 9.98 10.05 
2017/01/12 10.10 10.10 9.99 10.00 
2017/01/13 10.00 10.05 9.99 10.00 
2017/01/16 10.10 10.15 10.00 10.05 
2017/01/17 10.05 10.90 10.05 10.85 
2017/01/18 11.00 11.30 11.00 11.15 
2017/01/19 11.25 11.40 11.05 11.10 
2017/01/20 11.30 11.90 11.30 11.70 
2017/01/23 12.10 12.85 12.10 12.85 
2017/01/24 13.05 13.60 12.80 12.80 
2017/02/02 13.35 13.45 12.80 12.80 
2017/02/03 12.80 12.80 12.15 12.35 
2017/02/06 12.75 13.05 12.60 12.85 
2017/02/07 12.75 12.90 12.45 12.80 
2017/02/08 12.90 12.90 11.60 11.85 
