2016/07/01 43.80 44.35 43.25 43.25 
2016/07/04 43.50 47.55 43.45 47.55 
2016/07/05 48.30 48.70 47.60 47.60 
2016/07/06 47.00 48.50 46.80 48.50 
2016/07/07 48.40 48.45 46.25 46.25 
2016/07/11 48.50 49.00 47.00 47.60 
2016/07/12 46.65 46.65 45.60 45.60 
2016/07/13 46.00 48.60 45.70 47.90 
2016/07/14 47.70 49.60 47.65 48.80 
2016/07/15 48.80 49.80 48.35 49.40 
2016/07/18 49.40 49.75 48.85 49.50 
2016/07/19 49.40 51.40 48.75 51.00 
2016/07/20 51.20 51.20 50.20 51.10 
2016/07/21 51.70 53.70 51.40 53.00 
2016/07/22 52.40 53.00 52.00 52.80 
2016/07/25 53.00 54.20 52.40 54.20 
2016/07/26 54.10 57.50 53.70 57.10 
2016/07/27 57.00 57.90 55.90 56.10 
2016/07/28 55.80 55.80 53.00 54.70 
2016/07/29 55.20 56.10 54.70 55.30 
2016/08/01 55.20 55.30 54.20 54.60 
2016/08/02 54.80 56.20 52.20 52.60 
2016/08/03 51.80 53.50 51.30 53.50 
2016/08/04 53.50 53.80 52.20 52.50 
2016/08/05 52.50 53.70 50.50 51.10 
2016/08/08 50.00 50.90 49.50 50.20 
2016/08/09 51.00 52.10 50.70 51.00 
2016/08/10 50.40 50.60 47.90 48.00 
2016/08/11 48.20 48.75 47.30 48.20 
2016/08/12 48.50 49.55 48.00 48.00 
2016/08/15 48.50 49.50 48.10 49.40 
2016/08/16 49.80 50.40 49.15 50.00 
2016/08/17 50.00 50.20 49.15 49.95 
2016/08/18 50.50 51.40 49.50 49.60 
2016/08/19 50.20 50.60 49.85 49.90 
2016/08/22 50.20 50.50 49.20 49.65 
2016/08/23 49.70 50.30 49.45 50.00 
2016/08/24 50.00 50.20 49.30 49.50 
2016/08/25 49.40 50.20 48.65 50.20 
2016/08/26 50.70 51.70 50.50 51.20 
2016/08/29 51.30 51.30 49.10 49.60 
2016/08/30 50.20 50.70 49.20 50.20 
2016/08/31 50.50 50.70 49.80 49.90 
2016/09/01 49.70 49.90 48.60 49.00 
2016/09/02 48.65 48.95 46.20 46.20 
2016/09/05 46.50 48.15 46.15 48.10 
2016/09/06 48.10 49.40 48.10 49.40 
2016/09/07 49.65 50.00 48.30 49.45 
2016/09/08 49.40 49.95 48.90 49.95 
2016/09/09 49.50 50.30 49.05 50.10 
2016/09/10 49.05 49.80 48.95 49.45 
2016/09/12 49.45 49.70 47.00 47.00 
2016/09/13 47.60 49.40 47.10 49.40 
2016/09/14 49.35 49.35 48.60 48.75 
2016/09/19 49.10 51.40 49.10 50.30 
2016/09/20 50.30 50.90 49.80 50.30 
2016/09/21 50.70 51.50 50.00 50.10 
2016/09/22 50.60 50.90 49.05 49.10 
2016/09/23 49.10 49.40 48.60 48.80 
2016/09/26 48.30 48.55 48.05 48.05 
2016/09/29 48.65 48.80 47.85 48.05 
2016/09/30 47.80 48.80 47.20 48.80 
2016/10/03 48.70 49.00 47.75 47.80 
2016/10/04 48.20 48.30 47.45 47.45 
2016/10/05 47.20 47.20 45.90 45.95 
2016/10/06 45.95 46.85 45.20 46.85 
2016/10/07 46.90 47.10 46.30 46.85 
2016/10/11 47.30 48.20 46.85 48.15 
2016/10/12 48.00 48.35 47.50 47.95 
2016/10/13 47.90 48.50 47.30 47.55 
2016/10/14 47.40 47.95 45.60 46.05 
2016/10/17 45.80 46.55 45.00 46.55 
2016/10/18 46.60 47.25 46.25 46.85 
2016/10/19 47.10 47.20 46.45 46.60 
2016/10/20 46.00 46.60 45.80 46.20 
2016/10/21 46.20 46.60 45.60 46.20 
2016/10/24 46.20 47.00 46.05 46.95 
2016/10/25 47.10 47.25 46.70 46.75 
2016/10/26 46.50 47.25 46.30 46.80 
2016/10/27 46.80 49.10 46.70 48.70 
2016/10/28 48.60 50.30 48.20 49.45 
2016/10/31 49.10 50.70 48.85 50.40 
2016/11/01 50.50 50.90 49.40 49.40 
2016/11/02 49.00 49.50 48.30 48.30 
2016/11/03 48.30 48.75 46.20 46.80 
2016/11/04 46.40 47.85 45.80 47.40 
2016/11/07 47.65 49.95 47.50 49.45 
2016/11/08 49.70 50.20 49.05 49.35 
2016/11/09 49.50 50.30 46.85 47.55 
2016/11/10 48.00 49.10 47.50 48.50 
2016/11/11 47.60 47.60 45.25 46.00 
2016/11/14 45.90 45.90 43.60 44.20 
2016/11/15 43.20 44.20 43.20 43.65 
2016/11/16 44.35 44.85 43.40 43.45 
2016/11/17 43.50 43.80 41.90 42.05 
2016/11/18 42.15 43.15 42.10 42.65 
2016/11/21 42.65 43.15 42.65 42.80 
2016/11/22 43.00 44.70 43.00 44.10 
2016/11/23 44.30 44.85 43.80 43.85 
2016/11/24 43.50 43.70 42.40 42.75 
2016/11/25 42.75 43.30 42.30 43.25 
2016/11/28 43.90 44.40 43.60 44.00 
2016/11/29 43.80 44.75 43.60 44.00 
2016/11/30 44.00 44.35 43.50 43.50 
2016/12/01 43.60 45.20 43.50 45.00 
2016/12/02 44.80 44.90 44.10 44.10 
2016/12/05 44.30 45.00 43.85 44.50 
2016/12/06 44.90 45.60 44.70 45.00 
2016/12/07 45.20 45.60 44.80 45.00 
2016/12/08 45.45 46.40 45.00 46.40 
2016/12/09 46.20 47.40 45.60 46.90 
2016/12/12 47.20 47.45 46.00 46.00 
2016/12/13 46.05 47.00 45.90 46.65 
2016/12/14 46.90 47.60 46.80 46.90 
2016/12/15 46.70 47.20 46.50 47.05 
2016/12/16 46.80 47.90 46.80 47.10 
2016/12/19 47.10 47.75 46.80 46.85 
2016/12/20 47.35 48.30 46.85 48.15 
2016/12/21 48.00 49.80 47.60 49.45 
2016/12/22 49.50 50.00 49.00 49.45 
2016/12/23 49.45 49.90 48.65 48.85 
2016/12/26 48.95 50.00 48.85 50.00 
2016/12/27 50.00 51.30 50.00 50.90 
2016/12/28 51.10 51.50 50.40 51.30 
2016/12/29 50.80 51.30 50.50 51.20 
2016/12/30 50.90 51.50 50.90 50.90 
2017/01/03 51.10 51.70 50.60 51.70 
2017/01/04 51.80 53.80 51.80 53.50 
2017/01/05 53.60 54.00 53.00 54.00 
2017/01/06 53.90 54.90 53.80 54.90 
2017/01/09 54.60 54.70 52.40 53.50 
2017/01/10 54.40 55.70 53.80 55.50 
2017/01/11 56.10 57.40 55.90 57.10 
2017/01/12 56.50 56.80 55.60 56.50 
2017/01/13 56.00 57.00 55.50 56.90 
2017/01/16 56.60 57.00 55.20 56.80 
2017/01/17 57.10 57.70 55.80 55.80 
2017/01/18 55.60 55.80 54.20 54.60 
2017/01/19 55.00 55.40 54.30 55.20 
2017/01/20 55.20 55.40 54.30 54.30 
2017/01/23 54.50 57.70 54.50 56.80 
2017/01/24 57.20 57.40 56.10 56.50 
2017/02/02 57.00 57.40 56.20 56.50 
2017/02/03 56.20 57.00 55.20 56.00 
2017/02/06 56.00 56.10 54.20 54.90 
2017/02/07 54.90 55.00 53.50 54.40 
2017/02/08 54.10 59.30 54.00 58.50 
