2016/07/01 35.10 35.25 34.20 34.35 
2016/07/04 34.25 34.80 34.10 34.50 
2016/07/05 34.50 34.95 34.25 34.80 
2016/07/06 34.55 34.60 34.00 34.05 
2016/07/07 34.05 34.80 34.00 34.55 
2016/07/11 35.30 37.40 35.25 36.95 
2016/07/12 36.95 37.00 36.65 36.95 
2016/07/13 37.00 37.25 36.65 36.95 
2016/07/14 37.10 37.10 36.75 36.90 
2016/07/15 36.95 37.10 36.75 36.95 
2016/07/18 37.20 38.35 36.85 38.20 
2016/07/19 38.40 38.80 38.05 38.50 
2016/07/20 38.40 38.40 37.80 38.25 
2016/07/21 38.25 38.75 38.05 38.20 
2016/07/22 38.20 38.30 37.95 38.20 
2016/07/25 38.20 38.45 37.15 37.85 
2016/07/26 37.85 37.95 37.40 37.85 
2016/07/27 37.90 38.35 37.70 38.20 
2016/07/28 38.05 38.20 37.80 38.15 
2016/07/29 38.20 38.20 37.60 37.70 
2016/08/01 37.75 38.00 37.45 37.80 
2016/08/02 37.80 38.30 37.60 38.20 
2016/08/03 37.60 38.40 37.40 38.30 
2016/08/04 38.30 38.30 37.90 38.10 
2016/08/05 38.10 38.35 38.05 38.20 
2016/08/08 38.35 38.45 38.10 38.20 
2016/08/09 38.25 39.00 38.20 38.65 
2016/08/10 38.70 38.90 38.30 38.85 
2016/08/11 38.85 38.90 38.35 38.65 
2016/08/12 37.65 38.45 37.65 38.20 
2016/08/15 37.95 38.15 37.70 37.95 
2016/08/16 37.60 37.60 36.45 36.80 
2016/08/17 36.55 36.70 36.10 36.35 
2016/08/18 36.20 36.40 36.15 36.35 
2016/08/19 36.35 36.80 35.80 35.80 
2016/08/22 35.80 36.40 35.80 36.10 
2016/08/23 36.10 36.20 36.00 36.00 
2016/08/24 36.10 36.20 36.05 36.15 
2016/08/25 36.35 36.80 36.30 36.60 
2016/08/26 36.70 36.80 36.50 36.50 
2016/08/29 36.50 36.65 36.20 36.50 
2016/08/30 33.55 34.00 33.55 33.65 
2016/08/31 33.70 33.95 33.35 33.50 
2016/09/01 33.40 33.55 33.00 33.30 
2016/09/02 33.40 33.60 33.05 33.10 
2016/09/05 33.50 34.50 33.35 34.10 
2016/09/06 34.20 34.40 34.00 34.35 
2016/09/07 34.75 35.35 34.70 35.20 
2016/09/08 35.20 35.85 35.20 35.85 
2016/09/09 35.75 35.95 35.45 35.90 
2016/09/10 35.00 35.35 34.90 35.10 
2016/09/12 34.80 34.95 34.65 34.65 
2016/09/13 34.65 34.85 34.00 34.15 
2016/09/14 34.00 34.50 33.35 33.40 
2016/09/19 33.80 34.50 33.80 34.00 
2016/09/20 34.00 34.40 33.70 34.25 
2016/09/21 34.10 34.30 34.00 34.20 
2016/09/22 34.45 34.85 34.05 34.80 
2016/09/23 35.00 35.05 34.60 34.75 
2016/09/26 34.75 34.75 34.15 34.25 
2016/09/29 34.50 35.20 34.30 34.90 
2016/09/30 34.50 34.95 34.40 34.70 
2016/10/03 34.65 34.85 34.45 34.45 
2016/10/04 34.45 34.85 34.45 34.70 
2016/10/05 34.50 34.70 34.45 34.70 
2016/10/06 34.90 35.05 34.50 35.00 
2016/10/07 34.80 34.85 34.25 34.35 
2016/10/11 34.60 34.60 33.95 34.15 
2016/10/12 34.25 34.75 34.15 34.75 
2016/10/13 34.65 34.65 33.90 34.00 
2016/10/14 34.00 34.20 33.80 33.85 
2016/10/17 33.90 34.10 33.60 33.95 
2016/10/18 33.95 34.30 33.90 34.15 
2016/10/19 34.15 34.35 34.05 34.35 
2016/10/20 34.30 34.35 33.90 33.95 
2016/10/21 33.95 34.20 33.70 34.15 
2016/10/24 34.20 34.45 33.90 34.00 
2016/10/25 34.20 34.20 33.85 33.90 
2016/10/26 33.90 34.20 33.75 33.80 
2016/10/27 33.80 33.95 33.65 33.75 
2016/10/28 33.90 34.10 33.75 34.10 
2016/10/31 33.85 33.90 33.55 33.70 
2016/11/01 33.70 33.90 33.65 33.90 
2016/11/02 33.65 33.90 33.60 33.90 
2016/11/03 33.90 33.95 33.65 33.80 
2016/11/04 33.80 33.85 33.65 33.70 
2016/11/07 33.65 33.85 33.30 33.30 
2016/11/08 33.30 33.40 33.10 33.30 
2016/11/09 33.45 33.70 32.80 33.00 
2016/11/10 33.35 33.45 33.15 33.40 
2016/11/11 33.10 33.10 32.40 32.40 
2016/11/14 32.40 32.50 32.10 32.25 
2016/11/15 32.65 32.95 32.60 32.65 
2016/11/16 32.80 32.90 32.30 32.30 
2016/11/17 32.35 32.40 32.00 32.15 
2016/11/18 32.20 32.45 32.10 32.20 
2016/11/21 32.35 32.65 32.35 32.60 
2016/11/22 32.80 33.10 32.60 33.05 
2016/11/23 32.95 32.95 32.45 32.55 
2016/11/24 32.60 32.60 32.30 32.40 
2016/11/25 32.30 32.45 32.30 32.30 
2016/11/28 32.30 32.55 32.20 32.40 
2016/11/29 32.30 32.30 32.10 32.15 
2016/11/30 32.25 32.60 32.20 32.60 
2016/12/01 32.60 32.65 32.50 32.55 
2016/12/02 32.55 32.55 32.15 32.20 
2016/12/05 32.20 32.25 32.05 32.05 
2016/12/06 32.40 32.50 32.15 32.35 
2016/12/07 32.60 32.60 32.40 32.60 
2016/12/08 32.65 32.70 32.55 32.60 
2016/12/09 32.70 32.85 32.70 32.80 
2016/12/12 32.95 32.95 32.55 32.75 
2016/12/13 32.70 32.70 32.50 32.60 
2016/12/14 32.65 32.70 32.50 32.55 
2016/12/15 32.55 32.75 32.45 32.70 
2016/12/16 32.85 32.85 32.55 32.80 
2016/12/19 32.80 32.80 32.55 32.60 
2016/12/20 32.65 32.70 32.45 32.55 
2016/12/21 32.55 32.65 32.40 32.50 
2016/12/22 32.50 32.50 32.35 32.40 
2016/12/23 32.40 32.50 32.25 32.35 
2016/12/26 32.40 32.60 32.30 32.40 
2016/12/27 32.40 32.50 32.20 32.40 
2016/12/28 32.35 32.50 32.35 32.50 
2016/12/29 32.50 32.55 32.30 32.40 
2016/12/30 32.45 32.55 32.40 32.50 
2017/01/03 32.50 32.50 32.20 32.35 
2017/01/04 32.35 32.40 32.10 32.10 
2017/01/05 32.15 32.25 32.10 32.20 
2017/01/06 32.25 32.55 32.25 32.40 
2017/01/09 32.50 32.50 32.25 32.30 
2017/01/10 32.25 32.30 32.20 32.25 
2017/01/11 32.45 32.60 32.20 32.25 
2017/01/12 32.45 32.85 32.30 32.80 
2017/01/13 32.80 32.85 32.60 32.80 
2017/01/16 32.80 32.80 32.50 32.65 
2017/01/17 32.65 32.75 32.60 32.65 
2017/01/18 32.70 32.70 32.30 32.35 
2017/01/19 32.35 32.35 32.25 32.30 
2017/01/20 32.25 32.50 32.25 32.35 
2017/01/23 32.55 32.75 32.40 32.65 
2017/01/24 32.70 32.70 32.50 32.60 
2017/02/02 32.60 32.75 32.25 32.30 
2017/02/03 32.50 32.50 32.35 32.40 
2017/02/06 32.45 32.95 32.45 32.90 
2017/02/07 32.80 32.90 32.65 32.70 
2017/02/08 32.70 33.35 32.55 33.30 
