2016/07/01 27.40 27.40 24.10 24.80 
2016/07/04 25.60 25.60 24.80 25.15 
2016/07/05 26.25 26.25 25.10 25.10 
2016/07/06 25.75 25.75 25.75 25.75 
2016/07/11 25.55 25.55 24.05 24.05 
2016/07/12 24.55 24.55 23.80 23.80 
2016/07/13 24.20 24.20 24.20 24.20 
2016/07/14 24.00 24.00 24.00 24.00 
2016/07/15 25.10 25.10 25.00 25.00 
2016/07/18 27.50 27.50 26.00 26.45 
2016/07/19 27.00 27.00 25.25 25.65 
2016/07/20 26.20 26.20 24.70 25.05 
2016/07/21 24.60 24.60 24.20 24.50 
2016/07/22 24.50 24.50 24.50 24.50 
2016/07/25 25.40 25.40 24.05 24.55 
2016/07/26 24.55 24.55 24.55 24.55 
2016/07/27 24.10 24.10 23.50 24.00 
2016/07/28 23.50 23.75 23.50 23.75 
2016/07/29 24.00 24.00 23.50 23.50 
2016/08/01 23.50 23.50 23.50 23.50 
2016/08/02 23.90 23.90 23.50 23.50 
2016/08/08 24.70 24.70 24.70 24.70 
2016/08/09 23.55 23.55 23.55 23.55 
2016/08/11 21.30 23.50 21.30 23.50 
2016/08/12 23.90 23.90 23.70 23.70 
2016/08/17 24.00 25.95 24.00 25.95 
2016/08/18 25.00 25.50 24.50 25.50 
2016/08/19 24.15 24.70 24.15 24.15 
2016/08/22 23.05 23.05 22.10 22.30 
2016/08/23 22.75 22.75 22.60 22.60 
2016/08/24 22.50 22.60 22.50 22.50 
2016/08/25 22.75 23.60 22.75 23.60 
2016/08/26 24.35 24.35 24.35 24.35 
2016/08/29 22.80 22.80 22.80 22.80 
2016/08/30 23.70 23.70 23.70 23.70 
2016/09/02 23.20 23.20 23.20 23.20 
2016/09/05 22.30 22.30 22.30 22.30 
2016/09/06 23.50 23.50 22.00 22.00 
2016/09/07 22.00 22.00 22.00 22.00 
2016/09/08 22.75 22.75 22.75 22.75 
2016/09/09 21.35 22.20 21.35 22.20 
2016/09/10 21.95 22.60 21.95 22.45 
2016/09/12 22.40 22.40 22.40 22.40 
2016/09/13 21.45 21.50 21.35 21.45 
2016/09/14 22.90 22.90 22.90 22.90 
2016/09/19 21.35 22.30 21.20 22.30 
2016/09/20 22.30 22.30 22.30 22.30 
2016/09/21 21.55 24.00 21.55 23.90 
2016/09/29 22.60 22.60 22.50 22.50 
2016/09/30 24.75 24.75 22.05 22.20 
2016/10/03 22.50 22.50 22.00 22.00 
2016/10/05 21.80 22.80 21.60 22.80 
2016/10/06 22.00 22.50 21.30 21.95 
2016/10/11 21.00 21.00 21.00 21.00 
2016/10/12 21.00 21.00 21.00 21.00 
2016/10/13 20.50 20.50 20.50 20.50 
2016/10/14 20.95 21.45 20.95 21.45 
2016/10/17 20.35 20.35 20.35 20.35 
2016/10/18 20.30 20.30 20.30 20.30 
2016/10/20 20.00 20.00 19.10 19.10 
2016/10/21 19.70 19.85 19.70 19.85 
2016/10/24 20.85 20.85 20.60 20.60 
2016/10/26 19.65 20.60 19.65 20.60 
2016/10/27 19.80 19.80 19.60 19.60 
2016/10/28 21.00 21.10 19.85 20.90 
2016/11/01 20.00 20.00 20.00 20.00 
2016/11/08 18.70 20.50 18.70 20.50 
2016/11/15 18.35 19.05 18.20 18.40 
2016/11/16 19.50 19.50 19.50 19.50 
2016/11/17 19.40 19.40 19.40 19.40 
2016/11/18 17.50 18.95 17.50 18.95 
2016/11/21 18.80 18.80 17.10 17.10 
2016/11/22 17.00 17.25 17.00 17.00 
2016/11/23 16.60 16.60 16.25 16.25 
2016/11/24 16.25 17.20 16.25 17.20 
2016/11/28 17.00 17.50 17.00 17.50 
2016/11/30 17.75 18.00 17.75 18.00 
2016/12/01 18.00 18.00 18.00 18.00 
2016/12/06 18.05 19.40 18.05 18.30 
2016/12/07 19.15 19.15 18.15 18.70 
2016/12/08 19.15 19.15 19.10 19.10 
2016/12/09 17.65 18.45 17.65 18.45 
2016/12/12 18.45 18.45 18.45 18.45 
2016/12/13 19.35 19.35 18.20 18.20 
2016/12/14 19.10 19.10 19.10 19.10 
2016/12/21 19.25 19.25 19.25 19.25 
2016/12/28 17.95 18.95 17.90 18.95 
2016/12/29 18.00 18.30 18.00 18.00 
2016/12/30 18.50 18.50 18.50 18.50 
2017/01/03 18.50 18.50 18.50 18.50 
2017/01/09 19.20 19.20 19.20 19.20 
2017/01/11 18.60 18.95 18.00 18.00 
2017/01/12 19.20 19.25 19.20 19.25 
2017/01/18 19.20 19.30 18.20 19.25 
2017/01/19 19.80 19.80 18.05 18.05 
2017/01/20 18.25 18.25 18.10 18.10 
2017/01/23 17.75 17.75 17.45 17.45 
2017/01/24 18.00 18.40 18.00 18.00 
2017/02/03 18.75 18.75 18.75 18.75 
2017/02/06 18.15 18.15 18.15 18.15 
2017/02/07 18.10 18.20 18.10 18.20 
2017/02/08 18.20 18.20 18.20 18.20 
