2016/07/01 11.45 11.55 11.35 11.40 
2016/07/04 11.40 11.50 11.35 11.40 
2016/07/05 11.40 11.60 11.35 11.45 
2016/07/06 11.50 11.50 11.40 11.40 
2016/07/07 11.50 11.90 11.50 11.65 
2016/07/11 11.80 11.80 11.65 11.70 
2016/07/12 11.75 11.75 11.60 11.65 
2016/07/13 11.70 11.90 11.60 11.85 
2016/07/14 11.85 11.85 11.75 11.80 
2016/07/15 11.85 11.85 11.75 11.85 
2016/07/18 11.95 12.20 11.90 12.20 
2016/07/19 12.30 12.40 12.15 12.35 
2016/07/20 11.60 11.75 11.45 11.50 
2016/07/21 11.55 11.90 11.50 11.65 
2016/07/22 11.60 11.70 11.50 11.55 
2016/07/25 11.60 11.60 11.30 11.40 
2016/07/26 11.45 11.65 11.35 11.60 
2016/07/27 11.70 11.70 11.45 11.55 
2016/07/28 11.75 11.90 11.65 11.65 
2016/07/29 11.65 11.70 11.55 11.55 
2016/08/01 11.65 11.90 11.55 11.80 
2016/08/02 11.80 11.85 11.70 11.70 
2016/08/03 11.60 11.80 11.60 11.70 
2016/08/04 11.70 11.80 11.60 11.65 
2016/08/05 11.70 11.85 11.65 11.80 
2016/08/08 11.85 11.90 11.70 11.70 
2016/08/09 11.70 11.75 11.60 11.60 
2016/08/10 11.55 11.65 11.55 11.60 
2016/08/11 11.90 12.10 11.85 11.85 
2016/08/12 11.95 12.05 11.80 11.90 
2016/08/15 11.90 12.15 11.90 12.00 
2016/08/16 12.00 12.15 11.95 12.10 
2016/08/17 12.15 12.15 12.00 12.05 
2016/08/18 12.05 12.45 12.00 12.40 
2016/08/19 12.35 12.60 12.25 12.30 
2016/08/22 12.30 12.35 12.05 12.05 
2016/08/23 12.15 12.35 12.10 12.25 
2016/08/24 12.35 12.40 12.20 12.20 
2016/08/25 12.30 12.85 12.25 12.75 
2016/08/26 12.70 12.95 12.60 12.80 
2016/08/29 12.80 13.00 12.65 12.95 
2016/08/30 13.05 13.10 12.85 12.95 
2016/08/31 13.00 13.00 12.80 12.90 
2016/09/01 12.90 12.95 12.70 12.75 
2016/09/02 12.80 12.90 12.50 12.75 
2016/09/05 12.80 12.95 12.70 12.95 
2016/09/06 13.00 13.80 12.95 13.55 
2016/09/07 13.60 13.70 13.35 13.55 
2016/09/08 13.65 13.90 13.50 13.80 
2016/09/09 13.70 13.75 13.60 13.75 
2016/09/10 13.45 13.45 13.25 13.25 
2016/09/12 13.25 13.45 13.10 13.25 
2016/09/13 13.50 13.50 13.00 13.15 
2016/09/14 13.15 13.25 13.05 13.25 
2016/09/19 13.35 13.60 13.30 13.45 
2016/09/20 13.50 13.50 13.30 13.45 
2016/09/21 13.45 13.50 13.40 13.45 
2016/09/22 13.60 13.75 13.45 13.45 
2016/09/23 13.45 13.50 13.35 13.50 
2016/09/26 13.50 13.50 13.45 13.45 
2016/09/29 13.50 13.65 13.45 13.45 
2016/09/30 13.50 13.50 13.25 13.30 
2016/10/03 13.35 13.40 13.20 13.20 
2016/10/04 13.25 13.30 13.10 13.20 
2016/10/05 13.20 13.40 13.15 13.40 
2016/10/06 13.45 13.50 13.30 13.35 
2016/10/07 13.35 13.35 13.10 13.15 
2016/10/11 13.20 13.20 12.20 12.60 
2016/10/12 12.80 12.90 12.60 12.70 
2016/10/13 12.80 12.85 12.70 12.75 
2016/10/14 12.80 12.80 12.50 12.60 
2016/10/17 12.65 12.90 12.55 12.85 
2016/10/18 12.85 12.90 12.80 12.90 
2016/10/19 12.95 13.10 12.80 12.90 
2016/10/20 12.90 13.05 12.80 13.00 
2016/10/21 13.00 13.20 13.00 13.05 
2016/10/24 13.15 13.20 13.05 13.15 
2016/10/25 13.10 13.25 13.10 13.20 
2016/10/26 13.15 13.20 13.10 13.20 
2016/10/27 13.20 13.70 13.20 13.45 
2016/10/28 13.50 13.70 13.45 13.60 
2016/10/31 13.45 13.50 13.30 13.30 
2016/11/01 13.35 13.55 13.30 13.45 
2016/11/02 13.35 13.40 13.00 13.05 
2016/11/03 13.10 13.20 12.90 13.05 
2016/11/04 13.65 14.10 13.45 13.95 
2016/11/07 14.15 14.30 14.05 14.10 
2016/11/08 14.10 14.20 13.85 14.10 
2016/11/09 14.15 14.15 13.55 13.60 
2016/11/10 14.10 14.80 14.10 14.65 
2016/11/11 14.30 14.55 14.05 14.50 
2016/11/14 14.55 14.60 14.20 14.40 
2016/11/15 14.40 14.45 14.10 14.25 
2016/11/16 14.45 14.75 14.35 14.55 
2016/11/17 14.65 14.85 14.60 14.60 
2016/11/18 14.65 15.00 14.45 14.90 
2016/11/21 15.00 15.30 14.95 15.20 
2016/11/22 15.30 15.40 15.10 15.25 
2016/11/23 15.30 15.40 15.10 15.15 
2016/11/24 15.15 15.20 14.85 15.00 
2016/11/25 15.05 15.25 14.95 15.05 
2016/11/28 15.05 15.35 15.00 15.20 
2016/11/29 15.15 15.35 15.15 15.15 
2016/11/30 15.20 15.60 15.20 15.40 
2016/12/01 15.40 15.50 15.30 15.35 
2016/12/02 15.30 15.35 15.20 15.25 
2016/12/05 15.25 15.55 15.25 15.50 
2016/12/06 15.50 15.55 15.15 15.20 
2016/12/07 15.15 15.30 15.05 15.15 
2016/12/08 15.25 15.40 15.10 15.20 
2016/12/09 15.30 15.30 15.15 15.25 
2016/12/12 15.30 15.35 15.10 15.10 
2016/12/13 15.20 15.35 15.15 15.35 
2016/12/14 15.35 15.45 15.35 15.35 
2016/12/15 15.35 15.55 15.35 15.55 
2016/12/16 15.65 15.90 15.40 15.40 
2016/12/19 15.45 15.45 15.20 15.20 
2016/12/20 15.25 15.25 15.05 15.15 
2016/12/21 15.20 15.30 15.15 15.25 
2016/12/22 15.20 15.25 14.60 14.75 
2016/12/23 14.80 15.10 14.75 14.85 
2016/12/26 14.90 15.00 14.85 14.95 
2016/12/27 14.95 15.05 14.90 14.95 
2016/12/28 15.00 15.20 14.95 15.05 
2016/12/29 15.05 15.15 15.05 15.05 
2016/12/30 15.15 15.20 15.00 15.05 
2017/01/03 15.10 15.45 15.05 15.40 
2017/01/04 15.40 15.55 15.40 15.50 
2017/01/05 15.55 15.75 15.45 15.65 
2017/01/06 15.75 15.90 15.65 15.80 
2017/01/09 15.90 16.10 15.80 15.80 
2017/01/10 15.80 15.90 15.65 15.85 
2017/01/11 15.95 16.25 15.95 16.10 
2017/01/12 16.10 16.20 15.95 16.00 
2017/01/13 15.95 16.00 15.90 16.00 
2017/01/16 16.00 16.10 15.90 15.95 
2017/01/17 15.90 16.05 15.90 16.00 
2017/01/18 16.05 16.50 16.05 16.45 
2017/01/19 16.40 16.40 16.15 16.20 
2017/01/20 16.20 16.30 16.10 16.10 
2017/01/23 16.15 16.50 16.10 16.35 
2017/01/24 16.50 16.60 16.30 16.35 
2017/02/02 16.50 16.90 16.40 16.80 
2017/02/03 16.65 17.05 16.65 16.95 
2017/02/06 17.00 17.05 16.85 16.95 
2017/02/07 16.95 17.10 16.85 17.00 
2017/02/08 17.00 17.00 16.35 16.45 
