2016/07/01 15.15 15.15 14.80 14.80 
2016/07/04 14.80 14.95 14.65 14.80 
2016/07/05 14.85 16.05 14.75 15.75 
2016/07/06 15.45 15.50 14.95 15.00 
2016/07/07 15.05 15.40 15.00 15.15 
2016/07/11 15.40 15.40 15.10 15.25 
2016/07/12 15.40 15.45 15.10 15.15 
2016/07/13 15.30 15.60 15.15 15.50 
2016/07/14 15.00 15.20 14.90 14.95 
2016/07/15 15.10 15.35 15.00 15.20 
2016/07/18 15.30 15.30 15.10 15.15 
2016/07/19 15.20 15.40 15.05 15.25 
2016/07/20 15.25 15.25 15.05 15.10 
2016/07/21 15.05 15.30 15.05 15.15 
2016/07/22 15.20 15.95 15.20 15.70 
2016/07/25 15.85 15.95 15.30 15.55 
2016/07/26 15.55 15.70 15.35 15.65 
2016/07/27 15.70 15.75 15.40 15.50 
2016/07/28 15.45 15.60 15.30 15.40 
2016/07/29 15.40 15.40 15.20 15.20 
2016/08/01 15.30 15.40 15.25 15.35 
2016/08/02 15.35 15.70 15.30 15.35 
2016/08/03 15.25 15.50 15.15 15.35 
2016/08/04 15.50 15.50 15.20 15.25 
2016/08/05 15.35 15.60 15.25 15.35 
2016/08/08 15.45 15.50 15.25 15.40 
2016/08/09 15.35 15.70 15.30 15.45 
2016/08/10 15.45 15.55 15.30 15.40 
2016/08/11 15.25 15.30 15.10 15.15 
2016/08/12 15.20 15.25 14.00 14.00 
2016/08/15 14.00 14.25 13.80 14.20 
2016/08/16 14.20 14.40 14.15 14.30 
2016/08/17 14.25 14.30 14.05 14.10 
2016/08/18 14.25 14.30 14.15 14.20 
2016/08/19 14.30 14.35 14.10 14.10 
2016/08/22 14.15 14.40 14.10 14.35 
2016/08/23 14.30 14.45 14.30 14.30 
2016/08/24 14.40 14.45 14.10 14.15 
2016/08/25 14.15 14.30 14.15 14.25 
2016/08/26 14.25 14.40 14.25 14.35 
2016/08/29 14.30 14.35 14.10 14.30 
2016/08/30 14.35 14.40 14.10 14.25 
2016/08/31 14.45 14.45 14.20 14.25 
2016/09/01 14.35 14.55 14.30 14.35 
2016/09/02 14.55 15.40 14.45 15.40 
2016/09/05 15.40 15.40 15.15 15.25 
2016/09/06 15.30 15.40 15.20 15.40 
2016/09/07 15.40 15.40 15.05 15.10 
2016/09/08 15.10 15.10 14.80 14.90 
2016/09/09 14.80 15.10 14.70 15.00 
2016/09/10 14.75 14.90 14.65 14.65 
2016/09/12 14.65 14.70 14.40 14.40 
2016/09/13 14.55 14.65 14.20 14.45 
2016/09/14 14.35 14.45 14.30 14.35 
2016/09/19 14.55 14.80 14.45 14.80 
2016/09/20 14.80 14.85 14.65 14.80 
2016/09/21 14.80 14.85 14.65 14.80 
2016/09/22 14.95 14.95 14.70 14.80 
2016/09/23 14.85 14.90 14.80 14.90 
2016/09/26 14.90 14.95 14.75 14.75 
2016/09/29 14.90 15.10 14.80 14.95 
2016/09/30 14.90 14.90 14.55 14.55 
2016/10/03 14.70 14.75 14.55 14.55 
2016/10/04 14.60 14.95 14.55 14.70 
2016/10/05 14.70 14.70 14.55 14.55 
2016/10/06 14.55 14.65 14.50 14.55 
2016/10/07 14.55 14.60 14.50 14.50 
2016/10/11 14.65 14.75 14.30 14.45 
2016/10/12 14.40 14.60 14.40 14.45 
2016/10/13 14.55 14.60 14.40 14.45 
2016/10/14 14.40 14.60 14.40 14.45 
2016/10/17 14.50 14.55 14.25 14.30 
2016/10/18 14.30 14.45 14.15 14.30 
2016/10/19 14.30 14.40 14.25 14.30 
2016/10/20 14.35 14.65 14.30 14.35 
2016/10/21 14.40 14.55 14.40 14.50 
2016/10/24 14.55 14.55 14.40 14.45 
2016/10/25 14.45 14.50 14.30 14.35 
2016/10/26 14.30 14.40 14.25 14.25 
2016/10/27 14.40 14.60 14.35 14.40 
2016/10/28 14.40 14.45 14.25 14.35 
2016/10/31 14.40 14.60 14.35 14.50 
2016/11/01 14.50 14.55 14.40 14.45 
2016/11/02 14.40 14.50 14.30 14.30 
2016/11/03 14.30 14.40 13.90 13.90 
2016/11/04 13.85 14.00 13.75 13.85 
2016/11/07 13.85 14.15 13.85 13.90 
2016/11/08 14.00 14.05 13.80 13.90 
2016/11/09 14.00 14.00 13.00 13.15 
2016/11/10 13.50 13.60 13.40 13.50 
2016/11/11 13.40 13.50 13.10 13.10 
2016/11/14 13.10 13.15 12.70 12.80 
2016/11/15 12.75 13.15 12.70 12.90 
2016/11/16 13.05 13.30 13.00 13.20 
2016/11/17 13.15 13.25 13.05 13.20 
2016/11/18 13.30 13.30 13.10 13.20 
2016/11/21 13.25 13.45 13.10 13.45 
2016/11/22 13.50 13.65 13.40 13.55 
2016/11/23 13.60 13.65 13.40 13.45 
2016/11/24 13.55 13.60 13.40 13.50 
2016/11/25 13.50 13.70 13.50 13.60 
2016/11/28 13.60 13.90 13.55 13.75 
2016/11/29 13.75 13.80 13.50 13.50 
2016/11/30 13.55 13.60 13.45 13.50 
2016/12/01 13.45 13.65 13.40 13.45 
2016/12/02 13.40 13.50 13.30 13.35 
2016/12/05 13.35 13.40 13.20 13.20 
2016/12/06 13.35 13.40 13.30 13.35 
2016/12/07 13.45 13.50 13.35 13.35 
2016/12/08 13.45 13.60 13.40 13.55 
2016/12/09 13.65 13.65 13.50 13.65 
2016/12/12 13.70 13.75 13.55 13.55 
2016/12/13 13.60 13.60 13.50 13.55 
2016/12/14 13.60 13.65 13.50 13.55 
2016/12/15 13.50 13.60 13.45 13.55 
2016/12/16 13.55 13.60 13.40 13.50 
2016/12/19 13.45 13.50 13.35 13.35 
2016/12/20 13.35 13.40 13.25 13.30 
2016/12/21 13.00 13.20 12.65 13.20 
2016/12/22 13.20 13.40 13.15 13.15 
2016/12/23 13.30 13.30 12.95 13.00 
2016/12/26 13.00 13.10 12.80 12.90 
2016/12/27 12.90 12.95 12.85 12.90 
2016/12/28 12.95 13.00 12.90 12.95 
2016/12/29 12.95 13.00 12.90 12.90 
2016/12/30 12.95 13.10 12.95 13.10 
2017/01/03 13.05 13.15 13.00 13.10 
2017/01/04 13.10 13.15 13.05 13.10 
2017/01/05 13.20 13.45 13.15 13.35 
2017/01/06 13.40 13.50 13.35 13.45 
2017/01/09 13.50 13.50 13.30 13.30 
2017/01/10 13.30 13.40 13.25 13.30 
2017/01/11 13.30 13.40 13.20 13.40 
2017/01/12 13.45 13.50 13.35 13.50 
2017/01/13 13.50 13.50 13.40 13.45 
2017/01/16 13.50 13.50 13.40 13.45 
2017/01/17 13.45 14.10 13.45 14.05 
2017/01/18 14.00 14.15 13.90 14.05 
2017/01/19 14.05 14.25 13.95 14.20 
2017/01/20 14.20 14.70 14.15 14.50 
2017/01/23 14.65 14.70 14.50 14.65 
2017/01/24 14.65 14.65 14.35 14.40 
2017/02/02 14.50 14.65 14.30 14.65 
2017/02/03 14.65 14.80 14.55 14.65 
2017/02/06 14.65 14.85 14.50 14.75 
2017/02/07 14.65 14.90 14.60 14.80 
2017/02/08 14.80 14.80 14.50 14.55 
