2016/07/01 75.50 75.60 75.00 75.00 
2016/07/04 75.00 75.40 74.50 75.00 
2016/07/05 74.70 74.90 74.00 74.20 
2016/07/06 73.80 73.80 73.00 73.00 
2016/07/07 73.40 73.70 73.40 73.40 
2016/07/11 74.20 74.90 74.00 74.10 
2016/07/12 74.10 75.50 74.10 75.50 
2016/07/13 75.70 76.50 75.20 76.50 
2016/07/14 76.70 76.70 76.00 76.50 
2016/07/15 76.70 77.80 76.50 77.50 
2016/07/18 78.00 78.40 77.30 78.40 
2016/07/19 78.70 78.80 77.60 78.30 
2016/07/20 77.80 78.20 77.10 77.50 
2016/07/21 78.00 78.80 77.60 78.60 
2016/07/22 78.60 78.60 78.00 78.40 
2016/07/25 78.80 78.90 76.80 77.60 
2016/07/26 77.30 78.30 77.10 78.00 
2016/07/27 78.50 78.80 78.10 78.20 
2016/07/28 78.30 78.80 77.70 78.80 
2016/07/29 78.30 78.80 77.30 77.30 
2016/08/01 77.80 78.30 77.30 77.70 
2016/08/02 77.90 77.90 77.50 77.60 
2016/08/03 76.50 78.30 76.50 78.00 
2016/08/04 78.40 78.50 77.80 78.20 
2016/08/05 78.50 78.50 77.20 78.00 
2016/08/08 78.40 78.80 77.80 78.80 
2016/08/09 79.30 79.50 78.80 79.20 
2016/08/10 79.40 79.50 78.70 79.50 
2016/08/11 79.40 79.40 78.30 79.10 
2016/08/12 79.10 80.00 78.70 79.90 
2016/08/15 80.20 84.40 79.40 84.30 
2016/08/16 84.30 85.00 83.00 83.50 
2016/08/17 83.30 84.50 83.10 83.50 
2016/08/18 84.30 85.00 83.90 84.30 
2016/08/19 84.80 85.20 84.00 84.70 
2016/08/22 85.00 85.00 82.60 84.40 
2016/08/23 84.60 84.80 83.80 84.20 
2016/08/24 84.70 87.40 84.60 86.70 
2016/08/25 87.50 89.00 87.30 89.00 
2016/08/26 89.50 89.50 87.50 89.20 
2016/08/29 89.50 90.40 88.50 89.70 
2016/08/30 90.00 90.00 88.90 89.40 
2016/08/31 89.40 89.70 88.00 89.00 
2016/09/01 88.90 88.90 87.00 87.10 
2016/09/02 83.90 84.20 80.00 83.40 
2016/09/05 84.90 85.90 84.60 85.00 
2016/09/06 85.60 87.40 85.30 87.30 
2016/09/07 87.10 87.40 86.20 86.60 
2016/09/08 87.20 87.20 86.20 86.60 
2016/09/09 85.90 86.00 85.10 86.00 
2016/09/10 83.90 84.90 83.80 84.50 
2016/09/12 84.00 84.30 81.40 81.40 
2016/09/13 82.00 82.50 79.80 80.60 
2016/09/14 80.70 83.90 80.70 83.50 
2016/09/19 86.50 89.40 86.30 89.20 
2016/09/20 88.90 89.60 87.80 89.50 
2016/09/21 88.80 89.70 88.50 89.70 
2016/09/22 90.40 92.50 89.40 89.70 
2016/09/23 90.90 91.50 89.70 89.70 
2016/09/26 89.00 89.40 88.40 88.80 
2016/09/29 90.30 91.60 90.30 91.60 
2016/09/30 91.10 92.50 90.40 91.80 
2016/10/03 92.90 93.10 91.00 91.20 
2016/10/04 91.50 93.00 91.20 93.00 
2016/10/05 93.00 94.40 92.80 93.50 
2016/10/06 93.70 93.70 92.40 93.40 
2016/10/07 93.90 93.90 92.20 92.60 
2016/10/11 93.90 94.30 91.90 93.70 
2016/10/12 92.20 93.30 91.40 92.60 
2016/10/13 93.00 93.20 91.00 91.00 
2016/10/14 91.00 91.50 89.80 91.00 
2016/10/17 91.00 92.00 90.20 92.00 
2016/10/18 92.00 92.90 91.60 92.90 
2016/10/19 93.00 95.50 92.90 95.50 
2016/10/20 95.70 96.50 95.00 95.50 
2016/10/21 95.50 96.90 95.20 96.40 
2016/10/24 95.20 95.90 94.90 94.90 
2016/10/25 95.00 95.80 94.60 94.80 
2016/10/26 94.50 94.50 93.00 93.10 
2016/10/27 93.00 93.80 91.90 92.10 
2016/10/28 92.10 92.10 89.80 91.50 
2016/10/31 90.50 92.00 89.90 91.60 
2016/11/01 91.00 92.00 90.70 91.00 
2016/11/02 90.50 90.50 88.20 88.50 
2016/11/03 88.00 89.40 87.80 88.70 
2016/11/04 88.70 91.00 88.20 90.20 
2016/11/07 90.60 91.20 90.40 90.80 
2016/11/08 91.50 92.00 90.50 91.90 
2016/11/09 92.50 92.80 87.90 88.40 
2016/11/10 91.00 91.00 89.80 91.00 
2016/11/11 88.50 88.50 83.50 83.70 
2016/11/14 83.80 84.60 80.70 81.30 
2016/11/15 80.90 83.00 80.90 81.30 
2016/11/16 82.70 84.50 82.50 83.00 
2016/11/17 83.20 84.30 82.00 83.00 
2016/11/18 83.00 83.90 82.20 83.50 
2016/11/21 84.50 84.50 82.50 83.00 
2016/11/22 83.00 84.40 83.00 83.60 
2016/11/23 83.90 84.60 83.60 84.60 
2016/11/24 84.50 84.50 83.10 83.30 
2016/11/25 83.00 83.50 81.60 81.80 
2016/11/28 82.80 83.20 81.80 82.20 
2016/11/29 82.40 84.50 82.40 84.00 
2016/11/30 84.00 84.70 82.00 83.60 
2016/12/01 83.40 83.50 82.20 82.30 
2016/12/02 82.40 82.80 81.80 82.80 
2016/12/05 82.80 83.30 82.00 82.90 
2016/12/06 83.30 83.50 82.50 82.70 
2016/12/07 83.30 83.70 83.00 83.60 
2016/12/08 84.40 85.50 84.20 85.50 
2016/12/09 86.00 86.20 85.00 86.00 
2016/12/12 85.50 86.40 85.20 85.60 
2016/12/13 85.60 86.40 85.40 86.20 
2016/12/14 87.00 87.10 86.00 86.70 
2016/12/15 86.70 86.70 85.60 86.30 
2016/12/16 86.30 86.70 85.30 85.30 
2016/12/19 85.30 85.90 83.60 83.70 
2016/12/20 83.50 84.30 83.20 83.60 
2016/12/21 84.00 84.50 83.70 83.70 
2016/12/22 83.70 83.90 83.00 83.00 
2016/12/23 82.80 83.30 82.60 82.70 
2016/12/26 83.30 83.30 82.70 83.00 
2016/12/27 83.10 84.60 82.80 84.00 
2016/12/28 84.40 85.40 84.40 85.00 
2016/12/29 84.70 85.50 84.30 85.00 
2016/12/30 85.40 85.80 84.90 85.30 
2017/01/03 85.50 85.70 84.80 85.50 
2017/01/04 85.90 86.00 85.20 85.50 
2017/01/05 85.30 85.80 84.80 85.30 
2017/01/06 85.10 85.80 85.00 85.00 
2017/01/09 85.80 85.80 85.40 85.60 
2017/01/10 85.80 86.00 85.20 85.50 
2017/01/11 85.00 85.80 84.50 85.60 
2017/01/12 85.30 85.50 84.00 84.80 
2017/01/13 85.00 85.50 84.70 85.40 
2017/01/16 85.00 85.00 83.80 84.70 
2017/01/17 84.70 85.50 84.30 85.50 
2017/01/18 85.50 86.60 85.20 85.70 
2017/01/19 85.50 86.00 84.80 85.90 
2017/01/20 85.20 85.60 84.60 84.60 
2017/01/23 85.30 88.20 85.20 87.20 
2017/01/24 87.50 88.70 87.20 87.90 
2017/02/02 89.40 89.90 88.10 88.60 
2017/02/03 88.60 89.30 87.30 88.40 
2017/02/06 89.20 89.90 89.00 89.40 
2017/02/07 89.50 89.90 88.90 89.80 
2017/02/08 89.90 94.90 89.40 94.00 
