2016/07/01 69.80 69.80 68.10 68.20 
2016/07/04 68.20 68.90 68.00 68.80 
2016/07/05 68.80 69.20 68.30 68.60 
2016/07/06 68.20 68.30 67.20 67.20 
2016/07/07 67.20 68.00 66.50 66.60 
2016/07/11 67.50 68.80 67.40 68.00 
2016/07/12 68.10 68.50 67.60 68.50 
2016/07/13 68.50 68.80 68.00 68.50 
2016/07/14 68.40 70.30 67.20 70.30 
2016/07/15 70.90 71.40 69.50 69.70 
2016/07/18 69.70 70.20 69.00 70.00 
2016/07/19 69.90 70.30 68.90 70.00 
2016/07/20 70.00 70.00 69.30 70.00 
2016/07/21 70.20 70.40 70.00 70.00 
2016/07/22 70.50 70.50 69.30 69.30 
2016/07/25 69.90 71.50 69.50 70.80 
2016/07/26 70.70 71.40 69.70 71.20 
2016/07/27 71.20 71.70 70.40 71.10 
2016/07/28 71.30 71.30 69.80 70.00 
2016/07/29 70.00 70.40 69.50 70.00 
2016/08/01 70.00 71.20 70.00 70.70 
2016/08/02 68.60 68.80 68.30 68.50 
2016/08/03 68.50 68.50 67.30 67.50 
2016/08/04 67.90 69.10 67.70 68.70 
2016/08/05 68.80 69.00 67.80 68.00 
2016/08/08 68.70 69.00 67.60 67.70 
2016/08/09 67.80 68.00 65.90 65.90 
2016/08/10 67.00 70.30 66.90 68.40 
2016/08/11 69.30 69.50 67.00 67.70 
2016/08/12 68.20 69.00 68.00 68.00 
2016/08/15 69.00 70.00 68.30 68.30 
2016/08/16 68.70 68.90 68.20 68.60 
2016/08/17 68.60 71.80 68.50 71.80 
2016/08/18 72.00 73.30 71.00 71.30 
2016/08/19 71.50 72.40 70.60 71.60 
2016/08/22 71.90 73.50 71.40 73.20 
2016/08/23 73.30 74.30 72.20 72.80 
2016/08/24 73.00 73.00 72.00 72.00 
2016/08/25 72.10 73.50 72.10 73.00 
2016/08/26 73.50 75.00 72.90 74.50 
2016/08/29 74.00 75.80 73.20 75.70 
2016/08/30 75.90 76.50 74.60 75.90 
2016/08/31 75.60 76.00 74.50 75.60 
2016/09/01 75.10 75.30 73.80 73.80 
2016/09/02 74.30 74.50 72.80 74.20 
2016/09/05 74.70 75.20 74.30 74.80 
2016/09/06 75.20 77.30 74.80 76.50 
2016/09/07 77.00 77.00 75.60 75.80 
2016/09/08 76.20 76.30 75.50 76.30 
2016/09/09 76.50 76.80 75.50 75.70 
2016/09/10 71.80 72.80 71.50 72.00 
2016/09/12 72.50 72.50 71.50 71.60 
2016/09/13 72.50 72.50 70.10 70.50 
2016/09/14 70.60 73.70 70.50 73.70 
2016/09/19 73.20 74.00 72.60 73.90 
2016/09/20 73.80 74.60 73.00 74.50 
2016/09/21 75.00 75.00 73.80 73.90 
2016/09/22 75.00 75.00 73.50 73.50 
2016/09/23 73.50 74.20 72.50 72.60 
2016/09/26 72.20 72.30 71.10 71.50 
2016/09/29 71.80 72.00 70.50 71.00 
2016/09/30 69.60 70.10 69.00 69.80 
2016/10/03 70.50 70.60 69.30 70.00 
2016/10/04 70.40 70.40 69.00 69.30 
2016/10/05 69.00 69.80 67.50 67.60 
2016/10/06 67.60 68.00 66.80 66.80 
2016/10/07 66.90 67.90 66.70 67.00 
2016/10/11 66.00 66.00 61.30 61.80 
2016/10/12 61.60 62.60 60.30 61.90 
2016/10/13 62.00 62.90 61.70 62.00 
2016/10/14 61.80 63.00 61.10 62.40 
2016/10/17 61.70 62.40 61.00 61.70 
2016/10/18 61.20 64.10 61.20 63.10 
2016/10/19 63.00 63.40 62.70 63.00 
2016/10/20 62.70 63.00 62.00 62.40 
2016/10/21 62.00 63.60 62.00 63.00 
2016/10/24 63.00 63.80 62.30 63.40 
2016/10/25 63.70 64.00 62.50 62.70 
2016/10/26 62.40 63.40 62.40 63.00 
2016/10/27 63.50 63.50 62.00 62.00 
2016/10/28 61.90 62.30 61.20 61.20 
2016/10/31 60.50 60.90 58.70 60.50 
2016/11/01 60.50 60.70 59.80 60.10 
2016/11/02 59.30 59.50 57.70 57.70 
2016/11/03 57.20 57.40 55.30 55.50 
2016/11/04 55.00 55.70 54.10 54.10 
2016/11/07 54.80 56.40 54.80 55.90 
2016/11/08 56.10 56.30 54.40 55.50 
2016/11/09 55.50 55.70 51.10 52.10 
2016/11/10 54.00 56.30 53.20 56.20 
2016/11/11 54.50 54.80 53.60 54.50 
2016/11/14 57.00 59.40 56.00 59.40 
2016/11/15 59.00 59.10 57.70 58.80 
2016/11/16 58.90 60.60 58.40 59.00 
2016/11/17 59.00 59.00 57.60 58.00 
2016/11/18 58.20 59.50 57.60 59.00 
2016/11/21 59.80 59.90 59.20 59.60 
2016/11/22 59.90 60.60 59.40 60.60 
2016/11/23 60.80 61.00 60.30 60.90 
2016/11/24 61.40 61.40 60.10 60.10 
2016/11/25 60.30 60.90 59.70 60.40 
2016/11/28 60.90 61.40 60.70 60.70 
2016/11/29 60.70 63.30 60.10 63.10 
2016/11/30 63.10 63.20 61.90 61.90 
2016/12/01 62.50 62.50 61.20 61.30 
2016/12/02 60.90 60.90 59.90 60.10 
2016/12/05 60.30 61.10 60.20 60.80 
2016/12/06 61.10 61.60 60.80 60.80 
2016/12/07 61.10 62.40 61.10 62.40 
2016/12/08 63.00 63.00 61.40 61.90 
2016/12/09 63.10 63.90 63.10 63.10 
2016/12/12 63.20 63.80 62.80 63.40 
2016/12/13 63.70 63.70 62.90 63.30 
2016/12/14 63.30 63.70 63.10 63.30 
2016/12/15 63.20 63.30 62.70 62.80 
2016/12/16 62.80 63.30 62.60 62.80 
2016/12/19 63.40 63.40 60.60 60.90 
2016/12/20 60.90 61.40 60.70 60.80 
2016/12/21 60.90 61.40 60.20 61.00 
2016/12/22 60.80 60.80 60.30 60.50 
2016/12/23 60.50 60.50 59.20 59.40 
2016/12/26 59.40 60.00 59.40 59.80 
2016/12/27 60.10 60.20 59.60 59.70 
2016/12/28 59.90 61.00 59.90 60.80 
2016/12/29 60.90 61.40 60.40 60.50 
2016/12/30 61.00 61.00 60.50 60.70 
2017/01/03 60.80 61.10 60.70 61.10 
2017/01/04 61.10 62.30 61.10 62.00 
2017/01/05 62.10 62.50 61.60 61.80 
2017/01/06 61.80 62.30 61.50 61.50 
2017/01/09 62.00 62.10 61.50 62.00 
2017/01/10 62.20 62.20 61.40 62.10 
2017/01/11 62.20 62.20 61.60 61.80 
2017/01/12 62.00 62.40 61.80 62.00 
2017/01/13 62.20 62.20 61.10 61.40 
2017/01/16 61.10 61.10 60.20 60.20 
2017/01/17 60.30 61.30 60.30 61.30 
2017/01/18 61.30 61.40 60.80 61.00 
2017/01/19 61.40 61.90 60.80 61.60 
2017/01/20 61.60 62.10 61.60 61.60 
2017/01/23 62.00 62.10 61.60 61.70 
2017/01/24 61.90 62.20 61.60 61.90 
2017/02/02 62.80 62.90 61.80 62.30 
2017/02/03 62.30 62.70 62.00 62.60 
2017/02/06 63.00 64.50 62.90 63.60 
2017/02/07 63.60 63.80 62.60 62.90 
2017/02/08 63.10 63.20 62.10 62.50 
