2016/07/01 23.00 23.45 22.90 23.35 
2016/07/04 23.45 23.65 23.20 23.35 
2016/07/05 23.40 23.65 23.35 23.55 
2016/07/06 23.35 23.40 22.60 22.60 
2016/07/07 22.75 23.40 22.75 23.35 
2016/07/11 23.80 24.40 23.65 24.35 
2016/07/12 24.50 24.85 24.35 24.80 
2016/07/13 25.15 25.25 24.85 25.25 
2016/07/14 23.85 24.00 23.50 23.60 
2016/07/15 23.75 24.30 23.65 24.30 
2016/07/18 24.70 25.20 24.60 24.70 
2016/07/19 24.95 24.95 24.20 24.70 
2016/07/20 24.40 24.75 24.25 24.70 
2016/07/21 24.80 24.95 24.65 24.80 
2016/07/22 24.80 25.15 24.65 25.10 
2016/07/25 25.10 25.15 24.45 24.70 
2016/07/26 24.50 24.60 24.00 24.25 
2016/07/27 24.50 24.60 24.10 24.10 
2016/07/28 24.20 24.75 24.10 24.75 
2016/07/29 24.70 24.80 24.40 24.75 
2016/08/01 24.90 24.90 24.65 24.80 
2016/08/02 24.80 24.80 24.35 24.50 
2016/08/03 24.20 24.50 23.95 24.30 
2016/08/04 24.45 24.50 24.10 24.25 
2016/08/05 24.30 24.70 24.20 24.65 
2016/08/08 24.95 25.00 24.30 24.60 
2016/08/09 24.60 24.70 24.30 24.50 
2016/08/10 23.80 23.85 23.20 23.85 
2016/08/11 23.85 23.85 23.45 23.70 
2016/08/12 23.65 23.85 23.35 23.35 
2016/08/15 23.40 24.20 23.40 23.75 
2016/08/16 23.75 23.80 23.45 23.75 
2016/08/17 23.70 23.85 23.45 23.75 
2016/08/18 23.75 23.80 23.60 23.80 
2016/08/19 23.80 23.90 23.15 23.15 
2016/08/22 23.15 23.60 23.10 23.35 
2016/08/23 23.45 23.45 23.20 23.20 
2016/08/24 23.30 23.35 23.20 23.25 
2016/08/25 23.25 23.70 23.05 23.60 
2016/08/26 23.40 23.60 23.20 23.20 
2016/08/29 23.20 23.35 23.05 23.35 
2016/08/30 23.40 23.45 23.25 23.40 
2016/08/31 23.50 23.75 23.25 23.55 
2016/09/01 23.35 23.40 22.80 22.95 
2016/09/02 23.15 23.30 22.85 23.20 
2016/09/05 23.30 23.40 23.00 23.10 
2016/09/06 23.10 23.35 23.05 23.35 
2016/09/07 23.15 23.70 23.15 23.70 
2016/09/08 23.85 25.00 23.80 24.95 
2016/09/09 24.45 24.55 24.05 24.10 
2016/09/10 23.50 23.70 23.30 23.50 
2016/09/12 23.35 23.60 23.25 23.45 
2016/09/13 23.65 23.90 23.10 23.55 
2016/09/14 23.25 23.55 23.15 23.55 
2016/09/19 23.65 24.20 23.65 23.90 
2016/09/20 24.00 24.40 24.00 24.35 
2016/09/21 24.50 24.80 24.45 24.70 
2016/09/22 25.00 25.00 24.65 24.70 
2016/09/23 24.85 25.00 24.75 24.90 
2016/09/26 25.00 25.10 24.85 24.90 
2016/09/29 25.20 25.55 25.00 25.55 
2016/09/30 25.40 25.85 25.25 25.60 
2016/10/03 25.75 25.80 25.55 25.75 
2016/10/04 25.90 26.85 25.80 26.70 
2016/10/05 26.60 26.60 26.20 26.50 
2016/10/06 26.65 26.65 26.10 26.30 
2016/10/07 26.35 26.50 25.85 26.20 
2016/10/11 26.30 26.35 25.35 25.55 
2016/10/12 25.55 26.50 25.50 26.35 
2016/10/13 26.65 26.80 26.00 26.30 
2016/10/14 26.30 26.70 26.00 26.00 
2016/10/17 25.80 25.90 25.00 25.45 
2016/10/18 25.25 25.70 25.15 25.35 
2016/10/19 25.40 25.55 25.20 25.25 
2016/10/20 25.20 25.45 25.05 25.35 
2016/10/21 25.40 25.40 25.00 25.10 
2016/10/24 25.20 25.25 24.85 24.85 
2016/10/25 24.90 25.40 24.80 25.25 
2016/10/26 25.20 25.25 25.00 25.05 
2016/10/27 25.25 25.30 24.80 24.85 
2016/10/28 24.85 24.95 24.70 24.85 
2016/10/31 24.65 24.85 24.40 24.70 
2016/11/01 24.70 25.15 24.60 24.85 
2016/11/02 24.80 25.05 24.60 24.95 
2016/11/03 24.75 24.85 24.15 24.15 
2016/11/04 24.20 24.35 24.10 24.15 
2016/11/07 24.10 24.45 24.10 24.35 
2016/11/08 24.50 24.60 24.25 24.45 
2016/11/09 24.80 24.95 23.50 23.50 
2016/11/10 23.90 24.55 23.90 24.25 
2016/11/11 23.55 23.65 22.90 22.90 
2016/11/14 23.20 23.20 22.60 22.85 
2016/11/15 22.50 22.95 22.50 22.60 
2016/11/16 22.60 22.95 22.50 22.60 
2016/11/17 22.50 22.60 21.85 21.85 
2016/11/18 21.85 22.15 21.55 21.70 
2016/11/21 21.85 22.35 21.85 22.05 
2016/11/22 22.20 22.55 22.20 22.40 
2016/11/23 22.45 22.60 22.20 22.35 
2016/11/24 22.25 22.50 22.25 22.35 
2016/11/25 22.30 22.35 22.05 22.05 
2016/11/28 22.20 22.60 22.05 22.10 
2016/11/29 22.20 22.50 22.10 22.30 
2016/11/30 22.20 22.25 21.55 21.55 
2016/12/01 21.65 21.85 21.60 21.60 
2016/12/02 21.65 21.70 21.20 21.25 
2016/12/05 21.20 21.30 20.80 20.90 
2016/12/06 21.25 21.50 21.20 21.40 
2016/12/07 21.50 21.50 21.10 21.35 
2016/12/08 21.45 22.00 21.45 22.00 
2016/12/09 22.20 22.30 22.00 22.05 
2016/12/12 22.00 22.05 21.60 21.70 
2016/12/13 21.55 21.85 21.55 21.80 
2016/12/14 21.85 22.25 21.70 22.20 
2016/12/15 22.50 22.80 22.30 22.35 
2016/12/16 22.30 22.35 21.75 21.75 
2016/12/19 21.65 21.75 21.55 21.65 
2016/12/20 21.65 21.70 21.25 21.35 
2016/12/21 21.30 21.35 21.20 21.20 
2016/12/22 21.20 21.30 20.90 20.95 
2016/12/23 20.95 21.00 20.80 20.85 
2016/12/26 20.85 21.10 20.85 20.95 
2016/12/27 21.15 21.20 21.00 21.05 
2016/12/28 21.20 21.35 21.15 21.30 
2016/12/29 21.30 21.60 21.25 21.45 
2016/12/30 22.15 22.50 22.00 22.10 
2017/01/03 22.35 22.40 21.95 22.00 
2017/01/04 22.00 22.40 21.90 22.10 
2017/01/05 22.15 22.50 22.15 22.45 
2017/01/06 22.45 22.50 22.10 22.40 
2017/01/09 22.85 23.45 22.85 23.40 
2017/01/10 23.40 23.50 23.00 23.45 
2017/01/11 23.50 23.65 23.25 23.50 
2017/01/12 23.50 23.70 23.30 23.60 
2017/01/13 23.40 23.50 23.15 23.35 
2017/01/16 23.35 23.35 22.85 23.00 
2017/01/17 23.00 23.40 22.90 23.35 
2017/01/18 23.45 23.90 23.30 23.75 
2017/01/19 23.85 23.85 23.45 23.75 
2017/01/20 23.50 23.60 23.15 23.20 
2017/01/23 23.40 23.55 23.30 23.55 
2017/01/24 23.60 23.70 23.40 23.50 
2017/02/02 23.75 23.75 22.95 23.00 
2017/02/03 23.10 23.25 23.00 23.20 
2017/02/06 23.40 23.40 23.05 23.10 
2017/02/07 23.20 23.30 23.00 23.25 
2017/02/08 23.15 23.20 22.85 22.90 
