2016/07/01 7.05 7.10 6.92 7.01 
2016/07/04 7.23 7.23 7.00 7.03 
2016/07/05 7.00 7.00 6.34 6.58 
2016/07/06 6.50 6.50 6.10 6.25 
2016/07/07 6.28 6.35 6.15 6.35 
2016/07/11 6.36 6.98 6.25 6.98 
2016/07/12 6.99 7.53 6.99 7.41 
2016/07/13 7.43 7.62 7.11 7.12 
2016/07/14 7.12 7.40 7.00 7.20 
2016/07/15 7.29 7.44 7.20 7.32 
2016/07/18 7.35 7.50 7.25 7.26 
2016/07/19 7.25 7.38 7.13 7.34 
2016/07/20 7.21 7.44 7.15 7.37 
2016/07/21 7.50 7.50 7.17 7.28 
2016/07/22 7.28 7.28 7.06 7.06 
2016/07/25 7.06 7.25 7.00 7.10 
2016/07/26 7.11 7.15 7.03 7.15 
2016/07/27 7.24 7.24 7.01 7.10 
2016/07/28 7.20 7.20 7.11 7.14 
2016/07/29 7.19 7.22 7.12 7.15 
2016/08/01 7.20 7.25 7.15 7.20 
2016/08/02 7.25 7.25 7.01 7.15 
2016/08/03 7.05 7.17 6.81 7.15 
2016/08/04 7.08 7.08 6.96 6.96 
2016/08/05 7.05 7.05 6.96 7.01 
2016/08/08 7.00 7.06 6.85 6.86 
2016/08/09 6.86 6.97 6.82 6.85 
2016/08/10 6.90 6.92 6.80 6.89 
2016/08/11 6.96 6.96 6.50 6.75 
2016/08/12 6.75 6.78 6.60 6.75 
2016/08/15 6.70 6.82 6.70 6.71 
2016/08/16 6.92 6.92 6.70 6.75 
2016/08/17 6.84 6.84 6.32 6.49 
2016/08/18 6.49 6.50 6.30 6.35 
2016/08/19 6.38 6.47 6.26 6.37 
2016/08/22 6.16 6.44 6.16 6.35 
2016/08/23 6.35 6.40 6.05 6.30 
2016/08/24 6.30 6.30 6.17 6.22 
2016/08/25 6.22 6.29 6.14 6.22 
2016/08/26 6.20 6.25 6.10 6.24 
2016/08/29 6.24 6.30 6.20 6.28 
2016/08/30 6.25 6.90 6.25 6.90 
2016/08/31 7.10 7.59 7.05 7.59 
2016/09/01 7.30 7.68 7.28 7.28 
2016/09/02 7.11 7.61 6.90 7.51 
2016/09/05 7.75 7.75 7.40 7.48 
2016/09/06 7.30 7.40 7.30 7.35 
2016/09/07 7.18 7.36 7.18 7.21 
2016/09/08 7.21 7.21 7.11 7.16 
2016/09/09 7.10 7.20 7.03 7.19 
2016/09/10 7.20 7.90 7.20 7.88 
2016/09/12 7.80 7.95 7.65 7.78 
2016/09/13 7.45 7.75 7.45 7.75 
2016/09/14 7.80 7.80 7.23 7.66 
2016/09/19 7.66 7.80 7.66 7.70 
2016/09/20 7.55 7.90 7.55 7.85 
2016/09/21 7.70 7.90 7.63 7.85 
2016/09/22 7.74 7.88 7.74 7.88 
2016/09/23 7.66 7.90 7.66 7.90 
2016/09/26 7.80 7.90 7.70 7.75 
2016/09/29 7.70 7.75 7.67 7.68 
2016/09/30 7.67 7.67 7.41 7.50 
2016/10/03 7.48 7.58 7.36 7.56 
2016/10/04 7.41 7.45 7.36 7.40 
2016/10/05 7.32 7.36 7.21 7.30 
2016/10/06 7.12 7.39 7.12 7.23 
2016/10/07 7.25 7.26 7.06 7.25 
2016/10/11 7.24 7.24 7.08 7.10 
2016/10/12 7.10 7.23 7.09 7.23 
2016/10/13 7.02 7.55 7.02 7.42 
2016/10/14 7.39 7.80 7.16 7.68 
2016/10/17 7.66 7.78 7.47 7.71 
2016/10/18 7.25 7.73 7.25 7.69 
2016/10/19 7.36 7.65 7.34 7.51 
2016/10/31 14.00 14.10 13.80 14.10 
2016/11/01 13.70 14.20 13.00 13.20 
2016/11/02 13.20 13.95 13.20 13.80 
2016/11/03 13.60 13.80 13.30 13.50 
2016/11/04 13.20 13.70 13.15 13.60 
2016/11/07 13.15 13.65 13.15 13.45 
2016/11/08 13.45 13.45 13.30 13.40 
2016/11/09 13.30 13.30 12.70 12.70 
2016/11/10 12.90 13.65 12.90 13.40 
2016/11/11 12.95 13.35 12.95 13.30 
2016/11/14 12.00 13.00 12.00 12.40 
2016/11/15 12.30 12.95 12.30 12.45 
2016/11/16 12.90 12.90 12.30 12.80 
2016/11/17 12.55 12.80 12.40 12.70 
2016/11/18 12.50 13.00 12.40 13.00 
2016/11/21 14.10 14.10 12.90 13.30 
2016/11/22 13.30 13.80 13.00 13.80 
2016/11/23 13.70 13.85 13.50 13.85 
2016/11/24 13.85 13.85 13.10 13.80 
2016/11/25 13.40 13.85 13.40 13.80 
2016/11/28 13.80 14.15 13.40 14.00 
2016/11/29 14.10 14.15 13.80 13.90 
2016/11/30 13.95 13.95 13.65 13.65 
2016/12/01 13.50 13.85 13.50 13.70 
2016/12/02 13.60 13.70 13.25 13.25 
2016/12/05 13.30 13.30 13.05 13.25 
2016/12/06 13.25 13.40 13.05 13.40 
2016/12/07 13.40 13.50 13.30 13.40 
2016/12/08 13.55 13.95 13.45 13.95 
2016/12/09 14.00 14.80 14.00 14.60 
2016/12/12 14.60 15.15 14.60 14.75 
2016/12/13 14.75 14.75 14.20 14.45 
2016/12/14 14.05 14.45 14.05 14.20 
2016/12/15 14.10 14.10 13.90 13.95 
2016/12/16 14.05 14.10 14.00 14.00 
2016/12/19 14.00 14.30 13.80 14.30 
2016/12/20 14.20 14.30 14.05 14.20 
2016/12/21 14.35 15.60 14.35 15.60 
2016/12/22 15.60 17.10 15.30 17.10 
2016/12/23 16.85 17.05 15.50 16.35 
2016/12/26 16.90 16.90 16.50 16.60 
2016/12/27 16.90 17.90 16.90 17.10 
2016/12/28 16.65 16.65 15.40 16.15 
2016/12/29 16.10 16.10 15.70 16.00 
2016/12/30 16.10 16.40 15.55 16.25 
2017/01/03 16.30 16.30 15.65 15.80 
2017/01/04 15.85 16.05 15.70 15.80 
2017/01/05 15.70 15.90 15.60 15.60 
2017/01/06 15.65 15.70 15.10 15.35 
2017/01/09 15.35 15.80 15.25 15.40 
2017/01/10 15.40 15.45 15.05 15.20 
2017/01/11 15.45 15.45 14.95 15.00 
2017/01/12 14.90 15.10 14.85 14.85 
2017/01/13 14.85 14.85 14.50 14.50 
2017/01/16 14.50 14.50 14.20 14.40 
2017/01/17 14.70 15.45 14.70 15.10 
2017/01/18 15.10 15.20 14.75 14.80 
2017/01/19 14.75 14.75 14.35 14.35 
2017/01/20 14.40 14.70 14.40 14.40 
2017/01/23 14.70 14.80 14.45 14.65 
2017/01/24 14.65 14.95 14.50 14.90 
2017/02/02 14.95 15.05 14.70 14.90 
2017/02/03 15.05 15.05 14.75 14.75 
2017/02/06 14.80 14.80 14.50 14.55 
2017/02/07 14.40 15.15 14.40 14.75 
2017/02/08 14.75 14.75 14.45 14.70 
