2016/07/01 77.40 77.40 76.10 76.50 
2016/07/04 76.80 77.90 76.40 77.40 
2016/07/05 78.10 78.10 76.40 77.90 
2016/07/06 76.50 77.50 76.50 76.60 
2016/07/07 77.00 77.80 77.00 77.70 
2016/07/11 77.90 80.00 77.30 78.70 
2016/07/12 78.00 79.90 78.00 79.40 
2016/07/13 79.50 80.10 79.00 79.50 
2016/07/14 79.50 80.00 78.70 80.00 
2016/07/15 80.00 80.10 78.10 78.80 
2016/07/18 78.20 79.10 78.10 79.00 
2016/07/19 79.30 79.90 78.10 79.30 
2016/07/20 78.50 79.10 78.20 78.40 
2016/07/21 78.50 79.00 77.70 78.00 
2016/07/22 78.10 78.10 77.00 77.50 
2016/07/25 77.50 78.30 76.80 77.20 
2016/07/26 77.10 77.80 77.00 77.00 
2016/07/27 76.80 76.90 76.30 76.30 
2016/07/28 77.00 77.50 76.90 77.20 
2016/07/29 80.50 83.50 80.00 80.50 
2016/08/01 80.50 82.60 80.50 82.30 
2016/08/02 82.50 85.50 82.40 84.00 
2016/08/03 83.60 85.90 83.50 85.90 
2016/08/04 86.50 88.50 85.60 85.60 
2016/08/05 86.00 88.50 86.00 88.00 
2016/08/08 88.40 90.80 88.20 90.00 
2016/08/09 87.90 88.20 83.70 84.80 
2016/08/10 84.00 86.60 83.90 84.50 
2016/08/11 84.60 86.60 84.20 84.50 
2016/08/12 84.60 85.80 84.30 84.30 
2016/08/15 84.50 85.00 83.50 84.20 
2016/08/16 84.50 85.80 84.20 84.50 
2016/08/17 84.10 84.50 82.50 82.50 
2016/08/18 83.00 83.30 82.10 82.90 
2016/08/19 83.00 84.40 82.10 82.10 
2016/08/22 82.30 82.30 80.00 80.50 
2016/08/23 81.20 81.50 80.80 81.10 
2016/08/24 81.50 81.60 80.90 81.20 
2016/08/25 80.90 81.60 80.70 81.20 
2016/08/26 81.20 81.50 80.80 80.80 
2016/08/29 80.80 80.80 79.30 80.80 
2016/08/30 80.80 81.70 80.20 81.20 
2016/08/31 81.70 82.10 80.30 82.00 
2016/09/01 82.00 82.10 78.10 78.50 
2016/09/02 79.00 81.60 78.80 81.40 
2016/09/05 81.60 82.00 80.20 81.00 
2016/09/06 81.00 82.10 80.50 81.90 
2016/09/07 82.10 82.10 81.30 81.90 
2016/09/08 81.80 84.60 81.60 84.10 
2016/09/09 83.50 84.50 82.80 84.30 
2016/09/10 82.70 83.30 82.40 82.70 
2016/09/12 82.90 84.00 82.40 83.60 
2016/09/13 84.00 84.50 83.10 83.10 
2016/09/14 83.10 83.50 80.70 81.90 
2016/09/19 83.50 84.40 83.50 84.00 
2016/09/20 84.30 85.30 83.90 84.20 
2016/09/21 84.00 84.70 83.80 84.60 
2016/09/22 84.70 84.70 83.70 83.70 
2016/09/23 82.60 84.40 82.50 83.80 
2016/09/26 83.70 84.20 82.80 83.90 
2016/09/29 84.10 87.20 83.80 85.10 
2016/09/30 84.80 85.30 84.10 84.30 
2016/10/03 84.30 86.00 83.90 85.80 
2016/10/04 86.20 86.20 85.70 86.20 
2016/10/05 86.20 86.40 85.30 86.40 
2016/10/06 86.10 87.00 86.00 86.80 
2016/10/07 86.10 88.00 86.10 87.60 
2016/10/11 87.50 88.00 84.70 84.90 
2016/10/12 84.60 85.70 84.40 84.90 
2016/10/13 84.70 84.80 83.70 84.30 
2016/10/14 84.00 84.10 83.00 83.20 
2016/10/17 83.20 83.70 83.00 83.00 
2016/10/18 83.10 83.50 82.90 82.90 
2016/10/19 83.10 83.50 82.80 83.00 
2016/10/20 83.50 85.40 83.40 84.70 
2016/10/21 85.00 85.80 84.60 84.70 
2016/10/24 85.40 87.20 85.20 86.30 
2016/10/25 86.30 87.30 83.30 83.30 
2016/10/26 83.00 83.70 79.90 80.00 
2016/10/27 80.00 80.60 78.90 80.00 
2016/10/28 80.80 80.80 79.10 79.50 
2016/10/31 79.50 80.40 79.10 80.10 
2016/11/01 80.40 80.50 79.80 80.20 
2016/11/02 79.70 80.20 79.30 79.80 
2016/11/03 79.30 79.40 78.00 78.00 
2016/11/04 77.80 78.10 77.10 77.20 
2016/11/07 76.50 80.00 76.40 79.60 
2016/11/08 79.50 79.50 77.10 78.00 
2016/11/09 77.50 77.80 72.70 72.80 
2016/11/10 74.80 78.00 74.80 78.00 
2016/11/11 77.70 77.70 75.20 76.70 
2016/11/14 77.50 77.50 75.00 76.50 
2016/11/15 77.30 77.30 76.30 77.20 
2016/11/16 77.10 77.80 74.80 75.20 
2016/11/17 75.00 75.20 73.70 74.90 
2016/11/18 74.90 76.10 74.60 75.50 
2016/11/21 74.90 74.90 73.70 74.50 
2016/11/22 74.30 75.00 73.50 74.50 
2016/11/23 75.20 77.50 75.00 76.50 
2016/11/24 76.50 76.50 75.10 75.30 
2016/11/25 75.30 76.50 75.30 76.10 
2016/11/28 76.00 78.00 75.30 77.90 
2016/11/29 77.90 77.90 76.50 77.40 
2016/11/30 77.70 79.00 77.70 79.00 
2016/12/01 79.00 79.00 78.30 78.30 
2016/12/02 77.70 77.90 76.50 76.50 
2016/12/05 77.40 77.40 76.00 76.60 
2016/12/06 76.90 77.60 76.60 76.70 
2016/12/07 76.90 77.90 76.40 77.10 
2016/12/08 77.80 77.80 77.10 77.40 
2016/12/09 77.70 78.00 76.90 77.10 
2016/12/12 77.30 77.60 76.10 76.10 
2016/12/13 76.30 76.80 75.90 75.90 
2016/12/14 76.00 77.30 76.00 76.80 
2016/12/15 76.80 77.30 76.60 76.80 
2016/12/16 76.80 77.60 75.60 76.60 
2016/12/19 76.30 77.70 76.10 76.60 
2016/12/20 76.30 77.20 76.10 76.50 
2016/12/21 77.00 77.70 76.50 77.70 
2016/12/22 77.70 77.70 76.60 76.60 
2016/12/23 76.20 76.70 76.20 76.20 
2016/12/26 77.10 77.10 75.50 75.80 
2016/12/27 75.80 76.00 75.00 75.10 
2016/12/28 75.10 76.20 75.10 76.00 
2016/12/29 76.00 76.00 75.30 75.90 
2016/12/30 75.40 75.80 75.10 75.40 
2017/01/03 75.40 76.40 75.40 76.10 
2017/01/04 76.30 76.60 76.10 76.50 
2017/01/05 77.00 78.10 76.20 78.00 
2017/01/06 78.00 80.60 78.00 80.50 
2017/01/09 80.50 80.70 80.00 80.20 
2017/01/10 80.00 82.80 79.80 82.40 
2017/01/11 82.40 83.30 82.10 83.30 
2017/01/12 83.30 84.40 83.10 84.10 
2017/01/13 83.20 83.80 82.20 82.90 
2017/01/16 82.00 82.40 81.50 81.50 
2017/01/17 82.00 82.30 81.40 82.00 
2017/01/18 82.20 82.40 81.60 82.00 
2017/01/19 82.30 82.30 81.60 81.90 
2017/01/20 81.80 82.00 81.70 81.90 
2017/01/23 81.90 82.10 81.10 81.90 
2017/01/24 81.90 82.00 81.40 81.90 
2017/02/02 83.70 84.60 83.60 84.10 
2017/02/03 84.00 85.10 82.50 84.60 
2017/02/06 84.90 85.30 84.00 84.70 
2017/02/07 84.70 85.00 84.30 85.00 
2017/02/08 85.40 85.70 85.00 85.70 
