2016/07/01 27.15 27.50 27.05 27.25 
2016/07/04 27.25 27.50 27.20 27.50 
2016/07/05 27.50 27.50 27.20 27.45 
2016/07/06 27.40 27.40 26.85 26.90 
2016/07/07 26.90 27.30 26.90 27.05 
2016/07/11 27.05 27.35 27.05 27.35 
2016/07/12 27.30 27.35 27.15 27.30 
2016/07/13 27.30 27.50 27.15 27.50 
2016/07/14 27.40 27.80 27.35 27.70 
2016/07/15 27.65 28.05 27.55 27.90 
2016/07/18 27.80 28.35 27.80 28.25 
2016/07/19 28.20 29.20 28.00 29.05 
2016/07/20 29.05 29.15 28.70 28.95 
2016/07/21 28.80 29.65 28.80 29.35 
2016/07/22 29.20 29.40 29.10 29.35 
2016/07/25 29.20 29.35 28.75 28.85 
2016/07/26 28.80 28.95 28.55 28.85 
2016/07/27 28.80 29.10 28.75 29.10 
2016/07/28 28.90 29.25 28.85 29.05 
2016/07/29 29.00 29.05 28.80 28.85 
2016/08/01 28.75 29.25 28.65 29.20 
2016/08/02 29.05 29.25 28.95 29.20 
2016/08/03 28.90 29.05 28.70 28.95 
2016/08/04 28.80 29.05 28.80 28.90 
2016/08/05 28.80 29.25 28.80 29.15 
2016/08/08 29.20 29.60 29.15 29.25 
2016/08/09 29.20 29.30 29.05 29.25 
2016/08/10 29.20 30.65 29.15 30.20 
2016/08/11 30.30 30.30 29.60 29.85 
2016/08/12 29.90 30.25 29.85 30.10 
2016/08/15 29.85 29.85 28.80 29.20 
2016/08/16 29.50 29.70 29.00 29.35 
2016/08/17 29.35 29.40 28.80 29.20 
2016/08/18 29.20 29.20 28.90 29.15 
2016/08/19 29.20 29.20 28.90 28.95 
2016/08/22 29.00 29.00 28.20 28.60 
2016/08/23 28.60 29.20 28.50 29.15 
2016/08/24 29.10 29.20 29.00 29.10 
2016/08/25 28.85 29.15 28.85 29.05 
2016/08/26 29.00 29.30 28.90 29.15 
2016/08/29 29.05 29.20 28.80 29.20 
2016/08/30 29.10 29.15 29.00 29.15 
2016/08/31 29.00 29.20 28.65 29.20 
2016/09/01 28.90 29.10 28.90 28.95 
2016/09/02 28.90 29.00 28.80 29.00 
2016/09/05 28.95 29.15 28.90 29.10 
2016/09/06 29.00 29.20 28.90 29.20 
2016/09/07 29.10 29.30 29.00 29.20 
2016/09/08 29.20 29.60 29.15 29.55 
2016/09/09 29.50 29.60 29.25 29.55 
2016/09/10 29.35 29.45 29.00 29.45 
2016/09/12 29.40 29.50 29.10 29.10 
2016/09/13 29.20 29.55 29.00 29.25 
2016/09/14 29.20 29.40 29.00 29.40 
2016/09/19 29.35 29.55 29.30 29.40 
2016/09/20 29.40 29.45 29.10 29.20 
2016/09/21 29.20 29.55 29.10 29.45 
2016/09/22 29.40 29.90 29.40 29.70 
2016/09/23 29.70 29.90 29.65 29.85 
2016/09/26 29.80 29.90 29.70 29.75 
2016/09/29 29.80 29.80 29.55 29.55 
2016/09/30 29.50 29.50 29.35 29.35 
2016/10/03 29.35 29.65 29.35 29.50 
2016/10/04 29.65 30.90 29.65 30.75 
2016/10/05 30.75 30.75 30.05 30.20 
2016/10/06 30.20 30.20 29.80 30.00 
2016/10/07 30.00 30.00 29.65 29.85 
2016/10/11 29.85 29.95 28.80 29.25 
2016/10/12 29.00 29.30 29.00 29.10 
2016/10/13 29.10 29.55 29.10 29.35 
2016/10/14 29.55 29.65 28.00 28.15 
2016/10/17 28.10 28.60 28.10 28.50 
2016/10/18 28.50 28.60 28.30 28.60 
2016/10/19 28.65 29.00 28.60 29.00 
2016/10/20 29.10 29.10 28.65 28.90 
2016/10/21 28.80 28.80 28.05 28.50 
2016/10/24 28.50 28.95 28.50 28.90 
2016/10/25 28.90 28.90 28.65 28.70 
2016/10/26 28.80 28.80 28.50 28.65 
2016/10/27 28.65 28.65 28.30 28.40 
2016/10/28 28.40 28.70 28.35 28.40 
2016/10/31 28.50 28.95 28.30 28.90 
2016/11/01 28.60 28.90 28.50 28.55 
2016/11/02 28.50 28.85 28.25 28.25 
2016/11/03 28.15 28.40 27.90 28.20 
2016/11/04 28.20 28.20 28.00 28.15 
2016/11/07 28.35 28.35 28.10 28.20 
2016/11/08 28.30 28.30 27.50 27.90 
2016/11/09 27.80 27.80 26.20 26.80 
2016/11/10 27.45 27.45 27.05 27.15 
2016/11/11 27.15 27.15 26.50 26.60 
2016/11/14 26.50 26.85 26.35 26.55 
2016/11/15 26.30 26.30 25.65 26.00 
2016/11/16 26.70 26.70 26.05 26.35 
2016/11/17 26.35 26.35 26.00 26.10 
2016/11/18 26.15 26.55 26.10 26.40 
2016/11/21 26.40 26.90 26.35 26.85 
2016/11/22 26.85 27.90 26.85 27.85 
2016/11/23 27.85 28.10 27.60 27.65 
2016/11/24 27.65 27.90 27.30 27.30 
2016/11/25 27.30 27.75 27.30 27.60 
2016/11/28 27.60 27.85 27.50 27.55 
2016/11/29 27.50 27.95 27.45 27.90 
2016/11/30 27.95 28.10 27.60 27.80 
2016/12/01 27.80 28.10 27.60 27.75 
2016/12/02 27.70 27.90 27.60 27.80 
2016/12/05 28.00 28.00 27.55 27.60 
2016/12/06 27.70 27.90 27.60 27.70 
2016/12/07 27.90 28.00 27.70 27.95 
2016/12/08 28.10 28.15 27.85 27.85 
2016/12/09 27.85 28.10 27.85 27.90 
2016/12/12 27.95 27.95 27.55 27.55 
2016/12/13 27.50 27.85 27.50 27.85 
2016/12/14 27.85 28.05 27.65 27.80 
2016/12/15 27.80 28.00 27.65 27.90 
2016/12/16 28.00 28.10 27.85 28.05 
2016/12/19 28.15 28.25 28.05 28.05 
2016/12/20 27.95 28.20 27.95 28.10 
2016/12/21 28.10 28.35 28.00 28.20 
2016/12/22 28.25 28.35 27.75 27.80 
2016/12/23 27.80 27.85 27.60 27.60 
2016/12/26 27.65 27.70 27.50 27.60 
2016/12/27 27.60 27.80 27.50 27.75 
2016/12/28 27.95 27.95 27.65 27.70 
2016/12/29 27.70 27.80 27.55 27.60 
2016/12/30 27.80 27.80 27.55 27.80 
2017/01/03 27.80 27.80 27.55 27.70 
2017/01/04 27.70 27.90 27.70 27.80 
2017/01/05 27.90 28.95 27.80 28.80 
2017/01/06 28.90 29.20 28.45 28.45 
2017/01/09 28.45 28.75 28.35 28.40 
2017/01/10 28.40 28.60 28.25 28.30 
2017/01/11 28.60 28.60 28.05 28.30 
2017/01/12 28.30 28.40 28.15 28.30 
2017/01/13 28.50 28.50 28.05 28.15 
2017/01/16 28.10 28.10 27.30 27.30 
2017/01/17 27.30 27.50 27.20 27.45 
2017/01/18 27.50 27.55 27.30 27.40 
2017/01/19 27.50 27.55 27.25 27.40 
2017/01/20 27.40 27.40 27.20 27.35 
2017/01/23 27.35 27.55 27.30 27.50 
2017/01/24 27.55 27.60 27.35 27.55 
2017/02/02 27.70 27.85 27.55 27.85 
2017/02/03 28.05 28.45 28.00 28.20 
2017/02/06 28.30 28.45 27.65 28.15 
2017/02/07 28.15 28.15 27.50 27.80 
2017/02/08 27.70 27.90 27.60 27.65 
