2016/07/01 9.38 9.47 9.31 9.39 
2016/07/04 9.31 9.35 9.25 9.25 
2016/07/05 9.24 9.26 9.21 9.25 
2016/07/06 9.22 9.22 9.10 9.10 
2016/07/07 9.11 9.13 9.03 9.04 
2016/07/11 9.07 9.21 9.00 9.01 
2016/07/12 9.05 9.14 9.05 9.10 
2016/07/13 9.14 9.14 9.01 9.12 
2016/07/14 9.16 9.20 9.09 9.09 
2016/07/15 9.00 9.16 9.00 9.16 
2016/07/18 9.12 9.20 9.11 9.17 
2016/07/19 9.17 9.27 9.16 9.23 
2016/07/20 9.24 9.30 9.21 9.30 
2016/07/21 9.16 9.43 9.16 9.28 
2016/07/22 9.30 9.30 9.18 9.20 
2016/07/25 9.20 9.25 9.00 9.05 
2016/07/26 9.08 9.10 9.04 9.04 
2016/07/27 9.20 9.20 9.01 9.04 
2016/07/28 9.14 9.14 9.00 9.01 
2016/07/29 9.02 9.09 8.98 8.98 
2016/08/01 8.94 9.07 8.94 9.05 
2016/08/02 9.01 9.08 8.98 9.01 
2016/08/03 8.92 9.12 8.92 9.04 
2016/08/04 9.01 9.38 9.01 9.34 
2016/08/05 9.36 10.20 9.36 10.00 
2016/08/08 9.98 9.98 9.44 9.48 
2016/08/09 9.39 9.60 9.39 9.50 
2016/08/10 9.60 9.60 9.35 9.38 
2016/08/11 9.44 9.44 9.14 9.23 
2016/08/12 9.37 9.95 9.37 9.75 
2016/08/15 9.75 9.75 9.32 9.35 
2016/08/16 9.35 9.47 9.32 9.34 
2016/08/17 9.34 9.44 9.26 9.37 
2016/08/18 9.52 9.52 9.31 9.33 
2016/08/19 9.34 9.39 9.28 9.34 
2016/08/22 9.34 9.34 9.25 9.30 
2016/08/23 9.29 9.31 9.25 9.26 
2016/08/24 9.30 9.32 9.23 9.30 
2016/08/25 9.26 9.38 9.25 9.30 
2016/08/26 9.30 9.33 9.28 9.33 
2016/08/29 9.34 9.39 9.33 9.36 
2016/08/30 9.43 9.48 9.39 9.39 
2016/08/31 9.39 9.48 9.25 9.28 
2016/09/01 9.38 9.40 9.28 9.37 
2016/09/02 9.40 9.40 9.29 9.30 
2016/09/05 9.30 9.49 9.29 9.37 
2016/09/06 9.37 9.44 9.37 9.37 
2016/09/07 9.37 9.40 9.31 9.38 
2016/09/08 9.38 9.54 9.33 9.45 
2016/09/09 9.44 9.45 9.38 9.40 
2016/09/10 9.32 9.37 9.22 9.35 
2016/09/12 9.30 9.30 8.51 9.06 
2016/09/13 9.06 9.08 8.89 8.99 
2016/09/14 8.76 8.99 8.76 8.88 
2016/09/19 8.96 9.07 8.96 9.02 
2016/09/20 9.03 9.08 8.97 9.03 
2016/09/21 9.11 9.11 9.01 9.08 
2016/09/22 9.09 9.17 9.06 9.12 
2016/09/23 9.15 9.16 9.05 9.12 
2016/09/26 9.12 9.15 9.06 9.08 
2016/09/29 9.06 9.28 9.06 9.22 
2016/09/30 9.22 9.45 9.15 9.42 
2016/10/03 9.42 9.52 9.35 9.42 
2016/10/04 9.32 9.47 9.32 9.38 
2016/10/05 9.36 9.52 9.31 9.52 
2016/10/06 9.58 9.59 9.46 9.52 
2016/10/07 9.43 9.66 9.42 9.42 
2016/10/11 9.40 9.40 9.05 9.13 
2016/10/12 9.15 9.15 9.03 9.11 
2016/10/13 9.10 9.12 9.01 9.01 
2016/10/14 9.00 9.12 8.90 9.00 
2016/10/17 8.95 9.00 8.88 8.91 
2016/10/18 8.91 8.91 8.84 8.85 
2016/10/19 8.85 8.95 8.85 8.90 
2016/10/20 8.91 9.02 8.91 8.92 
2016/10/21 8.92 9.02 8.92 9.02 
2016/10/24 8.95 9.01 8.92 8.95 
2016/10/25 9.00 9.04 8.94 8.99 
2016/10/26 8.97 9.03 8.90 8.92 
2016/10/27 9.02 9.02 8.90 8.93 
2016/10/28 8.93 8.95 8.86 8.89 
2016/10/31 8.88 9.02 8.82 9.01 
2016/11/01 8.95 9.02 8.94 8.99 
2016/11/02 8.86 8.99 8.83 8.91 
2016/11/03 8.91 8.91 8.80 8.81 
2016/11/04 8.90 8.90 8.78 8.78 
2016/11/07 8.78 8.78 8.65 8.65 
2016/11/08 8.65 8.70 8.56 8.58 
2016/11/09 8.79 8.79 8.51 8.52 
2016/11/10 8.61 8.70 8.60 8.61 
2016/11/11 8.62 8.70 8.42 8.42 
2016/11/14 8.42 8.46 8.39 8.43 
2016/11/15 8.41 8.48 8.41 8.46 
2016/11/16 8.50 8.61 8.50 8.54 
2016/11/17 8.57 8.60 8.54 8.60 
2016/11/18 8.61 8.70 8.61 8.63 
2016/11/21 8.68 8.76 8.65 8.75 
2016/11/22 8.75 8.86 8.75 8.81 
2016/11/23 8.88 8.94 8.83 8.93 
2016/11/24 8.89 8.94 8.87 8.91 
2016/11/25 8.91 8.91 8.76 8.77 
2016/11/28 8.83 8.90 8.70 8.86 
2016/11/29 8.75 8.93 8.75 8.86 
2016/11/30 8.78 8.91 8.78 8.90 
2016/12/01 8.90 9.02 8.88 8.95 
2016/12/02 8.90 8.95 8.88 8.88 
2016/12/05 8.89 9.01 8.84 8.90 
2016/12/06 8.90 8.90 8.66 8.80 
2016/12/07 8.83 8.90 8.78 8.79 
2016/12/08 8.90 8.92 8.83 8.90 
2016/12/09 8.89 8.96 8.82 8.91 
2016/12/12 8.92 8.96 8.90 8.91 
2016/12/13 8.91 8.92 8.87 8.91 
2016/12/14 8.91 8.96 8.88 8.88 
2016/12/15 8.83 8.90 8.82 8.87 
2016/12/16 8.92 8.95 8.87 8.93 
2016/12/19 8.83 8.96 8.83 8.92 
2016/12/20 8.94 8.97 8.91 8.93 
2016/12/21 8.97 9.08 8.93 9.02 
2016/12/22 8.99 9.00 8.93 8.99 
2016/12/23 8.99 8.99 8.92 8.93 
2016/12/26 8.96 8.96 8.91 8.94 
2016/12/27 8.86 8.96 8.86 8.95 
2016/12/28 9.08 9.08 8.95 9.05 
2016/12/29 8.92 9.01 8.92 9.01 
2016/12/30 9.01 9.14 9.01 9.05 
2017/01/03 9.09 9.12 9.06 9.06 
2017/01/04 9.06 9.11 9.05 9.05 
2017/01/05 9.04 9.30 9.00 9.11 
2017/01/06 9.11 9.28 9.11 9.12 
2017/01/09 9.15 9.21 9.02 9.03 
2017/01/10 9.01 9.31 9.00 9.00 
2017/01/11 9.04 9.06 8.87 8.87 
2017/01/12 8.89 8.94 8.87 8.90 
2017/01/13 8.98 9.00 8.86 8.90 
2017/01/16 8.90 8.90 8.81 8.90 
2017/01/17 8.85 8.94 8.85 8.85 
2017/01/18 8.82 8.98 8.82 8.96 
2017/01/19 8.88 8.95 8.87 8.87 
2017/01/20 8.90 8.90 8.82 8.86 
2017/01/23 8.80 8.82 8.70 8.77 
2017/01/24 8.71 8.77 8.71 8.76 
2017/02/02 8.76 8.84 8.75 8.80 
2017/02/03 8.80 8.93 8.80 8.90 
2017/02/06 9.05 9.05 8.94 8.98 
2017/02/07 8.95 9.10 8.95 9.04 
2017/02/08 9.02 9.04 8.95 9.04 
