2016/07/01 8.54 8.59 8.49 8.56 
2016/07/04 8.56 8.56 8.48 8.48 
2016/07/05 8.50 8.51 8.43 8.51 
2016/07/06 8.45 8.45 8.35 8.45 
2016/07/07 8.45 9.12 8.37 8.99 
2016/07/11 9.04 9.10 8.93 8.93 
2016/07/12 8.93 9.44 8.90 9.23 
2016/07/13 9.23 9.33 9.17 9.28 
2016/07/14 9.21 9.49 9.21 9.42 
2016/07/15 9.79 10.10 9.75 10.00 
2016/07/18 9.97 10.30 9.86 9.99 
2016/07/19 10.20 10.35 10.05 10.05 
2016/07/20 10.35 10.75 10.25 10.50 
2016/07/21 10.80 11.25 10.70 11.20 
2016/07/22 11.30 11.75 11.25 11.55 
2016/07/25 11.80 11.90 11.05 11.20 
2016/07/26 11.30 11.45 11.00 11.40 
2016/07/27 11.55 11.70 11.40 11.60 
2016/07/28 11.70 11.70 11.40 11.40 
2016/07/29 11.45 11.50 11.25 11.35 
2016/08/01 11.45 12.35 11.45 12.35 
2016/08/02 12.25 12.65 12.05 12.35 
2016/08/03 12.25 12.35 12.10 12.10 
2016/08/04 12.20 12.45 12.05 12.10 
2016/08/05 12.30 12.65 12.20 12.35 
2016/08/08 12.55 12.60 12.15 12.15 
2016/08/09 12.30 12.80 12.15 12.30 
2016/08/10 12.35 12.40 11.60 11.60 
2016/08/11 11.60 12.10 11.55 11.80 
2016/08/12 11.95 12.00 11.65 11.65 
2016/08/15 11.60 11.70 11.15 11.20 
2016/08/16 11.25 11.50 11.25 11.45 
2016/08/17 11.50 12.45 11.50 12.30 
2016/08/18 12.10 12.10 11.80 11.95 
2016/08/19 12.15 12.15 11.60 11.60 
2016/08/22 11.50 11.50 10.95 11.10 
2016/08/23 11.25 11.45 11.20 11.45 
2016/08/24 11.50 11.55 11.30 11.45 
2016/08/25 11.35 11.50 11.30 11.35 
2016/08/26 11.40 11.85 11.40 11.65 
2016/08/29 11.50 11.60 11.30 11.50 
2016/08/30 11.65 11.80 11.50 11.50 
2016/08/31 11.50 11.60 11.30 11.40 
2016/09/01 11.45 11.50 11.25 11.50 
2016/09/02 11.45 11.50 11.20 11.20 
2016/09/05 11.30 11.45 11.30 11.30 
2016/09/06 11.35 11.80 11.35 11.75 
2016/09/07 11.70 12.10 11.65 11.65 
2016/09/08 11.75 11.90 11.65 11.65 
2016/09/09 11.65 11.75 11.55 11.60 
2016/09/10 11.25 11.40 11.20 11.35 
2016/09/12 11.35 11.50 11.30 11.35 
2016/09/13 11.45 11.50 11.20 11.20 
2016/09/14 11.10 11.30 11.10 11.30 
2016/09/19 11.45 11.60 11.40 11.45 
2016/09/20 11.45 12.00 11.45 11.75 
2016/09/21 11.90 12.05 11.80 11.85 
2016/09/22 11.90 12.00 11.75 11.95 
2016/09/23 12.00 12.45 11.95 12.45 
2016/09/26 12.50 13.10 12.45 12.65 
2016/09/29 12.55 12.65 12.15 12.20 
2016/09/30 12.05 12.15 11.85 12.00 
2016/10/03 12.00 12.15 11.90 11.95 
2016/10/04 12.00 12.15 11.80 11.80 
2016/10/05 11.90 12.10 11.80 11.95 
2016/10/06 12.05 12.35 11.95 12.00 
2016/10/07 12.00 12.00 11.60 11.60 
2016/10/11 11.45 11.65 10.50 10.65 
2016/10/12 10.50 10.90 10.45 10.80 
2016/10/13 10.90 10.95 10.50 10.50 
2016/10/14 10.50 10.60 10.00 10.10 
2016/10/17 10.20 10.75 10.15 10.70 
2016/10/18 10.70 10.80 10.60 10.65 
2016/10/19 10.65 10.80 10.65 10.65 
2016/10/20 10.70 10.95 10.70 10.90 
2016/10/21 10.95 11.30 10.90 11.15 
2016/10/24 11.20 11.35 10.95 10.95 
2016/10/25 10.95 11.05 10.85 10.90 
2016/10/26 10.90 11.15 10.90 10.95 
2016/10/27 10.95 11.10 10.80 10.85 
2016/10/28 10.85 10.95 10.70 10.70 
2016/10/31 10.70 10.80 10.50 10.65 
2016/11/01 10.60 10.80 10.60 10.65 
2016/11/02 10.55 10.55 10.25 10.30 
2016/11/03 10.25 10.45 10.15 10.20 
2016/11/04 10.15 10.35 10.10 10.30 
2016/11/07 10.35 10.45 10.35 10.35 
2016/11/08 10.50 10.55 10.25 10.30 
2016/11/09 10.35 10.40 9.50 9.80 
2016/11/10 10.30 10.30 10.10 10.20 
2016/11/11 10.20 10.20 9.90 10.00 
2016/11/14 9.96 9.96 9.65 9.77 
2016/11/15 9.70 9.92 9.70 9.86 
2016/11/16 9.98 10.00 9.90 9.92 
2016/11/17 9.95 9.97 9.75 9.79 
2016/11/18 9.79 9.91 9.77 9.81 
2016/11/21 9.87 10.75 9.79 10.75 
2016/11/22 10.85 11.30 10.85 11.00 
2016/11/23 10.95 11.25 10.85 11.10 
2016/11/24 11.10 11.20 10.70 10.75 
2016/11/25 10.90 10.95 10.75 10.85 
2016/11/28 11.00 11.15 10.75 10.75 
2016/11/29 10.85 11.10 10.80 10.95 
2016/11/30 11.10 11.65 11.10 11.30 
2016/12/01 11.50 11.50 11.15 11.25 
2016/12/02 11.10 11.25 11.00 11.00 
2016/12/05 11.25 11.25 10.85 10.90 
2016/12/06 11.00 11.10 10.90 10.90 
2016/12/07 11.00 11.05 10.90 10.95 
2016/12/08 11.05 11.15 10.95 10.95 
2016/12/09 11.05 11.10 10.90 10.95 
2016/12/12 11.10 11.10 10.85 10.85 
2016/12/13 10.85 10.95 10.80 10.85 
2016/12/14 10.95 11.05 10.90 10.95 
2016/12/15 11.00 11.20 10.90 11.20 
2016/12/16 11.35 11.40 11.05 11.05 
2016/12/19 11.00 11.05 10.75 10.75 
2016/12/20 10.80 10.85 10.70 10.80 
2016/12/21 10.85 10.85 10.65 10.70 
2016/12/22 10.70 10.70 10.35 10.40 
2016/12/23 10.30 10.40 10.30 10.30 
2016/12/26 10.35 10.45 10.25 10.25 
2016/12/27 10.25 10.40 10.20 10.20 
2016/12/28 10.25 10.35 10.25 10.25 
2016/12/29 10.25 10.35 10.20 10.20 
2016/12/30 10.25 10.50 10.25 10.40 
2017/01/03 10.50 10.50 10.35 10.45 
2017/01/04 10.50 10.65 10.40 10.55 
2017/01/05 10.60 10.65 10.45 10.50 
2017/01/06 10.60 10.80 10.50 10.60 
2017/01/09 10.65 10.75 10.40 10.40 
2017/01/10 10.35 10.45 10.30 10.30 
2017/01/11 10.35 10.45 10.30 10.30 
2017/01/12 10.30 10.40 10.25 10.30 
2017/01/13 10.40 10.40 10.20 10.25 
2017/01/16 10.30 10.40 10.25 10.25 
2017/01/17 10.25 10.35 10.25 10.30 
2017/01/18 10.30 10.45 10.25 10.35 
2017/01/19 10.40 10.65 10.35 10.45 
2017/01/20 10.40 10.60 10.40 10.40 
2017/01/23 10.45 10.80 10.45 10.60 
2017/01/24 10.65 10.65 10.40 10.45 
2017/02/02 10.50 10.60 10.35 10.50 
2017/02/03 10.55 10.90 10.50 10.85 
2017/02/06 10.95 11.20 10.90 11.05 
2017/02/07 11.05 11.10 10.85 10.85 
2017/02/08 10.90 11.00 10.85 10.90 
