2016/07/01 5.13 5.14 5.05 5.05 
2016/07/04 5.06 5.14 5.02 5.09 
2016/07/05 5.09 5.17 5.09 5.15 
2016/07/06 5.15 5.16 5.09 5.13 
2016/07/07 5.14 5.18 5.09 5.14 
2016/07/11 5.16 5.19 5.10 5.11 
2016/07/12 5.02 5.02 4.96 4.99 
2016/07/13 5.00 5.04 4.99 5.02 
2016/07/14 5.05 5.09 5.03 5.06 
2016/07/15 5.10 5.13 5.07 5.08 
2016/07/18 5.09 5.26 5.09 5.26 
2016/07/19 5.26 5.28 5.18 5.19 
2016/07/20 5.19 5.28 5.17 5.19 
2016/07/21 5.22 5.41 5.20 5.32 
2016/07/22 5.32 5.56 5.31 5.45 
2016/07/25 5.50 5.51 5.33 5.39 
2016/07/26 5.39 5.39 5.30 5.36 
2016/07/27 5.36 5.43 5.34 5.36 
2016/07/28 5.37 5.37 5.30 5.31 
2016/07/29 5.32 5.36 5.30 5.35 
2016/08/01 5.35 5.65 5.34 5.64 
2016/08/02 5.63 5.68 5.56 5.57 
2016/08/03 5.52 5.52 5.45 5.50 
2016/08/04 5.52 5.54 5.46 5.52 
2016/08/05 5.47 5.52 5.47 5.50 
2016/08/08 5.53 5.54 5.47 5.48 
2016/08/09 5.48 5.48 5.36 5.38 
2016/08/10 5.37 5.41 5.32 5.35 
2016/08/11 5.34 5.40 5.25 5.34 
2016/08/12 5.35 5.37 5.28 5.28 
2016/08/15 5.30 5.33 5.27 5.28 
2016/08/16 5.29 5.31 5.26 5.30 
2016/08/17 5.32 5.36 5.27 5.30 
2016/08/18 5.31 5.34 5.29 5.31 
2016/08/19 5.34 5.42 5.33 5.37 
2016/08/22 5.36 5.37 5.29 5.31 
2016/08/23 5.31 5.36 5.31 5.31 
2016/08/24 5.33 5.34 5.30 5.30 
2016/08/25 5.32 5.44 5.32 5.40 
2016/08/26 5.40 5.53 5.40 5.47 
2016/08/29 5.49 5.62 5.49 5.59 
2016/08/30 5.60 5.60 5.54 5.57 
2016/08/31 5.54 5.57 5.49 5.51 
2016/09/01 5.51 5.53 5.46 5.48 
2016/09/02 5.48 5.64 5.48 5.56 
2016/09/05 5.62 5.66 5.59 5.62 
2016/09/06 5.62 5.68 5.60 5.68 
2016/09/07 5.71 6.20 5.71 6.11 
2016/09/08 6.13 6.18 6.06 6.11 
2016/09/09 6.08 6.24 6.02 6.19 
2016/09/10 6.07 6.45 6.04 6.36 
2016/09/12 6.36 6.58 6.30 6.46 
2016/09/13 6.54 6.75 6.52 6.59 
2016/09/14 6.51 6.68 6.51 6.64 
2016/09/19 6.70 6.76 6.61 6.68 
2016/09/20 6.66 6.82 6.63 6.77 
2016/09/21 6.83 7.28 6.82 7.22 
2016/09/22 7.25 7.82 7.25 7.50 
2016/09/23 7.60 8.07 7.58 8.07 
2016/09/26 8.07 8.48 8.07 8.48 
2016/09/29 8.60 8.74 8.46 8.46 
2016/09/30 8.35 8.37 7.62 7.76 
2016/10/03 7.79 7.94 7.58 7.66 
2016/10/04 7.69 7.98 7.63 7.78 
2016/10/05 7.72 7.76 7.38 7.40 
2016/10/06 7.33 7.54 7.24 7.54 
2016/10/07 7.60 7.67 7.29 7.31 
2016/10/11 7.33 7.54 7.23 7.54 
2016/10/12 7.47 7.56 7.35 7.56 
2016/10/13 7.50 7.51 7.34 7.34 
2016/10/14 7.31 7.41 7.22 7.32 
2016/10/17 7.45 7.64 7.42 7.54 
2016/10/18 7.48 8.14 7.35 8.03 
2016/10/19 8.08 8.22 7.96 8.05 
2016/10/20 8.08 8.27 7.98 8.11 
2016/10/21 8.05 8.20 8.03 8.05 
2016/10/24 8.05 8.18 8.02 8.02 
2016/10/25 7.97 8.09 7.85 7.87 
2016/10/26 7.93 8.21 7.79 8.19 
2016/10/27 8.14 8.27 8.10 8.22 
2016/10/28 8.23 8.38 8.12 8.34 
2016/10/31 8.30 8.42 8.16 8.31 
2016/11/01 8.28 8.42 8.23 8.23 
2016/11/02 8.18 8.34 7.92 8.05 
2016/11/03 8.07 8.15 7.98 8.15 
2016/11/04 8.17 8.40 8.17 8.32 
2016/11/07 8.40 8.72 8.40 8.60 
2016/11/08 8.67 8.71 8.46 8.70 
2016/11/09 8.70 8.75 8.24 8.46 
2016/11/10 8.76 9.24 8.71 9.07 
2016/11/11 9.05 9.05 8.75 8.82 
2016/11/14 8.84 8.87 8.60 8.62 
2016/11/15 8.68 9.07 8.59 9.07 
2016/11/16 9.20 9.42 9.00 9.40 
2016/11/17 9.41 9.58 9.32 9.58 
2016/11/18 9.57 9.76 9.49 9.56 
2016/11/21 9.46 9.62 9.46 9.53 
2016/11/22 9.58 9.67 9.47 9.49 
2016/11/23 9.56 9.56 9.40 9.48 
2016/11/24 9.56 9.62 9.41 9.41 
2016/11/25 9.40 9.53 9.35 9.53 
2016/11/28 9.62 9.72 9.53 9.53 
2016/11/29 9.55 9.68 9.49 9.65 
2016/11/30 9.67 9.89 9.65 9.84 
2016/12/01 9.85 9.89 9.68 9.81 
2016/12/02 9.78 9.80 9.67 9.67 
2016/12/05 9.67 9.72 9.40 9.45 
2016/12/06 9.52 9.56 9.39 9.41 
2016/12/07 9.43 9.55 9.43 9.50 
2016/12/08 9.54 9.56 9.45 9.45 
2016/12/09 9.46 9.50 9.15 9.19 
2016/12/12 9.19 9.24 9.01 9.01 
2016/12/13 9.04 9.27 9.01 9.25 
2016/12/14 9.25 9.29 9.18 9.19 
2016/12/15 9.15 9.17 9.11 9.11 
2016/12/16 9.08 9.27 9.05 9.05 
2016/12/19 9.09 9.14 8.77 8.77 
2016/12/20 8.80 9.39 8.70 9.36 
2016/12/21 9.33 9.74 9.31 9.63 
2016/12/22 9.55 9.68 9.45 9.45 
2016/12/23 9.42 9.51 9.30 9.44 
2016/12/26 9.44 9.48 9.33 9.43 
2016/12/27 9.43 9.53 9.37 9.48 
2016/12/28 9.48 9.55 9.45 9.47 
2016/12/29 9.47 9.52 9.41 9.52 
2016/12/30 9.48 9.54 9.47 9.54 
2017/01/03 9.54 9.61 9.51 9.61 
2017/01/04 9.52 9.62 9.52 9.60 
2017/01/05 9.59 9.62 9.52 9.60 
2017/01/06 9.58 9.65 9.54 9.65 
2017/01/09 9.64 9.70 9.60 9.70 
2017/01/10 9.69 10.65 9.68 10.65 
2017/01/11 10.65 11.70 10.50 11.70 
2017/01/12 11.80 12.80 11.65 12.30 
2017/01/13 12.30 12.70 12.15 12.30 
2017/01/16 12.30 13.15 12.30 13.10 
2017/01/17 13.25 13.50 12.50 12.95 
2017/01/18 13.25 14.00 12.95 13.75 
2017/01/19 13.60 14.35 13.55 14.05 
2017/01/20 14.05 14.25 13.85 13.90 
2017/01/23 14.10 15.25 13.90 15.25 
2017/01/24 15.50 16.75 15.40 16.75 
2017/02/02 17.50 18.40 17.50 18.35 
2017/02/03 18.85 19.85 16.65 16.95 
2017/02/06 17.50 18.10 17.25 17.90 
2017/02/07 18.40 18.60 17.60 17.95 
2017/02/08 18.20 18.40 17.85 17.95 
