2016/07/01 14.35 14.40 14.30 14.35 
2016/07/04 14.40 14.45 14.30 14.35 
2016/07/05 14.35 14.50 14.20 14.50 
2016/07/06 14.30 14.40 14.30 14.35 
2016/07/07 14.55 14.55 14.35 14.35 
2016/07/11 14.95 15.50 14.95 15.00 
2016/07/12 15.10 15.10 14.90 14.90 
2016/07/13 15.00 15.00 14.90 14.90 
2016/07/14 14.90 15.40 14.90 15.00 
2016/07/15 15.05 15.05 14.85 14.95 
2016/07/18 14.90 15.15 14.90 15.05 
2016/07/19 15.00 16.55 15.00 16.00 
2016/07/20 15.50 15.80 15.50 15.65 
2016/07/21 15.70 16.25 15.70 15.90 
2016/07/22 15.85 15.85 15.60 15.70 
2016/07/25 15.70 15.70 15.35 15.40 
2016/07/26 15.40 15.45 15.30 15.45 
2016/07/27 15.55 15.60 15.30 15.40 
2016/07/28 15.40 15.50 15.35 15.45 
2016/07/29 15.55 15.55 15.40 15.50 
2016/08/01 15.50 15.80 15.45 15.60 
2016/08/02 15.45 15.75 15.45 15.50 
2016/08/03 15.50 15.80 15.50 15.80 
2016/08/04 15.80 16.70 15.80 16.20 
2016/08/05 16.10 16.30 15.70 16.30 
2016/08/08 16.80 16.80 16.40 16.45 
2016/08/09 16.30 16.30 15.70 15.85 
2016/08/10 16.25 16.25 15.70 15.75 
2016/08/11 15.45 15.65 15.10 15.45 
2016/08/12 15.45 15.55 15.40 15.45 
2016/08/15 15.45 15.45 15.20 15.20 
2016/08/16 15.20 15.60 15.10 15.45 
2016/08/17 15.45 15.60 15.25 15.35 
2016/08/18 15.60 15.60 15.40 15.55 
2016/08/19 15.55 15.55 15.40 15.40 
2016/08/22 15.40 15.40 15.10 15.35 
2016/08/23 15.30 15.65 15.30 15.65 
2016/08/24 15.50 15.80 15.35 15.65 
2016/08/25 15.30 15.65 15.30 15.65 
2016/08/26 15.65 15.65 15.50 15.50 
2016/08/29 15.45 15.65 15.45 15.50 
2016/08/30 15.45 15.50 15.45 15.50 
2016/08/31 15.50 15.50 15.45 15.45 
2016/09/01 15.50 15.50 15.40 15.50 
2016/09/02 15.60 15.65 15.20 15.20 
2016/09/05 15.25 15.25 15.10 15.20 
2016/09/06 15.20 15.20 15.00 15.00 
2016/09/07 15.15 15.35 15.15 15.20 
2016/09/08 15.20 15.25 15.15 15.20 
2016/09/09 15.15 15.15 15.05 15.15 
2016/09/10 15.05 15.15 15.00 15.10 
2016/09/12 15.10 15.30 15.10 15.15 
2016/09/13 15.25 15.25 15.10 15.10 
2016/09/14 15.10 15.20 15.10 15.15 
2016/09/19 15.20 15.25 15.15 15.15 
2016/09/20 15.20 15.25 15.15 15.15 
2016/09/21 15.25 15.40 15.25 15.40 
2016/09/22 15.45 15.60 15.30 15.30 
2016/09/23 15.20 15.25 15.05 15.10 
2016/09/26 15.00 15.30 15.00 15.30 
2016/09/29 15.35 15.35 15.25 15.30 
2016/09/30 15.25 15.25 15.20 15.20 
2016/10/03 15.30 16.35 15.25 16.35 
2016/10/04 16.60 17.95 16.60 17.10 
2016/10/05 16.90 17.70 16.60 17.55 
2016/10/06 18.00 19.10 17.80 17.80 
2016/10/07 17.85 17.85 17.35 17.45 
2016/10/11 17.50 17.50 16.20 16.60 
2016/10/12 16.30 16.85 16.30 16.85 
2016/10/13 17.00 17.00 16.55 16.70 
2016/10/14 16.70 16.80 16.20 16.30 
2016/10/17 16.15 16.60 16.15 16.40 
2016/10/18 16.45 16.50 16.35 16.35 
2016/10/19 16.35 16.45 16.30 16.45 
2016/10/20 16.45 17.45 16.45 17.05 
2016/10/21 17.05 17.20 17.00 17.20 
2016/10/24 17.20 17.35 17.10 17.10 
2016/10/25 17.10 17.25 17.10 17.15 
2016/10/26 17.00 17.25 17.00 17.20 
2016/10/27 17.20 17.30 16.90 16.95 
2016/10/28 16.95 16.95 16.75 16.80 
2016/10/31 16.70 16.75 16.60 16.70 
2016/11/01 16.70 16.75 16.65 16.65 
2016/11/02 16.65 16.95 16.55 16.85 
2016/11/03 16.80 16.80 16.45 16.80 
2016/11/04 16.85 16.85 16.70 16.85 
2016/11/07 16.80 16.80 16.55 16.55 
2016/11/08 16.55 16.60 16.45 16.55 
2016/11/09 16.40 16.40 15.80 16.35 
2016/11/10 16.30 16.55 16.30 16.45 
2016/11/11 16.10 16.40 15.95 16.15 
2016/11/14 16.25 16.25 16.00 16.00 
2016/11/15 16.00 16.25 15.75 16.00 
2016/11/16 16.15 16.15 16.00 16.00 
2016/11/17 16.05 16.10 16.00 16.05 
2016/11/18 16.05 16.35 16.05 16.35 
2016/11/21 16.15 16.45 16.15 16.40 
2016/11/22 16.40 17.00 16.40 16.75 
2016/11/23 16.85 17.25 16.80 16.85 
2016/11/24 16.85 17.15 16.75 16.75 
2016/11/25 16.65 17.00 16.65 16.95 
2016/11/28 17.15 17.15 16.90 16.90 
2016/11/29 17.00 17.00 16.70 16.80 
2016/11/30 16.70 16.75 16.60 16.60 
2016/12/01 16.50 16.60 16.50 16.60 
2016/12/02 16.70 17.10 16.70 16.85 
2016/12/05 16.80 16.80 16.65 16.70 
2016/12/06 16.85 16.85 16.65 16.70 
2016/12/07 16.70 16.75 16.60 16.75 
2016/12/08 16.95 16.95 16.65 16.70 
2016/12/09 16.85 17.00 16.60 16.60 
2016/12/12 16.70 16.75 16.50 16.50 
2016/12/13 16.40 16.60 16.40 16.60 
2016/12/14 16.65 16.75 16.65 16.65 
2016/12/15 16.75 16.75 16.55 16.65 
2016/12/16 16.65 16.75 16.65 16.75 
2016/12/19 16.75 16.80 16.70 16.75 
2016/12/20 16.85 16.85 16.60 16.75 
2016/12/21 16.75 16.75 16.60 16.75 
2016/12/22 16.75 16.75 16.55 16.60 
2016/12/23 16.55 16.55 16.45 16.45 
2016/12/26 16.55 16.55 16.40 16.45 
2016/12/27 16.40 16.50 16.40 16.40 
2016/12/28 16.40 16.40 16.25 16.40 
2016/12/29 16.20 16.30 16.05 16.30 
2016/12/30 16.30 16.35 16.20 16.30 
2017/01/03 16.30 16.45 16.30 16.40 
2017/01/04 16.30 16.45 16.30 16.40 
2017/01/05 16.35 16.45 16.35 16.45 
2017/01/06 16.80 16.90 16.60 16.60 
2017/01/09 16.80 16.80 16.50 16.65 
2017/01/10 16.45 16.45 16.35 16.40 
2017/01/11 16.30 16.40 16.25 16.35 
2017/01/12 16.35 16.40 16.30 16.35 
2017/01/13 16.30 16.35 16.25 16.35 
2017/01/16 16.35 16.35 16.25 16.35 
2017/01/17 16.20 16.35 16.15 16.30 
2017/01/18 16.25 16.25 16.10 16.20 
2017/01/19 16.30 17.80 16.30 17.10 
2017/01/20 17.25 17.50 16.50 16.50 
2017/01/23 16.60 16.60 16.15 16.40 
2017/01/24 16.45 16.85 16.35 16.70 
2017/02/02 16.70 16.70 16.30 16.60 
2017/02/03 16.55 16.60 16.30 16.50 
2017/02/06 16.50 16.80 16.50 16.55 
2017/02/07 16.80 16.90 16.65 16.70 
2017/02/08 17.35 17.35 16.75 16.85 
