2016/07/01 72.90 73.80 72.70 73.00 
2016/07/04 73.50 73.60 72.30 72.80 
2016/07/05 72.80 73.30 72.50 72.80 
2016/07/06 71.50 71.80 70.10 70.20 
2016/07/07 70.70 72.00 70.60 71.90 
2016/07/11 72.80 73.00 70.60 71.40 
2016/07/12 71.70 72.80 71.40 72.80 
2016/07/13 72.90 74.40 72.20 74.40 
2016/07/14 74.40 74.90 73.60 74.90 
2016/07/15 74.90 75.70 74.60 75.60 
2016/07/18 75.60 76.90 74.80 76.90 
2016/07/19 77.80 79.30 76.40 79.30 
2016/07/20 79.00 79.70 78.50 79.50 
2016/07/21 78.00 78.40 77.20 77.70 
2016/07/22 77.80 78.80 77.70 78.10 
2016/07/25 78.80 79.00 78.00 78.90 
2016/07/26 78.90 79.10 78.00 79.10 
2016/07/27 79.30 79.80 78.60 79.80 
2016/07/28 79.50 79.50 78.50 79.50 
2016/07/29 78.80 78.90 77.90 78.90 
2016/08/01 78.80 79.80 78.20 79.40 
2016/08/02 79.90 80.00 79.00 79.20 
2016/08/03 79.50 79.50 78.00 79.00 
2016/08/04 79.30 79.30 78.10 78.50 
2016/08/05 78.90 79.70 78.80 79.70 
2016/08/08 79.70 79.80 78.80 79.10 
2016/08/09 79.10 79.90 78.60 79.70 
2016/08/10 80.30 82.50 79.40 82.30 
2016/08/11 81.90 81.90 79.60 80.40 
2016/08/12 80.40 80.40 79.50 80.00 
2016/08/15 79.50 79.90 78.80 79.40 
2016/08/16 79.50 79.50 77.00 77.50 
2016/08/17 77.40 78.60 77.20 78.20 
2016/08/18 78.20 78.40 77.70 78.00 
2016/08/19 78.00 79.10 77.20 77.20 
2016/08/22 77.00 77.50 76.80 77.40 
2016/08/23 77.40 78.90 77.40 78.90 
2016/08/24 79.00 79.80 78.90 79.00 
2016/08/25 79.00 79.00 78.00 78.30 
2016/08/26 78.10 79.20 78.00 78.60 
2016/08/29 78.30 78.50 76.80 78.10 
2016/08/30 78.10 78.50 77.70 78.00 
2016/08/31 78.00 78.50 77.40 78.50 
2016/09/01 77.90 78.10 77.10 77.80 
2016/09/02 77.50 78.00 77.00 77.30 
2016/09/05 77.50 78.00 77.50 77.90 
2016/09/06 78.10 79.30 77.70 79.30 
2016/09/07 79.30 79.80 78.60 79.40 
2016/09/08 79.00 79.50 78.40 79.50 
2016/09/09 79.10 79.10 78.30 78.60 
2016/09/10 77.00 77.90 77.00 77.30 
2016/09/12 76.80 77.40 76.50 77.10 
2016/09/13 76.80 77.50 76.70 76.90 
2016/09/14 76.90 77.00 75.80 75.80 
2016/09/19 75.80 78.00 75.80 77.10 
2016/09/20 77.50 77.90 77.30 77.70 
2016/09/21 77.90 77.90 77.20 77.70 
2016/09/22 78.50 78.60 76.50 77.00 
2016/09/23 77.50 78.20 77.50 78.00 
2016/09/26 77.50 78.70 77.30 78.50 
2016/09/29 79.80 79.80 78.50 79.10 
2016/09/30 78.50 79.50 78.50 79.30 
2016/10/03 79.40 79.90 79.20 79.40 
2016/10/04 79.70 79.80 79.00 79.50 
2016/10/05 79.40 79.50 79.20 79.30 
2016/10/06 79.30 79.60 79.20 79.30 
2016/10/07 79.00 80.00 78.50 79.00 
2016/10/11 79.90 79.90 78.40 78.70 
2016/10/12 79.00 80.00 79.00 79.70 
2016/10/13 79.40 80.20 79.20 79.90 
2016/10/14 79.60 79.80 78.60 78.60 
2016/10/17 78.60 79.70 78.10 79.60 
2016/10/18 79.50 80.10 79.40 80.10 
2016/10/19 80.10 80.60 79.70 80.20 
2016/10/20 80.20 80.50 79.90 80.10 
2016/10/21 79.50 79.90 78.00 78.80 
2016/10/24 79.00 81.20 78.90 80.70 
2016/10/25 81.20 81.30 80.00 81.00 
2016/10/26 80.80 80.80 79.00 79.00 
2016/10/27 78.50 78.90 77.50 78.00 
2016/10/28 78.00 79.40 77.80 79.40 
2016/10/31 79.30 80.90 78.60 80.80 
2016/11/01 81.00 81.00 80.00 80.50 
2016/11/02 80.30 80.30 78.50 78.50 
2016/11/03 78.20 79.20 78.10 78.50 
2016/11/04 77.60 77.80 76.10 76.30 
2016/11/07 76.50 77.80 76.40 77.20 
2016/11/08 77.50 78.10 77.20 77.70 
2016/11/09 78.50 78.70 75.00 76.30 
2016/11/10 78.00 78.00 76.30 76.30 
2016/11/11 75.20 76.20 73.60 74.00 
2016/11/14 73.70 74.50 73.00 73.30 
2016/11/15 73.30 73.30 71.00 72.00 
2016/11/16 71.80 72.60 71.10 71.30 
2016/11/17 71.10 71.20 70.60 70.70 
2016/11/18 71.00 72.80 71.00 71.70 
2016/11/21 71.10 71.80 70.80 71.80 
2016/11/22 71.80 74.00 71.80 72.80 
2016/11/23 73.00 73.50 71.30 72.20 
2016/11/24 72.60 73.40 72.60 73.10 
2016/11/25 73.00 73.20 72.10 72.70 
2016/11/28 72.70 73.30 72.30 72.70 
2016/11/29 72.80 73.10 72.20 72.40 
2016/11/30 72.80 75.10 72.30 75.10 
2016/12/01 74.70 75.10 73.70 74.30 
2016/12/02 73.80 74.10 72.80 72.90 
2016/12/05 72.70 73.60 72.70 73.20 
2016/12/06 74.10 74.70 73.80 74.00 
2016/12/07 74.70 74.80 73.80 74.30 
2016/12/08 74.60 75.10 74.50 74.90 
2016/12/09 75.20 75.30 74.50 75.20 
2016/12/12 75.50 75.60 75.20 75.60 
2016/12/13 75.60 75.60 74.50 74.70 
2016/12/14 74.60 75.20 74.40 74.90 
2016/12/15 74.90 75.00 73.90 74.90 
2016/12/16 74.10 74.90 73.00 74.90 
2016/12/19 74.40 74.40 73.60 73.60 
2016/12/20 73.60 74.00 73.20 73.50 
2016/12/21 73.50 74.00 73.20 73.30 
2016/12/22 73.60 74.40 73.50 73.60 
2016/12/23 73.20 73.60 72.40 72.40 
2016/12/26 72.90 73.00 72.60 72.80 
2016/12/27 72.80 73.40 72.10 73.20 
2016/12/28 73.50 73.80 73.00 73.70 
2016/12/29 73.70 74.40 73.10 73.90 
2016/12/30 73.60 75.00 73.60 75.00 
2017/01/03 75.00 75.00 74.40 74.60 
2017/01/04 74.50 74.60 74.20 74.40 
2017/01/05 74.50 74.80 74.10 74.60 
2017/01/06 74.60 74.60 73.80 73.80 
2017/01/09 74.00 74.40 73.50 73.50 
2017/01/10 73.40 73.90 73.30 73.60 
2017/01/11 73.20 73.80 72.90 73.20 
2017/01/12 73.50 73.80 72.80 72.90 
2017/01/13 72.60 73.30 72.60 73.20 
2017/01/16 73.50 73.50 72.20 72.20 
2017/01/17 72.00 73.60 71.90 72.60 
2017/01/18 72.60 73.50 72.40 72.60 
2017/01/19 72.70 73.50 72.60 72.90 
2017/01/20 72.60 72.90 72.10 72.20 
2017/01/23 72.70 74.40 72.70 74.30 
2017/01/24 73.60 74.00 73.40 73.70 
2017/02/02 73.70 74.40 72.10 72.30 
2017/02/03 72.40 73.30 72.20 72.50 
2017/02/06 72.60 72.90 72.10 72.10 
2017/02/07 72.10 72.90 72.10 72.60 
2017/02/08 72.60 72.70 72.00 72.20 
