2016/07/01 12.60 12.70 12.50 12.55 
2016/07/04 12.65 12.65 12.30 12.45 
2016/07/05 12.40 12.75 12.40 12.50 
2016/07/06 12.45 12.45 12.10 12.30 
2016/07/07 12.25 12.50 12.10 12.10 
2016/07/11 12.30 12.40 12.05 12.10 
2016/07/12 11.95 12.35 11.95 12.35 
2016/07/13 12.35 12.35 12.05 12.10 
2016/07/14 12.05 13.20 12.00 13.20 
2016/07/15 13.60 13.65 13.05 13.05 
2016/07/18 13.25 13.30 12.85 13.00 
2016/07/19 13.00 13.10 12.75 12.80 
2016/07/20 12.80 12.95 12.55 12.60 
2016/07/21 12.75 13.00 12.65 12.70 
2016/07/22 12.90 12.95 12.70 12.75 
2016/07/25 12.95 12.95 12.35 12.45 
2016/07/26 12.45 12.90 12.45 12.70 
2016/07/27 12.90 12.95 12.50 12.60 
2016/07/28 12.60 12.75 12.40 12.40 
2016/07/29 12.50 12.75 12.30 12.60 
2016/08/01 12.60 12.65 12.50 12.60 
2016/08/02 12.65 12.70 12.55 12.65 
2016/08/03 13.10 13.15 12.40 12.45 
2016/08/04 12.45 12.55 12.15 12.25 
2016/08/05 12.25 12.35 12.05 12.10 
2016/08/08 12.20 12.35 12.00 12.30 
2016/08/09 12.35 12.35 12.05 12.05 
2016/08/10 12.10 12.15 12.00 12.05 
2016/08/11 12.00 12.00 11.60 11.60 
2016/08/12 11.70 11.90 11.50 11.50 
2016/08/15 11.55 11.60 11.00 11.15 
2016/08/16 11.25 11.35 11.20 11.30 
2016/08/17 11.30 11.40 11.15 11.15 
2016/08/18 11.15 11.25 11.10 11.20 
2016/08/19 11.20 11.25 11.00 11.00 
2016/08/22 11.00 11.00 10.50 10.70 
2016/08/23 10.70 10.75 10.60 10.60 
2016/08/24 10.70 10.75 10.50 10.50 
2016/08/25 10.50 11.55 10.50 11.55 
2016/08/26 11.90 12.15 11.55 11.70 
2016/08/29 11.70 11.70 11.05 11.05 
2016/08/30 11.20 11.35 11.10 11.15 
2016/08/31 11.00 11.20 11.00 11.10 
2016/09/01 11.05 11.30 11.05 11.20 
2016/09/02 11.20 11.35 11.00 11.05 
2016/09/05 11.20 11.20 11.00 11.00 
2016/09/06 11.00 11.30 11.00 11.10 
2016/09/07 11.35 11.35 11.10 11.10 
2016/09/08 11.00 11.00 10.65 10.80 
2016/09/09 10.70 10.80 10.55 10.75 
2016/09/10 10.70 10.75 10.50 10.55 
2016/09/12 10.65 10.90 10.60 10.65 
2016/09/13 10.75 10.75 10.60 10.60 
2016/09/14 10.75 10.80 10.50 10.60 
2016/09/19 10.60 11.05 10.60 10.95 
2016/09/20 10.95 10.95 10.60 10.70 
2016/09/21 10.80 11.00 10.70 11.00 
2016/09/22 11.00 11.00 10.70 10.70 
2016/09/23 10.70 10.85 10.65 10.70 
2016/09/26 10.85 10.85 10.70 10.80 
2016/09/29 10.90 11.20 10.90 10.90 
2016/09/30 10.90 10.95 10.75 10.80 
2016/10/03 10.90 11.35 10.90 11.30 
2016/10/04 11.30 11.40 11.15 11.20 
2016/10/05 11.60 11.60 11.30 11.35 
2016/10/06 11.35 11.55 11.30 11.40 
2016/10/07 11.60 11.60 11.25 11.25 
2016/10/11 11.20 11.25 10.85 11.00 
2016/10/12 10.95 11.20 10.80 11.05 
2016/10/13 11.05 11.30 11.05 11.20 
2016/10/14 11.20 11.30 11.00 11.15 
2016/10/17 11.15 11.20 11.05 11.15 
2016/10/18 11.20 11.20 11.05 11.10 
2016/10/19 11.10 11.15 10.90 10.95 
2016/10/20 10.90 11.05 10.80 10.90 
2016/10/21 10.85 11.05 10.85 11.00 
2016/10/24 11.10 11.10 10.90 10.95 
2016/10/25 10.95 11.10 10.90 11.05 
2016/10/26 11.10 11.10 10.90 10.90 
2016/10/27 11.20 11.95 11.20 11.95 
2016/10/28 12.40 12.45 11.30 11.40 
2016/10/31 11.30 11.40 11.10 11.30 
2016/11/01 11.40 12.00 11.30 11.65 
2016/11/02 11.30 11.55 11.10 11.10 
2016/11/03 11.25 11.40 11.10 11.10 
2016/11/04 11.25 11.25 11.00 11.05 
2016/11/07 11.00 11.10 10.95 11.00 
2016/11/08 11.00 11.00 10.55 10.70 
2016/11/09 10.70 10.80 10.10 10.15 
2016/11/10 10.60 10.60 10.40 10.45 
2016/11/11 10.50 10.50 10.05 10.15 
2016/11/14 10.05 10.10 9.80 9.90 
2016/11/15 9.99 10.25 9.93 10.05 
2016/11/16 10.20 10.20 9.94 10.05 
2016/11/17 9.95 10.00 9.85 9.90 
2016/11/18 9.99 10.30 9.99 10.20 
2016/11/21 10.30 10.40 10.15 10.20 
2016/11/22 10.20 10.30 10.00 10.10 
2016/11/23 10.10 10.25 10.00 10.05 
2016/11/24 10.05 10.15 10.00 10.05 
2016/11/25 10.05 10.10 9.98 10.00 
2016/11/28 9.98 10.15 9.96 10.00 
2016/11/29 9.97 10.20 9.94 10.05 
2016/11/30 10.10 10.15 10.00 10.10 
2016/12/01 10.20 10.20 10.00 10.05 
2016/12/02 10.00 10.15 10.00 10.05 
2016/12/05 10.10 10.10 10.00 10.00 
2016/12/06 10.00 10.25 9.99 10.05 
2016/12/07 10.10 10.15 10.00 10.05 
2016/12/08 10.05 10.15 10.05 10.05 
2016/12/09 10.10 10.15 10.05 10.10 
2016/12/12 10.25 10.50 10.20 10.25 
2016/12/13 10.30 10.30 10.15 10.15 
2016/12/14 10.15 10.30 10.05 10.05 
2016/12/15 10.05 10.20 10.00 10.10 
2016/12/16 10.10 10.15 10.05 10.15 
2016/12/19 10.20 10.20 10.10 10.15 
2016/12/20 10.15 10.20 10.05 10.05 
2016/12/21 10.10 10.20 10.10 10.20 
2016/12/22 10.20 10.20 10.05 10.10 
2016/12/23 10.10 10.15 10.05 10.05 
2016/12/26 10.10 10.15 9.90 10.00 
2016/12/27 10.00 10.10 9.98 9.99 
2016/12/28 10.00 10.10 10.00 10.05 
2016/12/29 10.05 10.10 10.00 10.05 
2016/12/30 10.00 10.10 10.00 10.10 
2017/01/03 10.00 10.15 10.00 10.05 
2017/01/04 10.15 10.30 10.05 10.25 
2017/01/05 10.30 10.35 10.20 10.30 
2017/01/06 10.25 10.30 10.20 10.25 
2017/01/09 10.50 11.25 10.50 11.25 
2017/01/10 10.90 11.20 10.75 11.05 
2017/01/11 11.05 11.40 11.05 11.10 
2017/01/12 11.15 11.30 10.90 11.05 
2017/01/13 10.95 11.95 10.95 11.70 
2017/01/16 11.45 11.90 11.45 11.50 
2017/01/17 11.50 11.70 11.45 11.60 
2017/01/18 11.60 11.70 11.50 11.65 
2017/01/19 11.70 11.90 11.55 11.55 
2017/01/20 11.60 11.75 11.40 11.40 
2017/01/23 11.40 11.50 11.20 11.25 
2017/01/24 11.25 11.60 11.20 11.20 
2017/02/02 11.40 11.45 11.25 11.30 
2017/02/03 11.30 11.70 11.30 11.50 
2017/02/06 11.70 12.00 11.70 11.75 
2017/02/07 11.80 12.15 11.55 12.00 
2017/02/08 12.00 12.20 11.80 11.85 
