2016/07/01 20.30 20.50 20.15 20.15 
2016/07/04 20.20 20.40 20.05 20.05 
2016/07/05 20.20 20.60 20.20 20.30 
2016/07/06 20.30 20.40 20.05 20.10 
2016/07/07 20.20 20.40 20.10 20.10 
2016/07/11 20.25 20.40 20.05 20.05 
2016/07/12 20.20 20.40 20.05 20.10 
2016/07/13 20.20 20.35 20.00 20.10 
2016/07/14 20.10 20.60 20.05 20.30 
2016/07/15 20.55 20.70 20.40 20.55 
2016/07/18 20.75 21.40 20.75 20.80 
2016/07/19 21.00 21.10 20.70 20.70 
2016/07/20 20.70 20.95 20.45 20.45 
2016/07/21 20.70 20.85 20.40 20.45 
2016/07/22 20.80 21.55 20.80 20.80 
2016/07/25 20.80 20.95 20.40 20.40 
2016/07/26 20.55 20.65 20.40 20.50 
2016/07/27 20.60 20.65 20.25 20.30 
2016/07/28 20.30 20.60 20.15 20.15 
2016/07/29 20.15 20.30 20.10 20.10 
2016/08/01 20.20 20.30 20.00 20.15 
2016/08/02 20.25 20.25 19.95 20.00 
2016/08/03 20.00 20.10 19.75 19.90 
2016/08/04 20.00 20.10 19.80 19.90 
2016/08/05 20.00 20.30 19.95 20.00 
2016/08/08 20.15 20.20 19.90 19.90 
2016/08/09 19.90 20.15 19.70 19.75 
2016/08/10 19.75 20.00 19.75 19.75 
2016/08/11 19.85 19.95 19.50 19.60 
2016/08/12 19.70 20.15 19.60 19.60 
2016/08/15 19.70 19.80 19.30 19.45 
2016/08/16 19.65 19.70 19.45 19.50 
2016/08/17 19.60 19.60 19.25 19.30 
2016/08/18 19.30 19.90 19.30 19.60 
2016/08/19 19.70 19.80 19.55 19.55 
2016/08/22 19.60 19.60 19.20 19.20 
2016/08/23 19.30 19.35 19.20 19.25 
2016/08/24 19.35 19.65 19.25 19.40 
2016/08/25 19.40 19.45 19.20 19.25 
2016/08/26 19.25 19.40 19.20 19.20 
2016/08/29 19.20 19.35 18.80 18.85 
2016/08/30 18.95 18.95 18.65 18.70 
2016/08/31 18.85 18.90 18.50 18.60 
2016/09/01 18.85 18.85 18.60 18.70 
2016/09/02 18.80 18.80 18.20 18.30 
2016/09/05 18.30 18.60 18.30 18.35 
2016/09/06 18.40 18.65 18.30 18.50 
2016/09/07 18.50 19.10 18.50 19.05 
2016/09/08 19.00 19.05 18.85 18.85 
2016/09/09 18.70 19.25 18.70 18.85 
2016/09/10 18.60 18.70 18.55 18.55 
2016/09/12 18.55 18.75 18.50 18.50 
2016/09/13 18.60 18.75 18.35 18.35 
2016/09/14 18.40 18.50 18.15 18.20 
2016/09/19 18.50 18.50 18.30 18.35 
2016/09/20 18.35 18.40 18.20 18.20 
2016/09/21 18.30 18.40 18.20 18.30 
2016/09/22 18.40 18.45 18.15 18.15 
2016/09/23 18.45 18.80 18.30 18.40 
2016/09/26 18.40 18.50 18.15 18.15 
2016/09/29 18.20 18.30 18.20 18.20 
2016/09/30 18.20 18.30 18.05 18.05 
2016/10/03 18.20 18.30 18.00 18.00 
2016/10/04 18.10 18.20 17.80 17.85 
2016/10/05 18.20 18.35 18.05 18.10 
2016/10/06 18.20 18.20 17.90 18.05 
2016/10/07 17.90 18.10 17.75 17.85 
2016/10/11 17.85 17.90 16.60 17.05 
2016/10/12 17.40 17.40 16.95 17.10 
2016/10/13 17.10 17.20 16.60 16.75 
2016/10/14 16.90 16.90 16.05 16.10 
2016/10/17 16.25 16.50 16.25 16.35 
2016/10/18 16.35 16.35 16.05 16.05 
2016/10/19 16.40 16.40 16.10 16.10 
2016/10/20 16.20 16.25 16.05 16.20 
2016/10/21 16.25 16.25 16.05 16.15 
2016/10/24 16.15 16.50 16.15 16.50 
2016/10/25 16.50 16.50 16.15 16.25 
2016/10/26 16.25 16.25 16.05 16.20 
2016/10/27 16.40 17.10 16.35 16.80 
2016/10/28 17.10 17.20 16.50 16.50 
2016/10/31 16.55 16.70 16.30 16.35 
2016/11/01 16.45 16.45 16.00 16.05 
2016/11/02 16.00 16.00 15.35 15.45 
2016/11/03 15.45 15.60 14.90 14.95 
2016/11/04 15.05 15.30 15.00 15.00 
2016/11/07 15.25 15.30 15.00 15.00 
2016/11/08 15.20 15.30 14.80 15.10 
2016/11/09 15.10 15.30 13.80 13.95 
2016/11/10 14.40 14.90 14.40 14.80 
2016/11/11 14.75 14.75 14.25 14.25 
2016/11/14 14.25 14.30 14.05 14.05 
2016/11/15 14.05 14.20 14.00 14.05 
2016/11/16 14.20 14.25 14.00 14.00 
2016/11/17 14.05 14.05 13.50 13.55 
2016/11/18 14.20 14.90 14.20 14.90 
2016/11/21 15.40 15.65 15.15 15.50 
2016/11/22 15.60 15.70 15.25 15.30 
2016/11/23 15.30 16.00 15.25 15.85 
2016/11/24 15.70 16.30 15.70 16.10 
2016/11/25 16.00 16.55 16.00 16.10 
2016/11/28 16.10 16.25 15.70 15.70 
2016/11/29 15.65 16.20 15.65 15.95 
2016/11/30 16.15 16.45 16.05 16.10 
2016/12/01 17.70 17.70 17.70 17.70 
2016/12/02 17.70 18.30 17.70 17.80 
2016/12/05 17.85 18.25 17.45 18.20 
2016/12/06 18.20 18.75 17.45 17.45 
2016/12/07 17.60 17.70 17.15 17.25 
2016/12/08 17.35 17.50 16.90 17.25 
2016/12/09 17.15 17.65 17.10 17.20 
2016/12/12 17.25 17.40 16.90 16.90 
2016/12/13 16.85 17.05 16.65 16.75 
2016/12/14 16.90 17.00 16.70 16.70 
2016/12/15 16.80 16.80 16.60 16.70 
2016/12/16 16.85 17.60 16.85 17.30 
2016/12/19 17.30 17.30 16.70 16.70 
2016/12/20 16.70 16.90 16.50 16.70 
2016/12/21 16.80 17.20 16.65 17.05 
2016/12/22 17.25 17.35 16.70 16.70 
2016/12/23 16.85 17.05 16.75 16.75 
2016/12/26 16.80 16.90 16.60 16.70 
2016/12/27 17.00 17.50 16.95 17.15 
2016/12/28 17.30 17.30 17.00 17.00 
2016/12/29 17.10 17.40 17.00 17.05 
2016/12/30 17.20 17.45 17.00 17.10 
2017/01/03 17.25 17.25 16.95 16.95 
2017/01/04 17.00 17.20 16.85 16.85 
2017/01/05 17.00 17.10 16.85 16.90 
2017/01/06 17.00 17.05 16.85 17.00 
2017/01/09 17.10 17.10 16.70 16.75 
2017/01/10 16.75 16.95 16.70 16.70 
2017/01/11 16.75 16.80 16.50 16.60 
2017/01/12 16.50 16.70 16.50 16.60 
2017/01/13 16.50 16.60 16.35 16.35 
2017/01/16 16.35 16.50 16.25 16.25 
2017/01/17 16.25 16.60 16.10 16.40 
2017/01/18 16.45 16.60 16.30 16.40 
2017/01/19 16.50 16.55 16.30 16.35 
2017/01/20 16.35 16.60 16.35 16.45 
2017/01/23 16.50 16.65 16.50 16.50 
2017/01/24 16.75 16.75 16.35 16.35 
2017/02/02 16.50 16.50 16.20 16.30 
2017/02/03 16.60 17.25 16.50 17.20 
2017/02/06 17.25 17.25 16.95 17.05 
2017/02/07 17.00 17.20 16.95 16.95 
2017/02/08 17.10 17.40 17.00 17.05 
