2016/07/01 245.00 247.00 242.00 242.50 
2016/07/04 244.50 247.50 242.00 246.50 
2016/07/05 247.50 247.50 245.00 247.50 
2016/07/06 245.00 245.00 239.00 241.50 
2016/07/07 243.00 245.00 242.00 243.50 
2016/07/11 247.00 251.00 242.00 251.00 
2016/07/12 252.00 255.50 249.00 250.50 
2016/07/13 249.50 249.50 244.00 247.00 
2016/07/14 247.00 251.00 246.50 251.00 
2016/07/15 248.50 254.50 248.50 254.50 
2016/07/18 252.00 254.50 246.50 248.00 
2016/07/19 249.00 253.00 248.00 253.00 
2016/07/20 253.00 257.00 251.50 256.00 
2016/07/21 257.00 258.50 254.00 258.50 
2016/07/22 258.00 258.00 248.00 249.00 
2016/07/25 252.50 255.00 248.50 251.50 
2016/07/26 251.00 253.50 250.00 253.50 
2016/07/27 253.50 253.50 248.50 253.00 
2016/07/28 254.00 254.00 249.50 250.50 
2016/07/29 250.50 251.50 246.50 248.00 
2016/08/01 253.00 253.00 248.00 249.00 
2016/08/02 251.50 251.50 240.50 246.00 
2016/08/03 244.50 247.00 240.00 246.00 
2016/08/04 246.00 247.00 244.00 247.00 
2016/08/05 247.00 251.00 245.50 250.00 
2016/08/08 252.50 252.50 250.50 252.50 
2016/08/09 252.50 254.50 249.50 253.50 
2016/08/10 254.00 255.00 252.00 255.00 
2016/08/11 254.50 257.50 252.00 257.50 
2016/08/12 257.50 258.50 256.00 258.50 
2016/08/15 258.50 259.00 255.00 258.00 
2016/08/16 258.00 258.00 255.50 258.00 
2016/08/17 256.00 258.50 254.00 256.50 
2016/08/18 255.00 255.00 251.00 253.50 
2016/08/19 252.00 253.00 250.00 250.00 
2016/08/22 250.00 255.00 249.50 255.00 
2016/08/23 253.00 254.50 252.00 254.50 
2016/08/24 256.00 260.00 253.00 260.00 
2016/08/25 260.00 260.00 258.00 258.00 
2016/08/26 258.00 260.00 257.00 260.00 
2016/08/29 260.00 260.00 254.00 259.50 
2016/08/30 257.00 260.00 257.00 260.00 
2016/08/31 258.00 263.00 258.00 259.50 
2016/09/01 263.00 277.00 263.00 274.00 
2016/09/02 273.00 274.00 269.00 272.00 
2016/09/05 270.00 278.00 270.00 273.00 
2016/09/06 274.50 282.00 273.00 282.00 
2016/09/07 281.50 284.50 280.00 281.00 
2016/09/08 283.50 289.50 282.00 287.50 
2016/09/09 284.00 284.00 277.00 277.50 
2016/09/10 272.00 276.50 271.50 272.00 
2016/09/12 271.00 273.50 265.50 266.00 
2016/09/13 269.00 270.50 259.00 262.00 
2016/09/14 261.00 267.50 260.00 262.50 
2016/09/19 262.50 262.50 258.00 259.50 
2016/09/20 259.50 264.50 255.50 255.50 
2016/09/21 256.50 264.00 256.00 263.00 
2016/09/22 263.00 263.50 259.50 263.50 
2016/09/23 263.50 264.50 261.00 264.00 
2016/09/26 263.00 264.50 262.00 263.00 
2016/09/29 263.50 277.00 262.50 276.00 
2016/09/30 275.00 275.00 266.50 269.00 
2016/10/03 270.00 272.00 269.00 270.00 
2016/10/04 270.50 272.00 266.50 272.00 
2016/10/05 268.00 270.00 264.00 264.00 
2016/10/06 266.00 267.50 263.00 266.00 
2016/10/07 266.00 266.50 262.50 264.50 
2016/10/11 267.00 267.00 256.00 261.00 
2016/10/12 260.00 263.00 256.00 262.50 
2016/10/13 261.50 262.00 253.00 257.00 
2016/10/14 254.00 259.00 254.00 257.50 
2016/10/17 256.00 260.00 251.00 257.00 
2016/10/18 254.00 257.00 253.50 257.00 
2016/10/19 254.50 258.50 254.50 258.50 
2016/10/20 258.50 258.50 255.00 256.00 
2016/10/21 256.50 258.00 255.50 255.50 
2016/10/24 255.50 257.00 254.00 254.00 
2016/10/25 254.00 259.50 253.50 259.50 
2016/10/26 260.00 260.00 256.50 257.00 
2016/10/27 257.00 257.50 253.00 254.50 
2016/10/28 254.50 256.50 254.50 255.50 
2016/10/31 254.00 259.00 252.50 257.00 
2016/11/01 259.00 259.00 255.50 257.00 
2016/11/02 258.50 258.50 253.50 255.50 
2016/11/03 253.50 256.50 245.00 248.50 
2016/11/04 248.00 252.00 245.00 251.00 
2016/11/07 252.00 255.00 252.00 253.00 
2016/11/08 251.00 253.50 246.00 246.50 
2016/11/09 250.50 252.50 242.50 248.00 
2016/11/10 252.00 255.00 250.50 254.50 
2016/11/11 246.50 250.50 243.50 246.50 
2016/11/14 246.00 248.00 242.00 246.00 
2016/11/15 243.50 247.50 243.50 246.00 
2016/11/16 248.00 250.50 245.50 248.00 
2016/11/17 249.00 250.50 247.00 249.00 
2016/11/18 246.50 250.50 246.00 250.00 
2016/11/21 248.50 250.50 246.50 250.00 
2016/11/22 248.50 255.00 248.50 252.00 
2016/11/23 253.00 256.00 253.00 255.50 
2016/11/24 255.50 255.50 252.50 254.50 
2016/11/25 253.00 253.00 251.00 252.50 
2016/11/28 252.50 257.00 252.50 256.50 
2016/11/29 258.00 258.00 255.00 256.50 
2016/11/30 258.00 258.00 254.50 256.50 
2016/12/01 256.50 257.00 252.50 256.00 
2016/12/02 252.50 255.00 252.00 253.50 
2016/12/05 253.50 254.50 251.00 251.50 
2016/12/06 254.00 255.00 253.00 253.50 
2016/12/07 253.50 253.50 249.50 251.00 
2016/12/08 253.00 256.00 252.50 256.00 
2016/12/09 256.00 259.00 254.50 259.00 
2016/12/12 259.00 259.00 254.00 256.50 
2016/12/13 254.00 254.50 251.00 252.00 
2016/12/14 252.50 254.00 252.00 252.00 
2016/12/15 251.00 251.50 249.00 251.00 
2016/12/16 252.00 253.00 248.50 250.00 
2016/12/19 250.00 250.00 247.00 248.00 
2016/12/20 248.00 252.00 247.00 251.50 
2016/12/21 250.00 251.00 249.00 249.00 
2016/12/22 248.00 250.00 247.50 249.00 
2016/12/23 249.00 249.00 247.50 247.50 
2016/12/26 247.50 248.00 246.50 247.50 
2016/12/27 248.50 249.00 246.00 248.00 
2016/12/28 247.00 250.00 247.00 249.00 
2016/12/29 249.00 249.00 246.00 246.50 
2016/12/30 249.00 254.50 248.50 254.50 
2017/01/03 254.50 254.50 251.00 252.50 
2017/01/04 254.50 255.00 248.00 250.00 
2017/01/05 251.00 253.50 250.00 253.00 
2017/01/06 253.50 258.00 253.00 257.00 
2017/01/09 258.00 259.00 255.50 257.50 
2017/01/10 257.50 259.00 256.00 257.00 
2017/01/11 258.00 258.50 257.00 258.00 
2017/01/12 258.50 264.00 258.50 262.00 
2017/01/13 264.00 266.00 261.00 266.00 
2017/01/16 264.00 265.50 260.50 262.00 
2017/01/17 262.00 265.50 262.00 263.50 
2017/01/18 264.00 266.00 262.00 263.00 
2017/01/19 263.00 265.00 260.50 264.00 
2017/01/20 264.00 265.00 263.00 265.00 
2017/01/23 267.00 268.00 265.00 266.50 
2017/01/24 265.50 266.50 263.00 265.00 
2017/02/02 265.00 268.00 260.00 260.00 
2017/02/03 261.00 262.00 259.50 260.00 
2017/02/06 259.00 267.00 259.00 265.00 
2017/02/07 264.00 265.00 258.50 263.00 
2017/02/08 261.50 265.00 259.50 263.00 
