2016/07/01 48.20 48.75 48.10 48.40 
2016/07/04 48.50 49.40 48.40 49.00 
2016/07/05 49.45 49.45 48.95 49.00 
2016/07/06 48.80 49.15 48.60 49.00 
2016/07/07 49.25 49.30 48.90 48.90 
2016/07/11 48.90 49.00 48.60 48.75 
2016/07/12 48.75 49.90 48.75 49.55 
2016/07/13 49.80 50.50 49.70 50.00 
2016/07/14 50.70 51.40 50.30 51.40 
2016/07/15 51.70 55.30 51.70 54.00 
2016/07/18 54.00 54.00 52.60 53.20 
2016/07/19 54.50 55.00 52.40 52.70 
2016/07/20 52.30 52.60 50.80 51.00 
2016/07/21 51.20 51.40 50.50 51.10 
2016/07/22 51.20 51.20 49.90 50.00 
2016/07/25 50.00 50.70 49.10 49.75 
2016/07/26 49.55 50.40 49.55 50.40 
2016/07/27 50.40 50.90 49.95 50.00 
2016/07/28 50.00 50.60 49.95 50.00 
2016/07/29 50.00 50.50 50.00 50.50 
2016/08/01 50.50 51.00 50.40 50.80 
2016/08/02 50.80 52.50 50.80 51.00 
2016/08/03 50.90 51.50 50.70 51.40 
2016/08/04 51.80 52.30 51.00 51.00 
2016/08/05 51.30 51.70 51.10 51.60 
2016/08/08 52.00 52.00 51.20 51.30 
2016/08/09 52.50 53.10 50.00 50.20 
2016/08/10 50.20 50.70 49.60 49.80 
2016/08/11 49.30 49.95 48.30 48.70 
2016/08/12 48.90 49.35 48.55 49.15 
2016/08/15 49.15 50.80 48.95 50.70 
2016/08/16 50.90 50.90 50.20 50.70 
2016/08/17 50.80 51.60 50.60 50.60 
2016/08/18 50.60 51.20 50.60 51.10 
2016/08/19 51.50 51.60 50.50 50.50 
2016/08/22 50.60 51.50 50.00 51.00 
2016/08/23 51.00 51.10 50.70 50.70 
2016/08/24 50.80 51.50 50.20 51.40 
2016/08/25 51.40 51.80 51.10 51.60 
2016/08/26 51.50 52.80 51.50 52.20 
2016/08/29 53.40 57.40 53.30 57.40 
2016/08/30 57.40 57.70 56.10 57.60 
2016/08/31 57.60 58.30 56.90 57.80 
2016/09/01 58.00 59.30 57.60 58.80 
2016/09/02 59.60 60.00 56.70 57.10 
2016/09/05 58.00 58.00 56.50 56.90 
2016/09/06 57.30 57.30 56.40 56.60 
2016/09/07 57.00 57.70 56.60 57.10 
2016/09/08 57.40 57.40 56.10 57.30 
2016/09/09 57.00 59.00 56.50 58.90 
2016/09/10 57.10 58.00 56.80 56.80 
2016/09/12 57.00 57.00 53.80 53.80 
2016/09/13 54.20 54.60 52.90 54.20 
2016/09/14 54.20 54.40 52.90 53.50 
2016/09/19 53.60 54.90 53.60 54.20 
2016/09/20 54.20 55.20 54.10 54.60 
2016/09/21 54.60 55.10 54.50 54.60 
2016/09/22 54.90 55.40 54.90 55.10 
2016/09/23 55.00 55.20 54.60 54.70 
2016/09/26 54.70 54.90 54.20 54.20 
2016/09/29 54.20 55.40 54.20 54.80 
2016/09/30 54.60 55.10 54.10 54.10 
2016/10/03 54.20 54.40 53.20 53.60 
2016/10/04 53.60 54.00 53.50 53.70 
2016/10/05 53.50 53.90 53.40 53.40 
2016/10/06 53.40 53.60 53.20 53.20 
2016/10/07 53.20 53.50 51.60 51.90 
2016/10/11 52.00 52.10 49.50 50.20 
2016/10/12 50.20 50.20 49.80 49.90 
2016/10/13 50.00 50.00 49.00 49.45 
2016/10/14 49.40 49.40 47.65 48.00 
2016/10/17 48.00 48.45 47.30 48.45 
2016/10/18 48.45 48.90 48.20 48.70 
2016/10/19 48.80 49.90 48.70 49.85 
2016/10/20 49.80 49.90 49.30 49.80 
2016/10/21 49.80 50.00 49.30 49.55 
2016/10/24 49.70 49.70 49.00 49.00 
2016/10/25 49.00 49.45 49.00 49.45 
2016/10/26 49.10 49.10 48.15 48.20 
2016/10/27 48.20 48.60 48.15 48.50 
2016/10/28 48.15 48.50 48.10 48.15 
2016/10/31 48.05 48.60 47.75 48.20 
2016/11/01 48.00 48.00 47.70 47.75 
2016/11/02 48.00 48.00 47.25 47.45 
2016/11/03 47.45 47.50 46.80 46.85 
2016/11/04 46.85 47.60 46.85 47.35 
2016/11/07 47.90 49.30 47.90 48.30 
2016/11/08 49.20 50.30 48.55 49.20 
2016/11/09 49.50 50.00 47.00 47.10 
2016/11/10 49.30 49.80 48.90 49.10 
2016/11/11 48.90 50.00 48.60 49.40 
2016/11/14 50.00 51.20 49.50 50.70 
2016/11/15 51.00 51.60 50.70 50.70 
2016/11/16 50.70 50.70 50.10 50.20 
2016/11/17 50.10 50.30 49.55 49.55 
2016/11/18 49.55 50.20 49.55 50.20 
2016/11/21 50.20 50.80 50.20 50.50 
2016/11/22 51.00 51.40 50.20 50.40 
2016/11/23 50.90 50.90 49.90 50.40 
2016/11/24 50.50 50.70 49.80 50.20 
2016/11/25 49.70 50.30 48.75 49.00 
2016/11/28 48.80 49.10 48.80 48.80 
2016/11/29 49.25 49.25 48.80 48.85 
2016/11/30 48.85 48.95 48.35 48.45 
2016/12/01 48.50 48.80 48.25 48.50 
2016/12/02 48.60 48.60 48.20 48.20 
2016/12/05 48.90 48.90 48.30 48.55 
2016/12/06 48.90 49.05 48.55 48.95 
2016/12/07 49.00 49.70 49.00 49.60 
2016/12/08 49.80 50.60 49.80 49.85 
2016/12/09 50.00 50.20 49.75 49.80 
2016/12/12 50.50 50.50 49.50 49.80 
2016/12/13 50.00 50.00 49.50 49.50 
2016/12/14 50.00 50.20 49.60 49.70 
2016/12/15 49.70 50.00 49.15 49.30 
2016/12/16 49.40 49.70 49.35 49.55 
2016/12/19 49.60 49.65 49.45 49.55 
2016/12/20 49.70 49.70 49.10 49.20 
2016/12/21 49.40 49.45 49.15 49.25 
2016/12/22 49.50 49.55 49.05 49.10 
2016/12/23 49.10 49.30 49.05 49.10 
2016/12/26 49.20 49.30 48.95 49.00 
2016/12/27 49.20 49.20 49.00 49.15 
2016/12/28 49.35 50.00 49.30 49.95 
2016/12/29 49.95 50.60 49.95 50.40 
2016/12/30 50.60 51.70 50.60 51.70 
2017/01/03 51.90 52.20 51.80 52.20 
2017/01/04 52.30 52.50 51.80 52.00 
2017/01/05 52.20 52.30 51.90 52.00 
2017/01/06 52.20 52.60 52.10 52.60 
2017/01/09 52.70 52.90 52.40 52.90 
2017/01/10 53.10 53.20 52.40 52.40 
2017/01/11 52.60 52.80 51.80 51.90 
2017/01/12 51.90 52.30 51.50 51.50 
2017/01/13 51.50 51.80 50.90 51.80 
2017/01/16 51.40 51.70 50.20 51.40 
2017/01/17 51.40 51.70 51.30 51.30 
2017/01/18 51.30 51.50 50.90 51.30 
2017/01/19 51.30 51.30 50.60 50.80 
2017/01/20 50.50 50.90 50.50 50.80 
2017/01/23 50.80 50.90 50.20 50.60 
2017/01/24 50.60 50.70 50.10 50.20 
2017/02/02 50.30 50.80 50.00 50.40 
2017/02/03 50.50 50.80 50.20 50.40 
2017/02/06 50.70 51.10 50.00 50.50 
2017/02/07 50.80 51.00 50.00 50.50 
2017/02/08 50.80 52.80 50.60 52.40 
