2016/07/01 12.10 12.25 12.05 12.15 
2016/07/04 12.15 12.30 12.15 12.20 
2016/07/05 12.20 12.45 12.10 12.35 
2016/07/06 12.30 12.30 12.05 12.15 
2016/07/07 12.15 12.35 12.15 12.25 
2016/07/11 12.40 12.40 12.25 12.35 
2016/07/12 12.40 12.40 12.15 12.20 
2016/07/13 12.30 12.55 12.25 12.40 
2016/07/14 12.45 12.70 12.40 12.60 
2016/07/15 12.60 12.70 12.55 12.60 
2016/07/18 12.75 12.80 12.50 12.55 
2016/07/19 12.65 12.80 12.55 12.75 
2016/07/20 12.75 12.85 12.65 12.75 
2016/07/21 12.80 12.90 12.75 12.85 
2016/07/22 12.85 12.90 12.65 12.70 
2016/07/25 12.70 12.85 12.55 12.70 
2016/07/26 12.70 12.70 12.60 12.60 
2016/07/27 12.70 12.75 12.65 12.65 
2016/07/28 12.75 12.95 12.70 12.75 
2016/07/29 12.80 12.80 12.65 12.80 
2016/08/01 12.80 12.90 12.75 12.85 
2016/08/02 12.90 13.00 12.85 13.00 
2016/08/03 12.95 12.95 12.65 12.70 
2016/08/04 12.70 12.80 12.65 12.75 
2016/08/05 12.85 12.95 12.75 12.80 
2016/08/08 12.90 12.90 12.55 12.70 
2016/08/09 12.75 12.80 12.60 12.65 
2016/08/10 12.65 12.75 12.60 12.60 
2016/08/11 11.75 11.75 11.20 11.25 
2016/08/12 11.40 11.40 11.25 11.25 
2016/08/15 11.25 11.30 11.10 11.15 
2016/08/16 11.15 11.20 11.00 11.05 
2016/08/17 11.10 11.15 11.00 11.05 
2016/08/18 11.00 11.30 11.00 11.30 
2016/08/19 11.30 11.35 11.10 11.15 
2016/08/22 11.15 11.20 11.05 11.10 
2016/08/23 11.15 11.20 11.05 11.10 
2016/08/24 11.10 11.15 11.05 11.05 
2016/08/25 11.05 11.25 11.05 11.15 
2016/08/26 11.15 11.30 11.10 11.20 
2016/08/29 11.40 11.40 11.20 11.30 
2016/08/30 11.25 11.50 11.25 11.50 
2016/08/31 11.55 11.60 11.45 11.55 
2016/09/01 11.55 11.55 11.35 11.45 
2016/09/02 11.45 11.45 11.20 11.20 
2016/09/05 11.20 11.55 11.20 11.55 
2016/09/06 11.65 11.75 11.55 11.60 
2016/09/07 11.65 12.00 11.60 12.00 
2016/09/08 12.05 12.25 11.85 11.95 
2016/09/09 11.80 11.85 11.70 11.70 
2016/09/10 11.35 11.55 11.35 11.50 
2016/09/12 11.50 11.60 11.40 11.40 
2016/09/13 11.50 11.55 11.30 11.30 
2016/09/14 11.25 11.35 11.10 11.15 
2016/09/19 11.30 11.40 11.30 11.40 
2016/09/20 11.35 11.45 11.30 11.35 
2016/09/21 11.35 11.55 11.35 11.45 
2016/09/22 11.55 11.55 11.40 11.50 
2016/09/23 11.45 11.55 11.40 11.45 
2016/09/26 11.45 11.50 11.40 11.45 
2016/09/29 11.45 11.75 11.40 11.55 
2016/09/30 11.55 11.65 11.45 11.55 
2016/10/03 11.50 11.60 11.45 11.50 
2016/10/04 11.50 11.65 11.45 11.50 
2016/10/05 11.50 11.60 11.45 11.55 
2016/10/06 11.60 11.60 11.45 11.50 
2016/10/07 11.55 11.55 11.40 11.40 
2016/10/11 11.40 11.50 11.05 11.20 
2016/10/12 11.10 11.20 11.10 11.10 
2016/10/13 11.10 11.15 10.95 11.00 
2016/10/14 10.90 11.05 10.85 10.85 
2016/10/17 10.85 10.95 10.75 10.85 
2016/10/18 10.85 10.90 10.80 10.90 
2016/10/19 10.90 11.10 10.85 10.85 
2016/10/20 10.85 11.00 10.85 10.90 
2016/10/21 10.95 11.05 10.85 10.90 
2016/10/24 11.05 11.05 10.90 11.00 
2016/10/25 11.00 11.00 10.90 10.95 
2016/10/26 10.90 11.05 10.90 10.95 
2016/10/27 10.95 11.00 10.90 10.90 
2016/10/28 10.90 10.95 10.80 10.85 
2016/10/31 10.90 10.95 10.80 10.85 
2016/11/01 10.85 10.90 10.80 10.90 
2016/11/02 10.90 10.95 10.70 10.70 
2016/11/03 10.70 10.80 10.60 10.60 
2016/11/04 10.60 10.70 10.55 10.60 
2016/11/07 10.60 10.75 10.60 10.65 
2016/11/08 10.70 10.70 10.55 10.60 
2016/11/09 10.65 10.70 10.00 10.10 
2016/11/10 10.40 10.45 10.30 10.40 
2016/11/11 10.35 10.40 10.15 10.30 
2016/11/14 10.20 10.25 10.10 10.15 
2016/11/15 10.10 10.15 9.99 10.00 
2016/11/16 10.05 10.20 10.00 10.20 
2016/11/17 10.20 10.25 10.05 10.05 
2016/11/18 10.15 10.15 10.00 10.10 
2016/11/21 10.15 10.55 10.05 10.55 
2016/11/22 10.80 11.20 10.70 10.80 
2016/11/23 10.90 11.00 10.75 10.85 
2016/11/24 10.95 11.00 10.80 10.80 
2016/11/25 10.90 10.90 10.75 10.80 
2016/11/28 10.85 10.95 10.75 10.75 
2016/11/29 10.80 11.05 10.70 10.90 
2016/11/30 11.00 11.25 10.90 11.25 
2016/12/01 11.25 11.25 11.05 11.10 
2016/12/02 11.00 11.00 10.90 10.90 
2016/12/05 11.00 11.00 10.85 10.90 
2016/12/06 11.05 11.05 10.80 10.85 
2016/12/07 10.95 11.15 10.90 11.15 
2016/12/08 11.20 11.35 11.15 11.20 
2016/12/09 11.20 11.30 11.10 11.15 
2016/12/12 11.15 11.20 11.00 11.05 
2016/12/13 11.05 11.20 11.00 11.05 
2016/12/14 11.10 11.20 11.00 11.15 
2016/12/15 11.00 11.60 10.90 11.50 
2016/12/16 11.55 11.70 11.45 11.45 
2016/12/19 11.50 11.55 11.25 11.30 
2016/12/20 11.35 11.40 11.20 11.30 
2016/12/21 11.30 11.40 11.25 11.30 
2016/12/22 11.30 11.35 11.20 11.30 
2016/12/23 11.35 11.60 11.35 11.40 
2016/12/26 11.50 11.55 11.25 11.25 
2016/12/27 11.25 11.30 11.15 11.25 
2016/12/28 11.25 11.35 11.20 11.20 
2016/12/29 11.25 11.35 11.15 11.15 
2016/12/30 11.25 11.45 11.25 11.35 
2017/01/03 11.45 11.45 11.25 11.35 
2017/01/04 11.45 11.45 11.30 11.35 
2017/01/05 11.35 11.65 11.30 11.55 
2017/01/06 11.50 11.55 11.40 11.45 
2017/01/09 11.45 11.70 11.40 11.40 
2017/01/10 11.40 11.40 11.25 11.30 
2017/01/11 11.25 11.40 11.20 11.25 
2017/01/12 11.25 11.30 11.20 11.25 
2017/01/13 11.25 11.25 11.15 11.15 
2017/01/16 11.10 11.20 11.00 11.00 
2017/01/17 11.05 11.10 11.00 11.00 
2017/01/18 11.05 11.15 11.00 11.15 
2017/01/19 11.20 11.45 11.15 11.40 
2017/01/20 11.40 11.45 11.30 11.30 
2017/01/23 11.30 11.35 11.20 11.25 
2017/01/24 11.25 11.35 11.25 11.30 
2017/02/02 11.35 11.50 11.35 11.35 
2017/02/03 11.45 12.05 11.40 11.95 
2017/02/06 12.35 12.40 12.15 12.25 
2017/02/07 12.35 12.35 12.15 12.25 
2017/02/08 12.25 12.25 11.95 12.00 
