2016/07/01 48.35 48.50 47.55 47.55 
2016/07/04 47.55 47.55 46.20 46.70 
2016/07/05 46.80 47.10 46.75 46.95 
2016/07/06 46.80 46.80 46.30 46.45 
2016/07/07 46.40 46.50 46.00 46.00 
2016/07/11 46.50 46.90 46.20 46.90 
2016/07/12 46.90 47.75 46.55 47.75 
2016/07/13 48.25 48.60 48.00 48.15 
2016/07/14 48.50 48.50 47.85 47.85 
2016/07/15 48.00 48.45 48.00 48.10 
2016/07/18 48.10 48.45 47.95 48.00 
2016/07/19 48.00 48.35 48.00 48.25 
2016/07/20 48.20 48.30 47.75 47.75 
2016/07/21 47.85 48.05 47.85 48.00 
2016/07/22 47.90 47.90 46.90 47.10 
2016/07/25 47.20 47.30 46.35 46.35 
2016/07/26 46.45 47.30 46.45 47.05 
2016/07/27 47.40 47.50 47.25 47.35 
2016/07/28 47.45 47.45 47.10 47.30 
2016/07/29 47.35 47.75 47.30 47.70 
2016/08/01 48.00 48.45 48.00 48.45 
2016/08/02 48.80 48.80 48.45 48.80 
2016/08/03 48.70 49.00 48.20 48.85 
2016/08/04 49.55 50.40 49.35 49.60 
2016/08/05 49.75 49.80 49.30 49.40 
2016/08/08 49.65 49.70 48.70 48.70 
2016/08/09 48.50 48.75 48.20 48.45 
2016/08/10 48.90 49.40 48.45 49.20 
2016/08/11 48.15 48.15 47.10 47.50 
2016/08/12 47.90 47.95 47.20 47.70 
2016/08/15 48.10 48.60 47.80 48.40 
2016/08/16 51.00 51.50 49.90 50.00 
2016/08/17 50.00 50.30 49.20 49.45 
2016/08/18 49.65 50.30 49.50 50.30 
2016/08/19 50.60 50.70 49.55 49.55 
2016/08/22 49.65 49.70 48.75 49.40 
2016/08/23 49.60 49.60 49.15 49.25 
2016/08/24 49.35 49.50 49.20 49.20 
2016/08/25 49.00 49.70 48.95 49.70 
2016/08/26 49.65 50.00 49.60 49.65 
2016/08/29 49.55 49.60 49.10 49.40 
2016/08/30 49.50 49.60 49.10 49.10 
2016/08/31 49.15 49.65 49.05 49.65 
2016/09/01 49.50 50.30 49.15 50.10 
2016/09/02 50.00 50.10 49.20 49.20 
2016/09/05 49.40 49.80 49.35 49.65 
2016/09/06 49.95 49.95 49.65 49.85 
2016/09/07 49.90 50.00 49.65 49.85 
2016/09/08 50.00 50.40 49.95 50.10 
2016/09/09 49.80 50.30 49.65 50.20 
2016/09/10 49.20 49.80 49.20 49.60 
2016/09/12 49.25 49.40 48.65 48.65 
2016/09/13 48.80 49.00 48.35 48.40 
2016/09/14 48.70 48.75 48.35 48.70 
2016/09/19 49.00 49.25 48.80 49.10 
2016/09/20 49.10 49.30 48.90 48.95 
2016/09/21 48.95 49.10 48.90 48.90 
2016/09/22 49.00 49.20 48.95 49.00 
2016/09/23 49.05 49.05 48.70 48.85 
2016/09/26 48.65 48.65 48.35 48.40 
2016/09/29 48.55 48.60 48.00 48.10 
2016/09/30 48.00 48.25 47.50 47.65 
2016/10/03 47.70 48.05 47.70 48.00 
2016/10/04 48.10 48.15 47.85 48.05 
2016/10/05 48.10 48.65 48.00 48.20 
2016/10/06 48.25 48.30 48.00 48.05 
2016/10/07 48.10 48.30 47.60 48.00 
2016/10/11 48.15 48.15 46.90 47.30 
2016/10/12 47.30 47.75 47.05 47.40 
2016/10/13 47.60 47.65 47.15 47.15 
2016/10/14 47.05 47.15 46.10 46.30 
2016/10/17 46.10 46.85 46.05 46.80 
2016/10/18 46.80 47.45 46.80 47.30 
2016/10/19 47.30 47.65 47.15 47.35 
2016/10/20 47.60 47.80 47.35 47.70 
2016/10/21 47.70 47.70 46.80 47.50 
2016/10/24 47.50 47.85 47.25 47.30 
2016/10/25 47.50 47.80 47.50 47.70 
2016/10/26 47.75 47.85 47.35 47.55 
2016/10/27 47.55 47.75 47.45 47.75 
2016/10/28 47.85 47.85 47.40 47.45 
2016/10/31 47.45 47.50 47.00 47.35 
2016/11/01 47.25 47.60 47.15 47.15 
2016/11/02 47.15 47.15 46.80 46.85 
2016/11/03 46.60 46.75 46.40 46.50 
2016/11/04 46.60 46.60 46.20 46.50 
2016/11/07 46.50 46.95 46.50 46.70 
2016/11/08 47.00 47.10 46.75 46.75 
2016/11/09 47.00 47.10 45.10 45.30 
2016/11/10 46.30 46.70 46.10 46.50 
2016/11/11 46.45 46.45 45.60 46.00 
2016/11/14 47.25 47.80 46.60 47.70 
2016/11/15 47.70 47.95 47.20 47.55 
2016/11/16 47.90 48.05 47.55 47.70 
2016/11/17 47.95 47.95 47.00 47.60 
2016/11/18 47.90 48.00 47.30 48.00 
2016/11/21 48.00 48.30 48.00 48.20 
2016/11/22 48.25 48.30 47.85 48.00 
2016/11/23 48.00 48.20 47.75 47.80 
2016/11/24 47.70 47.90 47.70 47.75 
2016/11/25 47.90 47.95 47.65 47.85 
2016/11/28 47.85 48.00 47.20 47.95 
2016/11/29 47.95 48.30 47.85 48.00 
2016/11/30 48.00 48.20 47.65 48.15 
2016/12/01 48.15 48.20 47.85 47.95 
2016/12/02 47.95 47.95 47.75 47.80 
2016/12/05 47.80 48.15 47.70 47.80 
2016/12/06 48.00 48.15 47.90 48.00 
2016/12/07 48.20 48.20 48.00 48.10 
2016/12/08 48.30 48.70 48.20 48.50 
2016/12/09 48.70 48.75 48.60 48.70 
2016/12/12 49.40 49.70 49.20 49.20 
2016/12/13 49.20 49.40 49.00 49.05 
2016/12/14 49.15 49.40 49.05 49.30 
2016/12/15 49.35 49.45 49.20 49.40 
2016/12/16 49.40 49.60 49.10 49.10 
2016/12/19 49.15 49.45 49.00 49.00 
2016/12/20 49.40 49.50 49.25 49.40 
2016/12/21 49.60 49.65 49.20 49.30 
2016/12/22 49.30 49.30 48.80 48.85 
2016/12/23 49.00 49.00 48.75 48.85 
2016/12/26 49.00 49.25 48.95 49.00 
2016/12/27 49.00 49.40 49.00 49.10 
2016/12/28 49.20 49.45 49.05 49.15 
2016/12/29 49.15 49.15 48.95 49.15 
2016/12/30 49.05 49.40 49.05 49.30 
2017/01/03 49.30 50.30 49.30 50.00 
2017/01/04 50.30 50.30 49.75 49.85 
2017/01/05 50.00 50.10 49.90 50.00 
2017/01/06 50.10 50.60 50.10 50.30 
2017/01/09 50.40 50.50 49.60 50.00 
2017/01/10 50.00 50.20 49.95 50.20 
2017/01/11 51.40 51.40 50.80 51.00 
2017/01/12 51.50 51.60 51.10 51.30 
2017/01/13 51.30 51.60 51.10 51.10 
2017/01/16 51.00 51.30 50.70 50.70 
2017/01/17 50.60 50.90 50.60 50.80 
2017/01/18 50.80 51.30 50.80 51.30 
2017/01/19 51.50 51.50 51.20 51.30 
2017/01/20 51.50 51.50 51.00 51.00 
2017/01/23 51.10 51.40 51.10 51.30 
2017/01/24 51.40 51.50 51.10 51.30 
2017/02/02 51.60 52.30 51.30 52.30 
2017/02/03 52.50 53.80 52.40 53.80 
2017/02/06 54.80 55.40 54.10 55.40 
2017/02/07 55.50 56.20 55.10 55.10 
2017/02/08 55.60 56.00 55.10 55.60 
