2016/07/01 11.35 11.40 10.85 11.00 
2016/07/04 11.00 11.30 10.90 11.20 
2016/07/05 11.20 11.40 11.10 11.25 
2016/07/06 11.15 11.20 11.00 11.00 
2016/07/07 10.90 11.20 10.80 10.90 
2016/07/11 11.20 11.30 11.00 11.10 
2016/07/12 11.10 11.15 10.80 10.90 
2016/07/13 11.00 11.30 10.85 11.30 
2016/07/14 11.25 11.40 11.10 11.15 
2016/07/15 11.20 11.35 11.15 11.25 
2016/07/18 11.40 11.85 11.40 11.75 
2016/07/19 12.00 12.25 11.75 12.25 
2016/07/20 12.30 12.35 12.10 12.25 
2016/07/21 12.50 13.20 12.50 12.75 
2016/07/22 12.85 12.85 12.35 12.60 
2016/07/25 12.70 12.80 12.05 12.30 
2016/07/26 12.30 12.55 12.20 12.45 
2016/07/27 12.55 13.00 12.45 12.65 
2016/07/28 13.30 13.35 12.85 12.90 
2016/07/29 13.00 13.05 12.75 12.95 
2016/08/01 13.05 13.10 12.80 12.90 
2016/08/02 12.95 13.05 12.90 13.05 
2016/08/03 13.00 13.15 12.85 13.05 
2016/08/04 13.10 13.15 12.90 13.00 
2016/08/05 13.10 13.45 13.00 13.35 
2016/08/08 13.65 13.75 13.55 13.60 
2016/08/09 13.60 13.60 13.25 13.35 
2016/08/10 13.30 13.30 12.80 13.00 
2016/08/11 12.95 12.95 12.50 12.70 
2016/08/12 12.80 12.85 12.55 12.70 
2016/08/15 12.70 12.70 12.15 12.15 
2016/08/16 12.10 12.45 12.10 12.45 
2016/08/17 12.50 12.65 12.15 12.30 
2016/08/18 12.30 12.30 12.10 12.25 
2016/08/19 12.50 12.95 12.50 12.70 
2016/08/22 12.85 12.90 12.55 12.70 
2016/08/23 12.65 12.80 12.50 12.60 
2016/08/24 12.70 12.75 12.30 12.40 
2016/08/25 12.55 12.95 12.50 12.95 
2016/08/26 12.95 12.95 12.80 12.85 
2016/08/29 12.75 12.80 12.35 12.55 
2016/08/30 12.70 12.85 12.60 12.85 
2016/08/31 12.80 12.80 12.40 12.50 
2016/09/01 12.30 12.35 12.10 12.10 
2016/09/02 12.15 12.15 11.55 11.75 
2016/09/05 11.95 12.25 11.90 12.20 
2016/09/06 12.15 12.25 12.05 12.25 
2016/09/07 12.20 12.25 12.10 12.10 
2016/09/08 12.05 12.15 11.95 12.00 
2016/09/09 11.80 11.90 11.70 11.75 
2016/09/10 11.35 11.35 11.15 11.30 
2016/09/12 11.25 11.55 11.25 11.25 
2016/09/13 11.60 11.75 11.30 11.40 
2016/09/14 11.40 11.45 11.15 11.15 
2016/09/19 11.30 11.45 11.20 11.35 
2016/09/20 11.35 11.80 11.35 11.65 
2016/09/21 11.90 12.10 11.80 11.90 
2016/09/22 12.00 12.05 11.65 11.65 
2016/09/23 11.70 11.90 11.65 11.85 
2016/09/26 11.75 11.80 11.60 11.60 
2016/09/29 11.75 11.80 11.50 11.55 
2016/09/30 11.50 11.55 11.40 11.50 
2016/10/03 11.65 12.20 11.60 12.15 
2016/10/04 12.05 12.15 12.00 12.15 
2016/10/05 12.10 12.30 12.00 12.25 
2016/10/06 12.40 12.45 12.25 12.30 
2016/10/07 12.30 12.30 12.00 12.00 
2016/10/11 12.15 12.20 11.55 11.65 
2016/10/12 11.60 11.80 11.45 11.70 
2016/10/13 11.75 11.80 11.60 11.80 
2016/10/14 11.80 11.80 11.55 11.60 
2016/10/17 11.60 11.70 11.50 11.60 
2016/10/18 11.70 11.75 11.60 11.75 
2016/10/19 11.75 12.05 11.75 11.95 
2016/10/20 12.00 12.05 11.90 12.00 
2016/10/21 12.10 12.60 12.10 12.45 
2016/10/24 12.65 12.90 12.65 12.80 
2016/10/25 13.00 13.15 12.90 13.00 
2016/10/26 12.90 13.10 12.90 13.10 
2016/10/27 13.20 13.25 12.80 12.85 
2016/10/28 12.95 12.95 12.35 12.35 
2016/10/31 12.20 12.25 11.95 12.00 
2016/11/01 12.10 12.35 12.05 12.25 
2016/11/02 12.05 12.20 12.00 12.10 
2016/11/03 12.00 12.20 11.95 11.95 
2016/11/04 12.00 12.15 11.90 12.00 
2016/11/07 12.05 12.15 11.95 12.00 
2016/11/08 12.20 12.35 12.15 12.25 
2016/11/09 12.25 12.30 11.50 11.50 
2016/11/10 11.85 12.10 11.80 11.80 
2016/11/11 11.55 11.60 11.35 11.45 
2016/11/14 11.35 11.45 11.25 11.35 
2016/11/15 11.35 11.60 11.35 11.40 
2016/11/16 11.60 11.65 11.40 11.40 
2016/11/17 11.50 11.70 11.45 11.65 
2016/11/18 11.65 11.75 11.50 11.65 
2016/11/21 11.65 11.85 11.65 11.75 
2016/11/22 11.75 11.85 11.65 11.75 
2016/11/23 11.75 11.85 11.65 11.65 
2016/11/24 11.65 11.70 11.50 11.55 
2016/11/25 11.55 11.65 11.50 11.65 
2016/11/28 11.70 11.70 11.50 11.50 
2016/11/29 11.50 11.65 11.45 11.55 
2016/11/30 11.55 11.65 11.45 11.45 
2016/12/01 11.55 11.65 11.45 11.45 
2016/12/02 11.40 11.40 11.30 11.35 
2016/12/05 11.35 11.60 11.35 11.55 
2016/12/06 11.55 11.60 11.45 11.50 
2016/12/07 11.55 11.80 11.50 11.80 
2016/12/08 11.95 12.05 11.90 12.00 
2016/12/09 11.95 12.00 11.80 11.90 
2016/12/12 11.85 11.95 11.70 11.75 
2016/12/13 11.70 11.95 11.70 11.75 
2016/12/14 11.80 11.90 11.70 11.70 
2016/12/15 11.70 11.90 11.65 11.90 
2016/12/16 11.95 12.00 11.85 11.90 
2016/12/19 11.90 11.90 11.70 11.75 
2016/12/20 11.80 11.95 11.80 11.85 
2016/12/21 11.95 12.20 11.95 12.10 
2016/12/22 12.15 12.20 12.05 12.05 
2016/12/23 12.15 12.30 12.00 12.00 
2016/12/26 12.10 12.10 11.90 11.90 
2016/12/27 11.95 12.00 11.80 11.85 
2016/12/28 11.85 11.95 11.80 11.90 
2016/12/29 11.85 11.90 11.75 11.75 
2016/12/30 11.80 11.85 11.70 11.80 
2017/01/03 11.80 12.10 11.75 12.00 
2017/01/04 12.05 12.10 11.90 11.95 
2017/01/05 11.95 12.25 11.85 12.25 
2017/01/06 12.40 12.60 12.40 12.55 
2017/01/09 12.85 13.10 12.70 12.85 
2017/01/10 12.90 13.00 12.70 12.80 
2017/01/11 12.90 12.95 12.70 12.80 
2017/01/12 12.80 13.05 12.80 12.90 
2017/01/13 12.90 13.10 12.85 13.05 
2017/01/16 13.00 13.10 12.80 12.85 
2017/01/17 12.85 12.90 12.80 12.85 
2017/01/18 12.85 13.10 12.80 12.95 
2017/01/19 12.95 13.00 12.85 12.85 
2017/01/20 12.85 12.90 12.75 12.80 
2017/01/23 12.90 12.90 12.70 12.85 
2017/01/24 12.80 12.90 12.75 12.90 
2017/02/02 13.10 13.65 13.00 13.40 
2017/02/03 13.45 13.50 13.10 13.15 
2017/02/06 13.25 13.40 13.05 13.20 
2017/02/07 13.15 13.20 12.90 12.90 
2017/02/08 12.85 12.85 12.35 12.40 
