2016/07/01 11.80 12.30 11.75 12.05 
2016/07/04 11.95 12.10 11.90 11.90 
2016/07/05 11.95 12.10 11.90 12.05 
2016/07/06 12.05 12.05 11.70 11.80 
2016/07/07 11.90 12.05 11.85 11.95 
2016/07/11 11.90 12.20 11.75 11.75 
2016/07/12 11.80 11.90 11.60 11.60 
2016/07/13 11.70 11.70 11.55 11.60 
2016/07/14 11.65 11.80 11.65 11.80 
2016/07/15 11.85 11.95 11.80 11.90 
2016/07/18 11.95 12.95 11.90 12.80 
2016/07/19 12.75 12.75 12.50 12.50 
2016/07/20 12.50 12.60 12.35 12.40 
2016/07/21 12.50 12.65 12.35 12.55 
2016/07/22 12.55 13.25 12.40 12.95 
2016/07/25 12.95 13.00 12.65 12.65 
2016/07/26 12.65 12.70 12.50 12.65 
2016/07/27 12.65 12.65 12.45 12.55 
2016/07/28 12.55 12.65 12.45 12.45 
2016/07/29 12.45 12.50 12.25 12.25 
2016/08/01 12.30 12.45 12.30 12.40 
2016/08/02 12.45 12.75 12.35 12.60 
2016/08/03 12.10 12.10 11.85 11.95 
2016/08/04 12.00 12.65 11.90 12.50 
2016/08/05 12.55 12.65 12.35 12.55 
2016/08/08 12.50 12.65 12.45 12.55 
2016/08/09 12.65 12.70 12.30 12.40 
2016/08/10 12.40 12.40 12.10 12.15 
2016/08/11 12.15 12.25 11.90 12.05 
2016/08/12 12.20 12.20 12.00 12.00 
2016/08/15 12.10 12.10 11.90 12.00 
2016/08/16 11.95 12.00 11.85 11.85 
2016/08/17 11.85 12.15 11.85 12.05 
2016/08/18 12.15 12.25 12.05 12.05 
2016/08/19 12.20 12.35 12.05 12.10 
2016/08/22 12.10 12.10 11.90 12.05 
2016/08/23 12.05 12.10 12.00 12.00 
2016/08/24 12.00 12.15 11.90 11.90 
2016/08/25 12.05 12.10 11.90 12.05 
2016/08/26 12.10 12.20 12.00 12.05 
2016/08/29 12.05 12.10 11.90 11.95 
2016/08/30 12.05 12.15 11.95 11.95 
2016/08/31 11.95 12.95 11.95 12.80 
2016/09/01 12.75 12.75 12.50 12.55 
2016/09/02 12.60 12.65 12.40 12.40 
2016/09/05 12.60 12.80 12.50 12.70 
2016/09/06 12.70 12.80 12.50 12.60 
2016/09/07 12.75 12.80 12.45 12.50 
2016/09/08 12.70 12.70 12.45 12.50 
2016/09/09 12.45 12.50 12.40 12.40 
2016/09/10 12.30 12.30 12.10 12.10 
2016/09/12 12.10 12.20 12.10 12.15 
2016/09/13 12.20 12.20 12.10 12.10 
2016/09/14 12.05 12.15 12.00 12.00 
2016/09/19 12.10 12.35 12.10 12.30 
2016/09/20 12.30 12.60 12.30 12.50 
2016/09/21 12.50 12.50 12.35 12.40 
2016/09/22 12.50 12.60 12.40 12.40 
2016/09/23 12.55 12.55 12.30 12.45 
2016/09/26 12.40 12.40 12.25 12.30 
2016/09/29 12.35 12.40 12.20 12.30 
2016/09/30 12.30 12.35 12.10 12.15 
2016/10/03 12.30 12.30 12.05 12.15 
2016/10/04 12.20 12.20 12.00 12.05 
2016/10/05 12.10 12.25 12.05 12.10 
2016/10/06 12.10 12.25 12.10 12.25 
2016/10/07 12.25 12.30 12.10 12.15 
2016/10/11 12.05 12.05 11.30 11.45 
2016/10/12 11.40 11.45 11.25 11.40 
2016/10/13 11.40 11.50 11.30 11.30 
2016/10/14 11.30 11.35 11.15 11.25 
2016/10/17 11.25 11.30 11.15 11.25 
2016/10/18 11.25 11.25 11.00 11.15 
2016/10/19 11.10 11.25 11.10 11.25 
2016/10/20 11.25 11.25 11.10 11.15 
2016/10/21 11.20 11.55 11.20 11.35 
2016/10/24 11.40 11.50 11.30 11.30 
2016/10/25 11.40 11.40 11.30 11.35 
2016/10/26 11.25 11.35 11.20 11.25 
2016/10/27 11.25 11.35 11.20 11.20 
2016/10/28 11.25 11.45 11.20 11.20 
2016/10/31 11.20 11.25 11.20 11.20 
2016/11/01 11.20 11.30 11.15 11.15 
2016/11/02 11.25 11.25 11.00 11.00 
2016/11/03 11.00 11.20 10.90 11.00 
2016/11/04 11.15 11.25 11.00 11.10 
2016/11/07 10.95 11.20 10.95 11.00 
2016/11/08 11.20 11.30 11.05 11.20 
2016/11/09 11.20 11.25 10.65 10.65 
2016/11/10 10.75 10.85 10.65 10.85 
2016/11/11 10.90 10.90 10.55 10.85 
2016/11/14 10.75 10.90 10.65 10.75 
2016/11/15 10.70 10.90 10.65 10.90 
2016/11/16 10.90 11.05 10.90 11.05 
2016/11/17 11.05 11.10 10.90 11.10 
2016/11/18 11.00 11.10 10.70 11.10 
2016/11/21 10.95 11.70 10.95 11.40 
2016/11/22 11.55 11.55 11.30 11.50 
2016/11/23 11.40 12.15 11.40 11.75 
2016/11/24 11.85 11.85 11.60 11.80 
2016/11/25 11.80 11.80 11.55 11.65 
2016/11/28 11.65 11.80 11.55 11.80 
2016/11/29 11.75 11.80 11.65 11.80 
2016/11/30 11.75 11.85 11.60 11.80 
2016/12/01 11.80 11.80 11.65 11.80 
2016/12/02 11.65 11.80 11.65 11.80 
2016/12/05 11.70 11.85 11.70 11.70 
2016/12/06 11.70 11.75 11.60 11.60 
2016/12/07 11.60 11.65 11.50 11.50 
2016/12/08 11.50 11.70 11.50 11.55 
2016/12/09 11.70 11.75 11.55 11.55 
2016/12/12 11.70 11.70 11.45 11.45 
2016/12/13 11.45 11.55 11.40 11.40 
2016/12/14 11.45 12.40 11.40 12.20 
2016/12/15 12.20 12.25 11.85 11.90 
2016/12/16 12.00 12.00 11.85 11.85 
2016/12/19 11.80 11.85 11.70 11.70 
2016/12/20 11.80 11.80 11.65 11.70 
2016/12/21 11.70 11.85 11.70 11.70 
2016/12/22 11.70 11.80 11.60 11.65 
2016/12/23 11.65 11.65 11.50 11.60 
2016/12/26 11.50 11.70 11.50 11.60 
2016/12/27 11.60 11.70 11.55 11.60 
2016/12/28 11.60 11.70 11.50 11.50 
2016/12/29 11.50 11.80 11.50 11.75 
2016/12/30 11.90 12.05 11.70 11.85 
2017/01/03 11.85 11.95 11.85 11.85 
2017/01/04 11.85 11.95 11.75 11.80 
2017/01/05 11.85 11.95 11.85 11.90 
2017/01/06 11.90 11.95 11.80 11.80 
2017/01/09 11.80 11.80 11.65 11.70 
2017/01/10 11.70 11.70 11.50 11.50 
2017/01/11 11.60 11.70 11.50 11.70 
2017/01/12 11.75 11.90 11.55 11.70 
2017/01/13 11.70 12.00 11.70 11.85 
2017/01/16 11.85 11.85 11.65 11.65 
2017/01/17 11.65 12.15 11.65 11.85 
2017/01/18 11.95 11.95 11.65 11.70 
2017/01/19 11.70 12.05 11.70 11.75 
2017/01/20 11.85 11.85 11.70 11.70 
2017/01/23 11.70 12.00 11.70 11.80 
2017/01/24 11.95 12.00 11.80 11.80 
2017/02/02 11.90 11.90 11.50 11.70 
2017/02/03 11.65 12.35 11.65 12.35 
2017/02/06 12.35 12.35 12.10 12.20 
2017/02/07 12.15 12.20 12.05 12.15 
2017/02/08 12.15 12.20 12.05 12.10 
