2016/07/01 17.20 17.50 17.20 17.25 
2016/07/04 17.35 17.35 17.15 17.25 
2016/07/05 17.20 17.45 17.15 17.30 
2016/07/06 17.25 17.25 17.05 17.15 
2016/07/07 17.40 17.40 17.20 17.25 
2016/07/11 17.60 17.65 17.35 17.55 
2016/07/12 17.60 17.70 17.55 17.55 
2016/07/13 17.55 17.55 17.30 17.45 
2016/07/14 17.50 17.65 17.45 17.50 
2016/07/15 17.45 17.65 17.45 17.60 
2016/07/18 17.70 17.95 17.70 17.80 
2016/07/19 17.80 17.90 17.75 17.85 
2016/07/20 17.85 17.90 17.75 17.85 
2016/07/21 17.85 17.90 17.75 17.85 
2016/07/22 18.00 18.00 17.80 17.95 
2016/07/25 16.70 16.75 16.40 16.50 
2016/07/26 16.45 16.55 16.35 16.35 
2016/07/27 16.35 16.40 16.30 16.35 
2016/07/28 16.30 16.35 16.25 16.35 
2016/07/29 16.40 16.45 16.30 16.30 
2016/08/01 16.30 16.55 16.30 16.50 
2016/08/02 16.40 16.60 16.40 16.50 
2016/08/03 16.55 16.60 16.35 16.35 
2016/08/04 16.40 16.50 16.30 16.35 
2016/08/05 16.35 16.50 16.35 16.40 
2016/08/08 16.40 16.40 16.35 16.35 
2016/08/09 16.35 16.35 16.25 16.25 
2016/08/10 16.25 16.35 16.20 16.30 
2016/08/11 16.30 16.30 16.20 16.30 
2016/08/12 16.30 16.40 16.25 16.35 
2016/08/15 16.40 16.40 16.15 16.20 
2016/08/16 16.25 16.30 16.15 16.25 
2016/08/17 16.35 16.55 16.30 16.55 
2016/08/18 16.55 16.60 16.30 16.40 
2016/08/19 16.55 16.55 16.35 16.35 
2016/08/22 16.35 16.35 16.25 16.35 
2016/08/23 16.40 16.40 16.35 16.40 
2016/08/24 16.40 16.45 16.40 16.45 
2016/08/25 16.50 16.50 16.30 16.30 
2016/08/26 16.35 16.50 16.35 16.40 
2016/08/29 16.40 16.40 16.25 16.35 
2016/08/30 16.25 16.40 16.25 16.40 
2016/08/31 16.40 16.40 16.35 16.35 
2016/09/01 16.35 16.45 16.35 16.40 
2016/09/02 16.55 16.55 16.35 16.35 
2016/09/05 16.40 16.40 16.35 16.35 
2016/09/06 16.30 16.50 16.30 16.35 
2016/09/07 16.50 16.50 16.45 16.50 
2016/09/08 16.50 16.65 16.45 16.60 
2016/09/09 16.80 16.85 16.60 16.60 
2016/09/10 16.60 16.60 16.50 16.60 
2016/09/12 16.70 16.70 16.45 16.55 
2016/09/13 16.55 16.55 16.50 16.50 
2016/09/14 16.50 16.50 16.40 16.45 
2016/09/19 16.50 16.75 16.50 16.60 
2016/09/20 16.60 16.60 16.50 16.55 
2016/09/21 16.55 16.60 16.50 16.60 
2016/09/22 16.65 16.65 16.50 16.65 
2016/09/23 16.55 16.65 16.55 16.55 
2016/09/26 16.65 16.65 16.55 16.55 
2016/09/29 16.60 16.70 16.50 16.50 
2016/09/30 16.50 16.55 16.50 16.50 
2016/10/03 16.50 16.60 16.50 16.50 
2016/10/04 16.55 16.60 16.55 16.60 
2016/10/05 16.60 16.70 16.60 16.70 
2016/10/06 16.70 16.70 16.55 16.55 
2016/10/07 16.70 16.70 16.55 16.55 
2016/10/11 16.65 16.75 16.40 16.50 
2016/10/12 16.50 16.50 16.40 16.45 
2016/10/13 16.50 16.60 16.50 16.50 
2016/10/14 16.50 16.50 16.40 16.40 
2016/10/17 16.40 16.40 16.30 16.40 
2016/10/18 16.40 16.50 16.40 16.40 
2016/10/19 16.50 16.60 16.40 16.50 
2016/10/20 16.50 16.65 16.45 16.50 
2016/10/21 16.50 16.55 16.45 16.45 
2016/10/24 16.45 16.50 16.40 16.45 
2016/10/25 16.55 16.65 16.50 16.50 
2016/10/26 16.50 16.55 16.45 16.45 
2016/10/27 16.45 16.50 16.45 16.50 
2016/10/28 16.50 16.50 16.40 16.50 
2016/10/31 16.50 16.50 16.45 16.50 
2016/11/01 16.50 16.50 16.50 16.50 
2016/11/02 16.50 16.60 16.35 16.35 
2016/11/03 16.25 16.35 16.10 16.30 
2016/11/04 16.30 16.35 16.25 16.35 
2016/11/07 16.45 16.45 16.30 16.40 
2016/11/08 16.30 16.45 16.30 16.40 
2016/11/09 16.40 16.40 16.05 16.20 
2016/11/10 16.20 16.40 16.20 16.35 
2016/11/11 16.45 16.45 16.35 16.45 
2016/11/14 16.50 16.50 16.30 16.45 
2016/11/15 16.45 16.50 16.35 16.40 
2016/11/16 16.50 16.50 16.35 16.35 
2016/11/17 16.40 16.40 16.30 16.30 
2016/11/18 16.40 16.40 16.30 16.40 
2016/11/21 16.45 16.45 16.30 16.40 
2016/11/22 16.45 16.45 16.35 16.40 
2016/11/23 16.40 16.45 16.30 16.40 
2016/11/24 16.40 16.45 16.35 16.40 
2016/11/25 16.50 16.50 16.35 16.35 
2016/11/28 16.40 16.45 16.30 16.45 
2016/11/29 16.50 16.55 16.40 16.45 
2016/11/30 16.45 16.65 16.45 16.60 
2016/12/01 16.55 16.70 16.55 16.70 
2016/12/02 16.70 16.70 16.60 16.65 
2016/12/05 16.70 16.70 16.55 16.60 
2016/12/06 16.60 16.65 16.55 16.65 
2016/12/07 16.65 16.75 16.65 16.65 
2016/12/08 16.65 16.70 16.65 16.65 
2016/12/09 16.75 16.80 16.70 16.75 
2016/12/12 16.85 16.85 16.70 16.70 
2016/12/13 16.75 16.80 16.65 16.80 
2016/12/14 16.80 16.80 16.70 16.75 
2016/12/15 16.75 16.80 16.70 16.75 
2016/12/16 16.80 16.85 16.75 16.80 
2016/12/19 16.95 16.95 16.75 16.75 
2016/12/20 16.80 16.85 16.75 16.85 
2016/12/21 16.85 16.90 16.80 16.90 
2016/12/22 16.75 16.85 16.70 16.85 
2016/12/23 16.85 17.15 16.85 17.15 
2016/12/26 17.25 17.45 17.10 17.20 
2016/12/27 17.20 17.20 17.05 17.15 
2016/12/28 17.15 17.30 17.00 17.10 
2016/12/29 17.05 17.25 17.05 17.25 
2016/12/30 17.25 17.70 17.20 17.30 
2017/01/03 17.35 17.40 17.25 17.30 
2017/01/04 17.35 17.35 17.25 17.25 
2017/01/05 17.20 17.25 17.05 17.15 
2017/01/06 17.10 17.25 17.10 17.20 
2017/01/09 17.20 17.35 17.15 17.30 
2017/01/10 17.15 17.30 17.15 17.30 
2017/01/11 17.15 17.35 17.15 17.25 
2017/01/12 17.20 17.30 17.20 17.25 
2017/01/13 17.20 17.30 17.20 17.30 
2017/01/16 17.30 17.35 17.25 17.30 
2017/01/17 17.30 17.30 17.20 17.20 
2017/01/18 17.35 17.40 17.25 17.30 
2017/01/19 17.30 17.30 17.20 17.20 
2017/01/20 17.20 17.35 17.20 17.25 
2017/01/23 17.30 17.45 17.25 17.35 
2017/01/24 17.35 17.40 17.30 17.35 
2017/02/02 17.35 17.40 17.25 17.35 
2017/02/03 17.45 17.50 17.40 17.45 
2017/02/06 17.40 17.45 17.40 17.45 
2017/02/07 17.45 17.50 17.45 17.45 
2017/02/08 17.40 17.50 17.40 17.50 
