2016/07/01 14.15 14.15 13.95 14.05 
2016/07/04 14.05 14.40 14.00 14.25 
2016/07/05 14.35 14.35 14.15 14.20 
2016/07/06 14.20 14.30 14.15 14.30 
2016/07/07 14.35 14.40 14.15 14.15 
2016/07/11 14.25 14.40 14.20 14.30 
2016/07/12 14.40 14.45 14.25 14.30 
2016/07/13 14.35 14.35 14.15 14.25 
2016/07/14 13.60 13.70 13.60 13.65 
2016/07/15 13.75 13.90 13.75 13.90 
2016/07/18 14.05 14.05 13.85 13.95 
2016/07/19 14.00 14.05 13.90 14.05 
2016/07/20 14.10 14.10 14.00 14.10 
2016/07/21 14.10 14.25 14.10 14.20 
2016/07/22 14.20 14.20 14.15 14.20 
2016/07/25 14.25 14.25 14.10 14.20 
2016/07/26 14.20 14.30 14.10 14.30 
2016/07/27 14.30 15.50 14.30 15.00 
2016/07/28 15.15 15.25 14.70 14.80 
2016/07/29 15.00 15.00 14.55 14.75 
2016/08/01 14.90 15.25 14.85 15.20 
2016/08/02 15.25 15.65 15.15 15.20 
2016/08/03 15.15 15.30 14.70 15.05 
2016/08/04 15.50 15.65 15.30 15.50 
2016/08/05 15.65 17.00 15.45 17.00 
2016/08/08 17.30 17.50 16.80 17.05 
2016/08/09 17.15 17.35 16.85 17.15 
2016/08/10 17.25 17.70 16.90 17.05 
2016/08/11 17.15 17.15 15.90 16.50 
2016/08/12 17.30 18.15 17.30 17.60 
2016/08/15 17.60 18.20 17.55 18.20 
2016/08/16 18.20 18.20 17.80 18.05 
2016/08/17 18.00 18.35 17.80 17.85 
2016/08/18 17.85 18.00 17.60 17.85 
2016/08/19 17.85 18.05 17.65 17.70 
2016/08/22 17.70 17.70 17.15 17.25 
2016/08/23 17.40 17.60 17.30 17.45 
2016/08/24 17.50 17.75 17.30 17.70 
2016/08/25 17.70 17.80 17.50 17.70 
2016/08/26 18.00 19.45 17.85 18.95 
2016/08/29 19.05 19.60 18.70 19.30 
2016/08/30 19.40 19.50 19.00 19.35 
2016/08/31 19.90 20.30 19.15 19.80 
2016/09/01 19.75 19.75 19.15 19.70 
2016/09/02 19.70 19.70 18.70 19.10 
2016/09/05 19.10 19.40 18.95 19.15 
2016/09/06 19.70 21.05 19.30 20.65 
2016/09/07 20.70 21.10 20.20 20.60 
2016/09/08 20.70 20.80 20.25 20.60 
2016/09/09 20.50 20.80 20.15 20.55 
2016/09/10 20.25 21.20 20.20 20.55 
2016/09/12 20.60 20.80 20.35 20.60 
2016/09/13 21.50 21.70 20.00 20.00 
2016/09/14 20.00 20.10 19.00 19.20 
2016/09/19 19.75 19.90 19.50 19.90 
2016/09/20 20.20 20.50 20.00 20.20 
2016/09/21 20.30 20.30 19.90 20.10 
2016/09/22 20.35 21.95 20.20 21.70 
2016/09/23 22.00 22.80 21.80 22.40 
2016/09/26 22.20 22.35 21.60 21.90 
2016/09/29 22.15 22.15 21.40 21.75 
2016/09/30 21.80 22.65 21.80 21.90 
2016/10/03 21.85 22.45 21.60 22.15 
2016/10/04 22.00 22.15 21.70 21.70 
2016/10/05 21.70 21.95 21.20 21.30 
2016/10/06 21.10 21.75 21.10 21.30 
2016/10/07 21.50 21.65 21.25 21.65 
2016/10/11 21.60 21.70 19.50 20.15 
2016/10/12 20.05 20.35 19.65 20.25 
2016/10/13 20.30 20.65 19.90 20.00 
2016/10/14 20.00 20.00 18.80 18.80 
2016/10/17 19.00 20.40 18.90 20.05 
2016/10/18 20.05 20.85 20.05 20.55 
2016/10/19 20.50 22.10 20.50 21.65 
2016/10/20 21.70 22.55 21.50 22.15 
2016/10/21 22.05 22.40 21.65 22.05 
2016/10/24 22.10 22.45 21.90 22.10 
2016/10/25 22.25 22.25 21.75 21.90 
2016/10/26 22.10 22.55 21.50 21.65 
2016/10/27 21.85 23.70 21.15 22.00 
2016/10/28 22.20 23.10 22.05 22.45 
2016/10/31 22.25 23.30 22.25 23.00 
2016/11/01 23.30 24.50 22.85 23.35 
2016/11/02 23.05 23.30 22.35 22.50 
2016/11/03 22.80 23.35 21.80 22.25 
2016/11/04 22.00 22.70 22.00 22.30 
2016/11/07 24.10 24.30 23.10 23.90 
2016/11/08 24.00 24.15 23.40 23.75 
2016/11/09 23.90 24.50 22.00 22.50 
2016/11/10 23.60 24.75 23.35 24.75 
2016/11/11 24.75 25.85 24.30 25.25 
2016/11/14 24.85 25.10 24.15 25.10 
2016/11/15 25.40 26.05 24.35 24.55 
2016/11/16 24.80 25.10 24.10 24.10 
2016/11/17 24.15 24.65 23.85 24.65 
2016/11/18 24.65 25.15 24.50 24.50 
2016/11/21 24.50 24.95 24.30 24.50 
2016/11/22 24.75 26.05 24.75 25.20 
2016/11/23 25.30 25.60 24.45 24.45 
2016/11/24 24.60 24.75 24.15 24.25 
2016/11/25 24.10 24.40 23.85 24.15 
2016/11/28 24.15 24.50 23.85 23.85 
2016/11/29 24.00 24.25 23.75 23.80 
2016/11/30 23.85 24.10 23.35 23.50 
2016/12/01 23.60 23.65 23.10 23.20 
2016/12/02 23.50 23.75 23.20 23.40 
2016/12/05 23.60 24.85 23.30 24.40 
2016/12/06 23.90 23.90 22.95 22.95 
2016/12/07 23.00 23.40 22.95 23.10 
2016/12/08 23.30 23.35 23.00 23.00 
2016/12/09 23.10 23.25 22.70 22.70 
2016/12/12 22.65 23.20 22.65 22.85 
2016/12/13 22.85 23.35 22.85 23.15 
2016/12/14 23.20 24.15 23.05 24.00 
2016/12/15 24.20 25.40 24.15 24.85 
2016/12/16 24.90 25.10 24.40 24.60 
2016/12/19 24.65 25.25 24.30 24.45 
2016/12/20 24.50 24.60 23.75 24.05 
2016/12/21 24.50 24.50 23.70 23.80 
2016/12/22 24.05 24.05 23.30 23.40 
2016/12/23 23.30 23.45 23.15 23.20 
2016/12/26 23.60 24.60 23.40 24.45 
2016/12/27 24.45 24.55 24.05 24.15 
2016/12/28 24.35 24.50 24.00 24.05 
2016/12/29 24.20 24.40 23.90 23.90 
2016/12/30 24.20 24.20 23.90 23.90 
2017/01/03 24.10 24.50 23.80 24.45 
2017/01/04 24.90 26.20 24.90 25.30 
2017/01/05 25.60 26.05 25.20 25.40 
2017/01/06 25.55 25.85 25.25 25.35 
2017/01/09 25.70 27.70 25.55 26.50 
2017/01/10 26.50 27.10 26.30 26.60 
2017/01/11 26.70 28.95 26.70 28.90 
2017/01/12 28.75 29.10 28.25 28.40 
2017/01/13 28.50 29.80 27.40 28.10 
2017/01/16 28.10 28.20 27.00 27.10 
2017/01/17 27.10 27.75 26.95 27.75 
2017/01/18 27.75 27.75 27.00 27.05 
2017/01/19 27.25 27.75 27.10 27.10 
2017/01/20 27.10 27.75 27.10 27.20 
2017/01/23 27.40 28.65 27.25 28.65 
2017/01/24 28.60 29.90 28.40 28.75 
2017/02/02 28.90 29.35 27.80 28.10 
2017/02/03 28.10 28.85 28.05 28.70 
2017/02/06 29.30 31.55 29.30 31.55 
2017/02/07 31.00 31.25 30.15 30.25 
2017/02/08 30.05 30.65 29.70 29.95 
