2016/07/01 9.13 9.14 9.01 9.05 
2016/07/04 9.06 9.30 9.06 9.25 
2016/07/05 9.20 9.90 9.20 9.65 
2016/07/06 9.70 9.78 9.60 9.74 
2016/07/07 9.78 9.78 9.58 9.68 
2016/07/11 9.75 9.78 9.50 9.62 
2016/07/12 9.50 9.60 9.38 9.46 
2016/07/13 9.55 9.55 9.40 9.45 
2016/07/14 9.45 9.48 9.35 9.35 
2016/07/15 9.37 9.70 9.37 9.50 
2016/07/18 9.50 9.59 9.50 9.57 
2016/07/19 10.00 10.50 10.00 10.50 
2016/07/20 10.85 11.55 10.55 11.55 
2016/07/21 11.70 12.40 11.65 11.75 
2016/07/22 11.75 12.20 11.70 11.95 
2016/07/25 12.35 12.35 11.60 11.65 
2016/07/26 11.70 11.75 11.20 11.45 
2016/07/27 11.25 11.45 11.20 11.30 
2016/07/28 11.30 11.50 11.00 11.05 
2016/07/29 11.20 11.20 10.70 10.75 
2016/08/01 10.90 11.50 10.90 11.15 
2016/08/02 11.05 11.20 10.80 10.90 
2016/08/03 10.90 11.40 10.75 11.05 
2016/08/04 11.30 11.75 11.20 11.50 
2016/08/05 11.40 11.45 11.00 11.15 
2016/08/08 11.15 11.25 10.85 10.90 
2016/08/09 10.80 11.10 10.65 10.65 
2016/08/10 10.65 10.80 10.65 10.70 
2016/08/11 10.75 10.75 10.05 10.15 
2016/08/12 10.15 10.30 10.10 10.20 
2016/08/15 10.20 10.40 10.20 10.30 
2016/08/16 10.30 10.40 10.20 10.40 
2016/08/17 10.40 10.50 10.05 10.30 
2016/08/18 10.40 10.50 10.25 10.50 
2016/08/19 10.60 10.90 10.35 10.35 
2016/08/22 10.30 10.35 10.05 10.10 
2016/08/23 10.10 10.30 10.10 10.15 
2016/08/24 10.25 10.25 10.10 10.20 
2016/08/25 10.20 10.60 10.10 10.45 
2016/08/26 10.55 10.55 10.30 10.40 
2016/08/29 10.35 10.95 10.35 10.60 
2016/08/30 10.80 11.10 10.60 11.05 
2016/08/31 11.45 11.60 10.95 10.95 
2016/09/01 10.90 11.20 10.85 11.00 
2016/09/02 10.95 11.00 10.60 10.65 
2016/09/05 10.65 10.75 10.55 10.55 
2016/09/06 10.55 10.85 10.50 10.50 
2016/09/07 10.55 10.70 10.45 10.45 
2016/09/08 10.45 10.65 10.45 10.50 
2016/09/09 10.50 10.70 10.40 10.60 
2016/09/10 10.45 10.65 10.45 10.45 
2016/09/12 10.50 10.75 10.40 10.70 
2016/09/13 10.80 10.80 10.50 10.50 
2016/09/14 10.45 10.80 10.35 10.45 
2016/09/19 10.45 10.65 10.40 10.40 
2016/09/20 10.45 10.50 10.35 10.40 
2016/09/21 10.40 10.50 10.35 10.50 
2016/09/22 10.50 11.00 10.50 10.85 
2016/09/23 10.80 10.95 10.70 10.70 
2016/09/26 10.75 10.75 10.55 10.55 
2016/09/29 10.60 10.75 10.50 10.55 
2016/09/30 10.50 10.55 10.40 10.40 
2016/10/03 10.40 10.50 10.30 10.30 
2016/10/04 10.30 10.45 10.25 10.30 
2016/10/05 10.45 10.85 10.45 10.65 
2016/10/06 10.85 10.95 10.60 10.65 
2016/10/07 10.65 10.70 10.45 10.55 
2016/10/11 10.60 10.70 10.20 10.30 
2016/10/12 10.30 10.35 10.25 10.30 
2016/10/13 10.30 10.40 10.20 10.25 
2016/10/14 10.25 10.35 9.75 9.92 
2016/10/17 9.96 10.05 9.85 10.05 
2016/10/18 10.00 10.00 9.95 9.98 
2016/10/19 9.99 10.20 9.98 10.10 
2016/10/20 10.10 10.10 10.00 10.10 
2016/10/21 10.10 10.15 10.00 10.05 
2016/10/24 10.20 10.20 10.05 10.05 
2016/10/25 10.10 10.20 10.00 10.10 
2016/10/26 10.10 10.20 10.05 10.10 
2016/10/27 10.15 10.15 10.05 10.05 
2016/10/28 10.05 10.10 10.00 10.00 
2016/10/31 10.00 10.10 9.98 10.00 
2016/11/01 10.05 10.05 9.99 9.99 
2016/11/02 10.00 10.05 9.95 9.95 
2016/11/03 9.95 9.95 9.85 9.85 
2016/11/04 9.85 9.95 9.83 9.89 
2016/11/07 9.80 9.91 9.80 9.82 
2016/11/08 9.85 9.88 9.58 9.60 
2016/11/09 9.65 9.66 9.00 9.02 
2016/11/10 9.10 9.26 9.10 9.14 
2016/11/11 9.10 9.20 8.96 9.13 
2016/11/14 9.13 9.18 9.02 9.04 
2016/11/15 9.06 9.14 9.04 9.10 
2016/11/16 9.10 9.30 9.10 9.28 
2016/11/17 9.30 9.30 9.15 9.15 
2016/11/18 9.18 9.25 9.17 9.20 
2016/11/21 9.22 9.23 9.19 9.21 
2016/11/22 9.34 9.48 9.26 9.38 
2016/11/23 9.40 9.47 9.34 9.34 
2016/11/24 9.50 9.56 9.40 9.40 
2016/11/25 9.40 9.47 9.33 9.37 
2016/11/28 9.38 9.52 9.33 9.34 
2016/11/29 9.33 9.38 9.29 9.34 
2016/11/30 9.30 9.35 9.30 9.31 
2016/12/01 9.31 9.46 9.31 9.42 
2016/12/02 9.42 9.42 9.32 9.33 
2016/12/05 9.28 9.33 9.28 9.28 
2016/12/06 9.32 9.39 9.32 9.37 
2016/12/07 9.37 9.67 9.36 9.63 
2016/12/08 9.70 9.76 9.55 9.63 
2016/12/09 9.59 9.59 9.50 9.52 
2016/12/12 9.55 9.56 9.43 9.44 
2016/12/13 9.42 9.50 9.42 9.48 
2016/12/14 9.50 9.51 9.40 9.42 
2016/12/15 9.42 9.45 9.41 9.44 
2016/12/16 9.45 9.57 9.45 9.51 
2016/12/19 9.52 9.99 9.52 9.73 
2016/12/20 9.80 9.80 9.63 9.72 
2016/12/21 9.80 10.65 9.75 10.65 
2016/12/22 10.85 10.95 10.10 10.25 
2016/12/23 10.25 10.45 10.20 10.40 
2016/12/26 10.55 10.55 10.05 10.05 
2016/12/27 10.10 10.15 10.05 10.05 
2016/12/28 10.10 10.15 10.00 10.05 
2016/12/29 10.10 10.50 10.10 10.30 
2016/12/30 10.30 10.90 10.30 10.70 
2017/01/03 10.70 11.15 10.45 11.15 
2017/01/04 11.50 11.60 10.95 11.30 
2017/01/05 11.25 11.25 11.00 11.05 
2017/01/06 11.10 11.15 11.05 11.05 
2017/01/09 11.05 11.25 10.90 10.90 
2017/01/10 10.70 10.85 10.60 10.60 
2017/01/11 10.65 10.65 10.45 10.45 
2017/01/12 10.50 10.60 10.35 10.40 
2017/01/13 10.40 10.80 10.40 10.65 
2017/01/16 10.65 10.85 10.50 10.75 
2017/01/17 10.65 10.70 10.60 10.60 
2017/01/18 10.55 10.70 10.50 10.55 
2017/01/19 10.65 11.00 10.55 10.75 
2017/01/20 10.70 10.75 10.55 10.60 
2017/01/23 10.70 10.70 10.55 10.60 
2017/01/24 10.50 10.65 10.50 10.50 
2017/02/02 10.50 10.60 10.40 10.40 
2017/02/03 10.40 10.60 10.40 10.60 
2017/02/06 10.75 10.90 10.60 10.70 
2017/02/07 10.70 10.80 10.55 10.60 
2017/02/08 10.90 10.90 10.50 10.65 
