2016/07/01 21.90 22.00 21.50 21.55 
2016/07/04 21.65 22.10 21.50 22.00 
2016/07/05 22.20 22.20 21.75 21.75 
2016/07/06 21.55 21.65 21.00 21.05 
2016/07/07 21.20 21.50 21.05 21.05 
2016/07/11 21.35 21.40 20.50 20.55 
2016/07/12 20.80 21.30 20.70 21.05 
2016/07/13 20.50 20.85 20.40 20.60 
2016/07/14 20.70 21.35 20.65 21.15 
2016/07/15 21.70 22.40 21.70 22.00 
2016/07/18 22.15 22.65 22.00 22.15 
2016/07/19 22.20 22.50 22.05 22.15 
2016/07/20 22.15 22.15 21.60 21.60 
2016/07/21 21.65 22.10 21.65 21.85 
2016/07/22 22.00 22.35 21.90 21.95 
2016/07/25 22.15 22.30 21.60 21.65 
2016/07/26 21.75 22.25 21.75 21.95 
2016/07/27 22.05 22.20 21.55 21.70 
2016/07/28 21.85 21.85 20.80 21.30 
2016/07/29 21.50 21.95 21.30 21.50 
2016/08/01 21.45 21.55 21.10 21.20 
2016/08/02 21.30 21.45 21.05 21.20 
2016/08/03 21.00 21.05 20.55 20.75 
2016/08/04 20.80 20.85 20.40 20.40 
2016/08/05 20.40 20.40 20.00 20.15 
2016/08/08 20.30 20.95 20.25 20.95 
2016/08/09 21.20 21.30 20.45 20.45 
2016/08/10 20.70 20.80 20.45 20.45 
2016/08/11 20.10 20.35 19.25 19.50 
2016/08/12 20.05 20.30 19.95 20.05 
2016/08/15 20.15 20.20 20.00 20.15 
2016/08/16 20.45 20.80 20.15 20.60 
2016/08/17 20.45 20.55 19.95 20.10 
2016/08/18 20.10 20.30 20.00 20.30 
2016/08/19 20.40 20.40 19.85 19.90 
2016/08/22 19.70 19.75 19.10 19.10 
2016/08/23 19.20 19.55 19.15 19.30 
2016/08/24 19.30 19.55 19.20 19.25 
2016/08/25 19.25 19.80 19.25 19.75 
2016/08/26 19.80 21.05 19.80 20.85 
2016/08/29 21.05 21.90 20.90 21.70 
2016/08/30 21.85 22.05 21.40 21.75 
2016/08/31 21.85 21.85 21.30 21.30 
2016/09/01 21.25 21.60 21.10 21.35 
2016/09/02 21.50 21.50 20.50 20.55 
2016/09/05 20.90 21.35 20.85 21.15 
2016/09/06 21.45 21.90 21.45 21.65 
2016/09/07 21.75 21.85 21.25 21.50 
2016/09/08 22.00 22.30 21.55 21.55 
2016/09/09 21.40 21.90 21.30 21.85 
2016/09/10 21.35 22.05 21.35 22.00 
2016/09/12 22.10 22.20 21.35 21.35 
2016/09/13 21.55 21.70 20.85 21.00 
2016/09/14 20.85 21.25 20.85 20.85 
2016/09/19 21.10 21.45 21.00 21.05 
2016/09/20 21.10 21.40 21.00 21.15 
2016/09/21 21.40 21.40 20.95 21.05 
2016/09/22 21.20 21.30 20.95 21.05 
2016/09/23 21.15 22.05 21.05 21.80 
2016/09/26 21.60 21.80 21.25 21.30 
2016/09/29 21.40 21.45 21.10 21.15 
2016/09/30 21.00 21.50 20.60 21.35 
2016/10/03 21.50 21.50 21.10 21.15 
2016/10/04 21.10 21.45 21.10 21.30 
2016/10/05 21.30 21.35 21.10 21.30 
2016/10/06 21.35 21.60 21.25 21.35 
2016/10/07 21.40 21.40 20.90 20.90 
2016/10/11 21.05 21.05 20.20 20.45 
2016/10/12 20.45 20.85 20.30 20.55 
2016/10/13 20.55 20.70 20.35 20.40 
2016/10/14 20.25 20.45 19.70 19.85 
2016/10/17 19.80 20.10 19.80 19.90 
2016/10/18 19.80 20.30 19.80 20.15 
2016/10/19 20.20 20.35 19.95 19.95 
2016/10/20 20.00 20.10 19.75 19.95 
2016/10/21 20.00 20.30 19.85 20.05 
2016/10/24 20.20 20.20 19.95 20.05 
2016/10/25 20.15 20.20 20.05 20.10 
2016/10/26 20.00 20.30 20.00 20.20 
2016/10/27 20.20 20.30 20.10 20.30 
2016/10/28 20.85 21.35 20.55 20.60 
2016/10/31 20.50 20.75 20.25 20.70 
2016/11/01 20.60 20.80 20.50 20.65 
2016/11/02 20.50 20.55 20.10 20.10 
2016/11/03 19.90 20.20 19.80 19.85 
2016/11/04 19.95 20.15 19.90 20.00 
2016/11/07 20.10 20.25 20.00 20.00 
2016/11/08 20.20 20.25 20.00 20.15 
2016/11/09 20.20 20.30 18.80 18.80 
2016/11/10 19.70 19.80 19.35 19.80 
2016/11/11 19.70 19.70 19.20 19.40 
2016/11/14 19.70 19.80 19.40 19.60 
2016/11/15 19.60 19.80 19.55 19.55 
2016/11/16 19.75 19.80 19.60 19.60 
2016/11/17 19.75 19.75 19.35 19.45 
2016/11/18 19.55 19.60 19.35 19.45 
2016/11/21 19.50 19.65 19.45 19.50 
2016/11/22 19.65 20.05 19.55 20.00 
2016/11/23 20.10 20.30 20.00 20.05 
2016/11/24 20.20 20.20 20.00 20.00 
2016/11/25 20.05 20.05 19.75 19.85 
2016/11/28 19.85 20.10 19.80 20.00 
2016/11/29 20.00 20.40 19.90 20.10 
2016/11/30 20.10 20.30 20.00 20.05 
2016/12/01 20.00 20.00 19.80 19.80 
2016/12/02 19.60 19.60 19.10 19.20 
2016/12/05 19.20 19.40 19.20 19.25 
2016/12/06 19.35 19.45 19.30 19.30 
2016/12/07 20.25 20.40 19.85 19.85 
2016/12/08 19.95 20.00 19.65 19.80 
2016/12/09 19.90 20.35 19.80 19.95 
2016/12/12 20.10 20.15 19.90 19.90 
2016/12/13 20.10 20.10 19.90 19.95 
2016/12/14 20.00 20.30 19.90 20.25 
2016/12/15 20.20 20.65 20.15 20.35 
2016/12/16 20.25 20.30 20.10 20.10 
2016/12/19 20.20 20.20 19.80 19.85 
2016/12/20 19.85 20.00 19.75 19.85 
2016/12/21 19.95 20.20 19.85 20.00 
2016/12/22 20.15 20.45 19.90 19.90 
2016/12/23 19.95 20.05 19.85 20.05 
2016/12/26 20.15 20.25 20.05 20.20 
2016/12/27 20.45 20.85 20.45 20.55 
2016/12/28 20.40 20.50 20.30 20.40 
2016/12/29 20.35 20.50 20.30 20.30 
2016/12/30 20.35 20.45 20.15 20.20 
2017/01/03 20.35 20.40 20.20 20.25 
2017/01/04 20.35 20.65 20.35 20.45 
2017/01/05 20.50 20.65 20.35 20.55 
2017/01/06 20.70 21.10 20.30 20.30 
2017/01/09 20.85 20.95 20.45 20.50 
2017/01/10 20.65 20.95 20.50 20.95 
2017/01/11 21.15 21.15 20.60 20.60 
2017/01/12 20.85 20.85 20.45 20.45 
2017/01/13 20.45 20.80 20.25 20.55 
2017/01/16 20.60 20.65 20.35 20.40 
2017/01/17 20.40 20.55 20.30 20.35 
2017/01/18 20.40 20.45 20.25 20.35 
2017/01/19 20.35 20.40 20.15 20.20 
2017/01/20 20.15 20.30 20.15 20.20 
2017/01/23 20.20 20.30 20.05 20.10 
2017/01/24 20.15 20.20 19.90 19.95 
2017/02/02 20.10 20.15 19.95 20.05 
2017/02/03 20.10 20.15 19.90 20.10 
2017/02/06 20.20 20.30 20.10 20.20 
2017/02/07 20.15 20.30 20.10 20.20 
2017/02/08 20.25 20.40 20.10 20.30 
