2016/07/01 21.05 21.30 20.85 20.85 
2016/07/04 21.00 21.30 20.90 21.05 
2016/07/05 21.25 21.50 21.00 21.50 
2016/07/06 21.45 21.85 21.20 21.25 
2016/07/07 21.25 21.60 21.25 21.50 
2016/07/11 21.50 21.75 21.20 21.25 
2016/07/12 21.50 21.70 21.35 21.40 
2016/07/13 21.40 21.70 21.20 21.70 
2016/07/14 21.50 21.70 21.45 21.50 
2016/07/15 21.50 21.75 21.50 21.55 
2016/07/18 23.00 23.70 22.95 23.70 
2016/07/19 24.00 24.60 23.50 24.45 
2016/07/20 24.70 25.20 24.30 24.70 
2016/07/21 24.95 25.50 24.70 24.75 
2016/07/22 24.65 25.10 24.60 24.95 
2016/07/25 25.05 25.15 24.60 24.90 
2016/07/26 24.90 25.40 24.70 25.25 
2016/07/27 25.20 26.05 25.20 25.40 
2016/07/28 25.70 26.10 25.70 25.75 
2016/07/29 25.85 26.90 25.85 26.80 
2016/08/01 27.40 28.15 27.15 27.90 
2016/08/02 27.60 27.85 27.20 27.60 
2016/08/03 27.60 28.10 26.80 27.00 
2016/08/04 27.40 27.70 27.10 27.15 
2016/08/05 27.50 27.70 27.35 27.55 
2016/08/08 27.55 28.00 27.30 27.40 
2016/08/09 27.60 27.60 26.15 26.40 
2016/08/10 26.50 27.45 26.50 27.00 
2016/08/11 27.05 27.30 26.20 26.80 
2016/08/12 27.10 27.10 26.20 26.40 
2016/08/15 26.50 27.15 26.40 27.10 
2016/08/16 27.15 27.20 26.60 26.70 
2016/08/17 26.70 27.45 26.60 27.40 
2016/08/18 27.40 27.40 26.90 27.15 
2016/08/19 27.20 27.20 26.10 26.15 
2016/08/22 25.80 25.95 25.35 25.50 
2016/08/23 25.60 25.80 25.35 25.50 
2016/08/24 25.60 26.05 25.40 25.75 
2016/08/25 25.70 25.80 25.50 25.50 
2016/08/26 25.50 25.65 25.25 25.30 
2016/08/29 25.30 26.10 24.85 26.00 
2016/08/30 26.10 26.50 25.70 26.30 
2016/08/31 26.70 26.70 26.20 26.20 
2016/09/01 26.20 26.40 25.65 26.10 
2016/09/02 26.20 26.55 25.60 25.60 
2016/09/05 25.95 26.60 25.60 26.20 
2016/09/06 26.35 26.50 26.10 26.20 
2016/09/07 26.30 27.20 26.25 26.55 
2016/09/08 26.80 27.10 26.55 26.70 
2016/09/09 26.85 26.85 26.50 26.60 
2016/09/10 26.10 26.15 25.85 26.00 
2016/09/12 26.00 26.25 25.85 25.85 
2016/09/13 26.10 26.25 25.60 25.60 
2016/09/14 25.90 25.90 25.35 25.50 
2016/09/19 25.50 26.10 25.50 25.80 
2016/09/20 25.80 26.10 25.80 26.10 
2016/09/21 26.15 26.40 25.95 26.35 
2016/09/22 26.60 26.80 26.20 26.65 
2016/09/23 26.90 27.15 26.45 26.70 
2016/09/26 26.70 26.70 25.95 26.25 
2016/09/29 26.30 26.60 25.85 25.85 
2016/09/30 25.65 25.95 25.65 25.70 
2016/10/03 25.85 25.90 25.65 25.70 
2016/10/04 25.85 26.55 25.85 26.15 
2016/10/05 26.30 26.50 25.95 25.95 
2016/10/06 25.95 26.40 25.85 25.85 
2016/10/07 26.00 26.05 25.80 26.00 
2016/10/11 26.00 26.00 23.40 24.05 
2016/10/12 23.90 24.40 23.45 23.60 
2016/10/13 23.80 24.20 23.65 23.65 
2016/10/14 23.65 23.80 22.85 23.20 
2016/10/17 23.20 23.40 22.60 23.25 
2016/10/18 22.85 23.25 22.85 23.00 
2016/10/19 23.30 23.50 23.00 23.30 
2016/10/20 23.50 23.70 23.35 23.50 
2016/10/21 23.70 23.70 23.10 23.60 
2016/10/24 23.55 23.75 23.45 23.50 
2016/10/25 23.55 24.20 23.55 24.20 
2016/10/26 24.15 24.25 23.90 23.95 
2016/10/27 23.95 24.10 23.85 23.95 
2016/10/28 24.10 24.10 23.50 23.80 
2016/10/31 23.55 23.70 23.25 23.40 
2016/11/01 23.40 23.70 23.15 23.45 
2016/11/02 23.70 24.35 23.60 23.95 
2016/11/03 23.90 23.95 23.25 23.30 
2016/11/04 23.30 23.60 23.25 23.35 
2016/11/07 23.35 23.85 23.35 23.65 
2016/11/08 23.70 23.70 23.20 23.30 
2016/11/09 23.25 23.30 21.85 22.15 
2016/11/10 22.80 23.10 22.80 23.10 
2016/11/11 23.05 23.20 22.00 22.70 
2016/11/14 22.60 23.00 22.50 22.75 
2016/11/15 22.75 23.20 22.65 23.10 
2016/11/16 23.10 23.20 22.75 22.80 
2016/11/17 22.85 23.05 22.75 22.80 
2016/11/18 22.90 23.40 22.70 23.40 
2016/11/21 23.40 23.45 23.20 23.20 
2016/11/22 23.30 23.75 23.00 23.25 
2016/11/23 23.30 23.50 23.30 23.35 
2016/11/24 23.40 23.40 23.25 23.30 
2016/11/25 23.30 23.50 23.15 23.45 
2016/11/28 23.45 23.85 23.40 23.70 
2016/11/29 23.75 23.75 23.50 23.50 
2016/11/30 23.55 23.80 23.30 23.30 
2016/12/01 23.45 23.60 23.40 23.55 
2016/12/02 23.80 25.00 23.65 25.00 
2016/12/05 25.30 25.85 24.60 24.65 
2016/12/06 24.95 25.15 24.45 24.50 
2016/12/07 24.60 24.80 24.25 24.55 
2016/12/08 24.65 24.85 24.30 24.55 
2016/12/09 25.35 25.60 24.90 25.00 
2016/12/12 25.25 25.75 24.95 25.10 
2016/12/13 25.20 25.30 24.90 25.05 
2016/12/14 25.35 25.55 24.90 24.95 
2016/12/15 24.80 25.05 24.55 24.70 
2016/12/16 24.80 24.85 24.60 24.65 
2016/12/19 24.90 25.05 24.70 24.85 
2016/12/20 24.70 25.00 24.70 24.85 
2016/12/21 24.80 25.90 24.80 25.85 
2016/12/22 25.85 25.85 25.15 25.15 
2016/12/23 26.50 27.65 26.45 26.85 
2016/12/26 27.50 28.40 27.30 28.20 
2016/12/27 27.95 28.00 27.15 27.40 
2016/12/28 27.70 28.00 27.45 28.00 
2016/12/29 27.75 27.75 27.25 27.45 
2016/12/30 27.60 28.20 27.35 27.40 
2017/01/03 27.60 27.65 26.85 27.00 
2017/01/04 26.90 28.00 26.75 27.60 
2017/01/05 28.10 28.10 27.55 27.65 
2017/01/06 27.65 28.10 27.40 27.50 
2017/01/09 27.55 28.20 27.50 28.10 
2017/01/10 28.10 28.20 26.80 27.05 
2017/01/11 27.70 29.30 27.25 29.00 
2017/01/12 29.10 29.90 28.55 28.70 
2017/01/13 28.70 29.25 28.40 29.15 
2017/01/16 29.50 29.95 28.80 29.70 
2017/01/17 30.15 30.55 29.45 29.50 
2017/01/18 29.40 29.80 29.05 29.10 
2017/01/19 29.00 30.65 28.90 29.90 
2017/01/20 29.90 30.25 29.60 29.90 
2017/01/23 30.50 30.85 30.15 30.35 
2017/01/24 30.50 30.70 30.05 30.25 
2017/02/02 30.60 33.05 30.50 33.05 
2017/02/03 33.35 33.35 31.85 32.85 
2017/02/06 32.85 33.30 32.25 32.35 
2017/02/07 32.55 33.90 32.20 32.70 
2017/02/08 33.30 33.30 32.30 32.80 
