2016/07/01 17.85 18.00 17.85 18.00 
2016/07/04 18.00 18.00 17.90 17.90 
2016/07/05 18.00 18.00 17.90 18.00 
2016/07/06 17.95 17.95 17.75 17.85 
2016/07/07 18.00 18.40 18.00 18.30 
2016/07/11 18.65 18.65 18.30 18.45 
2016/07/12 18.50 18.50 18.40 18.50 
2016/07/13 18.50 18.50 18.40 18.50 
2016/07/14 18.55 18.80 18.55 18.80 
2016/07/15 18.55 18.80 18.45 18.75 
2016/07/18 18.80 18.80 18.70 18.80 
2016/07/19 18.70 18.90 18.70 18.90 
2016/07/20 18.90 18.90 18.60 18.80 
2016/07/21 18.80 18.95 18.80 18.90 
2016/07/22 19.00 19.00 18.70 18.85 
2016/07/25 18.90 18.90 18.70 18.70 
2016/07/26 18.80 18.80 18.70 18.80 
2016/07/27 18.70 18.80 18.70 18.80 
2016/07/28 18.80 18.80 18.65 18.75 
2016/07/29 18.75 18.75 18.65 18.65 
2016/08/01 18.65 18.70 18.55 18.60 
2016/08/02 18.60 18.70 18.55 18.60 
2016/08/03 18.60 18.70 18.55 18.60 
2016/08/04 18.75 18.80 18.55 18.65 
2016/08/05 18.65 19.00 18.65 19.00 
2016/08/08 19.05 19.30 19.05 19.20 
2016/08/09 19.00 19.00 18.70 18.80 
2016/08/10 18.85 18.90 18.60 18.75 
2016/08/11 18.85 18.85 18.70 18.80 
2016/08/12 18.90 18.95 18.75 18.85 
2016/08/15 18.90 19.00 18.85 18.90 
2016/08/16 19.00 19.20 18.85 19.20 
2016/08/17 19.30 19.80 19.20 19.60 
2016/08/18 19.70 19.85 19.55 19.60 
2016/08/19 19.60 19.70 19.20 19.45 
2016/08/22 19.30 19.30 19.10 19.10 
2016/08/23 19.30 19.40 19.25 19.35 
2016/08/24 19.40 19.95 19.40 19.85 
2016/08/25 19.85 20.00 19.80 19.95 
2016/08/26 20.00 20.05 19.80 19.95 
2016/08/29 19.95 20.00 19.80 19.95 
2016/08/30 20.00 20.15 19.95 20.15 
2016/08/31 18.65 18.70 18.30 18.35 
2016/09/01 18.40 18.40 18.25 18.40 
2016/09/02 18.50 18.50 18.10 18.25 
2016/09/05 18.25 18.45 18.10 18.15 
2016/09/06 18.10 18.15 18.05 18.05 
2016/09/07 18.15 18.30 18.10 18.30 
2016/09/08 18.30 18.30 18.05 18.20 
2016/09/09 18.20 18.30 18.15 18.20 
2016/09/10 18.20 18.25 18.10 18.20 
2016/09/12 18.30 18.40 18.25 18.35 
2016/09/13 18.40 18.40 18.10 18.35 
2016/09/14 18.25 18.35 18.15 18.30 
2016/09/19 18.45 18.50 18.30 18.40 
2016/09/20 18.40 18.45 18.30 18.30 
2016/09/21 18.40 18.50 18.40 18.50 
2016/09/22 18.45 18.60 18.40 18.50 
2016/09/23 18.60 18.60 18.50 18.55 
2016/09/26 18.55 18.55 18.50 18.55 
2016/09/29 18.60 18.65 18.50 18.60 
2016/09/30 18.65 18.65 18.45 18.60 
2016/10/03 18.65 18.65 18.50 18.65 
2016/10/04 18.60 18.65 18.55 18.65 
2016/10/05 18.55 18.60 18.55 18.55 
2016/10/06 18.65 18.65 18.50 18.50 
2016/10/07 18.55 18.60 18.55 18.60 
2016/10/11 18.75 19.45 18.75 19.10 
2016/10/12 19.10 19.25 18.85 19.20 
2016/10/13 19.30 19.30 19.05 19.05 
2016/10/14 19.05 19.10 18.70 18.95 
2016/10/17 18.95 18.95 18.75 18.95 
2016/10/18 18.95 19.10 18.95 19.05 
2016/10/19 19.05 19.20 18.95 19.10 
2016/10/20 18.85 19.00 18.85 18.95 
2016/10/21 18.95 19.00 18.85 18.95 
2016/10/24 19.00 19.40 19.00 19.40 
2016/10/25 19.30 20.10 19.30 20.00 
2016/10/26 19.95 20.50 19.85 20.40 
2016/10/27 20.30 20.50 19.90 19.90 
2016/10/28 19.90 20.55 19.90 20.50 
2016/10/31 20.50 20.60 20.10 20.50 
2016/11/01 20.40 20.55 20.10 20.50 
2016/11/02 20.25 20.25 19.70 19.70 
2016/11/03 19.50 19.90 19.00 19.50 
2016/11/04 19.50 19.50 19.15 19.15 
2016/11/07 19.15 19.60 19.15 19.55 
2016/11/08 19.25 19.45 19.00 19.10 
2016/11/09 19.15 19.25 18.75 19.00 
2016/11/10 18.55 19.05 18.45 18.95 
2016/11/11 18.95 18.95 18.40 18.50 
2016/11/14 18.70 18.75 18.50 18.75 
2016/11/15 18.80 18.95 18.65 18.95 
2016/11/16 18.95 19.05 18.80 19.05 
2016/11/17 19.05 19.45 19.05 19.45 
2016/11/18 19.35 19.50 19.10 19.10 
2016/11/21 19.10 19.50 19.10 19.30 
2016/11/22 19.45 19.50 19.30 19.45 
2016/11/23 19.45 19.60 19.15 19.35 
2016/11/24 19.40 19.40 19.10 19.35 
2016/11/25 19.40 19.45 19.20 19.25 
2016/11/28 19.40 19.40 19.15 19.35 
2016/11/29 19.20 19.40 18.85 19.35 
2016/11/30 19.35 19.40 19.05 19.35 
2016/12/01 19.35 19.50 19.15 19.40 
2016/12/02 19.40 19.50 19.30 19.50 
2016/12/05 19.55 19.55 19.25 19.35 
2016/12/06 19.35 19.50 19.15 19.40 
2016/12/07 19.40 19.55 19.35 19.40 
2016/12/08 19.50 19.50 19.15 19.45 
2016/12/09 19.40 19.55 19.35 19.50 
2016/12/12 19.50 19.50 19.25 19.40 
2016/12/13 19.40 19.50 19.40 19.50 
2016/12/14 19.60 19.65 19.40 19.50 
2016/12/15 19.50 19.50 19.30 19.50 
2016/12/16 19.40 19.45 19.20 19.20 
2016/12/19 19.25 19.75 19.20 19.60 
2016/12/20 19.60 19.60 19.10 19.45 
2016/12/21 19.20 19.45 19.10 19.40 
2016/12/22 19.35 19.40 19.10 19.35 
2016/12/23 19.15 19.35 19.00 19.20 
2016/12/26 19.20 19.30 18.95 19.20 
2016/12/27 19.05 19.25 18.95 19.25 
2016/12/28 19.25 19.30 19.05 19.20 
2016/12/29 19.20 19.35 19.10 19.25 
2016/12/30 19.30 19.40 19.15 19.35 
2017/01/03 19.20 19.35 19.00 19.35 
2017/01/04 19.30 19.40 19.20 19.35 
2017/01/05 19.20 19.40 19.10 19.40 
2017/01/06 19.30 19.45 19.20 19.45 
2017/01/09 19.45 19.45 19.20 19.25 
2017/01/10 19.50 20.00 19.40 19.75 
2017/01/11 19.75 19.90 19.60 19.60 
2017/01/12 19.75 19.75 19.60 19.65 
2017/01/13 19.65 19.70 19.50 19.70 
2017/01/16 19.70 19.80 19.50 19.75 
2017/01/17 19.70 19.80 19.55 19.75 
2017/01/18 19.55 19.80 19.55 19.70 
2017/01/19 19.75 19.95 19.75 19.90 
2017/01/20 19.95 20.05 19.90 19.90 
2017/01/23 19.90 20.05 19.70 20.00 
2017/01/24 20.00 20.00 19.50 19.90 
2017/02/02 19.85 20.00 19.75 19.90 
2017/02/03 20.00 20.00 19.70 20.00 
2017/02/06 20.00 20.20 19.75 20.15 
2017/02/07 20.20 20.20 19.90 20.15 
2017/02/08 20.15 20.20 19.90 20.15 
