2016/07/01 25.10 25.40 25.00 25.00 
2016/07/04 25.00 25.25 25.00 25.25 
2016/07/05 25.60 25.60 25.45 25.45 
2016/07/07 25.90 25.90 25.90 25.90 
2016/07/11 25.00 25.35 24.45 25.35 
2016/07/13 25.40 25.40 24.00 24.70 
2016/07/14 24.65 24.65 24.65 24.65 
2016/07/15 24.00 24.50 24.00 24.50 
2016/07/18 24.00 24.40 24.00 24.40 
2016/07/19 24.00 24.40 24.00 24.40 
2016/07/20 24.30 24.30 24.30 24.30 
2016/07/21 24.00 24.30 24.00 24.30 
2016/07/25 24.80 24.80 24.35 24.50 
2016/07/28 23.45 23.45 23.45 23.45 
2016/07/29 23.45 23.50 23.45 23.50 
2016/08/01 21.15 22.90 21.15 22.55 
2016/08/02 22.55 22.55 22.55 22.55 
2016/08/03 23.20 23.20 23.20 23.20 
2016/08/04 21.70 23.30 21.70 23.30 
2016/08/08 23.10 23.10 23.00 23.00 
2016/08/10 23.80 23.80 23.80 23.80 
2016/08/11 23.75 23.75 23.75 23.75 
2016/08/12 23.75 23.75 23.75 23.75 
2016/08/15 22.55 23.60 22.55 23.60 
2016/08/17 23.05 23.05 23.05 23.05 
2016/08/22 21.75 22.10 21.65 22.10 
2016/08/24 22.10 22.10 21.60 21.60 
2016/08/25 21.60 22.05 21.60 22.00 
2016/08/26 21.90 21.90 21.90 21.90 
2016/08/29 21.95 21.95 21.90 21.90 
2016/08/30 22.00 22.45 22.00 22.45 
2016/09/01 21.90 21.90 21.90 21.90 
2016/09/06 21.65 22.90 21.60 22.90 
2016/09/07 23.20 23.20 23.20 23.20 
2016/09/09 21.70 21.70 21.70 21.70 
2016/09/10 21.65 23.40 21.65 23.40 
2016/09/12 23.40 23.40 21.95 21.95 
2016/09/13 22.50 22.50 22.50 22.50 
2016/09/19 23.30 23.30 23.30 23.30 
2016/09/21 23.45 24.60 23.45 24.60 
2016/09/22 24.60 26.30 24.60 26.20 
2016/09/23 26.20 26.20 26.20 26.20 
2016/09/26 26.20 26.20 26.20 26.20 
2016/09/29 25.90 25.90 25.90 25.90 
2016/10/05 25.80 25.80 25.80 25.80 
2016/10/12 23.45 23.45 23.40 23.40 
2016/10/13 23.40 23.40 23.40 23.40 
2016/10/21 22.35 22.40 22.35 22.40 
2016/10/27 21.05 21.05 21.00 21.00 
2016/10/28 20.95 20.95 20.95 20.95 
2016/11/03 19.35 19.35 19.35 19.35 
2016/11/04 20.25 20.25 19.35 19.35 
2016/11/08 19.90 20.30 19.55 20.30 
2016/11/09 22.30 22.30 18.30 19.20 
2016/11/10 21.00 21.00 21.00 21.00 
2016/11/11 20.00 22.80 20.00 22.80 
2016/11/15 23.90 23.90 20.80 20.85 
2016/11/28 19.60 19.60 19.00 19.50 
2016/11/29 19.45 20.00 19.40 20.00 
2016/11/30 19.65 20.00 19.60 20.00 
2016/12/05 19.85 19.90 19.85 19.90 
2016/12/08 20.00 20.00 20.00 20.00 
2016/12/09 20.00 20.00 20.00 20.00 
2016/12/12 20.00 20.00 20.00 20.00 
2016/12/14 20.20 21.20 20.10 21.20 
2016/12/15 21.15 21.30 21.00 21.30 
2016/12/21 20.75 22.65 20.40 22.65 
2016/12/22 22.65 23.30 22.60 23.30 
2016/12/27 22.95 22.95 22.95 22.95 
2016/12/28 22.80 23.70 22.60 23.70 
2016/12/29 24.20 24.20 22.00 22.20 
2016/12/30 22.30 22.30 22.30 22.30 
2017/01/03 21.00 21.00 21.00 21.00 
2017/01/04 21.00 21.00 21.00 21.00 
2017/01/05 21.90 21.90 21.15 21.75 
2017/01/09 21.60 21.60 21.60 21.60 
2017/01/11 23.30 23.30 23.30 23.30 
2017/01/12 22.00 22.20 22.00 22.15 
2017/01/13 21.50 22.75 21.50 22.55 
2017/01/16 23.80 23.80 22.55 22.55 
2017/01/17 23.00 23.00 23.00 23.00 
2017/01/18 23.05 23.10 23.05 23.10 
2017/01/19 23.10 23.75 23.00 23.15 
2017/01/20 22.80 22.80 22.80 22.80 
2017/01/23 24.30 24.30 24.30 24.30 
2017/01/24 24.40 24.40 24.40 24.40 
2017/02/02 25.90 25.90 24.40 24.40 
2017/02/06 22.60 24.65 22.60 24.65 
2017/02/07 26.20 26.20 24.80 25.55 
2017/02/08 27.10 27.10 24.65 24.65 
