2016/07/01 13.50 13.90 13.45 13.45 
2016/07/04 13.50 13.65 13.40 13.45 
2016/07/05 13.45 13.60 13.40 13.40 
2016/07/06 13.40 13.45 13.10 13.35 
2016/07/07 13.35 13.45 13.25 13.40 
2016/07/11 13.50 13.55 13.25 13.30 
2016/07/12 13.45 13.45 13.30 13.35 
2016/07/13 13.40 13.45 13.30 13.40 
2016/07/14 13.35 13.55 13.35 13.50 
2016/07/15 13.60 13.70 13.55 13.65 
2016/07/18 13.70 13.80 13.65 13.70 
2016/07/19 13.75 13.75 13.60 13.75 
2016/07/20 13.75 14.15 13.75 13.90 
2016/07/21 13.95 14.20 13.95 14.15 
2016/07/22 14.20 14.40 14.15 14.20 
2016/07/25 14.30 14.45 14.05 14.20 
2016/07/26 14.30 14.35 14.15 14.25 
2016/07/27 14.35 14.45 14.20 14.25 
2016/07/28 14.30 14.35 14.15 14.30 
2016/07/29 14.25 14.35 14.10 14.30 
2016/08/01 14.30 14.35 14.15 14.20 
2016/08/02 13.20 13.65 13.10 13.40 
2016/08/03 13.50 13.55 13.30 13.40 
2016/08/04 13.45 13.45 13.20 13.40 
2016/08/05 13.30 13.40 13.20 13.20 
2016/08/08 13.20 13.30 13.05 13.15 
2016/08/09 13.15 13.15 12.70 12.85 
2016/08/10 12.85 12.85 12.55 12.65 
2016/08/11 12.70 12.90 12.55 12.75 
2016/08/12 12.75 12.95 12.60 12.70 
2016/08/15 12.65 12.70 12.30 12.45 
2016/08/16 12.55 12.65 12.50 12.65 
2016/08/17 12.50 12.65 12.35 12.45 
2016/08/18 12.45 12.60 12.45 12.50 
2016/08/19 12.55 12.60 12.40 12.40 
2016/08/22 12.45 12.45 12.25 12.25 
2016/08/23 12.25 12.40 12.25 12.35 
2016/08/24 12.40 12.40 12.15 12.15 
2016/08/25 12.20 12.75 12.20 12.70 
2016/08/26 12.90 12.90 12.70 12.70 
2016/08/29 12.60 13.10 12.50 13.00 
2016/08/30 12.95 13.10 12.80 12.80 
2016/08/31 12.90 13.40 12.80 13.10 
2016/09/01 13.20 13.45 13.10 13.20 
2016/09/02 13.15 13.15 12.80 12.85 
2016/09/05 12.85 13.00 12.85 12.90 
2016/09/06 12.90 13.05 12.80 12.90 
2016/09/07 12.95 13.00 12.85 12.85 
2016/09/08 12.85 13.50 12.85 13.15 
2016/09/09 13.10 13.55 13.00 13.35 
2016/09/10 13.15 13.30 13.10 13.10 
2016/09/12 13.15 13.30 13.10 13.10 
2016/09/13 13.20 13.45 13.10 13.15 
2016/09/14 13.05 13.20 13.00 13.20 
2016/09/19 13.25 13.30 13.05 13.25 
2016/09/20 13.25 13.40 13.10 13.15 
2016/09/21 13.15 13.30 13.10 13.15 
2016/09/22 13.20 13.25 13.05 13.05 
2016/09/23 13.10 13.30 13.05 13.05 
2016/09/26 13.05 13.20 13.00 13.00 
2016/09/29 13.05 13.15 12.90 12.95 
2016/09/30 12.75 12.90 12.75 12.80 
2016/10/03 13.00 13.00 12.80 12.85 
2016/10/04 12.85 13.00 12.80 12.90 
2016/10/05 12.90 12.95 12.75 12.75 
2016/10/06 12.80 12.95 12.80 12.85 
2016/10/07 12.85 12.90 12.70 12.70 
2016/10/11 12.75 12.90 12.40 12.50 
2016/10/12 12.20 12.50 12.20 12.35 
2016/10/13 12.35 12.55 12.35 12.35 
2016/10/14 12.35 12.50 12.20 12.20 
2016/10/17 12.20 12.30 12.15 12.15 
2016/10/18 12.15 12.25 12.00 12.05 
2016/10/19 12.05 12.20 12.05 12.15 
2016/10/20 12.15 12.30 12.15 12.15 
2016/10/21 12.15 12.35 12.15 12.25 
2016/10/24 12.30 12.30 12.10 12.15 
2016/10/25 12.15 12.25 12.05 12.15 
2016/10/26 12.15 12.25 12.05 12.20 
2016/10/27 12.10 12.25 12.00 12.05 
2016/10/28 12.05 12.10 11.90 11.90 
2016/10/31 11.90 12.05 11.90 12.00 
2016/11/01 12.00 12.20 12.00 12.05 
2016/11/02 12.00 12.10 11.70 11.70 
2016/11/03 11.70 11.75 11.50 11.50 
2016/11/04 11.50 11.50 11.30 11.30 
2016/11/07 11.40 11.60 11.35 11.45 
2016/11/08 11.50 11.65 11.45 11.60 
2016/11/09 11.60 11.65 10.90 10.90 
2016/11/10 11.05 11.35 11.05 11.35 
2016/11/11 11.25 11.25 11.05 11.10 
2016/11/14 11.05 11.05 10.80 10.95 
2016/11/15 10.95 11.00 10.85 10.90 
2016/11/16 10.95 11.10 10.80 11.00 
2016/11/17 10.95 11.00 10.85 11.00 
2016/11/18 10.90 11.20 10.80 11.15 
2016/11/21 11.20 11.25 11.10 11.20 
2016/11/22 11.25 11.55 11.25 11.35 
2016/11/23 11.40 11.55 11.35 11.35 
2016/11/24 11.35 11.40 11.25 11.25 
2016/11/25 11.30 11.65 11.25 11.55 
2016/11/28 11.55 11.75 11.40 11.55 
2016/11/29 11.55 11.60 11.45 11.45 
2016/11/30 11.55 11.55 11.35 11.45 
2016/12/01 11.45 11.55 11.45 11.55 
2016/12/02 11.55 11.60 11.35 11.60 
2016/12/05 11.60 11.90 11.40 11.80 
2016/12/06 11.80 11.90 11.70 11.70 
2016/12/07 11.70 12.00 11.70 11.85 
2016/12/08 11.90 12.00 11.80 11.80 
2016/12/09 11.80 11.85 11.70 11.75 
2016/12/12 11.75 11.75 11.50 11.65 
2016/12/13 11.55 11.85 11.55 11.80 
2016/12/14 11.80 11.90 11.75 11.80 
2016/12/15 11.60 11.85 11.60 11.80 
2016/12/16 11.80 12.50 11.70 12.50 
2016/12/19 12.50 12.95 12.35 12.50 
2016/12/20 12.40 12.60 12.30 12.50 
2016/12/21 12.40 12.50 12.30 12.45 
2016/12/22 12.45 12.45 12.20 12.40 
2016/12/23 12.35 12.40 12.15 12.30 
2016/12/26 12.30 12.50 12.25 12.25 
2016/12/27 12.25 12.30 12.10 12.25 
2016/12/28 12.25 12.40 12.25 12.35 
2016/12/29 12.35 12.40 12.25 12.40 
2016/12/30 12.45 12.50 12.30 12.45 
2017/01/03 12.30 12.45 12.30 12.45 
2017/01/04 12.45 12.60 12.45 12.50 
2017/01/05 12.70 12.90 12.65 12.65 
2017/01/06 12.60 12.65 12.50 12.55 
2017/01/09 12.55 12.75 12.40 12.40 
2017/01/10 12.35 12.55 12.25 12.40 
2017/01/11 12.40 12.40 12.20 12.20 
2017/01/12 12.25 12.45 12.15 12.15 
2017/01/13 12.05 12.25 12.05 12.20 
2017/01/16 12.15 12.20 11.95 11.95 
2017/01/17 12.00 12.05 11.95 12.00 
2017/01/18 12.00 12.15 11.95 12.00 
2017/01/19 12.05 12.20 12.00 12.00 
2017/01/20 12.10 12.15 12.00 12.10 
2017/01/23 12.20 12.40 12.10 12.30 
2017/01/24 12.30 12.30 12.00 12.15 
2017/02/02 12.15 12.25 12.00 12.20 
2017/02/03 12.25 12.35 12.20 12.25 
2017/02/06 12.25 12.40 12.25 12.30 
2017/02/07 12.30 12.75 12.30 12.50 
2017/02/08 12.50 12.80 12.40 12.65 
