2016/07/01 49.60 50.30 49.55 50.30 
2016/07/04 50.30 50.80 50.10 50.10 
2016/07/05 50.10 50.50 49.75 49.85 
2016/07/06 49.70 50.20 49.50 49.60 
2016/07/07 49.65 49.95 49.40 49.45 
2016/07/11 49.70 51.00 49.35 51.00 
2016/07/12 51.30 51.60 50.40 50.40 
2016/07/13 50.80 50.80 50.00 50.20 
2016/07/14 50.50 50.70 50.20 50.50 
2016/07/15 50.80 50.80 50.40 50.60 
2016/07/18 50.80 50.90 50.50 50.60 
2016/07/19 50.80 51.40 50.60 51.30 
2016/07/20 51.40 51.90 50.80 51.30 
2016/07/21 51.70 51.80 51.30 51.50 
2016/07/22 51.70 52.30 51.40 51.90 
2016/07/25 52.20 52.80 51.40 52.40 
2016/07/26 53.10 53.40 52.50 52.50 
2016/07/27 52.50 52.80 51.70 51.80 
2016/07/28 52.00 52.00 51.10 51.30 
2016/07/29 51.30 51.90 51.10 51.40 
2016/08/01 51.80 51.80 51.30 51.40 
2016/08/02 51.70 51.80 51.40 51.60 
2016/08/03 51.30 52.70 51.10 52.60 
2016/08/04 52.50 52.60 51.90 52.30 
2016/08/05 52.50 52.70 52.10 52.50 
2016/08/08 52.70 52.70 51.90 52.20 
2016/08/09 52.20 52.20 50.90 50.90 
2016/08/10 51.00 51.30 50.80 50.90 
2016/08/11 53.00 55.10 52.70 54.70 
2016/08/12 54.30 55.00 53.90 54.60 
2016/08/15 54.90 55.80 54.60 55.30 
2016/08/16 56.00 56.30 54.60 54.80 
2016/08/17 55.40 55.40 54.30 55.30 
2016/08/18 55.50 56.50 55.00 56.20 
2016/08/19 56.50 58.40 56.50 58.00 
2016/08/22 58.50 58.50 56.90 57.00 
2016/08/23 57.10 58.00 57.00 58.00 
2016/08/24 58.10 58.70 57.50 58.70 
2016/08/25 58.80 59.60 57.90 59.60 
2016/08/26 59.60 60.30 59.10 59.50 
2016/08/29 59.40 59.90 58.90 59.30 
2016/08/30 60.30 61.70 60.30 61.30 
2016/08/31 61.70 61.90 60.50 61.20 
2016/09/01 61.00 61.30 60.30 60.30 
2016/09/02 60.50 60.70 59.00 59.90 
2016/09/05 60.50 61.80 60.40 61.50 
2016/09/06 61.60 62.30 61.50 62.00 
2016/09/07 62.50 62.60 61.80 62.00 
2016/09/08 62.40 62.50 61.90 62.20 
2016/09/09 62.20 63.40 61.80 63.40 
2016/09/10 62.50 63.00 62.00 62.20 
2016/09/12 62.10 62.70 60.60 60.60 
2016/09/13 61.30 61.30 58.80 59.60 
2016/09/14 59.60 60.70 59.60 60.50 
2016/09/19 60.80 62.00 60.70 61.90 
2016/09/20 61.90 63.00 61.90 62.50 
2016/09/21 62.50 62.80 61.70 62.50 
2016/09/22 62.60 62.90 62.20 62.30 
2016/09/23 62.30 64.50 62.30 64.30 
2016/09/26 64.30 64.40 63.70 63.90 
2016/09/29 64.30 64.80 63.50 64.80 
2016/09/30 64.50 64.80 64.00 64.10 
2016/10/03 64.50 64.50 64.00 64.10 
2016/10/04 64.50 66.50 64.10 66.00 
2016/10/05 66.00 67.30 65.70 65.80 
2016/10/06 66.20 66.50 65.10 66.10 
2016/10/07 66.80 67.40 66.30 66.90 
2016/10/11 68.40 68.40 64.50 66.30 
2016/10/12 66.50 67.50 66.50 66.60 
2016/10/13 66.80 67.10 64.90 66.00 
2016/10/14 66.00 66.00 64.50 64.70 
2016/10/17 65.20 65.70 64.60 65.00 
2016/10/18 65.30 65.40 64.00 64.60 
2016/10/19 65.00 65.70 64.60 65.10 
2016/10/20 65.50 65.90 65.10 65.20 
2016/10/21 65.40 65.90 64.50 65.90 
2016/10/24 65.90 66.60 65.50 66.00 
2016/10/25 63.90 65.00 63.60 64.70 
2016/10/26 64.90 65.10 64.00 64.00 
2016/10/27 64.00 64.40 62.80 62.80 
2016/10/28 63.10 63.40 61.00 61.00 
2016/10/31 61.00 62.00 60.40 61.70 
2016/11/01 61.50 61.90 61.00 61.00 
2016/11/02 60.50 60.50 58.70 58.80 
2016/11/03 58.50 59.00 56.80 57.60 
2016/11/04 57.80 59.40 57.80 58.20 
2016/11/07 59.00 59.50 58.80 59.50 
2016/11/08 59.90 60.00 58.50 59.10 
2016/11/09 59.10 59.50 55.00 55.70 
2016/11/10 59.90 60.40 58.60 59.70 
2016/11/11 58.30 59.40 58.30 59.10 
2016/11/14 59.00 61.40 58.20 61.20 
2016/11/15 60.80 62.30 60.20 62.20 
2016/11/16 63.40 63.60 62.30 62.50 
2016/11/17 62.30 62.40 62.00 62.00 
2016/11/18 62.10 62.90 61.90 62.90 
2016/11/21 63.00 64.00 62.50 63.50 
2016/11/22 63.80 64.20 62.80 63.50 
2016/11/23 63.70 64.00 62.90 62.90 
2016/11/24 63.00 63.50 62.80 62.80 
2016/11/25 63.40 63.40 62.60 62.90 
2016/11/28 63.30 63.50 62.30 62.30 
2016/11/29 62.00 62.90 61.90 62.50 
2016/11/30 62.40 63.40 62.40 62.40 
2016/12/01 62.50 62.60 61.80 61.80 
2016/12/02 61.50 61.50 61.00 61.10 
2016/12/05 61.20 62.60 61.20 62.20 
2016/12/06 62.30 62.90 62.00 62.60 
2016/12/07 63.80 64.50 63.70 64.20 
2016/12/08 64.50 64.80 64.00 64.00 
2016/12/09 64.10 64.60 64.00 64.10 
2016/12/12 65.50 65.50 64.30 64.40 
2016/12/13 64.40 64.60 63.80 63.80 
2016/12/14 64.20 64.40 63.70 63.80 
2016/12/15 63.70 63.70 63.00 63.10 
2016/12/16 63.50 63.60 63.20 63.30 
2016/12/19 63.70 63.80 62.10 62.20 
2016/12/20 62.40 62.80 61.60 61.70 
2016/12/21 61.90 62.90 61.50 62.50 
2016/12/22 62.70 63.00 62.20 62.30 
2016/12/23 62.20 62.50 61.60 62.50 
2016/12/26 62.60 63.50 62.60 62.90 
2016/12/27 62.90 63.20 62.50 62.50 
2016/12/28 62.80 63.40 62.50 63.10 
2016/12/29 63.00 63.30 62.60 63.20 
2016/12/30 63.40 63.50 62.90 63.20 
2017/01/03 63.80 64.20 63.60 63.90 
2017/01/04 64.30 64.50 63.90 63.90 
2017/01/05 64.20 65.10 64.20 64.80 
2017/01/06 65.20 66.30 64.80 66.00 
2017/01/09 67.60 68.20 66.20 66.20 
2017/01/10 67.00 68.10 66.80 68.00 
2017/01/11 68.30 68.80 67.30 67.30 
2017/01/12 67.30 67.80 66.70 66.70 
2017/01/13 66.70 67.30 66.00 66.80 
2017/01/16 66.80 67.20 66.10 66.50 
2017/01/17 67.00 67.20 66.50 66.50 
2017/01/18 66.50 67.10 66.20 66.80 
2017/01/19 67.00 67.80 66.50 67.40 
2017/01/20 67.60 67.60 66.20 66.50 
2017/01/23 66.50 67.50 66.50 67.00 
2017/01/24 67.80 67.80 67.10 67.60 
2017/02/02 67.70 67.80 66.80 67.40 
2017/02/03 68.00 71.70 67.80 71.00 
2017/02/06 72.00 72.20 70.10 70.30 
2017/02/07 70.30 71.20 69.50 70.30 
2017/02/08 70.30 70.80 69.40 69.50 
