2016/07/01 7.29 7.30 6.93 7.28 
2016/07/04 6.80 6.80 6.80 6.80 
2016/07/05 7.48 7.48 7.48 7.48 
2016/07/06 7.60 8.22 7.20 8.22 
2016/08/05 9.04 9.04 9.04 9.04 
2016/08/08 9.94 9.94 9.94 9.94 
2016/08/09 10.90 10.90 10.90 10.90 
2016/08/10 11.95 11.95 11.95 11.95 
2016/08/11 13.10 13.10 13.10 13.10 
2016/08/12 14.30 14.40 13.30 14.35 
2016/08/15 15.60 15.65 14.35 15.50 
2016/08/16 14.15 14.15 14.00 14.00 
2016/08/17 13.50 13.60 13.50 13.60 
2016/08/18 14.00 14.50 14.00 14.50 
2016/08/19 15.00 15.95 15.00 15.80 
2016/08/22 16.10 16.50 16.00 16.50 
2016/08/23 16.00 18.00 16.00 18.00 
2016/08/24 18.80 19.70 18.50 18.50 
2016/08/25 19.90 20.00 19.00 19.70 
2016/08/26 21.20 21.20 19.25 19.50 
2016/08/29 19.00 21.00 19.00 21.00 
2016/08/30 20.50 20.50 19.20 19.20 
2016/08/31 19.20 20.45 19.20 20.45 
2016/09/01 20.45 20.45 18.50 18.50 
2016/09/02 18.00 18.00 18.00 18.00 
2016/09/05 18.00 18.00 18.00 18.00 
2016/09/06 18.00 18.00 18.00 18.00 
2016/09/07 18.00 18.00 16.25 16.25 
2016/09/08 16.25 16.25 15.90 15.90 
2016/09/09 14.65 15.80 14.65 15.80 
2016/09/10 15.30 15.50 15.25 15.50 
2016/09/12 15.80 16.00 15.80 16.00 
2016/09/13 15.50 15.50 15.10 15.10 
2016/09/14 15.00 15.00 15.00 15.00 
2016/09/19 15.00 15.50 15.00 15.50 
2016/09/21 15.05 15.40 15.00 15.10 
2016/09/22 15.10 15.45 15.10 15.45 
2016/09/23 15.10 15.40 15.10 15.15 
2016/09/26 15.00 15.00 14.85 14.90 
2016/09/29 15.20 16.30 15.20 16.30 
2016/09/30 16.50 17.90 16.50 17.90 
2016/10/03 19.65 19.65 19.55 19.60 
2016/10/04 20.00 20.20 18.50 18.50 
2016/10/05 17.70 18.50 17.70 18.15 
2016/10/06 18.30 18.60 18.30 18.35 
2016/10/07 18.85 18.85 18.10 18.10 
2016/10/11 18.10 18.40 18.00 18.30 
2016/10/12 18.05 18.45 18.05 18.45 
2016/10/13 18.05 18.25 17.95 18.25 
2016/10/14 18.20 18.20 18.20 18.20 
2016/10/17 17.45 17.45 17.40 17.40 
2016/10/18 16.90 17.30 16.90 17.20 
2016/10/19 17.10 17.80 17.10 17.80 
2016/10/20 17.80 17.80 17.80 17.80 
2016/10/21 19.10 19.10 19.10 19.10 
2016/10/24 19.30 19.30 18.10 18.10 
2016/10/25 18.10 18.10 18.10 18.10 
2016/10/26 18.10 18.10 17.70 18.00 
2016/10/27 17.85 17.85 17.85 17.85 
2016/10/28 18.00 18.00 17.20 17.20 
2016/10/31 17.40 17.40 17.40 17.40 
2016/11/02 17.00 17.40 16.30 17.40 
2016/11/03 16.65 17.05 16.50 17.05 
2016/11/04 17.05 17.05 16.30 16.30 
2016/11/07 16.20 16.20 15.70 15.90 
2016/11/08 16.00 17.30 16.00 17.30 
2016/11/09 17.05 17.05 16.30 17.05 
2016/11/10 16.55 16.55 16.55 16.55 
2016/11/11 16.50 16.50 16.50 16.50 
2016/11/14 15.50 15.80 15.50 15.80 
2016/11/15 15.80 15.80 15.80 15.80 
2016/11/16 15.80 15.80 15.80 15.80 
2016/11/17 15.80 15.80 15.80 15.80 
2016/11/18 15.80 15.80 15.80 15.80 
2016/11/21 16.00 16.00 15.70 15.70 
2016/11/22 16.00 16.00 15.60 15.60 
2016/11/23 16.00 16.00 15.80 15.80 
2016/11/28 16.00 16.00 15.90 15.90 
2016/11/29 16.00 16.00 15.90 15.90 
2016/12/02 16.00 16.00 16.00 16.00 
2016/12/06 15.20 15.20 15.20 15.20 
2016/12/07 16.00 16.00 16.00 16.00 
2016/12/08 16.00 16.00 16.00 16.00 
2016/12/14 17.15 17.45 17.00 17.45 
2016/12/15 17.35 17.35 17.35 17.35 
2016/12/16 18.50 18.55 17.00 17.50 
2016/12/19 17.30 17.30 16.50 16.50 
2016/12/20 16.50 17.00 16.50 16.95 
2016/12/21 16.80 17.15 16.50 17.15 
2016/12/22 17.10 17.10 17.10 17.10 
2016/12/23 17.10 17.10 16.30 17.00 
2016/12/26 16.95 16.95 16.95 16.95 
2016/12/27 17.00 17.00 17.00 17.00 
2016/12/29 16.90 16.90 16.90 16.90 
2016/12/30 16.00 16.15 16.00 16.15 
2017/01/03 16.50 17.25 16.50 16.60 
2017/01/04 16.50 16.50 16.50 16.50 
2017/01/05 16.45 16.45 16.40 16.40 
2017/01/06 16.85 16.90 16.85 16.85 
2017/01/11 16.80 16.85 15.80 16.25 
2017/01/12 16.70 16.75 16.70 16.75 
2017/01/13 15.90 15.90 15.85 15.85 
2017/01/16 15.85 16.10 15.85 16.10 
2017/01/17 16.35 16.50 15.85 15.90 
2017/01/18 16.45 16.50 16.20 16.20 
2017/01/23 15.90 15.90 15.80 15.80 
2017/01/24 15.90 15.90 15.80 15.80 
2017/02/03 15.50 15.70 15.00 15.70 
2017/02/06 15.05 15.30 14.55 15.30 
2017/02/07 15.45 15.45 15.30 15.35 
2017/02/08 15.30 15.30 15.15 15.15 
