2016/07/01 26.05 26.05 25.80 25.95 
2016/07/04 25.95 26.60 25.95 26.25 
2016/07/05 26.25 26.45 26.25 26.40 
2016/07/06 26.40 26.50 26.00 26.00 
2016/07/07 26.00 26.35 26.00 26.30 
2016/07/11 26.50 26.50 26.05 26.10 
2016/07/12 26.30 26.30 25.60 25.70 
2016/07/13 25.65 26.05 25.60 26.05 
2016/07/14 26.00 26.05 25.85 26.00 
2016/07/15 26.00 26.25 25.90 26.20 
2016/07/18 26.20 26.40 26.10 26.20 
2016/07/19 26.15 27.80 26.15 27.30 
2016/07/20 27.30 27.70 27.00 27.25 
2016/07/21 27.65 27.65 26.70 26.90 
2016/07/22 26.50 26.85 26.45 26.70 
2016/07/25 26.50 26.55 25.60 26.15 
2016/07/26 25.80 26.45 25.80 26.00 
2016/07/27 26.00 26.30 26.00 26.25 
2016/07/28 26.25 26.70 26.25 26.50 
2016/07/29 26.50 26.65 26.20 26.35 
2016/08/01 26.10 26.55 26.10 26.35 
2016/08/02 26.50 26.70 26.50 26.65 
2016/08/03 26.15 26.65 26.15 26.45 
2016/08/04 26.40 26.65 26.40 26.60 
2016/08/05 26.60 26.60 26.45 26.50 
2016/08/08 26.70 27.25 26.50 26.70 
2016/08/09 27.00 27.00 26.55 26.70 
2016/08/10 26.70 27.70 26.70 27.45 
2016/08/11 27.40 27.60 27.00 27.20 
2016/08/12 27.10 27.65 27.00 27.35 
2016/08/15 28.10 29.00 28.10 28.65 
2016/08/16 28.65 29.20 28.45 28.55 
2016/08/17 28.55 29.00 28.00 28.90 
2016/08/18 28.90 29.20 28.65 28.80 
2016/08/19 28.80 29.30 28.80 28.90 
2016/08/22 29.00 29.15 28.75 28.80 
2016/08/23 28.80 29.30 28.65 29.15 
2016/08/24 29.15 29.20 29.00 29.20 
2016/08/25 29.25 29.90 29.25 29.50 
2016/08/26 29.55 29.70 29.30 29.70 
2016/08/29 29.70 29.70 29.50 29.70 
2016/08/30 29.70 29.85 29.65 29.85 
2016/08/31 29.95 30.50 29.95 30.50 
2016/09/01 30.50 30.55 30.10 30.30 
2016/09/02 30.20 30.20 29.65 29.75 
2016/09/05 29.70 30.00 29.70 29.70 
2016/09/06 29.70 30.00 29.50 29.65 
2016/09/07 29.65 29.65 28.70 29.05 
2016/09/08 29.05 29.25 29.00 29.10 
2016/09/09 29.10 29.10 28.80 29.00 
2016/09/10 28.80 28.80 28.40 28.50 
2016/09/12 28.50 28.50 28.00 28.45 
2016/09/13 28.50 28.60 28.30 28.55 
2016/09/14 28.35 30.40 28.35 30.40 
2016/09/19 30.20 30.25 29.75 29.90 
2016/09/20 29.90 30.60 29.90 30.00 
2016/09/21 30.10 30.30 29.85 30.00 
2016/09/22 30.00 30.10 29.75 29.90 
2016/09/23 29.90 29.90 29.30 29.65 
2016/09/26 29.60 29.60 29.20 29.25 
2016/09/29 29.50 29.60 29.10 29.20 
2016/09/30 29.10 29.30 29.10 29.30 
2016/10/03 29.15 29.60 29.10 29.10 
2016/10/04 31.00 31.00 29.45 30.00 
2016/10/05 29.90 29.90 29.50 29.80 
2016/10/06 29.60 29.70 29.50 29.70 
2016/10/07 29.70 29.70 29.45 29.50 
2016/10/11 29.30 29.85 28.60 29.25 
2016/10/12 28.80 29.20 28.80 29.05 
2016/10/13 29.05 29.05 28.25 28.65 
2016/10/14 28.50 28.75 28.00 28.40 
2016/10/17 28.40 28.45 28.00 28.45 
2016/10/18 28.45 28.95 28.40 28.90 
2016/10/19 29.10 29.10 28.70 28.90 
2016/10/20 28.90 28.90 28.50 28.80 
2016/10/21 28.80 29.50 28.65 29.05 
2016/10/24 29.05 29.25 29.05 29.10 
2016/10/25 29.00 29.20 28.85 29.20 
2016/10/26 29.20 29.20 29.00 29.10 
2016/10/27 29.10 29.55 29.00 29.35 
2016/10/28 29.35 29.35 29.15 29.35 
2016/10/31 29.20 29.35 29.00 29.35 
2016/11/01 29.35 29.35 29.15 29.35 
2016/11/02 29.35 29.35 29.00 29.25 
2016/11/03 29.00 29.20 28.95 29.15 
2016/11/04 29.00 29.10 28.80 29.10 
2016/11/07 29.10 29.70 29.00 29.15 
2016/11/08 29.15 29.30 29.05 29.05 
2016/11/09 29.20 29.60 28.00 28.65 
2016/11/10 28.65 29.10 28.50 28.90 
2016/11/11 28.95 28.95 28.35 28.80 
2016/11/14 28.55 28.65 28.00 28.55 
2016/11/15 28.30 28.70 28.30 28.65 
2016/11/16 28.70 28.70 28.00 28.10 
2016/11/17 28.30 28.50 28.10 28.30 
2016/11/18 28.30 28.30 27.85 28.20 
2016/11/21 28.25 28.50 28.20 28.50 
2016/11/22 28.50 28.80 28.50 28.75 
2016/11/23 28.80 29.00 28.40 28.75 
2016/11/24 28.50 28.60 28.25 28.50 
2016/11/25 28.50 28.50 28.25 28.45 
2016/11/28 28.45 28.65 28.45 28.60 
2016/11/29 28.60 28.60 28.40 28.50 
2016/11/30 28.50 28.70 28.25 28.70 
2016/12/01 28.70 28.75 28.55 28.75 
2016/12/02 28.60 28.65 28.50 28.65 
2016/12/05 28.65 28.65 28.40 28.60 
2016/12/06 28.70 28.70 28.50 28.60 
2016/12/07 28.60 28.75 28.60 28.75 
2016/12/08 28.75 29.00 28.70 29.00 
2016/12/09 28.70 29.00 28.70 28.95 
2016/12/12 28.80 28.90 28.60 28.90 
2016/12/13 28.90 28.90 28.65 28.90 
2016/12/14 28.70 28.85 28.60 28.85 
2016/12/15 28.60 28.85 28.55 28.75 
2016/12/16 28.80 28.95 28.75 28.75 
2016/12/19 28.75 28.90 28.65 28.75 
2016/12/20 28.85 28.90 28.75 28.75 
2016/12/21 28.80 28.95 28.80 28.90 
2016/12/22 28.90 29.15 28.85 29.15 
2016/12/23 29.00 29.15 29.00 29.10 
2016/12/26 29.10 29.40 28.90 29.40 
2016/12/27 29.40 29.40 29.20 29.40 
2016/12/28 29.30 29.50 29.15 29.45 
2016/12/29 29.40 29.50 29.15 29.50 
2016/12/30 29.50 29.50 29.40 29.50 
2017/01/03 29.50 29.55 29.25 29.40 
2017/01/04 29.50 29.55 29.30 29.35 
2017/01/05 29.25 29.35 29.00 29.20 
2017/01/06 29.25 29.25 28.95 29.25 
2017/01/09 29.25 29.25 29.00 29.00 
2017/01/10 29.00 29.15 28.90 29.05 
2017/01/11 29.05 29.05 28.60 29.00 
2017/01/12 29.00 29.00 28.80 28.80 
2017/01/13 28.80 28.90 28.80 28.80 
2017/01/16 28.75 28.80 28.60 28.80 
2017/01/17 28.90 29.20 28.80 28.80 
2017/01/18 28.75 29.15 28.65 29.10 
2017/01/19 28.90 29.00 28.75 29.00 
2017/01/20 28.70 28.70 28.60 28.60 
2017/01/23 28.55 28.60 28.35 28.55 
2017/01/24 28.50 28.50 28.35 28.45 
2017/02/02 28.40 28.45 28.00 28.30 
2017/02/03 28.30 28.35 28.20 28.35 
2017/02/06 28.50 28.55 28.40 28.45 
2017/02/07 28.50 28.60 28.40 28.50 
2017/02/08 28.50 28.60 28.40 28.50 
