2016/07/01 12.90 12.90 12.65 12.65 
2016/07/04 12.65 12.90 12.60 12.90 
2016/07/05 12.90 13.25 12.90 13.05 
2016/07/06 12.90 13.00 12.75 12.75 
2016/07/07 12.80 12.80 12.65 12.70 
2016/07/11 12.80 12.90 12.55 12.65 
2016/07/12 12.65 12.75 12.60 12.70 
2016/07/13 12.70 12.80 12.60 12.75 
2016/07/14 12.85 12.90 12.70 12.70 
2016/07/15 12.75 13.00 12.75 12.80 
2016/07/18 12.80 13.50 12.80 13.35 
2016/07/19 13.30 13.75 13.30 13.50 
2016/07/20 13.50 13.50 13.15 13.15 
2016/07/21 13.25 13.40 13.20 13.20 
2016/07/22 13.20 13.25 13.10 13.25 
2016/07/25 13.45 13.75 13.00 13.50 
2016/07/26 13.30 13.60 13.30 13.35 
2016/07/27 13.55 13.95 13.50 13.50 
2016/07/28 13.60 13.60 13.15 13.20 
2016/07/29 13.40 13.40 13.00 13.00 
2016/08/01 12.75 12.95 12.75 12.80 
2016/08/02 12.90 13.05 12.85 12.85 
2016/08/03 12.70 12.90 12.70 12.85 
2016/08/04 12.95 12.95 12.85 12.90 
2016/08/05 13.00 13.25 12.95 13.00 
2016/08/08 13.40 14.30 13.35 14.30 
2016/08/09 14.70 15.10 14.30 14.70 
2016/08/10 14.80 14.85 14.20 14.35 
2016/08/11 14.20 14.45 14.05 14.10 
2016/08/12 14.20 14.30 13.70 13.70 
2016/08/15 13.95 13.95 13.65 13.85 
2016/08/16 13.85 14.20 13.70 13.75 
2016/08/17 13.85 13.95 13.60 13.60 
2016/08/18 13.65 13.65 13.30 13.30 
2016/08/19 13.30 13.50 13.30 13.30 
2016/08/22 13.30 13.35 13.00 13.05 
2016/08/23 13.10 13.15 12.95 13.15 
2016/08/24 13.15 13.20 13.00 13.00 
2016/08/25 13.00 13.25 13.00 13.25 
2016/08/26 13.25 13.40 13.10 13.10 
2016/08/29 13.20 13.45 13.00 13.45 
2016/08/30 13.45 13.45 13.25 13.30 
2016/08/31 13.35 13.35 13.15 13.15 
2016/09/01 13.20 13.50 13.10 13.30 
2016/09/02 13.35 13.45 13.20 13.30 
2016/09/05 13.45 13.45 13.30 13.40 
2016/09/06 13.45 13.65 13.40 13.45 
2016/09/07 13.50 13.65 13.45 13.45 
2016/09/08 13.65 13.65 13.45 13.50 
2016/09/09 13.55 13.75 13.35 13.55 
2016/09/10 13.45 13.50 13.25 13.30 
2016/09/12 13.60 13.60 13.20 13.20 
2016/09/13 13.40 13.40 13.10 13.10 
2016/09/14 13.00 13.20 12.85 12.90 
2016/09/19 12.95 13.30 12.95 13.20 
2016/09/20 13.90 14.50 13.90 14.50 
2016/09/21 15.00 15.35 14.60 14.90 
2016/09/22 14.95 15.00 14.65 14.85 
2016/09/23 15.00 16.25 14.95 15.85 
2016/09/26 15.80 16.35 15.60 15.85 
2016/09/29 16.00 16.00 15.60 15.65 
2016/09/30 15.50 16.35 15.50 15.85 
2016/10/03 15.90 16.00 15.45 15.55 
2016/10/04 15.60 15.65 15.15 15.15 
2016/10/05 15.30 16.10 15.30 15.60 
2016/10/06 15.65 15.75 15.45 15.45 
2016/10/07 15.55 15.60 15.25 15.45 
2016/10/11 15.35 15.40 14.05 14.45 
2016/10/12 14.80 14.95 14.30 14.65 
2016/10/13 14.45 14.65 14.40 14.55 
2016/10/14 14.55 14.55 13.80 14.00 
2016/10/17 14.20 14.20 13.70 14.15 
2016/10/18 14.15 14.20 13.95 14.00 
2016/10/19 14.15 14.55 14.10 14.25 
2016/10/20 14.40 14.75 14.25 14.45 
2016/10/21 14.45 14.55 14.15 14.20 
2016/10/24 14.35 14.45 14.20 14.25 
2016/10/25 14.25 14.45 14.20 14.20 
2016/10/26 14.15 14.30 14.10 14.20 
2016/10/27 14.20 14.35 14.15 14.25 
2016/10/28 14.15 14.25 14.10 14.15 
2016/10/31 14.15 14.15 13.80 13.95 
2016/11/01 14.00 14.00 13.85 13.90 
2016/11/02 14.00 14.15 13.60 13.65 
2016/11/03 13.70 13.70 13.30 13.40 
2016/11/04 13.30 13.40 13.05 13.20 
2016/11/07 13.20 13.45 13.20 13.35 
2016/11/08 13.45 13.55 13.10 13.30 
2016/11/09 13.10 13.50 12.15 12.55 
2016/11/10 13.00 13.10 12.80 13.05 
2016/11/11 12.75 12.90 12.70 12.70 
2016/11/14 12.60 12.80 12.45 12.75 
2016/11/15 12.70 12.85 12.70 12.80 
2016/11/16 13.00 13.00 12.75 12.75 
2016/11/17 12.80 12.95 12.65 12.65 
2016/11/18 12.80 12.80 12.50 12.65 
2016/11/21 12.65 12.70 12.60 12.70 
2016/11/22 12.70 13.15 12.70 13.10 
2016/11/23 13.30 13.30 12.90 12.90 
2016/11/24 12.95 12.95 12.55 12.60 
2016/11/25 12.65 13.00 12.65 12.90 
2016/11/28 12.90 13.10 12.85 12.95 
2016/11/29 13.80 14.20 13.80 14.20 
2016/11/30 14.70 14.75 13.70 13.70 
2016/12/01 13.85 14.05 13.75 13.75 
2016/12/02 13.75 14.30 13.70 14.05 
2016/12/05 14.05 14.15 13.85 13.95 
2016/12/06 14.10 14.20 13.85 13.95 
2016/12/07 14.05 14.50 14.00 14.20 
2016/12/08 14.45 14.45 14.10 14.15 
2016/12/09 14.30 14.30 14.00 14.10 
2016/12/12 14.10 14.25 14.05 14.10 
2016/12/13 14.10 14.45 14.05 14.20 
2016/12/14 14.35 14.35 14.15 14.20 
2016/12/15 14.20 14.40 14.15 14.35 
2016/12/16 14.45 14.90 14.35 14.70 
2016/12/19 14.75 14.75 13.90 14.70 
2016/12/20 14.70 14.80 14.35 14.65 
2016/12/21 14.60 14.65 14.35 14.50 
2016/12/22 14.40 14.60 14.20 14.40 
2016/12/23 14.45 14.50 14.10 14.15 
2016/12/26 14.05 14.25 14.00 14.00 
2016/12/27 14.05 14.10 13.85 13.90 
2016/12/28 13.90 14.05 13.90 13.90 
2016/12/29 13.90 13.95 13.75 13.80 
2016/12/30 13.85 14.15 13.85 14.15 
2017/01/03 14.20 14.55 14.15 14.40 
2017/01/04 14.40 14.40 14.25 14.25 
2017/01/05 14.35 14.35 14.15 14.15 
2017/01/06 14.20 14.30 14.15 14.20 
2017/01/09 14.30 14.40 14.10 14.30 
2017/01/10 14.35 14.60 14.15 14.15 
2017/01/11 14.10 14.15 13.85 13.90 
2017/01/12 13.90 14.05 13.90 13.90 
2017/01/13 13.75 13.90 13.75 13.80 
2017/01/16 13.80 13.80 13.70 13.70 
2017/01/17 13.80 13.80 13.70 13.70 
2017/01/18 13.70 14.05 13.70 13.95 
2017/01/19 13.95 14.05 13.85 13.90 
2017/01/20 13.90 14.00 13.80 13.80 
2017/01/23 13.90 13.90 13.70 13.70 
2017/01/24 13.75 13.80 13.70 13.80 
2017/02/02 13.90 13.95 13.75 13.85 
2017/02/03 13.95 14.15 13.90 14.15 
2017/02/06 14.35 15.55 14.35 15.55 
2017/02/07 15.95 16.30 15.70 16.20 
2017/02/08 16.30 16.35 15.85 16.05 
