2016/07/01 21.30 21.50 20.95 21.30 
2016/07/04 21.15 21.40 21.15 21.15 
2016/07/05 21.30 21.35 21.10 21.30 
2016/07/06 21.00 21.15 20.85 20.85 
2016/07/07 21.50 21.60 21.20 21.25 
2016/07/11 21.60 21.65 21.35 21.50 
2016/07/12 21.65 21.85 21.40 21.60 
2016/07/13 21.25 21.40 20.95 21.05 
2016/07/14 21.15 21.20 20.95 21.05 
2016/07/15 20.90 22.10 20.90 21.80 
2016/07/18 22.60 23.00 22.35 22.40 
2016/07/19 22.60 22.60 21.95 22.30 
2016/07/20 22.35 22.95 22.35 22.45 
2016/07/21 22.75 22.85 22.35 22.35 
2016/07/22 22.20 22.45 21.85 21.90 
2016/07/25 22.05 22.35 21.60 21.65 
2016/07/26 21.75 21.90 21.65 21.85 
2016/07/27 22.10 22.55 22.00 22.55 
2016/07/28 22.55 22.70 22.15 22.25 
2016/07/29 22.20 22.50 22.00 22.10 
2016/08/01 22.15 23.40 22.10 23.20 
2016/08/02 23.30 24.15 22.75 23.90 
2016/08/03 23.50 23.80 23.35 23.55 
2016/08/04 23.55 24.05 23.20 24.00 
2016/08/05 24.25 24.25 23.50 23.70 
2016/08/08 23.85 23.90 23.20 23.30 
2016/08/09 23.30 23.50 22.75 22.95 
2016/08/10 22.85 23.35 22.80 22.90 
2016/08/11 22.70 22.85 22.10 22.30 
2016/08/12 22.35 23.25 22.35 22.90 
2016/08/15 22.90 23.05 22.65 22.70 
2016/08/16 22.95 23.00 22.50 22.50 
2016/08/17 22.50 22.60 22.25 22.25 
2016/08/18 22.60 22.95 22.40 22.75 
2016/08/19 22.85 22.90 22.25 22.35 
2016/08/22 22.35 22.40 22.20 22.35 
2016/08/23 22.55 23.10 22.35 23.00 
2016/08/24 23.50 24.45 23.40 23.40 
2016/08/25 23.45 23.55 23.20 23.50 
2016/08/26 23.50 23.55 23.30 23.50 
2016/08/29 24.00 24.75 23.95 24.20 
2016/08/30 24.00 24.45 23.95 24.10 
2016/08/31 24.15 25.25 24.15 24.60 
2016/09/01 24.75 24.80 24.15 24.20 
2016/09/02 24.20 24.35 23.65 23.85 
2016/09/05 24.40 24.40 24.00 24.15 
2016/09/06 24.40 24.55 23.90 23.90 
2016/09/07 24.00 24.35 23.90 23.90 
2016/09/08 24.20 24.20 23.90 23.90 
2016/09/09 23.90 23.90 23.55 23.70 
2016/09/10 23.30 23.65 23.25 23.40 
2016/09/12 23.55 23.60 22.95 22.95 
2016/09/13 23.20 23.25 22.50 22.70 
2016/09/14 22.70 22.90 22.55 22.70 
2016/09/19 23.30 23.35 23.10 23.15 
2016/09/20 23.10 23.35 23.10 23.30 
2016/09/21 23.50 23.95 23.45 23.75 
2016/09/22 23.90 23.95 23.40 23.40 
2016/09/23 23.40 23.60 23.40 23.50 
2016/09/26 23.50 23.90 23.45 23.45 
2016/09/29 23.75 24.35 23.65 24.30 
2016/09/30 24.30 24.70 23.85 24.70 
2016/10/03 25.20 25.30 24.45 24.45 
2016/10/04 24.55 24.65 24.25 24.30 
2016/10/05 24.45 24.50 24.25 24.35 
2016/10/06 24.00 24.30 23.65 24.10 
2016/10/07 24.10 24.15 23.80 24.00 
2016/10/11 24.00 24.30 22.80 23.20 
2016/10/12 23.25 23.55 23.05 23.20 
2016/10/13 23.30 23.55 22.90 23.45 
2016/10/14 23.60 23.60 22.70 22.85 
2016/10/17 23.05 23.65 22.90 23.30 
2016/10/18 23.30 23.70 23.20 23.45 
2016/10/19 23.40 23.55 23.25 23.25 
2016/10/20 23.25 23.40 22.90 23.00 
2016/10/21 23.10 23.30 22.90 22.90 
2016/10/24 23.15 23.40 22.90 23.30 
2016/10/25 23.50 23.50 23.05 23.05 
2016/10/26 23.10 23.30 23.00 23.00 
2016/10/27 23.15 23.20 22.80 22.80 
2016/10/28 22.90 23.00 22.60 22.70 
2016/10/31 22.60 22.70 22.50 22.50 
2016/11/01 22.55 22.65 22.40 22.40 
2016/11/02 22.35 22.35 21.55 21.60 
2016/11/03 21.60 21.70 20.75 20.80 
2016/11/04 21.00 21.25 20.80 21.00 
2016/11/07 21.40 21.50 21.20 21.20 
2016/11/08 21.50 21.50 21.20 21.25 
2016/11/09 21.60 21.70 19.15 19.15 
2016/11/10 20.10 20.70 19.80 20.60 
2016/11/11 20.55 20.55 19.80 19.80 
2016/11/14 19.80 20.10 19.20 19.90 
2016/11/15 20.15 20.20 19.90 19.95 
2016/11/16 20.45 20.65 20.40 20.55 
2016/11/17 20.65 20.65 20.20 20.30 
2016/11/18 20.50 20.50 20.15 20.45 
2016/11/21 20.45 20.60 20.30 20.35 
2016/11/22 20.55 20.90 20.45 20.50 
2016/11/23 20.65 20.70 20.15 20.20 
2016/11/24 20.30 20.40 20.15 20.35 
2016/11/25 20.30 20.45 20.15 20.15 
2016/11/28 20.25 20.35 19.95 20.00 
2016/11/29 20.00 20.30 20.00 20.25 
2016/11/30 20.35 20.50 20.25 20.25 
2016/12/01 20.40 20.80 20.30 20.75 
2016/12/02 20.80 20.95 20.55 20.85 
2016/12/05 21.05 21.30 20.95 21.05 
2016/12/06 21.30 21.35 20.90 21.00 
2016/12/07 21.20 21.30 21.00 21.00 
2016/12/08 21.35 21.40 21.15 21.15 
2016/12/09 21.35 21.60 21.25 21.25 
2016/12/12 21.35 21.50 20.90 21.00 
2016/12/13 21.00 21.20 21.00 21.00 
2016/12/14 21.20 21.35 21.00 21.10 
2016/12/15 21.20 21.80 20.95 21.70 
2016/12/16 22.00 22.15 21.70 21.70 
2016/12/19 21.85 21.85 21.25 21.25 
2016/12/20 21.40 21.45 21.15 21.30 
2016/12/21 21.40 21.45 21.25 21.35 
2016/12/22 21.40 21.45 20.95 21.10 
2016/12/23 21.10 21.20 20.95 21.00 
2016/12/26 21.00 21.20 20.85 20.85 
2016/12/27 21.00 21.10 20.85 20.85 
2016/12/28 21.00 21.20 20.95 21.10 
2016/12/29 21.00 21.15 21.00 21.00 
2016/12/30 21.20 21.50 21.10 21.40 
2017/01/03 21.50 21.60 21.40 21.55 
2017/01/04 21.90 22.25 21.80 21.80 
2017/01/05 22.00 22.00 21.80 21.90 
2017/01/06 21.85 22.00 21.75 21.80 
2017/01/09 21.90 22.05 21.45 21.50 
2017/01/10 21.50 21.60 21.40 21.45 
2017/01/11 21.65 21.65 21.35 21.45 
2017/01/12 21.50 21.60 21.40 21.45 
2017/01/13 21.50 21.70 21.35 21.45 
2017/01/16 21.45 21.45 21.10 21.15 
2017/01/17 21.30 21.60 21.30 21.40 
2017/01/18 21.45 21.50 21.30 21.45 
2017/01/19 21.45 21.55 21.30 21.45 
2017/01/20 21.55 22.10 21.20 21.95 
2017/01/23 22.05 22.15 21.80 21.85 
2017/01/24 21.90 23.20 21.90 22.85 
2017/02/02 23.20 23.45 22.60 22.95 
2017/02/03 23.05 23.40 23.00 23.10 
2017/02/06 23.70 24.40 23.70 23.85 
2017/02/07 23.85 23.90 23.45 23.60 
2017/02/08 23.60 23.70 23.10 23.20 
