2016/07/01 11.90 12.00 11.65 11.90 
2016/07/04 11.80 11.85 11.55 11.85 
2016/07/05 11.85 11.85 11.75 11.75 
2016/07/06 11.80 11.90 11.80 11.80 
2016/07/07 11.60 12.30 11.60 12.30 
2016/07/11 12.25 12.25 12.00 12.15 
2016/07/12 12.15 12.25 11.85 12.25 
2016/07/13 12.25 12.45 11.90 12.45 
2016/07/14 12.40 12.60 12.15 12.60 
2016/07/15 12.40 12.95 12.40 12.95 
2016/07/18 13.00 13.20 12.85 13.10 
2016/07/19 13.05 13.05 12.90 12.90 
2016/07/20 12.80 12.80 12.65 12.65 
2016/07/21 12.40 12.50 12.40 12.50 
2016/07/22 12.35 12.65 12.35 12.50 
2016/07/25 12.50 12.80 12.10 12.80 
2016/07/26 12.55 12.70 12.50 12.50 
2016/07/27 12.50 12.75 12.45 12.50 
2016/07/28 12.45 12.60 12.40 12.40 
2016/07/29 12.40 12.65 12.40 12.65 
2016/08/01 12.60 12.65 12.60 12.65 
2016/08/02 12.35 12.90 12.35 12.90 
2016/08/03 12.70 12.85 12.65 12.85 
2016/08/04 12.85 13.00 12.60 13.00 
2016/08/05 13.00 13.00 12.75 12.85 
2016/08/08 12.80 12.90 12.80 12.85 
2016/08/09 12.95 12.95 12.80 12.85 
2016/08/10 12.85 12.90 12.75 12.80 
2016/08/11 12.80 12.80 12.70 12.75 
2016/08/12 12.75 12.80 12.70 12.80 
2016/08/15 12.50 12.55 12.40 12.55 
2016/08/16 12.50 12.85 12.10 12.85 
2016/08/17 12.80 12.80 12.50 12.80 
2016/08/18 12.50 12.70 12.50 12.70 
2016/08/19 12.55 12.70 12.50 12.50 
2016/08/22 12.45 12.50 12.45 12.50 
2016/08/23 12.50 12.55 12.50 12.50 
2016/08/24 12.40 12.85 12.40 12.85 
2016/08/25 12.65 12.80 12.50 12.80 
2016/08/26 12.80 12.80 12.40 12.40 
2016/08/29 12.40 12.75 12.35 12.75 
2016/08/30 12.60 12.90 12.40 12.85 
2016/08/31 12.50 12.65 12.45 12.65 
2016/09/01 12.50 12.50 12.40 12.40 
2016/09/02 12.80 12.80 12.50 12.70 
2016/09/05 12.45 12.50 12.45 12.50 
2016/09/06 12.50 12.60 12.15 12.60 
2016/09/07 12.50 12.60 12.40 12.60 
2016/09/08 12.45 12.55 12.40 12.55 
2016/09/09 12.65 12.65 12.50 12.50 
2016/09/10 12.25 12.80 12.25 12.80 
2016/09/12 12.60 12.60 12.25 12.25 
2016/09/13 12.15 12.65 12.15 12.65 
2016/09/14 12.35 12.40 12.35 12.35 
2016/09/19 12.40 12.45 12.25 12.45 
2016/09/20 12.45 12.45 12.20 12.25 
2016/09/21 12.20 12.45 12.15 12.40 
2016/09/22 12.40 12.40 12.25 12.30 
2016/09/23 12.15 12.30 12.10 12.30 
2016/09/26 12.20 12.30 12.10 12.30 
2016/09/29 12.05 12.05 12.05 12.05 
2016/09/30 11.90 12.40 11.90 12.40 
2016/10/03 12.40 12.40 12.15 12.40 
2016/10/04 12.15 12.40 12.10 12.40 
2016/10/05 12.15 12.30 12.05 12.25 
2016/10/06 12.00 12.00 12.00 12.00 
2016/10/07 11.95 11.95 11.90 11.90 
2016/10/11 11.85 11.85 11.20 11.85 
2016/10/12 11.50 11.85 11.50 11.50 
2016/10/13 12.25 12.25 11.75 11.75 
2016/10/14 11.75 11.75 11.20 11.20 
2016/10/17 11.20 11.20 11.15 11.15 
2016/10/18 11.05 11.40 11.05 11.40 
2016/10/19 11.45 11.60 11.40 11.60 
2016/10/20 11.25 11.60 11.25 11.60 
2016/10/21 11.30 11.65 11.10 11.60 
2016/10/24 11.15 11.15 11.05 11.10 
2016/10/25 11.10 11.10 11.10 11.10 
2016/10/26 11.10 11.10 10.70 11.10 
2016/10/27 10.75 11.05 10.75 10.80 
2016/10/28 10.75 10.75 10.50 10.50 
2016/10/31 10.05 10.30 9.71 10.30 
2016/11/01 10.00 10.25 10.00 10.25 
2016/11/02 10.10 10.20 10.00 10.20 
2016/11/03 10.05 10.15 10.00 10.15 
2016/11/04 10.15 10.15 10.00 10.00 
2016/11/07 10.00 10.00 9.86 9.95 
2016/11/08 9.76 10.00 9.40 9.50 
2016/11/09 9.60 9.95 9.00 9.95 
2016/11/10 9.89 9.93 9.60 9.93 
2016/11/11 9.56 9.56 9.05 9.32 
2016/11/14 9.03 9.30 8.99 9.30 
2016/11/15 8.85 9.00 8.85 9.00 
2016/11/16 8.52 8.90 8.37 8.90 
2016/11/17 8.65 8.84 8.50 8.84 
2016/11/18 8.51 8.55 8.40 8.50 
2016/11/21 8.51 8.63 8.51 8.55 
2016/11/22 8.51 8.65 8.31 8.55 
2016/11/23 8.40 8.40 8.40 8.40 
2016/11/24 8.30 8.30 8.17 8.24 
2016/11/25 8.25 8.25 8.20 8.25 
2016/11/28 8.10 8.20 7.80 7.92 
2016/11/29 7.92 7.95 7.80 7.95 
2016/11/30 8.00 8.20 8.00 8.20 
2016/12/01 8.10 8.75 8.10 8.75 
2016/12/02 8.35 9.62 8.35 9.62 
2016/12/05 10.55 10.55 10.30 10.55 
2016/12/06 11.00 11.60 11.00 11.60 
2016/12/07 11.70 12.10 11.00 11.00 
2016/12/08 10.00 10.85 9.90 10.80 
2016/12/09 10.60 10.60 10.20 10.20 
2016/12/12 10.35 10.35 10.15 10.20 
2016/12/13 10.20 10.50 10.20 10.50 
2016/12/14 10.65 10.85 10.45 10.80 
2016/12/15 10.80 10.80 10.55 10.55 
2016/12/16 10.55 10.55 10.30 10.35 
2016/12/19 10.45 10.70 10.45 10.60 
2016/12/20 10.60 10.60 10.50 10.50 
2016/12/21 10.50 10.70 10.20 10.30 
2016/12/22 10.20 10.20 10.00 10.00 
2016/12/23 9.83 10.05 9.83 10.00 
2016/12/26 9.80 10.10 9.80 10.10 
2016/12/27 10.05 10.05 10.05 10.05 
2016/12/28 9.55 10.10 9.55 10.00 
2016/12/29 9.99 9.99 9.74 9.74 
2016/12/30 9.75 9.99 9.75 9.97 
2017/01/03 9.97 10.05 9.96 10.00 
2017/01/04 10.00 10.00 9.70 9.77 
2017/01/05 9.85 9.98 9.75 9.98 
2017/01/06 10.00 10.25 10.00 10.20 
2017/01/09 9.86 10.00 9.85 9.85 
2017/01/10 9.65 9.93 9.65 9.93 
2017/01/11 9.50 9.93 9.50 9.90 
2017/01/12 9.73 9.73 9.56 9.56 
2017/01/13 9.56 10.00 9.56 9.80 
2017/01/16 9.71 9.80 9.68 9.68 
2017/01/17 9.68 9.75 9.57 9.75 
2017/01/18 9.53 9.75 9.50 9.74 
2017/01/19 9.54 9.55 9.54 9.55 
2017/01/20 9.45 9.51 9.45 9.50 
2017/01/23 9.50 9.50 9.47 9.50 
2017/01/24 9.20 9.63 9.20 9.44 
2017/02/02 9.58 9.58 9.43 9.43 
2017/02/03 9.85 9.85 9.42 9.49 
2017/02/06 9.49 9.50 9.42 9.50 
2017/02/07 9.68 9.68 9.40 9.49 
2017/02/08 9.35 9.47 9.35 9.36 
