2016/07/01 65.00 68.70 64.20 68.00 
2016/07/04 67.50 68.80 67.20 68.40 
2016/07/05 68.70 71.00 68.30 71.00 
2016/07/06 72.00 72.60 71.00 71.00 
2016/07/07 72.50 73.00 71.60 72.20 
2016/07/11 73.50 73.50 71.60 72.20 
2016/07/12 72.50 73.40 71.60 71.60 
2016/07/13 71.60 72.40 71.20 71.50 
2016/07/14 71.70 73.80 71.30 73.40 
2016/07/15 74.40 74.40 72.20 72.40 
2016/07/18 72.40 72.60 71.60 72.00 
2016/07/19 73.00 77.20 73.00 75.60 
2016/07/20 75.50 77.10 75.00 76.80 
2016/07/21 77.50 81.20 77.40 80.50 
2016/07/22 80.50 88.30 80.50 87.00 
2016/07/25 89.00 90.00 84.00 85.00 
2016/07/26 84.90 89.70 83.70 89.00 
2016/07/27 89.70 89.80 87.30 87.50 
2016/07/28 89.00 92.40 88.60 89.70 
2016/07/29 91.00 91.50 88.80 91.00 
2016/08/01 92.00 99.80 91.70 99.50 
2016/08/02 100.00 102.50 96.30 96.40 
2016/08/03 95.00 98.50 94.80 97.80 
2016/08/04 99.50 101.50 98.30 98.50 
2016/08/05 98.90 101.50 97.40 97.70 
2016/08/08 101.00 107.00 100.00 107.00 
2016/08/09 108.00 111.00 105.50 106.50 
2016/08/10 109.00 116.50 108.50 116.50 
2016/08/11 116.50 119.00 112.50 119.00 
2016/08/12 119.00 121.00 114.00 115.50 
2016/08/15 118.50 120.50 115.50 118.50 
2016/08/16 119.50 120.50 114.50 119.50 
2016/08/17 118.50 118.50 116.00 117.00 
2016/08/18 118.00 120.50 115.50 118.50 
2016/08/19 120.50 122.50 116.50 116.50 
2016/08/22 115.00 115.00 107.50 110.00 
2016/08/23 112.00 114.00 110.50 114.00 
2016/08/24 114.00 114.00 111.50 112.50 
2016/08/25 113.50 113.50 110.00 113.00 
2016/08/26 113.00 116.00 112.00 115.00 
2016/08/29 115.50 117.50 114.00 114.50 
2016/08/30 114.50 116.00 112.00 114.50 
2016/08/31 114.00 119.00 114.00 119.00 
2016/09/01 119.50 120.00 115.00 116.00 
2016/09/02 115.00 116.00 109.50 112.50 
2016/09/05 113.50 115.50 112.00 115.50 
2016/09/06 118.50 119.00 114.50 114.50 
2016/09/07 114.50 117.00 113.50 116.50 
2016/09/08 116.50 119.00 115.50 118.00 
2016/09/09 116.50 118.00 115.00 117.50 
2016/09/10 113.50 115.00 111.50 112.00 
2016/09/12 110.50 112.50 109.00 109.50 
2016/09/13 112.00 112.50 108.50 110.00 
2016/09/14 109.00 109.50 104.00 108.00 
2016/09/19 112.00 112.50 110.50 112.00 
2016/09/20 111.00 113.50 110.00 113.50 
2016/09/21 112.00 113.00 111.50 112.00 
2016/09/22 113.00 113.50 111.00 111.00 
2016/09/23 111.00 120.00 111.00 119.50 
2016/09/26 120.00 120.50 118.00 118.50 
2016/09/29 120.00 120.50 116.50 116.50 
2016/09/30 117.00 124.00 116.50 123.00 
2016/10/03 124.50 135.00 123.50 135.00 
2016/10/04 135.00 139.50 132.50 133.00 
2016/10/05 134.50 138.00 133.50 136.50 
2016/10/06 138.00 138.00 131.50 132.00 
2016/10/07 133.00 133.00 126.50 127.50 
2016/10/11 128.00 130.50 119.50 121.50 
2016/10/12 121.50 124.00 121.00 123.00 
2016/10/13 122.50 123.00 116.50 117.00 
2016/10/14 116.50 121.00 116.00 116.50 
2016/10/17 116.50 117.50 112.50 116.00 
2016/10/18 115.50 116.50 112.00 113.50 
2016/10/19 114.00 117.50 114.00 114.00 
2016/10/20 115.50 117.50 114.50 115.00 
2016/10/21 116.00 118.00 114.50 116.50 
2016/10/24 119.00 127.50 119.00 124.50 
2016/10/25 128.50 130.50 126.00 128.50 
2016/10/26 126.50 128.00 126.00 127.00 
2016/10/27 127.50 128.50 123.50 127.50 
2016/10/28 131.50 132.50 123.00 123.00 
2016/10/31 122.00 123.00 119.50 122.00 
2016/11/01 121.50 125.50 120.00 124.00 
2016/11/02 123.00 124.00 119.00 119.00 
2016/11/03 119.50 121.50 113.00 115.50 
2016/11/04 115.50 117.50 113.00 115.00 
2016/11/07 119.00 122.00 117.50 122.00 
2016/11/08 122.00 122.00 119.00 119.00 
2016/11/09 120.50 121.50 110.50 112.50 
2016/11/10 118.00 122.00 116.00 120.00 
2016/11/11 116.50 117.50 114.00 116.00 
2016/11/14 115.00 115.50 109.00 110.50 
2016/11/15 109.00 109.50 105.50 107.50 
2016/11/16 110.00 112.50 110.00 110.50 
2016/11/17 112.00 113.50 109.50 113.50 
2016/11/18 113.50 116.50 112.50 115.50 
2016/11/21 116.50 118.00 115.50 118.00 
2016/11/22 119.50 124.50 119.50 124.00 
2016/11/23 124.50 126.00 121.00 122.00 
2016/11/24 121.50 123.00 121.00 122.50 
2016/11/25 121.50 122.00 119.50 120.50 
2016/11/28 121.50 123.50 121.00 121.00 
2016/11/29 121.00 122.00 119.00 121.50 
2016/11/30 121.00 122.50 120.50 121.50 
2016/12/01 121.50 126.50 121.50 125.50 
2016/12/02 124.00 125.00 122.00 122.50 
2016/12/05 124.00 128.00 122.50 127.00 
2016/12/06 130.00 131.00 124.50 125.00 
2016/12/07 126.50 128.50 126.00 127.50 
2016/12/08 129.00 130.00 125.50 125.50 
2016/12/09 125.50 126.00 124.00 125.50 
2016/12/12 126.50 128.50 125.00 125.00 
2016/12/13 125.50 126.50 123.00 123.50 
2016/12/14 124.00 124.50 122.50 123.00 
2016/12/15 123.00 126.00 122.00 124.50 
2016/12/16 126.00 130.00 125.00 125.50 
2016/12/19 127.50 128.00 124.50 124.50 
2016/12/20 126.00 126.00 123.00 125.00 
2016/12/21 125.50 126.00 123.50 125.00 
2016/12/22 126.00 126.50 123.50 123.50 
2016/12/23 123.00 123.50 117.50 118.00 
2016/12/26 118.00 119.00 116.50 119.00 
2016/12/27 120.00 120.00 117.00 118.00 
2016/12/28 118.00 120.50 117.50 119.00 
2016/12/29 119.00 120.50 118.00 120.00 
2016/12/30 120.00 121.50 119.50 121.50 
2017/01/03 122.00 124.00 121.00 122.50 
2017/01/04 122.50 123.00 121.00 121.00 
2017/01/05 121.00 122.50 120.00 120.00 
2017/01/06 122.50 123.50 119.00 119.00 
2017/01/09 119.50 120.00 117.50 117.50 
2017/01/10 117.50 121.00 117.50 120.50 
2017/01/11 122.00 122.00 120.00 120.50 
2017/01/12 121.50 121.50 119.50 120.00 
2017/01/13 119.00 121.00 119.00 120.00 
2017/01/16 120.00 122.50 119.50 122.00 
2017/01/17 123.00 125.50 122.50 123.00 
2017/01/18 123.50 133.50 123.50 131.50 
2017/01/19 133.50 138.50 130.50 131.50 
2017/01/20 132.50 134.50 128.00 128.50 
2017/01/23 130.50 132.00 128.50 132.00 
2017/01/24 133.00 133.50 130.00 130.00 
2017/02/02 132.00 133.50 130.50 131.00 
2017/02/03 132.50 132.50 128.00 129.00 
2017/02/06 129.00 129.00 125.00 125.50 
2017/02/07 126.00 128.00 123.50 126.50 
2017/02/08 126.00 126.50 124.50 125.00 
