2016/07/01 8.29 8.31 8.29 8.31 
2016/07/04 8.33 8.33 8.30 8.30 
2016/07/05 8.28 8.28 8.16 8.16 
2016/07/06 8.18 8.35 8.16 8.16 
2016/07/07 8.24 8.25 8.16 8.25 
2016/07/11 8.27 8.50 8.27 8.40 
2016/07/13 8.95 8.95 8.21 8.21 
2016/07/14 8.21 8.46 8.21 8.46 
2016/07/15 8.15 8.48 7.85 8.42 
2016/07/19 8.13 8.13 8.01 8.13 
2016/07/20 8.13 8.15 8.13 8.15 
2016/07/21 8.24 8.24 8.22 8.22 
2016/07/25 8.28 8.28 8.11 8.11 
2016/07/27 8.11 8.30 8.11 8.20 
2016/07/28 8.09 8.30 8.09 8.30 
2016/07/29 8.30 8.30 8.30 8.30 
2016/08/01 8.27 8.27 8.27 8.27 
2016/08/02 8.10 8.10 8.10 8.10 
2016/08/03 8.10 8.10 7.90 8.05 
2016/08/04 7.32 7.32 7.32 7.32 
2016/08/05 7.83 7.83 7.70 7.70 
2016/08/08 7.70 7.70 7.70 7.70 
2016/08/09 7.68 7.85 7.67 7.84 
2016/08/10 7.96 8.61 7.96 8.20 
2016/08/12 7.85 8.20 7.85 7.87 
2016/08/15 7.69 8.19 7.66 8.19 
2016/08/16 7.88 8.20 7.88 8.20 
2016/08/17 7.97 9.00 7.97 8.98 
2016/08/18 9.00 9.00 8.36 8.36 
2016/08/19 8.34 8.58 8.13 8.13 
2016/08/22 8.12 8.25 7.81 7.81 
2016/08/23 8.21 8.21 7.78 8.10 
2016/08/24 7.88 8.11 7.88 8.11 
2016/08/25 7.93 8.33 7.93 8.30 
2016/08/26 8.05 8.69 8.03 8.69 
2016/08/29 8.60 8.89 8.30 8.89 
2016/08/31 8.76 9.54 8.62 9.30 
2016/09/01 8.82 9.30 8.82 9.30 
2016/09/02 8.83 8.83 8.83 8.83 
2016/09/05 7.95 8.66 7.95 8.66 
2016/09/06 8.20 8.21 8.20 8.20 
2016/09/07 8.25 9.02 8.25 9.00 
2016/09/08 8.95 9.66 8.95 9.49 
2016/09/09 9.49 9.98 9.20 9.79 
2016/09/10 8.84 9.47 8.84 9.05 
2016/09/12 8.67 8.68 8.67 8.68 
2016/09/13 9.32 9.32 8.80 8.80 
2016/09/14 8.80 9.08 8.80 9.05 
2016/09/19 9.21 9.21 9.05 9.05 
2016/09/20 8.80 8.82 8.70 8.82 
2016/09/21 8.25 8.78 8.25 8.78 
2016/09/22 8.45 8.51 8.45 8.51 
2016/09/23 8.27 8.68 8.22 8.68 
2016/09/26 8.30 8.62 8.30 8.62 
2016/09/29 8.32 8.32 8.32 8.32 
2016/09/30 8.61 8.61 8.50 8.50 
2016/10/05 8.35 8.59 8.15 8.15 
2016/10/06 8.00 8.30 8.00 8.23 
2016/10/07 8.23 8.40 8.20 8.38 
2016/10/11 8.25 8.45 8.16 8.45 
2016/10/12 8.45 8.45 8.30 8.40 
2016/10/14 8.21 8.45 8.21 8.45 
2016/10/17 8.44 8.44 8.20 8.20 
2016/10/18 8.19 8.19 8.19 8.19 
2016/10/19 8.47 8.47 8.13 8.42 
2016/10/20 8.22 8.35 8.00 8.12 
2016/10/21 8.03 8.05 8.03 8.05 
2016/10/24 8.25 8.39 8.25 8.39 
2016/10/25 8.20 8.20 8.20 8.20 
2016/10/26 8.20 8.20 8.20 8.20 
2016/10/27 8.24 8.25 8.24 8.25 
2016/10/28 8.25 8.60 8.25 8.60 
2016/10/31 8.69 8.69 8.60 8.69 
2016/11/02 8.65 8.65 8.64 8.65 
2016/11/03 9.20 9.20 8.62 8.62 
2016/11/04 8.72 8.73 8.70 8.70 
2016/11/07 8.68 8.70 8.68 8.70 
2016/11/08 8.60 8.90 8.40 8.90 
2016/11/09 8.80 8.80 8.30 8.55 
2016/11/10 8.60 8.90 8.51 8.71 
2016/11/11 8.60 8.85 8.50 8.75 
2016/11/14 8.59 9.30 8.59 9.30 
2016/11/15 8.80 8.80 8.50 8.52 
2016/11/16 8.60 8.77 8.60 8.77 
2016/11/17 8.77 8.77 8.32 8.77 
2016/11/18 8.50 8.51 8.21 8.50 
2016/11/21 8.40 8.51 8.40 8.51 
2016/11/22 8.50 9.20 8.46 8.76 
2016/11/23 9.19 9.20 8.70 8.80 
2016/11/24 8.69 8.98 8.52 8.98 
2016/11/25 8.70 9.00 8.60 8.90 
2016/11/28 8.60 8.90 8.43 8.90 
2016/11/29 8.60 8.86 8.60 8.78 
2016/11/30 8.60 8.85 8.45 8.80 
2016/12/01 8.50 8.84 8.50 8.79 
2016/12/02 8.60 8.80 8.60 8.80 
2016/12/05 8.60 8.80 8.51 8.80 
2016/12/06 8.60 8.85 8.60 8.80 
2016/12/07 8.60 8.70 8.60 8.70 
2016/12/08 8.50 8.95 8.50 8.55 
2016/12/09 8.49 8.69 8.49 8.69 
2016/12/12 8.71 8.75 7.90 8.75 
2016/12/13 8.60 8.75 8.57 8.75 
2016/12/14 8.60 8.80 8.41 8.60 
2016/12/15 8.50 8.70 8.50 8.70 
2016/12/16 8.50 9.40 8.49 9.00 
2016/12/19 9.00 9.06 8.66 8.99 
2016/12/20 8.70 8.98 8.63 8.90 
2016/12/21 8.75 8.90 8.65 8.90 
2016/12/22 8.70 8.87 8.70 8.87 
2016/12/23 8.70 8.75 8.66 8.70 
2016/12/26 8.50 8.69 8.45 8.69 
2016/12/27 8.52 8.79 8.52 8.78 
2016/12/28 8.50 8.69 8.41 8.45 
2016/12/29 8.69 8.69 8.16 8.20 
2016/12/30 8.12 8.99 8.12 8.93 
2017/01/03 8.93 8.93 8.59 8.87 
2017/01/04 8.60 8.86 8.59 8.68 
2017/01/05 8.50 8.78 8.50 8.78 
2017/01/06 8.65 9.65 8.65 9.65 
2017/01/09 9.90 10.15 9.30 9.89 
2017/01/10 9.90 9.90 9.30 9.53 
2017/01/11 9.53 9.67 9.31 9.64 
2017/01/12 9.45 9.50 9.41 9.45 
2017/01/13 9.45 9.50 9.33 9.50 
2017/01/16 9.50 9.60 9.50 9.55 
2017/01/17 9.41 9.63 9.41 9.55 
2017/01/18 9.50 9.74 9.45 9.55 
2017/01/19 9.55 9.60 9.43 9.60 
2017/01/20 9.53 9.66 9.46 9.64 
2017/01/23 9.59 9.85 9.41 9.82 
2017/01/24 9.70 9.85 9.70 9.85 
2017/02/02 9.82 10.00 9.82 9.92 
2017/02/03 9.92 9.99 9.78 9.99 
2017/02/06 9.99 9.99 9.80 9.95 
2017/02/07 9.59 9.98 9.48 9.48 
2017/02/08 9.32 9.90 9.32 9.43 
