2016/07/01 37.75 38.05 37.75 38.00 
2016/07/04 38.00 38.10 37.80 38.00 
2016/07/05 38.00 38.00 37.65 37.65 
2016/07/06 37.50 37.60 37.15 37.15 
2016/07/07 37.50 37.90 37.50 37.55 
2016/07/11 37.80 37.90 37.50 37.80 
2016/07/12 37.90 38.00 37.75 37.90 
2016/07/13 38.00 38.00 37.80 37.90 
2016/07/14 37.90 38.00 37.85 38.00 
2016/07/15 38.00 38.00 37.85 37.95 
2016/07/18 37.95 38.05 37.85 38.00 
2016/07/19 38.10 38.10 37.85 37.95 
2016/07/20 38.00 38.00 37.90 37.95 
2016/07/21 38.00 38.90 38.00 38.35 
2016/07/22 38.35 38.60 38.35 38.55 
2016/07/25 38.85 38.85 38.20 38.50 
2016/07/26 38.50 38.50 38.25 38.45 
2016/07/27 38.60 38.65 38.30 38.60 
2016/07/28 38.65 39.00 38.55 39.00 
2016/07/29 39.00 39.35 39.00 39.20 
2016/08/01 39.10 39.85 39.10 39.80 
2016/08/02 40.00 40.35 40.00 40.20 
2016/08/03 39.75 40.20 39.70 40.00 
2016/08/04 40.10 40.30 39.95 40.05 
2016/08/05 40.20 40.65 40.20 40.40 
2016/08/08 40.80 40.85 40.45 40.60 
2016/08/09 40.90 41.60 40.70 41.30 
2016/08/10 41.45 41.85 41.00 41.75 
2016/08/11 41.60 42.00 41.00 41.10 
2016/08/12 41.25 41.35 41.20 41.25 
2016/08/15 41.60 41.60 40.70 41.00 
2016/08/16 41.15 41.30 40.90 41.20 
2016/08/17 41.05 41.20 40.80 41.20 
2016/08/18 41.20 41.45 40.75 41.30 
2016/08/19 41.30 41.40 41.10 41.15 
2016/08/22 41.10 41.10 40.60 40.65 
2016/08/23 40.60 40.75 40.40 40.65 
2016/08/24 40.80 40.95 40.70 40.80 
2016/08/25 38.90 39.00 38.70 39.00 
2016/08/26 39.00 39.00 38.80 38.80 
2016/08/29 38.65 38.80 38.50 38.80 
2016/08/30 38.90 39.00 38.80 38.95 
2016/08/31 39.00 39.00 38.55 38.65 
2016/09/01 38.65 38.75 38.10 38.25 
2016/09/02 38.40 38.50 37.50 38.00 
2016/09/05 38.35 38.65 38.20 38.55 
2016/09/06 38.75 39.00 38.65 39.00 
2016/09/07 39.25 39.30 38.90 39.05 
2016/09/08 39.30 39.90 39.25 39.85 
2016/09/09 39.80 39.95 39.50 39.90 
2016/09/10 39.55 39.55 39.25 39.35 
2016/09/12 39.05 39.60 39.05 39.35 
2016/09/13 39.35 39.65 38.90 39.25 
2016/09/14 39.10 39.90 38.95 39.90 
2016/09/19 40.00 40.10 39.80 40.00 
2016/09/20 40.00 40.40 39.90 40.00 
2016/09/21 40.00 40.00 39.80 39.85 
2016/09/22 40.05 40.25 39.80 40.00 
2016/09/23 40.05 40.10 39.70 40.00 
2016/09/26 40.00 40.00 39.70 39.95 
2016/09/29 40.00 40.20 39.80 39.95 
2016/09/30 40.00 40.00 39.50 39.90 
2016/10/03 39.75 39.85 39.55 39.65 
2016/10/04 39.60 39.65 39.35 39.60 
2016/10/05 39.60 40.95 39.50 40.30 
2016/10/06 40.10 40.30 39.75 40.00 
2016/10/07 40.95 40.95 40.10 40.40 
2016/10/11 40.55 40.60 39.10 40.00 
2016/10/12 39.80 39.85 39.45 39.65 
2016/10/13 39.40 39.65 39.15 39.65 
2016/10/14 39.40 39.55 38.70 39.40 
2016/10/17 39.45 39.45 38.90 39.40 
2016/10/18 39.35 39.35 39.00 39.25 
2016/10/19 39.05 39.40 39.00 39.40 
2016/10/20 39.40 39.45 38.95 39.40 
2016/10/21 39.35 39.40 39.05 39.35 
2016/10/24 39.30 39.85 39.25 39.40 
2016/10/25 39.40 39.70 39.25 39.40 
2016/10/26 39.35 39.85 39.30 39.70 
2016/10/27 39.50 40.00 39.50 39.65 
2016/10/28 39.55 39.95 39.50 39.70 
2016/10/31 39.40 39.85 39.40 39.85 
2016/11/01 39.80 39.80 39.50 39.70 
2016/11/02 39.60 39.60 39.25 39.50 
2016/11/03 39.35 39.50 38.90 39.00 
2016/11/04 39.00 39.15 38.70 38.90 
2016/11/07 39.25 39.25 38.85 38.95 
2016/11/08 39.10 39.25 38.80 38.90 
2016/11/09 39.00 39.00 37.15 37.15 
2016/11/10 38.15 38.55 38.05 38.50 
2016/11/11 38.30 38.50 37.75 38.50 
2016/11/14 38.15 38.45 37.95 38.15 
2016/11/15 37.95 38.15 37.95 38.00 
2016/11/16 38.00 38.30 38.00 38.15 
2016/11/17 38.15 38.20 37.80 38.20 
2016/11/18 38.20 38.50 38.00 38.45 
2016/11/21 38.70 38.70 38.35 38.50 
2016/11/22 38.50 38.80 38.50 38.80 
2016/11/23 38.80 39.05 38.75 39.05 
2016/11/24 39.05 39.05 38.85 39.05 
2016/11/25 39.05 39.05 38.65 38.90 
2016/11/28 38.85 38.95 38.75 38.80 
2016/11/29 38.80 38.90 38.45 38.50 
2016/11/30 38.65 38.65 38.25 38.50 
2016/12/01 38.50 38.50 38.25 38.35 
2016/12/02 38.15 38.35 38.00 38.35 
2016/12/05 38.30 38.30 38.05 38.15 
2016/12/06 38.30 38.40 38.05 38.30 
2016/12/07 38.40 38.40 38.15 38.30 
2016/12/08 38.40 38.80 38.40 38.80 
2016/12/09 38.65 38.80 38.45 38.75 
2016/12/12 38.80 38.80 38.30 38.45 
2016/12/13 38.55 38.75 38.20 38.55 
2016/12/14 38.45 38.70 38.45 38.50 
2016/12/15 38.60 38.70 38.50 38.65 
2016/12/16 38.65 38.90 38.65 38.90 
2016/12/19 38.90 38.90 38.65 38.80 
2016/12/20 38.80 38.85 38.40 38.80 
2016/12/21 38.60 38.80 38.45 38.80 
2016/12/22 38.60 38.75 38.55 38.75 
2016/12/23 38.50 38.75 38.50 38.70 
2016/12/26 38.70 38.70 38.40 38.45 
2016/12/27 38.40 38.55 38.35 38.45 
2016/12/28 38.50 38.65 38.45 38.45 
2016/12/29 38.45 38.70 38.40 38.55 
2016/12/30 38.50 39.00 38.50 39.00 
2017/01/03 39.00 39.00 38.65 38.80 
2017/01/04 38.80 38.85 38.55 38.60 
2017/01/05 38.65 38.90 38.50 38.90 
2017/01/06 38.90 38.95 38.65 38.80 
2017/01/09 38.90 39.85 38.90 39.40 
2017/01/10 39.40 39.60 39.30 39.55 
2017/01/11 39.70 39.70 39.40 39.50 
2017/01/12 39.85 39.85 39.55 39.60 
2017/01/13 39.60 39.70 39.40 39.70 
2017/01/16 39.50 39.50 38.90 39.10 
2017/01/17 39.10 39.40 39.05 39.40 
2017/01/18 39.30 39.45 39.15 39.20 
2017/01/19 39.20 39.30 39.10 39.15 
2017/01/20 39.15 39.65 39.15 39.50 
2017/01/23 39.40 39.65 39.40 39.65 
2017/01/24 39.80 39.95 39.50 39.55 
2017/02/02 39.60 39.65 39.20 39.50 
2017/02/03 39.50 39.85 39.50 39.80 
2017/02/06 39.80 40.20 39.80 40.00 
2017/02/07 40.00 40.05 39.80 40.00 
2017/02/08 40.15 40.15 39.95 40.10 
