2016/07/01 8.21 8.21 7.92 7.98 
2016/07/04 8.06 8.06 7.78 7.96 
2016/07/05 8.05 8.05 7.80 7.80 
2016/07/06 7.90 7.90 7.61 7.70 
2016/07/07 7.78 7.78 7.60 7.70 
2016/07/11 7.82 7.82 7.66 7.72 
2016/07/12 7.72 7.82 7.70 7.76 
2016/07/13 7.72 7.78 7.72 7.78 
2016/07/14 7.78 7.91 7.75 7.88 
2016/07/15 7.88 7.88 7.65 7.78 
2016/07/18 7.71 7.75 7.71 7.75 
2016/07/19 7.62 7.67 7.58 7.63 
2016/07/20 7.63 7.76 7.54 7.61 
2016/07/21 7.61 7.69 7.61 7.65 
2016/07/22 7.66 7.66 7.55 7.65 
2016/07/25 7.70 7.71 7.61 7.61 
2016/07/26 7.62 7.62 7.51 7.60 
2016/07/27 7.70 7.70 7.50 7.51 
2016/07/28 7.42 7.52 7.42 7.52 
2016/07/29 7.52 7.66 7.36 7.36 
2016/08/01 7.45 7.59 7.45 7.56 
2016/08/02 7.56 7.81 7.55 7.63 
2016/08/03 7.42 7.60 7.42 7.60 
2016/08/04 7.60 7.60 7.43 7.44 
2016/08/05 7.44 7.72 7.40 7.55 
2016/08/08 7.55 7.55 7.40 7.50 
2016/08/09 7.49 7.55 7.42 7.43 
2016/08/10 7.69 7.69 7.44 7.50 
2016/08/11 7.50 7.59 7.38 7.48 
2016/08/12 7.52 7.70 7.49 7.62 
2016/08/15 7.70 7.71 7.40 7.50 
2016/08/16 7.40 7.50 7.40 7.50 
2016/08/17 7.42 7.64 7.42 7.59 
2016/08/18 7.68 7.68 7.45 7.63 
2016/08/19 7.65 7.67 7.49 7.54 
2016/08/22 7.67 7.67 7.45 7.53 
2016/08/23 7.55 7.55 7.49 7.55 
2016/08/24 7.55 7.55 7.49 7.52 
2016/08/25 7.52 7.60 7.50 7.60 
2016/08/26 7.54 7.60 7.54 7.60 
2016/08/29 7.52 7.62 7.52 7.59 
2016/08/30 7.59 7.59 7.50 7.53 
2016/08/31 7.52 7.61 7.52 7.60 
2016/09/01 7.59 8.30 7.59 7.77 
2016/09/02 7.79 7.85 7.67 7.79 
2016/09/05 7.79 7.83 7.70 7.82 
2016/09/06 7.82 7.88 7.74 7.76 
2016/09/07 7.55 7.70 7.55 7.61 
2016/09/08 7.62 7.74 7.62 7.65 
2016/09/09 7.66 7.69 7.61 7.66 
2016/09/10 7.60 7.60 7.51 7.60 
2016/09/12 7.60 7.60 7.51 7.58 
2016/09/13 7.50 7.56 7.48 7.48 
2016/09/14 7.39 7.56 7.39 7.52 
2016/09/19 7.50 7.52 7.47 7.48 
2016/09/20 7.48 7.75 7.45 7.45 
2016/09/21 7.52 7.57 7.35 7.43 
2016/09/22 7.43 7.44 7.25 7.30 
2016/09/23 7.40 7.40 7.25 7.32 
2016/09/26 7.25 7.25 7.18 7.23 
2016/09/29 7.20 7.22 7.18 7.18 
2016/09/30 7.18 7.18 7.00 7.10 
2016/10/03 7.09 7.09 7.05 7.05 
2016/10/04 7.15 7.75 7.15 7.75 
2016/10/05 7.64 7.88 7.61 7.64 
2016/10/06 7.53 7.58 7.37 7.37 
2016/10/07 7.27 7.46 7.27 7.31 
2016/10/11 7.25 7.27 7.05 7.05 
2016/10/12 7.07 7.20 7.07 7.16 
2016/10/13 7.16 7.20 7.10 7.10 
2016/10/14 7.10 7.13 7.05 7.05 
2016/10/17 7.05 7.17 7.05 7.16 
2016/10/18 7.10 7.21 7.10 7.21 
2016/10/19 7.16 7.17 7.16 7.17 
2016/10/20 7.25 7.25 7.07 7.08 
2016/10/21 7.08 7.19 7.08 7.08 
2016/10/24 7.06 7.21 7.06 7.10 
2016/10/25 7.12 7.15 7.07 7.10 
2016/10/26 7.12 7.12 7.09 7.09 
2016/10/27 7.09 7.10 7.05 7.10 
2016/10/28 7.06 7.11 7.03 7.05 
2016/10/31 7.00 7.08 7.00 7.05 
2016/11/01 7.05 7.10 7.00 7.02 
2016/11/02 7.02 7.02 6.66 6.98 
2016/11/03 6.90 6.90 6.60 6.85 
2016/11/04 6.85 6.85 6.69 6.81 
2016/11/07 6.72 6.94 6.72 6.94 
2016/11/08 6.77 6.87 6.77 6.87 
2016/11/09 6.88 6.90 6.39 6.74 
2016/11/10 6.78 6.88 6.66 6.82 
2016/11/11 6.86 6.86 6.68 6.80 
2016/11/14 6.65 6.80 6.60 6.63 
2016/11/15 6.63 6.67 6.55 6.64 
2016/11/16 6.57 6.64 6.57 6.59 
2016/11/17 6.59 6.59 6.40 6.57 
2016/11/18 6.57 6.57 6.38 6.49 
2016/11/21 6.48 6.54 6.40 6.50 
2016/11/22 6.50 6.50 6.35 6.37 
2016/11/23 6.35 6.50 6.31 6.35 
2016/11/24 6.35 6.39 6.30 6.31 
2016/11/25 6.33 6.33 6.15 6.20 
2016/11/28 6.19 6.20 6.07 6.17 
2016/11/29 6.30 6.30 6.00 6.12 
2016/11/30 6.23 6.23 6.00 6.08 
2016/12/01 6.10 6.10 6.02 6.06 
2016/12/02 6.00 6.01 5.86 5.93 
2016/12/05 5.85 5.92 5.83 5.84 
2016/12/06 5.80 5.95 5.80 5.90 
2016/12/07 5.90 6.09 5.90 6.07 
2016/12/08 6.07 6.15 6.00 6.06 
2016/12/09 6.01 6.09 5.90 5.95 
2016/12/12 6.45 6.45 6.08 6.08 
2016/12/13 6.18 6.27 6.09 6.18 
2016/12/14 6.20 6.26 6.13 6.13 
2016/12/15 6.19 6.19 6.09 6.13 
2016/12/16 6.18 6.18 6.10 6.13 
2016/12/19 6.13 6.23 6.05 6.05 
2016/12/20 6.17 6.30 6.16 6.19 
2016/12/21 6.28 6.28 6.10 6.20 
2016/12/22 6.10 6.17 6.09 6.17 
2016/12/23 6.08 6.10 6.06 6.10 
2016/12/26 6.09 6.12 6.05 6.11 
2016/12/27 6.06 6.10 6.05 6.08 
2016/12/28 6.08 6.24 6.08 6.10 
2016/12/29 6.10 6.21 6.10 6.17 
2016/12/30 6.22 6.24 6.16 6.17 
2017/01/03 6.30 6.30 6.12 6.16 
2017/01/04 6.16 6.17 6.10 6.16 
2017/01/05 6.28 6.28 6.10 6.18 
2017/01/06 6.11 6.21 6.10 6.15 
2017/01/09 6.20 6.20 6.00 6.10 
2017/01/10 6.10 6.12 6.02 6.02 
2017/01/11 6.10 6.10 6.02 6.04 
2017/01/12 6.05 6.15 6.01 6.06 
2017/01/13 6.06 6.10 6.02 6.06 
2017/01/16 6.05 6.07 6.03 6.07 
2017/01/17 6.05 6.09 6.00 6.08 
2017/01/18 6.04 6.10 6.03 6.10 
2017/01/19 6.06 6.14 6.02 6.09 
2017/01/20 6.04 6.12 6.04 6.09 
2017/01/23 6.09 6.20 6.08 6.12 
2017/01/24 6.14 6.14 6.09 6.12 
2017/02/02 6.14 6.14 6.08 6.10 
2017/02/03 6.14 6.37 6.14 6.28 
2017/02/06 6.30 6.36 6.27 6.30 
2017/02/07 6.31 6.93 6.30 6.93 
2017/02/08 6.94 7.62 6.94 7.30 
