2016/07/01 13.25 13.50 13.20 13.45 
2016/07/04 13.50 14.10 13.50 14.00 
2016/07/05 14.15 14.40 13.90 14.05 
2016/07/06 14.05 14.05 13.75 13.80 
2016/07/07 13.95 14.00 13.70 13.95 
2016/07/11 14.05 14.85 14.00 14.85 
2016/07/12 14.90 14.95 14.60 14.70 
2016/07/13 14.90 14.90 14.65 14.75 
2016/07/14 14.75 14.80 14.25 14.50 
2016/07/15 14.80 14.90 14.55 14.65 
2016/07/18 14.75 14.80 14.45 14.55 
2016/07/19 14.70 14.70 14.35 14.45 
2016/07/20 14.45 15.20 14.45 15.15 
2016/07/21 15.50 15.55 15.10 15.10 
2016/07/22 15.30 15.50 15.10 15.30 
2016/07/25 15.40 15.50 14.80 14.90 
2016/07/26 15.35 16.35 14.70 14.70 
2016/07/27 14.75 15.20 14.50 14.75 
2016/07/28 14.80 14.80 14.15 14.35 
2016/07/29 14.55 14.70 14.00 14.05 
2016/08/01 14.00 14.20 13.90 14.00 
2016/08/02 14.00 14.05 13.70 13.90 
2016/08/03 13.90 13.90 13.70 13.75 
2016/08/04 13.80 14.15 13.65 14.10 
2016/08/05 14.10 14.15 13.95 14.05 
2016/08/08 14.00 14.10 13.80 13.80 
2016/08/09 13.80 13.90 13.50 13.50 
2016/08/10 13.35 13.45 13.00 13.20 
2016/08/11 13.25 13.40 13.05 13.15 
2016/08/12 13.35 13.35 13.15 13.20 
2016/08/15 13.20 13.60 13.15 13.60 
2016/08/16 13.55 13.90 13.55 13.90 
2016/08/17 13.90 13.90 13.75 13.75 
2016/08/18 13.75 14.00 13.70 13.85 
2016/08/19 13.90 14.10 13.75 13.75 
2016/08/22 13.70 13.80 13.70 13.70 
2016/08/23 13.85 13.95 13.80 13.85 
2016/08/24 13.85 13.90 13.70 13.70 
2016/08/25 13.50 13.60 13.10 13.40 
2016/08/26 13.25 13.35 13.20 13.30 
2016/08/29 13.20 13.45 13.20 13.30 
2016/08/30 13.30 13.40 13.30 13.35 
2016/08/31 13.35 13.35 13.15 13.20 
2016/09/01 13.15 13.45 13.15 13.35 
2016/09/02 13.25 13.25 13.00 13.15 
2016/09/05 13.05 13.05 12.75 12.90 
2016/09/06 12.90 13.10 12.70 13.05 
2016/09/07 13.05 13.20 13.00 13.10 
2016/09/08 13.00 13.50 12.90 13.20 
2016/09/09 13.20 13.25 13.10 13.20 
2016/09/10 13.10 13.10 12.85 13.00 
2016/09/12 12.90 13.00 12.65 12.65 
2016/09/13 12.65 12.85 12.65 12.70 
2016/09/14 12.55 12.65 12.40 12.50 
2016/09/19 12.60 12.80 12.60 12.75 
2016/09/20 12.75 12.80 12.55 12.70 
2016/09/21 12.60 12.80 12.60 12.65 
2016/09/22 12.70 12.85 12.65 12.70 
2016/09/23 12.70 12.85 12.65 12.80 
2016/09/26 12.75 12.85 12.70 12.70 
2016/09/29 12.70 13.45 12.70 13.45 
2016/09/30 13.30 13.35 13.15 13.20 
2016/10/03 13.20 13.25 13.05 13.15 
2016/10/04 13.15 13.35 13.15 13.30 
2016/10/05 13.30 13.40 13.20 13.30 
2016/10/06 13.35 13.35 13.05 13.10 
2016/10/07 13.10 13.10 12.90 12.90 
2016/10/11 12.95 13.05 12.50 12.80 
2016/10/12 12.70 12.70 12.40 12.50 
2016/10/13 12.50 12.50 12.20 12.40 
2016/10/14 12.45 12.45 11.90 12.00 
2016/10/17 12.00 12.20 11.80 12.20 
2016/10/18 12.30 12.30 12.20 12.30 
2016/10/19 12.20 12.40 12.20 12.35 
2016/10/20 12.45 12.45 12.30 12.45 
2016/10/21 12.40 12.45 12.30 12.45 
2016/10/24 12.45 12.45 12.20 12.25 
2016/10/25 12.25 12.30 12.10 12.25 
2016/10/26 12.15 12.15 12.00 12.00 
2016/10/27 11.80 12.10 11.80 12.10 
2016/10/28 12.00 12.00 11.85 11.90 
2016/10/31 12.00 12.00 11.80 11.95 
2016/11/01 11.90 11.90 11.70 11.90 
2016/11/02 11.90 11.90 11.40 11.50 
2016/11/03 11.60 11.75 10.70 10.70 
2016/11/04 10.70 10.90 10.30 10.50 
2016/11/07 10.40 10.65 10.40 10.65 
2016/11/08 10.65 10.85 10.60 10.75 
2016/11/09 10.85 10.85 9.92 9.92 
2016/11/10 10.20 10.65 10.10 10.60 
2016/11/11 10.35 10.55 10.15 10.25 
2016/11/14 10.15 10.20 10.05 10.20 
2016/11/15 10.10 10.45 10.10 10.40 
2016/11/16 10.40 10.55 10.35 10.50 
2016/11/17 10.40 10.75 10.40 10.75 
2016/11/18 10.75 11.80 10.75 11.75 
2016/11/21 11.65 12.30 11.60 12.00 
2016/11/22 12.10 12.20 11.90 12.05 
2016/11/23 12.15 12.15 11.95 12.15 
2016/11/24 12.25 12.25 12.00 12.10 
2016/11/25 12.30 12.75 12.10 12.75 
2016/11/28 12.80 12.80 12.60 12.75 
2016/11/29 12.85 12.90 12.65 12.75 
2016/11/30 12.75 12.95 12.65 12.90 
2016/12/01 12.90 12.90 12.75 12.90 
2016/12/02 12.90 12.90 12.60 12.90 
2016/12/05 13.00 13.10 12.75 13.10 
2016/12/06 13.15 13.15 12.85 13.00 
2016/12/07 13.05 13.05 12.70 13.00 
2016/12/08 13.00 13.10 12.85 12.90 
2016/12/09 12.95 12.95 12.80 12.90 
2016/12/12 12.80 12.80 12.60 12.80 
2016/12/13 12.85 12.85 12.65 12.80 
2016/12/14 12.70 12.75 12.35 12.35 
2016/12/15 12.30 12.30 12.00 12.15 
2016/12/16 12.25 12.30 12.10 12.30 
2016/12/19 12.30 12.30 12.00 12.00 
2016/12/20 12.05 12.05 11.70 11.85 
2016/12/21 11.85 11.85 11.70 11.80 
2016/12/22 11.80 11.85 11.55 11.70 
2016/12/23 11.85 11.85 11.30 11.55 
2016/12/26 11.50 11.50 11.00 11.40 
2016/12/27 11.20 11.30 10.75 10.85 
2016/12/28 11.05 11.35 10.80 11.05 
2016/12/29 11.05 11.15 11.05 11.10 
2016/12/30 11.10 11.15 11.05 11.15 
2017/01/03 11.20 11.40 11.10 11.35 
2017/01/04 11.35 11.40 11.25 11.40 
2017/01/05 11.40 11.65 11.40 11.50 
2017/01/06 11.45 11.60 11.45 11.60 
2017/01/09 11.60 11.70 11.50 11.55 
2017/01/10 11.45 11.50 11.20 11.20 
2017/01/11 11.20 11.35 11.15 11.15 
2017/01/12 11.15 11.35 11.05 11.15 
2017/01/13 11.20 11.40 11.15 11.25 
2017/01/16 11.45 11.45 11.15 11.20 
2017/01/17 11.20 11.35 11.20 11.25 
2017/01/18 11.25 11.45 11.25 11.35 
2017/01/19 11.35 11.60 11.30 11.35 
2017/01/20 11.55 11.55 11.25 11.25 
2017/01/23 11.25 11.40 11.25 11.35 
2017/01/24 11.30 11.40 11.20 11.20 
2017/02/02 11.20 11.35 11.20 11.20 
2017/02/03 11.20 11.35 11.20 11.25 
2017/02/06 11.25 11.45 11.25 11.30 
2017/02/07 11.30 12.30 11.30 12.00 
2017/02/08 12.25 12.40 12.00 12.15 
