2016/07/01 23.00 23.75 22.55 22.55 
2016/07/04 22.90 23.10 22.65 22.80 
2016/07/05 22.80 22.95 22.55 22.55 
2016/07/06 22.50 22.80 21.65 21.70 
2016/07/07 22.10 22.70 22.05 22.10 
2016/07/11 22.70 22.70 21.75 21.80 
2016/07/12 22.05 22.25 21.70 21.85 
2016/07/13 22.00 22.55 21.85 22.55 
2016/07/14 22.65 22.65 22.25 22.30 
2016/07/15 22.50 22.60 22.20 22.35 
2016/07/18 22.55 23.25 22.40 23.05 
2016/07/19 23.05 23.15 22.70 22.90 
2016/07/20 23.30 24.75 23.30 24.60 
2016/07/21 25.05 26.00 25.05 25.40 
2016/07/22 25.95 26.75 25.55 25.60 
2016/07/25 26.00 26.10 24.80 25.15 
2016/07/26 25.30 25.95 25.15 25.65 
2016/07/27 26.00 26.25 25.15 25.30 
2016/07/28 25.85 26.00 25.20 25.30 
2016/07/29 25.30 25.30 24.50 24.60 
2016/08/01 24.60 25.10 24.45 24.95 
2016/08/02 25.20 25.25 24.90 25.15 
2016/08/03 24.80 25.70 24.60 25.65 
2016/08/04 26.00 26.00 25.40 25.40 
2016/08/05 25.60 25.90 25.45 25.65 
2016/08/08 26.00 26.05 25.50 25.55 
2016/08/09 25.65 25.65 24.40 24.50 
2016/08/10 24.60 24.75 22.75 22.85 
2016/08/11 23.00 24.15 23.00 23.70 
2016/08/12 23.65 23.70 22.25 22.50 
2016/08/15 22.50 22.80 22.05 22.30 
2016/08/16 22.35 22.65 22.20 22.40 
2016/08/17 22.40 22.45 20.90 21.30 
2016/08/18 21.40 21.60 21.05 21.30 
2016/08/19 21.60 22.00 21.60 21.65 
2016/08/22 21.40 21.75 21.35 21.40 
2016/08/23 21.45 21.75 21.30 21.40 
2016/08/24 21.55 21.55 20.75 21.00 
2016/08/25 21.10 21.35 20.80 21.10 
2016/08/26 21.10 21.85 21.10 21.60 
2016/08/29 21.50 21.65 21.20 21.25 
2016/08/30 21.40 21.60 21.25 21.35 
2016/08/31 22.05 23.25 22.00 23.00 
2016/09/01 23.85 24.20 23.55 23.75 
2016/09/02 24.20 24.25 23.35 24.15 
2016/09/05 24.25 24.25 23.75 24.05 
2016/09/06 24.10 24.15 23.70 23.85 
2016/09/07 23.95 24.25 23.75 23.85 
2016/09/08 24.55 25.20 24.50 25.00 
2016/09/09 24.90 25.20 24.65 25.10 
2016/09/10 24.55 24.75 24.35 24.35 
2016/09/12 24.65 24.80 23.55 23.65 
2016/09/13 24.00 24.25 23.70 24.00 
2016/09/14 24.25 24.60 23.90 23.90 
2016/09/19 24.00 24.65 23.95 24.45 
2016/09/20 24.55 24.70 24.25 24.55 
2016/09/21 24.50 24.50 24.10 24.20 
2016/09/22 24.45 24.70 24.20 24.60 
2016/09/23 24.90 25.60 24.80 25.00 
2016/09/26 24.80 24.85 24.30 24.30 
2016/09/29 24.50 24.65 24.10 24.10 
2016/09/30 24.00 24.10 23.55 23.70 
2016/10/03 24.30 24.30 23.85 23.90 
2016/10/04 23.85 23.90 23.60 23.90 
2016/10/05 23.80 23.80 23.00 23.00 
2016/10/06 23.00 23.40 23.00 23.05 
2016/10/07 23.05 23.10 22.10 22.20 
2016/10/11 22.30 22.40 22.00 22.05 
2016/10/12 22.20 22.35 22.00 22.10 
2016/10/13 22.30 22.35 22.00 22.00 
2016/10/14 21.95 21.95 21.25 21.30 
2016/10/17 21.65 22.40 21.60 22.40 
2016/10/18 22.05 22.30 21.90 22.30 
2016/10/19 22.35 22.75 22.10 22.10 
2016/10/20 22.25 22.60 22.15 22.25 
2016/10/21 22.40 22.45 22.15 22.30 
2016/10/24 22.50 22.55 22.10 22.15 
2016/10/25 22.40 22.40 22.00 22.15 
2016/10/26 22.20 22.40 22.10 22.10 
2016/10/27 22.25 22.25 22.00 22.00 
2016/10/28 21.95 22.00 21.40 21.40 
2016/10/31 21.60 21.65 21.40 21.50 
2016/11/01 21.65 22.25 21.60 21.90 
2016/11/02 21.90 21.90 21.35 21.35 
2016/11/03 21.45 21.55 20.55 20.55 
2016/11/04 20.45 21.00 20.45 20.80 
2016/11/07 20.95 21.30 20.85 21.05 
2016/11/08 21.50 21.90 21.35 21.60 
2016/11/09 21.75 21.80 20.65 20.75 
2016/11/10 21.30 21.30 21.00 21.10 
2016/11/11 20.90 21.65 20.75 21.55 
2016/11/14 21.65 22.50 21.30 22.45 
2016/11/15 22.65 22.80 22.30 22.30 
2016/11/16 22.60 22.70 22.30 22.40 
2016/11/17 22.70 22.90 22.50 22.65 
2016/11/18 22.85 22.85 22.55 22.80 
2016/11/21 22.95 23.60 22.95 23.55 
2016/11/22 23.90 24.20 23.50 23.70 
2016/11/23 24.10 24.35 23.80 23.80 
2016/11/24 23.90 24.00 23.15 23.35 
2016/11/25 23.50 23.60 23.30 23.50 
2016/11/28 23.70 23.70 23.40 23.40 
2016/11/29 23.60 24.15 23.50 23.90 
2016/11/30 23.95 23.95 23.40 23.45 
2016/12/01 23.45 24.00 23.30 23.70 
2016/12/02 23.55 23.80 23.40 23.45 
2016/12/05 23.50 23.60 23.25 23.25 
2016/12/06 23.45 23.60 23.20 23.25 
2016/12/07 23.65 24.30 23.60 23.90 
2016/12/08 24.20 24.20 23.70 23.75 
2016/12/09 24.10 24.15 23.85 23.95 
2016/12/12 24.20 24.20 23.75 23.80 
2016/12/13 24.20 24.60 24.05 24.05 
2016/12/14 24.10 24.20 23.90 24.00 
2016/12/15 23.95 24.45 23.90 24.45 
2016/12/16 24.70 24.75 24.00 24.10 
2016/12/19 24.10 24.30 23.15 23.30 
2016/12/20 23.40 23.50 22.80 23.35 
2016/12/21 23.50 23.60 23.25 23.50 
2016/12/22 23.50 23.50 23.10 23.15 
2016/12/23 23.05 23.40 23.05 23.40 
2016/12/26 23.55 23.60 23.30 23.60 
2016/12/27 23.60 23.60 23.15 23.20 
2016/12/28 23.20 23.35 23.15 23.20 
2016/12/29 23.25 23.40 23.00 23.05 
2016/12/30 23.05 23.40 23.05 23.15 
2017/01/03 23.20 23.25 23.00 23.05 
2017/01/04 23.05 23.45 23.05 23.45 
2017/01/05 24.25 25.00 24.10 24.80 
2017/01/06 24.95 25.15 24.65 24.80 
2017/01/09 24.90 25.20 24.35 24.35 
2017/01/10 24.40 24.60 24.15 24.50 
2017/01/11 24.65 24.65 24.00 24.00 
2017/01/12 24.00 24.05 23.60 23.70 
2017/01/13 23.70 23.95 23.60 23.75 
2017/01/16 23.75 23.75 23.30 23.35 
2017/01/17 23.50 23.50 23.20 23.30 
2017/01/18 23.30 23.75 23.30 23.70 
2017/01/19 23.80 23.80 23.60 23.70 
2017/01/20 23.80 23.80 23.45 23.50 
2017/01/23 23.65 23.70 23.35 23.40 
2017/01/24 23.40 23.60 23.35 23.50 
2017/02/02 23.60 23.85 23.50 23.65 
2017/02/03 23.80 24.55 23.70 24.15 
2017/02/06 24.65 24.75 24.30 24.50 
2017/02/07 24.60 24.75 24.40 24.55 
2017/02/08 24.60 24.60 24.00 24.50 
