2016/07/01 10.85 11.25 10.85 11.00 
2016/07/04 11.00 11.10 10.70 10.80 
2016/07/05 10.80 11.20 10.80 11.00 
2016/07/06 11.30 11.30 10.95 10.95 
2016/07/07 10.95 11.10 10.95 10.95 
2016/07/11 11.10 11.15 10.95 10.95 
2016/07/12 10.95 11.20 10.95 11.00 
2016/07/13 11.10 11.15 11.00 11.10 
2016/07/14 10.60 11.35 10.60 11.25 
2016/07/15 11.20 11.20 10.95 10.95 
2016/07/18 11.00 11.10 10.90 10.90 
2016/07/19 10.95 11.25 10.95 11.15 
2016/07/20 11.25 11.65 11.15 11.35 
2016/07/21 11.35 12.45 11.35 12.10 
2016/07/22 11.90 12.15 11.80 12.00 
2016/07/25 12.20 12.20 11.85 11.85 
2016/07/26 11.85 11.85 11.75 11.80 
2016/07/27 11.90 12.30 11.90 11.90 
2016/07/28 11.90 11.95 11.65 11.70 
2016/07/29 11.70 11.85 11.60 11.85 
2016/08/01 11.85 11.90 11.70 11.75 
2016/08/02 11.75 11.80 11.65 11.65 
2016/08/03 11.60 11.90 11.55 11.75 
2016/08/04 11.70 11.70 11.65 11.65 
2016/08/05 11.70 11.80 11.60 11.65 
2016/08/08 11.70 11.80 11.60 11.60 
2016/08/09 11.65 11.65 11.50 11.50 
2016/08/10 11.75 11.75 11.50 11.55 
2016/08/11 11.40 11.50 11.15 11.15 
2016/08/12 11.15 11.30 11.05 11.05 
2016/08/15 11.05 11.20 11.05 11.20 
2016/08/16 11.20 11.35 11.10 11.35 
2016/08/17 11.20 11.30 11.20 11.30 
2016/08/18 11.25 11.40 11.20 11.30 
2016/08/19 11.45 11.50 11.25 11.25 
2016/08/22 11.20 11.25 11.15 11.20 
2016/08/23 11.30 11.30 11.10 11.15 
2016/08/24 11.25 11.25 11.10 11.10 
2016/08/25 11.10 11.25 11.10 11.15 
2016/08/26 11.10 11.20 11.10 11.10 
2016/08/29 11.20 11.25 11.10 11.15 
2016/08/30 11.25 11.30 11.05 11.05 
2016/08/31 11.10 11.25 11.10 11.20 
2016/09/01 11.20 11.55 11.10 11.40 
2016/09/02 11.45 11.50 11.15 11.15 
2016/09/05 11.20 11.35 11.20 11.25 
2016/09/06 11.35 11.35 11.25 11.30 
2016/09/07 11.40 11.40 11.30 11.35 
2016/09/08 11.45 11.45 11.30 11.30 
2016/09/09 11.30 11.30 11.15 11.20 
2016/09/10 11.20 11.25 11.10 11.15 
2016/09/12 11.15 11.30 11.15 11.15 
2016/09/13 11.25 11.35 11.15 11.15 
2016/09/14 11.10 11.15 11.10 11.15 
2016/09/19 11.15 11.35 11.15 11.20 
2016/09/20 11.35 11.40 11.20 11.40 
2016/09/21 11.30 11.75 11.30 11.60 
2016/09/22 11.70 11.75 11.55 11.70 
2016/09/23 11.70 11.80 11.55 11.65 
2016/09/26 11.75 12.10 11.70 11.85 
2016/09/29 11.90 11.95 11.75 11.75 
2016/09/30 11.75 11.85 11.65 11.85 
2016/10/03 11.90 11.90 11.70 11.70 
2016/10/04 11.60 11.75 11.60 11.75 
2016/10/05 11.75 11.95 11.70 11.75 
2016/10/06 11.80 11.80 11.65 11.70 
2016/10/07 11.70 11.75 11.55 11.55 
2016/10/11 11.60 11.60 11.20 11.20 
2016/10/12 11.15 11.25 11.10 11.25 
2016/10/13 11.35 11.35 11.15 11.20 
2016/10/14 11.20 11.20 10.90 10.95 
2016/10/17 10.90 11.00 10.80 10.85 
2016/10/18 11.00 11.00 10.85 10.85 
2016/10/19 11.00 11.00 10.85 10.90 
2016/10/20 11.00 11.00 10.90 10.95 
2016/10/21 11.00 11.05 10.95 10.95 
2016/10/24 11.00 11.05 10.90 10.95 
2016/10/25 11.05 11.10 10.90 10.90 
2016/10/26 10.95 11.00 10.85 10.85 
2016/10/27 10.95 10.95 10.85 10.90 
2016/10/28 10.85 10.85 10.80 10.80 
2016/10/31 10.90 11.00 10.90 10.90 
2016/11/01 10.90 11.00 10.85 10.85 
2016/11/02 10.80 10.80 10.65 10.65 
2016/11/03 10.65 10.75 10.60 10.65 
2016/11/04 10.75 10.75 10.50 10.50 
2016/11/07 10.55 10.55 10.45 10.50 
2016/11/08 10.50 10.50 10.45 10.45 
2016/11/09 10.45 10.45 10.00 10.20 
2016/11/10 10.40 10.40 10.30 10.35 
2016/11/11 10.25 10.35 10.20 10.25 
2016/11/14 10.20 10.30 10.10 10.30 
2016/11/15 10.30 10.40 10.30 10.35 
2016/11/16 10.35 10.35 10.30 10.30 
2016/11/17 10.30 10.50 10.30 10.30 
2016/11/18 10.45 10.50 10.40 10.40 
2016/11/21 10.50 10.65 10.50 10.55 
2016/11/22 10.60 10.60 10.55 10.60 
2016/11/23 10.60 10.60 10.50 10.50 
2016/11/24 10.50 10.50 10.50 10.50 
2016/11/25 10.50 10.55 10.45 10.50 
2016/11/28 10.50 10.60 10.45 10.50 
2016/11/29 10.60 10.75 10.60 10.60 
2016/11/30 10.60 10.60 10.50 10.55 
2016/12/01 10.70 10.70 10.55 10.55 
2016/12/02 10.60 10.60 10.50 10.50 
2016/12/05 10.50 10.55 10.40 10.50 
2016/12/06 10.55 10.65 10.55 10.55 
2016/12/07 10.55 10.60 10.50 10.55 
2016/12/08 10.65 10.70 10.55 10.55 
2016/12/09 10.55 10.75 10.55 10.70 
2016/12/12 10.60 10.70 10.50 10.50 
2016/12/13 10.50 10.70 10.50 10.55 
2016/12/14 10.60 10.60 10.60 10.60 
2016/12/15 10.60 10.65 10.55 10.55 
2016/12/16 10.55 10.70 10.55 10.60 
2016/12/19 10.70 10.70 10.55 10.60 
2016/12/20 10.65 10.70 10.55 10.55 
2016/12/21 10.55 10.80 10.55 10.80 
2016/12/22 10.85 11.40 10.80 10.80 
2016/12/23 10.80 10.80 10.65 10.65 
2016/12/26 10.65 10.65 10.50 10.60 
2016/12/27 10.60 10.60 10.55 10.60 
2016/12/28 10.60 10.65 10.55 10.55 
2016/12/29 10.55 10.60 10.55 10.55 
2016/12/30 10.65 10.70 10.55 10.60 
2017/01/03 10.70 10.75 10.65 10.65 
2017/01/04 10.70 10.70 10.60 10.60 
2017/01/05 10.65 10.75 10.65 10.70 
2017/01/06 10.80 11.15 10.80 10.80 
2017/01/09 10.85 10.85 10.70 10.70 
2017/01/10 10.75 10.80 10.70 10.75 
2017/01/11 11.10 11.10 10.80 10.80 
2017/01/12 10.80 10.90 10.80 10.80 
2017/01/13 10.80 10.80 10.75 10.80 
2017/01/16 10.70 10.80 10.70 10.70 
2017/01/17 10.75 10.95 10.70 10.80 
2017/01/18 10.90 10.90 10.85 10.85 
2017/01/19 10.85 11.00 10.85 10.90 
2017/01/20 10.95 11.10 10.90 10.90 
2017/01/23 10.95 11.00 10.90 10.90 
2017/01/24 10.95 10.95 10.85 10.95 
2017/02/02 10.90 10.90 10.75 10.85 
2017/02/03 10.90 10.95 10.85 10.95 
2017/02/06 11.10 11.50 11.05 11.40 
2017/02/07 11.55 11.55 11.20 11.25 
2017/02/08 11.30 11.30 11.20 11.30 
