2016/07/01 246.50 247.50 243.00 245.00 
2016/07/04 245.50 257.00 245.50 255.50 
2016/07/05 254.00 254.00 245.00 245.00 
2016/07/06 240.00 242.00 237.00 237.00 
2016/07/07 239.50 241.50 237.50 238.00 
2016/07/11 247.00 247.50 244.00 247.00 
2016/07/12 249.00 250.50 247.50 248.00 
2016/07/13 250.00 250.00 245.50 247.00 
2016/07/14 247.50 247.50 245.00 246.00 
2016/07/15 237.00 240.00 236.00 239.50 
2016/07/18 240.50 241.50 238.50 240.00 
2016/07/19 241.00 241.00 238.00 240.00 
2016/07/20 239.00 239.00 236.00 238.00 
2016/07/21 239.50 240.50 234.50 235.50 
2016/07/22 237.50 238.00 235.00 236.00 
2016/07/25 238.00 238.50 234.50 236.00 
2016/07/26 235.50 241.00 234.00 241.00 
2016/07/27 246.00 246.00 239.00 240.00 
2016/07/28 240.00 244.00 238.00 244.00 
2016/07/29 245.00 246.00 242.00 243.50 
2016/08/01 245.50 249.50 243.50 249.00 
2016/08/02 249.50 251.00 247.00 250.00 
2016/08/03 246.00 249.00 245.50 249.00 
2016/08/04 251.00 251.00 239.50 242.50 
2016/08/05 242.50 249.00 242.50 249.00 
2016/08/08 251.00 251.00 248.00 248.50 
2016/08/09 249.50 250.00 248.00 250.00 
2016/08/10 251.00 251.00 248.50 250.00 
2016/08/11 250.50 250.50 245.00 248.50 
2016/08/12 250.00 251.00 247.50 249.00 
2016/08/15 250.00 250.50 247.50 249.00 
2016/08/16 249.50 249.50 245.50 249.50 
2016/08/17 249.50 253.50 249.00 250.50 
2016/08/18 251.00 252.00 249.00 250.00 
2016/08/19 250.00 250.00 245.00 245.00 
2016/08/22 245.00 248.00 242.00 242.00 
2016/08/23 242.50 245.50 242.50 242.50 
2016/08/24 244.00 245.50 241.00 241.00 
2016/08/25 242.00 244.00 241.50 244.00 
2016/08/26 244.50 245.00 242.00 243.50 
2016/08/29 245.00 245.50 242.00 244.50 
2016/08/30 246.50 249.50 245.50 249.00 
2016/08/31 249.50 251.00 247.50 249.50 
2016/09/01 252.00 252.00 248.50 251.00 
2016/09/02 250.00 251.00 245.00 245.50 
2016/09/05 250.00 257.00 250.00 256.50 
2016/09/06 256.50 256.50 252.50 254.50 
2016/09/07 255.00 260.50 253.50 253.50 
2016/09/08 250.50 253.50 250.50 250.50 
2016/09/09 246.50 247.00 243.00 245.00 
2016/09/10 241.00 241.00 238.00 240.00 
2016/09/12 239.00 240.00 237.00 238.00 
2016/09/13 240.00 241.00 237.00 239.50 
2016/09/14 239.00 244.00 239.00 239.00 
2016/09/19 239.50 243.00 239.50 242.50 
2016/09/20 245.00 248.00 243.50 245.50 
2016/09/21 247.00 248.50 245.00 246.00 
2016/09/22 248.00 248.50 244.50 245.00 
2016/09/23 245.50 247.00 245.00 247.00 
2016/09/26 244.50 245.00 243.50 243.50 
2016/09/29 243.00 245.00 243.00 243.50 
2016/09/30 238.00 241.50 238.00 239.50 
2016/10/03 241.00 243.00 240.00 241.00 
2016/10/04 243.00 244.50 241.00 243.00 
2016/10/05 241.50 248.00 241.50 247.00 
2016/10/06 243.00 244.00 241.50 243.50 
2016/10/07 242.00 242.50 239.00 241.00 
2016/10/11 243.00 243.00 239.00 241.00 
2016/10/12 240.00 240.50 237.50 240.00 
2016/10/13 239.00 239.50 237.00 237.50 
2016/10/14 236.50 238.00 235.00 236.50 
2016/10/17 236.50 241.50 236.50 241.00 
2016/10/18 242.00 242.00 238.00 240.00 
2016/10/19 240.00 241.00 238.00 238.00 
2016/10/20 237.00 240.00 236.00 236.00 
2016/10/21 236.00 238.50 235.50 235.50 
2016/10/24 237.00 239.00 236.50 238.00 
2016/10/25 245.00 245.00 241.00 243.00 
2016/10/26 242.50 242.50 240.00 240.50 
2016/10/27 240.50 242.00 238.50 239.00 
2016/10/28 239.00 239.00 236.00 237.50 
2016/10/31 237.00 241.00 237.00 240.00 
2016/11/01 238.50 239.50 237.00 237.50 
2016/11/02 236.50 238.00 236.00 236.50 
2016/11/03 237.50 238.00 236.00 236.50 
2016/11/04 235.00 236.00 224.50 226.00 
2016/11/07 228.00 232.00 227.50 231.00 
2016/11/08 229.00 229.00 226.00 228.00 
2016/11/09 231.00 231.00 218.00 220.50 
2016/11/10 225.00 227.00 221.50 222.00 
2016/11/11 216.00 217.00 210.50 215.00 
2016/11/14 217.00 219.50 213.00 218.50 
2016/11/15 215.00 217.50 215.00 216.00 
2016/11/16 218.50 219.00 213.50 216.00 
2016/11/17 217.00 222.00 216.50 221.50 
2016/11/18 220.00 227.00 219.50 227.00 
2016/11/21 227.50 227.50 223.00 223.00 
2016/11/22 225.00 229.50 224.00 228.50 
2016/11/23 229.50 229.50 225.50 226.00 
2016/11/24 224.50 225.00 222.00 222.00 
2016/11/25 222.00 224.00 221.50 221.50 
2016/11/28 222.00 225.50 221.50 223.50 
2016/11/29 223.50 223.50 220.00 221.50 
2016/11/30 224.00 226.00 221.50 221.50 
2016/12/01 223.00 224.50 221.50 224.50 
2016/12/02 224.00 226.00 222.00 225.00 
2016/12/05 226.00 226.00 223.00 223.50 
2016/12/06 226.00 228.00 225.00 226.00 
2016/12/07 228.00 228.00 224.00 225.00 
2016/12/08 226.00 230.00 225.50 230.00 
2016/12/09 230.00 231.00 228.00 230.50 
2016/12/12 232.00 233.00 229.00 229.50 
2016/12/13 229.00 229.50 227.50 228.50 
2016/12/14 229.50 230.00 223.50 225.00 
2016/12/15 224.50 228.50 223.00 228.00 
2016/12/16 227.00 229.00 226.00 226.00 
2016/12/19 226.00 226.00 223.50 224.00 
2016/12/20 222.00 222.00 215.00 219.50 
2016/12/21 219.50 221.00 216.50 216.50 
2016/12/22 216.50 218.50 216.00 217.00 
2016/12/23 217.00 218.00 216.00 216.50 
2016/12/26 214.00 216.50 214.00 216.00 
2016/12/27 216.00 218.50 215.50 218.00 
2016/12/28 218.00 219.50 216.50 218.50 
2016/12/29 218.00 218.50 216.00 216.50 
2016/12/30 218.50 219.00 216.50 216.50 
2017/01/03 217.50 218.00 216.50 218.00 
2017/01/04 218.00 218.50 215.50 216.00 
2017/01/05 215.50 218.00 215.50 218.00 
2017/01/06 218.50 222.00 218.00 220.00 
2017/01/09 220.50 221.00 217.00 217.00 
2017/01/10 217.00 218.00 214.00 214.50 
2017/01/11 214.50 216.00 213.00 215.50 
2017/01/12 216.00 217.50 215.00 217.00 
2017/01/13 212.50 215.00 212.50 215.00 
2017/01/16 211.50 212.50 210.00 210.50 
2017/01/17 211.00 213.50 210.50 213.50 
2017/01/18 213.00 213.50 211.00 211.50 
2017/01/19 212.00 213.00 211.50 213.00 
2017/01/20 212.50 213.00 211.00 211.50 
2017/01/23 213.00 215.00 212.50 214.50 
2017/01/24 212.50 215.00 212.50 213.50 
2017/02/02 204.50 207.50 203.00 204.50 
2017/02/03 205.00 209.00 205.00 207.00 
2017/02/06 208.00 214.00 206.00 212.00 
2017/02/07 212.00 218.00 210.00 218.00 
2017/02/08 214.00 217.00 213.00 213.50 
