2016/07/01 49.15 49.15 48.25 48.70 
2016/07/04 48.70 48.70 47.75 48.00 
2016/07/05 47.90 48.80 47.75 48.00 
2016/07/06 46.00 46.50 45.10 45.65 
2016/07/07 43.50 43.75 41.65 42.45 
2016/07/11 42.65 42.90 41.05 41.05 
2016/07/12 41.15 41.35 40.00 40.40 
2016/07/13 40.60 41.25 40.55 40.60 
2016/07/14 40.60 40.60 39.80 40.60 
2016/07/15 40.90 43.10 40.90 43.00 
2016/07/18 42.70 42.75 41.80 41.80 
2016/07/19 42.00 42.25 41.55 42.00 
2016/07/20 41.75 42.65 41.65 41.65 
2016/07/21 42.05 42.35 41.75 42.10 
2016/07/22 42.00 42.25 41.50 41.65 
2016/07/25 41.70 42.05 40.80 40.90 
2016/07/26 41.10 41.80 41.00 41.60 
2016/07/27 41.90 42.50 41.00 41.00 
2016/07/28 41.30 41.70 41.15 41.20 
2016/07/29 41.25 41.30 39.45 39.90 
2016/08/01 39.85 40.90 39.15 40.90 
2016/08/02 41.10 41.20 40.60 41.00 
2016/08/03 40.40 40.60 39.95 40.40 
2016/08/04 39.90 40.70 39.85 40.70 
2016/08/05 40.60 40.85 40.40 40.85 
2016/08/08 40.85 40.85 40.25 40.50 
2016/08/09 40.60 41.45 40.50 41.20 
2016/08/10 41.20 41.40 40.50 41.00 
2016/08/11 40.40 40.50 39.20 39.50 
2016/08/12 39.55 40.05 39.35 39.35 
2016/08/15 39.40 40.80 39.35 40.55 
2016/08/16 40.90 40.90 40.20 40.60 
2016/08/17 40.40 40.50 39.80 40.00 
2016/08/18 40.00 41.20 40.00 40.60 
2016/08/19 40.90 41.35 40.50 40.50 
2016/08/22 40.70 41.00 39.85 40.00 
2016/08/23 40.00 40.60 39.95 40.45 
2016/08/24 40.50 41.90 40.30 41.40 
2016/08/25 41.50 42.00 41.20 41.95 
2016/08/26 41.70 41.90 40.80 41.70 
2016/08/29 41.30 41.85 41.15 41.75 
2016/08/30 42.00 42.95 41.90 42.70 
2016/08/31 42.70 42.90 41.75 42.70 
2016/09/01 42.50 42.70 42.00 42.50 
2016/09/02 42.50 42.60 41.05 42.20 
2016/09/05 42.00 42.00 40.95 41.30 
2016/09/06 41.20 42.00 41.10 41.75 
2016/09/07 41.45 42.00 41.30 41.50 
2016/09/08 41.50 41.80 41.50 41.70 
2016/09/09 41.50 42.75 41.50 42.70 
2016/09/10 42.20 42.90 41.60 42.90 
2016/09/12 42.80 42.90 42.30 42.30 
2016/09/13 42.80 43.65 42.60 43.60 
2016/09/14 43.60 44.75 43.60 44.75 
2016/09/19 45.45 45.80 44.55 45.45 
2016/09/20 46.30 46.95 44.25 44.25 
2016/09/21 44.20 44.65 43.35 43.80 
2016/09/22 44.45 44.95 43.85 43.95 
2016/09/23 43.80 44.35 43.75 44.00 
2016/09/26 44.00 44.15 43.00 44.15 
2016/10/07 57.00 57.50 54.00 55.50 
2016/10/11 55.50 55.50 50.10 51.00 
2016/10/12 50.00 50.70 47.80 48.25 
2016/10/13 48.40 49.15 47.35 47.50 
2016/10/14 47.60 47.85 46.00 46.00 
2016/10/17 46.25 46.30 44.90 45.25 
2016/10/18 45.35 45.95 45.35 45.50 
2016/10/19 45.80 46.15 45.20 45.45 
2016/10/20 45.50 45.70 45.05 45.15 
2016/10/21 45.15 45.60 45.10 45.50 
2016/10/24 45.30 45.55 45.15 45.40 
2016/10/25 45.50 46.40 45.45 45.60 
2016/10/26 45.60 46.20 45.60 45.65 
2016/10/27 45.90 46.00 45.15 45.15 
2016/10/28 45.30 45.30 43.75 43.75 
2016/10/31 43.30 43.30 42.30 42.30 
2016/11/01 42.35 42.95 42.30 42.85 
2016/11/02 41.90 42.95 41.65 42.85 
2016/11/03 42.70 44.25 42.35 43.70 
2016/11/04 43.50 43.65 42.85 43.10 
2016/11/07 43.50 43.55 43.15 43.15 
2016/11/08 43.25 43.40 42.25 42.85 
2016/11/09 42.90 42.90 39.65 42.00 
2016/11/10 42.20 43.10 42.20 42.95 
2016/11/11 42.40 43.70 41.30 43.40 
2016/11/14 41.70 43.60 41.70 43.40 
2016/11/15 42.80 43.20 42.40 43.05 
2016/11/16 43.05 43.45 42.80 43.35 
2016/11/17 43.35 43.60 42.80 43.60 
2016/11/18 43.15 43.60 42.95 43.60 
2016/11/21 43.60 43.90 43.30 43.60 
2016/11/22 44.00 44.20 43.35 43.35 
2016/11/23 43.40 43.55 42.45 42.60 
2016/11/24 42.25 43.15 42.20 42.55 
2016/11/25 42.55 43.10 42.50 43.10 
2016/11/28 43.45 46.00 43.25 46.00 
2016/11/29 46.45 46.50 45.40 45.50 
2016/11/30 45.30 46.00 45.00 46.00 
2016/12/01 45.50 46.00 45.20 45.20 
2016/12/02 45.00 45.00 44.15 44.30 
2016/12/05 44.25 44.70 43.80 44.40 
2016/12/06 43.85 44.65 43.85 44.50 
2016/12/07 44.55 45.65 44.15 45.15 
2016/12/08 45.65 46.10 45.40 46.00 
2016/12/09 46.50 48.30 46.50 47.45 
2016/12/12 47.80 48.35 47.00 48.10 
2016/12/13 47.75 48.10 47.40 47.80 
2016/12/14 47.90 48.20 47.50 47.50 
2016/12/15 47.30 48.15 47.25 47.70 
2016/12/16 48.00 48.00 47.30 47.30 
2016/12/19 47.25 48.50 47.10 48.45 
2016/12/20 48.45 48.45 47.60 47.65 
2016/12/21 48.40 49.20 47.80 49.00 
2016/12/22 48.95 50.30 48.60 50.10 
2016/12/23 50.00 52.00 49.70 50.30 
2016/12/26 50.10 50.70 49.70 50.70 
2016/12/27 50.70 50.70 49.80 49.85 
2016/12/28 49.85 51.00 49.60 49.85 
2016/12/29 49.60 49.70 49.35 49.45 
2016/12/30 49.35 50.20 49.35 49.50 
2017/01/03 49.55 49.70 48.40 48.50 
2017/01/04 48.65 48.90 48.50 48.50 
2017/01/05 48.65 49.20 48.50 48.95 
2017/01/06 48.20 49.45 48.00 49.45 
2017/01/09 49.70 49.80 48.95 49.05 
2017/01/10 49.00 49.35 48.60 49.35 
2017/01/11 49.60 50.80 49.60 49.90 
2017/01/12 50.30 50.30 49.35 49.50 
2017/01/13 49.40 49.45 48.75 48.90 
2017/01/16 49.20 49.20 48.55 48.60 
2017/01/17 48.60 48.90 48.20 48.45 
2017/01/18 48.50 49.20 48.30 48.75 
2017/01/19 48.75 49.00 48.35 48.40 
2017/01/20 48.45 48.85 48.10 48.10 
2017/01/23 47.65 48.60 47.65 47.80 
2017/01/24 48.25 48.95 48.00 48.95 
2017/02/02 49.25 51.60 48.95 51.50 
2017/02/03 51.30 53.20 51.30 52.20 
2017/02/06 52.00 52.30 51.50 51.80 
2017/02/07 52.20 55.00 51.90 53.90 
2017/02/08 53.60 55.40 53.00 55.20 
