2016/07/01 60.50 60.80 60.20 60.40 
2016/07/04 60.70 62.00 60.70 62.00 
2016/07/05 59.00 59.60 58.20 58.80 
2016/07/06 58.80 59.60 58.10 59.10 
2016/07/07 59.40 60.00 58.60 59.00 
2016/07/11 59.80 59.80 59.00 59.30 
2016/07/12 60.00 60.00 58.30 58.30 
2016/07/13 58.60 58.70 56.90 57.00 
2016/07/14 57.50 59.00 57.50 58.80 
2016/07/15 59.30 59.80 58.70 58.80 
2016/07/18 59.20 60.50 58.80 59.90 
2016/07/19 60.60 61.80 60.10 60.30 
2016/07/20 60.60 61.50 60.30 61.50 
2016/07/21 62.00 63.50 61.10 62.10 
2016/07/22 62.30 64.00 62.30 64.00 
2016/07/25 65.60 66.60 63.70 63.90 
2016/07/26 64.40 67.80 63.90 67.80 
2016/07/27 67.80 68.00 66.70 67.70 
2016/07/28 69.50 69.80 68.50 69.30 
2016/07/29 70.10 70.10 68.40 68.80 
2016/08/01 69.00 69.50 67.70 68.00 
2016/08/02 70.80 71.90 69.20 69.20 
2016/08/03 69.20 70.50 69.00 70.40 
2016/08/04 70.90 71.10 68.60 69.40 
2016/08/05 70.00 70.20 69.20 69.80 
2016/08/08 69.90 70.20 69.20 69.30 
2016/08/09 69.50 71.10 66.30 67.40 
2016/08/10 67.80 68.40 67.00 68.20 
2016/08/11 68.20 68.70 66.50 67.20 
2016/08/12 67.80 69.60 67.30 68.50 
2016/08/15 69.40 72.30 69.10 71.50 
2016/08/16 71.90 72.80 71.00 71.20 
2016/08/17 71.00 71.70 70.00 70.00 
2016/08/18 70.30 71.40 69.70 71.00 
2016/08/19 72.00 72.00 67.20 67.60 
2016/08/22 67.30 68.40 65.00 68.20 
2016/08/23 68.20 69.00 67.30 67.60 
2016/08/24 67.80 68.50 67.50 67.90 
2016/08/25 67.70 68.80 67.50 68.10 
2016/08/26 68.10 68.40 67.60 67.70 
2016/08/29 68.00 68.80 67.00 68.80 
2016/08/30 69.30 69.30 68.30 68.80 
2016/08/31 69.10 70.30 68.50 69.30 
2016/09/01 69.30 71.00 69.30 70.00 
2016/09/02 70.00 70.40 68.10 69.00 
2016/09/05 69.00 71.00 68.50 70.50 
2016/09/06 71.70 72.00 70.20 70.50 
2016/09/07 70.80 71.60 69.00 69.40 
2016/09/08 69.50 70.30 69.00 69.70 
2016/09/09 69.70 69.70 69.10 69.40 
2016/09/10 68.20 69.50 67.80 68.70 
2016/09/12 69.20 69.40 67.20 67.20 
2016/09/13 67.90 68.00 66.80 66.80 
2016/09/14 66.50 67.60 66.40 66.90 
2016/09/19 68.00 70.60 67.90 70.30 
2016/09/20 71.10 71.70 70.30 70.30 
2016/09/21 70.50 73.50 70.40 72.90 
2016/09/22 73.80 76.30 72.40 74.90 
2016/09/23 75.60 77.90 75.10 76.50 
2016/09/26 76.50 77.90 74.50 74.70 
2016/09/29 75.50 75.50 74.50 74.50 
2016/09/30 74.50 75.00 72.80 74.10 
2016/10/03 74.70 77.30 74.60 77.20 
2016/10/04 78.50 80.30 76.60 76.60 
2016/10/05 77.60 78.40 76.50 77.50 
2016/10/06 78.40 78.40 76.30 77.00 
2016/10/07 77.50 77.60 76.20 76.50 
2016/10/11 77.40 77.40 73.10 73.80 
2016/10/12 73.80 74.20 71.70 72.10 
2016/10/13 72.60 72.80 71.20 71.30 
2016/10/14 71.00 72.60 70.60 71.10 
2016/10/17 71.30 72.30 70.10 72.20 
2016/10/18 72.60 72.60 70.50 71.00 
2016/10/19 71.80 72.10 70.80 71.20 
2016/10/20 71.40 72.30 71.40 71.90 
2016/10/21 72.20 72.30 71.00 71.90 
2016/10/24 71.80 72.20 71.10 71.90 
2016/10/25 72.20 73.60 71.90 72.50 
2016/10/26 72.90 72.90 72.00 72.10 
2016/10/27 72.00 73.30 71.60 71.60 
2016/10/28 71.30 71.40 67.60 68.30 
2016/10/31 67.40 69.20 66.70 69.10 
2016/11/01 69.00 69.20 68.10 68.50 
2016/11/02 67.60 68.00 66.80 66.90 
2016/11/03 67.60 69.80 67.30 67.30 
2016/11/04 67.80 69.20 67.50 68.50 
2016/11/07 69.00 70.50 68.70 69.90 
2016/11/08 70.00 70.00 67.50 67.80 
2016/11/09 68.00 68.20 63.50 64.20 
2016/11/10 66.60 68.40 65.80 68.30 
2016/11/11 67.10 67.70 65.30 66.00 
2016/11/14 66.40 67.20 65.00 67.00 
2016/11/15 66.80 67.30 66.30 66.30 
2016/11/16 66.80 67.10 66.30 66.60 
2016/11/17 66.50 68.20 66.40 67.70 
2016/11/18 68.60 69.30 67.70 68.20 
2016/11/21 68.20 69.50 68.20 69.00 
2016/11/22 69.50 70.40 69.20 69.80 
2016/11/23 69.90 70.40 69.00 69.00 
2016/11/24 69.30 69.40 68.30 68.60 
2016/11/25 68.60 69.50 68.30 69.50 
2016/11/28 69.50 72.50 69.40 71.80 
2016/11/29 72.70 73.50 71.90 72.50 
2016/11/30 72.70 73.50 71.50 71.60 
2016/12/01 72.20 72.60 71.50 72.50 
2016/12/02 72.50 73.60 71.70 71.80 
2016/12/05 71.80 72.60 71.40 72.10 
2016/12/06 72.40 73.30 71.70 71.80 
2016/12/07 72.80 72.90 71.20 72.20 
2016/12/08 72.70 74.30 72.70 73.40 
2016/12/09 73.90 73.90 72.00 72.00 
2016/12/12 72.40 72.50 71.70 71.70 
2016/12/13 71.70 72.50 71.50 71.80 
2016/12/14 72.40 72.90 71.40 71.70 
2016/12/15 71.50 73.00 71.50 72.60 
2016/12/16 73.10 74.70 73.00 74.00 
2016/12/19 75.20 75.50 73.50 73.70 
2016/12/20 73.70 74.20 71.90 72.20 
2016/12/21 72.20 72.70 71.80 72.20 
2016/12/22 72.80 72.80 69.40 70.10 
2016/12/23 69.90 70.50 68.60 69.70 
2016/12/26 70.20 70.70 69.10 69.80 
2016/12/27 69.90 70.00 69.10 69.60 
2016/12/28 69.60 70.20 69.50 70.00 
2016/12/29 70.50 71.00 70.20 70.70 
2016/12/30 71.30 71.40 70.80 71.00 
2017/01/03 71.00 71.40 70.30 70.90 
2017/01/04 71.30 71.80 71.00 71.20 
2017/01/05 71.20 71.70 70.00 71.30 
2017/01/06 71.80 71.80 71.00 71.20 
2017/01/09 71.70 72.20 71.00 71.00 
2017/01/10 71.00 71.20 70.30 70.30 
2017/01/11 70.60 71.30 70.60 71.00 
2017/01/12 71.50 71.80 71.00 71.20 
2017/01/13 71.20 71.20 70.20 71.00 
2017/01/16 71.00 71.00 70.10 70.20 
2017/01/17 70.10 70.50 69.90 70.40 
2017/01/18 70.20 70.80 70.10 70.80 
2017/01/19 70.70 71.70 70.50 71.40 
2017/01/20 71.40 71.90 71.00 71.40 
2017/01/24 76.20 78.30 73.10 76.70 
2017/02/02 76.70 77.40 75.00 75.40 
2017/02/03 76.00 76.90 75.70 76.30 
2017/02/06 76.90 79.50 76.90 78.90 
2017/02/07 79.30 85.20 79.10 82.30 
2017/02/08 83.40 85.00 82.30 83.00 
