2016/07/01 9.38 9.48 9.34 9.38 
2016/07/04 9.35 9.49 9.32 9.42 
2016/07/05 9.41 9.58 9.41 9.50 
2016/07/06 9.46 9.50 9.27 9.30 
2016/07/07 9.35 9.38 9.25 9.27 
2016/07/11 9.30 9.31 9.10 9.13 
2016/07/12 9.15 9.23 9.15 9.22 
2016/07/13 9.23 9.24 9.14 9.17 
2016/07/14 9.19 9.50 9.17 9.47 
2016/07/15 9.50 9.54 9.37 9.40 
2016/07/18 9.39 9.45 9.30 9.38 
2016/07/19 9.39 9.80 9.38 9.73 
2016/07/20 9.75 10.70 9.75 10.70 
2016/07/21 10.65 11.20 10.65 10.85 
2016/07/22 10.85 11.00 10.55 10.75 
2016/07/25 10.90 10.95 10.35 10.35 
2016/07/26 10.65 11.35 10.50 11.35 
2016/07/27 11.35 11.80 11.10 11.10 
2016/07/28 11.20 11.50 11.00 11.15 
2016/07/29 11.20 11.50 11.05 11.15 
2016/08/01 11.40 11.40 10.80 10.90 
2016/08/02 10.95 11.25 10.65 10.75 
2016/08/03 10.70 10.70 10.40 10.45 
2016/08/04 10.55 10.70 10.40 10.50 
2016/08/05 10.50 10.60 10.45 10.55 
2016/08/08 10.60 10.70 10.50 10.55 
2016/08/09 11.00 11.30 10.80 10.80 
2016/08/10 10.85 11.05 10.75 10.80 
2016/08/11 10.70 10.70 10.20 10.40 
2016/08/12 10.40 10.55 10.30 10.40 
2016/08/15 10.30 10.40 10.25 10.40 
2016/08/16 10.40 10.45 10.30 10.35 
2016/08/17 10.35 10.50 10.15 10.20 
2016/08/18 10.20 10.30 10.15 10.25 
2016/08/19 10.25 10.25 10.10 10.10 
2016/08/22 10.05 10.35 9.96 10.15 
2016/08/23 10.15 10.20 10.00 10.10 
2016/08/24 10.15 10.20 10.05 10.05 
2016/08/25 10.05 10.45 10.05 10.40 
2016/08/26 10.40 10.40 10.30 10.35 
2016/08/29 10.35 10.45 10.30 10.40 
2016/08/30 10.45 10.75 10.40 10.40 
2016/08/31 10.45 10.50 10.25 10.30 
2016/09/01 10.35 10.40 10.25 10.25 
2016/09/02 10.25 10.35 10.10 10.10 
2016/09/05 10.15 10.15 10.05 10.15 
2016/09/06 10.15 10.40 10.10 10.30 
2016/09/07 10.35 10.40 10.20 10.20 
2016/09/08 10.30 10.45 10.30 10.45 
2016/09/09 10.40 10.70 10.30 10.65 
2016/09/10 10.55 10.55 10.40 10.40 
2016/09/12 10.40 10.55 10.20 10.20 
2016/09/13 10.35 10.35 10.10 10.10 
2016/09/14 10.10 10.35 10.00 10.35 
2016/09/19 10.35 10.50 10.25 10.40 
2016/09/20 10.40 10.50 10.30 10.50 
2016/09/21 10.50 10.55 10.35 10.40 
2016/09/22 10.45 10.55 10.30 10.35 
2016/09/23 10.40 10.50 10.30 10.30 
2016/09/26 10.30 10.55 10.25 10.35 
2016/09/29 10.35 10.55 10.30 10.35 
2016/09/30 10.35 10.40 10.25 10.35 
2016/10/03 10.45 10.45 10.30 10.30 
2016/10/04 10.40 10.40 10.20 10.25 
2016/10/05 10.25 10.30 10.15 10.15 
2016/10/06 10.25 10.25 10.05 10.15 
2016/10/07 10.15 10.20 10.05 10.20 
2016/10/11 10.15 10.20 10.00 10.00 
2016/10/12 10.00 10.00 9.81 9.94 
2016/10/13 9.94 9.94 9.80 9.82 
2016/10/14 9.81 9.83 9.75 9.75 
2016/10/17 9.75 9.75 9.60 9.70 
2016/10/18 9.70 9.77 9.66 9.77 
2016/10/19 9.85 9.99 9.85 9.95 
2016/10/20 9.99 9.99 9.86 9.93 
2016/10/21 9.88 9.95 9.81 9.89 
2016/10/24 9.94 9.99 9.81 9.93 
2016/10/25 9.94 10.00 9.92 9.93 
2016/10/26 9.99 10.25 9.93 10.15 
2016/10/27 10.15 10.15 10.00 10.00 
2016/10/28 10.00 10.05 9.95 9.95 
2016/10/31 9.99 9.99 9.85 9.90 
2016/11/01 9.92 9.92 9.84 9.85 
2016/11/02 9.85 9.85 9.67 9.70 
2016/11/03 9.69 9.80 9.42 9.53 
2016/11/04 9.50 9.69 9.43 9.45 
2016/11/07 9.59 9.61 9.51 9.55 
2016/11/08 9.69 9.69 9.55 9.58 
2016/11/09 9.68 9.69 9.00 9.00 
2016/11/10 9.29 9.89 9.19 9.47 
2016/11/11 9.42 9.45 9.15 9.25 
2016/11/14 9.17 9.29 9.03 9.19 
2016/11/15 9.27 9.34 9.19 9.21 
2016/11/16 9.29 9.43 9.19 9.21 
2016/11/17 9.22 9.26 9.18 9.25 
2016/11/18 9.17 9.33 9.17 9.27 
2016/11/21 9.35 9.36 9.27 9.32 
2016/11/22 9.40 9.52 9.35 9.39 
2016/11/23 9.39 9.56 9.32 9.40 
2016/11/24 9.42 9.59 9.42 9.45 
2016/11/25 9.50 9.59 9.40 9.40 
2016/11/28 9.42 9.65 9.42 9.51 
2016/11/29 9.51 9.62 9.49 9.53 
2016/11/30 9.60 9.68 9.55 9.68 
2016/12/01 9.70 10.10 9.59 9.93 
2016/12/02 9.84 9.88 9.68 9.70 
2016/12/05 9.72 9.72 9.55 9.55 
2016/12/06 9.58 9.64 9.46 9.48 
2016/12/07 9.48 9.60 9.48 9.51 
2016/12/08 9.53 9.60 9.50 9.51 
2016/12/09 9.51 9.86 9.49 9.79 
2016/12/12 9.81 10.05 9.81 9.82 
2016/12/13 9.82 9.92 9.62 9.70 
2016/12/14 9.75 9.80 9.67 9.77 
2016/12/15 9.80 9.89 9.70 9.75 
2016/12/16 9.75 9.97 9.74 9.80 
2016/12/19 9.88 10.30 9.86 10.05 
2016/12/20 10.15 11.05 10.10 11.05 
2016/12/21 11.55 12.10 11.45 11.75 
2016/12/22 11.85 12.05 11.70 12.05 
2016/12/23 12.15 12.85 12.05 12.55 
2016/12/26 12.45 12.50 12.05 12.40 
2016/12/27 12.30 12.45 12.00 12.10 
2016/12/28 12.25 12.45 12.10 12.15 
2016/12/29 12.30 12.45 12.10 12.15 
2016/12/30 12.30 13.35 12.25 13.10 
2017/01/03 13.25 13.45 12.75 13.10 
2017/01/04 13.00 13.10 12.85 12.90 
2017/01/05 13.00 13.45 12.80 12.85 
2017/01/06 12.85 13.10 12.60 12.85 
2017/01/09 12.70 12.70 11.60 11.75 
2017/01/10 11.85 12.05 11.60 11.75 
2017/01/11 11.95 11.95 11.70 11.70 
2017/01/12 11.85 11.95 11.60 11.65 
2017/01/13 11.50 11.55 11.35 11.35 
2017/01/16 11.40 11.70 11.35 11.50 
2017/01/17 11.60 11.70 11.35 11.35 
2017/01/18 11.35 11.45 11.20 11.25 
2017/01/19 11.40 11.60 11.15 11.50 
2017/01/20 11.55 11.65 11.40 11.40 
2017/01/23 11.40 11.50 11.15 11.20 
2017/01/24 11.20 11.30 11.10 11.15 
2017/02/02 11.25 11.35 11.05 11.25 
2017/02/03 11.30 12.00 11.20 11.70 
2017/02/06 11.75 11.85 11.65 11.65 
2017/02/07 11.65 11.70 11.50 11.55 
2017/02/08 11.60 11.60 11.35 11.40 
