2016/07/01 34.40 34.50 34.20 34.20 
2016/07/04 34.50 34.50 34.15 34.30 
2016/07/05 34.30 34.40 34.25 34.25 
2016/07/06 34.10 34.25 34.10 34.20 
2016/07/07 34.20 34.35 34.20 34.35 
2016/07/11 34.50 34.65 34.45 34.50 
2016/07/12 34.65 34.70 34.50 34.55 
2016/07/13 34.55 34.65 34.35 34.50 
2016/07/14 34.55 34.95 34.50 34.85 
2016/07/15 35.15 36.95 35.15 35.90 
2016/07/18 35.90 36.00 35.70 35.90 
2016/07/19 35.90 35.90 35.60 35.85 
2016/07/20 35.85 36.00 35.65 35.90 
2016/07/21 35.80 36.90 35.80 36.35 
2016/07/22 36.50 36.65 36.00 36.20 
2016/07/25 36.20 36.50 36.00 36.15 
2016/07/26 36.30 36.30 36.15 36.25 
2016/07/27 36.40 36.40 36.10 36.20 
2016/07/28 36.40 36.40 36.15 36.15 
2016/07/29 36.20 36.20 36.00 36.00 
2016/08/01 36.00 36.20 35.90 36.15 
2016/08/02 36.00 36.35 36.00 36.30 
2016/08/03 36.30 36.30 36.15 36.30 
2016/08/04 36.30 36.60 36.30 36.60 
2016/08/05 36.70 36.85 36.70 36.80 
2016/08/08 36.85 37.15 36.85 37.10 
2016/08/09 35.30 36.70 35.30 35.65 
2016/08/10 35.90 37.60 35.85 36.80 
2016/08/11 37.30 37.30 35.65 36.05 
2016/08/12 35.65 36.10 35.30 35.30 
2016/08/15 35.30 35.30 34.65 34.80 
2016/08/16 34.85 36.15 34.80 35.40 
2016/08/17 35.40 35.40 34.70 35.05 
2016/08/18 34.85 35.20 34.75 35.15 
2016/08/19 35.20 35.25 34.95 35.05 
2016/08/22 35.30 35.30 34.00 34.00 
2016/08/23 34.05 34.45 33.95 34.45 
2016/08/24 34.10 34.45 34.10 34.30 
2016/08/25 34.10 34.50 34.10 34.50 
2016/08/26 34.60 34.70 34.35 34.40 
2016/08/29 34.65 35.00 34.45 34.90 
2016/08/30 35.30 35.30 34.90 35.10 
2016/08/31 35.35 35.35 34.80 34.95 
2016/09/01 35.05 35.05 34.80 34.80 
2016/09/02 35.00 35.00 34.00 34.25 
2016/09/05 34.40 34.55 34.35 34.40 
2016/09/06 34.55 34.90 34.45 34.80 
2016/09/07 35.00 35.05 34.80 34.95 
2016/09/08 35.25 35.25 34.80 35.10 
2016/09/09 35.25 35.30 35.00 35.25 
2016/09/10 35.20 35.20 34.85 35.05 
2016/09/12 35.00 35.05 34.85 34.95 
2016/09/13 34.95 34.95 34.50 34.60 
2016/09/14 34.55 34.75 34.55 34.75 
2016/09/19 35.20 35.25 34.95 35.05 
2016/09/20 35.00 35.15 35.00 35.05 
2016/09/21 35.05 35.15 35.00 35.10 
2016/09/22 35.20 35.25 35.10 35.20 
2016/09/23 35.35 35.40 35.20 35.35 
2016/09/26 35.35 35.45 35.00 35.10 
2016/09/29 35.35 35.35 35.00 35.00 
2016/09/30 35.00 35.00 34.55 34.70 
2016/10/03 34.80 34.90 34.70 34.75 
2016/10/04 35.00 35.00 34.80 34.80 
2016/10/05 35.10 35.10 34.85 34.90 
2016/10/06 35.05 35.10 34.90 34.95 
2016/10/07 35.00 35.25 34.95 35.05 
2016/10/11 34.85 34.90 34.45 34.50 
2016/10/12 34.40 34.50 34.35 34.50 
2016/10/13 34.45 34.65 34.45 34.50 
2016/10/14 34.50 34.50 34.20 34.25 
2016/10/17 34.25 34.60 34.25 34.25 
2016/10/18 34.15 34.50 34.10 34.25 
2016/10/19 35.25 35.25 34.25 34.25 
2016/10/20 34.30 34.55 34.25 34.25 
2016/10/21 34.50 34.50 34.25 34.45 
2016/10/24 34.55 37.45 34.55 37.10 
2016/10/25 37.25 37.35 36.45 36.75 
2016/10/26 36.95 37.00 36.50 36.70 
2016/10/27 36.85 36.85 36.50 36.70 
2016/10/28 36.80 36.80 36.30 36.40 
2016/10/31 36.45 36.50 36.20 36.45 
2016/11/01 36.30 36.90 36.30 36.90 
2016/11/02 36.90 36.95 36.50 36.50 
2016/11/03 36.35 36.45 36.10 36.35 
2016/11/04 36.25 36.45 36.15 36.25 
2016/11/07 36.35 36.50 36.25 36.40 
2016/11/08 36.50 36.70 36.00 36.15 
2016/11/09 36.30 36.30 34.70 34.95 
2016/11/10 35.50 35.70 35.15 35.70 
2016/11/11 35.20 35.65 34.90 35.20 
2016/11/14 35.20 35.50 35.15 35.50 
2016/11/15 35.60 35.60 35.30 35.30 
2016/11/16 35.45 35.55 35.35 35.35 
2016/11/17 35.35 35.35 35.30 35.35 
2016/11/18 35.35 35.50 35.25 35.35 
2016/11/21 35.35 35.55 35.35 35.40 
2016/11/22 35.55 35.75 35.55 35.60 
2016/11/23 35.50 35.80 35.50 35.55 
2016/11/24 35.60 35.70 35.50 35.50 
2016/11/25 35.60 36.00 35.60 35.85 
2016/11/28 35.90 36.15 35.90 35.90 
2016/11/29 36.00 36.00 35.80 35.90 
2016/11/30 36.00 36.00 35.85 35.85 
2016/12/01 35.80 35.95 35.80 35.90 
2016/12/02 35.90 35.95 35.70 35.85 
2016/12/05 35.85 36.05 35.75 35.85 
2016/12/06 35.95 36.00 35.75 35.80 
2016/12/07 35.95 35.95 35.70 35.75 
2016/12/08 36.00 36.00 35.70 35.75 
2016/12/09 35.90 36.10 35.75 35.75 
2016/12/12 35.75 35.75 35.60 35.65 
2016/12/13 35.90 35.90 35.65 35.65 
2016/12/14 35.70 35.70 35.55 35.65 
2016/12/15 35.60 35.75 35.60 35.70 
2016/12/16 35.70 35.70 35.55 35.55 
2016/12/19 35.50 35.90 35.50 35.50 
2016/12/20 35.50 35.70 35.40 35.70 
2016/12/21 35.60 35.60 35.50 35.50 
2016/12/22 35.40 35.50 35.30 35.40 
2016/12/23 35.25 35.45 35.25 35.35 
2016/12/26 35.35 35.40 35.20 35.35 
2016/12/27 35.35 35.40 35.35 35.40 
2016/12/28 35.50 35.70 35.50 35.60 
2016/12/29 35.80 35.85 35.60 35.60 
2016/12/30 35.60 35.70 35.50 35.60 
2017/01/03 35.70 35.70 35.50 35.70 
2017/01/04 35.80 35.80 35.60 35.60 
2017/01/05 35.70 35.75 35.55 35.75 
2017/01/06 35.95 35.95 35.55 35.60 
2017/01/09 35.60 35.60 35.50 35.50 
2017/01/10 35.40 35.45 35.40 35.45 
2017/01/11 35.45 35.45 35.30 35.35 
2017/01/12 35.40 35.50 35.40 35.45 
2017/01/13 35.40 35.45 35.35 35.35 
2017/01/16 35.35 35.40 35.10 35.40 
2017/01/17 35.45 35.60 35.40 35.50 
2017/01/18 35.55 35.55 35.15 35.25 
2017/01/19 35.20 35.45 35.05 35.45 
2017/01/20 35.45 35.45 35.15 35.30 
2017/01/23 35.30 35.35 35.10 35.15 
2017/01/24 35.20 35.30 35.15 35.30 
2017/02/02 35.30 35.45 35.30 35.35 
2017/02/03 35.40 35.55 35.30 35.35 
2017/02/06 35.35 35.70 35.35 35.60 
2017/02/07 35.70 35.75 35.65 35.70 
2017/02/08 35.70 35.80 35.55 35.70 
