2016/07/01 14.05 14.05 13.80 13.85 
2016/07/04 13.95 14.05 13.90 14.00 
2016/07/05 14.00 14.05 13.90 14.05 
2016/07/06 14.00 14.00 13.90 13.95 
2016/07/07 14.00 14.50 13.90 14.15 
2016/07/11 14.35 14.35 14.10 14.15 
2016/07/12 14.10 14.25 14.10 14.15 
2016/07/13 14.20 14.20 14.00 14.05 
2016/07/14 14.20 14.30 14.15 14.25 
2016/07/15 14.35 14.35 14.15 14.35 
2016/07/18 14.35 14.40 14.30 14.35 
2016/07/19 14.35 14.50 14.30 14.40 
2016/07/20 14.40 14.50 14.30 14.40 
2016/07/21 14.40 14.50 14.40 14.45 
2016/07/22 14.45 14.45 14.35 14.40 
2016/07/25 14.40 14.40 14.20 14.20 
2016/07/26 14.30 14.60 14.20 14.50 
2016/07/27 14.50 14.60 14.35 14.45 
2016/07/28 14.55 14.55 14.30 14.30 
2016/07/29 14.40 14.60 14.25 14.60 
2016/08/01 14.85 14.85 14.55 14.75 
2016/08/02 14.60 14.80 14.55 14.65 
2016/08/03 14.65 14.65 14.40 14.55 
2016/08/04 14.75 14.75 14.35 14.45 
2016/08/05 14.40 14.40 14.25 14.25 
2016/08/08 14.30 14.35 14.25 14.35 
2016/08/09 14.20 14.35 14.20 14.30 
2016/08/10 14.20 14.30 14.15 14.15 
2016/08/11 14.25 14.30 14.10 14.15 
2016/08/12 14.30 14.30 14.10 14.15 
2016/08/15 14.20 14.25 14.00 14.05 
2016/08/16 14.05 14.05 13.95 14.00 
2016/08/17 14.10 14.10 14.00 14.05 
2016/08/18 14.10 14.80 14.10 14.75 
2016/08/19 14.90 14.95 14.65 14.65 
2016/08/22 14.50 15.70 14.50 15.20 
2016/08/23 15.40 15.55 15.05 15.45 
2016/08/24 15.50 16.15 15.45 16.00 
2016/08/25 15.90 16.20 15.80 15.90 
2016/08/26 15.90 15.90 15.75 15.80 
2016/08/29 15.80 16.25 15.80 15.90 
2016/08/30 16.00 16.45 15.80 16.45 
2016/08/31 16.45 16.80 15.90 15.90 
2016/09/01 15.90 15.90 15.70 15.80 
2016/09/02 15.80 16.00 15.70 15.70 
2016/09/05 16.00 16.10 15.70 15.75 
2016/09/06 15.55 16.05 15.55 15.95 
2016/09/07 16.00 16.35 16.00 16.05 
2016/09/08 16.05 16.30 16.05 16.05 
2016/09/09 16.05 16.45 16.05 16.45 
2016/09/10 16.30 16.95 16.20 16.60 
2016/09/12 16.65 16.65 16.20 16.25 
2016/09/13 16.30 16.35 16.05 16.25 
2016/09/14 16.30 16.30 16.00 16.10 
2016/09/19 16.20 16.40 16.20 16.35 
2016/09/20 16.30 16.80 16.30 16.55 
2016/09/21 16.65 16.80 16.55 16.70 
2016/09/22 16.85 17.45 16.85 17.10 
2016/09/23 17.15 17.30 16.85 17.10 
2016/09/26 17.20 17.25 16.90 17.10 
2016/09/29 17.10 17.15 16.95 17.15 
2016/09/30 17.00 17.70 17.00 17.20 
2016/10/03 17.20 17.25 16.95 17.15 
2016/10/04 17.20 17.25 16.90 16.95 
2016/10/05 16.90 17.05 16.85 16.90 
2016/10/06 16.90 17.05 16.80 16.85 
2016/10/07 16.80 17.00 16.80 16.90 
2016/10/11 16.95 17.10 16.05 16.15 
2016/10/12 16.25 16.80 16.15 16.65 
2016/10/13 16.65 16.70 16.35 16.70 
2016/10/14 16.80 16.85 16.30 16.50 
2016/10/17 16.50 16.70 16.40 16.50 
2016/10/18 16.50 16.75 16.35 16.60 
2016/10/19 16.70 16.95 16.50 16.70 
2016/10/20 16.70 16.80 16.65 16.70 
2016/10/21 16.70 16.80 16.65 16.75 
2016/10/24 16.75 16.80 16.65 16.70 
2016/10/25 16.60 17.80 16.60 17.30 
2016/10/26 17.40 17.65 17.15 17.30 
2016/10/27 17.30 17.40 16.55 16.70 
2016/10/28 16.85 16.85 16.45 16.60 
2016/10/31 16.60 17.00 16.40 17.00 
2016/11/01 16.80 16.90 16.55 16.70 
2016/11/02 16.50 16.50 16.25 16.40 
2016/11/03 16.40 16.40 16.10 16.20 
2016/11/04 16.20 16.25 16.00 16.20 
2016/11/07 16.25 16.40 16.05 16.10 
2016/11/08 16.25 16.30 16.05 16.25 
2016/11/09 16.10 16.25 15.55 15.70 
2016/11/10 16.85 16.85 16.40 16.75 
2016/11/11 16.40 16.95 16.30 16.75 
2016/11/14 16.75 16.95 16.65 16.95 
2016/11/15 17.10 17.25 17.00 17.20 
2016/11/16 17.30 17.40 16.95 17.05 
2016/11/17 17.00 17.10 16.75 16.85 
2016/11/18 16.90 16.90 16.75 16.75 
2016/11/21 16.95 17.70 16.85 17.50 
2016/11/22 17.50 17.50 17.30 17.45 
2016/11/23 17.40 17.40 17.15 17.25 
2016/11/24 17.30 17.30 17.05 17.10 
2016/11/25 17.10 17.35 16.90 17.30 
2016/11/28 17.35 17.35 17.15 17.25 
2016/11/29 17.25 17.25 17.15 17.20 
2016/11/30 17.20 17.20 16.90 17.15 
2016/12/01 17.05 17.60 17.05 17.30 
2016/12/02 17.30 17.55 17.15 17.55 
2016/12/05 17.80 17.90 16.80 17.10 
2016/12/06 17.25 17.55 17.15 17.50 
2016/12/07 17.55 17.60 17.45 17.50 
2016/12/08 17.50 17.55 17.40 17.45 
2016/12/09 17.45 18.40 17.45 18.40 
2016/12/12 18.65 19.10 18.15 18.20 
2016/12/13 18.25 18.45 17.60 18.30 
2016/12/14 18.45 18.95 18.15 18.85 
2016/12/15 18.90 19.30 18.50 18.55 
2016/12/16 18.60 18.80 18.30 18.30 
2016/12/19 18.30 18.40 18.05 18.10 
2016/12/20 18.20 19.90 18.10 19.90 
2016/12/21 20.20 20.20 19.40 19.50 
2016/12/22 19.50 19.65 18.85 19.00 
2016/12/23 19.10 19.40 18.95 19.00 
2016/12/26 19.20 19.20 18.70 18.70 
2016/12/27 18.85 19.30 18.65 18.75 
2016/12/28 19.05 19.15 18.80 19.00 
2016/12/29 19.00 19.00 18.75 18.95 
2016/12/30 19.10 19.10 18.55 18.60 
2017/01/03 18.70 19.50 18.55 19.40 
2017/01/04 19.40 19.45 19.15 19.25 
2017/01/05 19.30 19.50 19.00 19.15 
2017/01/06 19.20 19.45 19.00 19.30 
2017/01/09 19.30 19.30 17.40 17.45 
2017/01/10 17.60 17.90 17.45 17.65 
2017/01/11 17.85 18.15 17.75 17.85 
2017/01/12 17.90 17.90 17.15 17.30 
2017/01/13 17.30 17.40 17.05 17.20 
2017/01/16 17.20 17.30 16.90 17.05 
2017/01/17 17.05 17.15 16.70 17.00 
2017/01/18 17.00 17.40 16.95 17.15 
2017/01/19 17.25 17.25 16.95 16.95 
2017/01/20 16.90 17.10 16.90 17.05 
2017/01/23 17.05 17.05 16.85 16.90 
2017/01/24 16.95 17.05 16.80 16.80 
2017/02/02 16.90 16.95 16.60 16.70 
2017/02/03 16.85 17.25 16.75 17.15 
2017/02/06 17.30 17.55 17.25 17.50 
2017/02/07 17.50 17.55 17.35 17.40 
2017/02/08 17.40 17.40 17.20 17.20 
