2016/07/01 9.35 9.40 9.20 9.22 
2016/07/04 9.22 9.22 9.07 9.08 
2016/07/05 9.14 9.25 9.04 9.06 
2016/07/06 9.06 9.10 9.02 9.02 
2016/07/07 9.10 9.15 9.10 9.10 
2016/07/11 9.11 9.20 9.01 9.09 
2016/07/12 9.11 9.19 9.00 9.07 
2016/07/13 9.15 9.20 9.03 9.05 
2016/07/14 9.05 9.17 9.05 9.12 
2016/07/15 9.12 9.15 9.05 9.05 
2016/07/18 9.39 9.39 9.10 9.10 
2016/07/19 9.10 9.10 9.00 9.01 
2016/07/20 9.01 9.01 8.90 9.01 
2016/07/21 9.09 9.19 8.96 9.05 
2016/07/22 8.99 9.09 8.93 9.07 
2016/07/25 9.12 9.12 8.96 8.96 
2016/07/26 9.10 9.10 8.93 8.98 
2016/07/27 8.96 9.00 8.94 8.94 
2016/07/28 8.87 9.02 8.86 8.99 
2016/07/29 8.95 9.08 8.90 8.97 
2016/08/01 8.81 9.20 8.81 8.97 
2016/08/02 9.00 9.15 8.95 9.05 
2016/08/03 9.05 9.07 8.95 8.95 
2016/08/04 8.95 9.06 8.89 9.00 
2016/08/05 9.00 9.00 8.89 8.98 
2016/08/08 8.98 9.00 8.93 8.95 
2016/08/09 8.95 8.95 8.76 8.76 
2016/08/10 8.76 8.80 8.57 8.59 
2016/08/11 8.55 8.60 8.38 8.60 
2016/08/12 8.59 8.59 8.41 8.42 
2016/08/15 8.41 8.41 8.22 8.23 
2016/08/16 8.20 8.22 8.13 8.18 
2016/08/17 8.18 8.20 8.08 8.16 
2016/08/18 8.09 8.23 8.09 8.12 
2016/08/19 8.10 8.21 8.10 8.21 
2016/08/22 8.21 8.25 8.10 8.12 
2016/08/23 8.11 8.13 8.10 8.10 
2016/08/24 8.07 8.11 8.02 8.11 
2016/08/25 8.11 8.11 7.90 8.02 
2016/08/26 8.02 8.67 8.02 8.37 
2016/08/29 8.40 8.80 8.16 8.70 
2016/08/30 8.77 8.77 8.53 8.64 
2016/08/31 8.64 8.64 8.46 8.46 
2016/09/01 8.50 8.50 8.28 8.35 
2016/09/02 8.30 8.30 8.09 8.09 
2016/09/05 8.13 8.28 8.13 8.15 
2016/09/06 8.15 8.18 8.08 8.08 
2016/09/07 8.16 8.22 8.10 8.15 
2016/09/08 8.32 8.32 8.10 8.10 
2016/09/09 8.18 8.30 8.10 8.11 
2016/09/10 8.11 8.40 8.00 8.16 
2016/09/12 8.12 8.12 8.00 8.00 
2016/09/13 8.08 8.14 7.96 7.96 
2016/09/14 7.96 8.10 7.96 8.00 
2016/09/19 8.02 8.45 8.02 8.37 
2016/09/20 8.37 8.40 8.11 8.12 
2016/09/21 8.24 8.24 8.07 8.07 
2016/09/22 8.34 8.34 8.10 8.12 
2016/09/23 8.21 8.21 8.10 8.14 
2016/09/26 8.16 8.16 8.01 8.11 
2016/09/29 8.14 8.20 8.05 8.06 
2016/09/30 8.07 8.20 8.07 8.17 
2016/10/03 8.22 8.22 8.10 8.11 
2016/10/04 8.05 8.11 8.05 8.11 
2016/10/05 8.11 8.11 8.06 8.07 
2016/10/06 8.16 8.23 8.10 8.19 
2016/10/07 8.23 8.23 8.12 8.15 
2016/10/11 8.16 8.18 8.01 8.06 
2016/10/12 8.20 8.20 8.04 8.04 
2016/10/13 8.03 8.19 8.02 8.03 
2016/10/14 8.03 8.10 8.00 8.10 
2016/10/17 8.00 8.15 7.95 8.00 
2016/10/18 8.01 8.01 7.94 7.94 
2016/10/19 7.95 8.05 7.94 8.02 
2016/10/20 8.05 8.14 7.96 8.03 
2016/10/21 8.31 8.83 8.17 8.83 
2016/10/24 8.92 9.71 8.92 9.51 
2016/10/25 9.73 9.80 9.22 9.23 
2016/10/26 9.23 9.78 9.23 9.50 
2016/10/27 9.50 9.52 9.28 9.29 
2016/10/28 9.45 9.65 9.34 9.41 
2016/10/31 9.43 9.59 9.41 9.53 
2016/11/01 9.61 9.65 9.46 9.49 
2016/11/02 9.49 9.49 9.07 9.29 
2016/11/03 9.29 9.34 9.14 9.28 
2016/11/04 9.18 9.27 9.00 9.08 
2016/11/07 9.08 9.10 8.86 8.86 
2016/11/08 8.86 8.86 8.51 8.56 
2016/11/09 8.62 8.70 8.01 8.04 
2016/11/10 8.03 8.28 8.03 8.25 
2016/11/11 8.20 8.20 8.00 8.00 
2016/11/14 8.00 8.17 7.99 8.02 
2016/11/15 8.02 8.09 8.01 8.01 
2016/11/16 8.06 8.07 8.00 8.06 
2016/11/17 8.10 8.20 8.02 8.10 
2016/11/18 8.16 8.16 8.05 8.10 
2016/11/21 8.10 8.50 8.06 8.35 
2016/11/22 8.32 8.35 8.17 8.20 
2016/11/23 8.26 8.26 8.10 8.10 
2016/11/24 8.10 8.10 8.03 8.06 
2016/11/25 8.11 8.13 8.04 8.05 
2016/11/28 8.05 8.13 8.05 8.05 
2016/11/29 8.10 8.12 8.05 8.06 
2016/11/30 8.06 8.11 8.04 8.05 
2016/12/01 8.06 8.06 7.97 8.00 
2016/12/02 7.99 8.03 7.99 8.00 
2016/12/05 8.00 8.04 7.99 8.00 
2016/12/06 8.18 8.18 8.02 8.03 
2016/12/07 8.13 8.13 8.03 8.03 
2016/12/08 8.07 8.09 8.03 8.03 
2016/12/09 8.30 8.76 8.24 8.49 
2016/12/12 8.35 8.35 8.10 8.21 
2016/12/13 8.21 8.29 8.13 8.14 
2016/12/14 8.14 8.18 8.10 8.10 
2016/12/15 8.09 8.14 8.04 8.07 
2016/12/16 8.15 8.15 8.02 8.09 
2016/12/19 8.09 8.10 8.00 8.02 
2016/12/20 8.06 8.07 8.02 8.05 
2016/12/21 8.00 8.05 7.90 8.00 
2016/12/22 7.90 8.02 7.90 7.95 
2016/12/23 7.99 8.01 7.91 7.95 
2016/12/26 7.95 7.95 7.90 7.91 
2016/12/27 7.91 7.95 7.90 7.92 
2016/12/28 7.92 7.96 7.85 7.92 
2016/12/29 7.95 7.96 7.80 7.82 
2016/12/30 7.82 7.88 7.73 7.80 
2017/01/03 7.85 8.05 7.85 8.00 
2017/01/04 8.00 8.00 7.80 7.83 
2017/01/05 7.87 8.05 7.87 7.97 
2017/01/06 7.97 7.98 7.85 7.88 
2017/01/09 7.90 7.99 7.90 7.92 
2017/01/10 7.98 8.01 7.90 7.94 
2017/01/11 7.94 7.94 7.82 7.82 
2017/01/12 7.87 7.94 7.85 7.85 
2017/01/13 7.86 7.90 7.85 7.86 
2017/01/16 7.86 7.94 7.78 7.83 
2017/01/17 7.85 7.85 7.71 7.78 
2017/01/18 7.78 7.81 7.72 7.75 
2017/01/19 7.80 7.85 7.76 7.85 
2017/01/20 7.82 8.00 7.80 7.81 
2017/01/23 7.84 7.85 7.75 7.80 
2017/01/24 7.80 7.84 7.80 7.83 
2017/02/02 7.83 7.86 7.76 7.81 
2017/02/03 7.82 7.96 7.81 7.93 
2017/02/06 7.93 7.95 7.88 7.90 
2017/02/07 8.00 8.01 7.89 8.00 
2017/02/08 8.20 8.22 8.05 8.15 
