2016/07/01 15.15 15.30 15.00 15.00 
2016/07/04 15.00 15.30 14.90 15.25 
2016/07/05 15.25 15.30 15.05 15.20 
2016/07/06 15.00 15.25 14.85 14.90 
2016/07/07 15.15 15.15 14.90 15.00 
2016/07/11 15.00 15.40 14.90 15.35 
2016/07/12 15.20 15.20 15.00 15.05 
2016/07/13 15.05 15.80 15.00 15.45 
2016/07/14 15.40 15.70 15.25 15.50 
2016/07/15 15.60 15.70 15.25 15.60 
2016/07/18 15.80 15.80 15.40 15.50 
2016/07/19 15.30 15.50 15.05 15.15 
2016/07/20 15.00 15.25 15.00 15.20 
2016/07/21 15.20 15.60 15.10 15.50 
2016/07/22 15.50 15.55 15.35 15.45 
2016/07/25 15.45 15.45 15.00 15.05 
2016/07/26 15.05 15.30 14.90 15.00 
2016/07/27 15.05 15.10 14.95 14.95 
2016/07/28 14.95 15.10 14.70 14.85 
2016/07/29 15.00 15.00 14.75 14.80 
2016/08/01 14.75 14.85 14.70 14.85 
2016/08/02 14.95 15.05 14.85 14.90 
2016/08/03 14.65 14.90 14.65 14.80 
2016/08/04 15.00 15.00 14.70 14.75 
2016/08/05 14.85 14.85 14.60 14.70 
2016/08/08 14.75 14.75 14.50 14.65 
2016/08/09 14.60 14.60 14.45 14.60 
2016/08/10 14.60 14.60 14.30 14.45 
2016/08/11 14.45 14.50 14.20 14.40 
2016/08/12 14.45 14.90 14.45 14.65 
2016/08/15 14.85 14.90 14.55 14.55 
2016/08/16 14.65 14.75 14.60 14.70 
2016/08/17 14.70 14.85 14.65 14.85 
2016/08/18 14.95 14.95 14.60 14.70 
2016/08/19 14.70 14.80 14.55 14.80 
2016/08/22 14.80 14.80 14.60 14.70 
2016/08/23 14.80 14.80 14.60 14.80 
2016/08/24 14.85 14.85 14.70 14.85 
2016/08/25 14.85 14.90 14.70 14.80 
2016/08/26 14.85 15.00 14.85 14.90 
2016/08/29 14.95 15.20 14.85 15.05 
2016/08/30 15.05 15.95 15.05 15.65 
2016/08/31 15.65 15.85 15.30 15.75 
2016/09/01 15.60 15.65 15.55 15.55 
2016/09/02 15.55 15.60 15.20 15.40 
2016/09/05 15.40 15.40 15.15 15.30 
2016/09/06 15.25 15.75 15.25 15.60 
2016/09/07 15.70 16.60 15.70 16.20 
2016/09/08 16.20 16.20 15.90 16.05 
2016/09/09 16.30 16.30 15.95 16.10 
2016/09/10 15.80 15.80 15.60 15.70 
2016/09/12 15.70 15.70 15.50 15.55 
2016/09/13 15.70 15.70 15.10 15.35 
2016/09/14 15.30 15.40 15.30 15.40 
2016/09/19 15.50 15.50 15.30 15.30 
2016/09/20 15.35 15.40 15.30 15.40 
2016/09/21 15.50 15.70 15.40 15.65 
2016/09/22 15.70 15.70 15.50 15.55 
2016/09/23 15.75 15.75 15.50 15.65 
2016/09/26 15.70 15.80 15.60 15.60 
2016/09/29 15.70 15.70 15.35 15.55 
2016/09/30 15.55 15.60 15.35 15.60 
2016/10/03 15.70 16.00 15.70 15.90 
2016/10/04 15.90 16.00 15.70 16.00 
2016/10/05 16.00 16.10 15.75 15.85 
2016/10/06 16.00 16.00 15.80 15.90 
2016/10/07 15.75 16.00 15.65 15.90 
2016/10/11 16.30 16.65 16.05 16.30 
2016/10/12 16.30 16.30 16.10 16.10 
2016/10/13 16.15 16.35 16.00 16.00 
2016/10/14 16.10 16.10 15.70 15.80 
2016/10/17 15.60 15.85 15.45 15.75 
2016/10/18 15.60 15.80 15.45 15.80 
2016/10/19 15.80 15.90 15.50 15.65 
2016/10/20 15.60 15.60 15.45 15.45 
2016/10/21 15.45 15.60 15.45 15.50 
2016/10/24 15.55 15.70 15.50 15.70 
2016/10/25 15.65 15.90 15.60 15.80 
2016/10/26 15.75 15.80 15.60 15.70 
2016/10/27 15.75 15.80 15.55 15.70 
2016/10/28 15.75 15.75 15.55 15.65 
2016/10/31 15.90 16.10 15.70 15.95 
2016/11/01 15.95 16.00 15.90 15.95 
2016/11/02 16.00 16.00 15.70 15.85 
2016/11/03 15.85 16.00 15.55 15.85 
2016/11/04 15.85 15.90 15.50 15.80 
2016/11/07 15.85 15.90 15.80 15.85 
2016/11/08 15.95 15.95 15.65 15.80 
2016/11/09 15.65 15.70 15.20 15.50 
2016/11/10 15.40 15.95 15.40 15.95 
2016/11/11 16.00 16.00 15.45 15.85 
2016/11/14 15.85 16.00 15.70 15.80 
2016/11/15 15.75 16.40 15.75 16.40 
2016/11/16 16.60 16.80 16.00 16.05 
2016/11/17 16.05 16.10 15.80 16.00 
2016/11/18 16.00 16.05 15.80 16.00 
2016/11/21 15.90 16.00 15.75 15.80 
2016/11/22 16.00 16.00 15.85 15.90 
2016/11/23 16.00 16.05 15.75 15.75 
2016/11/24 15.75 15.85 15.60 15.85 
2016/11/25 15.85 16.00 15.80 15.95 
2016/11/28 15.75 15.95 15.70 15.85 
2016/11/29 15.80 16.10 15.75 15.95 
2016/11/30 15.95 16.10 15.80 15.80 
2016/12/01 15.80 15.95 15.80 15.95 
2016/12/02 15.85 15.95 15.75 15.90 
2016/12/05 15.90 15.90 15.80 15.85 
2016/12/06 15.80 16.05 15.80 15.85 
2016/12/07 15.80 15.90 15.60 15.80 
2016/12/08 15.90 16.00 15.80 15.80 
2016/12/09 15.85 15.90 15.60 15.70 
2016/12/12 15.75 15.85 15.60 15.85 
2016/12/13 16.25 17.40 16.25 17.40 
2016/12/14 17.90 19.10 17.80 19.10 
2016/12/15 19.50 20.50 19.50 19.80 
2016/12/16 19.80 20.30 19.55 20.00 
2016/12/19 20.00 20.20 19.40 19.80 
2016/12/20 19.80 20.15 19.05 19.15 
2016/12/21 19.15 19.45 18.90 19.15 
2016/12/22 19.20 19.20 18.30 18.45 
2016/12/23 18.45 18.85 18.45 18.50 
2016/12/26 18.75 18.95 18.60 18.75 
2016/12/27 18.80 18.80 18.00 18.50 
2016/12/28 18.70 19.20 18.50 18.80 
2016/12/29 18.65 20.65 18.65 20.65 
2016/12/30 21.10 21.50 20.65 20.70 
2017/01/03 20.70 21.40 20.50 21.00 
2017/01/04 21.00 22.45 20.80 22.00 
2017/01/05 22.30 22.65 21.20 21.50 
2017/01/06 21.40 21.70 21.05 21.30 
2017/01/09 21.30 21.50 20.75 20.80 
2017/01/10 21.00 21.40 20.65 20.80 
2017/01/11 21.00 21.35 20.50 20.60 
2017/01/12 20.55 20.80 19.95 20.20 
2017/01/13 20.20 20.35 19.85 20.10 
2017/01/16 20.00 20.80 20.00 20.60 
2017/01/17 20.65 20.70 20.00 20.05 
2017/01/18 20.05 20.65 20.05 20.10 
2017/01/19 20.15 20.40 19.45 19.45 
2017/01/20 19.50 19.80 19.20 19.20 
2017/01/23 19.30 19.60 19.20 19.30 
2017/01/24 19.35 19.45 19.05 19.10 
2017/02/02 19.35 19.55 19.00 19.50 
2017/02/03 19.65 20.35 19.65 20.00 
2017/02/06 20.10 20.35 20.00 20.00 
2017/02/07 20.00 20.20 20.00 20.00 
2017/02/08 20.10 20.20 19.70 19.70 
