2016/07/01 14.30 14.35 14.25 14.25 
2016/07/04 14.35 14.40 14.20 14.35 
2016/07/05 14.50 14.80 14.35 14.60 
2016/07/06 14.70 14.75 14.50 14.50 
2016/07/07 14.65 14.80 14.60 14.80 
2016/07/11 14.60 14.60 14.35 14.55 
2016/07/12 14.55 14.55 14.30 14.50 
2016/07/13 14.35 14.45 14.30 14.40 
2016/07/14 14.55 14.80 14.50 14.60 
2016/07/15 14.70 14.70 14.55 14.70 
2016/07/18 14.95 14.95 14.70 14.85 
2016/07/19 14.90 14.95 14.80 14.85 
2016/07/20 14.85 15.00 14.80 14.95 
2016/07/21 14.00 14.10 13.90 14.00 
2016/07/22 14.00 14.00 13.85 13.85 
2016/07/25 13.85 14.00 13.15 13.35 
2016/07/26 13.40 13.60 13.40 13.55 
2016/07/27 13.65 13.65 13.55 13.60 
2016/07/28 13.55 13.65 13.45 13.50 
2016/07/29 13.60 13.65 13.50 13.50 
2016/08/01 13.50 13.70 13.50 13.50 
2016/08/02 13.50 13.65 13.45 13.60 
2016/08/03 13.55 13.60 13.50 13.60 
2016/08/04 13.65 13.65 13.50 13.50 
2016/08/05 13.50 13.60 13.50 13.50 
2016/08/08 13.60 13.65 13.55 13.60 
2016/08/09 13.65 13.70 13.50 13.60 
2016/08/10 13.60 13.65 13.50 13.50 
2016/08/11 13.50 13.50 13.30 13.45 
2016/08/12 13.30 13.45 13.25 13.30 
2016/08/15 13.40 13.40 13.20 13.30 
2016/08/16 13.40 13.40 13.25 13.40 
2016/08/17 13.40 13.45 12.90 13.15 
2016/08/18 13.20 13.25 13.10 13.25 
2016/08/19 13.30 13.30 13.10 13.10 
2016/08/22 13.10 13.15 12.80 12.90 
2016/08/23 12.95 13.05 12.95 13.05 
2016/08/24 13.10 13.10 13.05 13.10 
2016/08/25 13.05 13.15 13.05 13.15 
2016/08/26 13.20 13.25 13.15 13.25 
2016/08/29 13.20 13.25 13.05 13.05 
2016/08/30 13.10 13.25 13.05 13.10 
2016/08/31 13.20 13.20 13.10 13.15 
2016/09/01 13.10 13.25 13.05 13.15 
2016/09/02 13.20 13.20 13.05 13.05 
2016/09/05 13.15 13.15 13.10 13.15 
2016/09/06 13.00 13.20 13.00 13.15 
2016/09/07 13.20 13.25 13.10 13.20 
2016/09/08 13.25 13.25 13.15 13.15 
2016/09/09 13.25 13.35 13.10 13.20 
2016/09/10 13.10 13.35 13.10 13.20 
2016/09/12 13.30 13.30 13.10 13.10 
2016/09/13 13.25 13.50 13.15 13.40 
2016/09/14 13.50 13.50 13.40 13.45 
2016/09/19 13.50 13.50 13.25 13.30 
2016/09/20 13.40 13.60 13.40 13.50 
2016/09/21 13.60 13.65 13.50 13.50 
2016/09/22 13.60 14.20 13.50 14.05 
2016/09/23 14.05 14.25 13.75 13.85 
2016/09/26 13.75 13.90 13.75 13.85 
2016/09/29 13.90 13.90 13.70 13.80 
2016/09/30 13.85 13.85 13.60 13.60 
2016/10/03 13.80 13.80 13.65 13.65 
2016/10/04 13.75 13.90 13.65 13.75 
2016/10/05 13.75 13.85 13.65 13.65 
2016/10/06 13.80 14.20 13.80 13.90 
2016/10/07 14.00 14.00 13.70 13.70 
2016/10/11 13.90 13.95 13.60 13.65 
2016/10/12 13.65 13.80 13.50 13.60 
2016/10/13 13.60 13.60 13.50 13.50 
2016/10/14 13.60 13.60 13.40 13.40 
2016/10/17 13.40 13.40 13.25 13.30 
2016/10/18 13.45 13.45 13.35 13.35 
2016/10/19 13.75 13.75 13.35 13.35 
2016/10/20 13.50 13.55 13.40 13.55 
2016/10/21 13.75 13.75 13.40 13.50 
2016/10/24 13.50 13.65 13.40 13.50 
2016/10/25 13.40 13.50 13.40 13.40 
2016/10/26 13.55 13.55 13.35 13.45 
2016/10/27 13.55 13.55 13.40 13.45 
2016/10/28 13.55 13.55 13.40 13.40 
2016/10/31 13.55 13.55 13.35 13.35 
2016/11/01 13.45 13.45 13.35 13.40 
2016/11/02 13.50 13.50 13.30 13.35 
2016/11/03 13.45 13.45 13.20 13.25 
2016/11/04 13.30 13.30 13.15 13.25 
2016/11/07 13.30 13.30 13.20 13.20 
2016/11/08 13.20 13.35 13.20 13.20 
2016/11/09 13.20 13.20 12.95 12.95 
2016/11/10 13.00 13.25 13.00 13.25 
2016/11/11 13.35 13.40 13.30 13.40 
2016/11/14 13.30 13.45 13.30 13.35 
2016/11/15 12.85 13.25 12.85 13.25 
2016/11/16 13.40 13.40 13.15 13.35 
2016/11/17 13.40 13.40 13.15 13.25 
2016/11/18 13.30 13.30 13.20 13.25 
2016/11/21 13.15 13.35 13.15 13.35 
2016/11/22 13.40 13.45 13.25 13.40 
2016/11/23 13.40 13.50 13.30 13.40 
2016/11/24 13.40 13.40 13.30 13.30 
2016/11/25 13.55 13.55 13.25 13.45 
2016/11/28 13.40 13.50 13.40 13.45 
2016/11/29 13.55 14.25 13.50 13.90 
2016/11/30 14.00 14.00 13.80 13.80 
2016/12/01 13.85 13.85 13.80 13.80 
2016/12/02 13.75 13.85 13.70 13.80 
2016/12/05 13.60 13.70 13.55 13.70 
2016/12/06 13.75 13.85 13.75 13.75 
2016/12/07 13.90 13.90 13.70 13.80 
2016/12/08 13.90 13.90 13.80 13.90 
2016/12/09 13.90 13.90 13.80 13.90 
2016/12/12 14.15 14.20 14.05 14.05 
2016/12/13 14.20 14.25 14.05 14.10 
2016/12/14 14.20 14.50 14.10 14.15 
2016/12/15 14.35 14.40 14.10 14.10 
2016/12/16 14.30 14.30 14.00 14.25 
2016/12/19 14.30 14.30 14.05 14.20 
2016/12/20 14.30 14.30 14.10 14.20 
2016/12/21 14.10 14.30 14.10 14.10 
2016/12/22 14.20 14.30 14.10 14.15 
2016/12/23 14.15 14.35 14.15 14.25 
2016/12/26 14.40 14.60 14.30 14.35 
2016/12/27 14.50 14.50 14.20 14.30 
2016/12/28 14.40 14.40 14.25 14.30 
2016/12/29 14.40 14.40 14.35 14.40 
2016/12/30 14.30 14.60 14.30 14.50 
2017/01/03 14.70 14.70 14.50 14.60 
2017/01/04 14.60 14.65 14.50 14.60 
2017/01/05 14.70 14.70 14.50 14.50 
2017/01/06 14.65 14.65 14.55 14.65 
2017/01/09 14.80 14.90 14.75 14.75 
2017/01/10 14.90 15.35 14.90 15.05 
2017/01/11 15.25 15.40 15.05 15.05 
2017/01/12 15.20 15.25 15.15 15.20 
2017/01/13 15.20 15.40 15.10 15.20 
2017/01/16 15.10 15.80 14.90 15.45 
2017/01/17 15.55 15.65 15.45 15.60 
2017/01/18 15.65 15.65 15.50 15.55 
2017/01/19 15.65 15.65 15.40 15.50 
2017/01/20 15.70 15.70 15.50 15.60 
2017/01/23 15.60 15.75 15.55 15.70 
2017/01/24 15.75 15.75 15.40 15.45 
2017/02/02 15.60 15.60 15.30 15.45 
2017/02/03 15.50 15.65 15.40 15.65 
2017/02/06 15.90 16.10 15.70 15.70 
2017/02/07 15.95 15.95 15.55 15.65 
2017/02/08 15.70 15.70 15.50 15.50 
