2016/07/01 0.86 0.86 0.86 0.86 
2016/07/04 0.94 0.94 0.94 0.94 
2016/07/05 1.03 1.03 1.03 1.03 
2016/07/06 1.13 1.13 1.13 1.13 
2016/07/07 1.24 1.24 1.02 1.02 
2016/07/11 0.92 0.92 0.92 0.92 
2016/07/12 0.83 1.01 0.83 1.00 
2016/07/13 0.90 0.90 0.90 0.90 
2016/07/14 0.84 0.95 0.84 0.90 
2016/07/15 0.97 0.97 0.90 0.91 
2016/07/18 0.94 0.94 0.91 0.91 
2016/07/19 0.93 0.93 0.90 0.90 
2016/07/20 0.92 0.92 0.89 0.89 
2016/07/21 0.90 0.97 0.90 0.97 
2016/07/22 0.96 1.00 0.96 1.00 
2016/07/25 1.02 1.02 1.00 1.00 
2016/07/26 1.02 1.02 1.00 1.01 
2016/07/27 1.03 1.03 1.00 1.00 
2016/07/28 1.03 1.03 1.00 1.00 
2016/07/29 1.01 1.01 1.00 1.00 
2016/08/01 1.01 1.01 0.98 0.98 
2016/08/02 1.00 1.00 0.97 0.97 
2016/08/03 0.95 0.96 0.95 0.95 
2016/08/04 0.94 0.94 0.86 0.88 
2016/08/05 0.88 0.91 0.88 0.91 
2016/08/08 0.92 0.93 0.92 0.93 
2016/08/09 0.95 0.95 0.93 0.95 
2016/08/10 0.94 0.96 0.94 0.96 
2016/08/11 0.95 0.95 0.93 0.94 
2016/08/12 0.93 0.95 0.93 0.95 
2016/08/15 1.00 1.00 0.94 0.94 
2016/08/16 0.95 0.95 0.90 0.92 
2016/08/17 0.92 0.93 0.91 0.93 
2016/08/18 0.91 0.92 0.91 0.92 
2016/08/19 0.92 0.95 0.92 0.95 
2016/08/22 0.96 0.96 0.92 0.93 
2016/08/23 0.93 0.95 0.93 0.94 
2016/08/24 0.90 0.94 0.90 0.92 
2016/08/25 0.92 0.94 0.92 0.93 
2016/08/26 0.95 1.02 0.95 1.02 
2016/08/29 1.12 1.12 1.12 1.12 
2016/08/30 1.23 1.23 1.06 1.10 
2016/08/31 1.04 1.10 1.04 1.10 
2016/09/01 1.21 1.21 1.12 1.15 
2016/09/02 1.12 1.13 1.12 1.12 
2016/09/05 1.21 1.23 1.18 1.23 
2016/09/06 1.28 1.33 1.28 1.30 
2016/09/07 1.30 1.32 1.20 1.21 
2016/09/08 1.26 1.33 1.26 1.33 
2016/09/09 1.38 1.38 1.32 1.32 
2016/09/10 1.21 1.33 1.21 1.32 
2016/09/12 1.35 1.35 1.30 1.30 
2016/09/13 1.31 1.33 1.31 1.32 
2016/09/14 1.30 1.30 1.26 1.26 
2016/09/19 1.37 1.37 1.31 1.33 
2016/09/20 1.35 1.36 1.34 1.35 
2016/09/21 1.36 1.39 1.35 1.39 
2016/09/22 1.44 1.44 1.41 1.44 
2016/09/23 1.49 1.56 1.49 1.56 
2016/09/26 1.64 1.71 1.64 1.71 
2016/09/29 1.80 1.88 1.80 1.88 
2016/09/30 1.87 1.87 1.70 1.70 
2016/10/03 1.53 1.70 1.53 1.69 
2016/10/04 1.70 1.78 1.70 1.78 
2016/10/05 1.80 1.80 1.62 1.62 
2016/10/06 1.54 1.78 1.54 1.73 
2016/10/07 1.80 1.80 1.67 1.68 
2016/10/11 1.74 1.75 1.67 1.69 
2016/10/12 1.60 1.69 1.60 1.67 
2016/10/13 1.68 1.68 1.64 1.64 
2016/10/14 1.60 1.60 1.50 1.51 
2016/10/17 1.55 1.57 1.51 1.57 
2016/10/18 1.60 1.62 1.60 1.62 
2016/10/19 1.65 1.65 1.61 1.61 
2016/10/20 1.64 1.64 1.56 1.59 
2016/10/21 1.60 1.61 1.56 1.56 
2016/10/24 1.63 1.63 1.58 1.58 
2016/10/25 1.58 1.63 1.58 1.60 
2016/10/26 1.57 1.60 1.57 1.57 
2016/10/27 1.59 1.60 1.57 1.57 
2016/10/28 1.60 1.60 1.51 1.51 
2016/10/31 1.51 1.56 1.51 1.55 
2016/11/01 1.52 1.56 1.52 1.52 
2016/11/02 1.51 1.51 1.42 1.42 
2016/11/03 1.31 1.31 1.28 1.28 
2016/11/04 1.23 1.38 1.23 1.38 
2016/11/07 1.46 1.47 1.33 1.45 
2016/11/08 1.45 1.45 1.36 1.39 
2016/11/09 1.39 1.39 1.26 1.29 
2016/11/10 1.37 1.37 1.32 1.35 
2016/11/11 1.34 1.35 1.32 1.33 
2016/11/14 1.20 1.34 1.20 1.33 
2016/11/15 1.30 1.32 1.30 1.31 
2016/11/16 1.32 1.34 1.32 1.34 
2016/11/17 1.34 1.34 1.30 1.31 
2016/11/18 1.29 1.36 1.29 1.36 
2016/11/21 1.33 1.43 1.33 1.43 
2016/11/22 1.48 1.48 1.41 1.41 
2016/11/23 1.40 1.43 1.37 1.37 
2016/11/24 1.38 1.39 1.37 1.37 
2016/11/25 1.49 1.50 1.43 1.43 
2016/11/28 1.45 1.45 1.35 1.35 
2016/11/29 1.30 1.38 1.30 1.38 
2016/11/30 1.38 1.41 1.38 1.38 
2016/12/01 1.41 1.41 1.40 1.40 
2016/12/02 1.41 1.42 1.39 1.40 
2016/12/05 1.42 1.42 1.38 1.38 
2016/12/06 1.39 1.40 1.36 1.36 
2016/12/07 1.40 1.40 1.36 1.36 
2016/12/08 1.39 1.39 1.34 1.35 
2016/12/09 1.38 1.40 1.36 1.36 
2016/12/12 1.34 1.36 1.31 1.31 
2016/12/13 1.30 1.39 1.30 1.36 
2016/12/14 1.36 1.37 1.35 1.35 
2016/12/15 1.37 1.37 1.35 1.36 
2016/12/16 1.38 1.38 1.34 1.36 
2016/12/19 1.36 1.36 1.30 1.31 
2016/12/20 1.31 1.32 1.30 1.32 
2016/12/21 1.32 1.35 1.32 1.32 
2016/12/22 1.34 1.34 1.30 1.30 
2016/12/23 1.30 1.30 1.28 1.30 
2016/12/26 1.30 1.30 1.28 1.29 
2016/12/27 1.28 1.28 1.24 1.24 
2016/12/28 1.24 1.25 1.24 1.25 
2016/12/29 1.24 1.28 1.24 1.26 
2016/12/30 1.28 1.29 1.26 1.28 
2017/01/03 1.29 1.29 1.28 1.29 
2017/01/04 1.30 1.32 1.30 1.32 
2017/01/05 1.34 1.35 1.34 1.34 
2017/01/06 1.37 1.37 1.32 1.32 
2017/01/09 1.35 1.35 1.32 1.33 
2017/01/10 1.31 1.34 1.31 1.31 
2017/01/11 1.32 1.33 1.31 1.33 
2017/01/12 1.33 1.44 1.33 1.44 
2017/01/13 1.48 1.48 1.41 1.42 
2017/01/16 1.41 1.41 1.38 1.39 
2017/01/17 1.39 1.41 1.39 1.41 
2017/01/18 1.41 1.43 1.41 1.42 
2017/01/19 1.42 1.46 1.42 1.46 
2017/01/20 1.47 1.47 1.41 1.43 
2017/01/23 1.43 1.43 1.39 1.41 
2017/01/24 1.41 1.43 1.41 1.41 
2017/02/02 1.43 1.55 1.43 1.55 
2017/02/03 1.68 1.70 1.58 1.58 
2017/02/06 1.50 1.65 1.50 1.65 
2017/02/07 1.65 1.65 1.60 1.62 
2017/02/08 1.62 1.62 1.58 1.58 
