2016/07/01 22.85 22.90 22.80 22.90 
2016/07/04 22.95 23.00 22.85 22.95 
2016/07/05 22.90 22.95 22.85 22.95 
2016/07/06 22.95 23.05 22.90 23.05 
2016/07/07 23.20 23.25 23.05 23.15 
2016/07/11 23.15 23.40 23.05 23.20 
2016/07/12 23.25 23.35 23.20 23.30 
2016/07/13 23.20 23.35 23.20 23.35 
2016/07/14 23.30 23.40 23.10 23.30 
2016/07/15 23.25 23.50 23.25 23.50 
2016/07/18 23.60 23.70 23.50 23.50 
2016/07/19 23.55 23.65 23.40 23.65 
2016/07/20 23.65 23.65 23.45 23.65 
2016/07/21 23.65 23.85 23.65 23.80 
2016/07/22 23.80 24.00 23.80 23.85 
2016/07/25 23.85 23.90 23.70 23.80 
2016/07/26 23.90 23.90 23.70 23.80 
2016/07/27 23.80 23.90 23.75 23.90 
2016/07/28 23.80 23.90 23.80 23.85 
2016/07/29 23.85 23.95 23.80 23.90 
2016/08/01 23.95 24.30 23.95 24.30 
2016/08/02 24.30 24.45 24.20 24.40 
2016/08/03 24.15 24.45 24.15 24.40 
2016/08/04 23.05 23.20 22.85 22.95 
2016/08/05 23.00 23.05 22.85 22.90 
2016/08/08 23.00 23.10 22.90 23.05 
2016/08/09 23.10 23.65 23.10 23.25 
2016/08/10 23.40 23.45 23.15 23.20 
2016/08/11 23.20 23.20 22.90 23.10 
2016/08/12 23.10 23.40 23.10 23.30 
2016/08/15 23.40 23.40 23.15 23.20 
2016/08/16 23.35 23.35 23.15 23.15 
2016/08/17 23.10 23.20 22.90 23.05 
2016/08/18 23.20 23.35 23.00 23.25 
2016/08/19 23.25 23.25 23.05 23.10 
2016/08/22 23.20 23.40 23.20 23.25 
2016/08/23 23.25 23.30 23.05 23.20 
2016/08/24 23.20 23.20 23.05 23.10 
2016/08/25 23.15 23.15 22.95 23.10 
2016/08/26 23.20 23.20 22.90 23.00 
2016/08/29 23.15 23.20 22.90 23.15 
2016/08/30 23.25 23.25 22.95 23.00 
2016/08/31 23.00 23.15 22.90 22.90 
2016/09/01 22.80 22.95 22.75 22.85 
2016/09/02 22.95 22.95 22.70 22.75 
2016/09/05 22.80 23.10 22.75 22.95 
2016/09/06 23.05 24.20 23.00 23.75 
2016/09/07 23.80 23.90 23.40 23.75 
2016/09/08 23.90 24.90 23.75 24.60 
2016/09/09 24.50 24.75 24.30 24.75 
2016/09/10 24.80 25.60 24.30 25.25 
2016/09/12 25.35 25.75 25.05 25.10 
2016/09/13 25.10 25.25 24.25 24.50 
2016/09/14 24.35 24.90 24.25 24.50 
2016/09/19 25.20 25.25 24.80 25.25 
2016/09/20 25.50 26.80 25.50 26.25 
2016/09/21 26.25 26.40 26.00 26.15 
2016/09/22 26.20 26.30 25.60 26.00 
2016/09/23 26.15 26.25 26.00 26.25 
2016/09/26 26.30 26.60 26.15 26.30 
2016/09/29 26.30 26.30 25.85 25.90 
2016/09/30 25.90 25.90 25.60 25.65 
2016/10/03 25.85 25.90 25.30 25.60 
2016/10/04 25.60 26.00 25.45 26.00 
2016/10/05 25.75 26.00 25.75 25.80 
2016/10/06 25.75 25.95 25.75 25.75 
2016/10/07 26.05 26.65 26.05 26.20 
2016/10/11 26.25 26.25 25.20 25.35 
2016/10/12 25.60 25.80 25.25 25.60 
2016/10/13 25.60 25.95 25.20 25.90 
2016/10/14 26.00 26.00 25.30 25.35 
2016/10/17 24.90 25.35 24.80 24.90 
2016/10/18 25.00 25.35 24.95 25.30 
2016/10/19 25.45 25.75 25.30 25.45 
2016/10/20 25.65 25.70 25.35 25.40 
2016/10/21 25.50 25.55 25.20 25.35 
2016/10/24 25.35 25.40 25.15 25.15 
2016/10/25 25.15 25.50 25.05 25.30 
2016/10/26 25.30 25.50 25.20 25.30 
2016/10/27 25.40 25.45 25.20 25.45 
2016/10/28 25.30 25.35 25.05 25.20 
2016/10/31 25.45 25.45 25.10 25.20 
2016/11/01 25.20 25.30 25.00 25.00 
2016/11/02 25.10 25.10 24.60 24.60 
2016/11/03 24.60 24.75 24.35 24.40 
2016/11/04 24.55 24.55 24.35 24.40 
2016/11/07 24.65 24.65 24.45 24.45 
2016/11/08 24.40 24.45 24.05 24.40 
2016/11/09 24.40 24.60 23.65 23.95 
2016/11/10 24.00 24.45 24.00 24.25 
2016/11/11 24.20 24.30 23.65 24.00 
2016/11/14 24.00 24.35 23.65 24.00 
2016/11/15 24.00 24.10 23.85 24.00 
2016/11/16 24.35 24.80 24.35 24.55 
2016/11/17 24.55 24.60 24.30 24.35 
2016/11/18 24.30 24.70 24.30 24.50 
2016/11/21 24.50 24.65 24.30 24.50 
2016/11/22 24.40 24.75 24.40 24.45 
2016/11/23 24.50 24.60 24.30 24.35 
2016/11/24 24.40 24.45 24.20 24.30 
2016/11/25 24.30 24.50 24.30 24.40 
2016/11/28 24.50 24.55 24.25 24.45 
2016/11/29 24.50 25.60 24.50 25.20 
2016/11/30 25.40 25.40 24.90 25.00 
2016/12/01 25.00 25.30 25.00 25.05 
2016/12/02 25.25 25.25 24.85 24.90 
2016/12/05 24.95 25.00 24.60 24.80 
2016/12/06 24.70 24.80 24.65 24.75 
2016/12/07 24.75 24.95 24.70 24.90 
2016/12/08 25.20 25.20 24.90 25.10 
2016/12/09 25.10 25.10 24.90 24.95 
2016/12/12 25.10 25.10 24.80 24.85 
2016/12/13 24.95 25.20 24.90 25.15 
2016/12/14 25.15 25.15 25.00 25.15 
2016/12/15 25.10 25.25 25.00 25.20 
2016/12/16 25.55 26.40 25.50 26.05 
2016/12/19 26.10 26.15 25.65 25.75 
2016/12/20 25.90 26.00 25.60 25.95 
2016/12/21 26.00 26.00 25.60 25.65 
2016/12/22 25.60 25.60 25.40 25.40 
2016/12/23 25.40 25.50 25.30 25.40 
2016/12/26 25.40 25.45 25.25 25.35 
2016/12/27 25.50 25.70 25.45 25.50 
2016/12/28 25.80 25.80 25.55 25.65 
2016/12/29 25.60 25.75 25.50 25.75 
2016/12/30 25.80 25.90 25.65 25.80 
2017/01/03 25.80 25.80 25.65 25.75 
2017/01/04 25.80 25.85 25.50 25.75 
2017/01/05 25.75 25.85 25.65 25.65 
2017/01/06 25.70 25.95 25.65 25.95 
2017/01/09 26.00 26.15 25.90 26.05 
2017/01/10 26.05 26.10 25.90 26.05 
2017/01/11 26.10 26.10 25.95 25.95 
2017/01/12 25.95 26.10 25.75 25.80 
2017/01/13 25.80 26.00 25.80 25.95 
2017/01/16 25.95 25.95 25.80 25.90 
2017/01/17 26.10 26.40 26.05 26.05 
2017/01/18 26.10 26.15 25.90 25.90 
2017/01/19 25.95 26.00 25.90 25.95 
2017/01/20 26.10 26.35 26.00 26.25 
2017/01/23 26.35 26.35 26.15 26.20 
2017/01/24 26.20 26.20 26.10 26.15 
2017/02/02 26.20 26.20 25.90 26.00 
2017/02/03 26.00 26.10 25.90 26.10 
2017/02/06 26.35 26.65 26.10 26.40 
2017/02/07 26.40 26.45 26.25 26.30 
2017/02/08 26.15 26.40 26.15 26.20 
