2016/07/01 25.20 25.30 25.05 25.10 
2016/07/04 25.10 25.20 25.10 25.15 
2016/07/05 25.15 25.20 25.00 25.00 
2016/07/06 25.00 25.00 24.75 24.90 
2016/07/07 24.90 25.10 24.80 24.90 
2016/07/11 24.90 25.10 24.85 25.00 
2016/07/12 24.90 24.90 24.60 24.80 
2016/07/13 24.80 24.85 24.50 24.60 
2016/07/14 24.65 24.90 24.60 24.90 
2016/07/15 25.00 25.00 24.90 24.95 
2016/07/18 25.00 25.10 25.00 25.00 
2016/07/19 25.00 25.40 25.00 25.30 
2016/07/20 25.15 25.35 25.10 25.30 
2016/07/21 25.30 25.40 25.15 25.15 
2016/07/22 25.15 25.25 25.00 25.05 
2016/07/25 25.05 25.05 24.75 24.80 
2016/07/26 24.90 24.90 24.75 24.85 
2016/07/27 24.85 24.95 24.85 24.95 
2016/07/28 24.95 24.95 24.80 24.80 
2016/07/29 24.80 24.85 24.65 24.85 
2016/08/01 24.95 25.20 24.85 25.20 
2016/08/02 25.20 25.20 25.00 25.10 
2016/08/03 25.00 25.20 25.00 25.15 
2016/08/04 25.00 25.10 24.95 24.95 
2016/08/05 24.90 25.00 24.85 24.95 
2016/08/08 24.95 25.10 24.95 25.05 
2016/08/09 25.05 25.15 24.95 25.05 
2016/08/10 25.15 25.15 25.00 25.15 
2016/08/11 25.05 25.15 24.90 25.00 
2016/08/12 25.00 25.10 24.95 24.95 
2016/08/15 24.95 25.10 24.95 25.00 
2016/08/16 25.00 25.10 24.95 25.10 
2016/08/17 25.10 25.40 25.05 25.35 
2016/08/18 25.25 25.80 25.25 25.65 
2016/08/19 25.60 25.80 25.45 25.50 
2016/08/22 25.50 25.55 25.40 25.40 
2016/08/23 25.50 25.60 25.45 25.55 
2016/08/24 25.60 25.60 25.50 25.55 
2016/08/25 25.60 25.65 25.50 25.55 
2016/08/26 25.55 25.70 25.55 25.60 
2016/08/29 25.60 25.60 25.50 25.60 
2016/08/30 25.60 25.60 25.45 25.55 
2016/08/31 25.60 25.60 25.45 25.55 
2016/09/01 25.50 25.60 25.50 25.50 
2016/09/02 25.55 25.55 25.45 25.45 
2016/09/05 25.45 25.65 25.45 25.60 
2016/09/06 25.65 25.70 25.50 25.60 
2016/09/07 25.60 25.65 25.55 25.60 
2016/09/08 25.60 25.65 25.55 25.60 
2016/09/09 25.60 25.60 25.50 25.55 
2016/09/10 25.25 25.35 25.20 25.25 
2016/09/12 25.15 25.20 25.05 25.10 
2016/09/13 25.15 25.20 24.90 24.95 
2016/09/14 24.90 25.20 24.90 25.20 
2016/09/19 25.20 25.25 25.10 25.20 
2016/09/20 25.20 25.20 25.05 25.10 
2016/09/21 25.20 25.35 25.10 25.35 
2016/09/22 25.35 25.35 25.15 25.20 
2016/09/23 25.20 25.50 25.15 25.15 
2016/09/26 25.45 25.45 25.10 25.25 
2016/09/29 25.25 25.30 25.10 25.20 
2016/09/30 25.25 25.30 25.10 25.15 
2016/10/03 25.30 25.30 25.20 25.20 
2016/10/04 25.25 25.35 25.25 25.25 
2016/10/05 25.25 25.30 25.20 25.30 
2016/10/06 25.30 25.35 25.25 25.35 
2016/10/07 25.35 25.35 25.25 25.25 
2016/10/11 25.25 25.40 25.20 25.35 
2016/10/12 25.50 26.30 25.50 26.00 
2016/10/13 26.15 26.25 25.80 25.95 
2016/10/14 25.80 26.00 25.60 25.70 
2016/10/17 25.70 25.70 25.60 25.70 
2016/10/18 25.70 25.80 25.60 25.75 
2016/10/19 25.65 25.90 25.65 25.80 
2016/10/20 25.85 25.95 25.65 25.95 
2016/10/21 26.10 26.15 25.90 25.95 
2016/10/24 26.00 26.00 25.85 25.85 
2016/10/25 25.90 25.95 25.85 25.95 
2016/10/26 25.95 26.00 25.95 26.00 
2016/10/27 26.00 26.00 25.85 25.95 
2016/10/28 26.00 26.00 25.85 25.90 
2016/10/31 25.90 26.00 25.85 26.00 
2016/11/01 26.05 26.45 26.00 26.20 
2016/11/02 26.25 26.30 25.80 25.90 
2016/11/03 25.90 26.00 25.80 25.95 
2016/11/04 25.90 26.20 25.90 26.05 
2016/11/07 26.10 26.15 26.00 26.10 
2016/11/08 26.00 26.10 25.95 26.00 
2016/11/09 26.15 26.15 25.55 25.60 
2016/11/10 26.00 26.30 26.00 26.20 
2016/11/11 26.05 26.15 25.80 26.15 
2016/11/14 26.30 26.75 26.20 26.25 
2016/11/15 26.30 26.40 26.10 26.20 
2016/11/16 26.40 26.55 26.35 26.55 
2016/11/17 26.60 26.60 26.30 26.35 
2016/11/18 26.35 26.45 26.30 26.45 
2016/11/21 26.45 26.45 26.20 26.40 
2016/11/22 26.50 26.65 26.50 26.60 
2016/11/23 26.60 26.90 26.60 26.80 
2016/11/24 26.80 26.85 26.70 26.80 
2016/11/25 26.80 27.15 26.80 26.90 
2016/11/28 27.00 27.25 26.90 27.15 
2016/11/29 27.15 27.45 27.10 27.15 
2016/11/30 27.40 27.40 27.20 27.40 
2016/12/01 27.45 27.90 27.40 27.90 
2016/12/02 28.30 28.40 27.50 27.50 
2016/12/05 27.50 27.50 27.20 27.30 
2016/12/06 27.20 27.80 27.20 27.55 
2016/12/07 27.55 27.85 27.55 27.80 
2016/12/08 27.90 28.00 27.70 27.90 
2016/12/09 28.00 28.30 27.90 28.20 
2016/12/12 28.25 28.30 27.85 27.90 
2016/12/13 28.00 29.10 28.00 28.70 
2016/12/14 28.85 28.90 28.05 28.25 
2016/12/15 28.25 28.25 28.00 28.20 
2016/12/16 28.25 28.40 28.10 28.20 
2016/12/19 28.10 28.10 27.45 27.60 
2016/12/20 27.50 27.80 27.50 27.55 
2016/12/21 27.60 27.75 27.50 27.50 
2016/12/22 27.50 27.60 27.20 27.30 
2016/12/23 27.25 27.40 27.25 27.25 
2016/12/26 27.30 27.40 27.20 27.25 
2016/12/27 27.20 27.40 27.20 27.25 
2016/12/28 27.25 27.50 27.25 27.45 
2016/12/29 27.45 27.45 27.15 27.25 
2016/12/30 27.25 27.60 27.25 27.50 
2017/01/03 27.50 27.70 27.35 27.65 
2017/01/04 27.80 28.20 27.80 28.10 
2017/01/05 28.10 28.20 28.00 28.05 
2017/01/06 28.05 28.35 28.00 28.05 
2017/01/09 28.10 28.20 27.80 28.00 
2017/01/10 28.05 28.15 27.80 28.00 
2017/01/11 28.50 28.50 28.05 28.05 
2017/01/12 28.10 28.15 28.05 28.05 
2017/01/13 28.05 28.20 28.00 28.15 
2017/01/16 28.15 28.20 27.95 28.05 
2017/01/17 28.10 28.10 27.85 27.85 
2017/01/18 27.85 28.05 27.85 28.05 
2017/01/19 28.05 28.10 28.00 28.10 
2017/01/20 28.10 28.20 28.10 28.20 
2017/01/23 28.20 28.25 28.00 28.05 
2017/01/24 28.10 28.10 28.00 28.10 
2017/02/02 28.10 28.20 28.05 28.15 
2017/02/03 28.20 28.35 28.10 28.15 
2017/02/06 28.20 28.35 28.20 28.30 
2017/02/07 28.30 28.50 28.30 28.40 
2017/02/08 28.40 28.60 28.40 28.50 
