2016/07/01 18.20 18.30 18.15 18.15 
2016/07/04 18.30 18.35 18.20 18.30 
2016/07/05 18.30 18.65 18.25 18.40 
2016/07/06 18.30 18.30 18.20 18.20 
2016/07/07 18.35 18.45 18.35 18.35 
2016/07/11 18.55 18.55 18.35 18.35 
2016/07/12 18.35 19.00 18.35 19.00 
2016/07/13 17.90 17.95 17.30 17.55 
2016/07/14 17.35 17.60 17.30 17.40 
2016/07/15 17.40 17.60 17.40 17.45 
2016/07/18 17.50 17.65 17.40 17.45 
2016/07/19 17.45 17.55 17.35 17.35 
2016/07/20 17.35 17.40 17.35 17.35 
2016/07/21 17.50 17.50 17.40 17.40 
2016/07/22 17.40 17.40 17.35 17.35 
2016/07/25 17.45 17.65 17.40 17.50 
2016/07/26 17.50 17.60 17.40 17.45 
2016/07/27 17.45 17.45 17.00 17.15 
2016/07/28 17.05 17.20 17.05 17.10 
2016/07/29 17.10 17.20 17.10 17.10 
2016/08/01 17.25 17.25 17.10 17.10 
2016/08/02 17.15 17.35 17.15 17.30 
2016/08/03 17.20 17.20 17.10 17.15 
2016/08/04 17.25 17.25 17.05 17.15 
2016/08/05 17.15 18.30 17.10 17.90 
2016/08/08 18.00 18.40 17.90 18.20 
2016/08/09 18.05 18.40 18.00 18.05 
2016/08/10 18.15 18.40 18.05 18.15 
2016/08/11 18.20 18.20 17.85 18.00 
2016/08/12 17.90 17.90 17.30 17.45 
2016/08/15 17.45 17.55 17.25 17.55 
2016/08/16 17.65 17.65 17.40 17.45 
2016/08/17 17.45 17.50 17.30 17.50 
2016/08/18 17.40 17.60 17.30 17.40 
2016/08/19 17.55 17.55 17.40 17.40 
2016/08/22 17.50 17.60 17.30 17.45 
2016/08/23 17.30 17.70 17.30 17.70 
2016/08/24 17.70 18.00 17.70 17.75 
2016/08/25 17.95 17.95 17.65 17.70 
2016/08/26 17.55 17.85 17.55 17.80 
2016/08/29 17.80 17.90 17.75 17.80 
2016/08/30 17.80 17.90 17.75 17.90 
2016/08/31 17.90 17.90 17.70 17.85 
2016/09/01 17.60 17.75 17.60 17.65 
2016/09/02 17.65 17.65 17.35 17.55 
2016/09/05 17.50 17.65 17.40 17.65 
2016/09/06 17.65 17.70 17.55 17.55 
2016/09/07 17.50 17.60 17.40 17.50 
2016/09/08 17.50 17.55 17.45 17.50 
2016/09/09 17.75 17.75 17.45 17.50 
2016/09/10 17.45 17.65 17.30 17.65 
2016/09/12 17.55 17.65 17.50 17.60 
2016/09/13 17.70 17.70 17.40 17.50 
2016/09/14 17.35 17.60 17.35 17.45 
2016/09/19 17.50 17.50 17.40 17.45 
2016/09/20 17.40 17.50 17.40 17.45 
2016/09/21 17.40 17.65 17.40 17.60 
2016/09/22 17.70 17.70 17.50 17.55 
2016/09/23 17.60 17.60 17.50 17.55 
2016/09/26 17.55 17.65 17.50 17.50 
2016/09/29 17.70 17.70 17.45 17.45 
2016/09/30 17.45 17.50 17.30 17.35 
2016/10/03 17.35 17.45 17.35 17.40 
2016/10/04 17.40 17.45 17.35 17.45 
2016/10/05 17.40 17.50 17.40 17.40 
2016/10/06 17.40 17.45 17.35 17.35 
2016/10/07 17.35 17.40 17.25 17.40 
2016/10/11 17.35 17.35 17.20 17.20 
2016/10/12 17.10 17.40 17.10 17.15 
2016/10/13 17.10 17.10 17.00 17.10 
2016/10/14 17.10 17.10 16.90 16.95 
2016/10/17 16.95 17.00 16.80 17.00 
2016/10/18 17.00 17.05 16.90 17.00 
2016/10/19 17.10 17.15 17.00 17.15 
2016/10/20 17.30 17.30 17.05 17.15 
2016/10/21 17.05 17.20 17.00 17.10 
2016/10/24 17.10 17.15 17.10 17.15 
2016/10/25 17.20 17.30 17.20 17.25 
2016/10/26 17.35 17.35 17.05 17.30 
2016/10/27 17.30 17.35 17.20 17.20 
2016/10/28 17.30 17.30 17.15 17.15 
2016/10/31 17.15 17.15 17.00 17.10 
2016/11/01 17.10 17.30 17.00 17.15 
2016/11/02 17.20 17.20 16.85 16.85 
2016/11/03 16.75 16.90 16.75 16.90 
2016/11/04 16.90 16.90 16.65 16.85 
2016/11/07 16.85 16.95 16.75 16.85 
2016/11/08 16.85 16.90 16.70 16.70 
2016/11/09 16.75 16.75 16.40 16.70 
2016/11/10 16.70 16.90 16.65 16.90 
2016/11/11 16.95 17.00 16.60 16.95 
2016/11/14 16.75 16.95 16.70 16.75 
2016/11/15 16.55 16.85 16.55 16.85 
2016/11/16 16.70 16.90 16.70 16.90 
2016/11/17 16.70 16.85 16.70 16.85 
2016/11/18 16.80 16.90 16.80 16.80 
2016/11/21 16.80 16.85 16.75 16.75 
2016/11/22 16.95 16.95 16.70 16.75 
2016/11/23 16.80 16.85 16.70 16.80 
2016/11/24 16.75 16.85 16.70 16.85 
2016/11/25 16.80 16.85 16.75 16.75 
2016/11/28 16.85 17.00 16.80 16.85 
2016/11/29 16.85 16.90 16.75 16.85 
2016/11/30 16.85 16.90 16.80 16.85 
2016/12/01 16.90 16.95 16.80 16.90 
2016/12/02 16.95 16.95 16.80 16.90 
2016/12/05 16.95 17.00 16.95 16.95 
2016/12/06 16.95 17.05 16.95 17.00 
2016/12/07 17.10 17.15 17.00 17.05 
2016/12/08 17.15 17.45 17.15 17.25 
2016/12/09 17.30 17.35 17.20 17.20 
2016/12/12 17.45 17.50 17.40 17.40 
2016/12/13 17.20 17.40 17.20 17.40 
2016/12/14 17.50 17.50 17.30 17.35 
2016/12/15 17.35 17.35 17.25 17.30 
2016/12/16 17.55 17.55 17.30 17.40 
2016/12/19 17.40 17.45 17.30 17.30 
2016/12/20 17.30 17.40 17.20 17.30 
2016/12/21 17.25 17.35 17.20 17.30 
2016/12/22 17.20 17.20 17.15 17.20 
2016/12/23 17.10 17.20 17.10 17.20 
2016/12/26 17.30 17.30 17.15 17.15 
2016/12/27 17.15 17.20 17.15 17.20 
2016/12/28 17.35 17.40 17.15 17.15 
2016/12/29 17.15 17.20 17.15 17.15 
2016/12/30 17.15 17.15 17.10 17.15 
2017/01/03 17.15 17.20 17.10 17.20 
2017/01/04 17.10 17.20 17.05 17.20 
2017/01/05 17.10 17.25 17.10 17.25 
2017/01/06 17.25 17.50 17.25 17.40 
2017/01/09 17.40 17.40 17.25 17.30 
2017/01/10 17.50 17.50 17.20 17.20 
2017/01/11 17.25 17.30 17.25 17.30 
2017/01/12 17.30 17.35 17.15 17.20 
2017/01/13 17.20 17.30 17.20 17.30 
2017/01/16 17.30 17.30 17.10 17.10 
2017/01/17 17.10 17.20 17.10 17.15 
2017/01/18 17.20 17.20 17.10 17.15 
2017/01/19 17.15 17.20 17.10 17.20 
2017/01/20 17.20 17.35 17.15 17.20 
2017/01/23 17.20 17.25 17.20 17.25 
2017/01/24 17.25 17.30 17.20 17.20 
2017/02/02 17.25 17.35 17.20 17.30 
2017/02/03 17.45 17.45 17.30 17.40 
2017/02/06 17.50 17.80 17.45 17.60 
2017/02/07 17.80 17.85 17.60 17.80 
2017/02/08 17.80 17.85 17.60 17.70 
