2016/07/01 18.50 18.65 18.35 18.50 
2016/07/04 18.55 18.55 18.30 18.35 
2016/07/05 18.40 18.50 18.40 18.40 
2016/07/06 18.40 18.40 18.05 18.05 
2016/07/07 18.15 18.30 18.05 18.05 
2016/07/11 18.40 18.45 18.20 18.30 
2016/07/12 18.45 18.50 18.30 18.30 
2016/07/13 18.30 18.65 18.30 18.60 
2016/07/14 18.60 18.65 18.45 18.45 
2016/07/15 18.50 19.10 18.50 18.75 
2016/07/18 18.75 18.85 18.60 18.60 
2016/07/19 18.65 18.70 18.60 18.65 
2016/07/20 18.65 18.80 18.50 18.70 
2016/07/21 18.90 18.90 18.70 18.75 
2016/07/22 18.70 18.75 18.55 18.60 
2016/07/25 18.65 18.80 18.50 18.60 
2016/07/26 18.65 18.65 18.40 18.55 
2016/07/27 18.70 18.95 18.60 18.75 
2016/07/28 18.75 18.85 18.65 18.65 
2016/07/29 18.70 18.70 18.50 18.50 
2016/08/01 18.65 18.70 18.35 18.45 
2016/08/02 18.50 18.80 18.50 18.80 
2016/08/03 18.60 18.85 18.60 18.75 
2016/08/04 18.85 18.85 18.70 18.80 
2016/08/05 18.85 18.85 18.70 18.80 
2016/08/08 19.00 20.20 19.00 20.10 
2016/08/09 19.85 19.90 19.35 19.35 
2016/08/10 19.50 19.60 19.20 19.20 
2016/08/11 19.10 19.25 18.85 19.00 
2016/08/12 19.20 19.20 18.90 18.90 
2016/08/15 18.85 19.20 18.85 19.05 
2016/08/16 18.80 19.00 18.80 18.85 
2016/08/17 18.75 18.90 18.70 18.80 
2016/08/18 18.75 18.95 18.75 18.90 
2016/08/19 19.00 19.50 18.90 19.20 
2016/08/22 19.20 19.40 19.05 19.30 
2016/08/23 19.40 19.40 19.30 19.40 
2016/08/24 19.40 19.45 19.20 19.25 
2016/08/25 19.20 19.70 19.15 19.70 
2016/08/26 19.85 20.20 19.50 19.50 
2016/08/29 19.50 19.65 19.35 19.55 
2016/08/30 19.75 19.75 19.40 19.45 
2016/08/31 18.35 18.50 18.25 18.30 
2016/09/01 18.45 18.45 17.95 17.95 
2016/09/02 18.10 18.10 17.40 17.50 
2016/09/05 17.60 17.80 17.55 17.80 
2016/09/06 17.80 17.80 17.60 17.60 
2016/09/07 17.80 17.95 17.60 17.85 
2016/09/08 17.85 18.00 17.80 17.95 
2016/09/09 18.00 18.10 17.90 18.00 
2016/09/10 17.70 17.85 17.60 17.70 
2016/09/12 17.95 17.95 17.60 17.60 
2016/09/13 17.70 17.70 17.05 17.25 
2016/09/14 17.05 17.30 17.05 17.20 
2016/09/19 17.40 17.45 17.20 17.35 
2016/09/20 17.40 17.50 17.30 17.45 
2016/09/21 17.25 17.55 17.25 17.45 
2016/09/22 17.80 19.10 17.75 18.70 
2016/09/23 18.80 18.85 18.40 18.55 
2016/09/26 18.70 18.70 18.00 18.20 
2016/09/29 18.85 18.90 18.35 18.35 
2016/09/30 18.35 18.40 18.15 18.35 
2016/10/03 18.45 19.05 18.40 18.90 
2016/10/04 19.00 19.30 18.80 18.80 
2016/10/05 18.85 19.00 18.70 18.90 
2016/10/06 18.85 19.60 18.80 19.20 
2016/10/07 19.25 20.15 19.10 20.10 
2016/10/11 20.60 20.60 19.25 19.45 
2016/10/12 19.30 19.95 19.30 19.70 
2016/10/13 19.80 19.95 19.55 19.70 
2016/10/14 19.50 19.60 19.00 19.10 
2016/10/17 19.10 19.25 18.95 19.15 
2016/10/18 19.20 19.20 19.00 19.10 
2016/10/19 19.25 19.85 19.00 19.70 
2016/10/20 19.95 19.95 19.50 19.55 
2016/10/21 19.55 19.85 19.50 19.60 
2016/10/24 19.70 19.70 19.40 19.45 
2016/10/25 19.50 19.65 19.40 19.50 
2016/10/26 19.35 20.00 19.35 19.65 
2016/10/27 19.75 19.80 19.50 19.55 
2016/10/28 19.55 19.55 19.35 19.40 
2016/10/31 19.50 20.15 19.40 20.05 
2016/11/01 19.95 19.95 19.55 19.55 
2016/11/02 19.20 19.30 18.75 18.90 
2016/11/03 18.80 19.20 18.70 19.10 
2016/11/04 18.95 19.10 18.75 18.90 
2016/11/07 18.25 18.45 18.05 18.20 
2016/11/08 18.25 18.25 17.70 18.05 
2016/11/09 18.10 18.20 17.20 17.50 
2016/11/10 17.70 18.30 17.70 18.30 
2016/11/11 18.10 18.25 17.85 18.10 
2016/11/14 17.90 18.05 17.75 17.80 
2016/11/15 17.75 17.90 17.65 17.65 
2016/11/16 17.80 18.00 17.70 17.75 
2016/11/17 17.75 17.80 17.70 17.75 
2016/11/18 17.90 17.90 17.70 17.90 
2016/11/21 17.90 18.00 17.80 17.80 
2016/11/22 18.00 18.10 17.80 17.95 
2016/11/23 17.95 18.80 17.95 18.75 
2016/11/24 18.75 18.80 18.40 18.50 
2016/11/25 18.40 18.60 18.40 18.45 
2016/11/28 18.45 18.60 18.35 18.40 
2016/11/29 18.30 18.50 18.25 18.35 
2016/11/30 18.45 18.50 18.20 18.30 
2016/12/01 18.30 18.45 18.20 18.25 
2016/12/02 18.10 18.15 18.00 18.00 
2016/12/05 18.00 18.20 17.90 18.00 
2016/12/06 18.10 18.20 18.05 18.05 
2016/12/07 18.10 18.25 18.10 18.20 
2016/12/08 18.35 18.75 18.30 18.70 
2016/12/09 18.65 18.80 18.60 18.75 
2016/12/12 18.80 19.00 18.60 18.95 
2016/12/13 18.90 18.90 18.75 18.80 
2016/12/14 18.95 19.15 18.85 18.85 
2016/12/15 18.75 18.85 18.70 18.80 
2016/12/16 18.90 19.00 18.65 18.70 
2016/12/19 18.75 18.80 18.55 18.55 
2016/12/20 18.90 19.05 18.75 18.90 
2016/12/21 19.00 19.00 18.80 18.90 
2016/12/22 18.90 19.00 18.80 18.80 
2016/12/23 18.90 18.90 18.55 18.60 
2016/12/26 18.70 18.70 18.20 18.25 
2016/12/27 18.30 18.40 18.25 18.30 
2016/12/28 18.40 18.45 18.25 18.25 
2016/12/29 18.25 18.35 18.25 18.35 
2016/12/30 18.40 18.50 18.35 18.35 
2017/01/03 18.40 18.55 18.35 18.40 
2017/01/04 18.40 18.70 18.40 18.60 
2017/01/05 18.70 18.75 18.60 18.60 
2017/01/06 18.65 20.00 18.60 19.65 
2017/01/09 19.50 19.55 19.05 19.10 
2017/01/10 19.00 19.60 18.90 19.55 
2017/01/11 19.55 20.35 19.45 20.35 
2017/01/12 20.25 20.25 19.90 19.95 
2017/01/13 19.85 20.50 19.75 20.40 
2017/01/16 20.45 20.45 19.80 19.85 
2017/01/17 19.80 20.00 19.65 19.65 
2017/01/18 19.85 20.20 19.85 19.90 
2017/01/19 20.00 20.20 19.85 19.90 
2017/01/20 20.10 20.10 19.35 19.45 
2017/01/23 19.40 19.75 19.40 19.45 
2017/01/24 19.45 19.55 19.35 19.35 
2017/02/02 19.45 19.50 19.15 19.40 
2017/02/03 19.75 20.35 19.75 20.05 
2017/02/06 20.05 20.10 19.75 19.85 
2017/02/07 19.85 20.15 19.80 19.85 
2017/02/08 19.85 20.10 19.70 19.75 
