2016/07/01 51.60 54.20 51.60 53.20 
2016/07/04 53.30 54.30 52.60 53.90 
2016/07/05 54.40 55.60 53.20 53.50 
2016/07/06 53.50 54.40 52.60 53.80 
2016/07/07 55.00 55.40 53.20 53.70 
2016/07/11 55.00 55.00 53.30 54.00 
2016/07/12 54.00 54.60 53.70 54.10 
2016/07/13 54.50 54.50 54.00 54.10 
2016/07/14 54.10 56.00 54.00 54.20 
2016/07/15 54.20 55.00 54.00 54.00 
2016/07/18 54.50 56.90 53.60 56.80 
2016/07/19 56.80 59.30 56.10 57.00 
2016/07/20 57.00 57.20 55.60 56.30 
2016/07/21 56.50 57.00 54.50 54.80 
2016/07/22 54.60 55.70 53.90 54.30 
2016/07/25 54.40 54.50 53.00 53.20 
2016/07/26 53.40 53.90 52.30 52.50 
2016/07/27 53.50 53.50 52.00 52.70 
2016/07/28 52.50 55.20 52.40 54.60 
2016/07/29 54.80 54.80 53.60 53.80 
2016/08/01 54.40 54.50 53.50 53.60 
2016/08/02 54.20 54.20 52.90 53.40 
2016/08/03 53.00 54.60 53.00 54.00 
2016/08/04 55.20 55.60 54.50 54.90 
2016/08/05 55.30 55.50 54.60 55.40 
2016/08/08 56.00 56.40 54.80 55.10 
2016/08/09 55.10 55.10 53.50 54.00 
2016/08/10 54.10 56.00 54.10 55.40 
2016/08/11 53.70 53.70 51.00 52.40 
2016/08/12 53.00 53.00 51.70 51.90 
2016/08/15 52.00 53.40 51.90 52.70 
2016/08/16 53.30 53.30 52.20 52.90 
2016/08/17 52.50 53.30 52.40 52.90 
2016/08/18 53.00 55.00 52.90 54.40 
2016/08/19 54.90 55.20 54.10 54.60 
2016/08/22 54.50 54.90 52.90 53.20 
2016/08/23 53.70 53.80 52.90 53.20 
2016/08/24 54.00 54.90 53.80 54.60 
2016/08/25 54.90 54.90 53.80 54.60 
2016/08/26 54.60 55.40 54.30 54.90 
2016/08/29 55.50 55.50 54.30 55.00 
2016/08/30 55.30 55.80 53.80 55.10 
2016/08/31 55.40 56.40 55.00 56.20 
2016/09/01 55.80 56.40 55.00 55.00 
2016/09/02 55.20 55.20 51.40 51.60 
2016/09/05 52.50 52.80 51.00 52.30 
2016/09/06 53.80 57.50 53.20 55.20 
2016/09/07 54.90 56.10 54.70 55.20 
2016/09/08 55.20 55.80 55.10 55.50 
2016/09/09 55.90 61.00 55.20 61.00 
2016/09/10 59.00 66.90 58.10 58.40 
2016/09/12 59.30 59.70 56.80 57.20 
2016/09/13 57.90 58.30 54.20 54.90 
2016/09/14 54.90 56.00 53.90 54.40 
2016/09/19 54.90 55.70 54.10 54.80 
2016/09/20 54.80 54.80 53.10 53.40 
2016/09/21 53.50 54.20 53.40 53.70 
2016/09/22 54.50 54.50 53.60 53.60 
2016/09/23 53.80 56.50 53.10 55.20 
2016/09/26 55.30 55.50 53.80 53.80 
2016/09/29 54.00 54.20 53.20 53.20 
2016/09/30 52.90 53.90 52.60 53.10 
2016/10/03 53.50 53.70 52.70 52.70 
2016/10/04 52.80 54.20 52.80 53.40 
2016/10/05 53.40 53.60 52.90 52.90 
2016/10/06 53.00 53.20 51.00 51.20 
2016/10/07 51.20 51.80 46.60 46.60 
2016/10/11 48.50 49.00 47.00 47.50 
2016/10/12 47.50 47.50 45.30 46.70 
2016/10/13 46.85 47.95 46.55 46.80 
2016/10/14 46.60 46.70 45.05 45.20 
2016/10/17 45.35 46.95 44.80 46.15 
2016/10/18 46.00 46.50 45.65 46.30 
2016/10/19 46.40 47.45 46.40 46.70 
2016/10/20 46.75 47.35 46.10 46.45 
2016/10/21 46.50 47.00 46.20 47.00 
2016/10/24 47.20 48.60 46.95 47.95 
2016/10/25 47.90 48.00 47.55 47.75 
2016/10/26 47.75 48.50 47.55 47.60 
2016/10/27 47.60 47.70 46.50 46.75 
2016/10/28 46.75 46.85 45.65 45.70 
2016/10/31 45.50 45.80 44.90 45.50 
2016/11/01 45.65 45.65 44.85 44.95 
2016/11/02 44.60 44.65 42.05 42.05 
2016/11/03 41.90 43.40 41.80 42.90 
2016/11/04 42.65 43.70 42.65 43.45 
2016/11/07 43.60 43.80 43.15 43.35 
2016/11/08 43.70 43.70 42.10 42.60 
2016/11/09 42.65 43.20 40.30 41.20 
2016/11/10 42.60 45.15 42.15 44.95 
2016/11/11 44.50 45.75 43.65 44.85 
2016/11/14 45.35 45.35 43.80 43.90 
2016/11/15 43.85 44.60 43.70 44.20 
2016/11/16 44.40 44.80 42.20 42.80 
2016/11/17 43.10 43.25 42.10 42.25 
2016/11/18 42.80 44.40 42.40 43.55 
2016/11/21 43.65 44.70 43.50 44.30 
2016/11/22 44.30 44.90 44.00 44.00 
2016/11/23 44.00 44.75 43.90 43.90 
2016/11/24 43.90 44.40 43.30 43.40 
2016/11/25 43.40 44.15 43.30 43.70 
2016/11/28 43.70 44.05 43.30 43.30 
2016/11/29 43.30 45.20 43.30 44.90 
2016/11/30 45.30 46.35 45.10 45.50 
2016/12/01 45.45 45.50 44.85 44.85 
2016/12/02 44.55 44.70 44.30 44.45 
2016/12/05 44.70 44.85 44.10 44.25 
2016/12/06 44.50 44.70 44.20 44.25 
2016/12/07 43.90 43.90 43.50 43.60 
2016/12/08 43.90 44.00 42.80 42.90 
2016/12/09 43.20 43.40 42.10 42.50 
2016/12/12 42.60 42.70 41.60 41.80 
2016/12/13 41.55 42.80 41.30 42.65 
2016/12/14 42.90 42.90 42.20 42.40 
2016/12/15 42.10 42.85 42.00 42.55 
2016/12/16 42.55 42.75 42.30 42.60 
2016/12/19 42.60 43.20 42.50 42.90 
2016/12/20 43.40 45.20 43.40 44.25 
2016/12/21 44.65 44.70 43.90 43.95 
2016/12/22 43.90 44.15 43.55 43.65 
2016/12/23 43.50 43.55 43.00 43.00 
2016/12/26 43.05 43.50 42.50 42.60 
2016/12/27 42.65 42.90 42.65 42.75 
2016/12/28 42.80 43.30 42.80 43.00 
2016/12/29 42.80 43.20 42.65 43.00 
2016/12/30 43.00 43.90 43.00 43.35 
2017/01/03 43.20 43.65 43.20 43.50 
2017/01/04 43.85 43.85 43.55 43.60 
2017/01/05 43.65 44.05 43.60 43.65 
2017/01/06 43.95 43.95 43.65 43.85 
2017/01/09 42.50 42.60 41.65 41.75 
2017/01/10 41.75 42.10 41.75 42.00 
2017/01/11 42.00 42.45 41.90 42.15 
2017/01/12 42.15 42.20 41.65 41.75 
2017/01/13 41.70 42.10 41.55 41.65 
2017/01/16 41.65 42.15 41.50 41.90 
2017/01/17 42.15 42.15 41.90 42.10 
2017/01/18 42.15 42.15 41.90 42.00 
2017/01/19 42.20 42.80 42.00 42.35 
2017/01/20 42.40 42.40 41.70 41.70 
2017/01/23 42.00 42.00 41.50 41.55 
2017/01/24 41.65 41.70 41.00 41.15 
2017/02/02 41.20 41.30 40.50 40.55 
2017/02/03 40.55 41.90 40.55 41.85 
2017/02/06 42.05 43.95 42.00 43.15 
2017/02/07 43.15 43.75 42.90 43.25 
2017/02/08 42.40 42.40 41.85 42.20 
