2016/07/01 27.00 27.10 27.00 27.05 
2016/07/04 27.10 27.20 27.10 27.20 
2016/07/05 27.20 27.30 27.15 27.25 
2016/07/06 27.25 27.25 27.05 27.25 
2016/07/07 27.25 27.30 27.15 27.25 
2016/07/11 27.25 27.30 27.05 27.10 
2016/07/12 27.10 27.20 27.05 27.05 
2016/07/13 25.00 25.15 24.90 25.15 
2016/07/14 25.15 25.20 25.05 25.05 
2016/07/15 25.05 25.15 25.00 25.05 
2016/07/18 25.05 25.10 24.85 24.85 
2016/07/19 24.85 25.00 24.80 24.85 
2016/07/20 24.90 24.95 24.55 24.60 
2016/07/21 24.75 24.75 24.60 24.65 
2016/07/22 24.75 24.75 24.60 24.70 
2016/07/25 24.70 24.80 24.45 24.45 
2016/07/26 24.40 24.45 24.35 24.35 
2016/07/27 24.40 24.60 24.40 24.60 
2016/07/28 24.60 24.70 24.50 24.60 
2016/07/29 24.70 24.80 24.60 24.65 
2016/08/01 24.65 24.85 24.65 24.85 
2016/08/02 24.85 24.85 24.70 24.85 
2016/08/03 24.90 24.95 24.75 24.95 
2016/08/04 25.00 25.25 24.95 25.25 
2016/08/05 25.30 25.50 25.30 25.45 
2016/08/08 25.50 25.70 25.50 25.65 
2016/08/09 25.70 25.75 25.55 25.60 
2016/08/10 25.60 25.90 25.60 25.90 
2016/08/11 26.30 26.55 26.10 26.30 
2016/08/12 26.50 26.60 26.35 26.40 
2016/08/15 26.45 26.75 26.45 26.65 
2016/08/16 26.65 26.70 26.40 26.45 
2016/08/17 26.45 26.55 26.30 26.40 
2016/08/18 26.40 26.55 26.35 26.55 
2016/08/19 26.55 26.60 26.40 26.50 
2016/08/22 26.50 26.50 26.35 26.40 
2016/08/23 26.40 26.45 26.30 26.35 
2016/08/24 26.35 26.40 26.20 26.20 
2016/08/25 26.30 26.30 26.10 26.15 
2016/08/26 26.15 26.25 26.05 26.15 
2016/08/29 26.15 26.40 26.15 26.40 
2016/08/30 26.40 26.50 26.35 26.50 
2016/08/31 26.50 26.50 26.40 26.40 
2016/09/01 26.45 26.45 26.25 26.30 
2016/09/02 26.35 26.40 26.10 26.15 
2016/09/05 26.20 26.40 26.20 26.35 
2016/09/06 26.40 26.45 26.30 26.40 
2016/09/07 26.40 26.45 26.30 26.40 
2016/09/08 26.45 26.75 26.40 26.75 
2016/09/09 26.60 26.95 26.60 26.95 
2016/09/10 26.80 26.80 26.45 26.75 
2016/09/12 26.65 26.65 26.25 26.25 
2016/09/13 26.40 26.40 26.05 26.05 
2016/09/14 26.00 26.05 25.95 26.05 
2016/09/19 26.00 26.25 26.00 26.20 
2016/09/20 26.15 26.20 26.10 26.20 
2016/09/21 26.10 26.40 26.10 26.40 
2016/09/22 26.40 26.55 26.35 26.50 
2016/09/23 26.55 26.55 26.30 26.30 
2016/09/26 26.30 26.30 26.10 26.15 
2016/09/29 26.40 26.40 26.10 26.15 
2016/09/30 26.35 26.35 26.10 26.20 
2016/10/03 26.20 26.35 26.20 26.30 
2016/10/04 26.15 26.40 26.15 26.30 
2016/10/05 26.30 26.35 26.20 26.30 
2016/10/06 26.35 26.35 26.25 26.30 
2016/10/07 26.30 26.35 26.15 26.20 
2016/10/11 26.05 26.10 25.45 25.60 
2016/10/12 25.60 25.60 25.35 25.50 
2016/10/13 25.65 25.65 25.10 25.15 
2016/10/14 25.00 25.15 24.75 24.85 
2016/10/17 24.75 25.10 24.70 25.10 
2016/10/18 25.15 25.20 24.95 25.05 
2016/10/19 25.10 25.35 25.05 25.30 
2016/10/20 25.45 25.50 25.30 25.40 
2016/10/21 25.40 25.40 25.20 25.35 
2016/10/24 25.30 25.40 25.25 25.35 
2016/10/25 25.45 25.45 25.35 25.40 
2016/10/26 25.40 25.40 25.30 25.35 
2016/10/27 25.40 25.45 25.25 25.30 
2016/10/28 25.15 25.35 25.15 25.30 
2016/10/31 25.15 25.25 24.80 25.20 
2016/11/01 25.20 25.35 25.10 25.15 
2016/11/02 25.15 25.25 25.00 25.10 
2016/11/03 25.25 25.25 24.90 25.00 
2016/11/04 25.00 25.10 24.95 25.00 
2016/11/07 25.00 25.25 25.00 25.20 
2016/11/08 25.20 25.30 25.00 25.15 
2016/11/09 25.25 25.25 24.70 24.70 
2016/11/10 25.00 25.15 24.90 25.15 
2016/11/11 25.45 25.50 25.30 25.45 
2016/11/14 25.65 25.65 25.35 25.45 
2016/11/15 25.60 25.65 25.50 25.60 
2016/11/16 25.65 25.70 25.60 25.70 
2016/11/17 25.70 25.80 25.65 25.75 
2016/11/18 25.75 25.85 25.70 25.85 
2016/11/21 25.85 25.95 25.85 25.95 
2016/11/22 26.00 26.10 25.95 26.05 
2016/11/23 26.05 26.15 26.00 26.10 
2016/11/24 26.15 26.15 26.05 26.05 
2016/11/25 26.15 26.15 25.95 26.05 
2016/11/28 26.10 26.20 26.00 26.05 
2016/11/29 26.10 26.20 26.05 26.05 
2016/11/30 26.15 26.30 26.10 26.20 
2016/12/01 26.20 26.30 26.15 26.25 
2016/12/02 26.25 26.30 26.10 26.20 
2016/12/05 26.20 26.35 26.15 26.25 
2016/12/06 26.30 26.45 26.30 26.35 
2016/12/07 26.50 26.55 26.35 26.50 
2016/12/08 26.50 26.60 26.50 26.55 
2016/12/09 26.55 26.80 26.55 26.75 
2016/12/12 26.90 27.30 26.90 27.00 
2016/12/13 27.00 27.15 26.95 27.10 
2016/12/14 27.10 27.15 27.00 27.00 
2016/12/15 27.10 27.10 26.90 27.10 
2016/12/16 27.10 27.15 27.00 27.00 
2016/12/19 27.20 27.45 27.10 27.20 
2016/12/20 27.20 27.35 27.05 27.25 
2016/12/21 27.35 27.35 27.20 27.25 
2016/12/22 27.35 27.40 27.10 27.15 
2016/12/23 27.15 27.20 27.05 27.10 
2016/12/26 27.20 27.35 27.05 27.20 
2016/12/27 27.20 27.20 26.95 27.00 
2016/12/28 27.10 27.10 27.00 27.05 
2016/12/29 27.25 27.25 27.00 27.00 
2016/12/30 27.35 27.35 27.05 27.15 
2017/01/03 27.20 27.25 27.05 27.15 
2017/01/04 27.25 27.25 27.05 27.20 
2017/01/05 27.25 27.25 27.10 27.10 
2017/01/06 27.10 27.25 27.10 27.15 
2017/01/09 27.25 27.30 27.15 27.25 
2017/01/10 27.30 27.30 27.20 27.25 
2017/01/11 27.20 27.20 27.00 27.15 
2017/01/12 27.15 27.20 27.05 27.05 
2017/01/13 27.05 27.15 27.05 27.10 
2017/01/16 27.10 27.15 27.00 27.05 
2017/01/17 27.20 27.20 27.00 27.10 
2017/01/18 27.10 27.25 27.05 27.25 
2017/01/19 27.25 27.35 27.20 27.30 
2017/01/20 27.30 27.35 27.25 27.30 
2017/01/23 27.35 27.35 27.25 27.30 
2017/01/24 27.30 27.30 27.15 27.25 
2017/02/02 27.30 27.35 27.15 27.30 
2017/02/03 27.25 27.65 27.25 27.65 
2017/02/06 27.95 28.15 27.90 27.95 
2017/02/07 28.00 28.00 27.75 27.95 
2017/02/08 27.95 28.10 27.95 28.10 
