2016/07/01 16.05 16.25 16.05 16.15 
2016/07/04 16.15 16.25 16.05 16.20 
2016/07/05 16.25 16.25 16.10 16.25 
2016/07/06 16.00 16.30 16.00 16.25 
2016/07/07 16.35 16.45 16.20 16.20 
2016/07/11 16.05 16.30 16.05 16.20 
2016/07/12 16.20 17.30 16.20 17.05 
2016/07/13 17.10 17.15 16.80 16.85 
2016/07/14 16.95 17.20 16.90 17.05 
2016/07/15 17.15 17.15 16.95 17.10 
2016/07/18 17.35 17.35 17.10 17.10 
2016/07/19 17.10 17.20 17.00 17.10 
2016/07/20 17.15 17.25 16.95 17.00 
2016/07/21 17.00 17.70 17.00 17.15 
2016/07/22 17.20 17.30 17.10 17.15 
2016/07/25 17.15 17.30 17.00 17.05 
2016/07/26 17.05 17.20 17.00 17.10 
2016/07/27 17.10 17.35 17.05 17.10 
2016/07/28 16.25 16.35 16.15 16.15 
2016/07/29 16.15 16.25 16.10 16.25 
2016/08/01 16.15 16.25 16.15 16.15 
2016/08/02 16.15 16.25 16.15 16.15 
2016/08/03 16.10 16.15 15.90 16.10 
2016/08/04 16.10 16.15 16.05 16.10 
2016/08/05 16.10 16.25 16.05 16.15 
2016/08/08 16.20 16.25 16.05 16.10 
2016/08/09 16.15 16.20 15.95 15.95 
2016/08/10 16.00 16.10 15.95 16.00 
2016/08/11 15.50 15.80 15.45 15.70 
2016/08/12 15.65 15.80 15.65 15.70 
2016/08/15 15.70 15.70 15.50 15.50 
2016/08/16 15.50 15.65 15.45 15.65 
2016/08/17 15.65 15.80 15.65 15.80 
2016/08/18 15.80 15.85 15.65 15.85 
2016/08/19 15.85 15.90 15.65 15.70 
2016/08/22 15.70 15.75 15.50 15.70 
2016/08/23 15.55 15.70 15.55 15.70 
2016/08/24 15.70 15.80 15.65 15.75 
2016/08/25 15.60 15.95 15.60 15.90 
2016/08/26 15.95 16.05 15.90 16.00 
2016/08/29 16.35 16.35 16.00 16.10 
2016/08/30 16.10 16.20 16.05 16.15 
2016/08/31 16.10 16.25 16.00 16.20 
2016/09/01 16.20 16.30 16.10 16.10 
2016/09/02 16.35 16.35 16.00 16.00 
2016/09/05 16.00 16.15 15.95 16.00 
2016/09/06 16.00 16.15 16.00 16.05 
2016/09/07 16.05 16.15 16.00 16.00 
2016/09/08 16.05 16.15 16.00 16.10 
2016/09/09 16.10 16.10 15.95 16.05 
2016/09/10 16.05 16.60 16.00 16.40 
2016/09/12 16.55 16.60 16.35 16.35 
2016/09/13 16.60 16.60 16.10 16.30 
2016/09/14 16.20 16.50 16.10 16.50 
2016/09/19 16.65 16.65 16.45 16.50 
2016/09/20 16.50 16.65 16.25 16.25 
2016/09/21 16.25 16.60 16.25 16.55 
2016/09/22 16.55 16.80 16.50 16.50 
2016/09/23 16.50 16.60 16.50 16.55 
2016/09/26 16.50 16.60 16.40 16.55 
2016/09/29 16.65 16.95 16.65 16.90 
2016/09/30 16.85 17.15 16.65 17.10 
2016/10/03 17.10 17.30 16.85 16.85 
2016/10/04 16.95 16.95 16.75 16.90 
2016/10/05 16.85 16.95 16.75 16.85 
2016/10/06 16.85 16.85 16.55 16.65 
2016/10/07 16.60 16.65 16.40 16.60 
2016/10/11 16.50 16.50 15.70 15.85 
2016/10/12 15.80 16.05 15.75 16.05 
2016/10/13 16.05 16.10 15.95 16.05 
2016/10/14 15.95 15.95 15.40 15.60 
2016/10/17 15.60 16.10 15.60 15.90 
2016/10/18 15.85 16.05 15.85 16.00 
2016/10/19 16.00 16.10 15.95 15.95 
2016/10/20 15.95 16.05 15.90 15.95 
2016/10/21 15.95 16.20 15.95 16.00 
2016/10/24 16.10 16.10 15.80 15.85 
2016/10/25 15.95 15.95 15.80 15.90 
2016/10/26 15.95 16.00 15.90 15.90 
2016/10/27 15.90 15.90 15.80 15.85 
2016/10/28 15.85 15.85 15.65 15.75 
2016/10/31 15.70 15.70 15.60 15.60 
2016/11/01 15.60 15.65 15.55 15.65 
2016/11/02 15.60 15.60 15.25 15.25 
2016/11/03 15.25 15.40 15.10 15.20 
2016/11/04 15.15 15.25 15.15 15.25 
2016/11/07 15.30 15.40 15.15 15.20 
2016/11/08 15.20 15.25 15.10 15.15 
2016/11/09 15.15 15.20 14.75 14.85 
2016/11/10 15.10 15.10 15.00 15.10 
2016/11/11 15.10 15.10 15.00 15.10 
2016/11/14 15.05 15.05 14.90 14.95 
2016/11/15 14.90 15.00 14.75 14.85 
2016/11/16 14.85 15.00 14.85 14.95 
2016/11/17 15.00 15.00 14.80 14.95 
2016/11/18 14.95 15.05 14.95 15.00 
2016/11/21 15.00 15.20 15.00 15.10 
2016/11/22 15.20 15.25 15.15 15.20 
2016/11/23 15.10 15.20 15.00 15.00 
2016/11/24 15.00 15.15 15.00 15.10 
2016/11/25 15.00 15.15 15.00 15.10 
2016/11/28 15.00 15.20 15.00 15.20 
2016/11/29 15.15 15.25 15.05 15.20 
2016/11/30 15.25 15.30 15.10 15.15 
2016/12/01 15.15 15.30 15.15 15.20 
2016/12/02 15.25 15.25 14.85 15.15 
2016/12/05 15.15 15.20 15.05 15.20 
2016/12/06 15.15 15.45 15.15 15.30 
2016/12/07 15.30 15.30 15.20 15.30 
2016/12/08 15.30 15.40 15.20 15.30 
2016/12/09 15.35 15.40 15.30 15.35 
2016/12/12 16.30 16.60 15.90 15.90 
2016/12/13 16.30 16.30 15.95 16.05 
2016/12/14 16.15 16.15 15.95 16.05 
2016/12/15 16.05 16.10 15.90 16.10 
2016/12/16 16.10 16.30 15.95 16.10 
2016/12/19 16.10 16.10 15.90 16.00 
2016/12/20 16.00 16.30 15.90 16.05 
2016/12/21 16.15 16.20 16.05 16.15 
2016/12/22 16.15 16.15 15.90 15.95 
2016/12/23 15.90 16.20 15.90 16.00 
2016/12/26 16.10 16.30 16.05 16.05 
2016/12/27 16.05 16.10 15.95 15.95 
2016/12/28 16.00 16.15 15.95 15.95 
2016/12/29 15.95 16.10 15.95 16.10 
2016/12/30 16.10 16.20 16.10 16.15 
2017/01/03 16.15 16.35 16.15 16.35 
2017/01/04 16.40 16.40 16.20 16.30 
2017/01/05 16.15 16.30 16.10 16.20 
2017/01/06 16.25 16.30 16.20 16.30 
2017/01/09 16.25 16.35 16.15 16.15 
2017/01/10 16.20 16.30 16.10 16.30 
2017/01/11 16.40 16.45 16.10 16.15 
2017/01/12 16.20 16.25 15.95 16.15 
2017/01/13 16.10 16.15 16.00 16.10 
2017/01/16 16.05 16.10 15.85 15.85 
2017/01/17 15.85 15.95 15.75 15.85 
2017/01/18 16.00 16.10 15.80 16.05 
2017/01/19 16.05 16.05 15.90 15.95 
2017/01/20 15.90 16.10 15.85 15.95 
2017/01/23 16.05 16.05 15.80 15.95 
2017/01/24 15.85 16.05 15.80 15.90 
2017/02/02 15.90 16.10 15.85 16.00 
2017/02/03 16.00 16.40 16.00 16.35 
2017/02/06 16.40 16.45 16.15 16.25 
2017/02/07 16.25 16.30 16.20 16.30 
2017/02/08 16.40 16.40 16.20 16.35 
