2016/07/01 31.80 31.80 31.20 31.30 
2016/07/04 31.55 34.40 31.40 33.40 
2016/07/05 33.40 33.75 32.85 33.45 
2016/07/06 33.60 33.60 32.60 32.60 
2016/07/07 32.70 33.30 32.30 33.30 
2016/07/11 33.60 33.70 32.90 32.90 
2016/07/12 32.90 33.10 32.80 32.80 
2016/07/13 33.30 33.50 32.80 33.00 
2016/07/14 33.90 33.95 33.30 33.30 
2016/07/15 33.70 33.70 33.30 33.30 
2016/07/18 33.70 33.85 33.45 33.80 
2016/07/19 33.80 33.80 33.15 33.60 
2016/07/20 33.60 34.45 33.50 34.35 
2016/07/21 34.75 36.75 34.75 34.85 
2016/07/22 34.85 34.85 34.35 34.40 
2016/07/25 34.60 34.70 33.55 33.75 
2016/07/26 33.50 34.15 33.50 33.50 
2016/07/27 33.80 33.80 33.30 33.35 
2016/07/28 32.20 32.80 32.10 32.30 
2016/07/29 32.30 32.30 31.65 31.80 
2016/08/01 31.80 32.20 31.80 32.00 
2016/08/02 32.20 33.90 32.20 33.20 
2016/08/03 32.60 32.95 32.55 32.95 
2016/08/04 33.50 33.50 32.60 32.80 
2016/08/05 32.60 32.60 31.90 32.50 
2016/08/08 32.60 32.80 32.00 32.00 
2016/08/09 31.90 32.15 31.65 31.80 
2016/08/10 31.70 32.25 31.65 32.15 
2016/08/11 31.85 32.25 31.65 31.75 
2016/08/12 31.75 31.85 31.40 31.50 
2016/08/15 31.50 31.70 31.50 31.60 
2016/08/16 31.60 31.80 31.40 31.45 
2016/08/17 31.45 31.45 31.10 31.10 
2016/08/18 31.05 32.25 31.05 31.90 
2016/08/19 32.20 33.50 32.20 32.40 
2016/08/22 32.30 32.50 31.80 31.85 
2016/08/23 31.85 32.00 31.50 31.50 
2016/08/24 31.50 31.50 31.10 31.20 
2016/08/25 31.10 31.60 31.10 31.55 
2016/08/26 31.55 31.80 31.40 31.40 
2016/08/29 31.20 32.20 31.20 31.90 
2016/08/30 32.35 32.35 31.55 31.95 
2016/08/31 31.80 31.85 31.25 31.25 
2016/09/01 31.30 31.35 31.10 31.30 
2016/09/02 31.45 31.65 31.30 31.40 
2016/09/05 31.45 31.50 31.10 31.20 
2016/09/06 31.35 31.35 31.00 31.10 
2016/09/07 30.50 30.60 29.10 29.80 
2016/09/08 29.50 30.20 29.50 30.20 
2016/09/09 30.20 30.20 29.90 30.05 
2016/09/10 29.90 29.95 29.60 29.85 
2016/09/12 30.20 30.20 29.50 29.55 
2016/09/13 29.70 29.70 29.05 29.10 
2016/09/14 29.00 29.50 29.00 29.20 
2016/09/19 29.45 29.70 29.20 29.40 
2016/09/20 29.50 30.20 29.40 29.55 
2016/09/21 29.65 30.20 29.65 30.00 
2016/09/22 30.60 31.25 30.25 30.70 
2016/09/23 31.70 31.70 30.60 30.60 
2016/09/26 30.70 30.85 30.05 30.05 
2016/09/29 30.50 30.50 30.00 30.00 
2016/09/30 30.00 30.00 29.65 29.80 
2016/10/03 30.30 30.30 29.70 29.80 
2016/10/04 30.00 30.25 29.80 30.05 
2016/10/05 30.05 30.45 30.05 30.25 
2016/10/06 30.10 30.70 30.10 30.20 
2016/10/07 30.60 30.70 30.20 30.20 
2016/10/11 30.30 30.50 29.30 29.70 
2016/10/12 29.70 29.80 29.60 29.65 
2016/10/13 29.70 29.90 29.65 29.65 
2016/10/14 29.60 29.90 29.40 29.65 
2016/10/17 29.35 29.60 29.35 29.55 
2016/10/18 29.55 29.85 29.45 29.70 
2016/10/19 29.80 30.00 29.55 29.80 
2016/10/20 29.55 29.80 29.55 29.80 
2016/10/21 29.80 29.80 29.60 29.80 
2016/10/24 30.00 30.10 29.80 29.90 
2016/10/25 30.15 30.20 29.60 29.60 
2016/10/26 29.40 29.60 29.35 29.60 
2016/10/27 29.60 29.80 29.45 29.45 
2016/10/28 29.75 29.80 29.60 29.70 
2016/10/31 29.70 29.70 29.35 29.40 
2016/11/01 29.40 29.50 29.35 29.40 
2016/11/02 29.40 30.10 29.35 29.50 
2016/11/03 29.75 29.90 29.30 29.55 
2016/11/04 29.50 29.85 29.35 29.40 
2016/11/07 29.50 29.90 29.45 29.45 
2016/11/08 29.55 29.85 29.50 29.65 
2016/11/09 29.75 29.80 29.30 29.45 
2016/11/10 29.55 30.70 29.50 30.40 
2016/11/11 30.70 30.70 29.75 30.20 
2016/11/14 30.25 30.60 29.65 30.00 
2016/11/15 30.20 31.50 29.90 30.90 
2016/11/16 31.75 32.85 31.50 32.05 
2016/11/17 32.20 32.70 32.05 32.70 
2016/11/18 32.90 32.95 32.15 32.40 
2016/11/21 32.20 32.40 31.95 32.20 
2016/11/22 32.15 32.30 31.80 32.10 
2016/11/23 32.10 32.10 31.65 31.70 
2016/11/24 31.65 33.00 31.65 32.50 
2016/11/25 32.60 32.65 32.30 32.60 
2016/11/28 32.85 32.90 32.35 32.70 
2016/11/29 32.80 32.80 32.50 32.70 
2016/11/30 33.30 33.70 32.85 33.40 
2016/12/01 33.75 33.80 33.05 33.05 
2016/12/02 32.90 33.00 32.70 32.85 
2016/12/05 32.85 32.85 31.80 31.95 
2016/12/06 32.00 32.30 31.80 31.85 
2016/12/07 31.90 32.00 31.65 31.65 
2016/12/08 31.70 31.95 31.70 31.80 
2016/12/09 31.80 32.20 31.75 31.85 
2016/12/12 31.90 32.55 31.90 31.95 
2016/12/13 31.90 32.25 31.90 32.00 
2016/12/14 32.05 32.05 31.50 31.75 
2016/12/15 31.65 33.65 31.65 32.75 
2016/12/16 33.30 33.30 32.55 32.55 
2016/12/19 33.15 33.15 31.75 31.80 
2016/12/20 31.75 31.95 31.70 31.75 
2016/12/21 31.80 32.00 31.75 32.00 
2016/12/22 32.00 32.30 32.00 32.15 
2016/12/23 32.30 32.40 32.05 32.10 
2016/12/26 32.10 32.10 31.90 31.90 
2016/12/27 31.95 32.05 31.90 31.95 
2016/12/28 31.80 32.25 31.80 32.15 
2016/12/29 32.00 32.00 31.75 31.95 
2016/12/30 31.95 32.30 31.95 31.95 
2017/01/03 32.95 32.95 32.25 32.65 
2017/01/04 32.90 33.00 32.60 33.00 
2017/01/05 33.10 34.25 33.00 33.50 
2017/01/06 33.50 33.95 33.20 33.45 
2017/01/09 33.45 33.80 33.00 33.40 
2017/01/10 33.30 33.50 33.10 33.20 
2017/01/11 33.55 33.55 32.80 32.85 
2017/01/12 33.20 33.25 32.60 32.60 
2017/01/13 32.60 32.90 32.50 32.65 
2017/01/16 32.85 32.90 32.50 32.50 
2017/01/17 32.60 32.85 32.00 32.35 
2017/01/18 32.40 32.40 32.10 32.30 
2017/01/19 32.40 32.65 32.25 32.65 
2017/01/20 32.85 32.90 32.35 32.45 
2017/01/23 32.30 32.60 32.00 32.15 
2017/01/24 32.15 32.20 32.15 32.15 
2017/02/02 32.15 32.35 32.05 32.20 
2017/02/03 32.30 34.95 32.30 34.45 
2017/02/06 35.25 36.75 34.60 34.70 
2017/02/07 34.80 35.30 33.80 34.00 
2017/02/08 34.00 34.50 33.80 34.30 
