2016/07/01 8.25 8.29 8.21 8.23 
2016/07/04 8.22 8.27 8.18 8.23 
2016/07/05 8.23 8.23 8.17 8.22 
2016/07/06 8.20 8.22 8.12 8.15 
2016/07/07 8.09 8.20 8.09 8.20 
2016/07/11 8.20 8.23 8.15 8.18 
2016/07/12 8.20 8.20 8.08 8.08 
2016/07/13 8.00 8.26 8.00 8.23 
2016/07/14 8.15 8.25 8.15 8.22 
2016/07/15 8.20 8.23 8.16 8.20 
2016/07/18 8.22 8.26 8.18 8.22 
2016/07/19 8.22 8.25 8.18 8.24 
2016/07/20 8.23 8.24 8.21 8.24 
2016/07/21 8.21 8.29 8.21 8.25 
2016/07/22 8.24 8.28 8.21 8.26 
2016/07/25 8.26 8.28 8.23 8.27 
2016/07/26 8.21 8.28 8.16 8.25 
2016/07/27 8.25 8.25 8.21 8.22 
2016/07/28 8.13 8.22 8.13 8.15 
2016/07/29 8.15 8.15 8.11 8.12 
2016/08/01 8.10 8.14 8.10 8.14 
2016/08/02 8.14 8.17 8.09 8.10 
2016/08/03 8.06 8.08 8.02 8.05 
2016/08/04 8.08 8.09 8.01 8.06 
2016/08/05 8.02 8.07 8.01 8.07 
2016/08/08 8.07 8.14 8.06 8.10 
2016/08/09 8.08 8.12 8.04 8.12 
2016/08/10 8.05 8.11 8.04 8.08 
2016/08/11 8.08 8.11 8.03 8.09 
2016/08/12 8.05 8.12 8.04 8.10 
2016/08/15 8.05 8.09 8.03 8.07 
2016/08/16 8.03 8.05 7.97 7.97 
2016/08/17 8.03 8.11 7.97 8.08 
2016/08/18 8.01 8.06 7.99 8.00 
2016/08/19 8.01 8.04 7.96 8.00 
2016/08/22 7.96 7.98 7.82 7.95 
2016/08/23 7.93 7.98 7.87 7.91 
2016/08/24 7.85 7.93 7.82 7.93 
2016/08/25 7.86 7.91 7.84 7.85 
2016/08/26 7.90 7.96 7.90 7.95 
2016/08/29 7.95 8.04 7.95 8.04 
2016/08/30 8.03 8.04 7.86 7.95 
2016/08/31 7.98 7.98 7.82 7.82 
2016/09/01 7.83 7.83 7.69 7.70 
2016/09/02 7.69 7.70 7.59 7.61 
2016/09/05 7.61 7.68 7.59 7.61 
2016/09/06 7.55 7.70 7.55 7.70 
2016/09/07 7.70 7.76 7.65 7.73 
2016/09/08 7.71 7.73 7.65 7.73 
2016/09/09 7.73 7.73 7.70 7.71 
2016/09/10 7.72 7.74 7.68 7.71 
2016/09/12 7.66 7.66 7.58 7.59 
2016/09/13 7.60 7.64 7.55 7.58 
2016/09/14 7.57 7.57 7.52 7.52 
2016/09/19 7.52 7.58 7.51 7.52 
2016/09/20 7.52 7.56 7.49 7.52 
2016/09/21 7.52 7.72 7.51 7.68 
2016/09/22 7.64 7.72 7.61 7.69 
2016/09/23 7.69 7.72 7.63 7.72 
2016/09/26 7.65 7.70 7.60 7.68 
2016/09/29 7.68 7.74 7.68 7.72 
2016/09/30 7.70 7.73 7.63 7.63 
2016/10/03 7.63 7.64 7.56 7.56 
2016/10/04 7.57 7.59 7.50 7.54 
2016/10/05 7.55 7.55 7.51 7.54 
2016/10/06 7.52 7.56 7.50 7.56 
2016/10/07 7.57 7.57 7.51 7.54 
2016/10/11 7.51 7.56 7.48 7.54 
2016/10/12 7.50 7.51 7.43 7.45 
2016/10/13 7.45 7.45 7.36 7.38 
2016/10/14 7.38 7.41 7.29 7.30 
2016/10/17 7.30 7.33 7.26 7.28 
2016/10/18 7.28 7.34 7.26 7.33 
2016/10/19 7.32 7.39 7.30 7.33 
2016/10/20 7.35 7.40 7.32 7.39 
2016/10/21 7.36 7.41 7.27 7.27 
2016/10/24 7.31 7.39 7.31 7.34 
2016/10/25 7.35 7.40 7.34 7.35 
2016/10/26 7.33 7.41 7.33 7.41 
2016/10/27 7.41 7.41 7.31 7.38 
2016/10/28 7.36 7.36 7.31 7.31 
2016/10/31 7.30 7.30 7.27 7.28 
2016/11/01 7.28 7.28 7.22 7.22 
2016/11/02 7.22 7.26 6.91 7.01 
2016/11/03 7.02 7.06 6.96 6.96 
2016/11/04 6.99 6.99 6.92 6.94 
2016/11/07 6.92 6.98 6.92 6.97 
2016/11/08 6.98 7.00 6.91 6.94 
2016/11/09 6.92 6.95 6.68 6.77 
2016/11/10 6.78 6.88 6.78 6.83 
2016/11/11 6.80 6.80 6.62 6.62 
2016/11/14 6.65 6.65 6.51 6.54 
2016/11/15 6.55 6.88 6.55 6.88 
2016/11/16 6.87 6.95 6.80 6.95 
2016/11/17 6.99 6.99 6.81 6.89 
2016/11/18 6.89 6.98 6.82 6.91 
2016/11/21 6.92 6.94 6.66 6.83 
2016/11/22 6.26 6.32 6.15 6.16 
2016/11/23 6.05 6.25 5.92 6.24 
2016/11/24 6.20 6.23 6.13 6.13 
2016/11/25 6.15 6.34 6.11 6.26 
2016/11/28 6.25 6.29 6.21 6.24 
2016/11/29 6.26 6.86 6.25 6.86 
2016/11/30 6.51 6.95 6.40 6.85 
2016/12/01 6.91 6.91 6.80 6.83 
2016/12/02 6.83 6.95 6.62 6.71 
2016/12/05 6.71 6.78 6.61 6.61 
2016/12/06 6.54 6.65 6.54 6.60 
2016/12/07 6.60 6.63 6.57 6.62 
2016/12/08 6.64 6.67 6.60 6.65 
2016/12/09 6.66 6.82 6.66 6.80 
2016/12/12 6.84 6.92 6.77 6.80 
2016/12/13 6.83 6.83 6.78 6.82 
2016/12/14 6.85 6.86 6.80 6.81 
2016/12/15 6.80 6.84 6.80 6.82 
2016/12/16 6.81 7.10 6.81 6.95 
2016/12/19 7.02 7.30 6.95 7.10 
2016/12/20 7.15 7.15 7.01 7.03 
2016/12/21 7.03 7.09 6.96 6.97 
2016/12/22 6.96 7.00 6.75 6.75 
2016/12/23 6.75 6.79 6.69 6.75 
2016/12/26 6.75 6.76 6.66 6.75 
2016/12/27 6.78 6.78 6.61 6.62 
2016/12/28 6.61 6.75 6.61 6.69 
2016/12/29 6.68 6.71 6.55 6.56 
2016/12/30 6.57 6.63 6.53 6.63 
2017/01/03 6.65 6.80 6.65 6.74 
2017/01/04 6.74 6.76 6.68 6.76 
2017/01/05 6.73 6.79 6.72 6.73 
2017/01/06 6.75 6.78 6.72 6.72 
2017/01/09 7.09 7.20 6.96 6.97 
2017/01/10 6.97 7.02 6.89 6.99 
2017/01/11 6.99 7.05 6.96 6.98 
2017/01/12 6.98 7.00 6.94 6.97 
2017/01/13 6.97 6.98 6.95 6.97 
2017/01/16 7.00 7.19 6.97 7.00 
2017/01/17 7.05 7.05 6.95 7.00 
2017/01/18 7.00 7.00 6.95 6.99 
2017/01/19 6.98 7.06 6.98 7.03 
2017/01/20 7.05 7.06 7.00 7.00 
2017/01/23 7.03 7.12 7.02 7.09 
2017/01/24 7.07 7.43 7.07 7.42 
2017/02/02 7.52 7.87 7.50 7.82 
2017/02/03 7.88 7.97 7.74 7.79 
2017/02/06 7.80 8.55 7.77 8.40 
2017/02/07 8.50 8.50 8.15 8.36 
2017/02/08 8.30 8.40 8.13 8.27 
