2016/07/01 12.15 12.25 12.15 12.15 
2016/07/04 12.20 12.25 12.20 12.20 
2016/07/05 12.20 12.20 12.15 12.15 
2016/07/06 12.15 12.15 11.50 12.10 
2016/07/07 11.85 12.10 11.85 12.10 
2016/07/11 11.95 11.95 11.90 11.90 
2016/07/12 11.90 11.90 11.75 11.75 
2016/07/13 11.70 11.70 11.50 11.50 
2016/07/14 11.50 11.60 11.40 11.50 
2016/07/15 11.55 11.60 11.55 11.60 
2016/07/18 11.55 11.80 11.55 11.70 
2016/07/19 12.05 12.05 11.70 11.85 
2016/07/20 11.85 12.00 11.80 11.85 
2016/07/21 11.80 11.90 11.75 11.80 
2016/07/22 11.90 12.00 11.60 11.60 
2016/07/25 11.55 11.70 11.50 11.50 
2016/07/26 11.50 11.65 11.50 11.60 
2016/07/27 11.55 11.80 11.55 11.80 
2016/07/28 11.75 11.90 11.60 11.75 
2016/07/29 11.65 11.65 11.65 11.65 
2016/08/01 11.65 11.80 11.55 11.55 
2016/08/02 11.55 11.55 11.50 11.50 
2016/08/03 11.50 11.60 11.50 11.50 
2016/08/04 11.50 11.60 11.45 11.60 
2016/08/05 11.60 12.10 11.60 12.00 
2016/08/08 12.75 12.75 12.15 12.25 
2016/08/09 12.30 12.40 12.25 12.30 
2016/08/10 12.15 12.20 12.00 12.15 
2016/08/11 12.15 12.15 11.75 11.90 
2016/08/12 11.95 12.05 11.90 12.05 
2016/08/15 12.05 12.20 12.05 12.20 
2016/08/16 12.20 12.50 12.15 12.20 
2016/08/17 12.20 13.25 12.15 13.10 
2016/08/18 12.85 12.95 12.75 12.80 
2016/08/19 12.65 12.65 12.35 12.45 
2016/08/22 12.45 12.60 12.30 12.30 
2016/08/23 12.60 12.60 12.20 12.25 
2016/08/24 12.30 12.45 12.30 12.30 
2016/08/25 12.30 12.40 12.30 12.30 
2016/08/26 12.30 12.45 12.30 12.40 
2016/08/29 12.35 12.35 12.20 12.30 
2016/08/30 12.40 12.50 12.25 12.45 
2016/08/31 12.25 12.40 12.25 12.25 
2016/09/01 12.40 12.40 12.20 12.25 
2016/09/02 12.40 12.45 12.30 12.30 
2016/09/05 12.30 12.35 12.25 12.35 
2016/09/06 12.25 12.35 12.20 12.20 
2016/09/07 12.15 12.30 12.15 12.20 
2016/09/08 12.05 12.40 12.05 12.20 
2016/09/09 12.15 12.40 12.15 12.40 
2016/09/10 12.40 12.60 12.40 12.55 
2016/09/12 12.55 12.55 12.45 12.45 
2016/09/13 12.40 12.40 12.15 12.15 
2016/09/14 12.15 12.50 12.15 12.15 
2016/09/19 12.15 12.20 12.15 12.15 
2016/09/20 12.10 12.20 12.10 12.15 
2016/09/21 12.05 12.15 12.00 12.05 
2016/09/22 12.05 12.10 11.90 11.95 
2016/09/23 11.95 12.00 11.95 11.95 
2016/09/26 11.95 12.05 11.95 11.95 
2016/09/29 12.00 12.05 12.00 12.00 
2016/09/30 12.00 12.00 11.95 11.95 
2016/10/03 11.95 12.00 11.90 11.90 
2016/10/04 11.95 12.00 11.95 12.00 
2016/10/05 12.00 12.05 11.95 12.00 
2016/10/06 11.90 11.95 11.90 11.90 
2016/10/07 11.90 12.00 11.85 12.00 
2016/10/11 11.90 12.10 11.85 11.95 
2016/10/12 11.85 11.90 11.75 11.85 
2016/10/13 11.80 11.85 11.80 11.85 
2016/10/14 11.80 11.85 11.70 11.70 
2016/10/17 11.70 11.80 11.65 11.70 
2016/10/18 11.65 11.80 11.65 11.65 
2016/10/19 11.75 12.05 11.75 12.00 
2016/10/20 11.70 11.70 11.40 11.45 
2016/10/21 11.45 11.60 11.40 11.45 
2016/10/24 11.20 11.35 11.20 11.35 
2016/10/25 11.25 11.30 11.15 11.15 
2016/10/26 11.15 11.80 11.15 11.70 
2016/10/27 11.40 11.65 11.40 11.45 
2016/10/28 11.45 11.45 11.25 11.25 
2016/10/31 11.25 11.35 11.25 11.25 
2016/11/01 11.30 11.30 11.20 11.20 
2016/11/02 11.25 11.25 11.20 11.20 
2016/11/03 11.20 11.20 11.10 11.10 
2016/11/04 11.10 11.15 10.85 11.15 
2016/11/07 10.95 11.25 10.95 10.95 
2016/11/08 10.90 11.05 10.85 10.85 
2016/11/09 10.85 11.20 10.70 11.20 
2016/11/10 11.80 11.80 10.90 11.00 
2016/11/11 10.90 11.10 10.90 10.95 
2016/11/14 10.85 11.20 10.80 11.20 
2016/11/15 11.00 11.35 11.00 11.20 
2016/11/16 11.20 11.20 11.00 11.05 
2016/11/17 10.95 11.15 10.95 11.10 
2016/11/18 10.95 11.20 10.90 11.20 
2016/11/21 11.00 11.05 10.95 10.95 
2016/11/22 10.95 11.00 10.85 11.00 
2016/11/23 11.00 11.00 10.90 11.00 
2016/11/24 10.85 10.90 10.80 10.90 
2016/11/25 10.85 11.00 10.75 10.95 
2016/11/28 10.95 11.20 10.80 11.20 
2016/11/29 10.95 11.15 10.95 11.10 
2016/11/30 11.15 12.20 11.15 12.20 
2016/12/01 13.40 13.40 13.20 13.40 
2016/12/02 13.55 14.50 13.50 13.70 
2016/12/05 13.70 13.95 13.05 13.05 
2016/12/06 13.30 13.30 12.30 12.40 
2016/12/07 12.55 12.65 12.40 12.40 
2016/12/08 12.45 12.50 12.35 12.35 
2016/12/09 12.70 12.70 12.30 12.30 
2016/12/12 12.50 12.60 12.00 12.10 
2016/12/13 12.10 12.20 12.00 12.05 
2016/12/14 12.15 12.15 12.00 12.05 
2016/12/15 12.10 12.20 11.90 11.90 
2016/12/16 11.85 12.00 11.40 11.40 
2016/12/19 11.45 11.65 11.45 11.50 
2016/12/20 11.45 11.60 11.20 11.25 
2016/12/21 11.25 11.35 11.10 11.15 
2016/12/22 11.20 11.35 11.15 11.20 
2016/12/23 11.20 11.40 11.15 11.25 
2016/12/26 11.35 11.35 11.15 11.15 
2016/12/27 11.20 11.25 11.05 11.05 
2016/12/28 11.05 11.20 11.05 11.20 
2016/12/29 11.10 11.20 11.10 11.10 
2016/12/30 11.15 11.60 11.15 11.35 
2017/01/03 11.25 11.50 11.25 11.40 
2017/01/04 11.30 11.35 11.10 11.15 
2017/01/05 11.15 11.25 11.10 11.25 
2017/01/06 11.15 11.30 11.15 11.20 
2017/01/09 11.20 11.25 11.10 11.10 
2017/01/10 11.00 11.15 11.00 11.05 
2017/01/11 11.10 11.20 11.00 11.05 
2017/01/12 11.05 11.05 11.00 11.00 
2017/01/13 11.05 11.10 11.00 11.00 
2017/01/16 10.95 11.20 10.95 11.00 
2017/01/17 10.95 11.15 10.95 11.05 
2017/01/18 10.95 11.20 10.95 11.15 
2017/01/19 11.20 11.20 11.10 11.10 
2017/01/20 11.10 11.20 11.00 11.05 
2017/01/23 11.05 11.20 11.00 11.05 
2017/01/24 11.15 11.15 11.05 11.10 
2017/02/02 11.05 11.15 11.05 11.15 
2017/02/03 11.15 11.35 11.15 11.25 
2017/02/06 11.35 12.30 11.35 12.20 
2017/02/07 12.15 12.15 11.85 11.85 
2017/02/08 11.85 12.00 11.75 11.75 
