2016/07/01 21.15 21.15 20.75 21.05 
2016/07/04 21.05 21.05 20.75 21.00 
2016/07/05 21.00 21.05 20.75 21.05 
2016/07/06 20.80 20.95 20.55 20.95 
2016/07/07 20.90 20.90 20.60 20.85 
2016/07/11 20.85 20.90 20.50 20.70 
2016/07/12 20.60 20.60 20.30 20.55 
2016/07/13 20.55 20.55 20.00 20.00 
2016/07/14 20.10 20.40 19.95 20.05 
2016/07/15 20.25 20.25 20.00 20.10 
2016/07/18 20.10 20.65 20.00 20.40 
2016/07/19 20.10 20.50 20.10 20.45 
2016/07/20 20.30 20.45 20.20 20.30 
2016/07/21 20.40 20.60 20.35 20.50 
2016/07/22 20.55 20.55 20.40 20.50 
2016/07/25 20.50 20.50 20.30 20.50 
2016/07/26 20.50 20.50 20.35 20.45 
2016/07/27 20.35 20.50 20.35 20.40 
2016/07/28 20.40 20.55 20.35 20.55 
2016/07/29 20.65 20.70 20.50 20.65 
2016/08/01 20.60 21.35 20.60 21.25 
2016/08/02 21.25 21.55 21.20 21.50 
2016/08/03 21.50 21.60 21.25 21.40 
2016/08/04 20.40 20.40 20.00 20.20 
2016/08/05 20.20 20.30 20.00 20.25 
2016/08/08 20.30 20.30 20.05 20.10 
2016/08/09 20.25 20.25 19.70 20.05 
2016/08/10 20.00 20.00 19.85 19.95 
2016/08/11 20.00 20.00 19.70 19.95 
2016/08/12 19.90 19.90 19.60 19.80 
2016/08/15 19.80 19.80 19.60 19.60 
2016/08/16 19.50 19.55 19.30 19.50 
2016/08/17 19.35 19.55 19.25 19.55 
2016/08/18 19.80 19.80 19.60 19.60 
2016/08/19 19.70 19.70 19.55 19.60 
2016/08/22 19.50 19.60 19.20 19.25 
2016/08/23 19.35 19.35 19.10 19.20 
2016/08/24 19.40 19.40 19.20 19.20 
2016/08/25 19.10 19.20 19.00 19.00 
2016/08/26 19.00 19.00 18.65 18.80 
2016/08/29 18.60 18.80 18.25 18.80 
2016/08/30 18.90 18.90 18.65 18.80 
2016/08/31 18.50 18.90 18.50 18.80 
2016/09/01 18.50 18.70 18.50 18.70 
2016/09/02 18.75 18.75 18.60 18.70 
2016/09/05 18.25 18.70 18.25 18.70 
2016/09/06 18.90 18.90 18.50 18.65 
2016/09/07 18.50 18.60 18.45 18.60 
2016/09/08 18.45 18.60 18.45 18.55 
2016/09/09 18.35 18.50 18.35 18.50 
2016/09/10 18.55 18.55 18.55 18.55 
2016/09/12 18.40 18.55 18.25 18.45 
2016/09/13 18.25 18.45 18.25 18.45 
2016/09/14 18.35 18.45 18.35 18.45 
2016/09/19 18.25 18.50 17.90 18.45 
2016/09/20 18.50 18.50 18.15 18.35 
2016/09/21 18.15 18.90 18.10 18.80 
2016/09/22 18.85 18.90 18.60 18.60 
2016/09/23 18.85 18.85 18.80 18.80 
2016/09/26 18.75 18.75 18.70 18.70 
2016/09/29 18.60 18.70 18.55 18.55 
2016/09/30 18.50 18.70 18.50 18.65 
2016/10/03 18.25 18.60 18.25 18.50 
2016/10/04 18.50 18.50 18.35 18.50 
2016/10/05 18.55 19.00 18.45 18.60 
2016/10/06 18.35 18.70 18.35 18.65 
2016/10/07 18.50 18.75 18.50 18.75 
2016/10/11 18.55 18.80 18.50 18.70 
2016/10/12 18.75 18.75 18.45 18.60 
2016/10/13 18.60 18.60 18.45 18.55 
2016/10/14 18.50 18.50 18.20 18.50 
2016/10/17 18.55 18.55 18.20 18.45 
2016/10/18 18.50 18.50 18.45 18.50 
2016/10/19 18.45 18.50 18.25 18.50 
2016/10/20 18.55 18.55 18.25 18.45 
2016/10/21 18.25 18.45 18.15 18.45 
2016/10/24 18.25 18.40 18.20 18.40 
2016/10/25 18.20 18.30 18.05 18.25 
2016/10/26 18.20 18.25 18.00 18.25 
2016/10/27 18.00 18.20 18.00 18.20 
2016/10/28 19.95 19.95 18.45 18.70 
2016/10/31 18.75 18.75 18.50 18.70 
2016/11/01 18.50 18.70 18.40 18.50 
2016/11/02 18.80 18.80 18.20 18.45 
2016/11/03 18.45 18.75 18.20 18.45 
2016/11/04 18.65 18.65 18.00 18.10 
2016/11/07 18.05 18.05 17.80 18.00 
2016/11/08 18.00 18.20 18.00 18.20 
2016/11/09 18.30 18.50 18.00 18.00 
2016/11/10 18.15 18.20 17.90 18.15 
2016/11/11 18.00 18.20 17.90 18.05 
2016/11/14 17.95 18.00 17.85 18.00 
2016/11/15 18.10 19.50 18.10 18.20 
2016/11/16 18.15 18.20 17.85 18.00 
2016/11/17 18.00 18.10 17.90 18.00 
2016/11/18 18.00 18.00 17.90 18.00 
2016/11/21 17.85 17.85 17.80 17.85 
2016/11/22 18.00 18.00 17.70 17.80 
2016/11/23 17.70 17.70 17.40 17.70 
2016/11/24 17.50 17.75 17.50 17.70 
2016/11/25 17.75 17.75 17.45 17.70 
2016/11/28 17.45 18.40 17.45 18.00 
2016/11/29 18.00 18.00 17.50 17.50 
2016/11/30 17.70 18.45 17.70 17.95 
2016/12/01 17.95 17.95 17.50 17.65 
2016/12/02 17.45 17.50 17.35 17.40 
2016/12/05 17.45 17.45 17.15 17.30 
2016/12/06 17.30 17.30 17.00 17.20 
2016/12/07 17.15 17.20 17.05 17.20 
2016/12/08 17.10 17.20 17.00 17.10 
2016/12/09 17.10 17.20 16.55 16.85 
2016/12/12 16.85 17.00 16.80 16.90 
2016/12/13 16.80 16.80 16.65 16.75 
2016/12/14 16.70 16.75 16.70 16.75 
2016/12/15 16.70 16.70 16.45 16.65 
2016/12/16 16.65 16.65 16.60 16.60 
2016/12/19 16.50 16.55 16.40 16.40 
2016/12/20 16.40 16.40 16.10 16.20 
2016/12/21 16.05 16.25 16.05 16.10 
2016/12/22 16.20 16.25 16.15 16.20 
2016/12/23 16.20 16.25 16.20 16.25 
2016/12/26 16.25 16.40 16.25 16.40 
2016/12/27 16.40 16.50 16.40 16.50 
2016/12/28 16.65 16.65 16.40 16.50 
2016/12/29 16.30 17.20 16.25 17.00 
2016/12/30 17.00 18.50 17.00 18.30 
2017/01/03 18.10 18.10 17.50 17.70 
2017/01/04 17.50 17.50 17.30 17.50 
2017/01/05 17.35 17.45 17.10 17.45 
2017/01/06 17.25 17.25 17.20 17.20 
2017/01/09 17.20 17.20 17.10 17.20 
2017/01/10 17.00 17.10 17.00 17.10 
2017/01/11 17.10 17.10 17.00 17.00 
2017/01/12 17.10 17.10 16.85 17.00 
2017/01/13 16.85 16.85 16.70 16.70 
2017/01/16 16.90 16.95 16.55 16.55 
2017/01/17 16.55 16.75 16.55 16.75 
2017/01/18 16.75 17.05 16.75 17.05 
2017/01/19 17.10 17.15 17.05 17.05 
2017/01/20 16.80 17.00 16.80 17.00 
2017/01/23 16.60 17.00 16.60 16.75 
2017/01/24 16.60 17.15 16.60 17.15 
2017/02/02 17.15 17.15 17.00 17.00 
2017/02/03 17.10 17.10 17.00 17.00 
2017/02/06 17.20 18.50 17.20 18.00 
2017/02/07 18.00 18.00 17.60 18.00 
2017/02/08 18.20 18.25 17.85 17.85 
