2016/07/01 17.90 17.95 17.75 17.90 
2016/07/04 17.85 17.85 17.65 17.70 
2016/07/05 17.50 17.50 17.25 17.50 
2016/07/06 17.30 17.35 17.00 17.35 
2016/07/07 17.15 17.35 17.00 17.25 
2016/07/11 17.10 17.20 17.00 17.15 
2016/07/12 17.05 17.10 16.95 17.00 
2016/07/13 17.00 17.00 16.80 17.00 
2016/07/14 16.90 16.95 16.80 16.95 
2016/07/15 16.90 17.00 16.80 16.95 
2016/07/18 16.90 16.90 16.70 16.70 
2016/07/19 16.80 16.80 16.30 16.65 
2016/07/20 16.40 16.65 16.40 16.60 
2016/07/21 16.50 16.70 16.40 16.50 
2016/07/22 16.50 16.50 16.30 16.35 
2016/07/25 16.30 16.40 16.20 16.30 
2016/07/26 16.30 16.35 15.95 16.20 
2016/07/27 16.05 16.15 15.85 16.00 
2016/07/28 15.90 16.00 15.60 16.00 
2016/07/29 16.00 16.00 15.80 15.95 
2016/08/01 15.80 15.95 15.60 15.95 
2016/08/02 16.10 16.40 15.95 16.20 
2016/08/03 16.10 16.15 16.00 16.10 
2016/08/04 16.15 16.15 15.95 16.15 
2016/08/05 16.15 16.15 15.90 16.10 
2016/08/08 16.00 16.15 15.95 16.05 
2016/08/09 16.05 16.10 15.95 16.10 
2016/08/10 16.10 16.15 16.00 16.10 
2016/08/11 16.05 16.10 16.00 16.10 
2016/08/12 16.20 16.55 16.15 16.50 
2016/08/15 16.75 16.80 16.45 16.50 
2016/08/16 16.40 16.45 16.00 16.25 
2016/08/17 16.15 16.25 15.95 16.25 
2016/08/18 16.20 17.00 15.95 16.90 
2016/08/19 16.75 16.85 16.50 16.55 
2016/08/22 16.30 16.50 16.05 16.30 
2016/08/23 16.30 16.40 16.25 16.40 
2016/08/24 16.35 16.60 16.35 16.50 
2016/08/25 16.35 17.30 16.35 17.15 
2016/08/26 17.15 17.35 17.05 17.15 
2016/08/29 17.00 17.05 16.90 17.00 
2016/08/30 17.00 17.25 16.95 17.10 
2016/08/31 16.90 17.10 16.90 17.05 
2016/09/01 17.30 17.30 16.95 17.00 
2016/09/02 16.90 17.05 16.50 16.95 
2016/09/05 16.95 16.95 16.75 16.90 
2016/09/06 16.85 17.00 16.85 17.00 
2016/09/07 17.00 17.15 17.00 17.15 
2016/09/08 17.05 17.15 17.05 17.10 
2016/09/09 17.10 17.15 17.00 17.15 
2016/09/10 17.15 17.15 17.00 17.00 
2016/09/12 17.00 17.10 16.90 17.10 
2016/09/13 17.15 17.15 16.95 17.10 
2016/09/14 17.05 17.15 17.05 17.15 
2016/09/19 17.25 17.25 17.15 17.25 
2016/09/20 17.15 17.25 17.15 17.25 
2016/09/21 17.25 17.50 17.15 17.50 
2016/09/22 17.45 17.55 17.45 17.55 
2016/09/23 17.55 17.75 17.55 17.65 
2016/09/26 17.70 17.75 17.65 17.75 
2016/09/29 17.30 17.75 17.30 17.75 
2016/09/30 17.75 18.00 17.40 17.75 
2016/10/03 17.85 18.00 17.60 17.75 
2016/10/04 17.85 17.85 17.70 17.75 
2016/10/05 17.75 17.75 17.60 17.75 
2016/10/06 17.75 17.75 17.60 17.65 
2016/10/07 17.65 17.70 17.65 17.65 
2016/10/11 17.65 17.75 17.60 17.75 
2016/10/12 17.75 17.80 17.65 17.65 
2016/10/13 17.75 17.75 17.60 17.75 
2016/10/14 17.75 17.75 17.50 17.75 
2016/10/17 17.75 17.75 17.50 17.60 
2016/10/18 17.45 17.55 17.45 17.55 
2016/10/19 17.55 17.60 17.10 17.30 
2016/10/20 17.35 17.35 16.85 17.20 
2016/10/21 17.10 17.10 16.65 16.95 
2016/10/24 16.95 17.05 16.70 17.05 
2016/10/25 17.05 17.05 16.85 16.95 
2016/10/26 16.85 16.85 15.30 15.85 
2016/10/27 15.75 16.15 15.65 16.15 
2016/10/28 16.10 16.35 16.05 16.15 
2016/10/31 16.25 16.35 16.10 16.30 
2016/11/01 16.30 16.65 16.30 16.55 
2016/11/02 16.45 16.65 16.45 16.65 
2016/11/03 16.65 16.65 16.40 16.40 
2016/11/04 16.50 16.50 16.30 16.40 
2016/11/07 16.75 17.10 16.75 17.00 
2016/11/08 17.00 17.00 16.75 17.00 
2016/11/09 17.00 17.00 16.40 16.55 
2016/11/10 16.55 16.70 16.55 16.65 
2016/11/11 16.70 16.70 16.20 16.35 
2016/11/14 16.45 16.45 16.00 16.05 
2016/11/15 16.10 16.50 16.05 16.30 
2016/11/16 16.40 16.60 16.30 16.60 
2016/11/17 16.70 16.70 16.25 16.60 
2016/11/18 16.50 16.60 16.30 16.60 
2016/11/21 16.65 16.75 16.45 16.60 
2016/11/22 16.60 16.60 16.55 16.60 
2016/11/23 16.60 16.75 16.60 16.60 
2016/11/24 16.75 16.95 16.70 16.95 
2016/11/25 16.95 17.10 16.80 17.00 
2016/11/28 17.10 17.10 16.85 17.05 
2016/11/29 17.10 17.10 16.90 17.10 
2016/11/30 17.20 17.70 17.00 17.70 
2016/12/01 17.60 17.60 17.40 17.60 
2016/12/02 17.60 17.80 17.50 17.80 
2016/12/05 17.80 17.80 17.65 17.80 
2016/12/06 17.80 17.80 17.70 17.80 
2016/12/07 17.80 17.80 17.70 17.80 
2016/12/08 17.80 17.80 17.65 17.80 
2016/12/09 17.80 17.85 17.75 17.85 
2016/12/12 18.00 18.00 17.80 17.90 
2016/12/13 17.85 17.90 17.60 17.75 
2016/12/14 17.75 17.80 17.70 17.80 
2016/12/15 17.80 17.85 17.65 17.75 
2016/12/16 17.75 17.75 17.45 17.60 
2016/12/19 17.50 17.55 16.95 17.00 
2016/12/20 16.90 17.15 16.90 17.00 
2016/12/21 17.00 17.20 16.90 17.15 
2016/12/22 17.10 17.10 16.55 16.55 
2016/12/23 16.80 16.80 16.65 16.65 
2016/12/26 16.65 16.90 16.45 16.85 
2016/12/27 16.70 16.90 16.65 16.85 
2016/12/28 16.85 16.85 16.75 16.80 
2016/12/29 16.85 16.95 16.80 16.95 
2016/12/30 16.95 16.95 16.65 16.75 
2017/01/03 16.70 16.75 16.55 16.75 
2017/01/04 16.80 16.80 16.60 16.75 
2017/01/05 16.75 16.85 16.65 16.85 
2017/01/06 16.85 16.90 16.75 16.85 
2017/01/09 16.80 16.95 16.80 16.90 
2017/01/10 16.90 16.90 16.80 16.90 
2017/01/11 16.80 16.80 16.65 16.70 
2017/01/12 16.80 16.90 16.60 16.90 
2017/01/13 16.90 16.90 16.65 16.75 
2017/01/16 16.85 16.85 16.60 16.75 
2017/01/17 16.80 16.85 16.65 16.80 
2017/01/18 16.80 16.95 16.70 16.90 
2017/01/19 16.90 16.90 16.65 16.65 
2017/01/20 16.75 16.80 16.65 16.70 
2017/01/23 16.80 16.80 16.65 16.75 
2017/01/24 16.75 16.80 16.65 16.75 
2017/02/02 16.90 16.95 16.75 16.90 
2017/02/03 16.85 16.90 16.75 16.90 
2017/02/06 16.80 16.95 16.55 16.60 
2017/02/07 16.60 16.70 15.95 16.00 
2017/02/08 15.95 16.20 15.95 16.00 
