2016/07/01 5.23 5.27 5.23 5.24 
2016/07/04 5.25 5.28 5.24 5.24 
2016/07/05 5.24 5.25 5.22 5.23 
2016/07/06 5.23 5.33 5.22 5.31 
2016/07/07 5.34 5.39 5.30 5.38 
2016/07/11 5.38 5.43 5.34 5.38 
2016/07/12 5.37 5.37 5.31 5.31 
2016/07/13 5.35 5.35 5.26 5.30 
2016/07/14 5.30 5.33 5.29 5.29 
2016/07/15 5.31 5.38 5.31 5.37 
2016/07/18 5.39 5.47 5.39 5.43 
2016/07/19 5.47 5.47 5.41 5.46 
2016/07/20 5.49 5.63 5.48 5.55 
2016/07/21 5.57 5.67 5.57 5.64 
2016/07/22 5.69 5.69 5.59 5.62 
2016/07/25 5.60 5.65 5.52 5.53 
2016/07/26 5.54 5.57 5.52 5.54 
2016/07/27 5.60 5.61 5.49 5.51 
2016/07/28 5.51 5.53 5.46 5.46 
2016/07/29 5.47 5.48 5.43 5.44 
2016/08/01 5.44 5.46 5.41 5.43 
2016/08/02 5.44 5.52 5.44 5.48 
2016/08/03 5.40 5.45 5.39 5.44 
2016/08/04 5.46 5.47 5.41 5.47 
2016/08/05 5.49 5.49 5.46 5.47 
2016/08/08 5.49 5.57 5.48 5.54 
2016/08/09 5.53 5.55 5.48 5.49 
2016/08/10 5.48 5.57 5.47 5.53 
2016/08/11 5.54 5.56 5.48 5.50 
2016/08/12 5.50 5.53 5.50 5.50 
2016/08/15 5.50 5.53 5.48 5.50 
2016/08/16 5.51 5.51 5.44 5.46 
2016/08/17 5.48 5.48 5.43 5.44 
2016/08/18 5.43 5.46 5.41 5.43 
2016/08/19 5.45 5.48 5.40 5.41 
2016/08/22 5.40 5.40 5.31 5.34 
2016/08/23 5.34 5.37 5.34 5.35 
2016/08/24 5.36 5.38 5.30 5.33 
2016/08/25 5.33 5.36 5.32 5.35 
2016/08/26 5.35 5.38 5.34 5.36 
2016/08/29 5.36 5.39 5.33 5.38 
2016/08/30 5.38 5.43 5.38 5.40 
2016/08/31 5.43 5.43 5.39 5.41 
2016/09/01 5.41 5.41 5.35 5.37 
2016/09/02 5.36 5.38 5.34 5.35 
2016/09/05 5.40 5.44 5.39 5.41 
2016/09/06 5.43 5.45 5.42 5.45 
2016/09/07 5.30 5.39 5.28 5.32 
2016/09/08 5.31 5.37 5.31 5.33 
2016/09/09 5.33 5.37 5.31 5.37 
2016/09/10 5.30 5.35 5.30 5.32 
2016/09/12 5.32 5.34 5.28 5.29 
2016/09/13 5.29 5.33 5.23 5.23 
2016/09/14 5.23 5.28 5.22 5.26 
2016/09/19 5.26 5.29 5.26 5.26 
2016/09/20 5.25 5.29 5.25 5.27 
2016/09/21 5.27 5.38 5.27 5.35 
2016/09/22 5.38 5.52 5.32 5.46 
2016/09/23 5.49 5.52 5.46 5.50 
2016/09/26 5.49 5.49 5.43 5.47 
2016/09/29 5.49 5.54 5.47 5.53 
2016/09/30 5.51 5.53 5.48 5.49 
2016/10/03 5.48 5.51 5.45 5.47 
2016/10/04 5.44 5.47 5.43 5.43 
2016/10/05 5.45 5.47 5.43 5.45 
2016/10/06 5.47 5.51 5.44 5.49 
2016/10/07 5.49 5.49 5.43 5.44 
2016/10/11 5.45 5.46 5.35 5.38 
2016/10/12 5.38 5.38 5.32 5.33 
2016/10/13 5.33 5.35 5.27 5.30 
2016/10/14 5.30 5.32 5.25 5.26 
2016/10/17 5.29 5.38 5.29 5.33 
2016/10/18 5.33 5.46 5.31 5.43 
2016/10/19 5.43 5.46 5.37 5.38 
2016/10/20 5.39 5.58 5.38 5.58 
2016/10/21 5.60 5.63 5.49 5.49 
2016/10/24 5.46 5.54 5.46 5.48 
2016/10/25 5.48 5.52 5.46 5.47 
2016/10/26 5.47 5.47 5.41 5.45 
2016/10/27 5.46 5.48 5.41 5.47 
2016/10/28 5.47 5.48 5.42 5.42 
2016/10/31 5.43 5.43 5.37 5.38 
2016/11/01 5.38 5.41 5.36 5.36 
2016/11/02 5.35 5.35 5.28 5.31 
2016/11/03 5.30 5.33 5.28 5.28 
2016/11/04 5.28 5.30 5.24 5.25 
2016/11/07 5.27 5.32 5.27 5.29 
2016/11/08 5.29 5.31 5.27 5.28 
2016/11/09 5.30 5.32 5.17 5.18 
2016/11/10 5.23 5.28 5.23 5.25 
2016/11/11 5.22 5.23 5.17 5.19 
2016/11/14 5.20 5.23 5.17 5.19 
2016/11/15 5.27 5.60 5.25 5.50 
2016/11/16 5.49 5.85 5.49 5.72 
2016/11/17 5.81 6.05 5.80 5.92 
2016/11/18 5.93 5.94 5.82 5.94 
2016/11/21 5.98 6.39 5.98 6.39 
2016/11/22 6.39 6.60 6.22 6.24 
2016/11/23 6.24 6.32 6.13 6.19 
2016/11/24 6.19 6.38 6.19 6.22 
2016/11/25 6.22 6.30 6.04 6.08 
2016/11/28 6.19 6.34 6.13 6.18 
2016/11/29 6.20 6.39 6.20 6.28 
2016/11/30 6.35 6.57 6.35 6.49 
2016/12/01 6.57 6.70 6.45 6.47 
2016/12/02 6.43 6.54 6.39 6.41 
2016/12/05 6.40 6.44 6.31 6.33 
2016/12/06 6.40 6.43 6.25 6.27 
2016/12/07 6.30 6.34 6.17 6.26 
2016/12/08 6.30 6.32 6.20 6.23 
2016/12/09 6.23 6.41 6.18 6.37 
2016/12/12 6.42 6.42 6.22 6.23 
2016/12/13 6.24 6.26 6.15 6.20 
2016/12/14 6.21 6.38 6.16 6.21 
2016/12/15 6.20 6.22 6.15 6.22 
2016/12/16 6.22 6.22 6.15 6.16 
2016/12/19 6.23 6.38 6.23 6.27 
2016/12/20 6.22 6.25 6.17 6.20 
2016/12/21 6.22 6.22 6.13 6.13 
2016/12/22 6.14 6.14 6.03 6.03 
2016/12/23 6.03 6.14 6.03 6.06 
2016/12/26 6.08 6.15 6.03 6.05 
2016/12/27 6.08 6.10 6.04 6.05 
2016/12/28 6.06 6.11 6.04 6.08 
2016/12/29 6.07 6.14 6.07 6.13 
2016/12/30 6.25 6.29 6.16 6.20 
2017/01/03 6.23 6.23 6.14 6.17 
2017/01/04 6.18 6.22 6.16 6.17 
2017/01/05 6.18 6.28 6.18 6.21 
2017/01/06 6.21 6.24 6.15 6.17 
2017/01/09 6.18 6.20 6.12 6.12 
2017/01/10 6.12 6.14 6.09 6.10 
2017/01/11 6.15 6.15 6.08 6.10 
2017/01/12 6.10 6.18 6.08 6.11 
2017/01/13 6.11 6.13 6.07 6.10 
2017/01/16 6.10 6.14 6.06 6.09 
2017/01/17 6.10 6.11 6.07 6.10 
2017/01/18 6.07 6.14 6.07 6.11 
2017/01/19 6.14 6.33 6.11 6.27 
2017/01/20 6.27 6.35 6.20 6.20 
2017/01/23 6.24 6.26 6.20 6.21 
2017/01/24 6.22 6.32 6.21 6.24 
2017/02/02 6.25 6.60 6.25 6.45 
2017/02/03 6.50 6.65 6.42 6.48 
2017/02/06 6.60 7.10 6.56 7.10 
2017/02/07 7.08 7.08 6.85 6.87 
2017/02/08 6.87 6.89 6.74 6.80 
