2016/07/01 17.85 17.85 17.35 17.45 
2016/07/04 17.50 17.75 17.25 17.45 
2016/07/05 17.40 17.60 17.25 17.40 
2016/07/06 17.20 17.25 17.05 17.10 
2016/07/07 17.20 17.20 17.05 17.20 
2016/07/11 17.60 17.65 17.45 17.50 
2016/07/12 17.55 17.60 17.20 17.40 
2016/07/13 17.50 17.50 16.95 17.15 
2016/07/14 17.15 17.25 17.05 17.10 
2016/07/15 17.20 17.20 16.95 17.00 
2016/07/18 17.00 17.00 16.50 16.75 
2016/07/19 16.70 16.85 16.55 16.75 
2016/07/20 16.80 16.85 16.50 16.55 
2016/07/21 16.60 16.80 16.60 16.75 
2016/07/22 16.80 17.10 16.75 16.85 
2016/07/25 16.95 17.10 16.70 16.75 
2016/07/26 16.90 17.00 16.85 16.90 
2016/07/27 17.10 17.30 17.00 17.05 
2016/07/28 17.20 17.20 17.00 17.05 
2016/07/29 17.10 17.15 16.95 17.15 
2016/08/01 16.15 16.30 15.80 16.05 
2016/08/02 16.05 16.20 16.00 16.15 
2016/08/03 16.00 16.10 15.90 16.00 
2016/08/04 16.00 16.15 15.90 15.90 
2016/08/05 15.90 16.00 15.85 15.90 
2016/08/08 15.95 16.05 15.90 16.00 
2016/08/09 15.95 16.05 15.85 15.95 
2016/08/10 16.00 16.20 15.90 16.05 
2016/08/11 15.95 16.15 15.90 15.95 
2016/08/12 16.05 16.10 16.00 16.00 
2016/08/15 16.10 16.10 15.90 15.90 
2016/08/16 16.00 16.00 15.70 15.75 
2016/08/17 15.70 15.85 15.50 15.75 
2016/08/18 15.80 15.85 15.70 15.85 
2016/08/19 15.95 16.10 15.85 15.90 
2016/08/22 15.80 15.85 15.40 15.60 
2016/08/23 15.60 15.65 15.40 15.50 
2016/08/24 15.50 15.60 15.45 15.60 
2016/08/25 15.55 15.75 15.55 15.75 
2016/08/26 15.75 15.95 15.75 15.85 
2016/08/29 15.95 16.00 15.80 15.90 
2016/08/30 15.95 15.95 15.80 15.90 
2016/08/31 15.85 15.90 15.60 15.65 
2016/09/01 15.75 15.75 15.55 15.60 
2016/09/02 15.55 15.60 15.50 15.50 
2016/09/05 15.70 15.70 15.50 15.60 
2016/09/06 15.60 15.75 15.60 15.70 
2016/09/07 15.80 15.85 15.60 15.80 
2016/09/08 15.85 16.00 15.75 15.95 
2016/09/09 15.85 16.10 15.75 16.00 
2016/09/10 15.90 15.90 15.75 15.80 
2016/09/12 15.80 15.90 15.60 15.65 
2016/09/13 15.65 15.70 15.55 15.60 
2016/09/14 15.65 15.70 15.50 15.70 
2016/09/19 15.70 15.80 15.60 15.70 
2016/09/20 15.70 15.70 15.55 15.60 
2016/09/21 15.60 15.90 15.55 15.90 
2016/09/22 15.95 16.00 15.75 15.75 
2016/09/23 15.75 15.90 15.70 15.90 
2016/09/26 15.90 15.90 15.75 15.80 
2016/09/29 15.80 16.00 15.80 15.95 
2016/09/30 15.90 15.95 15.75 15.75 
2016/10/03 16.00 16.00 15.80 15.90 
2016/10/04 15.95 15.95 15.80 15.90 
2016/10/05 16.00 16.00 15.90 16.00 
2016/10/06 16.00 16.00 15.80 15.80 
2016/10/07 15.85 15.95 15.70 15.75 
2016/10/11 15.90 15.90 15.55 15.60 
2016/10/12 15.55 15.75 15.55 15.70 
2016/10/13 15.70 15.85 15.60 15.60 
2016/10/14 15.60 15.75 15.55 15.55 
2016/10/17 15.55 15.65 15.50 15.55 
2016/10/18 15.50 15.60 15.50 15.55 
2016/10/19 15.65 15.70 15.55 15.55 
2016/10/20 15.65 15.65 15.50 15.60 
2016/10/21 15.55 15.70 15.50 15.50 
2016/10/24 15.60 15.75 15.50 15.60 
2016/10/25 15.60 16.05 15.55 15.85 
2016/10/26 15.85 15.85 15.65 15.70 
2016/10/27 15.70 15.90 15.65 15.70 
2016/10/28 15.75 15.75 15.55 15.60 
2016/10/31 15.60 15.65 15.50 15.55 
2016/11/01 15.55 15.60 15.50 15.55 
2016/11/02 15.50 15.55 15.40 15.40 
2016/11/03 15.50 15.50 15.35 15.35 
2016/11/04 15.35 15.40 15.20 15.20 
2016/11/07 15.30 15.35 15.15 15.15 
2016/11/08 15.25 15.30 15.10 15.25 
2016/11/09 15.30 15.30 14.80 14.85 
2016/11/10 15.10 15.20 15.05 15.20 
2016/11/11 15.00 15.00 14.85 14.90 
2016/11/14 15.10 15.20 15.05 15.10 
2016/11/15 15.40 16.55 15.35 16.30 
2016/11/16 16.30 16.35 15.75 15.85 
2016/11/17 15.90 16.15 15.75 16.00 
2016/11/18 16.25 16.80 16.10 16.60 
2016/11/21 16.85 16.90 16.55 16.80 
2016/11/22 16.75 16.75 16.45 16.50 
2016/11/23 16.60 16.70 16.35 16.40 
2016/11/24 16.40 16.50 16.30 16.45 
2016/11/25 16.55 16.90 16.50 16.80 
2016/11/28 17.25 18.30 17.25 18.30 
2016/11/29 18.10 19.00 18.00 18.55 
2016/11/30 18.60 20.40 18.60 20.10 
2016/12/01 19.60 20.20 19.10 19.65 
2016/12/02 19.80 20.10 19.30 19.55 
2016/12/05 19.80 19.90 19.45 19.70 
2016/12/06 20.15 20.55 19.70 19.85 
2016/12/07 20.10 20.10 19.40 19.85 
2016/12/08 20.15 20.15 19.70 20.05 
2016/12/09 20.05 20.50 19.85 20.50 
2016/12/12 20.50 20.55 19.30 19.30 
2016/12/13 19.40 19.95 19.35 19.90 
2016/12/14 20.05 20.10 19.45 19.55 
2016/12/15 19.25 19.60 18.95 19.25 
2016/12/16 19.30 19.80 19.20 19.75 
2016/12/19 20.45 21.45 20.35 21.45 
2016/12/20 20.90 21.05 20.15 20.30 
2016/12/21 20.30 20.70 19.90 20.15 
2016/12/22 20.30 20.30 19.50 19.70 
2016/12/23 19.90 20.15 19.70 19.70 
2016/12/26 19.85 20.00 19.55 19.55 
2016/12/27 19.85 19.85 19.45 19.65 
2016/12/28 19.55 19.75 19.45 19.55 
2016/12/29 19.55 19.70 19.30 19.40 
2016/12/30 19.75 19.85 19.55 19.55 
2017/01/03 19.60 19.60 19.40 19.55 
2017/01/04 19.55 19.65 19.45 19.55 
2017/01/05 19.55 19.85 19.50 19.80 
2017/01/06 19.90 20.30 19.80 19.80 
2017/01/09 19.90 20.05 19.75 19.90 
2017/01/10 19.90 20.00 19.70 19.90 
2017/01/11 19.95 19.95 19.60 19.60 
2017/01/12 19.65 19.95 19.60 19.60 
2017/01/13 19.60 19.60 19.10 19.25 
2017/01/16 19.10 19.15 18.50 18.55 
2017/01/17 18.55 18.95 18.55 18.75 
2017/01/18 18.75 19.00 18.65 18.95 
2017/01/19 18.85 19.55 18.80 19.30 
2017/01/20 19.30 19.35 19.10 19.15 
2017/01/23 19.05 19.25 19.05 19.10 
2017/01/24 19.10 19.70 19.10 19.50 
2017/02/02 19.70 19.80 19.50 19.75 
2017/02/03 20.10 20.50 20.10 20.45 
2017/02/06 21.10 22.45 20.80 22.45 
2017/02/07 22.65 22.85 22.10 22.65 
2017/02/08 22.75 23.55 22.70 22.75 
