2016/07/01 17.55 17.65 17.55 17.55 
2016/07/04 17.55 17.90 17.55 17.75 
2016/07/05 17.75 17.85 17.75 17.80 
2016/07/06 17.30 17.75 17.30 17.70 
2016/07/07 17.70 17.70 17.60 17.60 
2016/07/11 17.75 17.80 17.65 17.75 
2016/07/12 17.90 17.90 17.65 17.75 
2016/07/13 17.85 17.85 17.70 17.70 
2016/07/14 17.65 17.80 17.65 17.70 
2016/07/15 17.80 17.80 17.65 17.70 
2016/07/18 17.85 17.85 17.75 17.80 
2016/07/19 17.90 17.90 17.75 17.80 
2016/07/20 17.85 17.90 17.60 17.70 
2016/07/21 17.00 17.20 16.95 17.10 
2016/07/22 17.15 17.20 17.00 17.20 
2016/07/25 17.20 17.30 17.00 17.30 
2016/07/26 17.30 17.40 17.15 17.35 
2016/07/27 17.35 17.40 17.30 17.40 
2016/07/28 17.40 17.40 17.35 17.35 
2016/07/29 17.40 17.40 17.25 17.35 
2016/08/01 17.20 17.40 17.10 17.20 
2016/08/02 17.20 17.20 17.10 17.15 
2016/08/03 17.10 17.15 17.00 17.05 
2016/08/04 17.05 17.05 16.95 16.95 
2016/08/05 17.05 17.05 16.95 17.00 
2016/08/08 17.30 17.30 17.15 17.15 
2016/08/09 17.15 17.15 16.80 16.95 
2016/08/10 16.85 17.00 16.85 17.00 
2016/08/11 16.90 17.00 16.80 16.90 
2016/08/12 16.85 17.00 16.85 17.00 
2016/08/15 17.00 17.00 16.85 16.85 
2016/08/16 17.00 17.00 16.85 16.85 
2016/08/17 17.25 17.25 16.40 17.00 
2016/08/18 17.10 17.10 16.90 17.00 
2016/08/19 17.15 17.15 16.80 16.90 
2016/08/22 16.80 17.10 16.80 17.10 
2016/08/23 17.10 17.15 17.05 17.10 
2016/08/24 17.10 17.10 16.95 16.95 
2016/08/25 17.00 17.10 17.00 17.00 
2016/08/26 17.00 17.00 16.90 16.90 
2016/08/29 16.90 17.15 16.90 17.00 
2016/08/30 17.10 17.10 17.00 17.00 
2016/08/31 16.90 17.05 16.90 16.90 
2016/09/01 16.95 16.95 16.85 16.85 
2016/09/02 16.85 16.90 16.85 16.85 
2016/09/05 16.85 17.20 16.85 17.05 
2016/09/06 17.10 17.10 16.90 16.90 
2016/09/07 17.05 17.10 17.00 17.00 
2016/09/08 17.10 17.10 17.00 17.00 
2016/09/09 17.05 17.05 16.95 17.00 
2016/09/10 16.90 16.95 16.85 16.90 
2016/09/12 16.90 17.10 16.80 16.90 
2016/09/13 16.85 16.90 16.75 16.90 
2016/09/14 16.85 16.90 16.85 16.90 
2016/09/19 16.90 17.05 16.80 16.90 
2016/09/20 16.80 16.95 16.80 16.95 
2016/09/21 16.90 17.35 16.85 17.35 
2016/09/22 17.30 17.30 17.00 17.20 
2016/09/23 17.00 17.30 17.00 17.30 
2016/09/26 17.05 17.30 16.95 17.25 
2016/09/29 17.25 17.30 17.00 17.30 
2016/09/30 17.30 17.30 17.05 17.05 
2016/10/03 17.05 17.25 17.05 17.25 
2016/10/04 17.10 17.30 17.10 17.30 
2016/10/05 17.40 17.40 17.10 17.20 
2016/10/06 17.15 17.35 17.15 17.35 
2016/10/07 17.30 17.40 17.25 17.40 
2016/10/11 17.40 17.40 17.10 17.40 
2016/10/12 17.20 17.40 17.20 17.40 
2016/10/13 17.30 17.40 17.30 17.40 
2016/10/14 17.35 17.40 17.30 17.40 
2016/10/17 17.40 17.40 17.35 17.35 
2016/10/18 17.35 17.45 17.35 17.45 
2016/10/19 17.35 17.45 17.30 17.45 
2016/10/20 17.35 17.45 17.30 17.30 
2016/10/21 17.35 17.40 17.30 17.40 
2016/10/24 17.30 17.40 17.30 17.40 
2016/10/25 17.45 17.50 17.35 17.40 
2016/10/26 17.45 17.50 17.35 17.50 
2016/10/27 17.50 17.70 17.50 17.50 
2016/10/28 17.50 17.65 17.45 17.65 
2016/10/31 17.65 18.20 17.50 18.20 
2016/11/01 18.30 18.75 18.25 18.45 
2016/11/02 18.10 18.25 17.80 18.10 
2016/11/03 17.95 18.10 17.70 18.10 
2016/11/04 18.00 18.30 18.00 18.25 
2016/11/07 18.25 18.45 18.20 18.45 
2016/11/08 18.45 18.50 18.35 18.50 
2016/11/09 18.50 18.50 17.80 18.25 
2016/11/10 18.25 18.60 18.15 18.35 
2016/11/11 18.20 18.45 18.10 18.45 
2016/11/14 18.20 18.20 17.80 18.15 
2016/11/15 18.15 18.25 17.85 18.10 
2016/11/16 17.90 18.20 17.80 18.20 
2016/11/17 17.95 18.00 17.85 17.95 
2016/11/18 18.10 18.10 17.85 18.10 
2016/11/21 17.90 18.30 17.90 18.30 
2016/11/22 18.30 18.30 18.10 18.25 
2016/11/23 18.10 18.30 18.10 18.25 
2016/11/24 18.25 18.25 18.10 18.20 
2016/11/25 18.15 18.25 18.15 18.20 
2016/11/28 18.10 18.95 18.10 18.95 
2016/11/29 19.00 19.80 18.95 19.25 
2016/11/30 19.10 19.50 19.10 19.35 
2016/12/01 19.35 19.35 19.00 19.20 
2016/12/02 19.45 19.45 19.00 19.20 
2016/12/05 19.05 19.30 19.00 19.25 
2016/12/06 19.05 19.40 19.05 19.30 
2016/12/07 19.30 19.40 19.20 19.20 
2016/12/08 19.20 19.20 19.00 19.20 
2016/12/09 19.05 19.10 18.85 18.85 
2016/12/12 18.85 19.25 18.85 19.15 
2016/12/13 19.15 19.25 19.15 19.15 
2016/12/14 19.15 19.20 19.10 19.15 
2016/12/15 19.15 19.25 19.15 19.25 
2016/12/16 19.25 19.25 19.05 19.20 
2016/12/19 18.85 19.10 18.85 19.10 
2016/12/20 19.00 19.00 18.95 19.00 
2016/12/21 19.00 19.05 19.00 19.00 
2016/12/22 18.90 18.90 18.60 18.65 
2016/12/23 18.85 19.00 18.65 19.00 
2016/12/26 18.90 19.00 18.90 19.00 
2016/12/27 18.90 18.90 18.80 18.90 
2016/12/28 19.00 19.10 18.90 19.00 
2016/12/29 19.20 19.20 19.10 19.10 
2016/12/30 19.15 19.20 19.10 19.10 
2017/01/03 19.00 19.20 18.95 19.00 
2017/01/04 19.00 19.10 19.00 19.00 
2017/01/05 19.00 19.00 18.90 18.95 
2017/01/06 18.90 18.95 18.85 18.90 
2017/01/09 18.90 19.00 18.70 18.90 
2017/01/10 18.80 18.85 18.75 18.80 
2017/01/11 18.80 19.00 18.80 19.00 
2017/01/12 19.00 19.00 19.00 19.00 
2017/01/13 19.00 19.00 18.80 18.95 
2017/01/16 18.85 18.85 18.80 18.85 
2017/01/17 18.80 18.85 18.75 18.75 
2017/01/18 18.95 20.00 18.80 19.15 
2017/01/19 19.10 20.15 19.10 19.90 
2017/01/20 20.00 21.85 19.90 21.85 
2017/01/23 22.60 22.80 22.05 22.25 
2017/01/24 22.50 22.50 21.55 21.55 
2017/02/02 21.50 22.00 21.50 21.75 
2017/02/03 21.50 21.85 21.50 21.80 
2017/02/06 21.75 22.50 21.75 22.30 
2017/02/07 22.40 22.40 22.00 22.00 
2017/02/08 22.10 22.20 21.70 21.80 
