2016/07/01 16.70 16.75 16.65 16.75 
2016/07/04 16.75 16.90 16.75 16.80 
2016/07/05 16.90 17.00 16.90 16.90 
2016/07/06 16.90 16.90 16.80 16.90 
2016/07/07 16.90 16.95 16.85 16.95 
2016/07/11 16.05 16.25 16.00 16.25 
2016/07/12 16.25 16.30 16.20 16.25 
2016/07/13 16.35 16.35 16.25 16.25 
2016/07/14 16.25 16.45 16.20 16.45 
2016/07/15 16.45 16.50 16.40 16.45 
2016/07/18 16.45 16.55 16.40 16.45 
2016/07/19 16.50 16.55 16.40 16.45 
2016/07/20 16.40 16.40 16.30 16.35 
2016/07/21 16.35 16.40 16.30 16.35 
2016/07/22 16.40 16.40 16.30 16.40 
2016/07/25 16.45 16.45 16.20 16.25 
2016/07/26 16.20 16.20 16.15 16.15 
2016/07/27 16.20 16.20 16.15 16.20 
2016/07/28 16.15 16.25 16.10 16.25 
2016/07/29 16.20 16.25 16.15 16.20 
2016/08/01 16.10 16.25 16.10 16.20 
2016/08/02 16.15 16.30 16.15 16.25 
2016/08/03 16.25 16.25 16.15 16.25 
2016/08/04 16.20 16.35 16.15 16.25 
2016/08/05 16.30 16.35 16.30 16.35 
2016/08/08 16.40 16.40 16.30 16.35 
2016/08/09 16.30 16.40 16.30 16.40 
2016/08/10 16.40 16.45 16.35 16.45 
2016/08/11 16.45 16.50 16.35 16.40 
2016/08/12 16.45 16.80 16.40 16.70 
2016/08/15 17.10 17.50 17.00 17.05 
2016/08/16 17.10 17.35 17.10 17.30 
2016/08/17 17.50 17.50 17.15 17.35 
2016/08/18 17.45 17.45 17.15 17.30 
2016/08/19 17.30 17.40 17.00 17.00 
2016/08/22 17.00 17.05 16.85 17.00 
2016/08/23 17.00 17.25 17.00 17.10 
2016/08/24 17.20 17.30 17.15 17.20 
2016/08/25 17.30 17.30 17.20 17.25 
2016/08/26 17.25 17.30 17.20 17.25 
2016/08/29 17.25 17.25 17.15 17.20 
2016/08/30 17.25 17.25 17.20 17.20 
2016/08/31 17.20 17.30 17.15 17.30 
2016/09/01 17.30 17.30 17.20 17.30 
2016/09/02 17.25 17.35 17.20 17.25 
2016/09/05 17.25 17.25 17.05 17.15 
2016/09/06 17.10 17.15 16.95 17.05 
2016/09/07 17.00 17.10 16.90 17.10 
2016/09/08 17.15 17.20 17.05 17.10 
2016/09/09 17.20 17.30 17.10 17.20 
2016/09/10 17.15 17.15 17.00 17.10 
2016/09/12 17.05 17.05 16.90 17.00 
2016/09/13 17.00 17.10 16.95 16.95 
2016/09/14 17.00 17.05 16.85 17.00 
2016/09/19 17.15 17.20 17.05 17.15 
2016/09/20 17.15 17.20 17.05 17.15 
2016/09/21 17.20 17.30 17.15 17.25 
2016/09/22 17.35 17.35 17.05 17.20 
2016/09/23 17.30 17.30 17.10 17.10 
2016/09/26 17.15 17.20 17.00 17.05 
2016/09/29 17.15 17.15 17.10 17.10 
2016/09/30 17.10 17.20 17.10 17.20 
2016/10/03 17.20 17.20 17.00 17.00 
2016/10/04 17.00 17.05 17.00 17.00 
2016/10/05 17.05 17.10 17.00 17.00 
2016/10/06 17.00 17.15 16.95 17.05 
2016/10/07 17.05 17.10 16.95 17.10 
2016/10/11 17.00 17.10 16.65 16.75 
2016/10/12 16.70 16.90 16.70 16.90 
2016/10/13 16.90 17.00 16.90 17.00 
2016/10/14 17.00 17.10 16.75 16.75 
2016/10/18 18.40 18.40 18.40 18.40 
2016/10/19 19.05 19.90 19.05 19.10 
2016/10/20 19.10 19.35 18.80 19.00 
2016/10/21 19.20 19.70 19.00 19.10 
2016/10/24 19.25 19.25 19.05 19.15 
2016/10/25 19.25 19.25 18.85 18.90 
2016/10/26 18.90 18.95 18.75 18.85 
2016/10/27 18.90 18.95 18.70 18.75 
2016/10/28 18.70 18.70 18.50 18.60 
2016/10/31 18.60 19.00 18.60 18.90 
2016/11/01 18.95 19.10 18.85 18.90 
2016/11/02 18.85 19.00 18.80 18.80 
2016/11/03 18.70 18.85 18.60 18.80 
2016/11/04 18.80 18.80 18.60 18.70 
2016/11/07 18.65 19.10 18.65 18.85 
2016/11/08 18.85 18.85 18.65 18.80 
2016/11/09 18.85 18.85 18.50 18.50 
2016/11/10 18.60 18.80 18.60 18.60 
2016/11/11 18.75 18.80 18.65 18.80 
2016/11/14 18.80 18.95 18.75 18.85 
2016/11/15 18.90 19.15 18.85 18.95 
2016/11/16 19.05 19.10 18.95 19.00 
2016/11/17 19.00 19.15 18.95 19.10 
2016/11/18 19.10 19.15 19.00 19.10 
2016/11/21 19.15 19.15 19.05 19.15 
2016/11/22 19.15 19.25 19.15 19.15 
2016/11/23 19.20 19.25 19.00 19.00 
2016/11/24 19.00 19.00 18.85 18.85 
2016/11/25 18.85 18.85 18.70 18.80 
2016/11/28 18.80 19.20 18.80 19.20 
2016/11/29 19.30 19.60 19.25 19.50 
2016/11/30 19.55 20.95 19.45 20.90 
2016/12/01 20.85 20.85 20.40 20.45 
2016/12/02 20.45 20.70 20.30 20.45 
2016/12/05 20.30 20.55 20.30 20.35 
2016/12/06 20.45 20.70 20.35 20.35 
2016/12/07 20.40 20.50 20.15 20.25 
2016/12/08 20.25 20.25 20.00 20.25 
2016/12/09 20.25 20.35 20.15 20.35 
2016/12/12 20.35 20.40 20.15 20.20 
2016/12/13 20.00 20.30 20.00 20.20 
2016/12/14 20.20 20.30 20.15 20.20 
2016/12/15 20.10 20.20 20.05 20.15 
2016/12/16 20.15 20.25 20.10 20.10 
2016/12/19 20.10 20.25 20.10 20.15 
2016/12/20 20.25 20.25 20.10 20.15 
2016/12/21 20.15 20.30 20.10 20.20 
2016/12/22 20.25 20.30 20.10 20.10 
2016/12/23 20.10 20.10 19.20 19.50 
2016/12/26 19.75 19.90 19.50 19.60 
2016/12/27 19.70 19.70 19.45 19.45 
2016/12/28 19.40 19.45 19.30 19.40 
2016/12/29 19.40 19.55 19.35 19.35 
2016/12/30 19.35 19.45 19.35 19.45 
2017/01/03 19.75 19.75 19.35 19.35 
2017/01/04 19.35 19.75 19.30 19.75 
2017/01/05 19.75 19.75 19.45 19.50 
2017/01/06 19.45 19.55 19.40 19.55 
2017/01/09 19.50 19.85 19.50 19.85 
2017/01/10 19.90 19.90 19.65 19.80 
2017/01/11 19.70 19.70 19.40 19.60 
2017/01/12 19.60 19.65 19.45 19.55 
2017/01/13 19.55 19.60 19.45 19.50 
2017/01/16 19.50 19.50 19.35 19.40 
2017/01/17 19.40 19.45 19.10 19.15 
2017/01/18 19.20 19.40 19.15 19.35 
2017/01/19 19.35 19.40 19.25 19.40 
2017/01/20 19.45 19.45 19.30 19.40 
2017/01/23 19.40 19.40 19.10 19.15 
2017/01/24 19.15 19.40 19.15 19.35 
2017/02/02 19.35 19.50 19.20 19.45 
2017/02/03 19.50 19.55 19.45 19.55 
2017/02/06 19.60 20.15 19.50 19.90 
2017/02/07 19.85 19.95 19.55 19.55 
2017/02/08 19.55 19.65 19.50 19.60 
