2016/07/01 27.70 27.75 27.40 27.40 
2016/07/04 27.70 27.75 27.45 27.70 
2016/07/05 27.85 27.85 27.60 27.60 
2016/07/06 27.55 27.55 27.30 27.40 
2016/07/07 27.40 27.45 27.25 27.30 
2016/07/11 27.50 27.50 26.85 26.90 
2016/07/12 26.90 27.35 26.85 26.90 
2016/07/13 26.90 27.00 26.65 26.85 
2016/07/14 26.90 27.15 26.80 27.10 
2016/07/15 27.05 27.10 26.70 27.00 
2016/07/18 26.70 27.10 26.70 27.00 
2016/07/19 27.00 27.05 26.80 26.90 
2016/07/20 27.00 27.10 26.90 26.95 
2016/07/21 27.00 27.20 26.95 27.10 
2016/07/22 27.00 27.10 27.00 27.05 
2016/07/25 27.00 27.10 26.70 26.85 
2016/07/26 26.90 27.05 26.70 26.90 
2016/07/27 27.00 27.05 26.85 26.90 
2016/07/28 26.90 26.95 26.80 26.90 
2016/07/29 26.85 26.90 26.70 26.75 
2016/08/01 26.85 26.90 26.70 26.85 
2016/08/02 26.95 26.95 26.80 26.85 
2016/08/03 26.85 27.10 26.75 27.05 
2016/08/04 27.15 27.25 27.05 27.20 
2016/08/05 27.20 27.25 27.10 27.20 
2016/08/08 27.25 27.50 27.20 27.40 
2016/08/09 27.45 27.80 27.40 27.80 
2016/08/10 28.00 28.80 28.00 28.80 
2016/08/11 28.80 29.00 28.40 28.85 
2016/08/12 28.80 28.90 28.65 28.85 
2016/08/15 29.10 29.20 28.90 29.10 
2016/08/16 29.10 29.15 28.85 28.90 
2016/08/17 28.90 29.00 28.60 28.70 
2016/08/18 26.30 26.95 26.30 26.95 
2016/08/19 26.90 27.30 26.45 26.45 
2016/08/22 26.40 26.60 26.30 26.60 
2016/08/23 26.60 26.85 26.60 26.70 
2016/08/24 26.75 26.95 26.70 26.80 
2016/08/25 27.00 27.45 26.95 27.20 
2016/08/26 27.20 27.40 27.15 27.25 
2016/08/29 27.40 27.40 27.00 27.30 
2016/08/30 27.45 27.50 27.40 27.50 
2016/08/31 27.50 27.70 27.45 27.60 
2016/09/01 27.60 27.70 27.55 27.70 
2016/09/02 27.55 27.70 27.00 27.55 
2016/09/05 27.65 27.65 27.20 27.20 
2016/09/06 27.20 27.40 27.00 27.35 
2016/09/07 27.60 27.60 27.40 27.55 
2016/09/08 27.55 27.55 27.15 27.35 
2016/09/09 27.30 27.35 27.10 27.20 
2016/09/10 27.00 27.00 26.80 26.80 
2016/09/12 26.85 26.95 26.50 26.90 
2016/09/13 26.90 26.90 26.55 26.55 
2016/09/14 26.60 26.60 26.30 26.60 
2016/09/19 26.75 26.75 26.30 26.45 
2016/09/20 26.55 26.55 26.30 26.40 
2016/09/21 26.40 26.70 26.30 26.65 
2016/09/22 26.65 26.65 26.40 26.50 
2016/09/23 26.50 26.55 26.25 26.50 
2016/09/26 26.30 26.50 26.30 26.45 
2016/09/29 26.25 26.35 26.25 26.35 
2016/09/30 26.30 26.30 26.10 26.30 
2016/10/03 26.30 26.30 26.15 26.25 
2016/10/04 26.10 26.25 26.10 26.20 
2016/10/05 26.20 26.30 25.85 26.00 
2016/10/06 26.00 26.00 25.70 25.75 
2016/10/07 25.80 25.85 25.50 25.50 
2016/10/11 25.50 25.75 25.35 25.75 
2016/10/12 25.70 25.70 25.40 25.60 
2016/10/13 25.60 25.85 25.45 25.80 
2016/10/14 25.80 25.85 25.45 25.80 
2016/10/17 25.80 25.90 25.40 25.90 
2016/10/18 25.90 26.00 25.55 25.95 
2016/10/19 25.90 26.00 25.90 26.00 
2016/10/20 26.00 26.00 25.80 25.90 
2016/10/21 25.90 26.65 25.75 26.25 
2016/10/24 26.30 26.40 26.00 26.25 
2016/10/25 26.05 26.20 26.05 26.05 
2016/10/26 26.00 26.15 25.90 26.10 
2016/10/27 26.10 26.10 26.00 26.00 
2016/10/28 25.95 26.05 25.90 25.95 
2016/10/31 25.60 25.95 25.60 25.95 
2016/11/01 25.95 26.10 25.80 25.90 
2016/11/02 25.80 25.80 25.65 25.70 
2016/11/03 25.40 26.00 25.40 25.65 
2016/11/04 25.40 25.65 25.40 25.50 
2016/11/07 25.30 25.50 25.30 25.45 
2016/11/08 25.35 25.45 25.25 25.45 
2016/11/09 25.50 25.50 24.80 24.80 
2016/11/10 24.80 25.20 24.80 25.10 
2016/11/11 25.00 25.10 24.85 25.10 
2016/11/14 25.10 25.25 24.90 25.20 
2016/11/15 25.20 25.70 25.20 25.60 
2016/11/16 25.65 25.70 25.35 25.70 
2016/11/17 25.70 25.80 25.40 25.70 
2016/11/18 25.50 25.75 25.50 25.70 
2016/11/21 25.55 25.80 25.55 25.80 
2016/11/22 25.90 25.90 25.65 25.85 
2016/11/23 25.90 25.90 25.60 25.60 
2016/11/24 25.40 25.75 25.40 25.60 
2016/11/25 25.55 25.70 25.40 25.70 
2016/11/28 25.70 26.55 25.60 26.55 
2016/11/29 26.50 26.80 26.20 26.55 
2016/11/30 26.25 27.30 26.25 27.10 
2016/12/01 26.90 27.00 26.70 26.95 
2016/12/02 26.80 26.85 26.50 26.75 
2016/12/05 26.80 26.80 26.35 26.55 
2016/12/06 26.55 26.75 26.55 26.65 
2016/12/07 26.65 26.65 26.30 26.50 
2016/12/08 26.40 26.60 26.40 26.55 
2016/12/09 26.55 26.60 26.45 26.50 
2016/12/12 26.55 26.55 26.05 26.10 
2016/12/13 26.25 26.40 26.00 26.40 
2016/12/14 26.20 26.55 26.20 26.45 
2016/12/15 26.45 26.45 26.15 26.35 
2016/12/16 26.20 26.85 26.10 26.85 
2016/12/19 26.85 26.85 26.40 26.65 
2016/12/20 26.60 26.60 26.35 26.55 
2016/12/21 26.60 26.60 26.25 26.50 
2016/12/22 26.20 26.30 25.95 26.30 
2016/12/23 26.20 26.20 25.80 26.05 
2016/12/26 25.85 26.05 25.80 25.80 
2016/12/27 26.00 26.00 25.85 25.85 
2016/12/28 25.80 25.80 25.65 25.65 
2016/12/29 25.50 25.70 25.50 25.60 
2016/12/30 25.80 25.80 25.60 25.70 
2017/01/03 25.60 25.95 25.60 25.90 
2017/01/04 25.80 25.90 25.55 25.90 
2017/01/05 25.65 25.85 25.55 25.85 
2017/01/06 25.80 25.85 25.55 25.80 
2017/01/09 25.80 25.90 25.80 25.85 
2017/01/10 26.20 26.20 25.90 26.05 
2017/01/11 26.05 26.05 25.55 25.60 
2017/01/12 25.60 25.85 25.55 25.60 
2017/01/13 25.70 25.70 25.55 25.70 
2017/01/16 25.50 25.65 25.35 25.60 
2017/01/17 25.35 25.50 25.35 25.35 
2017/01/18 25.45 25.65 25.40 25.65 
2017/01/19 25.65 25.65 25.40 25.65 
2017/01/20 25.50 25.75 25.35 25.75 
2017/01/23 25.50 25.80 25.45 25.80 
2017/01/24 25.80 25.80 25.55 25.75 
2017/02/02 25.60 25.75 25.50 25.75 
2017/02/03 25.55 25.90 25.55 25.85 
2017/02/06 25.85 26.50 25.75 26.30 
2017/02/07 26.30 26.35 26.15 26.30 
2017/02/08 26.30 26.30 26.00 26.10 
