2016/07/01 11.25 11.30 11.10 11.15 
2016/07/04 11.25 11.25 11.10 11.15 
2016/07/05 11.15 11.20 11.10 11.15 
2016/07/06 11.10 11.15 11.05 11.15 
2016/07/07 11.15 11.15 11.00 11.05 
2016/07/11 11.15 11.15 10.95 11.05 
2016/07/12 11.10 11.20 11.00 11.10 
2016/07/13 11.15 11.15 11.00 11.05 
2016/07/14 11.10 11.20 11.05 11.15 
2016/07/15 11.20 11.25 11.15 11.25 
2016/07/18 11.35 11.45 11.25 11.25 
2016/07/19 11.25 11.30 11.15 11.20 
2016/07/20 11.30 11.30 11.10 11.15 
2016/07/21 11.20 11.50 11.10 11.50 
2016/07/22 11.60 11.65 11.40 11.40 
2016/07/25 11.50 11.50 11.30 11.35 
2016/07/26 11.50 11.50 11.30 11.35 
2016/07/27 11.40 11.45 11.30 11.30 
2016/07/28 11.30 11.35 11.25 11.25 
2016/07/29 11.30 11.30 11.15 11.20 
2016/08/01 11.25 11.30 11.15 11.20 
2016/08/02 11.25 11.25 11.15 11.20 
2016/08/03 11.20 11.20 11.15 11.15 
2016/08/04 11.25 11.25 11.20 11.20 
2016/08/05 11.20 11.30 11.20 11.20 
2016/08/08 11.25 11.30 11.15 11.15 
2016/08/09 11.20 11.20 11.10 11.10 
2016/08/10 11.20 11.20 11.05 11.10 
2016/08/11 11.30 11.35 11.20 11.25 
2016/08/12 11.35 11.35 11.20 11.25 
2016/08/15 11.35 11.40 11.20 11.35 
2016/08/16 11.45 11.45 11.30 11.35 
2016/08/17 11.40 11.40 11.25 11.30 
2016/08/18 11.35 11.35 11.20 11.25 
2016/08/19 11.30 11.35 11.15 11.20 
2016/08/22 11.20 11.25 11.15 11.20 
2016/08/23 11.20 11.25 11.15 11.20 
2016/08/24 11.25 11.30 11.20 11.30 
2016/08/25 11.35 11.45 11.35 11.40 
2016/08/26 11.45 12.45 11.45 12.30 
2016/08/29 12.70 12.90 12.55 12.80 
2016/08/30 12.90 12.95 12.55 12.70 
2016/08/31 12.70 12.80 12.55 12.55 
2016/09/01 12.50 12.65 12.40 12.40 
2016/09/02 12.40 12.55 12.30 12.30 
2016/09/05 12.40 12.60 12.35 12.60 
2016/09/06 12.65 12.65 12.35 12.40 
2016/09/07 10.95 11.30 10.95 11.05 
2016/09/08 11.10 11.10 10.90 10.95 
2016/09/09 10.95 10.95 10.60 10.70 
2016/09/10 10.50 10.50 10.25 10.30 
2016/09/12 10.35 10.40 10.25 10.30 
2016/09/13 10.30 10.40 10.15 10.25 
2016/09/14 10.20 10.20 10.05 10.10 
2016/09/19 10.20 10.30 10.10 10.15 
2016/09/20 10.15 10.20 10.00 10.05 
2016/09/21 10.10 10.15 10.00 10.10 
2016/09/22 10.15 10.15 10.05 10.10 
2016/09/23 10.10 10.20 10.05 10.15 
2016/09/26 10.15 10.15 10.00 10.05 
2016/09/29 10.15 10.15 10.00 10.00 
2016/09/30 10.05 10.05 9.90 9.92 
2016/10/03 9.96 9.97 9.73 9.74 
2016/10/04 9.80 9.80 9.66 9.71 
2016/10/05 9.73 9.86 9.69 9.85 
2016/10/06 9.86 10.15 9.86 10.15 
2016/10/07 10.15 10.15 9.98 10.00 
2016/10/11 9.95 9.98 9.70 9.70 
2016/10/12 9.70 9.70 9.55 9.55 
2016/10/13 9.55 9.62 9.48 9.50 
2016/10/14 9.50 9.56 9.32 9.39 
2016/10/17 9.38 9.38 9.17 9.20 
2016/10/18 9.20 9.34 9.20 9.25 
2016/10/19 9.26 9.39 9.26 9.35 
2016/10/20 9.31 9.39 9.29 9.36 
2016/10/21 9.31 9.38 9.30 9.35 
2016/10/24 9.36 9.40 9.33 9.34 
2016/10/25 9.39 9.39 9.24 9.27 
2016/10/26 9.25 9.33 9.18 9.18 
2016/10/27 9.20 9.25 9.18 9.19 
2016/10/28 9.18 9.24 9.17 9.18 
2016/10/31 9.00 9.09 9.00 9.05 
2016/11/01 9.09 9.19 9.05 9.11 
2016/11/02 9.11 9.11 9.01 9.02 
2016/11/03 9.02 9.04 8.84 8.85 
2016/11/04 8.85 8.90 8.79 8.80 
2016/11/07 8.75 8.84 8.74 8.74 
2016/11/08 8.79 8.82 8.73 8.78 
2016/11/09 8.78 8.82 8.59 8.60 
2016/11/10 8.80 9.07 8.71 9.02 
2016/11/11 9.04 9.23 9.04 9.18 
2016/11/14 9.21 9.40 9.21 9.32 
2016/11/15 9.41 9.78 9.41 9.70 
2016/11/16 9.77 9.81 9.62 9.66 
2016/11/17 9.68 9.68 9.44 9.52 
2016/11/18 9.55 9.56 9.48 9.54 
2016/11/21 9.56 9.59 9.49 9.51 
2016/11/22 9.51 9.51 9.36 9.36 
2016/11/23 9.37 9.40 9.25 9.27 
2016/11/24 9.27 9.45 9.27 9.32 
2016/11/25 9.30 9.30 9.21 9.27 
2016/11/28 9.30 9.42 9.28 9.36 
2016/11/29 9.44 10.00 9.36 9.91 
2016/11/30 9.91 10.25 9.91 10.00 
2016/12/01 10.05 10.05 9.93 9.99 
2016/12/02 10.00 10.05 9.94 9.97 
2016/12/05 9.98 9.99 9.92 9.97 
2016/12/06 9.97 9.97 9.91 9.94 
2016/12/07 9.97 9.97 9.92 9.94 
2016/12/08 9.93 9.97 9.92 9.93 
2016/12/09 9.94 9.96 9.91 9.93 
2016/12/12 9.98 9.98 9.84 9.88 
2016/12/13 9.88 9.92 9.80 9.80 
2016/12/14 9.80 9.84 9.73 9.74 
2016/12/15 9.74 9.74 9.66 9.72 
2016/12/16 9.70 9.70 9.57 9.58 
2016/12/19 9.55 9.70 9.54 9.59 
2016/12/20 9.65 9.69 9.60 9.61 
2016/12/21 9.67 9.67 9.57 9.61 
2016/12/22 9.61 9.65 9.54 9.54 
2016/12/23 9.53 9.59 9.49 9.54 
2016/12/26 9.58 9.58 9.53 9.53 
2016/12/27 9.54 9.66 9.51 9.58 
2016/12/28 9.56 9.65 9.56 9.57 
2016/12/29 9.57 9.62 9.55 9.57 
2016/12/30 9.59 9.62 9.55 9.58 
2017/01/03 9.58 9.62 9.52 9.54 
2017/01/04 9.54 9.55 9.51 9.52 
2017/01/05 9.50 9.55 9.50 9.50 
2017/01/06 9.51 9.59 9.50 9.56 
2017/01/09 9.58 9.58 9.51 9.52 
2017/01/10 9.50 9.52 9.31 9.37 
2017/01/11 9.37 9.40 9.30 9.34 
2017/01/12 9.38 9.38 9.31 9.32 
2017/01/13 9.32 9.35 9.30 9.32 
2017/01/16 9.34 9.37 9.28 9.30 
2017/01/17 9.32 9.37 9.28 9.32 
2017/01/18 9.32 9.35 9.28 9.34 
2017/01/19 9.33 9.35 9.30 9.33 
2017/01/20 9.34 9.37 9.28 9.33 
2017/01/23 9.33 9.34 9.28 9.30 
2017/01/24 9.30 9.32 9.25 9.29 
2017/02/02 9.34 10.20 9.31 9.91 
2017/02/03 9.90 9.90 9.76 9.86 
2017/02/06 9.86 10.35 9.84 10.15 
2017/02/07 10.15 10.15 9.95 10.10 
2017/02/08 10.10 10.15 9.97 9.98 
