2016/07/01 29.40 29.50 29.35 29.50 
2016/07/04 29.10 29.50 29.10 29.50 
2016/07/05 29.30 29.60 29.30 29.60 
2016/07/06 29.50 29.55 29.40 29.50 
2016/07/07 29.50 29.70 29.40 29.70 
2016/07/11 29.50 29.70 29.45 29.70 
2016/07/12 29.30 29.70 29.30 29.70 
2016/07/13 29.40 29.60 29.40 29.40 
2016/07/14 29.40 29.55 29.40 29.50 
2016/07/15 29.50 29.60 29.50 29.60 
2016/07/18 29.50 29.70 29.30 29.50 
2016/07/19 29.50 29.60 29.00 29.35 
2016/07/20 29.35 30.20 29.35 30.00 
2016/07/21 29.80 30.10 29.80 29.90 
2016/07/22 29.70 29.80 29.55 29.75 
2016/07/25 29.70 30.10 29.60 30.00 
2016/07/26 29.70 30.20 29.70 30.15 
2016/07/27 30.10 30.20 29.95 30.10 
2016/07/28 30.00 30.30 30.00 30.10 
2016/07/29 30.05 30.15 30.00 30.10 
2016/08/01 30.30 30.50 30.20 30.40 
2016/08/02 30.40 30.50 30.00 30.00 
2016/08/03 29.90 30.00 29.35 29.95 
2016/08/04 24.90 25.05 24.30 24.90 
2016/08/05 25.30 25.60 25.00 25.30 
2016/08/08 25.40 25.40 25.00 25.00 
2016/08/09 24.80 25.00 24.80 24.95 
2016/08/10 25.00 25.25 24.80 25.15 
2016/08/11 25.15 25.30 24.85 24.95 
2016/08/12 24.90 25.05 24.85 25.00 
2016/08/15 24.95 25.00 24.90 25.00 
2016/08/16 24.90 24.95 24.85 24.95 
2016/08/17 24.95 26.50 24.90 26.20 
2016/08/18 26.00 26.00 25.15 25.30 
2016/08/19 25.35 25.35 24.90 25.00 
2016/08/22 24.50 24.90 24.50 24.75 
2016/08/23 24.90 24.90 24.75 24.90 
2016/08/24 24.70 25.10 24.70 24.85 
2016/08/25 24.85 25.15 24.85 25.15 
2016/08/26 25.00 25.25 25.00 25.25 
2016/08/29 25.30 25.60 25.00 25.25 
2016/08/30 25.30 25.40 25.15 25.15 
2016/08/31 24.45 25.20 24.45 25.10 
2016/09/01 24.60 24.85 24.60 24.85 
2016/09/02 25.10 25.10 24.95 24.95 
2016/09/05 24.85 25.20 24.85 25.20 
2016/09/06 25.00 25.20 25.00 25.00 
2016/09/07 25.00 25.10 24.90 25.00 
2016/09/08 25.00 25.00 24.95 25.00 
2016/09/09 24.65 25.00 24.65 24.85 
2016/09/10 24.10 24.95 24.10 24.95 
2016/09/12 24.90 24.95 24.80 24.95 
2016/09/13 24.95 24.95 24.90 24.90 
2016/09/14 24.85 25.00 24.85 24.90 
2016/09/19 24.90 25.15 24.90 24.90 
2016/09/20 25.00 25.15 25.00 25.10 
2016/09/21 25.10 26.10 25.05 25.80 
2016/09/22 25.60 25.60 25.50 25.50 
2016/09/23 25.10 25.50 25.10 25.35 
2016/09/26 25.35 25.35 25.35 25.35 
2016/09/29 25.35 25.35 25.00 25.30 
2016/09/30 25.00 25.00 24.80 24.90 
2016/10/03 24.90 25.10 24.90 24.95 
2016/10/04 25.00 25.00 25.00 25.00 
2016/10/05 25.00 25.05 24.95 24.95 
2016/10/07 25.00 25.10 25.00 25.10 
2016/10/11 25.10 25.10 24.90 25.00 
2016/10/12 25.00 25.00 25.00 25.00 
2016/10/13 24.05 25.00 24.05 25.00 
2016/10/14 25.00 25.00 24.90 24.90 
2016/10/17 24.90 25.00 24.90 25.00 
2016/10/18 24.95 25.00 24.90 25.00 
2016/10/19 24.95 25.00 24.95 25.00 
2016/10/20 24.90 25.00 24.90 25.00 
2016/10/21 24.65 25.00 24.65 25.00 
2016/10/24 25.15 25.15 25.00 25.00 
2016/10/25 25.00 25.00 25.00 25.00 
2016/10/26 25.00 25.55 25.00 25.05 
2016/10/27 25.00 25.00 24.90 25.00 
2016/10/28 25.00 25.00 25.00 25.00 
2016/10/31 25.00 25.00 24.80 24.85 
2016/11/01 24.80 24.80 24.80 24.80 
2016/11/02 24.80 25.00 24.80 24.80 
2016/11/03 24.15 25.00 24.15 25.00 
2016/11/04 24.70 24.70 24.70 24.70 
2016/11/07 24.70 25.00 24.70 25.00 
2016/11/08 25.00 25.00 24.60 24.65 
2016/11/09 24.80 24.80 24.10 24.10 
2016/11/10 24.40 24.80 24.40 24.80 
2016/11/11 24.80 24.80 24.20 24.60 
2016/11/14 24.60 24.80 24.60 24.80 
2016/11/15 24.80 25.00 24.70 24.80 
2016/11/16 25.00 25.00 24.75 24.75 
2016/11/17 24.80 24.80 24.75 24.75 
2016/11/18 24.80 25.00 24.80 24.80 
2016/11/21 24.85 24.90 24.85 24.85 
2016/11/22 24.90 24.90 24.80 24.80 
2016/11/23 24.80 24.85 24.80 24.80 
2016/11/24 24.80 24.80 24.80 24.80 
2016/11/25 25.00 25.00 24.85 24.95 
2016/11/28 25.00 25.00 24.90 24.90 
2016/11/29 24.80 24.80 24.80 24.80 
2016/11/30 24.85 25.00 24.85 25.00 
2016/12/01 25.00 25.00 24.90 24.90 
2016/12/02 24.90 25.00 24.90 25.00 
2016/12/05 25.00 25.20 24.95 25.20 
2016/12/06 25.00 25.95 25.00 25.05 
2016/12/07 25.05 25.35 25.00 25.25 
2016/12/08 25.35 25.35 25.00 25.05 
2016/12/09 25.05 25.20 24.95 24.95 
2016/12/12 26.00 26.00 24.95 25.00 
2016/12/13 25.60 25.80 24.90 25.00 
2016/12/14 25.00 25.00 24.90 25.00 
2016/12/15 24.90 24.90 24.85 24.90 
2016/12/16 24.90 24.95 24.80 24.95 
2016/12/19 24.90 24.95 24.90 24.90 
2016/12/20 24.90 24.90 24.80 24.90 
2016/12/21 24.90 25.00 24.85 24.85 
2016/12/22 24.90 25.00 24.90 24.90 
2016/12/23 24.90 25.20 24.90 25.20 
2016/12/26 25.10 25.15 25.00 25.15 
2016/12/27 25.50 25.50 24.95 25.20 
2016/12/28 25.00 25.20 25.00 25.20 
2016/12/29 25.15 25.15 25.00 25.15 
2016/12/30 25.20 25.20 25.20 25.20 
2017/01/03 24.90 25.65 24.85 25.65 
2017/01/04 25.35 25.40 25.25 25.25 
2017/01/05 25.15 25.15 25.10 25.10 
2017/01/09 24.90 25.00 24.90 24.90 
2017/01/10 24.90 25.45 24.85 25.45 
2017/01/11 25.40 25.40 25.20 25.40 
2017/01/12 25.20 25.20 25.10 25.10 
2017/01/13 25.50 25.50 25.05 25.05 
2017/01/16 25.00 25.25 25.00 25.25 
2017/01/17 25.20 25.20 25.15 25.15 
2017/01/18 25.15 25.45 25.10 25.40 
2017/01/19 25.05 25.25 25.00 25.25 
2017/01/20 25.25 25.50 24.95 25.50 
2017/01/23 25.50 25.60 24.95 25.40 
2017/01/24 25.40 25.50 25.40 25.50 
2017/02/02 25.80 26.00 25.50 25.90 
2017/02/03 25.90 26.70 25.90 26.50 
2017/02/06 26.70 28.60 26.60 27.60 
2017/02/07 27.60 27.80 27.20 27.80 
2017/02/08 27.70 28.50 27.60 27.80 
