2016/07/01 53.20 53.40 52.70 53.10 
2016/07/04 53.50 54.20 53.50 54.00 
2016/07/05 54.10 54.40 53.60 53.80 
2016/07/06 53.60 53.60 53.10 53.30 
2016/07/07 53.40 53.70 53.00 53.10 
2016/07/11 53.50 53.60 53.10 53.20 
2016/07/12 53.50 53.50 52.80 53.30 
2016/07/13 48.00 48.05 47.50 47.80 
2016/07/14 48.20 48.25 47.05 47.20 
2016/07/15 47.20 48.00 47.20 47.85 
2016/07/18 48.35 48.35 47.70 47.85 
2016/07/19 48.00 48.00 47.55 47.80 
2016/07/20 47.55 48.00 47.50 48.00 
2016/07/21 48.00 48.20 47.90 47.95 
2016/07/22 48.00 48.45 47.95 48.45 
2016/07/25 48.55 49.20 48.50 49.15 
2016/07/26 49.45 50.20 49.10 50.20 
2016/07/27 50.50 50.70 49.15 49.30 
2016/07/28 49.00 49.60 48.40 49.15 
2016/07/29 49.15 49.15 48.50 48.65 
2016/08/01 48.80 49.20 48.40 48.85 
2016/08/02 49.00 49.70 48.55 49.70 
2016/08/03 49.60 49.70 49.10 49.25 
2016/08/04 49.25 49.45 48.90 49.40 
2016/08/05 49.70 49.70 49.40 49.50 
2016/08/08 49.55 49.80 49.00 49.60 
2016/08/09 49.70 49.80 49.30 49.70 
2016/08/10 49.75 50.50 49.60 50.40 
2016/08/11 50.50 51.70 50.50 51.40 
2016/08/12 51.50 51.80 50.60 51.10 
2016/08/15 51.20 51.30 50.30 50.40 
2016/08/16 50.90 50.90 49.55 49.95 
2016/08/17 49.95 50.00 49.15 49.25 
2016/08/18 49.40 50.00 49.40 50.00 
2016/08/19 50.20 50.50 49.15 49.15 
2016/08/22 49.00 49.35 48.30 48.45 
2016/08/23 48.50 48.75 48.35 48.40 
2016/08/24 48.50 48.70 48.15 48.25 
2016/08/25 48.30 49.30 48.25 49.30 
2016/08/26 49.50 49.60 49.00 49.25 
2016/08/29 49.50 49.50 48.70 49.45 
2016/08/30 49.50 49.60 49.20 49.40 
2016/08/31 49.35 49.50 48.70 49.30 
2016/09/01 49.00 49.20 48.70 48.85 
2016/09/02 48.90 49.10 48.35 48.50 
2016/09/05 49.00 49.25 48.75 48.85 
2016/09/06 49.20 49.65 48.85 49.50 
2016/09/07 49.45 49.70 49.05 49.40 
2016/09/08 49.60 50.00 49.45 49.65 
2016/09/09 49.30 49.50 48.80 49.30 
2016/09/10 48.50 49.00 48.50 48.75 
2016/09/12 48.75 48.90 48.20 48.20 
2016/09/13 48.70 48.80 47.75 47.75 
2016/09/14 47.70 47.75 47.20 47.30 
2016/09/19 47.30 48.85 47.25 48.65 
2016/09/20 48.15 48.50 48.15 48.40 
2016/09/21 48.25 49.00 48.15 49.00 
2016/09/22 49.50 49.55 48.95 49.25 
2016/09/23 49.30 49.45 49.15 49.35 
2016/09/26 49.25 49.40 48.60 48.60 
2016/09/29 49.10 49.30 48.65 48.80 
2016/09/30 48.80 48.85 48.50 48.50 
2016/10/03 48.55 48.65 48.20 48.20 
2016/10/04 48.50 48.50 48.10 48.20 
2016/10/05 48.30 48.55 48.00 48.55 
2016/10/06 48.55 48.55 48.00 48.05 
2016/10/07 48.05 48.35 48.00 48.15 
2016/10/11 48.85 48.85 47.40 48.00 
2016/10/12 47.75 48.35 47.70 48.30 
2016/10/13 48.50 48.50 48.15 48.50 
2016/10/14 48.50 48.55 48.05 48.30 
2016/10/17 48.30 48.30 47.50 47.60 
2016/10/18 47.55 48.25 47.50 48.10 
2016/10/19 48.10 48.20 47.75 48.00 
2016/10/20 48.00 48.15 47.60 47.80 
2016/10/21 47.60 48.80 47.60 48.10 
2016/10/24 48.50 48.50 47.80 47.85 
2016/10/25 48.00 48.10 47.55 47.55 
2016/10/26 47.55 47.85 47.30 47.30 
2016/10/27 47.30 47.80 47.30 47.35 
2016/10/28 47.30 47.35 46.60 46.65 
2016/10/31 46.50 47.00 45.80 46.75 
2016/11/01 46.30 46.30 45.45 45.45 
2016/11/02 44.80 44.80 43.05 43.05 
2016/11/03 42.20 43.40 42.20 43.00 
2016/11/04 43.00 43.40 42.55 43.35 
2016/11/07 43.55 43.65 43.10 43.30 
2016/11/08 43.35 44.20 43.35 44.15 
2016/11/09 44.50 44.55 42.60 42.70 
2016/11/10 43.50 44.00 43.50 43.75 
2016/11/11 43.90 44.50 43.50 43.70 
2016/11/14 43.70 44.35 43.35 43.85 
2016/11/15 44.30 46.00 44.30 45.20 
2016/11/16 45.35 45.75 44.75 44.75 
2016/11/17 44.70 44.85 43.85 44.40 
2016/11/18 44.10 44.50 44.05 44.20 
2016/11/21 44.00 44.65 43.95 44.45 
2016/11/22 44.85 45.80 44.85 45.65 
2016/11/23 45.85 46.00 45.45 45.50 
2016/11/24 45.80 45.80 45.30 45.50 
2016/11/25 45.60 46.00 45.50 45.85 
2016/11/28 46.05 46.95 45.90 46.55 
2016/11/29 46.80 47.35 46.00 46.00 
2016/11/30 46.50 47.85 46.40 47.80 
2016/12/01 47.70 47.70 46.90 47.45 
2016/12/02 47.10 47.35 46.85 46.95 
2016/12/05 47.20 47.45 46.60 46.60 
2016/12/06 46.60 47.15 46.60 46.80 
2016/12/07 46.90 47.10 46.80 46.80 
2016/12/08 47.00 47.80 46.90 47.70 
2016/12/09 47.70 47.70 47.10 47.35 
2016/12/12 47.00 47.00 46.30 46.30 
2016/12/13 46.05 46.75 46.05 46.55 
2016/12/14 46.55 46.80 46.00 46.00 
2016/12/15 46.00 46.30 45.85 46.15 
2016/12/16 45.80 46.10 45.30 45.45 
2016/12/19 45.70 46.10 45.60 45.65 
2016/12/20 45.80 45.95 45.40 45.50 
2016/12/21 46.60 46.60 45.40 45.45 
2016/12/22 45.45 45.45 44.80 44.80 
2016/12/23 45.10 45.10 44.70 44.70 
2016/12/26 45.35 45.35 44.95 45.10 
2016/12/27 45.35 45.35 44.65 44.70 
2016/12/28 44.75 45.00 44.65 44.90 
2016/12/29 44.85 45.10 44.65 44.65 
2016/12/30 45.30 45.40 44.90 45.40 
2017/01/03 45.50 45.65 45.05 45.30 
2017/01/04 45.50 45.85 45.35 45.55 
2017/01/05 45.50 45.80 45.50 45.80 
2017/01/06 45.95 46.25 45.80 46.10 
2017/01/09 46.20 46.25 46.00 46.05 
2017/01/10 46.00 46.00 45.80 45.90 
2017/01/11 45.80 46.05 45.55 46.00 
2017/01/12 46.15 46.85 46.10 46.85 
2017/01/13 46.95 46.95 46.20 46.75 
2017/01/16 46.70 46.70 46.05 46.10 
2017/01/17 46.10 46.50 46.10 46.40 
2017/01/18 46.50 46.50 46.00 46.05 
2017/01/19 46.30 46.40 45.90 46.30 
2017/01/20 46.20 46.30 46.05 46.05 
2017/01/23 46.30 46.55 46.25 46.50 
2017/01/24 46.50 46.75 46.30 46.65 
2017/02/02 46.70 46.90 46.10 46.10 
2017/02/03 46.15 46.70 46.10 46.70 
2017/02/06 46.90 49.60 46.90 48.85 
2017/02/07 48.80 48.80 47.80 48.45 
2017/02/08 48.30 48.55 47.95 48.00 
