2016/07/01 10.85 10.85 10.60 10.80 
2016/07/04 10.85 10.85 10.65 10.80 
2016/07/05 10.80 10.80 10.70 10.75 
2016/07/06 10.80 10.80 10.70 10.75 
2016/07/07 10.40 10.70 10.40 10.60 
2016/07/11 10.60 10.90 10.40 10.65 
2016/07/12 10.85 10.85 10.70 10.70 
2016/07/13 10.80 10.80 10.45 10.65 
2016/07/14 10.75 10.75 10.45 10.55 
2016/07/15 10.65 10.65 10.35 10.55 
2016/07/18 10.80 10.80 10.45 10.50 
2016/07/19 10.50 10.80 10.40 10.55 
2016/07/20 10.55 10.60 10.50 10.60 
2016/07/21 10.60 10.60 10.45 10.55 
2016/07/22 10.55 10.55 10.35 10.55 
2016/07/25 10.55 10.55 10.20 10.40 
2016/07/26 10.45 10.45 10.25 10.30 
2016/07/27 10.15 10.35 10.15 10.35 
2016/07/28 10.35 10.35 10.20 10.30 
2016/07/29 10.30 10.30 10.10 10.30 
2016/08/01 10.10 10.65 9.96 10.15 
2016/08/02 10.15 10.25 10.15 10.15 
2016/08/03 10.00 10.10 9.95 10.10 
2016/08/04 10.10 10.10 9.80 9.80 
2016/08/05 9.90 9.99 9.72 9.97 
2016/08/08 9.80 10.15 9.80 9.97 
2016/08/09 10.20 10.20 9.90 10.00 
2016/08/10 10.25 10.25 9.87 9.99 
2016/08/11 10.00 10.25 9.89 9.94 
2016/08/12 10.00 10.00 9.80 10.00 
2016/08/15 9.88 10.05 9.88 10.00 
2016/08/16 10.05 10.05 9.85 10.05 
2016/08/17 10.10 10.30 10.00 10.30 
2016/08/18 10.25 10.45 10.15 10.25 
2016/08/19 10.20 10.30 10.00 10.00 
2016/08/22 9.85 10.05 9.85 9.97 
2016/08/23 10.20 10.30 10.00 10.00 
2016/08/24 9.99 9.99 9.91 9.99 
2016/08/25 9.90 9.98 9.90 9.90 
2016/08/26 9.90 9.95 9.84 9.93 
2016/08/29 10.00 10.00 9.80 9.98 
2016/08/30 9.80 9.80 9.80 9.80 
2016/08/31 9.97 9.97 9.74 9.80 
2016/09/01 9.98 9.98 9.95 9.95 
2016/09/02 9.95 9.95 9.95 9.95 
2016/09/05 9.81 9.97 9.81 9.90 
2016/09/06 9.95 9.95 9.75 9.88 
2016/09/07 9.76 9.90 9.71 9.84 
2016/09/08 9.87 9.87 9.87 9.87 
2016/09/09 9.87 9.87 9.70 9.70 
2016/09/10 9.82 9.82 9.74 9.74 
2016/09/12 9.83 9.83 9.70 9.70 
2016/09/13 9.82 9.82 9.63 9.70 
2016/09/14 9.80 9.80 9.22 9.50 
2016/09/19 9.65 9.65 9.34 9.34 
2016/09/20 9.55 9.55 9.25 9.49 
2016/09/21 8.97 9.78 8.97 9.48 
2016/09/22 9.50 9.50 9.41 9.50 
2016/09/23 9.60 9.60 9.00 9.23 
2016/09/26 9.01 9.24 9.01 9.24 
2016/09/29 9.40 9.40 9.40 9.40 
2016/09/30 9.40 9.40 9.15 9.36 
2016/10/03 9.36 9.38 9.20 9.38 
2016/10/04 9.37 9.37 9.37 9.37 
2016/10/05 9.37 9.37 9.16 9.30 
2016/10/06 9.46 10.20 9.43 10.00 
2016/10/07 10.00 10.10 9.77 9.77 
2016/10/11 9.77 9.78 9.50 9.51 
2016/10/12 9.70 9.70 9.69 9.69 
2016/10/13 9.76 9.76 9.53 9.63 
2016/10/14 9.77 9.78 9.69 9.69 
2016/10/17 9.75 9.75 9.60 9.63 
2016/10/18 9.63 9.70 9.50 9.70 
2016/10/19 9.70 9.70 9.50 9.69 
2016/10/20 9.69 9.69 9.43 9.68 
2016/10/21 9.67 9.69 9.60 9.69 
2016/10/24 9.70 9.79 9.70 9.79 
2016/10/25 9.60 9.85 9.36 9.40 
2016/10/26 9.30 9.54 9.30 9.54 
2016/10/27 9.56 9.56 9.56 9.56 
2016/10/28 9.58 9.58 9.42 9.57 
2016/10/31 9.59 9.59 9.57 9.57 
2016/11/01 9.60 9.60 9.57 9.57 
2016/11/02 9.73 9.73 9.40 9.40 
2016/11/03 9.39 9.58 9.39 9.58 
2016/11/04 9.50 9.50 9.43 9.49 
2016/11/07 9.68 9.68 9.68 9.68 
2016/11/08 9.65 9.70 9.50 9.70 
2016/11/09 9.65 9.65 9.31 9.31 
2016/11/10 9.62 9.62 9.34 9.46 
2016/11/11 9.50 9.50 9.15 9.17 
2016/11/14 9.35 9.35 9.10 9.28 
2016/11/15 9.41 9.41 9.12 9.33 
2016/11/16 9.33 9.33 9.10 9.16 
2016/11/17 9.14 9.16 9.14 9.16 
2016/11/18 9.03 9.03 9.01 9.01 
2016/11/21 9.17 9.18 9.00 9.09 
2016/11/22 9.17 9.25 9.17 9.25 
2016/11/23 9.23 9.23 9.23 9.23 
2016/11/24 9.22 9.22 9.03 9.10 
2016/11/25 9.09 9.10 9.03 9.10 
2016/11/28 9.28 9.29 9.20 9.20 
2016/11/29 9.32 9.32 9.02 9.20 
2016/11/30 9.29 9.32 9.22 9.24 
2016/12/01 9.34 9.34 9.25 9.26 
2016/12/02 9.37 9.37 9.29 9.33 
2016/12/05 9.33 9.33 9.23 9.33 
2016/12/06 9.36 9.36 9.36 9.36 
2016/12/07 9.39 9.39 9.15 9.38 
2016/12/08 9.38 9.38 9.15 9.19 
2016/12/09 9.48 9.48 9.20 9.20 
2016/12/12 9.38 9.38 9.20 9.30 
2016/12/13 9.10 9.38 9.02 9.08 
2016/12/14 9.27 9.27 9.07 9.18 
2016/12/15 9.10 9.25 9.08 9.25 
2016/12/16 9.25 9.26 9.24 9.24 
2016/12/19 9.33 9.33 9.24 9.24 
2016/12/20 9.29 9.29 9.02 9.26 
2016/12/21 9.28 9.29 9.07 9.25 
2016/12/22 9.23 9.26 9.23 9.25 
2016/12/23 9.30 9.30 9.07 9.24 
2016/12/26 9.24 9.25 9.24 9.25 
2016/12/27 9.20 9.25 9.20 9.25 
2016/12/28 9.25 9.25 9.07 9.24 
2016/12/29 9.25 9.25 9.05 9.25 
2016/12/30 9.25 9.25 9.15 9.25 
2017/01/03 9.25 9.25 9.12 9.25 
2017/01/04 9.24 9.24 9.12 9.20 
2017/01/05 9.20 9.20 9.10 9.20 
2017/01/06 9.44 9.44 9.11 9.20 
2017/01/09 9.20 9.27 9.20 9.25 
2017/01/10 9.24 9.24 9.11 9.23 
2017/01/11 9.24 9.24 9.20 9.20 
2017/01/12 9.21 9.21 9.19 9.19 
2017/01/13 9.20 9.20 9.19 9.19 
2017/01/16 9.19 9.19 9.00 9.05 
2017/01/17 9.05 9.10 9.05 9.10 
2017/01/18 9.10 9.10 9.10 9.10 
2017/01/19 9.14 9.14 8.89 8.98 
2017/01/20 9.00 9.04 8.86 9.00 
2017/01/23 9.06 9.10 9.03 9.10 
2017/01/24 9.10 9.10 9.00 9.10 
2017/02/02 9.10 9.13 8.91 9.08 
2017/02/03 9.10 9.10 8.92 8.97 
2017/02/06 9.04 9.14 9.04 9.10 
2017/02/07 9.10 9.12 9.01 9.10 
2017/02/08 9.10 9.12 9.10 9.10 
