2016/07/01 39.40 39.40 38.20 38.45 
2016/07/04 38.45 39.80 38.20 38.90 
2016/07/05 38.60 38.85 38.40 38.75 
2016/07/06 38.50 38.80 38.30 38.30 
2016/07/07 38.55 39.20 38.40 38.90 
2016/07/11 39.90 39.90 38.40 38.40 
2016/07/12 38.00 38.40 37.30 37.85 
2016/07/13 38.10 38.20 37.50 37.70 
2016/07/14 37.95 38.35 37.75 38.35 
2016/07/15 38.60 38.60 37.90 37.90 
2016/07/18 37.65 37.95 37.15 37.20 
2016/07/19 37.15 37.75 37.00 37.45 
2016/07/20 36.45 36.55 36.25 36.25 
2016/07/21 36.35 36.50 35.70 36.00 
2016/07/22 36.00 36.05 35.60 35.60 
2016/07/25 35.65 35.75 34.35 34.55 
2016/07/26 34.85 35.50 34.70 35.45 
2016/07/27 35.90 36.00 35.40 35.40 
2016/07/28 35.65 35.85 35.10 35.20 
2016/07/29 35.50 35.50 34.55 34.60 
2016/08/01 34.50 35.05 34.50 34.70 
2016/08/02 34.80 35.20 34.80 35.00 
2016/08/03 35.00 35.00 34.40 34.60 
2016/08/04 34.60 34.65 34.00 34.00 
2016/08/05 34.10 34.55 34.00 34.55 
2016/08/08 34.65 35.50 34.60 35.50 
2016/08/09 35.80 35.80 34.80 35.10 
2016/08/10 35.30 37.40 35.10 37.00 
2016/08/11 37.20 38.30 37.15 37.60 
2016/08/12 38.20 38.80 37.60 37.60 
2016/08/15 38.90 38.95 38.20 38.20 
2016/08/16 38.85 39.75 38.65 39.50 
2016/08/17 40.40 40.75 39.70 40.70 
2016/08/18 41.15 41.45 40.25 40.60 
2016/08/19 40.90 40.90 39.70 39.70 
2016/08/22 39.70 39.70 38.55 38.80 
2016/08/23 38.80 39.50 38.45 39.45 
2016/08/24 39.70 39.70 38.95 39.00 
2016/08/25 39.00 39.40 38.90 39.05 
2016/08/26 39.10 39.35 38.95 39.20 
2016/08/29 39.20 40.10 39.00 39.80 
2016/08/30 40.30 40.30 39.80 40.00 
2016/08/31 40.20 40.20 39.75 39.90 
2016/09/01 39.85 40.00 39.60 39.65 
2016/09/02 39.75 39.75 39.35 39.40 
2016/09/05 39.90 39.95 39.30 39.85 
2016/09/06 39.75 40.30 39.50 39.70 
2016/09/07 39.80 40.00 39.65 39.90 
2016/09/08 40.00 40.20 39.80 39.90 
2016/09/09 40.30 41.10 40.20 40.55 
2016/09/10 39.90 40.25 39.65 39.90 
2016/09/12 40.05 40.10 39.30 39.40 
2016/09/13 39.90 39.90 39.30 39.60 
2016/09/14 39.50 39.85 39.20 39.20 
2016/09/19 39.20 39.60 39.20 39.50 
2016/09/20 39.35 39.75 39.35 39.45 
2016/09/21 39.35 39.90 39.35 39.90 
2016/09/22 40.00 40.10 39.40 39.40 
2016/09/23 39.80 39.80 39.40 39.55 
2016/09/26 39.80 39.80 39.30 39.50 
2016/09/29 39.65 39.80 39.50 39.70 
2016/09/30 39.40 39.60 39.30 39.60 
2016/10/03 39.75 39.75 39.30 39.35 
2016/10/04 39.40 39.60 39.15 39.20 
2016/10/05 39.25 39.35 39.10 39.35 
2016/10/06 39.50 39.60 39.20 39.60 
2016/10/07 39.50 39.60 39.25 39.35 
2016/10/11 39.60 39.65 38.35 38.35 
2016/10/12 38.20 38.70 38.10 38.35 
2016/10/13 38.60 38.70 38.25 38.45 
2016/10/14 38.35 38.60 38.20 38.40 
2016/10/17 38.40 38.60 38.10 38.20 
2016/10/18 38.05 38.70 38.05 38.60 
2016/10/19 38.70 38.90 38.50 38.55 
2016/10/20 38.40 38.70 38.25 38.45 
2016/10/21 38.40 38.65 38.30 38.45 
2016/10/24 38.60 38.60 38.10 38.10 
2016/10/25 38.20 38.45 37.50 37.50 
2016/10/26 37.45 37.95 37.45 37.80 
2016/10/27 37.80 37.95 37.40 37.40 
2016/10/28 37.50 37.80 37.35 37.50 
2016/10/31 37.80 38.80 37.45 38.60 
2016/11/01 38.80 39.50 38.70 38.90 
2016/11/02 38.50 38.70 37.95 37.95 
2016/11/03 38.20 38.60 37.80 37.80 
2016/11/04 37.75 37.80 37.45 37.70 
2016/11/07 37.60 38.60 37.60 37.95 
2016/11/08 38.05 38.50 37.80 38.30 
2016/11/09 38.40 38.70 37.25 37.25 
2016/11/10 38.15 38.30 37.80 38.00 
2016/11/11 37.70 38.50 37.70 37.85 
2016/11/14 38.10 39.00 38.00 39.00 
2016/11/15 39.50 40.30 39.30 39.70 
2016/11/16 40.40 40.80 39.30 39.55 
2016/11/17 39.60 39.90 39.40 39.65 
2016/11/18 39.85 39.85 39.25 39.40 
2016/11/21 39.00 39.35 39.00 39.25 
2016/11/22 39.45 39.90 39.45 39.85 
2016/11/23 39.85 40.05 39.25 39.40 
2016/11/24 39.40 39.65 39.40 39.50 
2016/11/25 39.50 40.10 39.35 39.80 
2016/11/28 39.90 41.50 39.80 41.20 
2016/11/29 41.60 42.30 40.55 40.75 
2016/11/30 41.00 41.85 40.85 41.80 
2016/12/01 42.45 42.50 41.55 41.55 
2016/12/02 41.40 41.50 40.70 40.80 
2016/12/05 40.60 41.25 40.05 40.10 
2016/12/06 40.10 40.70 40.10 40.15 
2016/12/07 40.60 40.65 40.15 40.50 
2016/12/08 40.90 40.90 40.45 40.70 
2016/12/09 40.95 40.95 40.55 40.75 
2016/12/12 40.60 40.60 39.60 39.70 
2016/12/13 39.70 40.35 39.70 40.35 
2016/12/14 40.45 40.65 40.15 40.30 
2016/12/15 40.15 40.35 40.00 40.20 
2016/12/16 40.20 40.45 39.90 40.00 
2016/12/19 40.05 40.80 40.05 40.15 
2016/12/20 40.15 40.15 39.85 39.95 
2016/12/21 40.00 40.20 39.85 39.95 
2016/12/22 39.85 40.00 39.35 39.35 
2016/12/23 39.45 39.70 39.25 39.35 
2016/12/26 39.65 39.65 39.30 39.30 
2016/12/27 39.35 39.65 39.05 39.05 
2016/12/28 39.05 39.35 39.00 39.15 
2016/12/29 39.10 39.35 39.10 39.20 
2016/12/30 39.40 39.90 39.35 39.90 
2017/01/03 40.00 40.05 39.65 39.75 
2017/01/04 39.40 40.00 39.40 39.75 
2017/01/05 39.55 39.70 39.25 39.40 
2017/01/06 39.40 39.60 39.10 39.25 
2017/01/09 39.30 39.40 39.20 39.25 
2017/01/10 39.20 39.30 39.05 39.05 
2017/01/11 38.80 38.85 38.00 38.70 
2017/01/12 39.00 39.10 38.60 38.65 
2017/01/13 38.65 38.70 38.20 38.45 
2017/01/16 38.30 38.30 37.95 38.00 
2017/01/17 38.00 38.10 37.75 37.95 
2017/01/18 37.75 38.15 37.65 37.90 
2017/01/19 38.00 38.20 37.80 37.85 
2017/01/20 38.00 38.25 37.80 37.80 
2017/01/23 38.10 38.10 37.70 37.75 
2017/01/24 37.80 38.60 37.70 38.50 
2017/02/02 39.40 39.50 38.65 38.75 
2017/02/03 39.15 39.15 38.65 38.70 
2017/02/06 39.15 40.75 39.00 40.70 
2017/02/07 40.40 40.50 39.85 40.10 
2017/02/08 40.20 40.20 39.70 39.90 
