2016/07/01 15.80 15.90 15.75 15.75 
2016/07/04 15.75 15.80 15.70 15.75 
2016/07/05 15.80 15.80 15.75 15.75 
2016/07/06 15.75 15.80 15.65 15.75 
2016/07/07 15.75 15.80 15.75 15.75 
2016/07/11 15.85 16.00 15.80 15.90 
2016/07/12 15.95 15.95 15.85 15.85 
2016/07/13 15.85 15.95 15.85 15.95 
2016/07/14 15.95 16.00 15.95 16.00 
2016/07/15 15.80 16.00 15.80 15.95 
2016/07/18 15.95 16.05 15.95 16.00 
2016/07/19 16.00 16.10 15.95 16.10 
2016/07/20 16.10 16.20 16.10 16.20 
2016/07/21 16.20 16.35 16.20 16.30 
2016/07/22 16.40 16.40 16.35 16.35 
2016/07/25 16.40 16.40 16.20 16.20 
2016/07/26 16.20 16.25 16.20 16.25 
2016/07/27 16.25 16.30 16.25 16.30 
2016/07/28 16.30 16.35 16.25 16.30 
2016/07/29 16.30 16.30 16.20 16.30 
2016/08/01 15.20 15.25 15.15 15.20 
2016/08/02 15.20 15.30 15.20 15.30 
2016/08/03 15.30 15.30 15.20 15.20 
2016/08/04 15.20 15.35 15.15 15.25 
2016/08/05 15.15 15.50 15.15 15.25 
2016/08/08 15.25 15.35 15.20 15.25 
2016/08/09 15.30 15.30 15.15 15.25 
2016/08/10 15.30 15.55 15.25 15.40 
2016/08/11 15.50 15.50 15.35 15.40 
2016/08/12 15.40 15.55 15.40 15.45 
2016/08/15 15.45 15.55 15.30 15.45 
2016/08/16 15.45 15.45 15.35 15.40 
2016/08/17 15.45 15.50 15.40 15.40 
2016/08/18 15.35 15.40 15.30 15.30 
2016/08/19 15.30 15.35 15.15 15.15 
2016/08/22 15.20 15.35 15.10 15.35 
2016/08/23 15.35 15.35 15.15 15.20 
2016/08/24 15.20 15.35 15.20 15.35 
2016/08/25 15.35 15.35 15.20 15.35 
2016/08/26 15.35 15.35 15.25 15.25 
2016/08/29 15.30 15.30 15.20 15.30 
2016/08/30 15.20 15.50 15.20 15.30 
2016/08/31 15.30 15.30 15.30 15.30 
2016/09/01 15.30 15.40 15.25 15.25 
2016/09/02 15.25 15.25 15.20 15.20 
2016/09/05 15.15 15.20 15.00 15.20 
2016/09/06 15.10 15.10 14.90 14.90 
2016/09/07 15.10 15.10 14.95 15.10 
2016/09/08 15.15 15.25 15.10 15.25 
2016/09/09 15.25 15.25 15.20 15.20 
2016/09/10 15.20 15.20 15.10 15.10 
2016/09/12 15.15 15.15 15.05 15.05 
2016/09/13 15.05 15.05 15.00 15.05 
2016/09/14 15.05 15.05 15.05 15.05 
2016/09/19 15.05 15.05 15.05 15.05 
2016/09/20 15.05 15.05 14.90 15.00 
2016/09/21 15.00 15.30 15.00 15.30 
2016/09/22 15.40 15.40 15.15 15.20 
2016/09/23 15.20 15.25 15.20 15.20 
2016/09/26 15.25 15.25 15.10 15.10 
2016/09/29 15.15 15.15 15.10 15.10 
2016/09/30 15.10 15.20 15.10 15.20 
2016/10/03 15.20 15.25 15.20 15.25 
2016/10/04 15.15 15.15 15.15 15.15 
2016/10/05 15.15 15.30 15.15 15.30 
2016/10/06 15.30 15.30 15.15 15.20 
2016/10/07 15.10 15.10 15.10 15.10 
2016/10/11 15.05 15.10 15.05 15.10 
2016/10/12 15.10 15.10 15.05 15.05 
2016/10/13 15.05 15.25 15.05 15.25 
2016/10/14 15.05 15.10 15.05 15.10 
2016/10/17 15.25 15.25 15.15 15.15 
2016/10/18 15.15 15.15 15.15 15.15 
2016/10/19 15.10 15.15 15.10 15.10 
2016/10/20 15.10 15.15 15.05 15.15 
2016/10/21 15.20 15.40 15.20 15.25 
2016/10/24 15.25 15.25 15.15 15.15 
2016/10/25 15.15 15.15 15.15 15.15 
2016/10/26 15.15 15.20 15.15 15.20 
2016/10/27 15.10 15.15 15.10 15.15 
2016/10/28 15.10 15.15 15.10 15.15 
2016/10/31 15.10 15.15 15.10 15.15 
2016/11/01 15.15 15.15 15.15 15.15 
2016/11/02 15.20 15.40 15.15 15.15 
2016/11/03 15.10 15.10 15.00 15.10 
2016/11/04 15.05 15.15 15.00 15.00 
2016/11/07 15.10 15.20 15.10 15.20 
2016/11/08 15.25 15.25 15.10 15.10 
2016/11/09 15.10 15.10 14.60 14.80 
2016/11/10 14.90 15.25 14.90 15.00 
2016/11/11 14.90 15.10 14.90 15.00 
2016/11/14 15.35 15.55 15.35 15.55 
2016/11/15 15.65 15.85 15.55 15.80 
2016/11/16 15.90 15.95 15.80 15.80 
2016/11/17 15.80 15.85 15.75 15.80 
2016/11/18 15.80 15.95 15.80 15.85 
2016/11/21 16.00 16.10 15.90 16.10 
2016/11/22 16.15 16.20 16.00 16.05 
2016/11/23 16.05 16.30 16.05 16.30 
2016/11/24 16.30 16.30 16.15 16.15 
2016/11/25 16.15 16.40 16.15 16.25 
2016/11/28 16.35 17.35 16.30 17.20 
2016/11/29 16.90 17.15 16.85 17.15 
2016/11/30 17.05 17.40 16.90 17.40 
2016/12/01 17.00 17.10 16.40 17.10 
2016/12/02 17.00 17.00 16.50 16.80 
2016/12/05 16.75 16.75 16.55 16.60 
2016/12/06 16.60 16.80 16.60 16.65 
2016/12/07 16.65 16.80 16.65 16.80 
2016/12/08 16.70 17.00 16.65 16.95 
2016/12/09 16.95 17.20 16.85 17.10 
2016/12/12 17.15 17.30 17.10 17.20 
2016/12/13 17.20 17.20 17.10 17.10 
2016/12/14 17.15 17.20 17.10 17.10 
2016/12/15 17.20 17.20 16.95 17.10 
2016/12/16 17.00 17.10 16.95 17.00 
2016/12/19 17.05 17.15 17.05 17.10 
2016/12/20 17.00 17.05 16.95 17.05 
2016/12/21 17.10 17.10 17.00 17.00 
2016/12/22 17.00 17.10 16.90 16.90 
2016/12/23 17.00 17.00 16.85 16.90 
2016/12/26 16.90 17.10 16.90 17.05 
2016/12/27 17.00 17.05 16.95 17.05 
2016/12/28 17.00 17.15 17.00 17.15 
2016/12/29 17.15 17.15 17.00 17.10 
2016/12/30 17.10 17.20 17.00 17.10 
2017/01/03 17.00 17.25 17.00 17.25 
2017/01/04 17.20 17.30 17.10 17.25 
2017/01/05 17.20 17.35 17.20 17.30 
2017/01/06 17.30 17.30 17.10 17.20 
2017/01/09 17.20 17.20 17.10 17.15 
2017/01/10 17.15 17.15 17.10 17.15 
2017/01/11 17.75 17.75 17.40 17.45 
2017/01/12 17.50 17.50 17.30 17.30 
2017/01/13 17.30 17.40 17.30 17.35 
2017/01/16 17.35 17.40 17.30 17.40 
2017/01/17 17.45 17.45 17.35 17.40 
2017/01/18 17.40 17.40 17.35 17.40 
2017/01/19 17.40 17.50 17.35 17.35 
2017/01/20 17.40 17.55 17.40 17.55 
2017/01/23 17.60 17.60 17.45 17.55 
2017/01/24 17.55 18.05 17.55 17.65 
2017/02/02 17.65 18.40 17.65 17.90 
2017/02/03 18.10 18.35 17.75 18.35 
2017/02/06 18.45 19.50 18.40 19.40 
2017/02/07 19.40 19.40 18.70 19.05 
2017/02/08 18.80 19.00 18.65 18.65 
