2016/07/01 54.70 54.70 53.40 53.90 
2016/07/04 54.50 56.10 54.30 55.50 
2016/07/05 55.90 56.00 55.00 55.20 
2016/07/06 55.10 55.80 54.70 55.40 
2016/07/07 55.60 55.70 54.90 55.20 
2016/07/11 55.60 55.70 54.40 54.80 
2016/07/12 54.80 55.60 54.80 54.80 
2016/07/13 55.00 55.10 54.80 55.00 
2016/07/14 55.00 55.70 54.90 55.10 
2016/07/15 55.20 55.30 55.00 55.30 
2016/07/18 55.50 55.50 54.50 54.60 
2016/07/19 54.10 54.50 53.50 54.00 
2016/07/20 54.00 54.00 53.50 53.60 
2016/07/21 53.60 54.00 53.50 53.70 
2016/07/22 53.60 53.70 53.40 53.60 
2016/07/25 53.60 54.00 53.30 54.00 
2016/07/26 54.00 54.30 53.80 54.20 
2016/07/27 54.20 54.20 53.70 53.90 
2016/07/28 53.90 54.00 53.50 53.50 
2016/07/29 53.50 53.70 53.30 53.30 
2016/08/01 53.30 54.00 53.20 53.50 
2016/08/02 54.00 54.00 53.30 53.50 
2016/08/03 53.20 53.60 53.00 53.50 
2016/08/04 53.50 53.50 53.20 53.50 
2016/08/05 53.60 53.70 53.30 53.60 
2016/08/08 53.50 54.00 53.20 54.00 
2016/08/09 53.70 53.90 53.30 53.50 
2016/08/10 53.50 53.90 53.00 53.70 
2016/08/11 53.70 53.90 53.20 53.90 
2016/08/12 53.50 53.80 53.30 53.70 
2016/08/15 53.70 53.70 53.30 53.60 
2016/08/16 53.80 53.80 53.30 53.70 
2016/08/17 53.60 53.70 53.30 53.70 
2016/08/18 53.70 54.00 53.40 54.00 
2016/08/19 54.00 54.00 53.40 53.60 
2016/08/22 53.60 53.60 53.00 53.10 
2016/08/23 53.20 53.50 53.00 53.00 
2016/08/24 53.00 53.40 52.80 53.20 
2016/08/25 53.20 53.40 53.00 53.30 
2016/08/26 53.30 53.40 53.00 53.00 
2016/08/29 53.00 54.10 53.00 53.80 
2016/08/30 53.80 53.90 53.00 53.40 
2016/08/31 53.40 53.60 53.10 53.60 
2016/09/01 53.50 53.50 53.00 53.00 
2016/09/02 53.00 53.10 52.50 52.70 
2016/09/05 53.00 53.10 52.50 53.10 
2016/09/06 53.10 53.30 52.70 53.30 
2016/09/07 53.10 53.30 52.90 53.30 
2016/09/08 53.10 53.20 52.80 53.10 
2016/09/09 53.00 53.00 52.60 52.70 
2016/09/10 52.70 52.70 52.10 52.20 
2016/09/12 52.20 52.30 51.70 51.80 
2016/09/13 52.20 52.40 51.40 51.50 
2016/09/14 51.30 53.20 51.10 53.20 
2016/09/19 52.80 53.50 52.50 53.10 
2016/09/20 53.00 53.10 52.00 53.10 
2016/09/21 52.70 52.90 52.10 52.50 
2016/09/22 52.70 53.00 52.30 53.00 
2016/09/23 53.00 53.80 52.70 53.50 
2016/09/26 53.40 54.10 53.10 53.80 
2016/09/29 54.00 54.90 53.70 54.50 
2016/09/30 54.40 54.80 54.20 54.30 
2016/10/03 54.30 54.60 54.20 54.40 
2016/10/04 54.50 55.00 54.30 54.80 
2016/10/05 56.00 56.40 55.20 55.30 
2016/10/06 55.60 56.40 55.60 55.70 
2016/10/07 55.90 56.50 55.80 56.50 
2016/10/11 57.20 57.50 56.60 57.30 
2016/10/12 57.00 57.00 55.50 56.00 
2016/10/13 56.30 56.40 55.70 56.20 
2016/10/14 55.80 56.20 55.70 56.20 
2016/10/17 56.20 56.20 55.20 55.70 
2016/10/18 55.70 56.00 55.30 55.40 
2016/10/19 55.50 56.00 55.30 55.40 
2016/10/20 55.30 55.60 55.20 55.30 
2016/10/21 55.20 56.00 55.20 55.20 
2016/10/24 55.50 55.90 55.20 55.80 
2016/10/25 55.90 56.20 55.80 56.20 
2016/10/26 56.20 56.70 56.10 56.10 
2016/10/27 56.10 56.40 55.80 55.90 
2016/10/28 55.90 56.30 55.10 55.30 
2016/10/31 55.50 55.70 55.20 55.60 
2016/11/01 55.30 55.80 55.30 55.30 
2016/11/02 55.10 55.60 54.50 55.40 
2016/11/03 55.40 55.40 54.50 54.60 
2016/11/04 54.50 56.50 54.30 55.50 
2016/11/07 55.60 55.80 55.50 55.70 
2016/11/08 55.70 55.90 55.20 55.80 
2016/11/09 55.70 55.80 53.70 54.00 
2016/11/10 54.40 55.50 54.40 55.10 
2016/11/11 55.10 55.10 53.80 54.10 
2016/11/14 54.60 54.60 53.30 54.00 
2016/11/15 54.00 55.40 54.00 55.10 
2016/11/16 55.50 55.50 54.60 54.80 
2016/11/17 54.80 54.90 53.90 54.30 
2016/11/18 54.50 55.30 54.30 55.30 
2016/11/21 55.30 55.80 55.00 55.70 
2016/11/22 55.60 56.50 55.60 56.50 
2016/11/23 56.50 56.50 56.00 56.10 
2016/11/24 56.10 56.30 55.90 56.00 
2016/11/25 56.00 56.80 56.00 56.60 
2016/11/28 57.40 59.90 57.00 57.70 
2016/11/29 58.00 58.40 57.50 57.90 
2016/11/30 58.10 59.40 58.10 59.10 
2016/12/01 59.40 60.00 59.10 59.80 
2016/12/02 60.00 60.40 59.20 59.70 
2016/12/05 60.00 60.30 59.40 60.00 
2016/12/06 60.60 60.90 59.50 60.10 
2016/12/07 60.50 60.80 59.90 60.40 
2016/12/08 60.50 61.20 60.50 61.20 
2016/12/09 61.50 62.50 61.20 61.70 
2016/12/12 61.90 61.90 59.90 60.40 
2016/12/13 60.30 62.50 60.20 62.10 
2016/12/14 62.50 63.00 61.00 61.10 
2016/12/15 61.10 61.80 60.30 61.10 
2016/12/16 61.10 61.50 60.50 61.10 
2016/12/19 61.50 61.90 61.20 61.30 
2016/12/20 61.30 61.50 60.30 60.40 
2016/12/21 60.60 61.00 60.00 60.20 
2016/12/22 60.10 60.10 58.50 58.80 
2016/12/23 58.60 59.40 58.20 58.90 
2016/12/26 59.90 59.90 58.70 59.10 
2016/12/27 59.40 59.40 58.80 59.20 
2016/12/28 59.20 59.90 58.90 59.60 
2016/12/29 59.60 59.70 59.00 59.00 
2016/12/30 59.20 61.60 59.20 60.50 
2017/01/03 61.10 61.10 60.30 60.70 
2017/01/04 61.10 61.10 60.10 60.60 
2017/01/05 60.60 60.90 60.30 60.70 
2017/01/06 60.50 61.30 60.50 60.70 
2017/01/09 61.00 61.30 60.80 61.20 
2017/01/10 61.50 61.60 60.70 61.00 
2017/01/11 61.10 61.50 61.00 61.50 
2017/01/12 61.80 62.00 61.30 61.60 
2017/01/13 61.60 61.70 60.80 61.50 
2017/01/16 61.40 61.40 60.10 60.30 
2017/01/17 60.30 60.60 60.00 60.40 
2017/01/18 60.30 60.60 60.00 60.20 
2017/01/19 60.00 60.40 60.00 60.10 
2017/01/20 60.20 60.60 60.10 60.10 
2017/01/23 60.10 60.70 60.10 60.60 
2017/01/24 60.60 61.40 60.60 61.40 
2017/02/02 61.60 62.60 61.60 62.10 
2017/02/03 62.30 62.90 62.10 62.90 
2017/02/06 63.20 66.40 63.10 64.90 
2017/02/07 64.90 65.70 64.00 64.80 
2017/02/08 64.80 66.50 64.50 66.20 
