2016/07/01 45.35 45.35 44.70 44.70 
2016/07/04 44.90 45.30 44.90 45.05 
2016/07/05 45.30 45.50 45.05 45.50 
2016/07/06 45.60 45.60 44.75 45.05 
2016/07/07 40.00 40.75 39.65 40.05 
2016/07/11 40.20 40.20 39.50 39.65 
2016/07/12 39.65 39.70 39.50 39.55 
2016/07/13 39.80 39.80 39.55 39.55 
2016/07/14 39.55 40.00 39.50 39.55 
2016/07/15 39.55 39.55 39.10 39.10 
2016/07/18 39.10 39.40 39.00 39.30 
2016/07/19 39.15 39.85 39.15 39.40 
2016/07/20 39.35 39.55 38.80 39.45 
2016/07/21 39.45 39.45 39.20 39.30 
2016/07/22 39.45 39.45 38.80 39.00 
2016/07/25 39.00 39.40 38.90 39.00 
2016/07/26 39.00 39.60 38.55 39.40 
2016/07/27 39.10 39.50 39.10 39.35 
2016/07/28 39.35 39.60 39.25 39.40 
2016/07/29 39.75 39.75 39.00 39.30 
2016/08/01 39.10 39.55 39.05 39.35 
2016/08/02 39.30 39.30 39.00 39.00 
2016/08/03 39.00 39.20 39.00 39.10 
2016/08/04 39.05 39.20 39.00 39.20 
2016/08/05 39.05 39.35 38.80 39.20 
2016/08/08 39.05 39.20 38.85 39.10 
2016/08/09 39.05 39.20 38.50 39.10 
2016/08/10 38.85 39.15 38.60 39.10 
2016/08/11 39.00 39.10 38.90 39.00 
2016/08/12 39.00 39.00 38.55 38.90 
2016/08/15 38.75 38.75 38.10 38.30 
2016/08/16 38.05 38.55 38.05 38.35 
2016/08/17 38.05 38.75 38.05 38.50 
2016/08/18 38.35 38.50 38.30 38.50 
2016/08/19 38.70 38.70 38.05 38.05 
2016/08/22 38.00 38.00 37.00 37.20 
2016/08/23 37.65 37.65 37.60 37.60 
2016/08/24 37.70 37.70 36.85 37.20 
2016/08/25 37.60 37.70 37.50 37.70 
2016/08/26 37.70 37.80 37.60 37.60 
2016/08/29 38.00 38.00 37.20 37.40 
2016/08/30 37.40 37.40 37.00 37.20 
2016/08/31 37.20 37.20 37.00 37.05 
2016/09/01 36.90 36.90 36.60 36.70 
2016/09/02 36.60 36.65 36.50 36.50 
2016/09/05 36.50 37.00 36.50 36.75 
2016/09/06 37.00 37.10 36.60 36.60 
2016/09/07 36.80 37.10 36.80 37.00 
2016/09/08 37.00 37.00 36.80 36.80 
2016/09/09 36.80 37.00 36.80 37.00 
2016/09/10 36.60 36.70 36.55 36.70 
2016/09/12 36.70 37.80 36.70 37.70 
2016/09/13 37.75 37.75 37.00 37.00 
2016/09/14 36.60 37.40 36.60 36.75 
2016/09/19 36.80 37.20 36.50 36.90 
2016/09/20 37.20 37.20 36.90 37.20 
2016/09/21 37.30 38.90 37.20 38.35 
2016/09/22 37.90 38.35 37.90 38.00 
2016/09/23 38.40 38.40 38.00 38.00 
2016/09/26 38.00 38.00 37.55 38.00 
2016/09/29 38.00 38.00 38.00 38.00 
2016/09/30 38.00 38.00 37.00 37.70 
2016/10/03 37.50 37.70 37.45 37.45 
2016/10/04 37.45 38.00 37.20 37.20 
2016/10/05 36.10 37.00 36.10 37.00 
2016/10/06 37.00 37.50 37.00 37.10 
2016/10/07 36.90 37.10 36.90 36.90 
2016/10/11 37.00 37.50 36.90 37.10 
2016/10/12 36.40 37.35 36.40 36.90 
2016/10/13 36.90 36.90 36.90 36.90 
2016/10/14 36.90 37.00 36.75 36.75 
2016/10/17 36.50 36.90 36.50 36.50 
2016/10/18 37.35 37.40 36.65 36.65 
2016/10/19 36.70 37.00 36.60 36.60 
2016/10/20 36.70 37.00 36.60 37.00 
2016/10/21 36.80 36.80 36.60 36.60 
2016/10/24 36.60 36.60 36.60 36.60 
2016/10/25 36.60 37.00 36.60 37.00 
2016/10/26 37.00 37.00 36.95 36.95 
2016/10/27 36.95 36.95 36.90 36.90 
2016/10/28 36.90 36.90 36.85 36.85 
2016/10/31 37.00 37.00 36.50 36.50 
2016/11/01 36.55 36.60 36.50 36.50 
2016/11/02 36.60 36.60 36.20 36.20 
2016/11/03 36.20 36.20 36.10 36.20 
2016/11/04 36.20 36.20 35.80 35.80 
2016/11/07 35.90 36.00 35.80 35.85 
2016/11/08 35.85 36.00 35.85 36.00 
2016/11/09 36.00 36.00 35.10 35.10 
2016/11/10 35.10 35.80 35.10 35.80 
2016/11/11 37.40 37.40 36.00 36.30 
2016/11/14 36.30 36.90 36.15 36.50 
2016/11/15 36.80 37.40 36.80 36.95 
2016/11/16 36.95 37.50 36.95 37.05 
2016/11/17 37.45 37.45 37.00 37.00 
2016/11/18 37.00 37.00 36.75 36.75 
2016/11/21 36.80 37.20 36.80 36.80 
2016/11/22 36.80 37.00 36.80 36.90 
2016/11/23 37.00 37.00 36.80 36.85 
2016/11/24 36.85 37.20 36.75 37.05 
2016/11/25 37.10 37.10 36.40 36.50 
2016/11/28 36.80 37.40 36.65 37.40 
2016/11/29 37.40 37.90 37.40 37.40 
2016/11/30 37.40 37.95 37.40 37.75 
2016/12/01 37.75 37.75 36.60 36.70 
2016/12/02 36.70 37.75 36.70 37.70 
2016/12/05 37.70 37.75 37.50 37.60 
2016/12/06 37.70 37.85 37.70 37.80 
2016/12/07 37.90 38.60 37.90 38.50 
2016/12/08 38.50 39.20 38.50 38.80 
2016/12/09 38.90 39.00 38.10 38.35 
2016/12/12 38.35 38.70 37.85 38.00 
2016/12/13 38.00 38.05 37.70 37.70 
2016/12/14 37.75 37.95 37.75 37.75 
2016/12/15 37.65 37.80 37.60 37.60 
2016/12/16 37.60 37.70 37.50 37.60 
2016/12/19 37.50 37.50 37.05 37.15 
2016/12/20 37.15 38.50 37.10 37.40 
2016/12/21 37.50 37.60 37.40 37.60 
2016/12/22 37.60 37.90 37.30 37.30 
2016/12/23 37.30 37.60 37.30 37.40 
2016/12/26 37.40 37.50 37.40 37.40 
2016/12/27 37.40 37.40 36.95 37.30 
2016/12/28 37.30 37.70 37.10 37.70 
2016/12/29 37.70 37.80 37.45 37.45 
2016/12/30 37.60 37.60 37.30 37.30 
2017/01/03 37.35 37.35 37.00 37.20 
2017/01/04 37.55 37.60 37.55 37.60 
2017/01/05 37.60 38.50 37.60 37.80 
2017/01/06 37.80 37.80 37.55 37.55 
2017/01/09 37.65 37.65 37.20 37.65 
2017/01/10 37.65 37.65 37.20 37.60 
2017/01/11 37.70 38.00 37.70 37.90 
2017/01/12 37.90 38.00 37.80 37.80 
2017/01/13 37.95 38.10 37.95 38.00 
2017/01/16 37.95 38.05 37.55 37.90 
2017/01/17 37.90 38.00 37.80 37.80 
2017/01/18 37.80 37.80 37.65 37.65 
2017/01/19 37.65 37.65 37.40 37.40 
2017/01/20 37.40 37.80 37.40 37.60 
2017/01/23 37.70 38.00 37.70 37.75 
2017/01/24 37.75 37.95 37.75 37.90 
2017/02/02 37.90 38.60 37.90 38.60 
2017/02/03 38.95 39.80 38.95 39.65 
2017/02/06 39.70 40.40 39.40 39.70 
2017/02/07 39.70 40.10 39.70 39.80 
2017/02/08 39.80 39.90 39.70 39.85 
