2016/07/01 8.10 8.14 8.05 8.06 
2016/07/04 8.12 8.15 8.06 8.11 
2016/07/05 8.09 8.12 8.06 8.08 
2016/07/06 8.05 8.05 7.90 7.97 
2016/07/07 7.97 8.03 7.93 7.95 
2016/07/11 8.00 8.10 7.98 7.98 
2016/07/12 7.98 7.98 7.88 7.88 
2016/07/13 7.88 7.93 7.80 7.90 
2016/07/14 7.91 7.99 7.91 7.96 
2016/07/15 7.99 8.03 7.96 7.96 
2016/07/18 8.01 8.02 7.91 8.00 
2016/07/19 8.00 8.22 7.98 8.13 
2016/07/20 8.13 8.19 8.03 8.09 
2016/07/21 8.10 8.14 8.07 8.09 
2016/07/22 8.12 8.12 8.04 8.07 
2016/07/25 8.09 8.30 8.07 8.07 
2016/07/26 8.07 8.30 8.05 8.11 
2016/07/27 8.14 8.15 8.07 8.07 
2016/07/28 8.06 8.10 8.00 8.04 
2016/07/29 8.03 8.07 8.00 8.04 
2016/08/01 8.10 8.13 8.01 8.03 
2016/08/02 8.03 8.06 7.98 7.98 
2016/08/03 7.98 8.02 7.96 8.02 
2016/08/04 8.00 8.02 7.94 7.98 
2016/08/05 8.00 8.04 7.90 7.96 
2016/08/08 7.96 8.00 7.94 7.94 
2016/08/09 7.93 7.97 7.88 7.91 
2016/08/10 7.90 7.95 7.88 7.88 
2016/08/11 7.88 7.88 7.78 7.80 
2016/08/12 7.80 7.80 7.72 7.73 
2016/08/15 7.74 7.82 7.74 7.75 
2016/08/16 7.76 7.89 7.76 7.78 
2016/08/17 7.79 7.87 7.76 7.80 
2016/08/18 7.80 7.84 7.72 7.76 
2016/08/19 7.73 7.78 7.71 7.74 
2016/08/22 7.80 7.80 7.66 7.68 
2016/08/23 7.69 7.79 7.69 7.73 
2016/08/24 7.80 7.80 7.72 7.74 
2016/08/25 7.74 7.76 7.68 7.69 
2016/08/26 7.69 7.76 7.69 7.70 
2016/08/29 7.70 7.72 7.62 7.70 
2016/08/30 7.70 7.70 7.65 7.68 
2016/08/31 7.63 7.68 7.62 7.65 
2016/09/01 7.65 7.96 7.64 7.85 
2016/09/02 7.91 8.06 7.85 7.85 
2016/09/05 7.90 7.93 7.81 7.82 
2016/09/06 7.82 7.85 7.77 7.79 
2016/09/07 7.84 7.85 7.76 7.80 
2016/09/08 7.78 7.83 7.78 7.79 
2016/09/09 7.79 7.79 7.70 7.73 
2016/09/10 7.71 7.75 7.66 7.73 
2016/09/12 7.71 7.72 7.66 7.67 
2016/09/13 7.64 7.70 7.62 7.64 
2016/09/14 7.65 7.71 7.63 7.65 
2016/09/19 7.71 7.72 7.67 7.67 
2016/09/20 7.71 7.73 7.67 7.68 
2016/09/21 7.72 7.72 7.64 7.70 
2016/09/22 7.70 7.73 7.67 7.69 
2016/09/23 7.73 7.82 7.73 7.75 
2016/09/26 7.77 7.86 7.77 7.80 
2016/09/29 7.87 7.87 7.83 7.85 
2016/09/30 7.78 7.83 7.77 7.79 
2016/10/03 7.79 7.80 7.72 7.72 
2016/10/04 7.72 7.74 7.71 7.71 
2016/10/05 7.71 7.78 7.69 7.71 
2016/10/06 7.71 7.72 7.69 7.71 
2016/10/07 7.75 7.75 7.68 7.70 
2016/10/11 7.69 7.72 7.48 7.50 
2016/10/12 7.50 7.55 7.38 7.44 
2016/10/13 7.47 7.47 7.27 7.27 
2016/10/14 7.28 7.32 7.10 7.10 
2016/10/17 7.10 7.13 7.01 7.08 
2016/10/18 7.08 7.14 7.06 7.09 
2016/10/19 7.09 7.15 7.09 7.10 
2016/10/20 7.10 7.25 7.08 7.24 
2016/10/21 7.25 7.34 7.25 7.26 
2016/10/24 7.26 7.26 7.17 7.19 
2016/10/25 7.19 7.24 7.18 7.22 
2016/10/26 7.22 7.26 7.21 7.22 
2016/10/27 7.25 7.25 7.17 7.20 
2016/10/28 7.17 7.22 7.17 7.18 
2016/10/31 7.15 7.20 7.15 7.16 
2016/11/01 7.16 7.18 7.09 7.14 
2016/11/02 7.14 7.14 7.01 7.02 
2016/11/03 7.04 7.07 6.87 6.87 
2016/11/04 6.87 6.93 6.84 6.88 
2016/11/07 6.88 6.99 6.88 6.95 
2016/11/08 6.93 7.03 6.85 7.00 
2016/11/09 7.00 7.01 6.89 6.98 
2016/11/10 7.01 7.09 7.00 7.02 
2016/11/11 7.05 7.45 7.04 7.05 
2016/11/14 7.12 7.74 7.12 7.56 
2016/11/15 7.56 7.59 7.16 7.17 
2016/11/16 7.32 7.40 7.15 7.15 
2016/11/17 7.25 7.33 7.20 7.27 
2016/11/18 7.37 7.99 7.37 7.99 
2016/11/21 7.99 8.08 7.81 7.98 
2016/11/22 7.90 7.97 7.69 7.70 
2016/11/23 7.67 7.80 7.63 7.70 
2016/11/24 7.78 8.07 7.78 7.86 
2016/11/25 7.94 7.99 7.73 7.92 
2016/11/28 7.95 8.10 7.82 7.98 
2016/11/29 8.01 8.07 7.97 8.00 
2016/11/30 8.06 8.07 7.87 7.87 
2016/12/01 7.88 7.92 7.47 7.50 
2016/12/02 7.43 7.50 7.31 7.34 
2016/12/05 7.34 7.41 7.21 7.22 
2016/12/06 7.23 7.28 7.15 7.17 
2016/12/07 7.18 7.27 7.15 7.27 
2016/12/08 7.26 7.43 7.26 7.36 
2016/12/09 7.40 7.41 7.29 7.31 
2016/12/12 7.31 7.31 7.15 7.16 
2016/12/13 7.10 7.19 7.07 7.16 
2016/12/14 7.16 7.18 7.02 7.06 
2016/12/15 7.01 7.14 7.01 7.14 
2016/12/16 7.12 7.15 7.06 7.09 
2016/12/19 7.07 7.16 7.07 7.10 
2016/12/20 7.10 7.17 7.08 7.08 
2016/12/21 7.08 7.26 7.05 7.05 
2016/12/22 7.06 7.08 7.03 7.05 
2016/12/23 7.04 7.04 6.98 7.01 
2016/12/26 7.00 7.08 7.00 7.02 
2016/12/27 7.02 7.02 6.94 6.96 
2016/12/28 6.96 7.00 6.90 6.96 
2016/12/29 6.98 7.00 6.96 6.97 
2016/12/30 6.97 7.01 6.97 7.00 
2017/01/03 7.01 7.06 7.00 7.06 
2017/01/04 7.06 7.12 7.06 7.09 
2017/01/05 7.10 7.16 7.09 7.14 
2017/01/06 7.12 7.16 7.08 7.13 
2017/01/09 7.13 7.15 7.06 7.11 
2017/01/10 7.06 7.11 7.06 7.08 
2017/01/11 7.08 7.22 7.07 7.07 
2017/01/12 7.09 7.19 7.08 7.08 
2017/01/13 7.08 7.09 6.97 7.02 
2017/01/16 7.02 7.05 7.01 7.01 
2017/01/17 7.09 7.12 7.05 7.10 
2017/01/18 7.09 7.17 7.06 7.15 
2017/01/19 7.16 7.36 7.12 7.26 
2017/01/20 7.26 7.29 7.22 7.23 
2017/01/23 7.23 7.28 7.19 7.21 
2017/01/24 7.26 7.57 7.25 7.42 
2017/02/02 7.42 7.57 7.35 7.53 
2017/02/03 7.52 7.83 7.50 7.73 
2017/02/06 7.80 7.98 7.74 7.84 
2017/02/07 7.84 7.89 7.72 7.72 
2017/02/08 7.78 7.84 7.73 7.73 
