2016/07/01 19.45 19.45 19.25 19.30 
2016/07/04 19.45 19.65 19.35 19.55 
2016/07/05 19.70 19.70 19.50 19.60 
2016/07/06 19.50 19.60 19.30 19.35 
2016/07/07 19.40 19.50 19.30 19.40 
2016/07/11 19.50 19.55 19.30 19.40 
2016/07/12 19.40 19.40 19.20 19.25 
2016/07/13 19.20 19.50 19.20 19.50 
2016/07/14 19.50 19.60 19.40 19.55 
2016/07/15 19.65 19.70 19.55 19.65 
2016/07/18 19.65 19.75 19.50 19.65 
2016/07/19 19.65 19.70 19.50 19.65 
2016/07/20 19.70 19.80 19.60 19.75 
2016/07/21 19.75 19.85 19.65 19.80 
2016/07/22 19.80 19.90 19.75 19.80 
2016/07/25 19.85 20.00 19.65 19.80 
2016/07/26 19.65 19.75 19.55 19.65 
2016/07/27 19.70 19.75 19.55 19.65 
2016/07/28 19.65 19.75 19.60 19.65 
2016/07/29 19.65 19.75 19.65 19.70 
2016/08/01 19.70 19.75 19.55 19.65 
2016/08/02 19.70 19.70 19.60 19.60 
2016/08/03 19.60 19.65 19.50 19.60 
2016/08/04 19.60 19.60 19.45 19.55 
2016/08/05 19.55 19.60 19.45 19.50 
2016/08/08 19.50 19.55 19.45 19.45 
2016/08/09 19.45 19.55 19.40 19.40 
2016/08/10 19.40 19.50 19.30 19.30 
2016/08/11 18.50 18.50 18.35 18.45 
2016/08/12 18.30 18.45 18.25 18.35 
2016/08/15 18.55 18.60 18.40 18.50 
2016/08/16 18.40 18.50 18.20 18.35 
2016/08/17 18.25 18.25 18.10 18.20 
2016/08/18 18.20 18.20 18.00 18.05 
2016/08/19 18.05 18.10 18.00 18.00 
2016/08/22 18.05 18.15 17.90 17.95 
2016/08/23 18.10 18.10 17.85 17.90 
2016/08/24 17.90 18.00 17.75 17.80 
2016/08/25 17.85 17.90 17.70 17.75 
2016/08/26 17.75 17.90 17.70 17.75 
2016/08/29 17.75 17.80 17.65 17.70 
2016/08/30 17.70 17.80 17.70 17.75 
2016/08/31 17.75 17.95 17.70 17.80 
2016/09/01 17.90 18.40 17.85 18.10 
2016/09/02 18.15 18.20 17.90 17.95 
2016/09/05 18.00 18.05 17.90 17.95 
2016/09/06 18.00 18.05 17.90 17.95 
2016/09/07 18.00 18.20 18.00 18.10 
2016/09/08 18.15 18.25 18.10 18.25 
2016/09/09 18.25 18.30 18.10 18.15 
2016/09/10 17.95 18.00 17.90 18.00 
2016/09/12 18.00 18.00 17.85 17.90 
2016/09/13 17.95 17.95 17.70 17.75 
2016/09/14 17.75 17.75 17.60 17.65 
2016/09/19 17.65 17.65 17.40 17.65 
2016/09/20 17.65 17.65 17.40 17.55 
2016/09/21 17.55 17.70 17.40 17.60 
2016/09/22 17.75 17.80 17.60 17.70 
2016/09/23 18.15 18.70 18.15 18.40 
2016/09/26 18.40 18.55 18.40 18.45 
2016/09/29 18.45 18.45 18.25 18.30 
2016/09/30 18.25 18.35 18.10 18.30 
2016/10/03 18.35 18.35 18.05 18.05 
2016/10/04 18.05 18.10 18.00 18.05 
2016/10/05 18.10 18.20 18.05 18.15 
2016/10/06 18.10 18.15 17.95 18.05 
2016/10/07 18.10 18.20 18.00 18.05 
2016/10/11 18.15 18.15 17.80 18.00 
2016/10/12 17.95 17.95 17.75 17.90 
2016/10/13 18.00 18.00 17.70 17.85 
2016/10/14 17.80 17.80 17.60 17.70 
2016/10/17 17.65 17.65 17.55 17.65 
2016/10/18 17.65 17.80 17.55 17.80 
2016/10/19 17.70 17.75 17.60 17.65 
2016/10/20 17.65 17.80 17.65 17.80 
2016/10/21 17.75 17.85 17.70 17.70 
2016/10/24 17.75 17.75 17.65 17.65 
2016/10/25 17.65 17.75 17.60 17.70 
2016/10/26 17.70 17.70 17.65 17.65 
2016/10/27 17.65 17.70 17.60 17.70 
2016/10/28 17.65 17.75 17.60 17.70 
2016/10/31 17.70 17.80 17.55 17.65 
2016/11/01 17.65 18.00 17.65 17.85 
2016/11/02 17.70 17.80 17.65 17.75 
2016/11/03 17.65 17.65 17.55 17.60 
2016/11/04 17.50 17.60 17.40 17.50 
2016/11/07 17.50 17.60 17.30 17.50 
2016/11/08 17.50 17.60 17.40 17.40 
2016/11/09 17.45 17.90 17.40 17.40 
2016/11/10 17.60 18.50 17.60 18.25 
2016/11/11 18.40 19.25 18.25 18.85 
2016/11/14 19.20 20.20 19.15 20.05 
2016/11/15 19.85 19.95 19.45 19.65 
2016/11/16 19.70 20.05 19.50 19.55 
2016/11/17 19.85 20.90 19.85 20.80 
2016/11/18 21.50 22.40 21.30 21.45 
2016/11/21 21.40 22.20 20.80 21.75 
2016/11/22 21.50 21.60 21.15 21.30 
2016/11/23 21.45 21.65 21.00 21.15 
2016/11/24 21.15 21.40 20.60 20.75 
2016/11/25 20.60 20.75 20.10 20.60 
2016/11/28 20.80 20.95 20.15 20.65 
2016/11/29 20.80 21.10 20.60 20.60 
2016/11/30 20.80 20.85 20.15 20.15 
2016/12/01 20.15 20.35 20.10 20.15 
2016/12/02 20.15 20.65 20.05 20.25 
2016/12/05 20.30 20.40 20.10 20.30 
2016/12/06 20.45 20.65 20.35 20.55 
2016/12/07 20.55 20.55 20.15 20.45 
2016/12/08 20.45 20.45 20.20 20.25 
2016/12/09 20.25 20.30 20.15 20.20 
2016/12/12 20.15 20.15 19.40 19.50 
2016/12/13 19.55 20.05 19.55 20.05 
2016/12/14 20.10 20.15 19.80 19.85 
2016/12/15 19.70 19.75 19.50 19.55 
2016/12/16 19.35 19.60 19.30 19.50 
2016/12/19 19.45 19.50 19.15 19.15 
2016/12/20 19.15 19.25 19.00 19.15 
2016/12/21 19.30 19.35 19.00 19.10 
2016/12/22 19.10 19.20 19.10 19.10 
2016/12/23 19.10 19.30 19.05 19.20 
2016/12/26 19.30 19.35 19.10 19.15 
2016/12/27 19.20 19.35 19.05 19.30 
2016/12/28 19.30 19.55 19.30 19.40 
2016/12/29 19.30 19.55 19.30 19.45 
2016/12/30 19.40 19.50 19.35 19.50 
2017/01/03 19.50 19.70 19.45 19.55 
2017/01/04 19.50 19.80 19.50 19.70 
2017/01/05 19.70 19.90 19.65 19.90 
2017/01/06 19.95 20.10 19.90 20.10 
2017/01/09 20.05 20.05 19.75 19.85 
2017/01/10 19.65 19.90 19.65 19.85 
2017/01/11 19.85 20.40 19.75 20.35 
2017/01/12 20.45 20.45 20.00 20.20 
2017/01/13 20.05 20.20 20.00 20.10 
2017/01/16 20.10 20.35 19.90 20.05 
2017/01/17 20.00 20.25 19.90 20.00 
2017/01/18 20.00 20.25 20.00 20.15 
2017/01/19 20.30 21.30 20.30 20.85 
2017/01/20 20.75 21.05 20.60 21.00 
2017/01/23 21.00 21.05 20.85 21.00 
2017/01/24 21.00 21.10 20.95 21.00 
2017/02/02 20.85 21.10 20.50 21.05 
2017/02/03 20.90 21.40 20.75 21.25 
2017/02/06 21.45 21.45 21.25 21.25 
2017/02/07 21.20 21.20 20.85 21.00 
2017/02/08 20.95 21.10 20.85 20.95 
