2016/07/01 24.80 25.00 24.65 24.80 
2016/07/04 24.65 25.60 24.65 25.25 
2016/07/05 25.25 25.25 24.90 25.00 
2016/07/06 25.00 25.00 24.60 24.80 
2016/07/07 24.20 24.20 23.80 23.85 
2016/07/11 24.10 24.10 23.90 23.95 
2016/07/12 24.00 24.00 23.80 23.90 
2016/07/13 23.90 24.00 23.80 24.00 
2016/07/14 24.00 24.00 23.85 24.00 
2016/07/15 24.00 24.15 23.95 24.00 
2016/07/18 24.05 24.40 24.05 24.25 
2016/07/19 24.25 24.25 24.05 24.25 
2016/07/20 24.05 24.20 23.90 23.95 
2016/07/21 23.95 24.05 23.90 23.95 
2016/07/22 24.00 24.05 23.90 23.95 
2016/07/25 23.90 24.05 23.80 23.85 
2016/07/26 23.85 23.85 23.75 23.80 
2016/07/27 23.80 23.90 23.75 23.80 
2016/07/28 23.80 23.80 23.55 23.75 
2016/07/29 23.65 23.65 23.50 23.50 
2016/08/01 23.50 23.50 23.30 23.35 
2016/08/02 23.35 23.35 23.20 23.25 
2016/08/03 23.25 23.25 23.00 23.00 
2016/08/04 23.00 23.35 22.90 23.20 
2016/08/05 23.10 23.35 23.05 23.10 
2016/08/08 23.10 23.10 22.90 23.00 
2016/08/09 23.00 23.00 22.55 22.60 
2016/08/10 22.55 22.60 22.15 22.25 
2016/08/11 22.10 22.10 21.75 22.00 
2016/08/12 21.90 21.95 21.75 21.95 
2016/08/15 21.85 22.10 21.85 21.95 
2016/08/16 21.95 22.70 21.95 22.40 
2016/08/17 22.30 22.40 22.25 22.30 
2016/08/18 22.25 22.25 22.05 22.10 
2016/08/19 22.10 22.30 21.95 22.00 
2016/08/22 22.00 22.05 21.85 22.00 
2016/08/23 22.00 22.05 21.85 21.85 
2016/08/24 22.00 22.05 21.80 21.80 
2016/08/25 21.80 22.00 21.75 21.90 
2016/08/26 21.90 22.00 21.80 21.80 
2016/08/29 22.00 22.00 21.60 21.65 
2016/08/30 21.70 21.75 21.60 21.65 
2016/08/31 21.65 21.70 21.50 21.50 
2016/09/01 21.55 22.45 21.55 22.35 
2016/09/02 22.50 22.70 22.10 22.20 
2016/09/05 22.35 22.40 22.05 22.05 
2016/09/06 22.15 22.15 21.85 22.00 
2016/09/07 22.10 22.45 22.10 22.30 
2016/09/08 22.35 22.45 22.20 22.30 
2016/09/09 22.30 22.40 22.20 22.20 
2016/09/10 22.10 22.15 22.00 22.10 
2016/09/12 22.20 22.20 21.85 21.85 
2016/09/13 21.85 22.00 21.50 21.60 
2016/09/14 21.50 21.90 21.50 21.90 
2016/09/19 21.90 22.00 21.70 21.70 
2016/09/20 21.75 22.00 21.75 21.95 
2016/09/21 21.95 22.10 21.85 21.90 
2016/09/22 22.00 22.00 21.90 21.90 
2016/09/23 22.60 23.35 22.60 23.00 
2016/09/26 23.00 23.10 22.90 22.95 
2016/09/29 22.95 22.95 22.65 22.80 
2016/09/30 22.60 22.65 22.30 22.40 
2016/10/03 22.45 22.65 22.05 22.10 
2016/10/04 22.10 22.25 22.10 22.15 
2016/10/05 22.15 22.15 22.00 22.15 
2016/10/06 22.15 22.20 22.00 22.15 
2016/10/07 22.25 22.55 22.20 22.25 
2016/10/11 22.30 22.40 22.05 22.15 
2016/10/12 22.15 22.15 21.90 22.15 
2016/10/13 22.15 22.15 21.90 21.90 
2016/10/14 21.90 21.90 21.75 21.85 
2016/10/17 21.85 22.30 21.85 22.20 
2016/10/18 22.20 22.20 22.00 22.10 
2016/10/19 22.10 22.20 22.00 22.00 
2016/10/20 22.00 22.20 22.00 22.05 
2016/10/21 22.10 22.15 21.85 21.85 
2016/10/24 22.00 22.05 21.90 22.00 
2016/10/25 22.00 22.10 21.85 21.95 
2016/10/26 22.00 22.10 21.90 21.95 
2016/10/27 22.00 22.00 21.90 22.00 
2016/10/28 22.15 22.15 21.85 21.95 
2016/10/31 22.05 22.10 21.85 21.90 
2016/11/01 22.00 22.00 21.85 21.85 
2016/11/02 21.85 21.95 21.70 21.75 
2016/11/03 21.75 21.75 21.30 21.30 
2016/11/04 21.30 21.45 21.30 21.35 
2016/11/07 21.40 21.75 21.40 21.75 
2016/11/08 21.80 21.85 21.35 21.70 
2016/11/09 21.70 21.80 21.05 21.35 
2016/11/10 21.65 22.30 21.65 21.95 
2016/11/11 22.25 23.95 22.20 23.30 
2016/11/14 24.90 25.60 24.50 25.60 
2016/11/15 25.80 25.90 24.90 24.90 
2016/11/16 25.30 25.35 24.80 24.90 
2016/11/17 25.30 26.00 25.25 25.90 
2016/11/18 26.20 26.85 26.10 26.40 
2016/11/21 26.35 27.35 25.70 26.75 
2016/11/22 26.25 26.55 26.20 26.45 
2016/11/23 26.75 27.00 26.15 26.20 
2016/11/24 26.40 26.40 25.50 25.55 
2016/11/25 25.70 25.70 24.90 25.30 
2016/11/28 25.35 25.95 25.05 25.55 
2016/11/29 25.85 26.20 25.75 25.80 
2016/11/30 26.00 26.25 25.60 26.00 
2016/12/01 26.00 26.00 25.50 25.70 
2016/12/02 25.50 25.95 25.35 25.65 
2016/12/05 25.80 25.95 25.25 25.25 
2016/12/06 25.30 25.75 25.25 25.70 
2016/12/07 25.70 25.70 25.35 25.60 
2016/12/08 25.70 25.70 25.40 25.55 
2016/12/09 25.40 25.55 25.30 25.35 
2016/12/12 25.35 25.40 24.05 24.20 
2016/12/13 24.20 24.70 23.95 24.55 
2016/12/14 24.55 24.55 24.20 24.45 
2016/12/15 24.10 24.65 24.10 24.65 
2016/12/16 24.50 24.90 24.45 24.70 
2016/12/19 24.50 24.50 24.10 24.15 
2016/12/20 24.15 24.20 23.85 23.90 
2016/12/21 24.00 24.50 24.00 24.05 
2016/12/22 24.10 24.25 23.90 23.90 
2016/12/23 23.90 24.25 23.70 24.15 
2016/12/26 24.30 24.45 24.25 24.35 
2016/12/27 24.35 24.65 24.35 24.55 
2016/12/28 24.65 25.05 24.55 24.75 
2016/12/29 24.80 25.05 24.75 24.90 
2016/12/30 24.65 25.10 24.65 25.10 
2017/01/03 25.30 25.35 25.10 25.10 
2017/01/04 25.10 25.15 24.80 25.00 
2017/01/05 25.00 25.15 24.80 24.80 
2017/01/06 24.75 25.20 24.70 25.20 
2017/01/09 25.20 25.25 25.00 25.05 
2017/01/10 25.05 25.15 24.95 25.05 
2017/01/11 25.05 25.85 25.00 25.70 
2017/01/12 26.00 26.00 25.45 25.60 
2017/01/13 25.60 25.65 25.35 25.60 
2017/01/16 25.60 25.95 25.50 25.50 
2017/01/17 25.50 25.85 25.50 25.75 
2017/01/18 25.70 26.10 25.65 25.85 
2017/01/19 26.00 27.65 26.00 27.05 
2017/01/20 27.00 27.50 26.75 26.90 
2017/01/23 27.00 27.45 26.90 27.30 
2017/01/24 27.30 27.35 27.00 27.30 
2017/02/02 26.65 27.30 26.50 27.20 
2017/02/03 27.05 27.70 26.90 27.45 
2017/02/06 27.50 27.90 27.20 27.55 
2017/02/07 27.55 27.60 27.30 27.45 
2017/02/08 27.45 27.45 26.65 26.80 
