2016/07/01 42.50 42.60 42.30 42.40 
2016/07/04 42.40 42.90 42.40 42.80 
2016/07/05 43.00 43.05 42.65 43.00 
2016/07/06 42.90 43.00 42.90 42.95 
2016/07/07 42.90 43.10 42.85 42.95 
2016/07/11 43.00 43.90 43.00 43.75 
2016/07/12 43.75 43.90 43.70 43.80 
2016/07/13 42.35 43.00 42.35 42.75 
2016/07/14 42.75 42.95 42.20 42.25 
2016/07/15 42.25 42.55 42.20 42.25 
2016/07/18 42.50 42.50 42.10 42.15 
2016/07/19 42.15 42.50 42.00 42.15 
2016/07/20 42.05 42.65 42.00 42.40 
2016/07/21 42.40 42.40 42.25 42.40 
2016/07/22 42.40 42.70 42.35 42.60 
2016/07/25 42.65 42.95 42.50 42.75 
2016/07/26 42.75 42.75 42.60 42.65 
2016/07/27 42.75 42.75 42.55 42.70 
2016/07/28 42.70 43.45 42.60 42.90 
2016/07/29 42.90 43.10 42.55 42.90 
2016/08/01 42.90 43.00 42.30 42.70 
2016/08/02 42.45 42.80 42.45 42.65 
2016/08/03 42.45 42.65 42.00 42.60 
2016/08/04 42.60 42.90 42.55 42.70 
2016/08/05 42.50 42.70 42.45 42.60 
2016/08/08 42.60 42.65 42.50 42.55 
2016/08/09 42.95 42.95 42.40 42.45 
2016/08/10 42.50 42.60 42.30 42.35 
2016/08/11 42.10 42.10 41.50 41.70 
2016/08/12 41.70 42.35 41.60 42.30 
2016/08/15 42.70 43.15 42.65 42.75 
2016/08/16 42.75 43.00 42.75 42.95 
2016/08/17 43.15 43.30 42.75 43.30 
2016/08/18 43.30 43.30 42.90 43.00 
2016/08/19 43.00 43.00 42.45 42.50 
2016/08/22 42.65 42.65 42.00 42.10 
2016/08/23 41.90 42.20 41.80 41.90 
2016/08/24 42.00 42.10 41.95 41.95 
2016/08/25 41.95 42.50 41.90 42.50 
2016/08/26 42.50 42.50 42.05 42.25 
2016/08/29 42.30 42.50 41.90 42.00 
2016/08/30 42.00 42.30 41.90 41.95 
2016/08/31 41.85 41.85 41.70 41.75 
2016/09/01 41.70 41.95 41.50 41.70 
2016/09/02 41.95 41.95 41.70 41.70 
2016/09/05 41.80 42.00 41.70 41.70 
2016/09/06 41.70 41.85 41.70 41.75 
2016/09/07 41.75 42.30 41.75 42.15 
2016/09/08 42.10 42.20 42.05 42.20 
2016/09/09 41.95 42.05 41.85 42.05 
2016/09/10 41.85 42.00 41.80 42.00 
2016/09/12 42.00 42.05 41.80 41.80 
2016/09/13 41.90 41.95 41.85 41.85 
2016/09/14 41.80 42.00 41.80 41.90 
2016/09/19 41.85 42.00 41.85 41.85 
2016/09/20 42.00 42.00 41.90 42.00 
2016/09/21 42.00 42.95 41.90 42.80 
2016/09/22 42.80 42.80 42.30 42.40 
2016/09/23 42.40 42.45 42.10 42.25 
2016/09/26 42.10 42.20 42.05 42.05 
2016/09/29 42.05 42.30 42.00 42.05 
2016/09/30 42.40 42.40 42.05 42.15 
2016/10/03 42.15 42.20 42.00 42.05 
2016/10/04 42.05 42.40 42.00 42.20 
2016/10/05 42.20 42.55 42.20 42.50 
2016/10/06 42.50 42.50 42.20 42.45 
2016/10/07 42.60 42.60 42.30 42.40 
2016/10/11 42.40 42.45 42.15 42.20 
2016/10/12 42.05 42.05 41.85 41.90 
2016/10/13 41.90 42.10 41.65 41.65 
2016/10/14 41.95 41.95 41.50 41.55 
2016/10/17 41.55 41.60 41.50 41.60 
2016/10/18 41.60 41.60 41.40 41.50 
2016/10/19 41.70 42.10 41.45 41.45 
2016/10/20 41.75 41.75 41.20 41.30 
2016/10/21 41.30 41.40 40.90 40.90 
2016/10/24 40.90 41.00 40.70 41.00 
2016/10/25 41.00 41.10 40.90 41.10 
2016/10/26 41.10 41.70 41.10 41.70 
2016/10/27 41.70 41.75 41.35 41.75 
2016/10/28 41.75 41.75 41.35 41.50 
2016/10/31 41.70 41.70 41.35 41.40 
2016/11/01 41.40 41.50 41.35 41.40 
2016/11/02 41.55 41.55 41.20 41.20 
2016/11/03 41.20 41.35 41.20 41.30 
2016/11/04 41.25 41.30 41.20 41.20 
2016/11/07 41.20 41.50 41.20 41.50 
2016/11/08 41.50 41.75 41.20 41.70 
2016/11/09 41.35 41.70 41.30 41.40 
2016/11/10 42.35 42.35 41.50 42.10 
2016/11/11 42.55 44.00 42.55 42.95 
2016/11/14 42.95 43.80 42.65 43.55 
2016/11/15 43.55 45.00 43.20 45.00 
2016/11/16 45.00 45.50 44.85 45.25 
2016/11/17 45.15 45.55 44.60 45.50 
2016/11/18 45.50 46.10 45.20 45.40 
2016/11/21 45.00 45.00 43.90 44.40 
2016/11/22 44.20 44.25 43.85 44.00 
2016/11/23 44.00 44.50 43.80 44.00 
2016/11/24 43.65 44.25 43.60 43.95 
2016/11/25 43.95 45.10 43.55 44.80 
2016/11/28 44.80 45.10 44.60 44.70 
2016/11/29 44.50 45.00 44.25 44.50 
2016/11/30 44.40 45.05 43.95 44.00 
2016/12/01 44.30 44.70 44.15 44.50 
2016/12/02 44.60 44.60 44.20 44.30 
2016/12/05 44.30 44.30 43.90 44.00 
2016/12/06 44.00 44.35 43.50 43.60 
2016/12/07 43.85 44.10 43.75 44.00 
2016/12/08 44.00 44.00 43.60 43.60 
2016/12/09 43.60 44.00 43.55 43.55 
2016/12/12 43.75 43.85 43.50 43.55 
2016/12/13 43.55 44.15 43.50 44.15 
2016/12/14 44.00 44.55 43.70 44.30 
2016/12/15 43.90 44.60 43.75 44.45 
2016/12/16 44.55 44.65 44.00 44.45 
2016/12/19 44.45 44.70 43.90 43.90 
2016/12/20 43.90 44.35 43.65 43.65 
2016/12/21 44.00 44.10 43.60 43.60 
2016/12/22 43.70 44.10 43.65 43.85 
2016/12/23 44.00 44.00 43.60 43.65 
2016/12/26 43.70 43.70 43.40 43.45 
2016/12/27 43.50 44.10 43.40 43.50 
2016/12/28 43.60 44.80 43.60 44.00 
2016/12/29 44.00 44.60 43.90 44.60 
2016/12/30 44.80 44.80 44.10 44.60 
2017/01/03 44.50 44.65 44.10 44.50 
2017/01/04 44.50 44.50 44.15 44.20 
2017/01/05 44.10 44.25 44.10 44.15 
2017/01/06 44.10 44.35 44.10 44.10 
2017/01/09 44.15 44.15 44.00 44.05 
2017/01/10 44.00 44.20 44.00 44.15 
2017/01/11 44.00 44.15 44.00 44.15 
2017/01/12 44.15 44.40 44.05 44.40 
2017/01/13 44.10 45.05 44.10 45.05 
2017/01/16 44.85 44.95 44.50 44.50 
2017/01/17 44.20 44.55 44.20 44.50 
2017/01/18 44.05 45.00 44.05 44.90 
2017/01/19 44.40 44.85 44.25 44.70 
2017/01/20 44.30 44.35 44.00 44.00 
2017/01/23 44.00 44.30 43.90 44.00 
2017/01/24 44.00 44.35 44.00 44.30 
2017/02/02 44.15 44.90 44.15 44.80 
2017/02/03 44.95 44.95 44.25 44.50 
2017/02/06 44.65 44.65 44.05 44.20 
2017/02/07 44.20 44.40 44.00 44.25 
2017/02/08 44.25 44.35 43.95 44.00 
