2016/07/01 7.30 7.33 7.30 7.31 
2016/07/04 7.37 7.39 7.21 7.31 
2016/07/05 7.27 7.27 7.26 7.26 
2016/07/06 7.27 7.34 7.26 7.26 
2016/07/07 7.33 7.38 7.33 7.34 
2016/07/11 7.38 7.38 7.30 7.30 
2016/07/12 7.30 7.36 7.30 7.35 
2016/07/13 7.28 7.35 7.28 7.33 
2016/07/14 7.34 7.36 7.33 7.35 
2016/07/15 7.35 7.38 7.31 7.31 
2016/07/18 7.33 7.37 7.33 7.35 
2016/07/19 7.38 7.44 7.37 7.38 
2016/07/20 7.38 7.40 7.38 7.39 
2016/07/21 7.47 7.57 7.43 7.47 
2016/07/22 7.47 7.50 7.40 7.42 
2016/07/25 7.32 7.38 7.32 7.38 
2016/07/26 7.32 7.44 7.32 7.40 
2016/07/27 7.41 7.46 7.38 7.40 
2016/07/28 7.42 7.42 7.35 7.37 
2016/07/29 7.37 7.41 7.37 7.38 
2016/08/01 7.38 7.42 7.33 7.38 
2016/08/02 7.37 7.39 7.35 7.35 
2016/08/03 7.33 7.40 7.33 7.33 
2016/08/04 7.34 7.34 7.33 7.33 
2016/08/05 7.33 7.38 7.33 7.33 
2016/08/08 7.33 7.35 7.33 7.33 
2016/08/09 7.31 7.34 7.31 7.34 
2016/08/10 7.23 7.34 7.23 7.27 
2016/08/11 7.32 7.32 7.24 7.25 
2016/08/12 7.23 7.28 7.21 7.24 
2016/08/15 7.24 7.26 7.24 7.24 
2016/08/16 7.24 7.26 7.23 7.24 
2016/08/17 7.23 7.30 7.23 7.25 
2016/08/18 7.24 7.26 7.24 7.26 
2016/08/19 7.25 7.27 7.23 7.24 
2016/08/22 7.22 7.26 7.15 7.23 
2016/08/23 7.24 7.24 7.18 7.18 
2016/08/24 7.20 7.23 7.18 7.21 
2016/08/25 7.22 7.22 7.19 7.21 
2016/08/26 7.22 7.22 7.19 7.19 
2016/08/29 7.20 7.27 7.20 7.22 
2016/08/30 7.22 7.24 7.19 7.21 
2016/08/31 7.21 7.26 7.21 7.24 
2016/09/01 7.23 7.31 7.23 7.27 
2016/09/02 7.25 7.27 7.20 7.21 
2016/09/05 7.22 7.26 7.21 7.21 
2016/09/06 7.21 7.23 7.19 7.20 
2016/09/07 7.18 7.24 7.18 7.21 
2016/09/08 7.23 7.28 7.22 7.25 
2016/09/09 7.25 7.28 7.24 7.28 
2016/09/10 6.95 6.98 6.91 6.92 
2016/09/12 6.92 6.95 6.92 6.93 
2016/09/13 6.94 6.96 6.85 6.96 
2016/09/14 7.00 7.00 6.90 6.97 
2016/09/19 6.97 6.97 6.88 6.90 
2016/09/20 6.93 6.96 6.88 6.93 
2016/09/21 6.83 6.95 6.83 6.95 
2016/09/22 6.94 6.98 6.88 6.90 
2016/09/23 6.92 6.97 6.92 6.92 
2016/09/26 6.92 6.95 6.90 6.92 
2016/09/29 6.93 6.96 6.93 6.95 
2016/09/30 6.95 6.95 6.86 6.92 
2016/10/03 6.91 6.95 6.91 6.92 
2016/10/04 6.92 6.92 6.86 6.91 
2016/10/05 6.93 6.94 6.90 6.92 
2016/10/06 6.93 6.93 6.85 6.89 
2016/10/07 6.87 6.92 6.87 6.92 
2016/10/11 6.87 6.93 6.86 6.90 
2016/10/12 6.87 6.88 6.79 6.86 
2016/10/13 6.80 6.85 6.76 6.76 
2016/10/14 6.71 6.82 6.71 6.76 
2016/10/17 6.76 6.78 6.67 6.71 
2016/10/18 6.73 6.74 6.64 6.73 
2016/10/19 6.71 6.76 6.70 6.76 
2016/10/20 6.67 6.82 6.66 6.80 
2016/10/21 6.80 6.82 6.79 6.80 
2016/10/24 6.80 6.83 6.73 6.78 
2016/10/25 6.75 6.82 6.75 6.82 
2016/10/26 6.83 6.88 6.81 6.87 
2016/10/27 6.86 6.90 6.84 6.86 
2016/10/28 6.89 6.89 6.77 6.87 
2016/10/31 6.86 6.91 6.85 6.89 
2016/11/01 6.89 6.90 6.85 6.89 
2016/11/02 6.89 6.91 6.79 6.89 
2016/11/03 6.89 6.89 6.80 6.82 
2016/11/04 6.82 6.88 6.77 6.82 
2016/11/07 6.82 6.85 6.82 6.82 
2016/11/08 6.82 6.82 6.74 6.79 
2016/11/09 6.72 6.73 6.58 6.61 
2016/11/10 6.70 6.76 6.63 6.75 
2016/11/11 6.74 6.75 6.61 6.75 
2016/11/14 6.75 6.93 6.75 6.90 
2016/11/15 6.90 6.90 6.75 6.86 
2016/11/16 6.80 6.86 6.78 6.82 
2016/11/17 6.85 6.85 6.76 6.82 
2016/11/18 6.85 6.91 6.82 6.82 
2016/11/21 6.80 6.88 6.78 6.82 
2016/11/22 6.79 6.79 6.77 6.78 
2016/11/23 6.79 6.82 6.76 6.80 
2016/11/24 6.76 6.80 6.73 6.73 
2016/11/25 6.73 6.83 6.70 6.83 
2016/11/28 6.83 6.85 6.74 6.75 
2016/11/29 6.84 6.84 6.81 6.84 
2016/11/30 6.84 6.84 6.75 6.80 
2016/12/01 6.79 6.81 6.76 6.80 
2016/12/02 6.78 6.82 6.75 6.80 
2016/12/05 6.80 6.80 6.73 6.79 
2016/12/06 6.80 6.82 6.75 6.79 
2016/12/07 6.76 6.80 6.75 6.80 
2016/12/08 6.85 6.85 6.77 6.77 
2016/12/09 6.80 6.80 6.76 6.78 
2016/12/12 6.79 6.80 6.75 6.79 
2016/12/13 6.75 6.78 6.73 6.78 
2016/12/14 6.75 6.80 6.75 6.76 
2016/12/15 6.79 6.80 6.77 6.78 
2016/12/16 6.78 6.88 6.78 6.87 
2016/12/19 6.87 6.87 6.80 6.84 
2016/12/20 6.88 6.90 6.83 6.88 
2016/12/21 6.88 6.90 6.83 6.85 
2016/12/22 6.85 6.93 6.80 6.80 
2016/12/23 6.78 6.85 6.78 6.82 
2016/12/26 6.85 6.85 6.84 6.84 
2016/12/27 6.83 6.84 6.77 6.77 
2016/12/28 6.76 6.83 6.76 6.83 
2016/12/29 6.85 6.85 6.78 6.78 
2016/12/30 6.76 6.80 6.76 6.80 
2017/01/03 6.82 7.09 6.82 7.06 
2017/01/04 7.05 7.05 6.88 6.91 
2017/01/05 6.95 7.15 6.91 7.12 
2017/01/06 7.11 7.29 7.00 7.25 
2017/01/09 7.30 7.34 7.10 7.18 
2017/01/10 7.19 7.22 7.09 7.14 
2017/01/11 7.14 7.19 7.05 7.13 
2017/01/12 7.13 7.13 7.05 7.06 
2017/01/13 7.03 7.12 7.03 7.12 
2017/01/16 7.09 7.23 7.06 7.23 
2017/01/17 7.25 7.30 7.02 7.26 
2017/01/18 7.24 7.26 7.06 7.10 
2017/01/19 7.11 7.12 7.10 7.12 
2017/01/20 7.15 7.28 7.09 7.27 
2017/01/23 7.31 7.31 7.23 7.30 
2017/01/24 7.30 7.39 7.18 7.24 
2017/02/02 7.31 7.50 7.13 7.35 
2017/02/03 7.32 7.69 7.20 7.30 
2017/02/06 7.42 7.51 7.30 7.45 
2017/02/07 7.46 7.60 7.43 7.52 
2017/02/08 7.54 7.59 7.39 7.39 
