2016/07/01 22.10 22.10 21.80 21.90 
2016/07/04 22.00 23.45 22.00 23.00 
2016/07/05 23.45 23.50 22.75 22.80 
2016/07/06 22.75 22.75 22.40 22.45 
2016/07/07 22.45 22.85 22.45 22.45 
2016/07/11 22.80 22.90 22.45 22.65 
2016/07/12 22.65 22.80 22.40 22.55 
2016/07/13 22.60 22.60 22.35 22.50 
2016/07/14 22.55 23.15 22.35 22.95 
2016/07/15 23.00 23.35 22.90 23.20 
2016/07/18 23.40 23.70 23.20 23.55 
2016/07/19 23.50 23.60 23.20 23.40 
2016/07/20 23.20 23.40 23.00 23.05 
2016/07/21 23.10 23.30 22.90 23.00 
2016/07/22 23.10 23.30 23.00 23.10 
2016/07/25 23.10 23.10 22.85 22.85 
2016/07/26 22.70 23.00 22.55 23.00 
2016/07/27 23.00 23.00 22.85 22.85 
2016/07/28 22.85 22.90 22.70 22.75 
2016/07/29 22.75 22.80 22.60 22.70 
2016/08/01 22.70 22.80 22.60 22.70 
2016/08/02 22.75 22.95 22.70 22.95 
2016/08/03 22.75 22.75 22.50 22.70 
2016/08/04 22.55 22.80 22.55 22.60 
2016/08/05 22.65 22.75 22.60 22.60 
2016/08/08 22.60 22.80 22.60 22.75 
2016/08/09 22.90 22.90 22.60 22.60 
2016/08/10 22.65 22.80 22.45 22.60 
2016/08/11 22.45 22.50 22.25 22.35 
2016/08/12 22.35 22.35 22.20 22.35 
2016/08/15 22.30 22.45 22.05 22.10 
2016/08/16 22.15 22.50 22.05 22.35 
2016/08/17 22.40 23.15 22.15 23.00 
2016/08/18 23.00 23.25 22.90 23.00 
2016/08/19 23.00 23.15 22.60 22.60 
2016/08/22 22.60 22.80 21.70 21.90 
2016/08/23 21.85 21.90 21.70 21.85 
2016/08/24 22.00 22.00 21.80 21.80 
2016/08/25 21.80 21.90 21.70 21.90 
2016/08/26 22.00 22.00 21.75 21.80 
2016/08/29 21.80 21.80 21.40 21.50 
2016/08/30 21.55 22.00 21.50 21.80 
2016/08/31 21.80 21.80 21.55 21.65 
2016/09/01 21.60 22.15 21.45 22.00 
2016/09/02 22.10 22.15 21.55 21.80 
2016/09/05 21.80 21.80 21.50 21.50 
2016/09/06 21.70 21.70 21.30 21.40 
2016/09/07 21.55 21.65 21.50 21.60 
2016/09/08 22.05 22.05 21.60 21.80 
2016/09/09 21.80 21.80 21.55 21.65 
2016/09/10 21.65 22.00 21.60 21.85 
2016/09/12 21.85 21.90 21.65 21.75 
2016/09/13 21.75 21.90 21.55 21.55 
2016/09/14 21.50 21.70 21.35 21.70 
2016/09/19 21.70 21.85 21.60 21.70 
2016/09/20 21.70 22.25 21.70 21.85 
2016/09/21 21.90 22.00 21.70 21.80 
2016/09/22 21.80 22.20 21.80 21.85 
2016/09/23 22.20 23.70 22.20 23.35 
2016/09/26 23.40 24.95 23.35 24.00 
2016/10/07 27.10 27.50 26.20 26.20 
2016/10/11 26.20 26.60 25.00 25.00 
2016/10/12 25.00 25.00 24.85 25.00 
2016/10/13 25.00 25.10 24.75 24.75 
2016/10/14 24.60 24.65 24.20 24.30 
2016/10/17 24.30 24.70 24.30 24.60 
2016/10/18 24.60 24.80 24.35 24.50 
2016/10/19 24.80 24.80 24.20 24.30 
2016/10/20 24.35 24.70 24.35 24.50 
2016/10/21 24.65 24.85 24.50 24.70 
2016/10/24 24.80 24.95 24.75 24.75 
2016/10/25 24.85 24.85 24.55 24.55 
2016/10/26 24.50 24.60 24.50 24.55 
2016/10/27 24.60 24.65 24.40 24.40 
2016/10/28 24.45 24.45 24.40 24.40 
2016/10/31 24.40 24.40 24.10 24.20 
2016/11/01 24.20 24.30 24.15 24.20 
2016/11/02 24.05 24.10 23.50 23.60 
2016/11/03 23.40 23.40 22.15 22.40 
2016/11/04 22.40 22.40 22.10 22.20 
2016/11/07 22.20 22.70 22.20 22.25 
2016/11/08 22.30 22.35 22.05 22.25 
2016/11/09 22.25 22.50 21.70 21.80 
2016/11/10 21.95 23.95 21.95 23.90 
2016/11/11 23.70 25.90 23.55 25.65 
2016/11/14 26.50 28.20 26.30 28.20 
2016/11/15 28.50 28.80 27.80 28.20 
2016/11/16 28.40 29.25 27.70 28.30 
2016/11/17 28.90 31.10 28.85 31.10 
2016/11/18 31.60 33.95 31.60 33.00 
2016/11/21 32.60 34.30 32.10 33.90 
2016/11/22 33.50 33.50 32.40 33.00 
2016/11/23 33.00 33.50 32.20 32.20 
2016/11/24 32.50 33.25 31.55 32.00 
2016/11/25 32.10 32.85 31.40 32.50 
2016/11/28 32.70 33.65 31.65 33.30 
2016/11/29 33.60 34.60 32.75 32.75 
2016/11/30 33.05 33.35 32.40 32.55 
2016/12/01 32.40 32.45 30.10 30.35 
2016/12/02 30.00 31.35 29.80 31.25 
2016/12/05 31.15 31.45 29.95 30.15 
2016/12/06 30.35 30.40 29.80 29.90 
2016/12/07 29.80 30.15 28.80 29.90 
2016/12/08 29.80 30.00 29.40 29.40 
2016/12/09 29.00 29.30 28.45 28.45 
2016/12/12 28.40 28.80 26.95 27.15 
2016/12/13 27.30 28.15 27.20 27.85 
2016/12/14 27.75 27.80 26.80 27.15 
2016/12/15 26.80 27.30 26.65 27.05 
2016/12/16 27.05 27.60 26.90 27.00 
2016/12/19 27.50 27.50 26.75 26.75 
2016/12/20 26.85 27.00 26.00 26.00 
2016/12/21 26.15 26.35 25.65 25.75 
2016/12/22 26.15 26.15 25.90 26.10 
2016/12/23 26.25 27.25 25.90 27.15 
2016/12/26 27.15 27.45 26.80 27.00 
2016/12/27 27.00 27.00 26.65 26.65 
2016/12/28 26.95 27.00 26.30 26.60 
2016/12/29 26.40 26.60 26.35 26.40 
2016/12/30 26.60 26.60 26.25 26.40 
2017/01/03 26.90 26.90 26.60 26.75 
2017/01/04 26.50 26.80 26.50 26.65 
2017/01/05 26.90 27.20 26.80 27.00 
2017/01/06 27.20 27.40 27.05 27.30 
2017/01/09 27.30 27.40 26.70 26.95 
2017/01/10 26.75 26.75 26.25 26.40 
2017/01/11 26.30 27.75 26.30 27.00 
2017/01/12 27.15 27.35 26.60 26.60 
2017/01/13 26.55 26.80 26.40 26.50 
2017/01/16 26.90 27.10 26.50 26.65 
2017/01/17 26.75 26.80 26.50 26.50 
2017/01/18 26.45 27.00 26.45 26.75 
2017/01/19 27.05 29.35 27.05 28.90 
2017/01/20 28.90 29.15 27.95 28.15 
2017/01/23 28.05 28.35 27.90 27.90 
2017/01/24 27.75 28.20 27.75 28.00 
2017/02/02 27.45 27.85 27.20 27.60 
2017/02/03 27.60 29.00 27.55 28.20 
2017/02/06 28.30 29.10 28.25 28.90 
2017/02/07 28.90 29.25 28.50 28.90 
2017/02/08 28.80 28.90 28.30 28.40 
