2016/07/01 13.45 14.00 13.30 13.50 
2016/07/04 13.60 13.80 13.50 13.60 
2016/07/05 13.60 13.60 13.50 13.60 
2016/07/06 13.50 13.75 13.45 13.70 
2016/07/07 13.65 13.70 13.55 13.70 
2016/07/11 13.70 13.75 13.55 13.55 
2016/07/12 13.60 13.60 13.50 13.50 
2016/07/13 13.55 13.70 13.50 13.70 
2016/07/14 13.50 13.65 13.35 13.45 
2016/07/15 13.55 13.60 13.50 13.50 
2016/07/18 13.60 13.60 13.55 13.60 
2016/07/19 13.70 13.70 13.65 13.70 
2016/07/20 13.65 13.70 13.50 13.60 
2016/07/21 13.60 14.10 13.60 13.80 
2016/07/22 13.60 13.85 13.60 13.80 
2016/07/25 13.85 13.90 13.60 13.65 
2016/07/26 13.60 13.75 13.60 13.65 
2016/07/27 13.65 13.70 13.60 13.70 
2016/07/28 13.60 13.60 13.55 13.60 
2016/07/29 13.50 13.70 13.50 13.60 
2016/08/01 13.55 13.60 13.50 13.60 
2016/08/02 13.60 13.60 13.50 13.60 
2016/08/03 13.50 13.60 13.25 13.45 
2016/08/04 13.40 13.50 13.35 13.40 
2016/08/05 13.30 13.55 13.30 13.55 
2016/08/08 13.55 13.55 13.30 13.50 
2016/08/09 13.45 13.45 13.40 13.45 
2016/08/10 13.50 13.50 13.40 13.50 
2016/08/11 13.50 13.50 13.35 13.50 
2016/08/12 13.40 13.50 13.20 13.50 
2016/08/15 13.35 13.45 13.35 13.40 
2016/08/16 13.40 13.50 13.40 13.40 
2016/08/17 13.30 13.55 13.30 13.55 
2016/08/18 13.70 13.70 13.45 13.55 
2016/08/19 13.50 13.65 13.35 13.60 
2016/08/22 13.50 13.50 13.40 13.40 
2016/08/23 13.45 13.50 13.40 13.40 
2016/08/24 13.40 13.55 13.40 13.50 
2016/08/25 13.55 14.00 13.55 13.70 
2016/08/26 13.55 13.65 13.50 13.65 
2016/08/29 13.55 13.70 13.55 13.70 
2016/08/30 13.70 14.10 13.70 14.00 
2016/08/31 14.00 14.00 13.65 13.90 
2016/09/01 13.65 13.85 13.65 13.80 
2016/09/02 13.85 13.95 13.70 13.75 
2016/09/05 13.90 13.90 13.70 13.70 
2016/09/06 13.75 13.80 13.65 13.70 
2016/09/07 13.65 13.90 13.65 13.80 
2016/09/08 13.65 13.70 13.60 13.60 
2016/09/09 13.70 13.75 13.60 13.65 
2016/09/10 13.55 13.65 13.55 13.55 
2016/09/12 13.60 13.60 13.50 13.50 
2016/09/13 13.65 13.65 13.45 13.60 
2016/09/14 13.60 13.60 13.55 13.60 
2016/09/19 13.55 13.55 13.50 13.55 
2016/09/20 13.45 13.60 13.45 13.60 
2016/09/21 13.50 13.60 13.40 13.60 
2016/09/22 13.55 13.60 13.55 13.60 
2016/09/23 13.55 13.60 13.45 13.60 
2016/09/26 13.50 13.65 13.50 13.55 
2016/09/29 13.70 13.70 13.55 13.55 
2016/09/30 13.45 13.50 13.40 13.50 
2016/10/03 13.50 13.60 13.45 13.55 
2016/10/04 13.55 13.55 13.45 13.50 
2016/10/05 13.50 13.65 13.50 13.55 
2016/10/06 13.60 13.60 13.55 13.60 
2016/10/07 13.60 13.70 13.60 13.70 
2016/10/11 13.70 13.70 13.40 13.50 
2016/10/12 13.45 13.60 13.40 13.40 
2016/10/13 13.40 13.60 13.40 13.40 
2016/10/14 13.40 13.45 13.35 13.45 
2016/10/17 13.50 13.50 13.30 13.45 
2016/10/18 13.45 13.50 13.35 13.45 
2016/10/19 13.50 13.50 13.35 13.40 
2016/10/20 13.45 13.50 13.35 13.45 
2016/10/21 13.45 13.50 13.40 13.40 
2016/10/24 13.40 13.45 13.35 13.40 
2016/10/25 13.45 13.45 13.35 13.40 
2016/10/26 13.35 13.60 13.35 13.55 
2016/10/27 14.30 14.30 13.65 13.65 
2016/10/28 13.70 13.75 13.40 13.40 
2016/10/31 13.40 13.55 13.40 13.45 
2016/11/01 13.50 13.55 13.40 13.40 
2016/11/02 13.30 13.40 13.30 13.30 
2016/11/03 13.40 13.45 13.30 13.30 
2016/11/04 13.40 13.40 13.30 13.40 
2016/11/07 13.40 13.60 13.30 13.30 
2016/11/08 13.40 13.50 13.30 13.40 
2016/11/09 13.30 13.30 13.00 13.30 
2016/11/10 13.30 13.40 13.30 13.40 
2016/11/11 13.40 13.60 13.40 13.45 
2016/11/14 13.60 14.15 13.50 13.60 
2016/11/15 13.65 14.00 13.55 13.55 
2016/11/16 13.55 13.70 13.45 13.70 
2016/11/17 13.70 13.75 13.50 13.70 
2016/11/18 13.70 15.05 13.70 14.70 
2016/11/21 14.80 15.45 14.75 14.80 
2016/11/22 14.80 14.80 14.40 14.50 
2016/11/23 14.60 14.60 13.90 14.05 
2016/11/24 14.10 14.30 13.95 14.10 
2016/11/25 14.10 14.20 14.00 14.15 
2016/11/28 14.20 14.20 13.85 14.00 
2016/11/29 14.00 14.50 14.00 14.45 
2016/11/30 14.40 14.50 14.15 14.15 
2016/12/01 14.20 14.20 14.05 14.20 
2016/12/02 14.20 14.30 14.20 14.25 
2016/12/05 14.05 14.05 13.50 13.70 
2016/12/06 13.90 14.00 13.50 13.70 
2016/12/07 13.70 13.70 13.55 13.70 
2016/12/08 13.90 13.90 13.65 13.65 
2016/12/09 13.65 13.75 13.50 13.60 
2016/12/12 13.60 13.65 13.45 13.50 
2016/12/13 13.50 13.55 13.35 13.35 
2016/12/14 13.40 13.40 13.25 13.30 
2016/12/15 13.30 13.30 13.20 13.20 
2016/12/16 13.20 13.20 12.95 13.00 
2016/12/19 12.90 13.20 12.85 12.85 
2016/12/20 12.90 13.00 12.85 13.00 
2016/12/21 13.00 13.15 12.95 12.95 
2016/12/22 12.90 13.00 12.80 12.85 
2016/12/23 12.85 13.00 12.85 12.95 
2016/12/26 13.00 13.00 12.70 12.80 
2016/12/27 12.75 12.75 12.30 12.60 
2016/12/28 12.50 12.65 12.50 12.50 
2016/12/29 12.30 12.55 12.25 12.55 
2016/12/30 12.50 13.00 12.45 13.00 
2017/01/03 12.90 13.00 12.80 13.00 
2017/01/04 13.00 13.00 12.80 13.00 
2017/01/05 13.00 13.10 12.90 13.10 
2017/01/06 13.00 13.15 13.00 13.15 
2017/01/09 13.20 13.20 13.00 13.10 
2017/01/10 13.15 13.15 13.00 13.15 
2017/01/11 13.20 13.30 13.10 13.10 
2017/01/12 13.15 13.20 13.05 13.20 
2017/01/13 13.20 13.25 13.05 13.20 
2017/01/16 13.10 13.15 12.95 13.05 
2017/01/17 13.00 13.00 12.85 13.00 
2017/01/18 13.00 13.00 12.85 13.00 
2017/01/19 12.95 13.20 12.95 13.20 
2017/01/20 13.10 13.20 13.05 13.15 
2017/01/23 13.10 13.20 13.10 13.20 
2017/01/24 13.20 14.15 13.15 13.90 
2017/02/02 13.90 14.50 13.75 13.80 
2017/02/03 13.85 14.10 13.80 14.10 
2017/02/06 14.10 14.35 14.05 14.05 
2017/02/07 14.15 14.85 14.15 14.30 
2017/02/08 14.35 14.40 14.05 14.10 
