2016/07/01 17.85 17.85 17.45 17.65 
2016/07/04 17.65 18.25 17.65 18.10 
2016/07/05 18.10 18.15 17.85 17.95 
2016/07/06 17.90 17.90 17.60 17.60 
2016/07/07 17.60 17.90 17.60 17.60 
2016/07/11 17.70 17.85 17.55 17.60 
2016/07/12 17.60 17.90 17.60 17.65 
2016/07/13 17.70 17.75 17.50 17.70 
2016/07/14 17.75 18.05 17.70 18.00 
2016/07/15 18.05 18.10 17.90 17.95 
2016/07/18 16.90 17.05 16.90 17.05 
2016/07/19 17.05 17.05 16.80 16.90 
2016/07/20 16.80 16.90 16.65 16.70 
2016/07/21 16.70 16.95 16.60 16.85 
2016/07/22 16.70 16.80 16.60 16.70 
2016/07/25 16.75 16.85 16.40 16.55 
2016/07/26 16.55 16.55 16.40 16.45 
2016/07/27 16.45 16.60 16.45 16.45 
2016/07/28 16.50 16.65 16.35 16.55 
2016/07/29 16.60 16.65 16.50 16.50 
2016/08/01 16.55 16.70 16.45 16.55 
2016/08/02 16.65 16.65 16.45 16.45 
2016/08/03 16.45 16.50 16.35 16.40 
2016/08/04 16.40 16.50 16.35 16.45 
2016/08/05 16.40 16.50 16.40 16.40 
2016/08/08 16.45 16.50 16.35 16.50 
2016/08/09 16.50 16.50 16.35 16.40 
2016/08/10 16.40 16.60 16.35 16.50 
2016/08/11 16.50 16.60 16.40 16.60 
2016/08/12 16.60 16.70 16.55 16.65 
2016/08/15 16.65 16.70 16.50 16.55 
2016/08/16 16.50 16.55 16.40 16.40 
2016/08/17 16.40 16.60 16.40 16.45 
2016/08/18 16.45 16.50 16.25 16.30 
2016/08/19 16.25 16.30 15.85 15.85 
2016/08/22 15.85 15.85 15.50 15.55 
2016/08/23 15.50 15.65 15.50 15.55 
2016/08/24 15.60 15.60 15.50 15.50 
2016/08/25 15.50 15.70 15.45 15.55 
2016/08/26 15.60 15.65 15.45 15.45 
2016/08/29 15.45 15.55 15.30 15.30 
2016/08/30 15.40 15.40 15.00 15.00 
2016/08/31 15.00 15.50 14.80 15.30 
2016/09/01 15.30 16.40 15.30 16.05 
2016/09/02 16.40 16.85 16.35 16.45 
2016/09/05 16.70 16.75 16.35 16.35 
2016/09/06 16.25 16.40 16.15 16.40 
2016/09/07 16.60 16.60 16.30 16.35 
2016/09/08 16.45 16.80 16.45 16.70 
2016/09/09 16.65 16.85 16.60 16.70 
2016/09/10 16.45 16.65 16.40 16.55 
2016/09/12 16.45 16.60 16.40 16.40 
2016/09/13 16.45 16.50 16.05 16.05 
2016/09/14 16.00 16.15 15.75 15.85 
2016/09/19 16.10 16.15 15.80 15.95 
2016/09/20 15.95 16.10 15.90 16.05 
2016/09/21 16.05 16.05 15.75 15.90 
2016/09/22 15.90 16.00 15.80 15.90 
2016/09/23 15.90 16.25 15.85 16.10 
2016/09/26 16.10 16.10 15.90 15.95 
2016/09/29 15.95 16.05 15.85 15.85 
2016/09/30 15.80 15.90 15.65 15.90 
2016/10/03 15.95 16.00 15.80 15.85 
2016/10/04 15.90 15.95 15.85 15.95 
2016/10/05 15.95 16.00 15.85 15.85 
2016/10/06 15.85 16.00 15.85 15.90 
2016/10/07 15.95 16.00 15.80 15.80 
2016/10/11 15.85 15.90 15.50 15.55 
2016/10/12 15.40 15.65 15.40 15.55 
2016/10/13 15.60 15.70 15.55 15.65 
2016/10/14 15.65 15.75 15.55 15.55 
2016/10/17 15.55 15.60 15.45 15.50 
2016/10/18 15.50 15.65 15.50 15.55 
2016/10/19 15.55 15.60 15.50 15.50 
2016/10/20 15.50 16.00 15.50 15.95 
2016/10/21 15.95 15.95 15.70 15.70 
2016/10/24 15.75 15.95 15.70 15.85 
2016/10/25 15.80 15.95 15.80 15.95 
2016/10/26 15.95 16.00 15.75 15.75 
2016/10/27 15.75 15.80 15.55 15.60 
2016/10/28 15.60 15.65 15.50 15.55 
2016/10/31 15.50 15.55 15.40 15.55 
2016/11/01 15.50 15.50 15.40 15.40 
2016/11/02 15.35 15.35 15.20 15.25 
2016/11/03 15.15 15.20 14.95 15.00 
2016/11/04 15.00 15.05 14.95 15.00 
2016/11/07 15.05 15.20 15.00 15.00 
2016/11/08 15.00 15.00 14.85 15.00 
2016/11/09 14.90 15.05 14.60 14.80 
2016/11/10 14.90 15.20 14.85 15.00 
2016/11/11 15.05 16.35 15.00 15.90 
2016/11/14 16.30 17.20 16.15 16.90 
2016/11/15 17.20 17.30 16.70 16.80 
2016/11/16 17.10 17.15 16.40 16.40 
2016/11/17 16.70 16.95 16.55 16.75 
2016/11/18 17.00 17.45 16.95 17.00 
2016/11/21 17.00 17.00 16.70 16.80 
2016/11/22 16.85 16.85 16.35 16.40 
2016/11/23 16.50 16.75 16.40 16.40 
2016/11/24 16.50 16.70 16.35 16.45 
2016/11/25 16.50 16.50 16.25 16.40 
2016/11/28 16.45 16.70 16.40 16.65 
2016/11/29 16.85 17.10 16.70 16.90 
2016/11/30 17.00 17.10 16.55 16.55 
2016/12/01 16.55 16.65 16.40 16.45 
2016/12/02 16.45 16.50 16.35 16.40 
2016/12/05 16.40 16.60 16.30 16.40 
2016/12/06 16.45 16.55 16.35 16.45 
2016/12/07 16.45 16.60 16.40 16.50 
2016/12/08 16.60 16.60 16.40 16.40 
2016/12/09 16.40 16.50 16.40 16.40 
2016/12/12 16.45 16.50 16.00 16.00 
2016/12/13 16.00 16.25 15.95 16.20 
2016/12/14 16.20 16.20 16.05 16.05 
2016/12/15 16.05 16.35 16.00 16.30 
2016/12/16 16.30 16.40 16.15 16.30 
2016/12/19 16.40 16.50 16.25 16.25 
2016/12/20 16.40 16.40 16.15 16.15 
2016/12/21 16.20 16.30 16.00 16.00 
2016/12/22 16.05 16.10 16.00 16.00 
2016/12/23 16.00 16.15 16.00 16.10 
2016/12/26 16.25 16.40 16.20 16.20 
2016/12/27 16.25 16.30 16.10 16.10 
2016/12/28 16.20 16.25 16.10 16.15 
2016/12/29 16.20 16.20 16.05 16.10 
2016/12/30 16.20 16.35 16.15 16.30 
2017/01/03 16.35 16.75 16.35 16.65 
2017/01/04 16.75 16.85 16.55 16.55 
2017/01/05 16.40 16.65 16.40 16.55 
2017/01/06 16.55 16.75 16.50 16.55 
2017/01/09 16.65 16.70 16.50 16.65 
2017/01/10 16.65 16.90 16.60 16.90 
2017/01/11 17.00 18.05 16.95 17.65 
2017/01/12 17.80 17.95 17.40 17.50 
2017/01/13 17.50 17.70 17.30 17.50 
2017/01/16 17.50 17.60 17.15 17.15 
2017/01/17 17.20 17.35 17.15 17.20 
2017/01/18 17.25 17.95 17.20 17.95 
2017/01/19 18.00 18.15 17.70 17.70 
2017/01/20 17.75 18.00 17.60 17.65 
2017/01/23 17.85 17.90 17.60 17.70 
2017/01/24 17.70 17.70 17.35 17.40 
2017/02/02 17.35 17.55 17.20 17.55 
2017/02/03 17.60 17.85 17.30 17.40 
2017/02/06 17.40 17.70 17.35 17.35 
2017/02/07 17.35 17.40 17.20 17.35 
2017/02/08 17.30 17.35 17.00 17.05 
