2016/07/01 12.10 12.20 12.05 12.10 
2016/07/04 12.40 12.50 12.30 12.35 
2016/07/05 12.50 12.50 12.25 12.25 
2016/07/06 12.25 12.30 12.05 12.15 
2016/07/07 12.20 12.20 12.10 12.15 
2016/07/11 12.30 12.30 12.10 12.10 
2016/07/12 12.10 12.20 12.05 12.20 
2016/07/13 12.20 12.25 12.10 12.20 
2016/07/14 12.15 12.40 12.15 12.35 
2016/07/15 12.40 12.45 12.30 12.35 
2016/07/18 12.30 12.40 12.20 12.40 
2016/07/19 12.35 12.40 12.30 12.40 
2016/07/20 12.40 12.40 12.30 12.40 
2016/07/21 12.35 12.60 12.35 12.55 
2016/07/22 12.55 12.60 12.45 12.55 
2016/07/25 12.60 12.60 12.40 12.45 
2016/07/26 12.45 12.45 12.35 12.35 
2016/07/27 12.35 12.40 12.30 12.30 
2016/07/28 12.30 12.35 12.25 12.25 
2016/07/29 12.20 12.40 12.10 12.40 
2016/08/01 12.40 12.40 12.20 12.30 
2016/08/02 12.30 12.30 12.25 12.25 
2016/08/03 12.20 12.30 12.20 12.20 
2016/08/04 12.20 12.20 12.15 12.20 
2016/08/05 12.25 12.30 12.20 12.20 
2016/08/08 12.20 12.30 12.15 12.30 
2016/08/09 12.30 12.30 12.20 12.20 
2016/08/10 12.15 12.25 12.15 12.20 
2016/08/11 12.20 12.20 12.10 12.15 
2016/08/12 12.15 12.20 12.05 12.20 
2016/08/15 12.10 12.20 12.10 12.20 
2016/08/16 12.20 12.25 12.15 12.20 
2016/08/17 12.20 12.30 12.15 12.30 
2016/08/18 12.20 12.20 12.05 12.10 
2016/08/19 12.10 12.20 11.95 11.95 
2016/08/22 12.00 12.05 11.90 11.90 
2016/08/23 11.90 12.10 11.90 11.95 
2016/08/24 11.95 12.05 11.90 11.95 
2016/08/25 11.90 12.10 11.90 12.05 
2016/08/26 12.10 12.10 11.90 12.00 
2016/08/29 11.95 12.05 11.90 11.90 
2016/08/30 11.90 12.00 11.90 11.95 
2016/08/31 11.90 12.00 11.85 12.00 
2016/09/01 12.00 12.40 11.95 12.30 
2016/09/02 12.40 12.50 12.25 12.25 
2016/09/05 12.25 12.30 12.20 12.20 
2016/09/06 12.15 12.20 12.10 12.15 
2016/09/07 12.15 12.35 12.15 12.35 
2016/09/08 12.35 12.40 12.30 12.40 
2016/09/09 12.45 12.45 12.25 12.25 
2016/09/10 12.25 12.35 12.20 12.20 
2016/09/12 12.20 12.25 12.15 12.20 
2016/09/13 12.25 12.25 12.15 12.15 
2016/09/14 12.20 12.25 12.10 12.15 
2016/09/19 12.20 12.25 12.10 12.15 
2016/09/20 12.20 12.25 12.10 12.10 
2016/09/21 12.20 12.30 12.10 12.25 
2016/09/22 12.20 12.30 12.20 12.25 
2016/09/23 12.40 13.00 12.40 12.75 
2016/09/26 12.75 12.75 12.55 12.55 
2016/09/29 12.55 12.55 12.40 12.40 
2016/09/30 12.40 12.40 12.20 12.25 
2016/10/03 12.25 12.25 12.15 12.15 
2016/10/04 12.25 12.30 12.20 12.25 
2016/10/05 12.25 12.25 12.15 12.15 
2016/10/06 12.30 12.30 12.15 12.20 
2016/10/07 12.25 12.25 12.15 12.20 
2016/10/11 12.30 12.30 12.10 12.10 
2016/10/12 12.10 12.15 12.05 12.05 
2016/10/13 12.05 12.10 11.90 11.95 
2016/10/14 12.00 12.00 11.90 11.90 
2016/10/17 11.90 11.95 11.85 11.90 
2016/10/18 11.90 11.95 11.85 11.90 
2016/10/19 11.85 11.95 11.85 11.90 
2016/10/20 11.90 12.00 11.90 11.95 
2016/10/21 12.00 12.05 11.90 11.95 
2016/10/24 11.95 12.00 11.95 11.95 
2016/10/25 12.05 12.10 12.00 12.05 
2016/10/26 12.05 12.05 11.95 12.00 
2016/10/27 12.00 12.00 11.90 11.90 
2016/10/28 11.90 11.90 11.85 11.85 
2016/10/31 11.85 11.85 11.75 11.75 
2016/11/01 11.85 11.85 11.75 11.75 
2016/11/02 11.85 11.85 11.50 11.55 
2016/11/03 11.60 11.60 11.45 11.50 
2016/11/04 11.50 11.50 11.40 11.40 
2016/11/07 11.40 11.60 11.40 11.55 
2016/11/08 11.65 11.65 11.45 11.50 
2016/11/09 11.60 11.65 11.30 11.45 
2016/11/10 11.65 12.00 11.65 11.75 
2016/11/11 11.90 12.35 11.80 12.20 
2016/11/14 12.50 13.05 12.40 12.80 
2016/11/15 12.80 12.90 12.55 12.65 
2016/11/16 12.80 13.05 12.60 12.60 
2016/11/17 12.90 13.30 12.80 13.25 
2016/11/18 13.60 13.90 13.50 13.55 
2016/11/21 13.60 13.85 13.30 13.55 
2016/11/22 13.45 13.45 13.20 13.40 
2016/11/23 13.30 13.40 13.15 13.20 
2016/11/24 13.20 13.30 13.05 13.20 
2016/11/25 13.20 13.20 12.85 13.05 
2016/11/28 13.20 13.40 13.00 13.15 
2016/11/29 13.20 13.30 13.05 13.15 
2016/11/30 13.25 13.30 13.00 13.10 
2016/12/01 13.10 13.15 12.90 13.00 
2016/12/02 12.95 13.20 12.85 13.00 
2016/12/05 13.05 13.05 12.90 13.00 
2016/12/06 12.90 13.05 12.90 13.05 
2016/12/07 13.05 13.05 12.90 12.90 
2016/12/08 12.95 13.00 12.90 13.00 
2016/12/09 12.85 12.95 12.80 12.90 
2016/12/12 12.90 12.90 12.55 12.55 
2016/12/13 12.55 12.70 12.55 12.60 
2016/12/14 12.65 12.65 12.45 12.45 
2016/12/15 12.45 12.55 12.45 12.50 
2016/12/16 12.50 12.55 12.45 12.55 
2016/12/19 12.45 12.55 12.45 12.50 
2016/12/20 12.50 12.50 12.30 12.30 
2016/12/21 12.30 12.50 12.30 12.50 
2016/12/22 12.50 12.55 12.30 12.40 
2016/12/23 12.40 12.40 12.30 12.35 
2016/12/26 12.35 12.35 12.25 12.30 
2016/12/27 12.40 12.40 12.20 12.25 
2016/12/28 12.25 12.35 12.25 12.30 
2016/12/29 12.30 12.30 12.20 12.20 
2016/12/30 12.20 12.30 12.15 12.30 
2017/01/03 12.30 12.45 12.30 12.40 
2017/01/04 12.40 12.40 12.30 12.35 
2017/01/05 12.30 12.50 12.30 12.50 
2017/01/06 12.50 12.55 12.40 12.55 
2017/01/09 12.55 12.55 12.45 12.45 
2017/01/10 12.40 12.60 12.40 12.50 
2017/01/11 12.50 12.65 12.45 12.50 
2017/01/12 12.55 12.65 12.50 12.60 
2017/01/13 12.60 12.60 12.50 12.55 
2017/01/16 12.65 12.65 12.50 12.60 
2017/01/17 12.55 12.60 12.50 12.55 
2017/01/18 12.55 12.60 12.50 12.60 
2017/01/19 12.60 13.00 12.50 12.85 
2017/01/20 12.95 12.95 12.70 12.75 
2017/01/23 12.75 12.80 12.70 12.75 
2017/01/24 12.75 12.85 12.70 12.70 
2017/02/02 12.85 12.85 12.70 12.85 
2017/02/03 12.90 13.05 12.90 13.00 
2017/02/06 13.10 13.30 13.10 13.10 
2017/02/07 13.10 13.10 12.95 13.10 
2017/02/08 13.10 13.20 13.10 13.15 
