2016/07/01 14.70 14.85 14.65 14.70 
2016/07/04 14.70 14.80 14.50 14.50 
2016/07/05 14.60 14.65 14.50 14.55 
2016/07/06 14.60 14.60 14.15 14.15 
2016/07/07 14.20 14.35 14.10 14.15 
2016/07/11 14.40 14.60 14.30 14.35 
2016/07/12 14.50 14.55 14.35 14.40 
2016/07/13 14.50 14.55 14.30 14.40 
2016/07/14 14.50 15.10 14.45 15.05 
2016/07/15 15.50 16.05 15.50 15.70 
2016/07/18 15.75 15.80 15.50 15.65 
2016/07/19 15.65 15.70 15.40 15.70 
2016/07/20 15.60 15.85 15.50 15.55 
2016/07/21 15.65 15.75 15.55 15.55 
2016/07/22 15.55 15.60 15.45 15.55 
2016/07/25 15.60 15.65 15.15 15.30 
2016/07/26 15.30 15.50 15.20 15.45 
2016/07/27 15.50 15.50 15.35 15.40 
2016/07/28 15.40 15.50 15.30 15.40 
2016/07/29 15.45 15.45 15.20 15.20 
2016/08/01 15.30 15.55 15.20 15.55 
2016/08/02 15.55 15.65 15.45 15.45 
2016/08/03 15.35 15.55 15.25 15.50 
2016/08/04 15.60 15.70 15.45 15.70 
2016/08/05 15.75 15.95 15.70 15.85 
2016/08/08 15.90 15.95 15.70 15.85 
2016/08/09 15.80 15.90 15.75 15.85 
2016/08/10 15.85 15.90 15.75 15.90 
2016/08/11 15.90 15.95 15.60 15.75 
2016/08/12 15.80 15.80 15.65 15.75 
2016/08/15 15.70 15.85 15.70 15.80 
2016/08/16 15.80 15.80 15.50 15.55 
2016/08/17 15.55 15.75 15.55 15.75 
2016/08/18 15.75 15.85 15.70 15.80 
2016/08/19 15.85 15.85 15.55 15.60 
2016/08/22 15.55 15.60 15.40 15.40 
2016/08/23 15.40 15.45 15.30 15.35 
2016/08/24 14.60 14.75 14.50 14.60 
2016/08/25 14.65 14.70 14.50 14.60 
2016/08/26 14.65 14.80 14.55 14.70 
2016/08/29 14.75 14.75 14.50 14.70 
2016/08/30 14.75 14.80 14.65 14.75 
2016/08/31 14.70 14.75 14.60 14.70 
2016/09/01 14.65 14.95 14.65 14.85 
2016/09/02 14.95 15.15 14.90 14.90 
2016/09/05 15.00 15.05 14.90 14.90 
2016/09/06 14.90 15.25 14.90 15.15 
2016/09/07 15.20 15.25 15.05 15.15 
2016/09/08 15.15 15.20 15.05 15.15 
2016/09/09 15.05 15.10 14.85 14.90 
2016/09/10 14.65 14.75 14.60 14.60 
2016/09/12 14.60 14.65 14.50 14.50 
2016/09/13 14.55 14.60 14.35 14.40 
2016/09/14 14.30 14.55 14.30 14.30 
2016/09/19 14.40 14.70 14.30 14.30 
2016/09/20 14.35 14.50 14.30 14.45 
2016/09/21 14.50 14.70 14.40 14.50 
2016/09/22 14.60 14.60 14.40 14.55 
2016/09/23 14.55 14.65 14.50 14.65 
2016/09/26 14.65 14.65 14.50 14.50 
2016/09/29 14.50 14.55 14.40 14.40 
2016/09/30 14.40 14.40 14.30 14.30 
2016/10/03 14.40 14.45 14.30 14.35 
2016/10/04 14.40 14.60 14.35 14.60 
2016/10/05 14.50 14.60 14.45 14.55 
2016/10/06 14.55 14.55 14.40 14.55 
2016/10/07 14.55 14.75 14.45 14.75 
2016/10/11 14.80 14.85 14.45 14.60 
2016/10/12 14.60 14.75 14.45 14.65 
2016/10/13 14.70 14.70 14.55 14.60 
2016/10/14 14.60 14.60 14.45 14.45 
2016/10/17 14.50 14.60 14.40 14.55 
2016/10/18 14.55 14.55 14.45 14.55 
2016/10/19 14.55 14.60 14.45 14.55 
2016/10/20 14.55 14.60 14.50 14.55 
2016/10/21 14.60 14.60 14.50 14.60 
2016/10/24 14.60 14.70 14.50 14.70 
2016/10/25 14.70 14.70 14.55 14.65 
2016/10/26 14.60 14.70 14.55 14.60 
2016/10/27 14.75 15.25 14.75 15.10 
2016/10/28 15.05 15.10 14.80 15.10 
2016/10/31 15.10 15.25 14.95 15.20 
2016/11/01 15.20 15.20 15.10 15.15 
2016/11/02 15.10 15.15 14.80 14.80 
2016/11/03 14.85 15.00 14.80 14.90 
2016/11/04 14.95 14.95 14.80 14.85 
2016/11/07 14.95 15.00 14.90 14.90 
2016/11/08 14.95 15.35 14.85 15.20 
2016/11/09 15.25 15.35 14.60 14.70 
2016/11/10 14.95 15.00 14.85 14.95 
2016/11/11 14.90 14.95 14.65 14.65 
2016/11/14 14.70 14.95 14.60 14.70 
2016/11/15 14.80 14.95 14.70 14.70 
2016/11/16 14.85 14.85 14.70 14.70 
2016/11/17 14.80 15.20 14.75 15.10 
2016/11/18 15.20 15.25 15.00 15.15 
2016/11/21 15.15 15.30 15.05 15.25 
2016/11/22 15.60 15.85 15.45 15.45 
2016/11/23 15.65 15.70 15.55 15.60 
2016/11/24 15.60 16.10 15.60 15.85 
2016/11/25 15.80 15.80 15.55 15.60 
2016/11/28 15.60 15.75 15.50 15.50 
2016/11/29 15.60 15.70 15.50 15.60 
2016/11/30 15.70 15.75 15.55 15.65 
2016/12/01 15.45 15.55 15.20 15.25 
2016/12/02 15.20 15.25 15.05 15.10 
2016/12/05 15.15 15.15 14.90 14.95 
2016/12/06 15.05 15.15 15.00 15.05 
2016/12/07 15.10 15.25 15.00 15.10 
2016/12/08 15.25 15.55 15.20 15.40 
2016/12/09 15.35 15.40 15.20 15.25 
2016/12/12 15.20 15.20 14.90 14.95 
2016/12/13 15.00 15.05 14.90 14.90 
2016/12/14 15.05 15.15 14.90 14.90 
2016/12/15 14.90 15.05 14.75 14.90 
2016/12/16 14.85 14.85 14.75 14.75 
2016/12/19 14.75 14.90 14.70 14.70 
2016/12/20 14.80 14.85 14.60 14.60 
2016/12/21 14.70 14.75 14.55 14.60 
2016/12/22 14.60 14.65 14.55 14.60 
2016/12/23 14.60 14.65 14.55 14.55 
2016/12/26 14.55 14.65 14.45 14.45 
2016/12/27 14.50 14.60 14.45 14.50 
2016/12/28 14.55 14.60 14.50 14.55 
2016/12/29 14.55 14.60 14.45 14.50 
2016/12/30 14.55 14.60 14.50 14.60 
2017/01/03 14.60 14.65 14.55 14.60 
2017/01/04 14.50 14.60 14.50 14.60 
2017/01/05 14.65 14.95 14.60 14.90 
2017/01/06 15.00 15.00 14.70 14.80 
2017/01/09 14.80 14.95 14.75 14.80 
2017/01/10 14.85 14.90 14.75 14.85 
2017/01/11 14.90 15.20 14.80 15.10 
2017/01/12 15.15 15.15 15.00 15.05 
2017/01/13 15.10 15.10 15.00 15.05 
2017/01/16 15.05 15.10 14.95 15.00 
2017/01/17 15.00 15.25 15.00 15.15 
2017/01/18 15.15 15.15 15.00 15.05 
2017/01/19 15.05 15.05 14.90 14.95 
2017/01/20 15.00 15.05 14.90 15.00 
2017/01/23 15.10 15.15 15.00 15.00 
2017/01/24 15.10 15.15 15.00 15.10 
2017/02/02 15.10 15.15 14.90 14.90 
2017/02/03 14.95 15.05 14.75 14.80 
2017/02/06 14.85 15.05 14.85 14.90 
2017/02/07 14.90 15.05 14.85 15.00 
2017/02/08 15.00 15.20 14.85 14.85 
