2016/07/01 15.15 15.25 15.15 15.22 
2016/07/04 15.22 15.68 15.20 15.45 
2016/07/05 15.45 15.55 15.43 15.49 
2016/07/06 15.49 15.50 15.35 15.39 
2016/07/07 15.39 15.41 15.31 15.35 
2016/07/11 15.35 15.56 15.35 15.49 
2016/07/12 15.49 15.53 15.39 15.45 
2016/07/13 15.45 15.45 15.35 15.40 
2016/07/14 15.40 15.42 15.30 15.35 
2016/07/15 15.35 15.37 15.18 15.25 
2016/07/18 15.25 15.30 15.12 15.17 
2016/07/19 15.17 15.22 15.07 15.12 
2016/07/20 15.12 15.27 15.10 15.18 
2016/07/21 15.18 15.24 15.11 15.17 
2016/07/22 15.17 16.47 15.18 15.95 
2016/07/25 15.95 16.20 15.63 15.89 
2016/07/27 15.61 15.65 15.42 15.50 
2016/07/28 15.50 15.55 15.37 15.43 
2016/07/29 15.43 15.94 15.40 15.74 
2016/08/01 15.74 15.90 15.70 15.78 
2016/08/02 15.78 15.88 15.72 15.81 
2016/08/03 15.81 15.85 15.73 15.77 
2016/08/04 15.77 15.86 15.75 15.81 
2016/08/05 15.81 15.87 15.75 15.80 
2016/08/08 15.80 16.05 15.80 15.97 
2016/08/09 15.97 16.05 15.95 16.01 
2016/08/10 16.01 16.05 15.96 16.01 
2016/08/11 16.01 16.09 15.97 16.02 
2016/08/12 16.02 16.10 15.98 16.04 
2016/08/15 16.04 16.10 15.40 15.87 
2016/08/16 15.87 16.00 15.85 15.92 
2016/08/17 15.92 15.96 15.85 15.91 
2016/08/18 15.91 15.95 15.76 15.84 
2016/08/19 15.84 15.89 15.69 15.76 
2016/08/22 15.76 15.80 15.58 15.65 
2016/08/23 15.65 15.75 15.60 15.70 
2016/08/24 15.70 15.74 15.65 15.69 
2016/08/25 15.69 15.71 15.56 15.62 
2016/08/26 15.62 15.65 15.56 15.61 
2016/08/30 15.60 15.68 15.57 15.63 
2016/08/31 15.63 15.62 15.68 15.65 
2016/09/01 15.65 15.70 15.60 15.66 
2016/09/02 15.66 15.72 15.61 15.66 
2016/09/05 15.66 15.76 15.60 15.70 
2016/09/06 15.70 15.79 15.70 15.74 
2016/09/07 15.74 15.84 15.71 15.79 
2016/09/08 15.79 16.09 15.77 15.97 
2016/09/09 15.97 16.06 15.96 16.01 
2016/09/10 16.01 16.05 15.95 15.99 
2016/09/12 15.99 16.05 15.96 16.00 
2016/09/13 16.00 16.82 16.00 16.65 
2016/09/14 16.65 17.56 16.70 17.48 
2016/09/19 17.48 18.06 17.46 17.80 
2016/09/20 17.80 18.01 17.80 17.88 
2016/09/21 17.88 18.50 17.70 17.88 
2016/09/22 17.88 18.10 17.83 17.89 
2016/09/23 17.89 18.11 17.89 18.04 
2016/09/26 18.04 19.62 18.00 19.10 
2016/09/29 19.10 20.93 19.48 20.53 
2016/09/30 20.53 21.90 19.88 20.73 
2016/10/03 20.73 21.00 19.80 20.30 
2016/10/04 20.30 20.90 20.00 20.54 
2016/10/05 20.54 20.60 19.68 19.97 
2016/10/06 19.97 19.97 18.84 19.14 
2016/10/07 19.14 19.55 18.25 18.69 
2016/10/11 18.69 19.59 18.94 19.21 
2016/10/12 19.21 19.20 18.58 18.86 
2016/10/13 18.86 19.66 18.80 19.19 
2016/10/14 19.19 19.54 19.14 19.28 
2016/10/17 19.28 19.45 19.14 19.26 
2016/10/18 19.26 19.37 19.20 19.31 
2016/10/19 19.31 19.36 19.24 19.30 
2016/10/20 19.30 19.40 19.26 19.31 
2016/10/21 19.31 19.36 19.26 19.31 
2016/10/24 19.31 20.50 19.30 19.92 
2016/10/25 19.92 21.00 20.40 20.61 
2016/10/26 20.61 21.00 20.00 20.33 
2016/10/27 20.60 24.80 20.50 24.05 
2016/10/28 24.50 24.50 22.05 22.15 
2016/10/31 21.80 21.80 20.65 20.85 
2016/11/01 20.80 21.20 20.10 20.40 
2016/11/02 20.00 20.05 19.00 19.05 
2016/11/03 19.15 20.00 19.15 19.60 
2016/11/04 19.60 19.60 19.20 19.35 
2016/11/07 19.35 19.40 19.10 19.20 
2016/11/08 19.10 19.45 19.10 19.10 
2016/11/09 19.10 19.20 18.20 18.45 
2016/11/10 18.70 18.95 18.50 18.60 
2016/11/11 18.40 18.50 18.15 18.20 
2016/11/14 18.20 18.60 18.20 18.50 
2016/11/15 18.50 18.65 18.35 18.50 
2016/11/16 18.65 19.20 18.60 18.95 
2016/11/17 19.05 19.05 18.75 18.75 
2016/11/18 18.80 18.95 18.65 18.80 
2016/11/21 18.85 18.90 18.70 18.75 
2016/11/22 18.80 18.80 18.70 18.75 
2016/11/23 18.75 18.80 18.60 18.65 
2016/11/24 19.00 19.20 18.90 19.00 
2016/11/25 19.00 19.00 18.80 18.80 
2016/11/28 18.80 18.85 18.65 18.75 
2016/11/29 18.75 19.15 18.70 19.00 
2016/11/30 19.05 19.20 19.00 19.05 
2016/12/01 19.15 19.20 19.00 19.05 
2016/12/02 19.05 19.05 18.85 18.90 
2016/12/05 18.90 19.05 18.90 19.00 
2016/12/06 19.00 19.00 18.80 18.90 
2016/12/07 18.85 18.95 18.80 18.85 
2016/12/08 18.90 19.00 18.85 18.90 
2016/12/09 19.10 19.15 18.90 18.95 
2016/12/12 18.95 19.00 18.75 18.75 
2016/12/13 18.85 18.90 18.70 18.70 
2016/12/14 18.70 18.80 18.65 18.70 
2016/12/15 18.65 18.70 18.60 18.65 
2016/12/16 18.65 18.65 18.30 18.50 
2016/12/19 18.45 18.50 18.20 18.25 
2016/12/20 18.25 18.40 18.20 18.25 
2016/12/21 18.30 18.50 18.30 18.45 
2016/12/22 18.40 18.45 18.20 18.20 
2016/12/23 18.20 18.30 18.15 18.25 
2016/12/26 18.35 18.40 18.25 18.35 
2016/12/27 18.35 18.40 18.30 18.35 
2016/12/28 18.35 18.40 18.30 18.35 
2016/12/29 18.30 18.40 18.30 18.35 
2016/12/30 18.30 18.45 18.30 18.40 
2017/01/03 18.40 19.00 18.40 18.85 
2017/01/04 18.85 18.85 18.65 18.80 
2017/01/05 18.85 19.70 18.85 19.20 
2017/01/06 19.20 19.40 19.20 19.40 
2017/01/09 19.50 19.50 19.15 19.25 
2017/01/10 19.25 19.40 19.25 19.30 
2017/01/11 19.35 19.40 19.20 19.25 
2017/01/12 19.25 19.30 19.15 19.30 
2017/01/13 19.30 19.40 19.30 19.35 
2017/01/16 19.40 19.45 19.25 19.35 
2017/01/17 19.35 19.40 19.25 19.30 
2017/01/18 19.30 19.35 19.05 19.15 
2017/01/19 19.20 19.20 19.00 19.00 
2017/01/20 19.00 19.05 18.95 19.00 
2017/01/23 19.00 19.15 19.00 19.10 
2017/01/24 19.10 19.15 19.05 19.10 
2017/02/02 19.15 19.25 19.00 19.00 
2017/02/03 19.00 19.20 19.00 19.10 
2017/02/06 19.20 19.20 19.05 19.20 
2017/02/07 19.20 19.35 19.10 19.30 
2017/02/08 19.35 19.75 19.30 19.65 
