2016/07/01 44.10 44.45 43.80 44.30 
2016/07/04 44.30 44.45 44.10 44.40 
2016/07/05 44.40 44.40 43.85 44.00 
2016/07/06 43.90 43.90 42.20 43.00 
2016/07/07 42.30 42.90 42.30 42.80 
2016/07/11 43.20 43.35 43.00 43.20 
2016/07/12 43.35 43.35 42.90 43.00 
2016/07/13 43.00 43.20 43.00 43.00 
2016/07/14 43.10 43.75 42.90 43.50 
2016/07/15 43.70 44.40 43.50 44.20 
2016/07/18 44.30 44.50 43.90 43.90 
2016/07/19 44.00 44.20 43.90 44.05 
2016/07/20 44.05 44.20 43.75 43.85 
2016/07/21 43.95 44.00 43.60 43.60 
2016/07/22 43.75 44.25 43.70 43.70 
2016/07/25 43.60 44.05 43.20 43.30 
2016/07/26 43.00 43.35 42.90 43.25 
2016/07/27 43.30 43.55 43.30 43.30 
2016/07/28 43.40 43.50 43.00 43.00 
2016/07/29 43.00 43.90 42.90 43.70 
2016/08/01 43.90 44.00 43.50 43.70 
2016/08/02 43.70 43.90 43.50 43.75 
2016/08/03 43.65 43.85 43.20 43.70 
2016/08/04 43.60 43.80 43.30 43.30 
2016/08/05 43.30 43.50 43.25 43.30 
2016/08/08 43.50 43.80 43.30 43.40 
2016/08/09 43.50 43.95 43.40 43.90 
2016/08/10 44.00 44.00 43.65 43.80 
2016/08/11 43.80 43.80 43.30 43.30 
2016/08/12 43.70 43.70 43.20 43.30 
2016/08/15 43.50 43.70 43.35 43.50 
2016/08/16 43.80 44.50 43.60 44.30 
2016/08/17 44.30 44.65 43.70 43.80 
2016/08/18 43.80 43.90 43.00 43.30 
2016/08/19 43.30 43.35 43.00 43.00 
2016/08/22 43.00 43.80 42.85 42.85 
2016/08/23 43.00 43.20 42.85 43.00 
2016/08/24 43.10 43.30 43.00 43.00 
2016/08/25 43.35 43.45 42.80 43.10 
2016/08/26 43.05 44.10 43.05 44.00 
2016/08/29 44.40 44.40 44.00 44.10 
2016/08/30 44.35 46.00 44.25 45.05 
2016/08/31 44.90 44.95 44.45 44.70 
2016/09/01 44.70 44.95 44.50 44.90 
2016/09/02 45.00 45.40 44.50 44.65 
2016/09/05 44.65 45.50 44.65 44.85 
2016/09/06 45.25 45.25 44.65 44.90 
2016/09/07 44.90 45.00 44.75 44.85 
2016/09/08 44.90 44.90 44.00 44.40 
2016/09/09 44.40 44.40 43.70 43.85 
2016/09/10 43.25 43.65 43.15 43.55 
2016/09/12 43.55 43.65 43.20 43.55 
2016/09/13 43.70 43.75 43.20 43.30 
2016/09/14 43.30 43.45 43.05 43.25 
2016/09/19 43.30 43.70 43.30 43.70 
2016/09/20 43.80 43.80 43.20 43.55 
2016/09/21 43.50 43.75 43.30 43.70 
2016/09/22 43.85 43.85 43.40 43.40 
2016/09/23 43.55 43.60 43.35 43.40 
2016/09/26 43.40 43.40 43.20 43.20 
2016/09/29 43.10 43.45 43.00 43.25 
2016/09/30 43.25 43.45 43.05 43.05 
2016/10/03 43.10 43.45 42.95 42.95 
2016/10/04 42.80 42.80 42.20 42.45 
2016/10/05 42.40 42.40 41.95 42.30 
2016/10/06 42.10 42.40 41.95 42.15 
2016/10/07 42.05 42.05 40.85 41.20 
2016/10/11 41.10 41.20 39.70 39.95 
2016/10/12 39.90 40.90 39.25 40.75 
2016/10/13 40.90 41.30 40.45 41.00 
2016/10/14 40.90 40.90 39.90 40.35 
2016/10/17 40.40 40.60 39.90 40.00 
2016/10/18 39.80 40.05 39.60 39.85 
2016/10/19 40.00 40.15 39.75 40.00 
2016/10/20 39.85 40.00 39.80 40.00 
2016/10/21 40.00 40.05 39.80 39.90 
2016/10/24 39.90 40.15 39.90 40.05 
2016/10/25 40.10 40.50 40.10 40.35 
2016/10/26 40.15 40.15 40.00 40.00 
2016/10/27 40.10 40.10 39.95 40.00 
2016/10/28 40.40 40.45 40.00 40.00 
2016/10/31 40.00 40.15 39.90 40.00 
2016/11/01 40.00 40.05 39.95 40.00 
2016/11/02 39.80 39.95 39.60 39.80 
2016/11/03 39.80 39.90 38.05 38.85 
2016/11/04 38.80 39.20 38.70 39.10 
2016/11/07 39.10 39.75 39.05 39.55 
2016/11/08 39.55 39.70 39.20 39.40 
2016/11/09 39.30 39.40 38.45 38.80 
2016/11/10 39.10 39.40 38.85 39.10 
2016/11/11 39.10 39.35 38.95 39.10 
2016/11/14 39.20 39.50 39.10 39.30 
2016/11/15 39.35 39.40 39.05 39.20 
2016/11/16 39.15 39.40 39.15 39.25 
2016/11/17 39.40 40.45 39.40 40.20 
2016/11/18 40.60 40.95 40.45 40.90 
2016/11/21 41.00 41.15 40.70 41.05 
2016/11/22 41.10 41.10 40.25 40.60 
2016/11/23 40.75 41.15 40.60 40.75 
2016/11/24 40.95 40.95 40.60 40.80 
2016/11/25 41.30 41.60 40.85 40.85 
2016/11/28 40.50 41.05 40.50 40.75 
2016/11/29 40.90 40.90 40.50 40.70 
2016/11/30 40.70 40.85 40.50 40.50 
2016/12/01 40.55 40.70 40.25 40.35 
2016/12/02 40.35 40.60 40.20 40.25 
2016/12/05 40.40 40.70 40.10 40.65 
2016/12/06 40.70 40.70 40.30 40.35 
2016/12/07 40.40 40.50 40.10 40.10 
2016/12/08 40.20 40.50 40.10 40.25 
2016/12/09 40.30 40.50 40.20 40.45 
2016/12/12 40.65 40.70 40.35 40.40 
2016/12/13 40.40 40.40 39.55 39.60 
2016/12/14 39.60 39.90 39.20 39.85 
2016/12/15 39.90 39.90 39.50 39.60 
2016/12/16 39.60 39.60 39.10 39.10 
2016/12/19 39.10 39.30 38.90 38.90 
2016/12/20 38.95 39.00 38.80 39.00 
2016/12/21 39.00 39.25 38.90 39.00 
2016/12/22 38.90 38.90 38.65 38.80 
2016/12/23 38.65 38.70 38.40 38.50 
2016/12/26 38.35 38.70 38.00 38.15 
2016/12/27 38.20 38.30 38.10 38.30 
2016/12/28 38.50 38.50 38.20 38.30 
2016/12/29 38.30 38.30 38.10 38.20 
2016/12/30 38.15 38.30 38.10 38.20 
2017/01/03 38.20 38.70 38.20 38.60 
2017/01/04 38.70 39.20 38.70 38.95 
2017/01/05 39.00 39.15 38.95 38.95 
2017/01/06 38.95 39.10 38.95 39.00 
2017/01/09 39.00 39.15 38.45 38.50 
2017/01/10 38.50 38.80 38.35 38.75 
2017/01/11 38.80 38.90 38.70 38.75 
2017/01/12 38.75 38.95 38.45 38.50 
2017/01/13 38.50 38.75 38.50 38.60 
2017/01/16 38.60 39.00 38.60 38.85 
2017/01/17 39.00 39.10 38.85 38.85 
2017/01/18 38.85 39.05 38.85 39.00 
2017/01/19 39.05 39.40 39.00 39.15 
2017/01/20 39.40 39.55 39.05 39.15 
2017/01/23 39.25 39.25 39.05 39.10 
2017/01/24 39.25 39.30 39.05 39.05 
2017/02/02 39.05 39.05 38.75 38.75 
2017/02/03 38.90 39.25 38.80 38.80 
2017/02/06 39.05 39.60 39.00 39.60 
2017/02/07 40.15 40.30 40.00 40.00 
2017/02/08 40.65 41.15 40.40 40.50 
