2016/07/01 22.60 22.60 22.45 22.50 
2016/07/04 22.50 22.60 22.50 22.55 
2016/07/05 22.50 23.00 22.50 22.70 
2016/07/06 22.70 22.85 22.45 22.50 
2016/07/07 22.50 22.75 22.50 22.70 
2016/07/11 22.75 23.15 22.75 22.90 
2016/07/12 23.00 23.25 22.95 22.95 
2016/07/13 22.95 23.20 22.90 23.00 
2016/07/14 23.00 23.25 23.00 23.25 
2016/07/15 23.30 23.80 23.25 23.70 
2016/07/18 23.80 23.90 23.50 23.70 
2016/07/19 23.70 23.85 23.55 23.60 
2016/07/20 23.60 23.70 23.45 23.45 
2016/07/21 23.45 23.65 23.30 23.45 
2016/07/22 23.50 23.55 23.30 23.30 
2016/07/25 23.45 23.70 23.25 23.65 
2016/07/26 23.80 23.80 23.30 23.35 
2016/07/27 23.35 23.55 23.30 23.35 
2016/07/28 23.40 23.60 23.35 23.35 
2016/07/29 23.40 23.70 23.35 23.65 
2016/08/01 23.70 24.00 23.55 23.65 
2016/08/02 21.55 22.10 21.55 22.00 
2016/08/03 22.00 22.00 21.55 21.65 
2016/08/04 21.65 21.65 21.40 21.45 
2016/08/05 21.65 21.65 21.45 21.50 
2016/08/08 21.65 21.65 21.45 21.45 
2016/08/09 21.45 21.45 21.10 21.10 
2016/08/10 21.05 21.25 20.65 20.75 
2016/08/11 20.75 21.25 20.75 20.90 
2016/08/12 21.05 21.15 20.90 21.00 
2016/08/15 21.00 21.20 20.65 20.65 
2016/08/16 20.70 20.80 20.60 20.70 
2016/08/17 20.80 21.50 20.80 21.40 
2016/08/18 21.40 21.80 21.40 21.70 
2016/08/19 21.70 21.90 21.00 21.15 
2016/08/22 21.35 21.55 21.15 21.30 
2016/08/23 21.30 21.45 21.15 21.25 
2016/08/24 21.20 21.30 21.10 21.20 
2016/08/25 21.20 21.30 21.05 21.10 
2016/08/26 21.10 21.30 21.10 21.10 
2016/08/29 21.20 21.20 21.00 21.00 
2016/08/30 21.00 21.35 21.00 21.10 
2016/08/31 21.10 21.30 21.05 21.10 
2016/09/01 21.10 21.25 21.05 21.15 
2016/09/02 21.35 22.15 21.35 21.65 
2016/09/05 21.70 21.80 21.45 21.50 
2016/09/06 21.50 22.05 21.50 21.70 
2016/09/07 22.00 22.00 21.65 21.70 
2016/09/08 21.70 22.05 21.60 22.00 
2016/09/09 22.30 22.40 22.10 22.10 
2016/09/10 22.00 22.00 21.80 21.90 
2016/09/12 21.90 22.60 21.90 22.15 
2016/09/13 22.50 22.50 21.70 21.70 
2016/09/14 21.65 21.90 21.65 21.75 
2016/09/19 22.00 22.00 21.65 21.65 
2016/09/20 21.70 21.80 21.60 21.60 
2016/09/21 21.60 21.80 21.60 21.70 
2016/09/22 21.65 21.70 21.50 21.60 
2016/09/23 21.70 21.85 21.60 21.65 
2016/09/26 21.60 21.80 21.40 21.60 
2016/09/29 21.80 21.80 21.65 21.65 
2016/09/30 21.65 21.85 21.65 21.75 
2016/10/03 21.90 22.30 21.70 22.10 
2016/10/04 22.20 22.20 21.90 21.95 
2016/10/05 21.95 21.95 21.75 21.80 
2016/10/06 21.80 21.95 21.70 21.80 
2016/10/07 21.80 21.90 21.60 21.75 
2016/10/11 21.80 21.85 21.55 21.60 
2016/10/12 21.60 21.75 21.60 21.65 
2016/10/13 21.75 21.75 21.60 21.65 
2016/10/14 21.65 21.65 20.75 21.00 
2016/10/17 21.10 21.45 20.70 20.70 
2016/10/18 20.70 20.70 20.30 20.30 
2016/10/19 20.20 20.35 20.20 20.30 
2016/10/20 20.30 20.65 20.30 20.60 
2016/10/21 20.30 20.60 20.30 20.45 
2016/10/24 20.65 21.35 20.60 21.20 
2016/10/25 21.20 21.45 21.00 21.20 
2016/10/26 21.40 21.40 21.15 21.20 
2016/10/27 21.10 21.35 21.05 21.05 
2016/10/28 21.05 21.25 20.90 20.95 
2016/10/31 20.95 20.95 20.70 20.95 
2016/11/01 20.85 21.20 20.85 21.00 
2016/11/02 21.00 21.00 20.50 20.50 
2016/11/03 20.70 20.70 20.40 20.45 
2016/11/04 20.50 20.70 20.10 20.20 
2016/11/07 20.40 20.40 20.10 20.10 
2016/11/08 19.60 20.10 19.60 19.90 
2016/11/09 20.00 20.00 19.00 19.00 
2016/11/10 19.60 19.85 19.20 19.70 
2016/11/11 19.75 20.10 19.60 20.10 
2016/11/14 19.70 20.00 19.60 19.95 
2016/11/15 19.70 19.90 19.70 19.80 
2016/11/16 19.80 20.00 19.80 19.85 
2016/11/17 19.95 20.25 19.95 20.00 
2016/11/18 20.25 22.00 20.25 21.30 
2016/11/21 21.30 21.40 20.80 21.00 
2016/11/22 21.10 21.30 20.65 20.65 
2016/11/23 20.65 20.90 20.50 20.55 
2016/11/24 20.60 21.00 20.60 20.65 
2016/11/25 20.90 20.90 20.55 20.55 
2016/11/28 20.55 20.65 20.30 20.30 
2016/11/29 20.30 20.50 20.25 20.35 
2016/11/30 20.50 20.80 20.35 20.35 
2016/12/01 20.50 20.60 20.45 20.50 
2016/12/02 20.50 20.55 20.25 20.25 
2016/12/05 20.25 20.45 20.25 20.25 
2016/12/06 20.30 20.40 20.05 20.30 
2016/12/07 20.40 20.40 20.05 20.15 
2016/12/08 20.20 20.40 20.15 20.15 
2016/12/09 20.35 20.35 20.10 20.20 
2016/12/12 20.50 20.65 20.35 20.50 
2016/12/13 20.50 20.65 20.35 20.40 
2016/12/14 20.80 21.00 20.75 21.00 
2016/12/15 21.10 21.40 20.90 21.40 
2016/12/16 21.70 22.40 21.70 22.20 
2016/12/19 22.50 22.50 21.65 21.65 
2016/12/20 21.70 22.05 21.65 21.75 
2016/12/21 21.75 22.05 21.70 21.90 
2016/12/22 22.45 22.80 21.90 22.20 
2016/12/23 22.30 22.40 21.95 22.00 
2016/12/26 22.00 22.30 21.70 21.75 
2016/12/27 21.70 21.70 21.35 21.50 
2016/12/28 21.45 21.90 21.35 21.50 
2016/12/29 21.40 21.70 21.40 21.65 
2016/12/30 21.60 21.90 21.45 21.90 
2017/01/03 22.00 22.10 21.60 21.80 
2017/01/04 21.40 21.65 21.30 21.35 
2017/01/05 21.35 22.00 21.30 21.70 
2017/01/06 21.70 21.90 21.70 21.70 
2017/01/09 21.70 21.90 21.70 21.80 
2017/01/10 21.80 21.80 21.45 21.50 
2017/01/11 21.50 21.80 21.40 21.55 
2017/01/12 21.60 21.80 21.50 21.50 
2017/01/13 21.40 21.40 21.10 21.25 
2017/01/16 21.25 21.25 20.80 20.80 
2017/01/17 20.80 20.90 20.50 20.75 
2017/01/18 20.60 20.65 20.45 20.60 
2017/01/19 20.60 20.65 20.40 20.50 
2017/01/20 20.50 20.65 20.45 20.45 
2017/01/23 20.60 20.80 20.40 20.75 
2017/01/24 20.75 20.75 20.55 20.55 
2017/02/02 20.60 21.25 20.35 20.95 
2017/02/03 20.95 21.50 20.95 21.45 
2017/02/06 21.50 21.60 21.25 21.30 
2017/02/07 21.30 21.35 21.00 21.05 
2017/02/08 21.20 21.25 20.90 20.90 
