2016/07/01 56.00 56.20 56.00 56.00 
2016/07/04 56.00 56.40 55.90 55.90 
2016/07/05 55.90 56.70 55.50 56.60 
2016/07/06 56.60 57.50 56.50 56.90 
2016/07/07 56.90 56.90 56.20 56.70 
2016/07/11 56.30 56.50 56.00 56.10 
2016/07/12 56.60 56.60 56.20 56.40 
2016/07/13 56.50 56.70 56.40 56.70 
2016/07/14 56.20 56.70 56.20 56.70 
2016/07/15 56.50 57.30 56.40 57.00 
2016/07/18 57.00 57.80 57.00 57.80 
2016/07/19 58.30 58.30 57.40 57.70 
2016/07/20 57.50 57.50 57.20 57.20 
2016/07/21 57.20 57.30 56.40 56.50 
2016/07/22 56.50 56.90 56.50 56.80 
2016/07/25 57.20 57.20 56.50 56.60 
2016/07/26 56.50 57.00 56.20 56.40 
2016/07/27 56.70 56.80 56.40 56.40 
2016/07/28 56.60 56.60 56.40 56.40 
2016/07/29 56.40 56.60 56.00 56.60 
2016/08/01 56.60 56.70 56.10 56.40 
2016/08/02 56.20 56.50 56.20 56.40 
2016/08/03 57.50 62.00 57.50 62.00 
2016/08/04 62.00 62.00 59.60 60.00 
2016/08/05 60.00 61.10 60.00 60.40 
2016/08/08 60.80 60.80 59.40 59.70 
2016/08/09 59.50 60.10 59.10 59.60 
2016/08/10 59.60 59.90 59.30 59.60 
2016/08/11 57.00 57.00 56.40 56.50 
2016/08/12 58.00 58.00 56.50 56.50 
2016/08/15 56.50 56.50 52.60 54.00 
2016/08/16 53.80 53.90 53.00 53.00 
2016/08/17 53.00 53.50 53.00 53.20 
2016/08/18 53.70 53.70 53.10 53.50 
2016/08/19 53.10 54.30 53.10 53.30 
2016/08/22 53.30 53.30 52.80 52.80 
2016/08/23 53.10 53.20 53.00 53.10 
2016/08/24 53.10 53.40 53.00 53.00 
2016/08/25 53.00 53.30 53.00 53.10 
2016/08/26 53.10 53.10 52.80 52.90 
2016/08/29 55.00 57.00 54.10 54.10 
2016/08/30 54.10 54.70 54.00 54.20 
2016/08/31 54.50 54.60 53.80 53.80 
2016/09/01 53.80 54.00 53.00 53.00 
2016/09/02 53.00 53.00 52.50 52.90 
2016/09/05 52.30 53.50 52.30 52.90 
2016/09/06 52.40 53.30 52.40 52.40 
2016/09/07 52.50 52.80 52.20 52.20 
2016/09/08 52.30 53.50 52.30 52.70 
2016/09/09 52.70 52.80 52.30 52.70 
2016/09/10 52.40 52.70 52.30 52.70 
2016/09/12 50.50 50.80 50.20 50.50 
2016/09/13 50.30 50.50 50.00 50.00 
2016/09/14 49.80 49.80 47.80 48.75 
2016/09/19 49.00 49.20 48.75 49.00 
2016/09/20 49.00 49.40 48.80 49.00 
2016/09/21 48.80 48.80 48.20 48.30 
2016/09/22 49.00 49.00 48.20 48.30 
2016/09/23 48.30 48.85 48.30 48.35 
2016/09/26 48.00 48.50 48.00 48.30 
2016/09/29 48.30 48.30 47.80 47.80 
2016/09/30 47.80 48.00 47.15 47.60 
2016/10/03 47.50 47.70 47.40 47.40 
2016/10/04 47.35 47.50 47.10 47.20 
2016/10/05 47.20 47.40 47.15 47.15 
2016/10/06 47.20 47.85 47.15 47.85 
2016/10/07 47.85 47.85 47.20 47.70 
2016/10/11 47.40 47.40 45.50 46.05 
2016/10/12 45.55 45.60 43.75 45.10 
2016/10/13 44.10 44.75 44.00 44.00 
2016/10/14 44.00 44.80 44.00 44.00 
2016/10/17 44.00 44.70 44.00 44.50 
2016/10/18 44.50 44.50 44.00 44.00 
2016/10/19 44.00 45.00 44.00 44.70 
2016/10/20 44.25 45.80 44.20 45.00 
2016/10/21 45.45 45.45 45.10 45.10 
2016/10/24 46.00 46.00 45.20 45.20 
2016/10/25 46.15 47.85 46.00 46.50 
2016/10/26 46.05 46.05 45.20 45.90 
2016/10/27 45.90 45.90 45.25 45.25 
2016/10/28 45.20 45.30 44.50 44.50 
2016/10/31 44.50 44.50 44.00 44.50 
2016/11/01 45.30 45.40 44.90 44.90 
2016/11/02 44.95 45.00 43.90 44.00 
2016/11/03 44.30 44.30 42.45 42.95 
2016/11/04 42.95 42.95 42.40 42.45 
2016/11/07 42.50 42.50 42.10 42.20 
2016/11/08 42.20 42.20 41.50 41.60 
2016/11/09 41.65 41.70 40.10 40.20 
2016/11/10 41.00 42.00 40.90 42.00 
2016/11/11 41.60 43.85 41.60 43.50 
2016/11/14 43.50 43.60 42.35 43.50 
2016/11/15 43.50 43.50 43.00 43.50 
2016/11/16 44.90 44.90 43.05 43.05 
2016/11/17 43.05 43.05 43.05 43.05 
2016/11/18 43.00 44.20 43.00 43.50 
2016/11/21 43.50 43.60 43.30 43.45 
2016/11/22 44.00 44.00 43.10 43.20 
2016/11/23 43.15 43.15 42.90 42.90 
2016/11/24 42.90 42.90 42.00 42.50 
2016/11/25 42.20 42.70 42.15 42.70 
2016/11/28 42.60 43.20 42.60 42.85 
2016/11/29 42.80 43.70 42.80 43.60 
2016/11/30 43.60 43.60 43.00 43.40 
2016/12/01 43.40 44.20 43.20 43.40 
2016/12/02 43.30 43.90 43.10 43.70 
2016/12/05 43.70 43.70 42.55 43.60 
2016/12/06 43.60 44.00 43.50 43.90 
2016/12/07 44.20 46.85 44.20 46.40 
2016/12/08 46.70 47.00 45.30 46.30 
2016/12/09 46.10 46.30 45.50 46.30 
2016/12/12 46.00 46.00 45.50 45.50 
2016/12/13 45.70 47.15 45.70 46.00 
2016/12/14 46.95 47.05 46.05 46.20 
2016/12/15 46.15 46.40 46.10 46.25 
2016/12/16 46.25 46.60 46.25 46.30 
2016/12/19 48.45 48.45 47.20 47.80 
2016/12/20 47.80 47.85 47.05 47.30 
2016/12/21 47.30 47.80 47.15 47.15 
2016/12/22 46.95 46.95 46.60 46.60 
2016/12/23 48.40 48.40 47.10 47.10 
2016/12/26 47.75 47.75 47.20 47.20 
2016/12/27 46.50 47.50 46.50 47.50 
2016/12/28 47.20 47.50 47.20 47.50 
2016/12/29 47.20 47.30 46.80 47.30 
2016/12/30 47.30 48.00 47.30 48.00 
2017/01/03 47.95 48.50 47.95 48.50 
2017/01/04 48.70 49.10 48.00 48.00 
2017/01/05 49.00 50.00 49.00 49.65 
2017/01/06 50.00 50.00 49.30 49.50 
2017/01/09 49.50 49.50 48.50 49.00 
2017/01/10 49.00 49.00 48.20 49.00 
2017/01/11 49.00 49.00 47.50 48.40 
2017/01/12 48.40 48.80 48.15 48.55 
2017/01/13 48.70 49.00 48.50 48.90 
2017/01/16 48.40 49.30 48.00 48.70 
2017/01/17 48.95 49.70 48.95 49.40 
2017/01/18 49.40 49.70 49.20 49.50 
2017/01/19 49.50 49.50 48.75 49.25 
2017/01/20 49.15 50.00 49.15 49.25 
2017/01/23 49.50 49.50 49.00 49.00 
2017/01/24 49.00 49.30 49.00 49.00 
2017/02/02 50.00 53.90 49.55 53.90 
2017/02/03 56.00 56.40 52.00 52.70 
2017/02/06 53.90 53.90 52.60 52.70 
2017/02/07 53.00 53.00 51.70 52.30 
2017/02/08 52.70 53.10 52.50 52.70 
