2016/07/01 24.30 24.70 24.30 24.50 
2016/07/04 24.00 24.15 24.00 24.10 
2016/07/05 24.10 24.15 24.05 24.10 
2016/07/06 24.20 24.20 23.90 23.95 
2016/07/07 23.95 24.20 23.90 23.95 
2016/07/11 23.95 24.00 23.85 23.85 
2016/07/12 23.85 24.00 23.75 23.75 
2016/07/13 24.00 24.00 23.80 23.95 
2016/07/14 23.90 23.90 23.75 23.80 
2016/07/15 23.90 24.15 23.90 23.90 
2016/07/18 24.10 26.25 24.10 26.25 
2016/07/19 26.25 26.60 25.60 26.05 
2016/07/20 26.05 27.50 26.05 27.15 
2016/07/21 27.15 27.50 26.85 27.00 
2016/07/22 27.00 27.15 26.65 26.80 
2016/07/25 26.80 26.90 26.00 26.20 
2016/07/26 26.20 27.00 25.90 26.60 
2016/07/27 26.30 26.95 26.30 26.75 
2016/07/28 26.75 27.00 26.55 26.85 
2016/07/29 26.85 27.00 26.75 26.80 
2016/08/01 27.00 27.95 26.70 27.80 
2016/08/02 27.80 27.95 27.50 27.50 
2016/08/03 27.50 28.65 27.05 28.05 
2016/08/04 28.05 28.20 27.60 27.65 
2016/08/05 27.65 28.40 27.40 27.75 
2016/08/08 27.60 28.20 27.50 27.90 
2016/08/09 28.20 28.25 27.80 27.90 
2016/08/10 27.95 28.20 27.30 27.50 
2016/08/11 27.50 27.80 27.25 27.25 
2016/08/12 27.25 27.40 26.90 26.90 
2016/08/15 26.50 26.55 25.80 26.20 
2016/08/16 26.00 26.40 25.80 26.00 
2016/08/17 26.50 26.65 26.30 26.50 
2016/08/18 26.20 26.35 26.20 26.35 
2016/08/19 26.35 26.90 26.00 26.10 
2016/08/22 26.15 26.50 26.15 26.20 
2016/08/23 26.15 26.20 26.15 26.15 
2016/08/24 26.15 26.20 26.10 26.15 
2016/08/25 26.05 26.15 25.85 25.90 
2016/08/26 25.95 26.25 25.95 25.95 
2016/08/29 25.95 26.35 25.90 26.25 
2016/08/30 26.35 26.90 26.35 26.60 
2016/08/31 26.60 26.60 26.60 26.60 
2016/09/01 26.60 26.60 26.30 26.40 
2016/09/02 26.40 26.80 26.40 26.75 
2016/09/05 26.75 26.75 26.30 26.55 
2016/09/06 26.55 26.70 26.30 26.45 
2016/09/07 26.45 26.55 26.30 26.55 
2016/09/08 26.10 26.55 26.00 26.55 
2016/09/09 26.30 26.50 26.20 26.30 
2016/09/10 26.40 26.40 26.05 26.15 
2016/09/12 26.20 26.20 25.85 25.85 
2016/09/13 25.85 26.25 25.85 26.10 
2016/09/14 25.90 25.90 25.80 25.85 
2016/09/19 25.75 26.10 25.65 25.75 
2016/09/20 25.80 25.95 25.75 25.85 
2016/09/21 25.70 26.25 25.70 26.20 
2016/09/22 26.10 26.20 26.00 26.10 
2016/09/23 26.00 26.05 25.90 25.95 
2016/09/26 26.00 26.00 25.80 25.85 
2016/09/29 25.85 26.45 25.85 26.10 
2016/09/30 26.10 26.10 25.60 25.65 
2016/10/03 25.65 25.85 25.40 25.60 
2016/10/04 25.40 25.60 25.35 25.40 
2016/10/05 25.35 25.60 25.35 25.45 
2016/10/06 25.45 25.60 25.40 25.60 
2016/10/07 25.45 25.45 25.45 25.45 
2016/10/11 25.30 25.30 25.00 25.00 
2016/10/12 25.30 25.30 24.90 25.15 
2016/10/13 25.15 25.20 25.00 25.00 
2016/10/14 25.20 25.20 24.50 24.60 
2016/10/17 24.50 24.50 24.40 24.40 
2016/10/18 24.40 24.50 24.40 24.50 
2016/10/19 24.50 24.80 24.50 24.60 
2016/10/20 24.70 24.80 24.45 24.70 
2016/10/21 24.70 25.10 24.70 25.00 
2016/10/24 25.00 25.25 25.00 25.15 
2016/10/25 25.15 25.15 25.00 25.15 
2016/10/26 25.15 25.15 24.65 25.00 
2016/10/27 24.70 24.80 24.55 24.70 
2016/10/28 25.00 25.00 24.70 24.70 
2016/10/31 25.00 25.00 24.70 24.80 
2016/11/01 24.80 24.80 24.75 24.75 
2016/11/02 24.80 25.00 24.80 24.90 
2016/11/03 24.90 26.25 24.90 26.20 
2016/11/04 26.30 27.35 26.30 26.75 
2016/11/07 26.75 26.90 26.05 26.30 
2016/11/08 26.50 26.50 25.70 25.80 
2016/11/09 25.40 25.80 24.80 24.80 
2016/11/10 25.00 25.35 25.00 25.35 
2016/11/11 25.30 25.30 24.00 24.70 
2016/11/14 24.60 25.20 24.40 24.90 
2016/11/15 25.00 25.00 24.40 24.75 
2016/11/16 24.90 25.00 24.60 24.60 
2016/11/17 24.70 24.90 24.65 24.70 
2016/11/18 24.65 25.30 24.65 24.90 
2016/11/21 24.90 24.95 24.70 24.85 
2016/11/22 24.90 25.00 24.75 25.00 
2016/11/23 25.05 25.20 24.75 24.75 
2016/11/24 24.80 24.85 24.80 24.80 
2016/11/25 24.85 25.00 24.75 24.80 
2016/11/28 24.80 24.90 24.70 24.70 
2016/11/29 24.70 24.75 24.50 24.70 
2016/11/30 24.60 24.80 24.60 24.60 
2016/12/01 24.60 24.60 24.30 24.45 
2016/12/02 24.45 24.75 24.40 24.55 
2016/12/05 24.55 24.55 24.40 24.45 
2016/12/06 24.50 24.80 24.50 24.55 
2016/12/07 24.55 24.80 24.50 24.80 
2016/12/08 24.80 24.80 24.65 24.80 
2016/12/09 24.60 24.80 24.55 24.80 
2016/12/12 24.80 24.80 24.50 24.55 
2016/12/13 24.55 24.95 24.55 24.85 
2016/12/14 25.00 25.00 24.70 24.80 
2016/12/15 24.70 24.80 24.65 24.70 
2016/12/16 24.80 25.40 24.75 24.95 
2016/12/19 25.05 25.05 24.70 24.90 
2016/12/20 24.70 24.70 24.70 24.70 
2016/12/21 24.80 24.90 24.75 24.80 
2016/12/22 25.00 25.00 24.75 24.75 
2016/12/23 24.80 24.95 24.75 24.75 
2016/12/26 24.70 24.80 24.70 24.70 
2016/12/27 24.70 24.80 24.50 24.70 
2016/12/28 24.80 24.90 24.75 24.90 
2016/12/29 24.90 24.95 24.80 24.85 
2016/12/30 25.00 25.10 24.85 24.85 
2017/01/03 24.80 25.20 24.80 25.10 
2017/01/04 25.10 25.10 24.85 24.90 
2017/01/05 24.80 25.10 24.80 25.00 
2017/01/06 25.10 25.30 25.00 25.00 
2017/01/09 24.90 25.00 24.80 24.85 
2017/01/10 25.30 25.30 24.85 25.10 
2017/01/11 25.10 25.25 25.05 25.05 
2017/01/12 25.05 25.05 24.80 24.90 
2017/01/13 25.10 25.30 24.95 24.95 
2017/01/16 24.95 25.00 24.85 24.90 
2017/01/17 25.40 25.50 25.15 25.15 
2017/01/18 25.05 25.30 25.00 25.15 
2017/01/19 25.15 25.30 25.15 25.25 
2017/01/20 25.35 25.35 25.05 25.10 
2017/01/23 24.90 25.25 24.90 25.10 
2017/01/24 25.30 25.30 24.80 24.80 
2017/02/02 25.00 25.00 24.55 24.85 
2017/02/03 25.00 25.15 24.80 24.80 
2017/02/06 24.75 25.00 24.55 24.80 
2017/02/07 24.80 25.00 24.60 24.80 
2017/02/08 24.80 24.95 24.70 24.95 
