2016/07/01 38.60 38.60 38.30 38.50 
2016/07/04 38.20 38.30 37.80 38.25 
2016/07/05 38.45 38.45 37.90 37.90 
2016/07/06 37.90 38.30 37.60 37.70 
2016/07/07 37.70 38.20 37.70 38.00 
2016/07/11 39.80 39.80 38.40 38.70 
2016/07/12 38.70 39.20 38.30 38.30 
2016/07/13 38.70 39.45 38.20 38.40 
2016/07/14 38.70 38.85 38.45 38.50 
2016/07/15 38.65 38.80 38.50 38.50 
2016/07/18 38.80 39.45 38.80 39.40 
2016/07/19 41.00 43.30 40.50 43.30 
2016/07/20 43.50 43.90 41.70 43.90 
2016/07/21 43.90 46.80 43.50 45.80 
2016/07/22 45.50 46.05 44.80 45.80 
2016/07/25 47.00 47.20 44.10 46.85 
2016/07/26 46.85 46.85 45.60 45.65 
2016/07/27 45.65 45.65 44.50 44.80 
2016/07/28 44.30 45.80 44.30 45.40 
2016/07/29 45.60 45.60 44.60 45.00 
2016/08/01 45.70 45.70 45.00 45.10 
2016/08/02 45.25 49.50 45.20 48.20 
2016/08/03 47.50 49.10 47.00 49.00 
2016/08/04 48.90 48.95 47.80 48.20 
2016/08/05 48.80 48.95 48.00 48.40 
2016/08/08 48.70 48.90 47.80 48.00 
2016/08/09 48.00 48.40 47.10 47.35 
2016/08/10 47.95 49.00 47.50 48.00 
2016/08/11 47.95 48.00 46.10 46.90 
2016/08/12 46.60 46.80 46.30 46.40 
2016/08/15 46.40 46.90 42.90 44.35 
2016/08/16 44.25 44.75 43.80 44.60 
2016/08/17 44.50 44.50 43.95 43.95 
2016/08/18 44.00 44.40 43.90 44.05 
2016/08/19 44.45 44.80 44.05 44.45 
2016/08/22 44.50 44.80 44.20 44.20 
2016/08/23 44.20 44.35 44.15 44.20 
2016/08/24 44.35 45.00 44.25 44.85 
2016/08/25 44.80 45.25 44.75 45.00 
2016/08/26 43.50 44.15 43.50 44.05 
2016/08/29 44.30 44.30 43.60 43.90 
2016/08/30 44.00 44.10 43.70 43.70 
2016/08/31 43.80 43.80 43.20 43.55 
2016/09/01 43.40 43.40 43.05 43.30 
2016/09/02 43.05 45.15 43.05 44.20 
2016/09/05 43.95 43.95 43.75 43.80 
2016/09/06 43.70 44.30 43.70 44.30 
2016/09/07 44.40 44.95 44.20 44.60 
2016/09/08 44.60 46.40 44.60 46.20 
2016/09/09 45.15 45.95 45.05 45.70 
2016/09/10 45.00 45.10 44.30 44.80 
2016/09/12 45.00 45.00 44.50 44.60 
2016/09/13 44.60 44.60 43.75 44.45 
2016/09/14 44.45 44.45 43.70 43.80 
2016/09/19 43.80 44.20 43.80 44.00 
2016/09/20 44.00 44.30 43.90 44.15 
2016/09/21 44.15 44.15 43.90 44.15 
2016/09/22 44.40 44.40 43.90 43.90 
2016/09/23 43.95 44.10 43.85 43.95 
2016/09/26 44.35 44.35 43.80 43.85 
2016/09/29 44.40 44.40 43.85 44.00 
2016/09/30 43.85 43.85 43.55 43.60 
2016/10/03 44.00 44.00 43.60 43.95 
2016/10/04 43.65 44.00 43.65 44.00 
2016/10/05 44.00 45.30 44.00 44.65 
2016/10/06 44.40 44.90 44.40 44.80 
2016/10/07 44.95 44.95 44.30 44.30 
2016/10/11 44.30 44.50 42.00 42.50 
2016/10/12 42.50 42.50 40.95 41.40 
2016/10/13 41.20 41.60 41.00 41.30 
2016/10/14 40.80 40.80 39.55 40.05 
2016/10/17 39.10 40.20 39.10 40.20 
2016/10/18 40.20 40.25 39.95 40.20 
2016/10/19 40.50 40.50 40.10 40.10 
2016/10/20 40.30 40.80 40.20 40.40 
2016/10/21 40.50 40.50 40.45 40.45 
2016/10/24 40.80 41.40 40.80 41.40 
2016/10/25 41.50 41.50 41.40 41.40 
2016/10/26 41.50 41.75 41.50 41.70 
2016/10/27 41.80 41.90 41.55 41.60 
2016/10/28 41.95 41.95 41.70 41.80 
2016/10/31 41.85 41.95 41.70 41.95 
2016/11/01 42.10 46.10 42.00 46.10 
2016/11/02 47.00 48.60 46.30 48.40 
2016/11/03 46.80 48.00 46.60 46.80 
2016/11/04 46.10 47.45 46.00 46.90 
2016/11/07 47.15 47.35 46.80 46.90 
2016/11/08 47.25 47.25 46.70 47.00 
2016/11/09 46.80 47.00 43.80 46.50 
2016/11/10 46.80 49.35 46.60 48.40 
2016/11/11 47.50 47.50 46.20 46.60 
2016/11/14 47.00 47.05 45.55 46.20 
2016/11/15 46.00 46.40 45.55 45.55 
2016/11/16 45.60 46.30 45.60 45.80 
2016/11/17 45.80 45.80 45.10 45.50 
2016/11/18 45.50 47.20 45.50 47.20 
2016/11/21 47.30 47.30 46.55 47.00 
2016/11/22 47.00 47.00 45.20 45.95 
2016/11/23 46.40 46.70 46.20 46.20 
2016/11/24 46.20 46.20 45.80 45.80 
2016/11/25 45.55 45.70 45.45 45.55 
2016/11/28 46.00 46.00 45.60 45.80 
2016/11/29 46.00 46.20 45.90 45.90 
2016/11/30 46.20 46.20 45.50 46.00 
2016/12/01 45.70 45.75 45.65 45.70 
2016/12/02 45.70 45.90 45.40 45.60 
2016/12/05 45.40 45.60 45.35 45.60 
2016/12/06 45.90 46.60 45.60 45.75 
2016/12/07 46.00 47.50 45.75 47.00 
2016/12/08 47.10 47.10 46.80 46.80 
2016/12/09 46.85 47.70 46.50 47.00 
2016/12/12 47.10 50.20 47.10 49.70 
2016/12/13 49.55 49.60 47.10 47.65 
2016/12/14 47.70 47.90 47.20 47.30 
2016/12/15 47.30 47.40 47.15 47.35 
2016/12/16 47.35 47.35 46.65 46.65 
2016/12/19 46.85 47.85 46.85 47.05 
2016/12/20 47.25 47.25 46.70 47.10 
2016/12/21 47.15 47.45 47.15 47.35 
2016/12/22 47.15 47.35 47.05 47.35 
2016/12/23 47.30 47.30 47.15 47.25 
2016/12/26 47.40 48.70 47.40 48.50 
2016/12/27 48.50 48.60 48.00 48.60 
2016/12/28 48.60 48.65 48.15 48.60 
2016/12/29 48.65 48.90 48.35 48.80 
2016/12/30 48.85 50.00 48.85 49.70 
2017/01/03 49.70 50.90 49.70 50.80 
2017/01/04 51.70 52.20 50.80 52.00 
2017/01/05 52.10 52.10 51.10 51.60 
2017/01/06 51.60 52.30 51.10 52.30 
2017/01/09 56.80 56.80 52.40 54.30 
2017/01/10 54.40 54.40 50.30 51.10 
2017/01/11 50.70 51.10 50.40 50.90 
2017/01/12 50.90 50.90 49.30 50.50 
2017/01/13 49.70 50.50 49.70 50.40 
2017/01/16 50.40 50.80 50.00 50.60 
2017/01/17 50.70 50.70 50.00 50.00 
2017/01/18 49.80 50.00 49.60 49.90 
2017/01/19 49.85 50.40 49.85 50.00 
2017/01/20 50.10 50.10 49.50 49.65 
2017/01/23 49.10 49.40 49.10 49.40 
2017/01/24 49.50 49.65 49.25 49.55 
2017/02/02 49.55 49.75 48.55 49.55 
2017/02/03 49.85 50.20 49.55 50.20 
2017/02/06 50.20 50.20 50.00 50.00 
2017/02/07 50.40 50.40 49.35 50.00 
2017/02/08 49.80 49.80 49.15 49.15 
