2016/07/01 14.30 14.35 14.30 14.35 
2016/07/04 14.35 14.40 14.30 14.30 
2016/07/05 14.30 14.30 14.25 14.25 
2016/07/06 14.30 14.30 14.25 14.25 
2016/07/07 14.30 14.45 14.30 14.40 
2016/07/11 14.45 14.50 14.45 14.50 
2016/07/12 14.50 14.50 14.50 14.50 
2016/07/13 14.40 14.40 14.40 14.40 
2016/07/14 14.40 14.40 14.30 14.30 
2016/07/15 14.40 14.40 14.30 14.30 
2016/07/18 14.40 14.50 14.35 14.40 
2016/07/19 14.40 14.45 14.40 14.40 
2016/07/20 14.40 14.50 14.40 14.45 
2016/07/21 14.50 14.50 14.45 14.50 
2016/07/22 14.50 14.50 14.40 14.40 
2016/07/25 14.45 14.45 14.20 14.25 
2016/07/26 14.30 14.35 14.30 14.35 
2016/07/27 14.30 14.35 14.30 14.35 
2016/07/28 14.40 14.40 14.30 14.40 
2016/07/29 14.40 14.40 14.40 14.40 
2016/08/01 14.40 14.40 14.30 14.35 
2016/08/02 14.35 14.40 14.35 14.40 
2016/08/03 14.35 14.40 14.25 14.40 
2016/08/04 14.35 14.40 14.35 14.40 
2016/08/05 14.35 14.55 14.35 14.45 
2016/08/08 14.45 14.50 14.45 14.50 
2016/08/09 14.50 14.55 14.40 14.45 
2016/08/10 14.45 14.55 14.45 14.55 
2016/08/11 14.50 14.60 14.45 14.50 
2016/08/12 14.55 14.60 14.50 14.55 
2016/08/15 14.60 14.85 14.60 14.60 
2016/08/16 14.60 14.80 14.60 14.75 
2016/08/17 13.80 13.80 13.65 13.80 
2016/08/18 13.80 13.80 13.75 13.80 
2016/08/19 13.80 13.80 13.55 13.70 
2016/08/22 13.70 13.70 13.50 13.60 
2016/08/23 13.60 13.65 13.55 13.60 
2016/08/24 13.60 13.70 13.60 13.70 
2016/08/25 13.70 13.70 13.60 13.65 
2016/08/26 13.65 13.65 13.55 13.55 
2016/08/29 13.65 13.65 13.45 13.50 
2016/08/30 13.50 13.60 13.50 13.50 
2016/08/31 13.50 13.55 13.50 13.50 
2016/09/01 13.60 13.60 13.40 13.50 
2016/09/02 13.50 13.50 13.40 13.50 
2016/09/05 13.40 13.55 13.40 13.55 
2016/09/06 13.55 13.55 13.45 13.45 
2016/09/07 13.45 13.50 13.45 13.50 
2016/09/08 13.50 13.50 13.50 13.50 
2016/09/09 13.50 13.50 13.40 13.50 
2016/09/12 13.40 13.45 13.40 13.45 
2016/09/13 13.40 13.40 13.35 13.40 
2016/09/14 13.40 13.40 13.40 13.40 
2016/09/19 13.50 13.50 13.40 13.40 
2016/09/20 13.40 13.55 13.40 13.55 
2016/09/21 13.55 13.60 13.55 13.55 
2016/09/22 13.50 13.60 13.50 13.60 
2016/09/23 13.50 13.50 13.50 13.50 
2016/09/26 13.50 13.95 13.45 13.80 
2016/09/29 13.60 13.80 13.60 13.75 
2016/09/30 13.75 13.80 13.60 13.80 
2016/10/03 13.60 13.75 13.60 13.65 
2016/10/04 13.60 13.60 13.55 13.55 
2016/10/05 13.55 13.60 13.50 13.55 
2016/10/06 13.65 13.65 13.55 13.55 
2016/10/07 13.60 13.70 13.60 13.65 
2016/10/11 13.55 13.75 13.55 13.65 
2016/10/12 13.65 13.65 13.55 13.65 
2016/10/13 13.65 13.65 13.60 13.65 
2016/10/14 13.70 13.70 13.55 13.60 
2016/10/17 13.55 13.70 13.55 13.65 
2016/10/18 13.60 13.70 13.60 13.70 
2016/10/19 13.70 13.80 13.70 13.80 
2016/10/20 13.75 13.90 13.75 13.85 
2016/10/21 13.75 13.85 13.70 13.85 
2016/10/24 13.95 13.95 13.85 13.90 
2016/10/25 13.85 13.95 13.85 13.95 
2016/10/26 13.90 13.95 13.90 13.95 
2016/10/27 13.90 13.90 13.85 13.85 
2016/10/28 13.85 13.90 13.75 13.85 
2016/10/31 13.65 13.70 13.65 13.70 
2016/11/01 13.70 13.70 13.60 13.60 
2016/11/03 13.60 13.60 13.55 13.55 
2016/11/04 13.55 13.90 13.45 13.70 
2016/11/07 13.55 13.55 13.40 13.45 
2016/11/08 13.45 13.50 13.40 13.40 
2016/11/09 13.40 13.50 13.30 13.30 
2016/11/10 13.50 13.60 13.40 13.40 
2016/11/11 13.50 13.50 13.35 13.40 
2016/11/14 13.40 13.70 13.35 13.35 
2016/11/15 13.35 13.40 13.35 13.35 
2016/11/16 13.45 13.50 13.40 13.50 
2016/11/17 13.60 13.60 13.35 13.35 
2016/11/18 13.35 13.50 13.35 13.50 
2016/11/21 13.35 13.50 13.35 13.50 
2016/11/22 13.50 13.55 13.45 13.50 
2016/11/23 13.50 13.50 13.45 13.50 
2016/11/24 13.40 13.55 13.35 13.40 
2016/11/25 13.50 13.50 13.30 13.40 
2016/11/28 13.35 13.50 13.35 13.45 
2016/11/29 13.40 13.45 13.40 13.45 
2016/11/30 13.45 13.50 13.45 13.50 
2016/12/01 13.50 13.55 13.50 13.50 
2016/12/02 13.55 13.55 13.40 13.40 
2016/12/05 13.40 13.40 13.35 13.40 
2016/12/06 13.40 13.45 13.40 13.45 
2016/12/07 13.40 13.45 13.35 13.45 
2016/12/08 13.45 13.50 13.45 13.50 
2016/12/09 13.50 13.50 13.45 13.45 
2016/12/12 13.50 13.50 13.45 13.45 
2016/12/13 13.50 13.50 13.45 13.50 
2016/12/14 13.50 13.50 13.45 13.45 
2016/12/15 13.45 13.45 13.45 13.45 
2016/12/16 13.45 13.50 13.40 13.50 
2016/12/19 13.45 13.45 13.40 13.40 
2016/12/20 13.40 13.40 13.40 13.40 
2016/12/21 13.45 13.50 13.45 13.45 
2016/12/22 13.45 13.50 13.35 13.35 
2016/12/23 13.40 13.40 13.35 13.40 
2016/12/26 13.40 13.45 13.35 13.35 
2016/12/27 13.35 13.35 13.25 13.30 
2016/12/28 13.30 13.35 13.30 13.35 
2016/12/29 13.35 13.35 13.35 13.35 
2016/12/30 13.45 13.55 13.30 13.55 
2017/01/03 13.55 13.55 13.35 13.40 
2017/01/04 13.55 13.55 13.40 13.40 
2017/01/05 13.40 13.50 13.40 13.50 
2017/01/06 13.50 13.55 13.45 13.55 
2017/01/09 13.60 13.60 13.45 13.45 
2017/01/10 13.45 13.45 13.45 13.45 
2017/01/11 13.45 13.50 13.45 13.45 
2017/01/12 13.45 13.45 13.45 13.45 
2017/01/13 13.45 13.45 13.45 13.45 
2017/01/16 13.45 13.50 13.45 13.45 
2017/01/17 13.45 13.45 13.45 13.45 
2017/01/18 13.50 13.60 13.45 13.55 
2017/01/19 13.50 13.55 13.45 13.50 
2017/01/20 13.55 13.55 13.45 13.55 
2017/01/23 13.50 13.60 13.50 13.55 
2017/01/24 13.55 13.65 13.55 13.65 
2017/02/02 13.65 13.70 13.65 13.70 
2017/02/03 13.70 14.00 13.65 14.00 
2017/02/06 13.90 14.20 13.90 14.20 
2017/02/07 14.05 14.20 14.05 14.10 
2017/02/08 14.10 14.10 13.85 13.85 
