2016/07/01 16.50 16.60 16.35 16.55 
2016/07/04 16.55 16.55 16.50 16.50 
2016/07/05 16.60 16.60 16.50 16.50 
2016/07/06 16.50 16.50 16.45 16.45 
2016/07/07 16.95 16.95 16.60 16.70 
2016/07/11 16.70 16.75 16.50 16.75 
2016/07/12 16.55 16.70 16.55 16.65 
2016/07/13 16.65 16.65 16.55 16.65 
2016/07/14 16.60 16.85 16.60 16.60 
2016/07/15 16.70 16.75 16.60 16.75 
2016/07/18 16.75 16.75 16.55 16.65 
2016/07/19 16.65 16.70 16.60 16.60 
2016/07/20 16.60 16.60 16.55 16.55 
2016/07/21 16.65 16.65 16.50 16.65 
2016/07/22 16.60 16.60 16.55 16.60 
2016/07/25 16.90 16.90 16.50 16.70 
2016/07/26 16.70 16.75 16.60 16.60 
2016/07/27 16.60 16.70 16.50 16.55 
2016/07/28 16.50 16.65 16.50 16.55 
2016/07/29 16.50 16.65 16.50 16.65 
2016/08/01 16.65 16.75 16.65 16.70 
2016/08/02 16.70 16.80 16.70 16.80 
2016/08/03 16.80 16.80 16.65 16.80 
2016/08/04 18.05 18.25 17.55 17.65 
2016/08/05 17.90 17.90 17.40 17.70 
2016/08/08 17.70 17.80 17.50 17.70 
2016/08/09 17.40 17.70 17.40 17.65 
2016/08/10 17.65 17.80 17.45 17.55 
2016/08/11 17.55 17.70 17.40 17.60 
2016/08/12 17.50 17.70 17.50 17.70 
2016/08/15 17.75 17.75 17.65 17.70 
2016/08/16 17.70 17.80 17.20 17.50 
2016/08/17 17.20 17.70 17.20 17.70 
2016/08/18 17.70 17.70 17.55 17.70 
2016/08/19 17.70 17.80 17.40 17.50 
2016/08/22 17.20 17.50 17.20 17.35 
2016/08/23 17.35 17.45 17.25 17.45 
2016/08/24 16.70 16.80 16.60 16.60 
2016/08/25 16.65 16.80 16.65 16.75 
2016/08/26 16.40 16.75 16.40 16.60 
2016/08/29 16.60 16.65 16.40 16.65 
2016/08/30 16.55 16.65 16.50 16.65 
2016/08/31 16.40 16.65 16.40 16.50 
2016/09/01 16.60 16.85 16.55 16.85 
2016/09/02 16.85 16.90 16.55 16.85 
2016/09/05 16.80 17.40 16.70 16.70 
2016/09/06 16.70 16.90 16.65 16.70 
2016/09/07 16.80 17.00 16.70 16.80 
2016/09/08 17.00 17.15 16.95 17.10 
2016/09/09 16.95 17.00 16.80 16.95 
2016/09/10 17.05 17.25 17.00 17.00 
2016/09/12 16.90 17.00 16.85 17.00 
2016/09/13 16.85 17.00 16.70 16.95 
2016/09/14 16.80 16.80 16.60 16.80 
2016/09/19 16.70 16.95 16.65 16.95 
2016/09/20 16.75 17.05 16.65 17.05 
2016/09/21 16.90 17.50 16.90 17.35 
2016/09/22 17.30 17.30 17.00 17.00 
2016/09/23 17.00 17.10 17.00 17.10 
2016/09/26 17.00 17.30 16.90 17.00 
2016/09/29 16.85 17.25 16.85 17.25 
2016/09/30 17.10 17.20 17.05 17.20 
2016/10/03 17.20 17.20 16.95 16.95 
2016/10/04 16.95 17.25 16.90 17.15 
2016/10/05 17.00 17.15 16.95 17.15 
2016/10/06 17.20 17.20 17.00 17.00 
2016/10/07 17.00 17.10 16.85 17.10 
2016/10/11 16.95 18.00 16.95 17.05 
2016/10/12 16.80 17.00 16.80 16.85 
2016/10/13 17.05 17.05 16.90 17.05 
2016/10/14 16.90 16.90 16.70 16.70 
2016/10/17 16.75 16.90 16.75 16.90 
2016/10/18 16.90 16.90 16.85 16.90 
2016/10/19 16.90 17.45 16.80 16.80 
2016/10/20 16.80 16.80 16.75 16.75 
2016/10/21 16.75 16.75 16.60 16.70 
2016/10/24 16.75 16.85 16.65 16.70 
2016/10/25 16.75 17.55 16.75 16.90 
2016/10/26 16.95 17.00 16.90 17.00 
2016/10/27 17.00 17.00 17.00 17.00 
2016/10/28 16.90 16.90 16.70 16.80 
2016/10/31 16.95 16.95 16.75 16.75 
2016/11/01 16.70 16.70 16.70 16.70 
2016/11/02 16.80 16.80 16.60 16.60 
2016/11/03 16.95 16.95 16.60 16.60 
2016/11/04 16.50 16.75 16.45 16.45 
2016/11/07 16.45 16.50 16.40 16.40 
2016/11/08 16.40 16.65 16.30 16.40 
2016/11/09 16.35 16.35 15.90 16.00 
2016/11/10 16.00 16.90 16.00 16.30 
2016/11/11 16.20 16.60 16.15 16.60 
2016/11/14 17.15 17.15 16.40 16.75 
2016/11/15 16.50 16.60 16.05 16.60 
2016/11/16 16.45 16.45 15.75 16.20 
2016/11/17 16.20 16.45 16.10 16.40 
2016/11/18 16.45 16.55 16.30 16.55 
2016/11/21 16.40 16.65 16.35 16.55 
2016/11/22 16.40 16.60 16.30 16.55 
2016/11/23 16.40 16.50 16.20 16.25 
2016/11/24 16.25 16.60 16.20 16.55 
2016/11/25 16.40 16.55 16.35 16.55 
2016/11/28 16.40 16.50 16.30 16.50 
2016/11/29 16.45 16.60 16.45 16.60 
2016/11/30 16.45 16.70 16.40 16.65 
2016/12/01 16.50 16.55 16.45 16.55 
2016/12/02 16.40 16.45 16.40 16.40 
2016/12/05 16.40 16.45 16.35 16.45 
2016/12/06 16.40 16.45 16.25 16.30 
2016/12/07 16.35 16.40 16.25 16.40 
2016/12/08 16.45 16.55 16.20 16.40 
2016/12/09 16.35 16.35 16.30 16.30 
2016/12/12 16.35 16.40 16.25 16.25 
2016/12/13 16.20 16.25 16.15 16.25 
2016/12/14 16.25 16.30 16.15 16.25 
2016/12/15 16.20 16.20 16.10 16.10 
2016/12/16 16.15 16.25 16.10 16.10 
2016/12/19 16.20 16.20 16.10 16.10 
2016/12/20 16.15 16.15 16.15 16.15 
2016/12/21 16.10 16.15 16.05 16.15 
2016/12/22 16.10 16.20 16.10 16.10 
2016/12/23 16.05 16.05 16.05 16.05 
2016/12/26 16.05 16.10 16.00 16.10 
2016/12/27 16.05 16.20 16.05 16.20 
2016/12/28 16.10 16.15 16.10 16.15 
2016/12/29 16.20 16.20 16.05 16.05 
2016/12/30 16.10 16.20 16.00 16.20 
2017/01/03 16.10 16.10 16.05 16.05 
2017/01/04 16.05 16.15 16.00 16.00 
2017/01/05 16.05 16.05 16.00 16.00 
2017/01/06 16.20 16.35 16.05 16.15 
2017/01/09 16.10 16.10 16.00 16.00 
2017/01/10 15.95 16.15 15.95 16.15 
2017/01/11 16.15 16.20 16.15 16.20 
2017/01/12 16.15 16.15 16.10 16.10 
2017/01/13 16.15 16.15 16.15 16.15 
2017/01/16 16.15 16.15 16.15 16.15 
2017/01/17 16.10 16.15 16.00 16.15 
2017/01/18 16.15 16.15 16.00 16.10 
2017/01/19 16.05 16.15 16.05 16.15 
2017/01/20 16.10 16.10 16.05 16.05 
2017/01/23 16.15 16.15 16.15 16.15 
2017/01/24 16.10 16.15 16.00 16.00 
2017/02/02 16.15 16.15 16.15 16.15 
2017/02/03 16.25 16.25 16.10 16.15 
2017/02/06 16.25 16.25 16.05 16.15 
2017/02/07 16.25 16.25 16.10 16.10 
2017/02/08 16.15 16.35 16.15 16.15 
