2016/07/01 26.90 27.05 26.85 26.90 
2016/07/04 26.80 26.90 26.45 26.80 
2016/07/05 26.95 27.10 26.50 27.10 
2016/07/06 26.65 27.05 26.60 27.05 
2016/07/07 26.70 26.95 26.70 26.80 
2016/07/11 27.05 27.05 26.55 26.95 
2016/07/12 26.60 26.90 26.55 26.90 
2016/07/13 27.00 27.00 26.50 26.50 
2016/07/14 26.50 26.60 26.30 26.40 
2016/07/15 26.50 26.50 26.30 26.45 
2016/07/18 26.20 26.45 26.15 26.45 
2016/07/19 26.25 26.50 26.15 26.50 
2016/07/20 26.30 26.45 26.20 26.40 
2016/07/21 26.30 26.45 26.20 26.45 
2016/07/22 26.45 26.50 26.20 26.50 
2016/07/25 26.50 26.50 26.15 26.20 
2016/07/26 26.20 26.25 26.10 26.10 
2016/07/27 26.10 26.25 26.05 26.10 
2016/07/28 26.00 26.20 25.95 26.20 
2016/07/29 26.00 26.10 25.90 26.10 
2016/08/01 26.00 26.05 25.95 26.00 
2016/08/02 26.00 26.10 25.85 26.05 
2016/08/03 25.90 26.10 25.85 26.10 
2016/08/04 25.90 26.15 25.85 26.15 
2016/08/05 25.90 26.05 25.85 26.05 
2016/08/08 25.90 26.00 25.80 26.00 
2016/08/09 25.80 25.95 25.75 25.75 
2016/08/10 25.75 26.00 25.50 25.90 
2016/08/11 25.80 25.90 25.60 25.70 
2016/08/12 25.65 25.80 25.55 25.80 
2016/08/15 25.70 25.70 25.50 25.70 
2016/08/16 25.55 25.85 25.55 25.85 
2016/08/17 25.60 25.90 25.60 25.90 
2016/08/18 25.70 25.80 25.65 25.80 
2016/08/19 25.70 25.80 25.55 25.80 
2016/08/22 25.75 25.75 25.50 25.50 
2016/08/23 25.50 25.50 25.35 25.35 
2016/08/24 25.35 25.55 25.35 25.45 
2016/08/25 25.25 25.50 25.25 25.40 
2016/08/26 25.45 25.50 25.35 25.40 
2016/08/29 25.45 25.45 25.25 25.35 
2016/08/30 25.25 25.30 25.25 25.25 
2016/08/31 25.30 25.60 25.25 25.55 
2016/09/01 25.55 25.75 25.35 25.35 
2016/09/02 25.20 25.60 25.20 25.50 
2016/09/05 25.00 25.00 24.80 24.85 
2016/09/06 24.90 24.95 24.85 24.95 
2016/09/07 24.95 25.00 24.50 24.85 
2016/09/08 24.85 24.95 24.80 24.85 
2016/09/09 24.85 24.90 24.65 24.85 
2016/09/10 24.85 24.85 24.70 24.75 
2016/09/12 24.75 24.80 24.35 24.40 
2016/09/13 24.40 24.40 24.05 24.20 
2016/09/14 24.20 24.25 23.90 23.90 
2016/09/19 24.20 24.20 23.90 23.90 
2016/09/20 23.90 24.05 23.85 24.00 
2016/09/21 23.95 24.90 23.85 24.65 
2016/09/22 24.55 24.55 24.00 24.05 
2016/09/23 24.25 24.25 24.00 24.05 
2016/09/26 24.00 24.10 23.85 24.10 
2016/09/29 24.10 24.20 24.00 24.10 
2016/09/30 24.20 24.60 23.85 24.60 
2016/10/03 24.50 24.50 23.85 23.85 
2016/10/04 24.00 24.00 23.80 23.90 
2016/10/05 23.90 23.90 23.65 23.65 
2016/10/06 23.70 23.70 23.50 23.55 
2016/10/07 23.50 23.65 23.45 23.65 
2016/10/11 23.70 23.70 23.40 23.45 
2016/10/12 23.40 23.40 23.25 23.40 
2016/10/13 24.40 24.40 23.35 23.65 
2016/10/14 23.65 23.80 23.45 23.60 
2016/10/17 23.45 23.50 23.25 23.45 
2016/10/18 23.35 23.55 23.35 23.55 
2016/10/19 23.55 23.55 23.35 23.55 
2016/10/20 23.40 23.50 23.30 23.50 
2016/10/21 23.50 23.50 23.30 23.50 
2016/10/24 23.60 23.65 23.50 23.65 
2016/10/25 23.65 24.00 23.50 23.95 
2016/10/26 23.95 24.25 23.80 24.25 
2016/10/27 24.05 24.35 24.05 24.30 
2016/10/28 24.30 24.70 24.10 24.65 
2016/10/31 24.45 24.75 24.25 24.70 
2016/11/01 24.50 24.80 24.45 24.80 
2016/11/02 24.55 24.80 24.40 24.55 
2016/11/03 24.30 24.60 24.00 24.10 
2016/11/04 24.15 24.50 23.90 24.50 
2016/11/07 24.30 24.40 24.10 24.40 
2016/11/08 24.20 24.30 24.15 24.15 
2016/11/09 24.05 24.45 23.85 23.85 
2016/11/10 23.85 24.30 23.85 24.15 
2016/11/11 24.15 24.15 23.80 24.05 
2016/11/14 24.05 24.10 23.90 24.00 
2016/11/15 24.00 24.00 23.80 23.80 
2016/11/16 23.80 23.85 23.70 23.75 
2016/11/17 24.80 24.80 24.00 24.00 
2016/11/18 24.00 24.10 23.90 24.10 
2016/11/21 24.00 24.00 23.80 24.00 
2016/11/22 23.85 23.90 23.80 23.85 
2016/11/23 23.85 24.00 23.75 24.00 
2016/11/24 23.80 24.00 23.80 23.80 
2016/11/25 23.80 23.90 23.60 23.90 
2016/11/28 23.90 23.90 23.55 23.75 
2016/11/29 23.75 23.75 23.55 23.65 
2016/11/30 23.55 23.75 23.45 23.50 
2016/12/01 23.65 23.65 23.50 23.60 
2016/12/02 23.60 23.70 23.60 23.70 
2016/12/05 23.70 23.75 23.55 23.60 
2016/12/06 23.55 23.60 23.50 23.50 
2016/12/07 23.50 23.60 23.40 23.55 
2016/12/08 23.50 23.65 23.45 23.60 
2016/12/09 23.60 23.65 23.50 23.65 
2016/12/12 23.55 23.70 23.55 23.70 
2016/12/13 23.65 23.70 23.55 23.60 
2016/12/14 23.55 23.70 23.50 23.55 
2016/12/15 23.60 23.70 23.55 23.70 
2016/12/16 23.60 23.75 23.60 23.75 
2016/12/19 23.95 23.95 23.55 23.55 
2016/12/20 23.55 23.65 23.50 23.55 
2016/12/21 23.55 23.70 23.50 23.65 
2016/12/22 23.70 23.75 23.60 23.60 
2016/12/23 23.55 23.55 23.05 23.40 
2016/12/26 23.20 23.35 23.20 23.35 
2016/12/27 23.40 23.40 23.20 23.25 
2016/12/28 23.35 23.35 23.20 23.30 
2016/12/29 23.30 23.40 23.30 23.40 
2016/12/30 23.40 23.40 23.30 23.35 
2017/01/03 23.40 23.40 23.30 23.30 
2017/01/04 23.35 23.40 23.35 23.35 
2017/01/05 23.30 23.55 23.30 23.55 
2017/01/06 23.40 23.60 23.40 23.60 
2017/01/09 23.50 23.50 23.35 23.40 
2017/01/10 23.40 23.45 23.40 23.45 
2017/01/11 23.40 23.45 23.40 23.45 
2017/01/12 23.50 23.50 23.35 23.45 
2017/01/13 23.45 23.45 23.30 23.40 
2017/01/16 23.35 23.35 23.30 23.30 
2017/01/17 23.25 23.30 23.25 23.30 
2017/01/18 23.40 23.40 23.30 23.40 
2017/01/19 23.30 23.35 23.30 23.35 
2017/01/20 23.30 23.40 23.30 23.30 
2017/01/23 23.30 23.40 23.25 23.35 
2017/01/24 23.40 23.45 23.35 23.45 
2017/02/02 23.55 23.55 23.30 23.50 
2017/02/03 23.35 23.65 23.35 23.55 
2017/02/06 23.50 23.75 23.40 23.75 
2017/02/07 23.60 23.75 23.55 23.75 
2017/02/08 23.75 23.75 23.60 23.70 
