2016/07/01 18.25 18.25 18.10 18.20 
2016/07/04 18.20 18.25 18.15 18.25 
2016/07/05 18.25 18.25 18.05 18.25 
2016/07/06 18.25 18.25 18.10 18.25 
2016/07/07 18.25 18.25 18.10 18.25 
2016/07/11 18.80 18.80 18.35 18.35 
2016/07/12 18.35 18.40 18.25 18.35 
2016/07/13 18.50 18.50 18.25 18.35 
2016/07/14 18.40 18.45 18.35 18.35 
2016/07/15 18.30 18.60 18.30 18.50 
2016/07/18 18.25 18.50 18.25 18.40 
2016/07/19 18.40 18.50 18.40 18.50 
2016/07/20 18.50 18.50 18.35 18.50 
2016/07/21 18.50 18.55 18.40 18.40 
2016/07/22 18.55 18.55 18.40 18.45 
2016/07/25 18.35 18.50 18.30 18.40 
2016/07/26 18.25 18.40 18.20 18.25 
2016/07/27 18.20 18.25 18.10 18.15 
2016/07/28 18.15 18.30 18.15 18.25 
2016/07/29 18.25 18.25 18.20 18.25 
2016/08/01 18.30 18.35 18.20 18.35 
2016/08/02 18.35 18.40 18.25 18.35 
2016/08/03 18.35 18.35 18.20 18.30 
2016/08/04 18.30 18.30 18.25 18.30 
2016/08/05 18.35 18.40 18.25 18.30 
2016/08/08 18.30 18.45 18.30 18.45 
2016/08/09 18.45 18.45 18.30 18.45 
2016/08/10 18.45 18.60 18.40 18.60 
2016/08/11 18.55 18.60 18.45 18.55 
2016/08/12 18.55 18.65 18.40 18.60 
2016/08/15 18.60 18.65 18.50 18.65 
2016/08/16 18.65 18.65 18.55 18.60 
2016/08/17 18.70 18.70 18.60 18.65 
2016/08/18 18.60 18.65 18.55 18.60 
2016/08/19 18.60 18.65 18.50 18.55 
2016/08/22 18.50 18.50 18.35 18.35 
2016/08/23 17.10 17.15 17.00 17.15 
2016/08/24 17.10 17.15 17.10 17.10 
2016/08/25 17.15 17.20 17.05 17.15 
2016/08/26 17.10 17.20 17.05 17.20 
2016/08/29 17.10 17.20 17.00 17.00 
2016/08/30 17.05 17.10 16.90 17.00 
2016/08/31 17.00 17.10 16.90 16.95 
2016/09/01 16.90 16.90 16.75 16.80 
2016/09/02 16.80 16.95 16.55 16.65 
2016/09/05 16.60 16.95 16.60 16.65 
2016/09/06 16.75 16.75 16.60 16.70 
2016/09/07 16.70 16.75 16.55 16.65 
2016/09/08 16.70 16.75 16.60 16.65 
2016/09/09 16.80 16.80 16.65 16.70 
2016/09/10 16.70 16.80 16.55 16.65 
2016/09/12 16.75 16.75 16.55 16.65 
2016/09/13 16.70 16.70 16.45 16.65 
2016/09/14 16.65 16.65 16.50 16.65 
2016/09/19 16.50 16.65 16.50 16.60 
2016/09/20 16.65 16.65 16.50 16.60 
2016/09/21 16.60 16.70 16.50 16.65 
2016/09/22 16.65 16.70 16.60 16.70 
2016/09/23 16.70 16.75 16.65 16.70 
2016/09/26 16.65 16.75 16.65 16.75 
2016/09/29 16.75 16.80 16.60 16.70 
2016/09/30 16.70 16.75 16.65 16.65 
2016/10/03 16.60 16.70 16.60 16.65 
2016/10/04 16.65 16.70 16.55 16.70 
2016/10/05 16.70 16.70 16.60 16.70 
2016/10/06 16.70 16.80 16.65 16.80 
2016/10/07 16.70 16.80 16.55 16.60 
2016/10/11 16.75 16.75 16.55 16.65 
2016/10/12 16.65 16.65 16.45 16.65 
2016/10/13 16.50 16.60 16.50 16.55 
2016/10/14 16.50 16.55 16.30 16.55 
2016/10/17 16.55 16.55 16.40 16.50 
2016/10/18 16.60 16.60 16.40 16.50 
2016/10/19 16.50 16.60 16.50 16.55 
2016/10/20 16.55 16.65 16.50 16.60 
2016/10/21 16.65 16.65 16.50 16.50 
2016/10/24 16.55 16.55 16.45 16.55 
2016/10/25 16.55 16.55 16.40 16.50 
2016/10/26 16.50 16.55 16.45 16.55 
2016/10/27 16.55 16.55 16.50 16.55 
2016/10/28 16.45 16.50 16.40 16.50 
2016/10/31 16.60 16.60 16.40 16.50 
2016/11/01 16.40 16.55 16.40 16.50 
2016/11/02 16.40 16.50 16.35 16.50 
2016/11/03 16.50 16.50 16.30 16.45 
2016/11/04 16.45 16.50 16.20 16.40 
2016/11/07 16.40 16.45 16.25 16.40 
2016/11/08 16.40 16.45 16.25 16.40 
2016/11/09 16.40 16.45 16.20 16.30 
2016/11/10 16.30 16.50 16.30 16.45 
2016/11/11 16.50 16.50 16.30 16.45 
2016/11/14 16.45 16.45 16.25 16.40 
2016/11/15 16.35 16.40 16.20 16.40 
2016/11/16 16.40 16.40 16.20 16.35 
2016/11/17 16.30 16.35 16.15 16.35 
2016/11/18 16.20 16.35 16.15 16.25 
2016/11/21 16.25 16.25 16.10 16.25 
2016/11/22 16.25 16.30 16.10 16.25 
2016/11/23 16.15 16.25 16.10 16.25 
2016/11/24 16.20 16.25 16.05 16.10 
2016/11/25 16.10 16.20 16.00 16.10 
2016/11/28 16.10 16.10 15.90 15.90 
2016/11/29 16.00 16.05 15.85 16.00 
2016/11/30 16.00 16.20 16.00 16.15 
2016/12/01 16.15 16.20 16.10 16.20 
2016/12/02 16.20 16.30 16.15 16.25 
2016/12/05 16.25 16.25 16.10 16.20 
2016/12/06 16.20 16.25 16.10 16.25 
2016/12/07 16.25 16.25 16.15 16.20 
2016/12/08 16.25 16.35 16.15 16.35 
2016/12/09 16.35 16.35 16.20 16.35 
2016/12/12 16.35 16.35 16.20 16.30 
2016/12/13 16.30 16.35 16.20 16.35 
2016/12/14 16.35 16.35 16.25 16.35 
2016/12/15 16.35 16.35 16.20 16.35 
2016/12/16 16.25 16.40 16.25 16.35 
2016/12/19 16.35 16.35 16.20 16.30 
2016/12/20 16.30 16.30 16.25 16.30 
2016/12/21 16.30 16.30 16.25 16.30 
2016/12/22 16.35 16.40 16.20 16.30 
2016/12/23 16.35 16.35 16.20 16.30 
2016/12/26 16.25 16.30 16.20 16.30 
2016/12/27 16.25 16.30 16.15 16.30 
2016/12/28 16.25 16.30 16.20 16.30 
2016/12/29 16.20 16.30 16.15 16.30 
2016/12/30 16.25 16.35 16.25 16.30 
2017/01/03 16.30 16.30 16.25 16.30 
2017/01/04 16.25 16.30 16.20 16.30 
2017/01/05 16.30 16.30 16.20 16.30 
2017/01/06 16.30 16.30 16.20 16.30 
2017/01/09 16.30 16.35 16.20 16.25 
2017/01/10 16.30 16.30 16.20 16.30 
2017/01/11 16.25 16.35 16.25 16.35 
2017/01/12 16.35 16.45 16.30 16.40 
2017/01/13 16.40 16.45 16.30 16.45 
2017/01/16 16.45 16.50 16.30 16.45 
2017/01/17 16.30 16.50 16.30 16.50 
2017/01/18 16.35 16.55 16.35 16.55 
2017/01/19 16.55 16.60 16.45 16.55 
2017/01/20 16.55 16.65 16.45 16.60 
2017/01/23 16.60 16.70 16.50 16.60 
2017/01/24 16.60 16.65 16.55 16.65 
2017/02/02 16.70 16.95 16.65 16.95 
2017/02/03 16.95 17.30 16.90 17.20 
2017/02/06 17.20 17.45 17.15 17.40 
2017/02/07 17.40 17.45 17.30 17.30 
2017/02/08 17.40 17.45 17.15 17.35 
