2016/07/01 27.90 27.90 26.45 26.45 
2016/07/04 26.20 26.20 26.00 26.00 
2016/07/05 26.90 26.90 25.70 26.55 
2016/07/06 25.85 26.00 25.65 25.95 
2016/07/11 25.80 25.80 25.65 25.65 
2016/07/12 25.65 25.90 25.65 25.90 
2016/07/13 25.75 25.95 25.65 25.70 
2016/07/14 25.70 25.70 25.70 25.70 
2016/07/15 25.75 25.75 25.75 25.75 
2016/07/19 25.90 26.00 25.90 26.00 
2016/07/20 26.00 26.10 26.00 26.00 
2016/07/21 26.00 26.00 26.00 26.00 
2016/07/22 26.40 26.40 25.95 25.95 
2016/07/25 26.35 26.35 25.85 26.00 
2016/07/26 26.00 26.00 26.00 26.00 
2016/07/27 25.90 25.95 25.90 25.95 
2016/07/28 25.95 26.35 25.95 26.30 
2016/07/29 26.30 26.50 26.30 26.45 
2016/08/01 26.30 26.30 26.30 26.30 
2016/08/02 25.05 26.00 25.05 25.60 
2016/08/03 26.10 26.10 25.60 25.70 
2016/08/04 25.70 25.70 25.30 25.65 
2016/08/08 26.00 26.00 26.00 26.00 
2016/08/09 25.55 25.55 25.55 25.55 
2016/08/10 25.40 25.45 25.00 25.45 
2016/08/11 25.55 25.55 25.55 25.55 
2016/08/12 25.30 25.65 25.05 25.15 
2016/08/16 25.30 25.30 25.30 25.30 
2016/08/17 25.70 26.10 25.70 25.90 
2016/08/18 25.80 25.80 25.55 25.55 
2016/08/19 25.55 25.55 25.40 25.40 
2016/08/22 23.30 25.80 23.30 24.90 
2016/08/25 25.65 25.70 25.65 25.70 
2016/08/26 25.60 25.70 25.60 25.70 
2016/08/31 23.70 26.30 23.70 26.10 
2016/09/01 24.75 24.75 24.75 24.75 
2016/09/05 25.15 25.30 25.15 25.15 
2016/09/06 25.35 25.35 25.00 25.00 
2016/09/07 24.40 25.20 24.40 25.15 
2016/09/08 25.30 25.30 25.20 25.20 
2016/09/09 25.05 25.05 25.05 25.05 
2016/09/10 24.80 24.80 24.80 24.80 
2016/09/12 25.30 25.30 24.80 24.80 
2016/09/14 25.15 25.15 25.15 25.15 
2016/09/19 25.20 25.30 25.10 25.20 
2016/09/20 24.85 25.80 24.85 25.75 
2016/09/21 25.40 25.75 25.30 25.70 
2016/09/22 25.60 25.70 25.60 25.60 
2016/09/23 25.30 25.60 25.10 25.60 
2016/09/29 25.25 25.60 25.20 25.50 
2016/09/30 25.55 26.20 25.35 26.20 
2016/10/05 26.00 26.00 26.00 26.00 
2016/10/11 25.45 26.00 25.45 26.00 
2016/10/12 26.00 26.00 25.45 25.50 
2016/10/13 25.50 25.50 25.45 25.45 
2016/10/14 25.50 25.60 25.45 25.60 
2016/10/17 25.05 25.80 25.05 25.80 
2016/10/18 25.50 25.80 25.50 25.80 
2016/10/20 25.50 25.75 25.50 25.65 
2016/10/21 25.55 25.70 25.30 25.70 
2016/10/24 25.70 25.70 25.70 25.70 
2016/10/27 25.40 25.75 25.40 25.75 
2016/10/28 25.60 25.70 25.50 25.50 
2016/10/31 25.75 26.10 25.75 26.05 
2016/11/02 26.00 26.00 25.35 25.45 
2016/11/04 25.45 25.45 25.30 25.30 
2016/11/08 25.15 25.60 25.15 25.60 
2016/11/09 25.60 25.60 25.00 25.10 
2016/11/10 25.15 25.15 25.15 25.15 
2016/11/11 25.15 25.60 25.15 25.60 
2016/11/15 25.25 25.75 25.25 25.75 
2016/11/16 25.70 25.75 25.70 25.70 
2016/11/17 25.35 25.75 25.30 25.75 
2016/11/18 25.50 25.70 25.45 25.70 
2016/11/21 25.65 25.65 25.65 25.65 
2016/11/22 25.50 25.75 25.50 25.75 
2016/11/24 25.75 25.75 25.60 25.75 
2016/11/25 25.55 25.55 25.25 25.30 
2016/11/28 25.30 25.75 24.90 25.75 
2016/11/29 25.75 25.80 25.30 25.80 
2016/11/30 25.50 26.50 25.50 26.40 
2016/12/01 25.95 25.95 25.95 25.95 
2016/12/02 25.85 25.85 25.85 25.85 
2016/12/05 25.60 25.85 25.60 25.85 
2016/12/06 25.65 25.80 25.20 25.80 
2016/12/07 25.45 25.55 25.00 25.55 
2016/12/12 25.10 25.75 25.00 25.75 
2016/12/13 25.75 25.75 25.00 25.10 
2016/12/15 24.90 25.20 24.90 25.20 
2016/12/20 24.35 25.35 24.35 25.20 
2016/12/22 25.15 25.30 25.10 25.15 
2016/12/23 25.15 25.15 25.15 25.15 
2016/12/26 25.10 25.65 25.10 25.65 
2016/12/27 25.15 25.60 25.15 25.60 
2016/12/28 25.40 25.40 25.30 25.30 
2016/12/29 25.35 25.60 25.35 25.60 
2016/12/30 25.60 26.80 25.50 26.80 
2017/01/03 26.80 26.80 26.20 26.20 
2017/01/05 25.95 25.95 25.55 25.55 
2017/01/06 25.55 25.55 25.55 25.55 
2017/01/09 25.55 25.55 25.50 25.50 
2017/01/10 25.60 25.60 25.60 25.60 
2017/01/11 25.60 25.60 25.60 25.60 
2017/01/12 25.60 25.60 25.55 25.60 
2017/01/13 25.60 25.60 25.40 25.60 
2017/01/16 25.50 25.60 25.50 25.60 
2017/01/17 25.60 25.60 25.50 25.60 
2017/01/18 25.60 25.75 25.55 25.75 
2017/01/19 25.75 25.75 25.65 25.65 
2017/01/20 25.65 25.70 25.65 25.70 
2017/01/23 25.65 25.75 25.60 25.75 
2017/01/24 25.75 25.75 25.50 25.50 
2017/02/02 25.10 25.60 25.10 25.60 
2017/02/03 25.30 25.30 25.30 25.30 
2017/02/06 25.25 25.25 25.20 25.20 
2017/02/08 25.10 25.55 25.00 25.15 
