2016/07/01 284.50 286.00 284.50 284.50 
2016/07/04 284.50 288.50 284.00 288.50 
2016/07/05 288.00 289.50 281.50 281.50 
2016/07/06 281.00 285.50 279.50 280.00 
2016/07/07 280.00 281.50 278.50 281.50 
2016/07/11 281.50 290.00 278.00 285.50 
2016/07/12 285.50 289.00 284.50 285.50 
2016/07/13 285.50 295.50 285.50 290.00 
2016/07/14 291.50 292.00 287.00 291.00 
2016/07/15 290.00 302.00 290.00 297.50 
2016/07/18 299.00 299.00 293.50 296.00 
2016/07/19 297.00 311.00 295.50 310.00 
2016/07/20 308.00 324.00 305.50 318.50 
2016/07/21 321.50 332.00 314.50 329.00 
2016/07/22 333.00 333.00 323.50 328.00 
2016/07/25 321.00 332.00 321.00 330.00 
2016/07/26 330.00 330.50 326.00 330.00 
2016/07/27 333.00 333.00 327.00 328.50 
2016/07/28 328.00 328.50 322.00 324.50 
2016/07/29 324.00 344.00 319.50 341.00 
2016/08/01 338.00 357.00 329.00 330.50 
2016/08/02 333.50 340.00 328.50 331.00 
2016/08/03 329.50 333.00 328.00 329.00 
2016/08/04 330.00 341.00 330.00 331.00 
2016/08/05 334.50 335.00 330.00 330.00 
2016/08/08 327.50 333.00 327.50 329.00 
2016/08/09 329.00 331.00 324.50 328.00 
2016/08/10 340.00 360.50 340.00 353.00 
2016/08/11 350.00 351.00 333.00 335.50 
2016/08/12 338.00 348.00 337.50 339.00 
2016/08/15 339.00 339.00 329.00 329.50 
2016/08/16 333.50 339.00 327.00 328.00 
2016/08/17 331.00 333.50 324.00 325.00 
2016/08/18 328.00 329.50 324.00 329.50 
2016/08/19 332.00 335.00 320.00 322.50 
2016/08/22 322.50 329.00 320.50 325.00 
2016/08/23 335.00 335.00 327.00 329.50 
2016/08/24 314.00 314.00 303.00 307.50 
2016/08/25 307.50 307.50 298.00 298.00 
2016/08/26 300.00 310.50 299.50 308.00 
2016/08/29 308.00 308.00 296.00 304.00 
2016/08/30 304.00 308.00 299.00 305.00 
2016/08/31 303.00 305.50 300.00 303.00 
2016/09/01 300.50 302.00 298.50 299.50 
2016/09/02 299.00 300.50 296.00 297.50 
2016/09/05 293.00 298.50 285.00 297.50 
2016/09/06 299.50 305.00 298.50 305.00 
2016/09/07 305.00 307.00 303.00 304.00 
2016/09/08 304.00 334.00 304.00 330.50 
2016/09/09 325.00 326.00 312.00 313.00 
2016/09/10 309.50 320.00 309.00 320.00 
2016/09/12 324.00 324.00 306.00 309.50 
2016/09/13 315.00 325.00 309.50 316.50 
2016/09/14 313.50 315.50 308.00 310.00 
2016/09/19 308.50 314.50 303.50 308.50 
2016/09/20 309.00 315.00 309.00 310.50 
2016/09/21 312.00 315.00 311.00 312.00 
2016/09/22 313.50 313.50 307.00 312.00 
2016/09/23 310.00 315.00 308.50 315.00 
2016/09/26 310.50 313.00 308.00 309.50 
2016/09/29 309.50 315.00 308.00 310.00 
2016/09/30 309.00 315.00 309.00 312.00 
2016/10/03 312.00 327.00 312.00 318.00 
2016/10/04 321.00 321.50 318.00 319.00 
2016/10/05 316.50 322.00 316.50 321.00 
2016/10/06 319.00 319.00 314.00 315.00 
2016/10/07 313.00 315.50 311.00 312.00 
2016/10/11 305.50 308.50 296.00 297.00 
2016/10/12 297.00 298.00 285.00 290.50 
2016/10/13 289.00 296.00 286.00 289.00 
2016/10/14 290.00 290.00 286.00 287.00 
2016/10/17 286.50 286.50 274.00 274.00 
2016/10/18 274.00 285.00 274.00 280.00 
2016/10/19 280.00 285.50 279.50 279.50 
2016/10/20 280.00 288.00 280.00 283.50 
2016/10/21 283.50 289.50 283.00 285.50 
2016/10/24 288.00 288.00 280.00 285.00 
2016/10/25 282.00 284.00 281.00 281.50 
2016/10/26 281.00 284.50 278.50 283.00 
2016/10/27 281.50 282.00 278.50 278.50 
2016/10/28 278.50 281.50 277.00 278.00 
2016/10/31 277.00 291.00 277.00 283.00 
2016/11/01 288.00 288.00 277.00 277.00 
2016/11/02 275.00 280.00 275.00 278.50 
2016/11/03 278.50 278.50 270.00 272.50 
2016/11/04 271.00 278.00 271.00 275.00 
2016/11/07 276.00 284.50 274.00 283.50 
2016/11/08 283.50 284.50 280.00 281.50 
2016/11/09 283.00 291.50 283.00 283.00 
2016/11/10 294.50 308.00 292.50 300.50 
2016/11/11 295.00 299.50 282.50 289.00 
2016/11/14 290.00 293.50 287.50 288.50 
2016/11/15 285.00 286.00 272.00 274.00 
2016/11/16 273.00 276.00 265.00 273.00 
2016/11/17 273.00 275.00 270.00 274.00 
2016/11/18 270.50 272.50 268.50 271.50 
2016/11/21 271.50 278.50 270.00 272.50 
2016/11/22 276.00 278.50 272.50 273.00 
2016/11/23 273.00 275.50 271.00 272.50 
2016/11/24 270.50 270.50 266.00 267.50 
2016/11/25 268.50 270.00 262.50 263.00 
2016/11/28 261.00 268.00 261.00 265.00 
2016/11/29 266.50 267.00 263.50 264.50 
2016/11/30 263.00 267.50 263.00 265.50 
2016/12/01 265.00 270.50 264.50 265.50 
2016/12/02 265.50 266.50 264.00 265.00 
2016/12/05 264.50 271.00 264.50 270.00 
2016/12/06 271.50 278.50 271.00 277.00 
2016/12/07 279.00 281.50 277.00 280.50 
2016/12/08 281.00 281.00 279.00 279.00 
2016/12/09 280.00 282.00 271.50 274.00 
2016/12/12 266.00 268.00 250.50 255.00 
2016/12/13 255.00 257.00 251.50 252.00 
2016/12/14 254.00 256.50 253.00 254.50 
2016/12/15 254.00 257.00 252.50 253.00 
2016/12/16 256.00 257.50 252.00 257.50 
2016/12/19 257.50 257.50 254.00 254.00 
2016/12/20 254.00 255.50 252.50 253.00 
2016/12/21 252.50 255.00 252.50 253.50 
2016/12/22 252.50 252.50 241.00 243.00 
2016/12/23 243.00 248.50 241.00 245.50 
2016/12/26 250.00 252.50 244.00 245.00 
2016/12/27 246.00 246.50 245.50 245.50 
2016/12/28 245.50 247.00 244.00 246.00 
2016/12/29 246.00 246.00 241.00 241.50 
2016/12/30 243.00 245.50 241.50 245.00 
2017/01/03 245.00 245.50 242.50 244.50 
2017/01/04 247.00 247.00 241.50 242.00 
2017/01/05 243.50 257.50 243.50 254.50 
2017/01/06 254.50 261.00 254.50 259.00 
2017/01/09 260.50 261.00 253.50 256.00 
2017/01/10 256.00 260.50 254.50 258.50 
2017/01/11 261.00 261.00 250.00 250.00 
2017/01/12 250.50 252.50 243.50 244.50 
2017/01/13 245.00 247.00 242.50 245.00 
2017/01/16 246.50 247.00 242.50 242.50 
2017/01/17 242.50 243.50 241.50 241.50 
2017/01/18 244.00 244.00 243.00 243.00 
2017/01/19 243.00 243.50 239.00 239.00 
2017/01/20 237.50 246.00 237.00 245.00 
2017/01/23 248.00 268.00 248.00 261.00 
2017/01/24 262.00 278.00 262.00 274.00 
2017/02/02 277.00 290.00 274.50 287.50 
2017/02/03 289.00 290.00 285.50 290.00 
2017/02/06 291.00 299.00 289.00 297.00 
2017/02/07 296.00 296.00 290.00 292.50 
2017/02/08 285.50 292.50 285.50 292.50 
