2016/07/01 114.50 115.00 112.00 112.50 
2016/07/04 113.00 113.50 112.50 113.00 
2016/07/05 113.00 113.50 112.50 113.00 
2016/07/06 112.50 113.00 111.50 112.00 
2016/07/07 113.00 116.00 112.50 115.00 
2016/07/11 116.00 116.00 114.50 116.00 
2016/07/12 116.50 116.50 114.00 114.50 
2016/07/13 115.00 124.00 115.00 120.50 
2016/07/14 120.00 122.00 118.50 118.50 
2016/07/15 119.50 120.50 118.50 119.00 
2016/07/18 120.00 130.50 119.00 130.50 
2016/07/19 134.00 141.00 131.50 138.00 
2016/07/20 139.50 143.50 138.00 140.50 
2016/07/21 140.50 143.50 138.50 142.50 
2016/07/22 142.50 146.50 140.00 141.50 
2016/07/25 142.50 145.00 137.50 138.00 
2016/07/26 140.00 145.00 140.00 143.50 
2016/07/27 144.00 144.50 139.00 139.50 
2016/07/28 141.00 142.00 138.00 138.50 
2016/07/29 139.50 144.00 138.50 142.00 
2016/08/01 142.50 149.00 141.50 146.00 
2016/08/02 147.50 148.00 145.00 146.00 
2016/08/03 144.50 148.00 144.50 146.50 
2016/08/04 146.50 147.50 139.50 141.00 
2016/08/05 141.00 142.50 138.50 139.00 
2016/08/08 142.00 143.00 138.00 138.00 
2016/08/09 138.50 139.00 133.00 134.50 
2016/08/10 134.00 136.00 132.00 135.50 
2016/08/11 137.00 140.50 136.50 140.00 
2016/08/12 141.00 142.00 136.50 137.00 
2016/08/15 137.00 137.50 134.50 135.00 
2016/08/16 135.00 143.00 134.50 139.50 
2016/08/17 139.00 141.00 137.00 140.00 
2016/08/18 140.00 143.00 140.00 140.50 
2016/08/19 142.00 142.00 137.50 138.00 
2016/08/22 138.00 138.00 135.00 136.00 
2016/08/23 136.50 136.50 134.50 135.50 
2016/08/24 136.00 137.00 135.00 135.00 
2016/08/25 136.00 136.00 135.00 135.50 
2016/08/26 135.50 136.00 135.00 135.00 
2016/08/29 136.00 141.00 135.00 139.50 
2016/08/30 139.50 140.50 138.00 138.50 
2016/08/31 138.50 139.00 137.50 137.50 
2016/09/01 137.00 138.00 135.50 136.50 
2016/09/02 136.50 137.00 133.00 134.00 
2016/09/05 134.50 135.50 133.00 134.00 
2016/09/06 134.00 136.00 134.00 135.50 
2016/09/07 135.50 136.50 134.00 135.50 
2016/09/08 136.00 137.50 135.00 137.50 
2016/09/09 137.00 138.00 136.00 137.50 
2016/09/10 134.50 135.00 132.50 133.00 
2016/09/12 132.00 133.00 124.50 124.50 
2016/09/13 125.00 126.00 122.00 123.00 
2016/09/14 124.00 124.00 119.00 121.00 
2016/09/19 121.50 123.00 121.00 122.00 
2016/09/20 121.50 124.50 121.50 124.50 
2016/09/21 124.00 124.00 118.50 121.00 
2016/09/22 125.00 125.00 122.50 123.00 
2016/09/23 122.00 124.00 122.00 122.50 
2016/09/26 122.00 122.00 121.00 121.00 
2016/09/29 121.00 122.50 120.50 121.00 
2016/09/30 121.00 121.00 119.50 120.50 
2016/10/03 121.00 126.00 120.00 125.00 
2016/10/04 125.00 125.00 121.50 122.00 
2016/10/05 123.00 123.00 121.50 122.00 
2016/10/06 122.50 125.50 122.50 123.00 
2016/10/07 123.00 123.50 122.50 123.00 
2016/10/11 122.50 122.50 114.50 118.00 
2016/10/12 117.50 119.50 117.00 119.50 
2016/10/13 119.50 119.50 116.50 116.50 
2016/10/14 116.50 117.00 113.50 113.50 
2016/10/17 113.50 117.00 113.00 116.00 
2016/10/18 115.50 115.50 114.00 114.50 
2016/10/19 115.00 115.00 114.00 114.50 
2016/10/20 114.50 115.50 114.50 114.50 
2016/10/21 115.00 116.00 114.50 114.50 
2016/10/24 115.00 117.00 115.00 116.00 
2016/10/25 116.00 119.50 116.00 118.00 
2016/10/26 117.00 118.00 115.00 115.50 
2016/10/27 115.00 116.00 114.50 115.50 
2016/10/28 115.50 116.50 115.50 115.50 
2016/10/31 116.00 116.50 115.50 115.50 
2016/11/01 115.50 117.50 115.50 117.00 
2016/11/02 116.50 120.00 116.00 119.00 
2016/11/03 119.00 123.00 117.50 122.00 
2016/11/04 122.00 122.50 120.00 120.00 
2016/11/07 121.00 121.00 118.00 118.50 
2016/11/08 118.50 119.00 117.50 118.00 
2016/11/09 118.00 119.00 112.50 114.50 
2016/11/10 122.00 124.00 119.00 121.00 
2016/11/11 120.00 120.00 116.50 117.50 
2016/11/14 118.00 120.00 117.00 118.50 
2016/11/15 118.00 121.50 118.00 120.50 
2016/11/16 121.50 126.50 121.00 124.50 
2016/11/17 126.00 129.00 126.00 128.50 
2016/11/18 128.50 129.00 126.50 128.50 
2016/11/21 128.00 128.50 126.50 128.50 
2016/11/22 128.50 131.50 127.00 131.50 
2016/11/23 132.00 132.50 128.00 128.50 
2016/11/24 129.00 129.00 127.00 128.00 
2016/11/25 128.00 129.00 127.50 128.50 
2016/11/28 133.00 141.00 133.00 141.00 
2016/11/29 141.00 144.50 138.00 138.00 
2016/11/30 138.00 141.00 136.50 138.00 
2016/12/01 139.00 142.00 137.00 141.50 
2016/12/02 140.00 145.00 139.00 143.00 
2016/12/05 145.00 148.00 142.50 143.00 
2016/12/06 143.50 144.50 139.00 139.50 
2016/12/07 139.00 140.50 138.50 139.00 
2016/12/08 141.00 142.50 138.00 138.50 
2016/12/09 138.50 140.50 136.50 140.00 
2016/12/12 136.00 136.50 130.50 131.00 
2016/12/13 130.00 133.50 129.50 132.00 
2016/12/14 133.00 134.00 132.00 132.00 
2016/12/15 132.00 133.00 130.50 132.50 
2016/12/16 133.50 133.50 131.50 132.00 
2016/12/19 132.00 132.50 130.50 131.00 
2016/12/20 132.00 135.00 129.50 134.00 
2016/12/21 134.50 134.50 132.00 132.50 
2016/12/22 132.50 133.50 131.50 131.50 
2016/12/23 131.50 132.50 131.00 132.50 
2016/12/26 134.50 134.50 131.50 133.50 
2016/12/27 133.50 133.50 131.50 131.50 
2016/12/28 132.00 132.50 131.50 131.50 
2016/12/29 131.50 132.50 131.50 132.50 
2016/12/30 133.50 133.50 131.50 131.50 
2017/01/03 131.50 132.50 130.00 132.00 
2017/01/04 132.50 136.50 132.00 136.00 
2017/01/05 136.00 137.50 135.50 137.00 
2017/01/06 138.00 141.00 138.00 139.00 
2017/01/09 140.00 140.50 133.00 135.50 
2017/01/10 136.00 136.50 134.50 136.00 
2017/01/11 137.50 140.00 137.00 139.50 
2017/01/12 140.00 141.00 139.00 140.50 
2017/01/13 140.50 145.50 140.00 144.00 
2017/01/16 144.00 145.00 140.00 140.50 
2017/01/17 140.50 142.50 140.50 141.50 
2017/01/18 142.00 142.00 140.50 141.00 
2017/01/19 141.00 142.50 140.50 142.00 
2017/01/20 142.00 142.00 139.50 139.50 
2017/01/23 141.00 141.50 139.00 139.00 
2017/01/24 139.00 140.00 138.50 140.00 
2017/02/02 140.00 145.00 140.00 144.00 
2017/02/03 144.00 144.50 142.00 143.50 
2017/02/06 144.00 153.00 143.50 147.50 
2017/02/07 147.50 147.50 143.50 146.00 
2017/02/08 145.00 146.50 143.00 144.00 
