2016/07/01 226.00 226.00 224.50 225.50 
2016/07/04 225.50 226.00 225.00 226.00 
2016/07/05 226.00 226.00 225.50 226.00 
2016/07/06 226.00 226.50 225.00 226.50 
2016/07/07 216.00 219.00 216.00 218.50 
2016/07/11 220.00 220.00 216.50 216.50 
2016/07/12 217.00 217.00 216.00 216.00 
2016/07/13 217.00 218.00 217.00 218.00 
2016/07/14 218.00 218.00 216.50 217.50 
2016/07/15 217.50 218.00 217.00 218.00 
2016/07/18 220.00 221.00 218.00 220.00 
2016/07/19 220.50 220.50 219.50 220.50 
2016/07/20 220.50 222.00 220.50 222.00 
2016/07/21 222.50 222.50 221.50 222.50 
2016/07/22 222.00 222.50 221.00 222.00 
2016/07/25 224.00 224.00 221.00 223.00 
2016/07/26 223.00 223.50 221.50 223.00 
2016/07/27 223.00 223.00 220.50 221.00 
2016/07/28 222.00 222.00 221.00 221.50 
2016/07/29 221.50 222.00 220.00 220.00 
2016/08/01 221.00 222.00 221.00 222.00 
2016/08/02 222.50 222.50 221.50 222.50 
2016/08/03 222.00 222.50 220.50 222.50 
2016/08/04 222.00 223.50 222.00 223.00 
2016/08/05 223.00 223.50 222.50 223.00 
2016/08/08 223.00 224.00 223.00 224.00 
2016/08/09 224.50 228.00 224.50 226.00 
2016/08/10 227.50 227.50 225.00 226.00 
2016/08/11 227.00 233.50 227.00 230.00 
2016/08/12 231.00 232.00 228.00 229.50 
2016/08/15 232.00 233.50 231.50 233.00 
2016/08/16 235.00 235.00 223.00 233.00 
2016/08/17 232.50 232.50 226.00 230.00 
2016/08/18 229.00 229.00 228.00 229.00 
2016/08/19 230.00 230.00 226.50 227.00 
2016/08/22 228.00 229.00 225.50 227.00 
2016/08/23 227.00 227.00 225.00 226.00 
2016/08/24 226.00 226.00 224.00 225.00 
2016/08/25 225.50 225.50 224.50 225.00 
2016/08/26 225.00 225.00 222.00 224.00 
2016/08/29 224.00 225.00 223.00 223.50 
2016/08/30 223.50 224.00 221.00 222.00 
2016/08/31 222.00 223.00 222.00 223.00 
2016/09/01 224.00 224.00 220.00 221.00 
2016/09/02 221.50 222.00 219.50 222.00 
2016/09/05 222.00 222.00 220.00 220.00 
2016/09/06 220.50 221.00 219.50 219.50 
2016/09/07 220.00 221.00 219.00 221.00 
2016/09/08 221.00 223.00 219.50 221.00 
2016/09/09 221.00 221.00 218.00 218.00 
2016/09/10 218.00 220.00 217.00 220.00 
2016/09/12 220.50 220.50 217.50 218.00 
2016/09/13 219.00 219.00 216.00 217.00 
2016/09/14 217.00 217.00 216.50 217.00 
2016/09/19 217.00 219.00 216.50 219.00 
2016/09/20 219.00 219.00 217.00 219.00 
2016/09/21 219.00 219.00 216.00 219.00 
2016/09/22 219.50 219.50 218.00 219.00 
2016/09/23 219.00 219.00 218.00 219.00 
2016/09/26 219.00 219.00 218.50 219.00 
2016/09/29 219.00 220.00 217.00 219.00 
2016/09/30 219.00 219.00 218.00 219.00 
2016/10/03 219.00 219.00 218.50 219.00 
2016/10/04 219.50 220.00 219.00 220.00 
2016/10/05 220.00 221.00 220.00 220.50 
2016/10/06 220.50 220.50 219.50 220.00 
2016/10/07 221.00 221.00 219.00 219.00 
2016/10/11 219.00 220.50 216.50 217.00 
2016/10/12 216.00 220.00 214.50 220.00 
2016/10/13 219.00 219.00 216.50 217.00 
2016/10/14 216.00 216.50 215.50 216.00 
2016/10/17 217.00 217.00 215.00 217.00 
2016/10/18 217.00 217.00 215.00 216.00 
2016/10/19 215.00 216.50 215.00 216.50 
2016/10/20 217.00 217.00 213.00 214.00 
2016/10/21 214.00 215.00 214.00 215.00 
2016/10/24 216.00 216.00 214.50 215.50 
2016/10/25 216.00 216.00 215.00 215.00 
2016/10/26 215.00 215.00 211.00 213.00 
2016/10/27 213.50 213.50 209.50 210.50 
2016/10/28 212.00 212.00 206.50 208.00 
2016/10/31 208.00 209.50 206.00 209.50 
2016/11/01 209.50 211.00 207.00 207.00 
2016/11/02 208.00 208.00 204.50 206.00 
2016/11/03 207.00 208.00 204.50 204.50 
2016/11/04 205.00 206.00 204.50 205.00 
2016/11/07 208.00 208.00 205.50 205.50 
2016/11/08 206.00 208.00 204.50 206.00 
2016/11/09 207.00 207.00 204.00 205.50 
2016/11/10 208.00 210.00 206.50 210.00 
2016/11/11 208.00 216.00 207.00 216.00 
2016/11/14 215.50 218.00 212.00 214.50 
2016/11/15 218.00 222.00 218.00 222.00 
2016/11/16 222.00 222.50 220.00 221.50 
2016/11/17 222.00 222.00 218.50 220.00 
2016/11/18 220.00 220.00 219.00 220.00 
2016/11/21 222.00 222.00 218.00 218.00 
2016/11/22 219.50 219.50 217.00 217.50 
2016/11/23 217.50 219.00 217.00 217.50 
2016/11/24 218.00 218.00 217.00 217.50 
2016/11/25 218.00 218.00 217.00 218.00 
2016/11/28 218.00 218.50 217.50 218.00 
2016/11/29 218.50 219.00 218.50 218.50 
2016/11/30 219.00 219.00 218.50 218.50 
2016/12/01 219.00 219.00 218.50 219.00 
2016/12/02 219.00 219.00 217.50 218.00 
2016/12/05 218.50 219.50 218.50 219.00 
2016/12/06 219.00 224.00 219.00 224.00 
2016/12/07 225.00 227.50 225.00 227.50 
2016/12/08 230.00 230.00 227.00 227.00 
2016/12/09 227.50 227.50 225.00 227.00 
2016/12/12 224.00 226.00 220.00 221.00 
2016/12/13 222.00 222.00 212.50 214.00 
2016/12/14 216.00 217.00 215.00 217.00 
2016/12/15 217.50 218.50 215.00 218.50 
2016/12/16 220.00 220.00 218.50 220.00 
2016/12/19 219.00 220.00 217.00 219.50 
2016/12/20 219.50 220.50 217.50 220.00 
2016/12/21 219.00 220.00 215.50 220.00 
2016/12/22 219.00 220.00 216.00 220.00 
2016/12/23 219.00 220.00 218.50 220.00 
2016/12/26 220.00 220.00 219.00 220.00 
2016/12/27 220.00 220.00 218.00 220.00 
2016/12/28 219.00 220.00 218.00 220.00 
2016/12/29 219.00 219.00 217.00 219.00 
2016/12/30 215.50 220.00 215.50 220.00 
2017/01/03 220.00 220.00 217.00 219.50 
2017/01/04 218.00 219.00 217.50 219.00 
2017/01/05 219.00 219.50 218.00 219.50 
2017/01/06 219.00 219.00 218.00 218.50 
2017/01/09 218.00 219.00 217.00 219.00 
2017/01/10 217.00 219.00 217.00 219.00 
2017/01/11 219.00 220.00 218.00 220.00 
2017/01/12 221.50 221.50 219.00 220.50 
2017/01/13 220.50 220.50 218.50 220.50 
2017/01/16 219.50 219.50 219.00 219.50 
2017/01/17 219.00 219.00 218.00 218.00 
2017/01/18 219.00 219.00 218.00 219.00 
2017/01/19 219.00 219.00 218.00 219.00 
2017/01/20 218.00 220.00 217.50 220.00 
2017/01/23 221.50 224.00 219.00 222.50 
2017/01/24 220.00 222.00 219.00 222.00 
2017/02/02 220.50 225.00 220.50 224.50 
2017/02/03 224.00 224.50 223.00 224.50 
2017/02/06 225.00 227.00 224.50 226.50 
2017/02/07 226.00 226.00 224.50 225.50 
2017/02/08 225.50 227.00 224.50 226.50 
