2016/07/01 83.50 85.30 83.50 85.00 
2016/07/04 85.20 86.00 85.20 86.00 
2016/07/05 86.10 86.10 85.40 85.50 
2016/07/06 85.30 85.30 84.40 85.30 
2016/07/07 85.30 85.50 84.80 85.50 
2016/07/11 85.50 86.90 85.50 86.40 
2016/07/12 86.90 86.90 85.90 86.80 
2016/07/13 86.80 87.60 86.40 87.50 
2016/07/14 88.00 89.30 87.50 88.70 
2016/07/15 89.20 89.90 88.90 89.90 
2016/07/18 75.00 79.00 75.00 79.00 
2016/07/19 79.50 79.50 77.10 77.10 
2016/07/20 77.00 77.90 76.00 76.50 
2016/07/21 78.50 79.80 77.40 79.40 
2016/07/22 79.20 80.90 79.10 80.40 
2016/07/25 80.40 81.00 79.60 80.10 
2016/07/26 80.10 81.80 79.70 81.20 
2016/07/27 81.30 81.50 81.10 81.50 
2016/07/28 81.50 82.70 81.50 82.50 
2016/07/29 82.50 82.90 81.30 82.60 
2016/08/01 82.40 82.40 80.60 81.50 
2016/08/02 81.00 81.00 80.10 80.20 
2016/08/03 80.20 80.20 78.60 78.60 
2016/08/04 79.30 79.50 78.50 79.30 
2016/08/05 80.00 81.50 80.00 80.70 
2016/08/08 80.70 81.00 79.50 80.30 
2016/08/09 80.30 80.30 79.70 79.70 
2016/08/10 80.10 80.50 79.70 79.90 
2016/08/11 79.60 80.00 78.00 78.10 
2016/08/12 78.20 79.00 78.00 78.20 
2016/08/15 78.10 78.10 77.00 77.00 
2016/08/16 77.00 79.70 77.00 78.30 
2016/08/17 78.30 78.30 77.90 78.30 
2016/08/18 78.60 78.80 78.50 78.50 
2016/08/19 77.80 80.40 77.80 79.30 
2016/08/22 79.30 79.60 79.20 79.50 
2016/08/23 79.60 79.60 79.20 79.30 
2016/08/24 79.40 79.40 78.90 79.30 
2016/08/25 79.60 81.20 79.30 81.10 
2016/08/26 82.00 82.00 79.50 81.40 
2016/08/29 81.30 81.70 80.30 81.20 
2016/08/30 81.20 82.80 81.20 82.80 
2016/08/31 82.50 83.90 82.30 82.90 
2016/09/01 82.00 83.10 81.10 82.60 
2016/09/02 83.00 83.00 81.00 81.10 
2016/09/05 81.50 81.90 80.90 81.80 
2016/09/06 81.80 82.00 81.10 81.10 
2016/09/07 80.60 81.20 79.10 81.00 
2016/09/08 80.80 81.90 80.60 81.30 
2016/09/09 80.80 82.10 80.10 82.10 
2016/09/10 81.70 82.40 80.80 82.40 
2016/09/12 82.40 82.50 81.20 81.80 
2016/09/13 81.80 81.80 78.90 79.10 
2016/09/14 79.10 79.90 79.10 79.60 
2016/09/19 79.60 80.40 79.50 79.80 
2016/09/20 78.60 80.00 78.60 80.00 
2016/09/21 80.10 80.10 79.50 80.00 
2016/09/22 81.50 81.60 80.30 80.70 
2016/09/23 80.70 81.80 80.60 81.80 
2016/09/26 81.40 81.60 80.50 80.80 
2016/09/29 81.10 81.10 80.10 80.40 
2016/09/30 80.20 80.40 80.10 80.20 
2016/10/03 80.20 80.40 80.20 80.30 
2016/10/04 81.50 81.50 80.30 80.40 
2016/10/05 80.30 80.30 78.90 80.00 
2016/10/06 80.00 80.00 79.70 79.70 
2016/10/07 79.70 79.70 79.30 79.50 
2016/10/11 80.00 80.00 77.60 80.00 
2016/10/12 78.20 78.80 77.80 78.70 
2016/10/13 79.60 79.60 77.40 77.70 
2016/10/14 77.70 77.70 76.80 76.80 
2016/10/17 78.90 78.90 76.70 77.00 
2016/10/18 76.90 77.00 76.80 77.00 
2016/10/19 77.80 77.80 76.60 76.90 
2016/10/20 77.30 77.30 76.40 76.40 
2016/10/21 76.20 76.40 74.00 75.40 
2016/10/24 76.00 76.00 75.30 75.30 
2016/10/25 75.40 75.40 72.50 73.10 
2016/10/26 72.90 72.90 72.20 72.30 
2016/10/27 72.40 72.40 70.30 72.00 
2016/10/28 73.30 73.50 71.40 71.80 
2016/10/31 72.00 74.20 72.00 73.60 
2016/11/01 73.60 73.70 72.00 72.70 
2016/11/02 72.70 73.60 72.00 72.50 
2016/11/03 72.50 72.50 69.20 71.00 
2016/11/04 72.00 72.00 71.10 71.40 
2016/11/07 71.50 73.00 71.40 71.60 
2016/11/08 72.50 72.50 71.40 71.60 
2016/11/09 70.50 71.50 69.20 71.30 
2016/11/10 72.00 72.10 71.30 72.10 
2016/11/11 72.20 73.10 71.00 72.80 
2016/11/14 73.00 73.50 72.30 73.30 
2016/11/15 73.00 73.00 72.40 72.40 
2016/11/16 73.00 73.00 71.90 72.80 
2016/11/17 73.30 73.30 72.00 73.30 
2016/11/18 72.10 72.50 72.00 72.40 
2016/11/21 72.40 72.80 71.80 72.80 
2016/11/22 72.50 72.80 72.10 72.40 
2016/11/23 72.50 72.90 72.30 72.70 
2016/11/24 72.20 72.70 72.20 72.70 
2016/11/25 72.50 72.70 72.10 72.10 
2016/11/28 72.10 73.30 72.10 73.30 
2016/11/29 73.50 73.50 73.00 73.40 
2016/11/30 72.60 73.30 72.60 73.30 
2016/12/01 73.20 74.90 73.20 73.80 
2016/12/02 74.50 74.50 73.50 74.10 
2016/12/05 74.30 74.70 73.60 74.50 
2016/12/06 74.70 74.80 74.10 74.50 
2016/12/07 74.50 78.90 74.20 78.90 
2016/12/08 78.90 80.30 78.50 79.60 
2016/12/09 80.10 82.00 79.20 79.70 
2016/12/12 80.50 81.40 79.90 80.00 
2016/12/13 80.10 80.90 78.70 79.60 
2016/12/14 79.60 79.60 78.50 79.20 
2016/12/15 78.10 78.10 77.10 77.50 
2016/12/16 77.50 79.20 77.00 79.20 
2016/12/19 79.30 79.50 77.80 78.20 
2016/12/20 78.40 79.40 78.00 78.20 
2016/12/21 79.40 79.40 77.90 78.50 
2016/12/22 78.00 78.00 77.20 77.50 
2016/12/23 78.80 78.80 77.50 78.00 
2016/12/26 78.00 78.00 77.00 77.50 
2016/12/27 77.50 77.80 77.00 77.80 
2016/12/28 77.80 78.00 76.90 77.00 
2016/12/29 76.00 78.00 76.00 77.30 
2016/12/30 77.40 78.50 77.00 77.90 
2017/01/03 78.00 78.50 77.20 78.40 
2017/01/04 78.40 78.70 78.10 78.70 
2017/01/05 78.70 79.00 78.50 79.00 
2017/01/06 79.00 79.00 77.40 78.80 
2017/01/09 78.20 78.20 77.50 77.50 
2017/01/10 77.20 77.90 77.00 77.90 
2017/01/11 77.50 78.00 77.10 77.80 
2017/01/12 78.50 78.50 77.40 77.80 
2017/01/13 77.70 77.80 76.50 77.80 
2017/01/16 77.80 78.00 76.00 77.80 
2017/01/17 77.70 77.70 77.00 77.70 
2017/01/18 77.70 80.60 77.40 80.40 
2017/01/19 81.00 81.00 79.90 80.30 
2017/01/20 80.00 80.00 78.80 79.40 
2017/01/23 78.90 79.40 78.30 78.50 
2017/01/24 78.10 78.80 77.40 78.80 
2017/02/02 78.10 78.60 77.10 77.80 
2017/02/03 77.80 78.90 77.80 78.90 
2017/02/06 78.80 78.90 77.90 78.40 
2017/02/07 78.30 78.80 77.60 78.80 
2017/02/08 78.00 78.80 77.80 78.70 
