2016/07/01 18.80 19.00 18.20 18.20 
2016/07/04 17.60 18.30 17.60 18.15 
2016/07/05 19.70 19.70 18.25 18.25 
2016/07/06 18.85 18.85 18.25 18.30 
2016/07/07 18.70 18.70 18.30 18.30 
2016/07/11 18.25 18.25 18.20 18.20 
2016/07/12 18.30 18.45 18.00 18.00 
2016/07/13 18.40 18.40 17.30 18.15 
2016/07/14 18.15 18.20 18.15 18.20 
2016/07/15 18.45 20.00 18.45 20.00 
2016/07/18 22.00 22.00 20.45 20.65 
2016/07/19 20.65 20.65 20.10 20.50 
2016/07/20 20.50 21.35 20.35 20.90 
2016/07/21 20.50 21.50 20.10 21.50 
2016/07/22 21.90 22.55 21.75 21.75 
2016/07/25 21.70 21.70 20.90 21.70 
2016/07/26 21.80 21.80 21.00 21.45 
2016/07/27 21.50 22.15 21.50 22.05 
2016/07/28 22.00 22.00 22.00 22.00 
2016/07/29 22.05 22.05 21.40 21.45 
2016/08/01 21.05 21.80 21.00 21.80 
2016/08/02 21.50 22.80 21.15 22.00 
2016/08/03 22.30 22.30 21.50 22.05 
2016/08/04 22.45 22.45 21.85 21.90 
2016/08/05 22.00 22.20 21.90 21.95 
2016/08/08 22.25 22.25 21.80 21.80 
2016/08/09 21.40 21.40 21.00 21.00 
2016/08/10 21.00 21.00 21.00 21.00 
2016/08/11 20.00 20.55 20.00 20.55 
2016/08/12 20.15 20.15 20.05 20.05 
2016/08/15 20.05 20.30 20.05 20.15 
2016/08/17 19.95 20.00 19.95 20.00 
2016/08/18 20.00 20.00 20.00 20.00 
2016/08/19 19.55 19.55 19.55 19.55 
2016/08/22 19.20 20.20 19.10 20.20 
2016/08/24 19.20 19.75 19.20 19.60 
2016/08/25 19.50 19.50 19.50 19.50 
2016/08/26 19.30 19.30 19.15 19.20 
2016/08/29 19.20 19.20 19.20 19.20 
2016/08/30 19.20 19.20 19.20 19.20 
2016/08/31 19.05 19.05 19.00 19.05 
2016/09/01 19.50 19.50 19.50 19.50 
2016/09/02 19.05 19.10 18.90 18.90 
2016/09/05 19.10 20.40 19.10 19.60 
2016/09/06 19.20 19.20 19.00 19.15 
2016/09/08 18.40 19.10 18.40 19.10 
2016/09/09 18.65 18.70 18.65 18.70 
2016/09/12 18.65 18.65 18.60 18.60 
2016/09/13 18.50 18.50 18.45 18.45 
2016/09/14 18.40 18.40 18.20 18.20 
2016/09/19 18.65 18.65 18.65 18.65 
2016/09/20 19.00 20.50 19.00 20.50 
2016/09/21 20.55 22.55 20.55 22.50 
2016/09/22 22.10 22.10 20.55 20.95 
2016/09/23 20.95 20.95 20.20 20.30 
2016/09/26 20.30 20.30 19.30 19.30 
2016/09/29 19.35 19.35 19.30 19.35 
2016/09/30 19.10 19.25 19.10 19.25 
2016/10/03 19.85 19.85 19.45 19.45 
2016/10/04 19.40 19.40 19.40 19.40 
2016/10/05 19.50 19.50 19.50 19.50 
2016/10/06 19.50 19.50 19.40 19.40 
2016/10/11 19.30 19.30 18.40 18.40 
2016/10/12 18.50 18.50 18.50 18.50 
2016/10/13 18.30 18.50 18.30 18.50 
2016/10/14 18.25 18.25 18.20 18.20 
2016/10/17 18.20 18.50 18.20 18.50 
2016/10/19 18.15 18.15 18.15 18.15 
2016/10/20 18.20 18.20 18.00 18.10 
2016/10/21 18.20 18.20 18.20 18.20 
2016/10/24 18.20 18.20 18.20 18.20 
2016/10/25 18.20 18.20 18.00 18.00 
2016/10/26 18.00 18.15 18.00 18.15 
2016/10/27 18.10 18.10 18.10 18.10 
2016/10/28 17.80 17.95 17.65 17.85 
2016/10/31 17.80 17.80 17.80 17.80 
2016/11/02 17.80 17.80 17.70 17.70 
2016/11/03 17.65 17.65 17.30 17.65 
2016/11/04 17.65 17.80 17.40 17.70 
2016/11/07 17.50 17.65 17.45 17.65 
2016/11/08 17.50 18.45 17.50 18.45 
2016/11/09 17.60 17.75 16.70 17.20 
2016/11/10 17.45 17.45 17.20 17.20 
2016/11/11 17.00 17.10 16.80 16.80 
2016/11/14 16.40 16.80 16.00 16.30 
2016/11/15 16.30 16.60 15.60 16.05 
2016/11/16 16.00 16.15 15.80 16.15 
2016/11/17 16.00 16.15 16.00 16.10 
2016/11/18 16.30 16.30 16.00 16.25 
2016/11/21 16.50 16.50 16.00 16.35 
2016/11/22 16.00 16.30 16.00 16.30 
2016/11/23 15.45 15.75 14.70 14.70 
2016/11/24 14.70 16.15 14.50 16.15 
2016/11/25 16.30 16.55 15.50 15.50 
2016/11/28 15.30 16.45 15.30 16.30 
2016/11/29 16.05 16.45 15.95 16.45 
2016/11/30 16.90 16.90 16.40 16.45 
2016/12/01 16.65 16.65 16.00 16.45 
2016/12/02 16.65 16.70 16.30 16.45 
2016/12/05 16.40 16.45 16.40 16.45 
2016/12/06 16.80 16.90 16.45 16.80 
2016/12/07 16.80 16.80 16.80 16.80 
2016/12/08 16.30 17.10 16.30 17.10 
2016/12/09 16.75 17.00 16.75 17.00 
2016/12/12 16.65 16.75 16.50 16.70 
2016/12/13 17.00 17.00 16.50 16.90 
2016/12/14 16.45 16.45 16.35 16.45 
2016/12/15 16.65 16.65 16.40 16.50 
2016/12/16 16.90 17.10 16.60 16.60 
2016/12/19 16.50 16.60 16.50 16.55 
2016/12/20 16.40 16.55 16.20 16.55 
2016/12/21 16.40 16.50 16.35 16.50 
2016/12/22 16.40 16.40 16.25 16.40 
2016/12/23 16.50 16.50 16.40 16.40 
2016/12/26 16.40 16.40 16.35 16.40 
2016/12/27 16.35 16.70 16.35 16.70 
2016/12/28 16.50 16.50 16.35 16.50 
2016/12/29 16.60 16.60 16.10 16.10 
2016/12/30 16.10 16.40 16.00 16.40 
2017/01/03 16.40 16.40 16.40 16.40 
2017/01/04 16.15 16.40 16.15 16.40 
2017/01/05 16.40 16.40 16.30 16.30 
2017/01/06 16.30 16.30 16.10 16.25 
2017/01/09 16.05 17.85 16.00 17.30 
2017/01/10 16.70 16.90 16.60 16.90 
2017/01/11 16.70 16.70 16.60 16.60 
2017/01/12 16.40 16.40 16.30 16.40 
2017/01/13 16.15 16.30 15.80 16.30 
2017/01/17 16.30 16.30 16.30 16.30 
2017/01/18 16.30 16.70 15.90 16.45 
2017/01/19 16.40 16.50 16.40 16.50 
2017/01/20 16.50 16.50 15.95 15.95 
2017/01/23 15.95 16.30 15.90 16.00 
2017/01/24 15.95 16.00 15.95 16.00 
2017/02/02 16.10 16.20 16.10 16.20 
2017/02/03 16.10 16.20 16.10 16.20 
2017/02/06 16.20 16.20 15.80 16.20 
2017/02/07 16.00 16.10 16.00 16.10 
2017/02/08 15.90 16.30 15.90 16.15 
