2016/07/01 39.95 39.95 39.95 39.95 
2016/07/04 37.55 39.95 37.55 39.95 
2016/07/06 38.50 39.90 38.10 39.90 
2016/07/07 39.00 41.00 39.00 40.50 
2016/07/11 40.00 40.00 38.50 39.15 
2016/07/12 39.50 39.65 38.20 39.50 
2016/07/13 39.10 39.50 39.10 39.40 
2016/07/14 39.60 40.00 39.10 39.40 
2016/07/15 39.20 39.20 38.90 39.00 
2016/07/18 38.80 40.50 38.80 39.50 
2016/07/19 40.20 40.20 39.50 39.50 
2016/07/20 39.55 40.20 38.90 39.30 
2016/07/21 39.50 41.20 39.50 40.60 
2016/07/22 40.50 40.50 39.15 39.35 
2016/07/25 39.50 39.50 38.20 39.05 
2016/07/26 39.00 39.10 38.80 38.80 
2016/07/27 39.00 39.00 38.40 39.00 
2016/07/28 38.90 39.00 38.50 38.50 
2016/07/29 38.50 38.60 38.50 38.50 
2016/08/01 39.00 39.20 39.00 39.20 
2016/08/02 38.30 39.00 38.00 39.00 
2016/08/03 39.00 40.50 39.00 39.50 
2016/08/04 39.00 39.00 38.70 38.70 
2016/08/05 39.20 42.55 39.20 42.55 
2016/08/08 42.55 42.55 40.00 40.30 
2016/08/09 40.70 40.70 39.30 39.60 
2016/08/10 39.85 39.90 39.80 39.80 
2016/08/11 39.80 40.25 39.40 40.20 
2016/08/12 40.30 41.70 40.20 40.30 
2016/08/15 40.20 40.20 39.50 39.50 
2016/08/16 39.30 40.50 39.15 39.15 
2016/08/17 40.00 40.00 39.00 40.00 
2016/08/18 39.10 40.50 39.10 40.50 
2016/08/19 40.60 40.95 39.70 39.75 
2016/08/22 39.00 39.80 38.10 39.20 
2016/08/23 39.00 39.00 38.90 38.90 
2016/08/24 38.50 38.70 38.50 38.50 
2016/08/25 38.50 38.70 38.50 38.60 
2016/08/26 38.05 39.20 38.05 39.20 
2016/08/29 39.00 39.00 39.00 39.00 
2016/08/30 38.15 38.50 38.15 38.50 
2016/08/31 38.50 38.50 38.50 38.50 
2016/09/01 37.65 38.15 35.90 38.00 
2016/09/02 36.70 38.50 36.50 38.50 
2016/09/05 37.00 38.25 36.80 38.25 
2016/09/06 37.90 38.25 37.90 38.25 
2016/09/07 37.80 38.00 37.80 38.00 
2016/09/08 36.70 37.30 36.70 37.30 
2016/09/09 37.90 38.10 37.80 38.10 
2016/09/10 36.60 37.90 36.60 37.90 
2016/09/12 37.90 39.55 37.90 38.25 
2016/09/13 38.50 38.50 36.65 37.85 
2016/09/14 37.60 37.60 37.60 37.60 
2016/09/19 39.90 39.90 39.30 39.30 
2016/09/20 38.00 38.00 37.10 37.95 
2016/09/21 37.95 38.00 37.05 37.05 
2016/09/22 37.05 37.05 37.05 37.05 
2016/09/23 36.65 37.50 36.60 37.50 
2016/09/26 36.30 37.00 36.30 37.00 
2016/09/29 36.40 36.90 36.40 36.90 
2016/09/30 36.90 36.90 36.30 36.30 
2016/10/03 36.00 36.40 36.00 36.30 
2016/10/04 36.00 36.00 35.00 35.00 
2016/10/05 37.40 37.40 34.00 35.95 
2016/10/06 34.10 35.75 34.10 35.75 
2016/10/07 34.00 36.50 34.00 35.65 
2016/10/11 34.00 35.00 33.25 33.25 
2016/10/12 33.25 33.75 33.25 33.75 
2016/10/14 30.80 33.50 30.70 33.40 
2016/10/17 30.55 32.50 30.40 32.50 
2016/10/18 30.70 31.90 30.70 31.05 
2016/10/19 31.10 31.10 31.10 31.10 
2016/10/20 30.75 31.60 30.70 31.55 
2016/10/25 31.35 31.35 31.00 31.00 
2016/10/26 33.10 33.10 31.00 31.00 
2016/10/27 31.00 31.00 31.00 31.00 
2016/10/28 31.00 31.00 30.55 31.00 
2016/10/31 30.40 31.00 30.40 30.45 
2016/11/01 30.45 30.45 30.45 30.45 
2016/11/04 30.00 30.00 28.95 29.95 
2016/11/07 29.95 30.00 29.25 29.25 
2016/11/08 29.90 29.90 29.90 29.90 
2016/11/09 29.85 29.90 27.65 29.90 
2016/11/10 29.70 29.70 29.50 29.60 
2016/11/11 30.20 30.20 28.55 29.50 
2016/11/14 29.50 32.35 29.50 32.00 
2016/11/15 32.00 32.00 30.65 31.85 
2016/11/17 31.85 31.85 31.85 31.85 
2016/11/18 30.10 30.10 30.10 30.10 
2016/11/21 30.20 30.30 30.20 30.30 
2016/11/22 30.30 31.00 30.00 30.00 
2016/11/23 29.10 29.60 28.90 28.90 
2016/11/24 30.70 30.70 28.50 29.60 
2016/11/25 29.00 29.10 29.00 29.00 
2016/11/28 29.20 29.20 29.00 29.20 
2016/11/29 28.90 29.20 28.90 29.20 
2016/11/30 28.60 28.95 28.60 28.95 
2016/12/01 28.95 30.00 28.95 29.40 
2016/12/05 28.50 28.70 28.15 28.15 
2016/12/07 29.20 30.00 29.00 30.00 
2016/12/08 30.00 31.00 30.00 31.00 
2016/12/09 30.50 30.50 30.30 30.30 
2016/12/12 30.20 30.20 29.05 30.10 
2016/12/15 29.50 29.50 29.50 29.50 
2016/12/16 29.35 29.65 29.35 29.60 
2016/12/19 28.70 30.50 28.70 30.50 
2016/12/20 30.50 31.40 30.50 30.55 
2016/12/21 30.80 30.80 30.80 30.80 
2016/12/22 29.30 30.00 29.30 30.00 
2016/12/23 29.90 29.90 29.00 29.00 
2016/12/27 29.50 29.50 29.50 29.50 
2016/12/28 29.85 29.85 29.50 29.50 
2016/12/29 28.10 28.60 28.10 28.30 
2016/12/30 28.50 28.60 28.35 28.35 
2017/01/03 28.40 29.00 28.40 29.00 
2017/01/04 28.80 29.00 28.80 28.90 
2017/01/05 28.90 28.90 28.90 28.90 
2017/01/06 28.80 28.90 28.10 28.90 
2017/01/09 28.90 28.90 28.90 28.90 
2017/01/10 27.80 28.75 27.80 28.75 
2017/01/12 28.50 28.50 27.70 27.70 
2017/01/13 28.00 28.00 27.90 27.90 
2017/01/16 27.70 27.70 27.70 27.70 
2017/01/18 27.70 27.70 27.70 27.70 
2017/01/19 26.80 28.30 26.80 28.30 
2017/01/20 28.00 28.00 27.15 27.50 
2017/01/23 27.30 28.00 27.00 27.50 
2017/01/24 28.00 28.00 27.25 28.00 
2017/02/02 28.30 28.30 27.55 27.55 
2017/02/03 27.10 27.10 27.00 27.00 
2017/02/06 27.05 27.30 27.05 27.20 
2017/02/07 27.20 27.20 27.20 27.20 
2017/02/08 27.20 27.20 27.00 27.00 
