2016/07/01 21.25 21.55 21.20 21.45 
2016/07/04 21.40 21.90 21.40 21.80 
2016/07/05 21.90 22.20 21.70 21.75 
2016/07/06 21.55 21.60 21.40 21.55 
2016/07/07 21.65 21.65 20.95 21.10 
2016/07/11 21.25 21.45 21.25 21.40 
2016/07/12 21.50 21.70 21.45 21.55 
2016/07/13 21.70 22.00 21.65 22.00 
2016/07/14 22.00 22.25 21.85 22.25 
2016/07/15 22.40 22.90 22.30 22.65 
2016/07/18 22.65 23.15 22.65 23.15 
2016/07/19 23.45 24.35 23.25 24.25 
2016/07/20 24.45 24.45 23.80 24.00 
2016/07/21 24.00 24.00 23.70 23.90 
2016/07/22 23.85 24.00 23.75 23.85 
2016/07/25 23.90 24.10 23.60 23.85 
2016/07/26 23.85 23.95 23.50 23.60 
2016/07/27 23.60 23.80 23.45 23.65 
2016/07/28 23.65 23.95 23.45 23.55 
2016/07/29 23.55 23.55 23.00 23.40 
2016/08/01 23.40 23.70 23.30 23.55 
2016/08/02 23.70 23.85 23.50 23.70 
2016/08/03 23.80 24.20 23.70 24.00 
2016/08/04 24.10 24.80 24.10 24.50 
2016/08/05 24.65 25.20 24.65 25.20 
2016/08/08 25.70 26.10 25.65 26.00 
2016/08/09 26.15 27.25 25.80 27.00 
2016/08/10 27.00 27.50 26.50 27.20 
2016/08/11 27.10 27.35 26.60 26.75 
2016/08/12 26.75 27.10 26.55 26.55 
2016/08/15 26.55 26.80 26.45 26.60 
2016/08/16 26.60 27.40 26.50 27.30 
2016/08/17 27.20 27.30 26.70 27.00 
2016/08/18 26.90 27.60 26.80 27.60 
2016/08/19 27.55 27.85 27.05 27.15 
2016/08/22 27.00 27.65 26.70 27.65 
2016/08/23 27.55 27.55 27.15 27.30 
2016/08/24 27.30 27.45 26.80 26.85 
2016/08/25 26.85 27.35 26.80 27.20 
2016/08/26 27.20 27.50 27.10 27.40 
2016/08/29 27.40 27.40 26.90 27.20 
2016/08/30 27.25 27.50 27.00 27.40 
2016/08/31 27.15 27.40 27.00 27.00 
2016/09/01 27.00 27.20 27.00 27.00 
2016/09/02 27.15 27.40 26.95 27.20 
2016/09/05 27.50 27.80 27.40 27.75 
2016/09/06 27.90 27.95 27.55 27.80 
2016/09/07 27.80 27.85 27.55 27.75 
2016/09/08 27.65 27.70 27.55 27.65 
2016/09/09 27.50 27.70 27.30 27.45 
2016/09/10 27.10 27.15 26.90 26.95 
2016/09/12 26.80 26.95 26.40 26.40 
2016/09/13 26.80 26.80 26.25 26.55 
2016/09/14 26.40 26.75 26.30 26.75 
2016/09/19 27.15 27.15 26.85 26.95 
2016/09/20 26.95 26.95 26.75 26.85 
2016/09/21 26.85 27.30 26.85 27.30 
2016/09/22 27.30 27.35 26.85 27.05 
2016/09/23 27.20 27.25 26.80 26.85 
2016/09/26 26.95 27.00 26.60 26.60 
2016/09/29 26.95 27.20 26.80 27.00 
2016/09/30 26.65 26.90 26.45 26.45 
2016/10/03 26.85 26.85 26.45 26.45 
2016/10/04 26.35 26.60 26.35 26.60 
2016/10/05 26.70 27.00 26.65 26.95 
2016/10/06 26.95 27.00 26.60 26.60 
2016/10/07 26.60 26.60 26.30 26.30 
2016/10/11 26.30 26.35 25.60 25.60 
2016/10/12 25.50 25.90 25.45 25.80 
2016/10/13 25.90 25.95 25.65 25.90 
2016/10/14 25.45 25.75 25.40 25.45 
2016/10/17 25.35 25.60 25.25 25.45 
2016/10/18 25.55 25.80 25.40 25.70 
2016/10/19 25.55 25.95 25.55 25.55 
2016/10/20 25.65 26.00 25.65 25.85 
2016/10/21 25.80 26.25 25.30 25.75 
2016/10/24 25.80 26.10 25.70 26.05 
2016/10/25 26.10 26.20 25.90 26.10 
2016/10/26 26.10 26.20 26.00 26.05 
2016/10/27 26.05 26.15 25.85 26.00 
2016/10/28 26.30 26.30 26.00 26.15 
2016/10/31 26.20 26.20 25.80 25.85 
2016/11/01 26.05 26.10 25.95 26.00 
2016/11/02 26.25 26.25 25.95 26.10 
2016/11/03 26.30 26.30 25.85 25.90 
2016/11/04 25.90 25.90 25.55 25.60 
2016/11/07 25.45 25.80 25.45 25.55 
2016/11/08 25.50 26.00 25.50 25.90 
2016/11/09 25.90 26.05 25.20 25.40 
2016/11/10 25.80 26.25 25.60 26.20 
2016/11/11 25.90 26.15 25.80 25.90 
2016/11/14 26.00 26.90 25.95 26.85 
2016/11/15 26.85 26.95 26.50 26.65 
2016/11/16 26.60 26.70 26.50 26.55 
2016/11/17 26.85 26.85 26.40 26.85 
2016/11/18 26.85 26.85 26.70 26.70 
2016/11/21 26.75 27.00 26.65 27.00 
2016/11/22 27.05 27.05 26.75 27.05 
2016/11/23 27.10 27.20 26.90 27.05 
2016/11/24 27.10 27.75 27.00 27.45 
2016/11/25 27.50 27.80 27.30 27.40 
2016/11/28 27.40 27.50 27.30 27.30 
2016/11/29 27.30 27.40 27.20 27.25 
2016/11/30 27.40 27.40 27.05 27.10 
2016/12/01 27.10 27.30 27.10 27.20 
2016/12/02 27.35 27.40 27.25 27.25 
2016/12/05 27.40 27.40 27.10 27.15 
2016/12/06 27.20 27.30 27.10 27.15 
2016/12/07 27.15 27.95 27.15 27.90 
2016/12/08 28.30 28.60 28.20 28.60 
2016/12/09 28.90 29.35 28.80 29.05 
2016/12/12 29.05 29.40 28.50 28.65 
2016/12/13 28.85 29.10 28.50 28.90 
2016/12/14 29.10 29.10 28.05 28.20 
2016/12/15 28.25 28.55 28.25 28.50 
2016/12/16 28.50 28.60 28.35 28.40 
2016/12/19 28.30 28.55 28.00 28.35 
2016/12/20 28.35 28.50 28.20 28.50 
2016/12/21 28.60 28.65 28.40 28.40 
2016/12/22 28.55 28.55 27.80 27.80 
2016/12/23 27.70 27.80 27.65 27.65 
2016/12/26 27.65 27.95 27.65 27.95 
2016/12/27 27.95 28.00 27.75 27.80 
2016/12/28 27.80 28.45 27.80 28.45 
2016/12/29 28.30 28.35 28.00 28.10 
2016/12/30 28.30 28.35 28.15 28.15 
2017/01/03 28.15 28.20 27.80 28.05 
2017/01/04 28.30 28.30 27.95 28.00 
2017/01/05 28.45 29.00 28.25 28.75 
2017/01/06 28.90 29.00 28.35 28.35 
2017/01/09 28.35 28.45 28.10 28.10 
2017/01/10 28.10 28.45 28.00 28.40 
2017/01/11 28.65 28.65 28.25 28.45 
2017/01/12 28.50 28.60 28.40 28.45 
2017/01/13 28.30 28.60 28.30 28.60 
2017/01/16 28.50 28.60 28.35 28.35 
2017/01/17 28.25 28.40 28.15 28.15 
2017/01/18 28.20 28.45 28.20 28.20 
2017/01/19 28.25 28.40 28.10 28.15 
2017/01/20 28.35 28.40 28.15 28.25 
2017/01/23 28.30 28.40 28.30 28.40 
2017/01/24 28.45 28.60 28.40 28.60 
2017/02/02 28.65 28.95 28.60 28.80 
2017/02/03 28.70 28.90 28.60 28.60 
2017/02/06 28.95 29.25 28.65 29.05 
2017/02/07 29.05 29.20 28.90 29.00 
2017/02/08 29.00 29.15 28.80 28.80 
