2016/07/01 9.01 9.03 9.00 9.03 
2016/07/04 9.02 9.04 9.01 9.03 
2016/07/05 9.03 9.03 9.01 9.02 
2016/07/06 9.01 9.02 8.99 9.00 
2016/07/07 9.00 9.01 8.99 9.01 
2016/07/11 9.01 9.06 9.00 9.04 
2016/07/12 9.05 9.06 9.03 9.05 
2016/07/13 9.05 9.10 9.04 9.10 
2016/07/14 9.09 9.12 9.08 9.12 
2016/07/15 9.11 9.19 9.10 9.16 
2016/07/18 9.16 9.24 9.16 9.21 
2016/07/19 9.20 9.24 9.19 9.21 
2016/07/20 9.21 9.23 9.20 9.21 
2016/07/21 9.21 9.25 9.20 9.23 
2016/07/22 9.22 9.24 9.21 9.23 
2016/07/25 9.21 9.24 9.19 9.21 
2016/07/26 9.20 9.23 9.20 9.21 
2016/07/27 9.20 9.23 9.20 9.21 
2016/07/28 9.21 9.24 9.21 9.22 
2016/07/29 9.22 9.25 9.22 9.24 
2016/08/01 9.22 9.26 9.22 9.25 
2016/08/02 9.24 9.28 9.24 9.26 
2016/08/03 9.25 9.26 9.23 9.25 
2016/08/04 9.24 9.27 9.24 9.25 
2016/08/05 9.24 9.27 9.24 9.26 
2016/08/08 9.27 9.33 9.27 9.32 
2016/08/09 9.30 9.40 9.30 9.40 
2016/08/10 9.40 9.50 9.40 9.47 
2016/08/11 9.47 9.57 9.47 9.51 
2016/08/12 9.52 9.59 9.52 9.57 
2016/08/15 9.58 9.61 9.57 9.61 
2016/08/16 9.60 9.60 9.55 9.59 
2016/08/17 9.57 9.57 9.51 9.53 
2016/08/18 9.52 9.57 9.50 9.56 
2016/08/19 9.55 9.58 9.52 9.52 
2016/08/22 9.50 9.54 9.45 9.46 
2016/08/23 9.46 9.47 9.44 9.45 
2016/08/24 8.87 8.94 8.87 8.91 
2016/08/25 8.92 8.95 8.91 8.94 
2016/08/26 8.95 8.99 8.93 8.99 
2016/08/29 9.00 9.01 8.90 8.97 
2016/08/30 8.97 9.00 8.96 8.99 
2016/08/31 8.99 9.00 8.81 8.81 
2016/09/01 8.89 8.90 8.86 8.89 
2016/09/02 8.90 8.94 8.87 8.89 
2016/09/05 8.90 8.96 8.90 8.96 
2016/09/06 8.96 8.98 8.95 8.98 
2016/09/07 8.97 9.01 8.97 9.01 
2016/09/08 9.00 9.02 8.99 9.02 
2016/09/09 8.99 9.01 8.91 8.98 
2016/09/10 8.96 8.96 8.92 8.92 
2016/09/12 8.92 8.93 8.90 8.91 
2016/09/13 8.92 8.93 8.88 8.89 
2016/09/14 8.88 8.93 8.86 8.93 
2016/09/19 8.94 8.99 8.94 8.97 
2016/09/20 8.97 8.98 8.95 8.97 
2016/09/21 8.97 8.99 8.96 8.98 
2016/09/22 8.94 8.98 8.92 8.93 
2016/09/23 8.95 8.95 8.92 8.93 
2016/09/26 8.93 8.93 8.89 8.92 
2016/09/29 8.92 8.94 8.90 8.92 
2016/09/30 8.91 8.92 8.88 8.90 
2016/10/03 8.91 8.91 8.87 8.88 
2016/10/04 8.88 8.90 8.86 8.90 
2016/10/05 8.90 8.92 8.88 8.90 
2016/10/06 8.90 8.90 8.87 8.89 
2016/10/07 8.89 8.90 8.88 8.90 
2016/10/11 8.90 8.92 8.89 8.91 
2016/10/12 8.90 8.92 8.89 8.92 
2016/10/13 8.92 8.93 8.90 8.92 
2016/10/14 8.90 8.93 8.90 8.92 
2016/10/17 8.92 8.92 8.89 8.91 
2016/10/18 8.90 8.92 8.89 8.90 
2016/10/19 8.92 8.94 8.90 8.93 
2016/10/20 8.94 8.96 8.93 8.94 
2016/10/21 8.94 9.00 8.92 8.97 
2016/10/24 8.98 9.07 8.98 9.07 
2016/10/25 9.06 9.08 9.04 9.05 
2016/10/26 9.05 9.06 9.01 9.04 
2016/10/27 9.04 9.04 8.99 9.01 
2016/10/28 9.01 9.02 8.97 9.00 
2016/10/31 9.00 9.00 8.96 8.99 
2016/11/01 8.96 9.00 8.96 8.98 
2016/11/02 8.97 9.00 8.94 8.96 
2016/11/03 8.97 8.99 8.94 8.96 
2016/11/04 8.95 8.96 8.93 8.93 
2016/11/07 8.93 8.99 8.93 8.95 
2016/11/08 8.95 8.99 8.94 8.98 
2016/11/09 8.94 9.01 8.82 8.87 
2016/11/10 8.90 8.98 8.90 8.94 
2016/11/11 8.95 9.00 8.92 8.92 
2016/11/14 8.96 8.98 8.92 8.96 
2016/11/15 8.96 9.02 8.96 9.02 
2016/11/16 9.04 9.04 8.99 9.02 
2016/11/17 9.02 9.04 9.00 9.01 
2016/11/18 9.01 9.02 8.96 9.02 
2016/11/21 9.02 9.04 9.00 9.04 
2016/11/22 9.03 9.05 9.02 9.04 
2016/11/23 9.04 9.05 9.02 9.04 
2016/11/24 9.05 9.12 9.03 9.12 
2016/11/25 9.12 9.17 9.12 9.14 
2016/11/28 9.15 9.19 9.14 9.18 
2016/11/29 9.18 9.18 9.11 9.13 
2016/11/30 9.13 9.19 9.10 9.19 
2016/12/01 9.19 9.22 9.18 9.20 
2016/12/02 9.20 9.21 9.18 9.20 
2016/12/05 9.20 9.21 9.13 9.14 
2016/12/06 9.17 9.18 9.15 9.16 
2016/12/07 9.16 9.19 9.16 9.19 
2016/12/08 9.19 9.21 9.18 9.20 
2016/12/09 9.20 9.22 9.20 9.20 
2016/12/12 9.22 9.23 9.20 9.20 
2016/12/13 9.20 9.24 9.18 9.21 
2016/12/14 9.22 9.24 9.19 9.21 
2016/12/15 9.18 9.23 9.18 9.21 
2016/12/16 9.22 9.22 9.18 9.20 
2016/12/19 9.18 9.20 9.14 9.17 
2016/12/20 9.16 9.17 9.14 9.16 
2016/12/21 9.17 9.18 9.14 9.15 
2016/12/22 9.15 9.15 9.08 9.09 
2016/12/23 9.08 9.08 9.05 9.08 
2016/12/26 9.08 9.10 9.07 9.08 
2016/12/27 9.08 9.09 9.06 9.07 
2016/12/28 9.08 9.09 9.01 9.08 
2016/12/29 9.08 9.20 9.08 9.15 
2016/12/30 9.13 9.18 9.11 9.18 
2017/01/03 9.18 9.19 9.15 9.19 
2017/01/04 9.19 9.20 9.15 9.17 
2017/01/05 9.18 9.18 9.15 9.16 
2017/01/06 9.16 9.19 9.14 9.15 
2017/01/09 9.17 9.19 9.15 9.17 
2017/01/10 9.17 9.19 9.15 9.17 
2017/01/11 9.20 9.24 9.18 9.23 
2017/01/12 9.23 9.26 9.22 9.23 
2017/01/13 9.23 9.23 9.20 9.21 
2017/01/16 9.18 9.18 9.15 9.15 
2017/01/17 9.19 9.19 9.16 9.19 
2017/01/18 9.19 9.20 9.15 9.18 
2017/01/19 9.18 9.20 9.17 9.18 
2017/01/20 9.19 9.19 9.15 9.16 
2017/01/23 9.18 9.20 9.17 9.19 
2017/01/24 9.20 9.21 9.18 9.21 
2017/02/02 9.21 9.24 9.21 9.22 
2017/02/03 9.22 9.24 9.19 9.21 
2017/02/06 9.21 9.29 9.21 9.26 
2017/02/07 9.27 9.30 9.27 9.29 
2017/02/08 9.29 9.33 9.28 9.29 
