2016/07/01 12.05 12.10 11.95 12.00 
2016/07/04 12.00 12.05 11.90 11.90 
2016/07/05 11.90 11.95 11.80 11.95 
2016/07/06 11.95 11.95 11.85 11.95 
2016/07/07 11.85 11.95 11.85 11.90 
2016/07/11 11.95 12.00 11.90 12.00 
2016/07/12 11.95 12.00 11.85 11.95 
2016/07/13 12.00 12.10 11.95 12.05 
2016/07/14 12.05 12.80 12.05 12.70 
2016/07/15 12.95 13.10 12.90 12.90 
2016/07/18 13.00 13.00 12.70 12.80 
2016/07/19 12.90 12.95 12.70 12.75 
2016/07/20 12.70 12.70 12.55 12.55 
2016/07/21 12.60 12.70 12.55 12.70 
2016/07/22 12.65 12.65 12.50 12.65 
2016/07/25 12.70 12.70 12.45 12.45 
2016/07/26 12.40 12.45 12.35 12.45 
2016/07/27 12.45 12.45 12.35 12.40 
2016/07/28 12.40 12.45 12.40 12.45 
2016/07/29 12.45 12.50 12.35 12.40 
2016/08/01 12.45 12.45 12.30 12.40 
2016/08/02 12.40 12.50 12.40 12.50 
2016/08/03 12.45 12.45 12.35 12.40 
2016/08/04 12.40 12.40 12.35 12.40 
2016/08/05 12.40 12.45 12.35 12.45 
2016/08/08 12.65 12.80 12.55 12.75 
2016/08/09 12.75 12.80 12.65 12.75 
2016/08/10 12.75 12.95 12.65 12.90 
2016/08/11 12.90 12.95 12.75 12.80 
2016/08/12 12.75 12.85 12.70 12.70 
2016/08/15 12.75 12.80 12.50 12.50 
2016/08/16 12.50 12.55 12.50 12.55 
2016/08/17 12.55 12.60 12.45 12.60 
2016/08/18 12.50 12.65 12.50 12.60 
2016/08/19 12.60 12.60 12.45 12.50 
2016/08/22 12.45 12.50 12.40 12.45 
2016/08/23 12.30 12.40 12.30 12.40 
2016/08/24 12.55 12.55 12.35 12.40 
2016/08/25 12.35 12.40 12.30 12.40 
2016/08/26 12.40 12.70 12.40 12.55 
2016/08/29 12.70 12.70 12.60 12.70 
2016/08/30 12.70 13.55 12.70 13.20 
2016/08/31 12.95 13.00 12.75 12.85 
2016/09/01 12.80 12.80 12.60 12.60 
2016/09/02 12.60 12.70 12.45 12.50 
2016/09/05 12.45 12.60 12.45 12.55 
2016/09/06 12.50 12.55 12.35 12.45 
2016/09/07 12.50 12.55 12.45 12.50 
2016/09/08 12.50 12.65 12.50 12.55 
2016/09/09 12.60 12.60 12.50 12.50 
2016/09/10 12.40 12.60 12.40 12.50 
2016/09/12 12.55 12.55 12.45 12.50 
2016/09/13 12.50 12.60 12.45 12.45 
2016/09/14 12.45 12.45 12.40 12.45 
2016/09/19 12.40 12.50 12.40 12.45 
2016/09/20 12.50 12.50 12.35 12.45 
2016/09/21 12.45 12.55 12.40 12.55 
2016/09/22 12.60 12.60 12.50 12.50 
2016/09/23 12.50 12.65 12.50 12.65 
2016/09/26 12.65 12.65 12.50 12.50 
2016/09/29 12.50 12.50 12.40 12.50 
2016/09/30 12.45 12.45 12.40 12.45 
2016/10/03 12.40 12.45 12.30 12.40 
2016/10/04 12.45 12.50 12.45 12.45 
2016/10/05 12.50 12.55 12.40 12.50 
2016/10/06 12.50 12.55 12.45 12.50 
2016/10/07 12.45 12.45 12.35 12.40 
2016/10/11 12.30 12.45 12.25 12.30 
2016/10/12 12.30 12.35 12.25 12.30 
2016/10/13 12.30 12.30 12.20 12.20 
2016/10/14 12.15 12.15 11.75 11.85 
2016/10/17 11.80 11.80 11.60 11.70 
2016/10/18 11.75 11.80 11.65 11.80 
2016/10/19 11.80 12.00 11.80 11.95 
2016/10/20 11.95 11.95 11.75 11.85 
2016/10/21 11.90 11.95 11.85 11.90 
2016/10/24 11.90 11.95 11.85 11.95 
2016/10/25 11.90 11.90 11.65 11.65 
2016/10/26 11.80 11.85 11.70 11.85 
2016/10/27 11.80 11.80 11.75 11.75 
2016/10/28 11.75 11.85 11.75 11.80 
2016/10/31 11.80 11.85 11.75 11.75 
2016/11/01 11.80 11.80 11.75 11.80 
2016/11/02 11.75 11.75 11.70 11.75 
2016/11/03 11.70 11.75 11.70 11.70 
2016/11/04 11.70 11.70 11.65 11.65 
2016/11/07 11.65 11.70 11.60 11.70 
2016/11/08 11.70 11.70 11.65 11.65 
2016/11/09 11.65 11.80 11.30 11.45 
2016/11/10 11.45 11.75 11.45 11.65 
2016/11/11 11.60 11.70 11.55 11.70 
2016/11/14 11.75 12.40 11.70 12.30 
2016/11/15 12.30 12.50 12.15 12.15 
2016/11/16 12.20 12.35 12.20 12.25 
2016/11/17 12.30 12.35 12.15 12.20 
2016/11/18 12.20 12.25 11.95 11.95 
2016/11/21 11.95 12.05 11.85 12.05 
2016/11/22 12.00 12.15 12.00 12.10 
2016/11/23 12.15 12.15 11.85 12.00 
2016/11/24 12.05 13.20 12.05 13.20 
2016/11/25 13.90 14.50 13.80 14.50 
2016/11/28 15.25 15.95 14.80 15.95 
2016/11/29 16.95 17.00 15.55 15.75 
2016/11/30 15.75 16.70 15.60 16.20 
2016/12/01 16.15 16.40 15.90 16.10 
2016/12/02 16.30 17.50 16.30 16.75 
2016/12/05 16.90 17.15 16.30 16.40 
2016/12/06 16.75 16.95 16.05 16.10 
2016/12/07 16.40 16.95 16.05 16.95 
2016/12/08 17.10 17.15 16.50 16.50 
2016/12/09 16.50 16.50 16.20 16.30 
2016/12/12 16.20 16.55 16.00 16.00 
2016/12/13 15.95 16.35 15.95 16.05 
2016/12/14 16.20 16.20 15.25 15.55 
2016/12/15 15.50 16.15 15.25 15.95 
2016/12/16 15.65 15.90 15.60 15.65 
2016/12/19 15.65 15.70 15.35 15.40 
2016/12/20 15.40 15.40 15.15 15.25 
2016/12/21 15.20 15.40 15.05 15.05 
2016/12/22 15.00 15.00 14.60 14.65 
2016/12/23 14.60 15.10 14.30 14.85 
2016/12/26 15.05 15.05 14.80 14.80 
2016/12/27 14.80 14.90 14.40 14.45 
2016/12/28 14.70 14.75 14.50 14.50 
2016/12/29 14.55 14.85 14.45 14.85 
2016/12/30 14.65 15.35 14.65 15.20 
2017/01/03 15.20 15.25 14.85 15.00 
2017/01/04 15.25 15.25 14.80 14.90 
2017/01/05 14.90 15.05 14.80 14.80 
2017/01/06 14.85 14.85 14.65 14.65 
2017/01/09 14.80 14.90 14.60 14.80 
2017/01/10 14.85 14.85 14.65 14.70 
2017/01/11 14.80 14.90 14.70 14.70 
2017/01/12 14.85 15.10 14.80 14.80 
2017/01/13 14.90 15.25 14.80 14.90 
2017/01/16 14.95 15.00 14.55 14.55 
2017/01/17 14.55 14.65 14.35 14.45 
2017/01/18 14.60 14.60 14.35 14.55 
2017/01/19 14.60 14.60 14.45 14.50 
2017/01/20 14.50 14.70 14.45 14.65 
2017/01/23 14.75 15.05 14.75 14.90 
2017/01/24 15.05 15.05 14.75 14.80 
2017/02/02 14.95 14.95 14.60 14.75 
2017/02/03 14.80 14.80 14.60 14.75 
2017/02/06 14.75 16.20 14.75 16.20 
2017/02/07 16.90 17.60 16.40 16.45 
2017/02/08 16.45 16.60 15.85 15.90 
