2016/07/01 12.15 12.25 12.15 12.15 
2016/07/04 12.15 12.20 12.10 12.10 
2016/07/05 12.10 12.15 12.10 12.15 
2016/07/06 12.15 12.15 12.05 12.10 
2016/07/07 12.10 12.10 12.05 12.05 
2016/07/11 12.05 12.10 12.05 12.10 
2016/07/12 12.10 12.15 12.05 12.10 
2016/07/13 12.10 12.15 12.05 12.10 
2016/07/14 12.15 12.15 12.10 12.15 
2016/07/15 12.15 12.15 12.10 12.15 
2016/07/18 12.15 12.15 12.10 12.10 
2016/07/19 12.10 12.15 12.10 12.15 
2016/07/20 12.15 12.15 12.10 12.15 
2016/07/21 12.15 12.15 12.10 12.15 
2016/07/22 12.15 12.15 12.10 12.15 
2016/07/25 12.15 12.15 12.05 12.15 
2016/07/26 12.15 12.15 12.10 12.10 
2016/07/27 12.15 12.15 12.10 12.15 
2016/07/28 12.15 12.15 12.10 12.15 
2016/07/29 12.15 12.15 12.10 12.15 
2016/08/01 12.15 12.15 12.10 12.15 
2016/08/02 12.15 12.15 12.10 12.15 
2016/08/03 12.15 12.15 12.10 12.15 
2016/08/04 12.15 12.25 12.15 12.25 
2016/08/05 12.25 12.30 12.20 12.30 
2016/08/08 12.30 12.45 12.30 12.45 
2016/08/09 12.45 12.65 12.45 12.65 
2016/08/10 12.65 12.75 12.60 12.60 
2016/08/11 12.60 12.65 12.55 12.60 
2016/08/12 12.60 12.70 12.60 12.65 
2016/08/15 12.65 12.70 12.55 12.60 
2016/08/16 12.60 12.65 12.55 12.65 
2016/08/17 12.60 12.65 12.55 12.60 
2016/08/18 12.55 12.60 12.55 12.60 
2016/08/19 12.60 12.65 12.55 12.60 
2016/08/22 12.60 12.60 12.50 12.55 
2016/08/23 12.50 12.55 12.45 12.55 
2016/08/24 12.50 12.55 12.50 12.55 
2016/08/25 12.55 12.60 12.50 12.55 
2016/08/26 12.55 12.75 12.55 12.65 
2016/08/29 12.65 12.70 12.60 12.65 
2016/08/30 12.65 12.70 12.60 12.65 
2016/08/31 12.65 12.65 12.60 12.60 
2016/09/01 12.60 12.65 12.55 12.60 
2016/09/02 12.60 12.60 12.55 12.55 
2016/09/05 12.55 12.60 12.50 12.55 
2016/09/06 12.50 12.55 12.50 12.55 
2016/09/07 12.55 12.65 12.55 12.65 
2016/09/08 12.65 12.65 12.60 12.60 
2016/09/09 12.60 12.65 12.55 12.60 
2016/09/10 12.55 12.60 12.55 12.60 
2016/09/12 12.55 12.60 12.55 12.60 
2016/09/13 12.60 12.60 12.55 12.60 
2016/09/14 12.55 12.60 12.55 12.60 
2016/09/19 12.60 12.65 12.55 12.60 
2016/09/20 12.60 12.60 12.55 12.60 
2016/09/21 12.60 12.60 12.55 12.60 
2016/09/22 12.60 12.60 12.55 12.60 
2016/09/23 12.60 12.60 12.55 12.60 
2016/09/26 12.60 12.65 12.55 12.60 
2016/09/29 12.60 12.65 12.55 12.60 
2016/09/30 12.55 12.60 12.55 12.55 
2016/10/03 12.55 12.65 12.55 12.60 
2016/10/04 12.60 12.65 12.55 12.65 
2016/10/05 12.65 12.65 12.55 12.65 
2016/10/06 12.65 12.65 12.60 12.60 
2016/10/07 12.55 12.60 12.50 12.55 
2016/10/11 12.55 12.60 12.50 12.55 
2016/10/12 12.50 12.55 12.50 12.55 
2016/10/13 12.55 12.55 12.50 12.50 
2016/10/14 12.55 12.55 12.50 12.50 
2016/10/17 12.50 12.55 12.50 12.50 
2016/10/18 12.50 12.55 12.45 12.50 
2016/10/19 12.50 12.55 12.45 12.55 
2016/10/20 12.55 12.55 12.50 12.55 
2016/10/21 12.50 12.80 12.50 12.80 
2016/10/24 12.75 12.75 12.60 12.70 
2016/10/25 12.70 12.70 12.60 12.65 
2016/10/26 12.65 12.65 12.60 12.65 
2016/10/27 12.60 12.65 12.60 12.65 
2016/10/28 12.65 12.65 12.60 12.65 
2016/10/31 12.60 12.65 12.55 12.65 
2016/11/01 12.65 12.65 12.60 12.65 
2016/11/02 12.65 12.65 12.60 12.60 
2016/11/03 12.60 12.65 12.60 12.65 
2016/11/04 12.60 12.65 12.60 12.60 
2016/11/07 12.60 12.65 12.60 12.65 
2016/11/08 12.65 12.70 12.60 12.70 
2016/11/09 12.65 12.70 12.45 12.60 
2016/11/10 12.60 12.65 12.60 12.65 
2016/11/11 12.60 12.65 12.55 12.65 
2016/11/14 12.60 12.65 12.60 12.60 
2016/11/15 12.60 12.65 12.55 12.65 
2016/11/16 12.65 12.65 12.60 12.65 
2016/11/17 12.65 12.65 12.60 12.65 
2016/11/18 12.60 12.65 12.60 12.65 
2016/11/21 12.60 12.65 12.60 12.65 
2016/11/22 12.65 12.70 12.60 12.70 
2016/11/23 12.70 12.70 12.65 12.70 
2016/11/24 12.70 12.75 12.65 12.70 
2016/11/25 12.70 12.75 12.65 12.75 
2016/11/28 12.75 12.80 12.70 12.80 
2016/11/29 12.75 12.80 12.75 12.80 
2016/11/30 12.80 12.90 12.75 12.90 
2016/12/01 12.90 13.00 12.90 13.00 
2016/12/02 13.00 13.05 12.95 13.05 
2016/12/05 13.05 13.05 13.00 13.05 
2016/12/06 13.00 13.05 13.00 13.05 
2016/12/07 13.05 13.05 12.80 12.90 
2016/12/08 12.90 12.95 12.80 12.95 
2016/12/09 12.85 12.90 12.80 12.90 
2016/12/12 12.85 12.90 12.80 12.85 
2016/12/13 12.80 12.90 12.80 12.90 
2016/12/14 12.90 12.95 12.85 12.90 
2016/12/15 12.90 12.95 12.90 12.95 
2016/12/16 12.95 12.95 12.90 12.95 
2016/12/19 12.95 12.95 12.90 12.95 
2016/12/20 12.95 12.95 12.90 12.90 
2016/12/21 12.90 12.95 12.85 12.95 
2016/12/22 12.95 12.95 12.90 12.90 
2016/12/23 12.90 12.95 12.90 12.90 
2016/12/26 12.95 12.95 12.85 12.90 
2016/12/27 12.90 12.95 12.85 12.95 
2016/12/28 12.95 12.95 12.90 12.95 
2016/12/29 12.95 12.95 12.90 12.95 
2016/12/30 12.95 13.00 12.90 13.00 
2017/01/03 13.00 13.00 12.95 13.00 
2017/01/04 13.00 13.00 12.95 12.95 
2017/01/05 12.95 13.05 12.95 13.00 
2017/01/06 13.00 13.05 13.00 13.05 
2017/01/09 13.00 13.05 13.00 13.05 
2017/01/10 13.00 13.10 13.00 13.10 
2017/01/11 13.10 13.10 13.05 13.10 
2017/01/12 13.10 13.20 13.05 13.20 
2017/01/13 13.20 13.20 13.10 13.20 
2017/01/16 13.20 13.20 13.05 13.10 
2017/01/17 13.10 13.10 13.00 13.05 
2017/01/18 13.05 13.10 13.00 13.05 
2017/01/19 13.05 13.05 13.00 13.05 
2017/01/20 13.05 13.05 13.00 13.05 
2017/01/23 13.05 13.10 13.00 13.10 
2017/01/24 13.15 13.15 13.05 13.15 
2017/02/02 13.20 13.20 13.15 13.20 
2017/02/03 13.20 13.30 13.20 13.30 
2017/02/06 13.30 13.35 13.25 13.35 
2017/02/07 13.35 13.45 13.35 13.45 
2017/02/08 13.45 13.60 13.45 13.60 
