2016/07/01 8.20 8.28 8.17 8.28 
2016/07/04 8.25 8.29 8.22 8.26 
2016/07/05 8.23 8.26 8.19 8.26 
2016/07/06 8.22 8.22 8.13 8.18 
2016/07/07 8.20 8.20 8.16 8.20 
2016/07/11 8.25 8.31 8.24 8.30 
2016/07/12 8.26 8.32 8.26 8.32 
2016/07/13 8.32 8.34 8.29 8.34 
2016/07/14 8.31 8.38 8.31 8.38 
2016/07/15 8.36 8.48 8.36 8.47 
2016/07/18 8.47 8.50 8.46 8.48 
2016/07/19 8.48 8.53 8.45 8.53 
2016/07/20 8.49 8.53 8.48 8.52 
2016/07/21 8.51 8.55 8.50 8.53 
2016/07/22 8.50 8.50 8.43 8.49 
2016/07/25 8.49 8.52 8.44 8.50 
2016/07/26 8.48 8.50 8.46 8.50 
2016/07/27 8.49 8.49 8.43 8.46 
2016/07/28 8.46 8.48 8.42 8.46 
2016/07/29 8.46 8.46 8.38 8.41 
2016/08/01 8.43 8.48 8.42 8.48 
2016/08/02 8.46 8.47 8.39 8.40 
2016/08/03 8.36 8.42 8.35 8.42 
2016/08/04 8.40 8.41 8.38 8.41 
2016/08/05 8.40 8.49 8.39 8.48 
2016/08/08 8.48 8.49 8.46 8.49 
2016/08/09 8.48 8.49 8.45 8.45 
2016/08/10 8.48 8.50 8.44 8.50 
2016/08/11 8.48 8.49 8.38 8.47 
2016/08/12 8.48 8.54 8.46 8.54 
2016/08/15 8.55 8.56 8.49 8.53 
2016/08/16 8.53 8.54 8.50 8.54 
2016/08/17 8.52 8.56 8.51 8.55 
2016/08/18 8.54 8.60 8.51 8.59 
2016/08/19 8.59 8.61 8.50 8.52 
2016/08/22 8.48 8.48 8.41 8.45 
2016/08/23 8.45 8.51 8.42 8.49 
2016/08/24 8.48 8.53 8.46 8.52 
2016/08/25 8.52 8.55 8.52 8.55 
2016/08/26 8.55 8.57 8.52 8.54 
2016/08/29 8.54 8.56 8.49 8.54 
2016/08/30 8.54 8.56 8.52 8.54 
2016/08/31 8.54 8.55 8.48 8.48 
2016/09/01 8.48 8.48 8.41 8.43 
2016/09/02 7.99 8.04 7.98 8.01 
2016/09/05 8.05 8.14 8.05 8.12 
2016/09/06 8.12 8.17 8.11 8.14 
2016/09/07 8.13 8.16 8.11 8.13 
2016/09/08 8.12 8.15 8.11 8.14 
2016/09/09 8.12 8.13 8.09 8.11 
2016/09/10 8.05 8.07 8.03 8.05 
2016/09/12 8.03 8.05 8.01 8.01 
2016/09/13 8.02 8.06 7.96 7.97 
2016/09/14 7.96 7.98 7.92 7.97 
2016/09/19 7.96 8.05 7.96 8.01 
2016/09/20 8.01 8.02 8.00 8.01 
2016/09/21 8.01 8.06 8.00 8.05 
2016/09/22 8.07 8.07 8.02 8.05 
2016/09/23 8.06 8.07 8.02 8.07 
2016/09/26 8.07 8.07 8.02 8.05 
2016/09/29 8.09 8.09 8.01 8.02 
2016/09/30 7.98 8.01 7.97 7.97 
2016/10/03 7.98 8.01 7.97 7.97 
2016/10/04 8.02 8.04 7.97 8.04 
2016/10/05 7.98 8.02 7.98 8.02 
2016/10/06 8.03 8.03 7.99 7.99 
2016/10/07 7.99 8.02 7.97 7.98 
2016/10/11 8.03 8.03 7.96 8.01 
2016/10/12 7.98 8.00 7.94 7.97 
2016/10/13 7.97 7.99 7.92 7.95 
2016/10/14 7.94 7.95 7.90 7.91 
2016/10/17 7.93 7.93 7.90 7.93 
2016/10/18 7.93 7.98 7.92 7.98 
2016/10/19 7.98 8.00 7.96 8.00 
2016/10/20 7.99 8.04 7.98 8.03 
2016/10/21 8.03 8.04 7.97 7.97 
2016/10/24 7.97 8.00 7.96 8.00 
2016/10/25 8.01 8.01 7.97 8.00 
2016/10/26 8.00 8.02 7.99 8.01 
2016/10/27 8.02 8.02 7.96 7.96 
2016/10/28 8.00 8.01 7.95 7.98 
2016/10/31 7.95 8.01 7.95 7.98 
2016/11/01 7.97 8.00 7.96 7.99 
2016/11/02 7.97 7.98 7.94 7.95 
2016/11/03 7.95 7.97 7.92 7.96 
2016/11/04 7.96 7.96 7.91 7.94 
2016/11/07 7.95 7.96 7.91 7.92 
2016/11/08 7.95 7.96 7.92 7.96 
2016/11/09 7.99 8.01 7.79 7.80 
2016/11/10 7.87 7.92 7.87 7.89 
2016/11/11 7.85 7.88 7.80 7.80 
2016/11/14 7.80 7.86 7.75 7.81 
2016/11/15 7.81 7.87 7.80 7.80 
2016/11/16 7.85 7.86 7.81 7.81 
2016/11/17 7.82 7.85 7.81 7.82 
2016/11/18 7.81 7.83 7.80 7.80 
2016/11/21 7.82 7.90 7.80 7.90 
2016/11/22 7.89 7.91 7.87 7.89 
2016/11/23 7.91 7.99 7.90 7.98 
2016/11/24 7.97 8.12 7.95 8.09 
2016/11/25 8.11 8.13 8.06 8.07 
2016/11/28 8.10 8.13 8.07 8.09 
2016/11/29 8.08 8.10 8.04 8.05 
2016/11/30 8.09 8.10 8.06 8.07 
2016/12/01 8.08 8.11 8.07 8.09 
2016/12/02 8.08 8.14 8.06 8.10 
2016/12/05 8.11 8.12 8.05 8.05 
2016/12/06 8.11 8.12 8.07 8.09 
2016/12/07 8.12 8.13 8.06 8.09 
2016/12/08 8.10 8.17 8.10 8.14 
2016/12/09 8.17 8.20 8.16 8.18 
2016/12/12 8.21 8.31 8.20 8.23 
2016/12/13 8.26 8.29 8.22 8.29 
2016/12/14 8.31 8.32 8.21 8.22 
2016/12/15 8.22 8.27 8.21 8.24 
2016/12/16 8.25 8.25 8.13 8.13 
2016/12/19 8.15 8.21 8.14 8.16 
2016/12/20 8.16 8.20 8.13 8.15 
2016/12/21 8.17 8.20 8.12 8.12 
2016/12/22 8.17 8.18 8.08 8.08 
2016/12/23 8.08 8.11 8.06 8.08 
2016/12/26 8.08 8.12 8.08 8.09 
2016/12/27 8.09 8.11 8.07 8.10 
2016/12/28 8.10 8.14 8.10 8.13 
2016/12/29 8.13 8.13 8.08 8.09 
2016/12/30 8.12 8.16 8.12 8.15 
2017/01/03 8.15 8.15 8.10 8.14 
2017/01/04 8.17 8.17 8.12 8.13 
2017/01/05 8.14 8.18 8.12 8.16 
2017/01/06 8.16 8.18 8.14 8.15 
2017/01/09 8.16 8.17 8.11 8.11 
2017/01/10 8.15 8.17 8.13 8.16 
2017/01/11 8.17 8.25 8.17 8.23 
2017/01/12 8.25 8.27 8.22 8.23 
2017/01/13 8.25 8.25 8.20 8.22 
2017/01/16 8.22 8.22 8.11 8.12 
2017/01/17 8.13 8.16 8.11 8.12 
2017/01/18 8.12 8.16 8.11 8.12 
2017/01/19 8.13 8.15 8.12 8.13 
2017/01/20 8.12 8.16 8.12 8.15 
2017/01/23 8.16 8.22 8.16 8.19 
2017/01/24 8.20 8.22 8.17 8.17 
2017/02/02 8.17 8.20 8.13 8.13 
2017/02/03 8.14 8.17 8.14 8.16 
2017/02/06 8.19 8.28 8.18 8.27 
2017/02/07 8.25 8.29 8.24 8.29 
2017/02/08 8.29 8.29 8.26 8.26 
