2016/07/01 10.60 10.70 10.55 10.60 
2016/07/04 10.60 10.85 10.60 10.75 
2016/07/05 10.75 10.80 10.70 10.80 
2016/07/06 10.75 10.85 10.65 10.75 
2016/07/07 10.75 10.80 10.60 10.75 
2016/07/11 10.80 10.80 10.65 10.75 
2016/07/12 10.70 10.75 10.60 10.70 
2016/07/13 10.65 10.70 10.50 10.65 
2016/07/14 10.60 10.65 10.50 10.55 
2016/07/15 10.55 10.60 10.50 10.60 
2016/07/18 10.60 10.70 10.55 10.65 
2016/07/19 10.65 10.75 10.50 10.60 
2016/07/20 10.60 10.70 10.55 10.65 
2016/07/21 10.65 10.80 10.65 10.75 
2016/07/22 10.70 10.80 10.65 10.75 
2016/07/25 10.75 10.80 10.65 10.70 
2016/07/26 10.65 10.75 10.60 10.70 
2016/07/27 10.70 10.70 10.60 10.65 
2016/07/28 10.65 10.70 10.60 10.60 
2016/07/29 10.60 10.70 10.55 10.60 
2016/08/01 10.70 10.70 10.60 10.65 
2016/08/02 10.70 10.75 10.70 10.75 
2016/08/03 10.75 10.75 10.65 10.75 
2016/08/04 10.75 10.75 10.65 10.75 
2016/08/05 10.75 10.75 10.60 10.70 
2016/08/08 10.75 10.75 10.65 10.75 
2016/08/09 10.75 10.75 10.65 10.75 
2016/08/10 10.70 10.75 10.65 10.75 
2016/08/11 10.75 10.75 10.65 10.75 
2016/08/12 10.70 10.80 10.70 10.80 
2016/08/15 10.80 10.85 10.75 10.80 
2016/08/16 10.80 10.85 10.75 10.80 
2016/08/17 10.80 10.85 10.75 10.80 
2016/08/18 10.80 10.85 10.75 10.85 
2016/08/19 10.80 10.85 10.75 10.80 
2016/08/22 10.75 10.80 10.65 10.75 
2016/08/23 10.70 10.75 10.65 10.65 
2016/08/24 10.65 10.80 10.65 10.80 
2016/08/25 10.75 10.85 10.70 10.80 
2016/08/26 10.80 10.80 10.75 10.80 
2016/08/29 10.85 10.85 10.75 10.85 
2016/08/30 10.80 11.00 10.75 10.95 
2016/08/31 10.95 11.00 10.90 10.95 
2016/09/01 10.95 10.95 10.80 10.90 
2016/09/02 10.85 10.90 10.75 10.85 
2016/09/05 10.85 10.90 10.80 10.85 
2016/09/06 10.85 10.85 10.80 10.85 
2016/09/07 10.85 10.90 10.80 10.80 
2016/09/08 10.80 10.85 10.75 10.80 
2016/09/09 10.85 10.85 10.75 10.75 
2016/09/10 10.75 10.80 10.70 10.70 
2016/09/12 10.80 10.80 10.70 10.75 
2016/09/13 10.75 10.80 10.70 10.70 
2016/09/14 10.70 10.80 10.70 10.80 
2016/09/19 10.80 10.85 10.75 10.80 
2016/09/20 10.80 10.80 10.70 10.75 
2016/09/21 10.75 10.85 10.75 10.85 
2016/09/22 10.30 10.50 10.20 10.40 
2016/09/23 10.40 10.45 10.30 10.35 
2016/09/26 10.35 10.35 10.20 10.30 
2016/09/29 10.30 10.35 10.20 10.30 
2016/09/30 10.25 10.30 10.15 10.30 
2016/10/03 10.25 10.30 10.20 10.25 
2016/10/04 10.25 10.30 10.15 10.30 
2016/10/05 10.25 10.30 10.20 10.30 
2016/10/06 10.25 10.30 10.20 10.25 
2016/10/07 10.25 10.30 10.20 10.25 
2016/10/11 10.25 10.30 10.10 10.15 
2016/10/12 10.15 10.20 10.05 10.15 
2016/10/13 10.10 10.15 9.98 10.00 
2016/10/14 10.00 10.00 9.88 9.95 
2016/10/17 9.91 9.95 9.65 9.89 
2016/10/18 9.90 9.94 9.86 9.90 
2016/10/19 9.90 9.95 9.87 9.88 
2016/10/20 9.94 9.94 9.87 9.92 
2016/10/21 9.90 9.94 9.88 9.94 
2016/10/24 9.94 9.94 9.86 9.91 
2016/10/25 9.90 9.93 9.86 9.91 
2016/10/26 9.92 9.95 9.87 9.92 
2016/10/27 9.94 9.94 9.84 9.91 
2016/10/28 9.91 9.93 9.83 9.89 
2016/10/31 9.91 9.91 9.83 9.86 
2016/11/01 9.86 9.92 9.86 9.86 
2016/11/02 9.86 9.86 9.78 9.81 
2016/11/03 9.84 9.84 9.67 9.77 
2016/11/04 9.77 9.78 9.70 9.77 
2016/11/07 9.78 9.80 9.72 9.76 
2016/11/08 9.80 9.81 9.70 9.78 
2016/11/09 9.78 9.80 9.69 9.70 
2016/11/10 9.72 9.90 9.72 9.80 
2016/11/11 9.85 9.89 9.72 9.78 
2016/11/14 9.80 9.85 9.73 9.78 
2016/11/15 9.78 10.10 9.73 9.97 
2016/11/16 10.05 10.05 9.90 9.95 
2016/11/17 9.99 9.99 9.90 9.90 
2016/11/18 9.97 9.97 9.85 9.85 
2016/11/21 9.86 9.90 9.85 9.85 
2016/11/22 9.88 9.90 9.82 9.85 
2016/11/23 9.85 9.88 9.78 9.82 
2016/11/24 9.82 9.85 9.80 9.83 
2016/11/25 9.85 9.90 9.81 9.84 
2016/11/28 9.85 9.87 9.81 9.84 
2016/11/29 9.84 9.85 9.81 9.85 
2016/11/30 9.81 10.35 9.81 10.15 
2016/12/01 10.15 10.20 10.05 10.10 
2016/12/02 10.10 10.10 10.00 10.00 
2016/12/05 10.00 10.10 9.92 9.96 
2016/12/06 10.00 10.00 9.95 9.95 
2016/12/07 9.99 10.05 9.95 9.96 
2016/12/08 10.00 10.00 9.95 9.99 
2016/12/09 10.00 10.00 9.96 9.99 
2016/12/12 10.00 10.00 9.93 9.97 
2016/12/13 9.91 9.98 9.90 9.90 
2016/12/14 9.92 9.97 9.87 9.88 
2016/12/15 9.90 9.92 9.84 9.85 
2016/12/16 9.85 9.88 9.84 9.87 
2016/12/19 9.85 9.93 9.85 9.89 
2016/12/20 9.90 9.92 9.85 9.89 
2016/12/21 9.93 9.93 9.84 9.87 
2016/12/22 9.90 9.90 9.82 9.84 
2016/12/23 9.94 9.94 9.86 9.86 
2016/12/26 9.88 9.94 9.87 9.87 
2016/12/27 9.88 9.93 9.87 9.93 
2016/12/28 9.93 10.05 9.92 10.00 
2016/12/29 9.99 10.15 9.96 10.00 
2016/12/30 10.10 10.15 10.05 10.15 
2017/01/03 10.15 10.20 10.10 10.15 
2017/01/04 10.15 10.20 10.05 10.10 
2017/01/05 10.10 10.25 10.10 10.15 
2017/01/06 10.20 10.20 10.10 10.20 
2017/01/09 10.15 10.20 10.05 10.10 
2017/01/10 10.10 10.15 10.00 10.15 
2017/01/11 10.10 10.10 9.99 10.10 
2017/01/12 10.10 10.10 9.98 10.05 
2017/01/13 10.10 10.10 9.99 10.05 
2017/01/16 10.05 10.05 9.98 10.05 
2017/01/17 10.05 10.05 9.95 10.00 
2017/01/18 10.00 10.00 9.93 10.00 
2017/01/19 10.00 10.05 9.99 9.99 
2017/01/20 10.00 10.05 9.99 10.00 
2017/01/23 10.05 10.10 10.00 10.00 
2017/01/24 10.05 10.10 10.00 10.10 
2017/02/02 10.20 10.25 10.10 10.15 
2017/02/03 10.15 10.55 10.15 10.45 
2017/02/06 10.80 11.45 10.80 11.45 
2017/02/07 11.70 11.80 10.90 11.15 
2017/02/08 11.25 11.25 11.00 11.05 
