2016/07/01 13.75 13.75 13.65 13.65 
2016/07/04 13.65 13.75 13.65 13.70 
2016/07/05 13.70 13.75 13.65 13.75 
2016/07/06 13.50 13.80 13.50 13.80 
2016/07/07 13.80 13.80 13.70 13.80 
2016/07/11 13.75 13.85 13.50 13.55 
2016/07/12 13.55 13.75 13.50 13.70 
2016/07/13 13.80 13.90 13.70 13.90 
2016/07/14 13.25 13.45 13.25 13.45 
2016/07/15 13.45 13.45 13.40 13.45 
2016/07/18 13.45 13.55 13.40 13.50 
2016/07/19 13.55 13.70 13.50 13.60 
2016/07/20 13.65 13.65 13.50 13.50 
2016/07/21 13.50 13.65 13.50 13.60 
2016/07/22 13.60 13.65 13.50 13.55 
2016/07/25 13.55 13.55 13.45 13.50 
2016/07/26 13.50 13.60 13.45 13.55 
2016/07/27 13.55 13.60 13.55 13.60 
2016/07/28 13.45 14.00 13.45 13.90 
2016/07/29 14.05 14.05 13.85 13.85 
2016/08/01 13.95 13.95 13.75 13.80 
2016/08/02 13.80 13.90 13.75 13.90 
2016/08/03 13.85 13.85 13.60 13.70 
2016/08/04 13.80 13.80 13.65 13.70 
2016/08/05 13.85 13.85 13.65 13.65 
2016/08/08 13.60 13.75 13.60 13.70 
2016/08/09 13.70 13.95 13.70 13.90 
2016/08/10 13.90 13.95 13.80 13.95 
2016/08/11 13.90 13.90 13.60 13.80 
2016/08/12 13.85 13.90 13.70 13.85 
2016/08/15 13.90 13.90 13.70 13.85 
2016/08/16 13.85 13.85 13.65 13.65 
2016/08/17 13.80 13.95 13.65 13.85 
2016/08/18 13.95 13.95 13.80 13.85 
2016/08/19 13.80 13.80 13.60 13.70 
2016/08/22 13.60 13.60 13.50 13.50 
2016/08/23 13.75 13.75 13.65 13.65 
2016/08/24 13.65 13.65 13.50 13.55 
2016/08/25 13.50 13.60 13.50 13.60 
2016/08/26 13.60 13.65 13.55 13.55 
2016/08/29 13.55 13.55 13.30 13.45 
2016/08/30 13.45 13.45 13.40 13.45 
2016/08/31 13.40 13.55 13.35 13.45 
2016/09/01 13.30 13.40 13.30 13.40 
2016/09/02 13.35 13.35 13.20 13.30 
2016/09/05 13.30 13.45 13.30 13.40 
2016/09/06 13.35 13.40 13.35 13.35 
2016/09/07 13.35 13.35 13.05 13.15 
2016/09/08 13.25 13.25 13.10 13.20 
2016/09/09 13.25 13.25 13.15 13.20 
2016/09/10 13.10 13.10 13.00 13.10 
2016/09/12 13.20 13.20 12.85 12.90 
2016/09/13 12.95 12.95 12.60 12.65 
2016/09/14 12.65 13.00 12.60 13.00 
2016/09/19 13.00 13.05 12.90 13.00 
2016/09/20 12.90 13.00 12.90 13.00 
2016/09/21 12.90 13.60 12.90 13.45 
2016/09/22 13.40 13.45 13.25 13.25 
2016/09/23 13.55 13.55 13.25 13.30 
2016/09/26 13.30 13.30 13.10 13.10 
2016/09/29 13.40 13.40 13.10 13.10 
2016/09/30 13.05 13.05 12.70 12.85 
2016/10/03 12.85 12.95 12.75 12.75 
2016/10/04 12.75 12.90 12.75 12.80 
2016/10/05 12.75 12.80 12.70 12.80 
2016/10/06 12.80 12.85 12.75 12.75 
2016/10/07 12.75 12.75 12.70 12.70 
2016/10/11 12.75 12.75 12.60 12.60 
2016/10/12 12.55 12.70 12.55 12.60 
2016/10/13 12.60 12.60 12.55 12.55 
2016/10/14 12.55 12.55 12.25 12.25 
2016/10/17 12.35 12.35 12.15 12.25 
2016/10/18 12.25 12.35 12.25 12.35 
2016/10/19 12.55 12.55 12.35 12.40 
2016/10/20 12.40 12.40 12.25 12.25 
2016/10/21 12.20 12.35 12.10 12.10 
2016/10/24 12.20 12.20 12.10 12.15 
2016/10/25 12.25 12.25 12.10 12.10 
2016/10/26 12.15 12.20 12.10 12.15 
2016/10/27 12.25 12.25 12.00 12.10 
2016/10/28 12.05 12.10 11.85 12.05 
2016/10/31 12.00 12.05 12.00 12.05 
2016/11/01 12.15 12.15 12.00 12.05 
2016/11/02 11.95 12.00 11.90 11.90 
2016/11/03 12.00 12.00 11.90 11.90 
2016/11/04 11.90 12.00 11.85 11.95 
2016/11/07 12.00 12.05 11.95 12.00 
2016/11/08 12.05 12.05 12.00 12.05 
2016/11/09 12.15 12.35 11.85 11.85 
2016/11/10 12.25 12.25 11.95 12.00 
2016/11/11 12.05 12.40 12.05 12.15 
2016/11/14 12.20 12.35 12.20 12.30 
2016/11/15 12.20 12.20 12.00 12.10 
2016/11/16 12.10 12.20 12.05 12.10 
2016/11/17 12.00 12.15 12.00 12.05 
2016/11/18 12.05 12.10 12.05 12.10 
2016/11/21 12.05 12.20 12.00 12.10 
2016/11/22 12.00 12.20 12.00 12.15 
2016/11/23 12.10 12.25 12.10 12.15 
2016/11/24 12.15 12.40 12.15 12.35 
2016/11/25 12.25 12.75 12.25 12.55 
2016/11/28 12.55 13.15 12.55 12.75 
2016/11/29 12.70 12.80 12.55 12.60 
2016/11/30 12.50 12.75 12.50 12.60 
2016/12/01 12.60 12.70 12.55 12.55 
2016/12/02 12.50 12.75 12.50 12.70 
2016/12/05 12.60 12.65 12.55 12.55 
2016/12/06 12.50 12.65 12.50 12.60 
2016/12/07 12.50 12.50 12.35 12.35 
2016/12/08 12.35 12.50 12.35 12.50 
2016/12/09 12.40 12.40 12.25 12.25 
2016/12/12 12.25 12.40 12.25 12.30 
2016/12/13 12.25 12.45 12.25 12.35 
2016/12/14 12.30 12.45 12.30 12.35 
2016/12/15 12.25 12.40 12.25 12.35 
2016/12/16 12.35 12.35 12.30 12.30 
2016/12/19 12.20 12.30 12.20 12.25 
2016/12/20 12.25 12.35 12.25 12.25 
2016/12/21 12.20 12.35 12.20 12.25 
2016/12/22 12.25 12.30 12.25 12.25 
2016/12/23 12.30 12.35 12.30 12.35 
2016/12/26 12.40 12.70 12.40 12.50 
2016/12/27 12.60 13.05 12.45 13.00 
2016/12/28 13.00 13.55 12.80 13.50 
2016/12/29 13.25 14.50 13.20 14.20 
2016/12/30 14.20 14.95 13.85 14.55 
2017/01/03 14.40 14.50 14.05 14.45 
2017/01/04 14.25 14.25 13.90 13.90 
2017/01/05 13.90 13.95 13.80 13.85 
2017/01/06 13.90 13.90 13.80 13.80 
2017/01/09 13.80 13.85 13.70 13.85 
2017/01/10 13.65 13.70 13.60 13.65 
2017/01/11 13.65 13.70 13.50 13.50 
2017/01/12 13.55 13.60 13.40 13.50 
2017/01/13 13.45 13.45 13.30 13.30 
2017/01/16 13.30 13.30 13.25 13.25 
2017/01/17 13.30 13.35 13.20 13.25 
2017/01/18 13.30 14.30 13.25 13.80 
2017/01/19 13.80 13.80 13.65 13.70 
2017/01/20 13.60 13.65 13.50 13.50 
2017/01/23 13.50 14.10 13.50 13.75 
2017/01/24 13.75 13.75 13.50 13.50 
2017/02/02 13.50 13.50 13.35 13.50 
2017/02/03 13.60 13.65 13.55 13.60 
2017/02/06 13.65 13.80 13.45 13.60 
2017/02/07 13.80 13.80 13.60 13.60 
2017/02/08 13.80 13.80 13.65 13.70 
