2016/07/01 8.63 8.71 8.62 8.67 
2016/07/04 8.67 8.75 8.67 8.73 
2016/07/05 8.73 8.76 8.71 8.76 
2016/07/06 8.73 8.73 8.66 8.66 
2016/07/07 8.68 8.70 8.64 8.65 
2016/07/11 8.72 8.77 8.70 8.75 
2016/07/12 8.75 8.79 8.73 8.76 
2016/07/13 8.80 8.86 8.78 8.86 
2016/07/14 8.83 8.86 8.83 8.84 
2016/07/15 8.89 8.95 8.87 8.95 
2016/07/18 8.96 9.07 8.96 9.02 
2016/07/19 9.04 9.06 8.98 9.05 
2016/07/20 9.02 9.05 8.99 9.00 
2016/07/21 9.01 9.12 9.01 9.11 
2016/07/22 9.12 9.20 9.12 9.16 
2016/07/25 9.16 9.19 9.07 9.10 
2016/07/26 9.11 9.13 9.06 9.12 
2016/07/27 9.12 9.16 9.10 9.14 
2016/07/28 9.14 9.18 9.13 9.14 
2016/07/29 9.18 9.18 9.14 9.16 
2016/08/01 9.16 9.19 9.14 9.18 
2016/08/02 9.19 9.19 9.14 9.16 
2016/08/03 9.15 9.16 9.12 9.16 
2016/08/04 9.16 9.17 9.13 9.16 
2016/08/05 8.47 8.51 8.46 8.49 
2016/08/08 8.51 8.55 8.51 8.53 
2016/08/09 8.54 8.55 8.52 8.54 
2016/08/10 8.54 8.59 8.53 8.58 
2016/08/11 8.55 8.58 8.52 8.52 
2016/08/12 8.55 8.59 8.54 8.57 
2016/08/15 8.55 8.55 8.52 8.53 
2016/08/16 8.55 8.56 8.52 8.55 
2016/08/17 8.57 8.58 8.50 8.55 
2016/08/18 8.55 8.56 8.51 8.55 
2016/08/19 8.51 8.54 8.43 8.43 
2016/08/22 8.42 8.47 8.25 8.33 
2016/08/23 8.35 8.35 8.29 8.30 
2016/08/24 8.30 8.34 8.28 8.30 
2016/08/25 8.30 8.37 8.29 8.36 
2016/08/26 8.32 8.38 8.26 8.38 
2016/08/29 8.36 8.38 8.31 8.35 
2016/08/30 8.35 8.35 8.30 8.34 
2016/08/31 8.34 8.35 8.16 8.22 
2016/09/01 8.21 8.22 8.19 8.22 
2016/09/02 8.20 8.24 8.18 8.24 
2016/09/05 8.24 8.27 8.24 8.26 
2016/09/06 8.27 8.35 8.25 8.34 
2016/09/07 8.38 8.38 8.34 8.36 
2016/09/08 8.37 8.42 8.35 8.42 
2016/09/09 8.40 8.44 8.38 8.41 
2016/09/10 8.32 8.35 8.30 8.30 
2016/09/12 8.26 8.30 8.24 8.25 
2016/09/13 8.30 8.30 8.20 8.22 
2016/09/14 8.21 8.25 8.19 8.19 
2016/09/19 8.25 8.29 8.20 8.26 
2016/09/20 8.26 8.27 8.22 8.26 
2016/09/21 8.27 8.39 8.25 8.36 
2016/09/22 8.37 8.37 8.31 8.37 
2016/09/23 8.37 8.41 8.33 8.40 
2016/09/26 8.40 8.40 8.32 8.36 
2016/09/29 8.36 8.37 8.32 8.37 
2016/09/30 8.38 8.38 8.31 8.34 
2016/10/03 8.34 8.38 8.31 8.31 
2016/10/04 8.34 8.37 8.31 8.35 
2016/10/05 8.35 8.37 8.31 8.35 
2016/10/06 8.33 8.35 8.29 8.35 
2016/10/07 8.32 8.32 8.27 8.27 
2016/10/11 8.30 8.30 8.19 8.23 
2016/10/12 8.19 8.22 8.18 8.20 
2016/10/13 8.19 8.23 8.17 8.17 
2016/10/14 8.15 8.16 8.01 8.08 
2016/10/17 8.08 8.08 8.02 8.07 
2016/10/18 8.03 8.12 8.01 8.12 
2016/10/19 8.07 8.12 8.03 8.06 
2016/10/20 8.06 8.11 8.06 8.10 
2016/10/21 8.10 8.11 7.94 7.94 
2016/10/24 7.98 8.05 7.98 8.04 
2016/10/25 8.05 8.10 8.04 8.04 
2016/10/26 8.03 8.05 7.99 8.01 
2016/10/27 8.01 8.06 7.97 8.06 
2016/10/28 8.03 8.05 7.98 8.00 
2016/10/31 8.00 8.03 7.98 8.02 
2016/11/01 8.00 8.08 8.00 8.08 
2016/11/02 8.05 8.06 7.97 7.98 
2016/11/03 7.97 8.04 7.97 7.98 
2016/11/04 8.00 8.04 7.95 7.95 
2016/11/07 7.99 8.03 7.95 7.95 
2016/11/08 7.96 8.01 7.96 7.98 
2016/11/09 7.98 8.06 7.90 7.91 
2016/11/10 7.94 8.03 7.94 7.99 
2016/11/11 8.00 8.01 7.94 7.97 
2016/11/14 7.99 8.04 7.96 8.01 
2016/11/15 8.01 8.06 8.00 8.03 
2016/11/16 8.04 8.12 8.03 8.12 
2016/11/17 8.13 8.13 8.08 8.11 
2016/11/18 8.11 8.12 8.09 8.12 
2016/11/21 8.11 8.15 8.09 8.15 
2016/11/22 8.16 8.17 8.14 8.16 
2016/11/23 8.17 8.22 8.17 8.22 
2016/11/24 8.21 8.28 8.19 8.28 
2016/11/25 8.27 8.34 8.27 8.34 
2016/11/28 8.32 8.39 8.32 8.36 
2016/11/29 8.36 8.36 8.31 8.34 
2016/11/30 8.34 8.38 8.32 8.38 
2016/12/01 8.38 8.44 8.37 8.39 
2016/12/02 8.40 8.40 8.34 8.37 
2016/12/05 8.39 8.39 8.31 8.31 
2016/12/06 8.33 8.34 8.30 8.32 
2016/12/07 8.31 8.35 8.30 8.33 
2016/12/08 8.31 8.32 8.28 8.32 
2016/12/09 8.32 8.34 8.29 8.32 
2016/12/12 8.34 8.34 8.29 8.32 
2016/12/13 8.32 8.34 8.29 8.30 
2016/12/14 8.31 8.37 8.30 8.34 
2016/12/15 8.34 8.35 8.31 8.34 
2016/12/16 8.36 8.39 8.32 8.32 
2016/12/19 8.38 8.38 8.31 8.33 
2016/12/20 8.32 8.35 8.30 8.32 
2016/12/21 8.32 8.33 8.30 8.31 
2016/12/22 8.51 8.61 8.48 8.61 
2016/12/23 8.64 8.94 8.63 8.94 
2016/12/26 8.91 8.91 8.85 8.91 
2016/12/27 8.87 8.89 8.81 8.83 
2016/12/28 8.81 8.87 8.79 8.79 
2016/12/29 8.76 8.81 8.72 8.81 
2016/12/30 8.81 8.98 8.81 8.98 
2017/01/03 8.98 8.98 8.81 8.84 
2017/01/04 8.83 8.85 8.79 8.79 
2017/01/05 8.75 8.85 8.75 8.83 
2017/01/06 8.80 8.85 8.77 8.80 
2017/01/09 8.80 8.80 8.72 8.74 
2017/01/10 8.74 8.74 8.61 8.62 
2017/01/11 8.62 8.65 8.59 8.62 
2017/01/12 8.67 8.78 8.65 8.78 
2017/01/13 8.76 8.76 8.66 8.71 
2017/01/16 8.68 8.68 8.60 8.60 
2017/01/17 8.59 8.63 8.58 8.59 
2017/01/18 8.58 8.66 8.57 8.63 
2017/01/19 8.60 8.60 8.53 8.55 
2017/01/20 8.61 8.61 8.54 8.54 
2017/01/23 8.55 8.59 8.54 8.55 
2017/01/24 8.56 8.61 8.45 8.50 
2017/02/02 8.56 8.57 8.49 8.53 
2017/02/03 8.58 8.69 8.53 8.66 
2017/02/06 8.71 8.83 8.61 8.82 
2017/02/07 8.86 8.89 8.77 8.88 
2017/02/08 8.89 8.94 8.85 8.92 
