2016/07/01 35.15 35.50 34.90 35.05 
2016/07/04 35.05 35.50 35.00 35.15 
2016/07/05 35.10 35.15 34.85 35.00 
2016/07/06 34.70 34.75 34.10 34.10 
2016/07/07 34.35 34.50 34.10 34.10 
2016/07/11 34.35 34.60 34.15 34.15 
2016/07/12 34.30 34.50 34.20 34.40 
2016/07/13 34.60 35.25 34.55 35.10 
2016/07/14 35.25 35.65 35.00 35.65 
2016/07/15 35.80 36.50 35.80 36.50 
2016/07/18 36.60 37.10 36.55 36.95 
2016/07/19 36.95 37.40 36.50 37.30 
2016/07/20 36.90 37.25 36.55 36.85 
2016/07/21 37.00 37.25 36.90 37.00 
2016/07/22 36.90 36.95 36.55 36.70 
2016/07/25 37.00 37.20 35.90 36.40 
2016/07/26 36.30 36.40 36.05 36.35 
2016/07/27 36.50 36.50 35.95 36.15 
2016/07/28 36.10 36.50 36.00 36.35 
2016/07/29 36.30 36.35 35.85 35.85 
2016/08/01 36.00 36.20 35.85 36.10 
2016/08/02 36.15 36.20 35.90 35.90 
2016/08/03 35.70 36.00 35.60 35.80 
2016/08/04 35.95 36.15 35.70 36.10 
2016/08/05 36.10 36.50 35.95 36.50 
2016/08/08 36.85 37.25 36.80 37.25 
2016/08/09 37.80 38.30 37.65 37.80 
2016/08/10 38.00 38.05 37.80 38.00 
2016/08/11 37.90 37.95 37.20 37.60 
2016/08/12 37.65 38.00 37.55 37.95 
2016/08/15 37.95 37.95 37.65 37.85 
2016/08/16 38.00 38.00 37.50 37.80 
2016/08/17 37.75 38.25 37.70 38.15 
2016/08/18 38.05 38.15 37.90 38.05 
2016/08/19 38.00 38.15 37.50 37.50 
2016/08/22 37.20 37.30 36.80 37.00 
2016/08/23 37.00 37.90 36.95 37.80 
2016/08/24 38.10 38.35 37.80 37.80 
2016/08/25 38.05 38.85 38.05 38.75 
2016/08/26 38.85 39.55 38.80 39.40 
2016/08/29 39.60 39.80 39.00 39.60 
2016/08/30 39.70 40.80 39.60 40.65 
2016/08/31 40.75 41.40 39.95 40.10 
2016/09/01 39.90 39.95 39.30 39.35 
2016/09/02 39.35 39.55 39.00 39.45 
2016/09/05 39.85 40.20 39.80 40.00 
2016/09/06 40.00 40.45 39.90 40.45 
2016/09/07 40.85 40.90 40.55 40.80 
2016/09/08 40.60 41.30 40.55 41.25 
2016/09/09 41.15 41.15 40.30 40.45 
2016/09/10 39.55 39.80 39.50 39.75 
2016/09/12 39.50 39.90 39.25 39.70 
2016/09/13 39.90 39.90 38.80 39.15 
2016/09/14 38.80 39.50 38.80 39.30 
2016/09/19 39.40 40.20 39.40 40.20 
2016/09/20 39.90 40.20 39.90 40.00 
2016/09/21 39.80 40.50 39.80 40.50 
2016/09/22 40.80 40.85 40.20 40.60 
2016/09/23 40.60 40.80 40.25 40.65 
2016/09/26 40.50 40.60 40.25 40.35 
2016/09/29 40.85 40.90 40.20 40.70 
2016/09/30 40.45 40.45 39.70 40.10 
2016/10/03 40.30 40.40 40.00 40.05 
2016/10/04 40.10 40.45 39.90 40.45 
2016/10/05 40.20 40.45 40.10 40.10 
2016/10/06 40.20 40.30 40.10 40.25 
2016/10/07 40.25 40.25 39.90 40.15 
2016/10/11 40.30 40.40 39.70 40.00 
2016/10/12 39.85 40.65 39.75 40.65 
2016/10/13 40.65 40.65 39.95 39.95 
2016/10/14 39.95 40.20 39.65 39.70 
2016/10/17 39.70 39.95 39.15 39.95 
2016/10/18 39.90 40.50 39.75 40.50 
2016/10/19 40.50 40.65 40.35 40.60 
2016/10/20 40.60 40.60 40.15 40.45 
2016/10/21 40.30 40.45 40.05 40.30 
2016/10/24 40.30 40.40 40.20 40.25 
2016/10/25 40.15 40.50 40.15 40.40 
2016/10/26 40.40 40.50 40.20 40.50 
2016/10/27 40.50 40.80 40.40 40.65 
2016/10/28 40.65 40.80 40.50 40.80 
2016/10/31 40.50 40.95 40.15 40.95 
2016/11/01 40.80 40.80 40.50 40.80 
2016/11/02 40.45 40.55 40.25 40.25 
2016/11/03 40.10 40.25 39.80 39.80 
2016/11/04 39.85 40.40 39.65 40.40 
2016/11/07 40.45 40.70 40.20 40.70 
2016/11/08 40.80 40.80 40.50 40.75 
2016/11/09 41.00 41.25 39.10 39.10 
2016/11/10 40.50 41.45 40.45 41.45 
2016/11/11 44.00 44.00 41.80 43.75 
2016/11/14 43.80 46.30 43.15 45.95 
2016/11/15 46.05 46.50 44.75 44.90 
2016/11/16 45.10 45.85 45.00 45.45 
2016/11/17 45.45 45.50 44.85 44.85 
2016/11/18 45.05 45.35 44.15 45.00 
2016/11/21 45.40 46.00 45.10 45.65 
2016/11/22 45.80 45.80 45.25 45.45 
2016/11/23 45.85 46.75 45.50 46.05 
2016/11/24 46.40 46.80 46.25 46.55 
2016/11/25 46.75 48.70 46.60 48.45 
2016/11/28 48.90 49.55 48.30 48.45 
2016/11/29 47.90 47.95 47.30 47.30 
2016/11/30 47.25 47.80 46.30 46.90 
2016/12/01 47.25 48.30 47.20 48.30 
2016/12/02 48.30 48.35 47.65 48.00 
2016/12/05 48.75 48.90 47.85 48.30 
2016/12/06 49.00 49.40 48.75 49.00 
2016/12/07 49.50 49.75 48.70 48.90 
2016/12/08 49.30 49.45 48.95 49.05 
2016/12/09 49.20 49.40 49.10 49.40 
2016/12/12 49.70 49.70 49.05 49.40 
2016/12/13 49.35 49.75 49.30 49.65 
2016/12/14 49.75 49.90 48.55 48.65 
2016/12/15 48.55 49.80 48.45 49.80 
2016/12/16 50.20 50.50 49.80 50.00 
2016/12/19 49.95 49.95 48.85 49.00 
2016/12/20 48.80 49.20 48.60 49.00 
2016/12/21 49.20 49.20 48.50 48.55 
2016/12/22 48.40 48.50 46.75 46.80 
2016/12/23 46.75 47.45 46.30 47.00 
2016/12/26 47.20 48.05 47.10 48.05 
2016/12/27 48.05 48.05 47.50 47.60 
2016/12/28 47.90 48.80 47.65 48.65 
2016/12/29 48.45 48.80 47.65 47.90 
2016/12/30 48.15 48.55 48.05 48.20 
2017/01/03 48.10 48.20 47.70 48.00 
2017/01/04 48.35 48.35 47.75 47.90 
2017/01/05 47.90 48.40 47.90 48.40 
2017/01/06 48.80 48.80 48.15 48.75 
2017/01/09 48.75 49.20 48.75 49.00 
2017/01/10 48.95 49.20 48.25 49.20 
2017/01/11 49.40 49.40 48.80 49.00 
2017/01/12 49.10 49.30 48.65 48.70 
2017/01/13 48.70 48.70 48.10 48.40 
2017/01/16 48.00 48.05 47.20 47.30 
2017/01/17 46.80 47.65 46.80 47.50 
2017/01/18 47.05 47.45 46.75 46.95 
2017/01/19 46.90 46.95 46.60 46.85 
2017/01/20 47.00 47.30 46.70 47.15 
2017/01/23 47.40 47.55 46.95 47.40 
2017/01/24 47.40 47.50 46.95 47.50 
2017/02/02 47.50 47.55 46.90 46.90 
2017/02/03 46.90 47.15 46.55 46.65 
2017/02/06 46.70 48.40 46.65 48.20 
2017/02/07 48.20 48.25 47.75 48.00 
2017/02/08 48.20 48.30 47.70 47.85 
