2016/07/01 7.79 7.82 7.75 7.80 
2016/07/04 7.80 7.83 7.74 7.77 
2016/07/05 7.75 7.77 7.72 7.73 
2016/07/06 7.68 7.70 7.59 7.60 
2016/07/07 7.64 7.66 7.57 7.57 
2016/07/11 7.67 7.70 7.61 7.65 
2016/07/12 7.65 7.70 7.62 7.69 
2016/07/13 7.71 7.73 7.66 7.71 
2016/07/14 7.72 7.75 7.68 7.75 
2016/07/15 7.76 7.84 7.75 7.82 
2016/07/18 7.85 7.93 7.83 7.90 
2016/07/19 7.92 7.94 7.84 7.93 
2016/07/20 7.85 7.93 7.83 7.90 
2016/07/21 7.94 8.00 7.88 7.98 
2016/07/22 7.96 7.97 7.89 7.90 
2016/07/25 7.90 7.99 7.80 7.95 
2016/07/26 7.88 7.93 7.82 7.90 
2016/07/27 7.91 7.92 7.84 7.88 
2016/07/28 7.84 7.90 7.83 7.86 
2016/07/29 7.86 7.86 7.76 7.76 
2016/08/01 7.79 7.88 7.79 7.87 
2016/08/02 7.89 7.89 7.82 7.82 
2016/08/03 7.79 7.86 7.74 7.82 
2016/08/04 7.82 7.83 7.77 7.81 
2016/08/05 7.82 7.90 7.81 7.90 
2016/08/08 7.93 7.95 7.89 7.95 
2016/08/09 7.95 7.95 7.88 7.92 
2016/08/10 7.92 8.00 7.90 8.00 
2016/08/11 8.02 8.05 7.91 8.04 
2016/08/12 8.06 8.18 8.06 8.18 
2016/08/15 8.19 8.21 8.10 8.18 
2016/08/16 8.18 8.19 8.08 8.13 
2016/08/17 8.12 8.16 8.07 8.14 
2016/08/18 8.13 8.20 8.07 8.20 
2016/08/19 8.20 8.20 8.09 8.14 
2016/08/22 8.09 8.10 7.97 8.08 
2016/08/23 8.03 8.13 8.02 8.12 
2016/08/24 8.10 8.10 8.05 8.07 
2016/08/25 8.07 8.15 8.06 8.15 
2016/08/26 8.11 8.17 8.08 8.16 
2016/08/29 8.14 8.15 8.02 8.13 
2016/08/30 8.13 8.18 8.10 8.16 
2016/08/31 8.10 8.16 8.02 8.02 
2016/09/01 8.02 8.05 7.93 7.98 
2016/09/02 8.00 8.04 7.96 8.01 
2016/09/05 8.01 8.11 8.01 8.09 
2016/09/06 8.12 8.17 8.09 8.17 
2016/09/07 8.17 8.19 8.14 8.19 
2016/09/08 8.16 8.17 8.10 8.13 
2016/09/09 8.08 8.09 8.01 8.01 
2016/09/10 7.95 7.95 7.91 7.93 
2016/09/12 7.89 7.91 7.85 7.85 
2016/09/13 7.85 7.87 7.71 7.76 
2016/09/14 7.76 7.83 7.71 7.76 
2016/09/19 7.79 7.91 7.78 7.91 
2016/09/20 7.88 7.91 7.85 7.90 
2016/09/21 7.90 7.96 7.86 7.96 
2016/09/22 8.00 8.00 7.89 7.96 
2016/09/23 7.99 8.05 7.95 8.05 
2016/09/26 8.04 8.04 7.95 8.00 
2016/09/29 8.05 8.10 8.00 8.09 
2016/09/30 8.05 8.06 7.96 8.00 
2016/10/03 8.02 8.04 7.96 7.96 
2016/10/04 7.98 8.02 7.97 8.00 
2016/10/05 7.96 8.01 7.96 8.00 
2016/10/06 7.97 8.04 7.97 7.99 
2016/10/07 8.00 8.01 7.96 8.00 
2016/10/11 8.07 8.09 7.97 8.00 
2016/10/12 8.00 8.04 7.98 8.04 
2016/10/13 8.04 8.04 7.88 7.88 
2016/10/14 7.88 7.92 7.86 7.87 
2016/10/17 7.90 7.93 7.80 7.85 
2016/10/18 7.85 7.92 7.85 7.92 
2016/10/19 7.90 7.98 7.90 7.94 
2016/10/20 7.94 7.97 7.90 7.94 
2016/10/21 7.94 7.98 7.91 7.94 
2016/10/24 7.93 7.99 7.93 7.99 
2016/10/25 7.98 8.03 7.97 8.03 
2016/10/26 8.03 8.05 7.98 7.98 
2016/10/27 7.98 8.03 7.94 7.94 
2016/10/28 7.96 8.01 7.92 8.01 
2016/10/31 7.92 7.97 7.88 7.91 
2016/11/01 7.89 7.95 7.89 7.91 
2016/11/02 7.88 7.90 7.83 7.83 
2016/11/03 7.82 7.87 7.79 7.79 
2016/11/04 7.79 7.81 7.73 7.75 
2016/11/07 7.78 7.80 7.76 7.76 
2016/11/08 7.80 7.81 7.76 7.79 
2016/11/09 7.85 7.85 7.58 7.59 
2016/11/10 7.79 7.79 7.71 7.72 
2016/11/11 7.60 7.68 7.58 7.58 
2016/11/14 7.58 7.69 7.51 7.58 
2016/11/15 7.65 7.69 7.60 7.60 
2016/11/16 7.66 7.71 7.60 7.63 
2016/11/17 7.62 7.64 7.58 7.61 
2016/11/18 7.59 7.61 7.55 7.56 
2016/11/21 7.58 7.72 7.58 7.72 
2016/11/22 7.71 7.78 7.65 7.78 
2016/11/23 7.88 8.04 7.87 7.89 
2016/11/24 7.88 8.15 7.87 8.06 
2016/11/25 8.06 8.15 8.00 8.00 
2016/11/28 8.03 8.08 8.00 8.00 
2016/11/29 8.00 8.04 7.96 7.96 
2016/11/30 8.00 8.04 7.91 7.94 
2016/12/01 7.99 8.03 7.97 8.01 
2016/12/02 7.96 8.03 7.96 7.99 
2016/12/05 8.00 8.01 7.92 7.92 
2016/12/06 8.01 8.01 7.95 8.01 
2016/12/07 8.02 8.05 7.97 8.00 
2016/12/08 8.04 8.08 8.02 8.08 
2016/12/09 8.10 8.19 8.08 8.14 
2016/12/12 8.19 8.19 8.10 8.10 
2016/12/13 8.10 8.17 8.10 8.17 
2016/12/14 8.17 8.18 8.10 8.12 
2016/12/15 8.12 8.20 8.11 8.16 
2016/12/16 8.19 8.19 8.09 8.09 
2016/12/19 8.09 8.10 8.04 8.07 
2016/12/20 8.06 8.09 8.03 8.05 
2016/12/21 8.05 8.07 8.02 8.03 
2016/12/22 8.01 8.03 7.97 7.97 
2016/12/23 7.96 8.00 7.94 7.96 
2016/12/26 7.96 8.00 7.95 7.96 
2016/12/27 7.96 7.99 7.95 7.96 
2016/12/28 8.00 8.01 7.96 8.00 
2016/12/29 7.99 8.02 7.96 7.96 
2016/12/30 8.03 8.08 8.00 8.06 
2017/01/03 8.06 8.07 8.01 8.06 
2017/01/04 8.07 8.08 8.05 8.06 
2017/01/05 8.05 8.10 8.05 8.09 
2017/01/06 8.08 8.08 8.03 8.06 
2017/01/09 8.07 8.09 8.03 8.03 
2017/01/10 8.01 8.04 7.99 8.02 
2017/01/11 8.01 8.04 7.99 8.03 
2017/01/12 8.05 8.12 8.04 8.09 
2017/01/13 8.09 8.09 8.03 8.06 
2017/01/16 8.04 8.04 7.98 7.98 
2017/01/17 8.00 8.01 7.98 8.01 
2017/01/18 7.98 8.00 7.97 7.97 
2017/01/19 7.98 7.99 7.94 7.94 
2017/01/20 7.94 7.97 7.92 7.92 
2017/01/23 7.95 8.00 7.95 7.95 
2017/01/24 7.99 8.00 7.96 7.98 
2017/02/02 7.98 8.00 7.89 7.91 
2017/02/03 7.91 7.96 7.90 7.93 
2017/02/06 7.98 8.04 7.95 8.00 
2017/02/07 8.00 8.02 7.97 7.98 
2017/02/08 7.99 8.00 7.94 7.97 
