2016/07/01 24.35 24.45 24.25 24.30 
2016/07/04 24.30 24.50 24.20 24.40 
2016/07/05 24.40 24.40 24.20 24.30 
2016/07/06 24.25 24.30 23.75 23.80 
2016/07/07 23.90 24.00 23.75 23.80 
2016/07/11 24.10 24.25 24.00 24.05 
2016/07/12 24.20 24.20 24.00 24.05 
2016/07/13 24.30 24.50 24.15 24.50 
2016/07/14 24.30 24.60 24.25 24.60 
2016/07/15 24.60 24.90 24.50 24.90 
2016/07/18 24.95 25.00 24.80 24.90 
2016/07/19 24.80 24.95 24.60 24.95 
2016/07/20 24.90 25.00 24.75 24.95 
2016/07/21 24.95 25.10 24.95 25.10 
2016/07/22 24.95 25.05 24.85 24.95 
2016/07/25 25.05 25.10 24.85 25.05 
2016/07/26 25.00 25.00 24.85 25.00 
2016/07/27 25.05 25.05 24.85 25.00 
2016/07/28 24.90 25.05 24.80 25.00 
2016/07/29 24.90 25.10 24.85 25.00 
2016/08/01 25.00 25.10 24.90 25.00 
2016/08/02 25.00 25.00 24.80 24.90 
2016/08/03 24.70 25.00 24.65 24.95 
2016/08/04 24.95 25.00 24.70 25.00 
2016/08/05 24.95 25.35 24.90 25.35 
2016/08/08 25.40 25.50 25.35 25.50 
2016/08/09 25.50 25.80 25.40 25.80 
2016/08/10 25.80 26.00 25.70 25.90 
2016/08/11 26.00 26.00 25.80 26.00 
2016/08/12 26.00 26.20 25.95 26.00 
2016/08/15 24.60 24.60 24.15 24.15 
2016/08/16 24.25 24.30 24.00 24.15 
2016/08/17 24.15 24.45 24.05 24.25 
2016/08/18 24.15 24.50 24.10 24.35 
2016/08/19 24.35 24.45 23.80 23.80 
2016/08/22 22.60 22.70 22.05 22.30 
2016/08/23 22.10 22.35 22.00 22.25 
2016/08/24 22.20 22.20 21.70 21.70 
2016/08/25 21.55 22.20 21.55 22.10 
2016/08/26 21.90 22.10 21.85 22.05 
2016/08/29 22.00 22.05 21.90 22.00 
2016/08/30 22.00 22.10 21.90 21.95 
2016/08/31 21.90 21.95 21.60 21.60 
2016/09/01 21.55 21.55 21.05 21.25 
2016/09/02 21.30 21.50 21.30 21.40 
2016/09/05 21.60 22.15 21.55 22.05 
2016/09/06 22.10 22.20 22.00 22.15 
2016/09/07 22.15 22.30 22.10 22.25 
2016/09/08 22.25 22.65 22.10 22.60 
2016/09/09 22.45 22.55 22.30 22.40 
2016/09/10 22.10 22.30 22.00 22.15 
2016/09/12 22.05 22.10 21.90 21.90 
2016/09/13 21.95 22.15 21.85 22.05 
2016/09/14 22.00 22.05 21.85 21.85 
2016/09/19 21.90 22.50 21.90 22.45 
2016/09/20 22.35 22.60 22.20 22.50 
2016/09/21 22.50 22.50 22.35 22.50 
2016/09/22 22.55 22.60 22.15 22.30 
2016/09/23 22.10 22.50 22.05 22.50 
2016/09/26 22.45 22.45 22.10 22.20 
2016/09/29 22.10 22.40 21.85 22.35 
2016/09/30 22.20 22.30 22.05 22.05 
2016/10/03 22.10 22.10 21.95 21.95 
2016/10/04 21.90 22.00 21.80 21.85 
2016/10/05 21.70 22.00 21.65 21.85 
2016/10/06 21.80 22.05 21.75 21.95 
2016/10/07 21.80 21.95 21.80 21.85 
2016/10/11 21.80 21.90 21.70 21.80 
2016/10/12 21.80 21.95 21.60 21.85 
2016/10/13 21.90 21.90 21.60 21.65 
2016/10/14 21.65 21.75 21.60 21.65 
2016/10/17 21.65 21.70 21.50 21.60 
2016/10/18 21.60 21.80 21.60 21.80 
2016/10/19 21.70 21.90 21.70 21.85 
2016/10/20 21.85 21.95 21.75 21.85 
2016/10/21 21.85 22.00 21.80 22.00 
2016/10/24 22.00 22.00 21.80 21.80 
2016/10/25 21.80 22.00 21.75 22.00 
2016/10/26 21.95 21.95 21.85 21.85 
2016/10/27 21.85 21.85 21.70 21.70 
2016/10/28 21.70 21.75 21.60 21.65 
2016/10/31 21.55 21.65 21.45 21.60 
2016/11/01 21.60 21.60 21.50 21.55 
2016/11/02 21.50 21.55 21.40 21.50 
2016/11/03 21.60 22.05 21.60 22.00 
2016/11/04 22.00 22.10 21.80 21.90 
2016/11/07 21.95 22.05 21.95 21.95 
2016/11/08 22.05 22.60 22.05 22.55 
2016/11/09 22.60 22.85 22.00 22.00 
2016/11/10 22.65 22.95 22.50 22.90 
2016/11/11 23.00 23.15 22.75 22.90 
2016/11/14 22.75 23.80 22.75 23.25 
2016/11/15 23.30 23.50 23.15 23.25 
2016/11/16 23.45 23.50 23.05 23.05 
2016/11/17 23.00 23.00 22.75 23.00 
2016/11/18 22.90 22.90 22.70 22.70 
2016/11/21 22.75 23.20 22.75 23.10 
2016/11/22 23.10 23.25 22.80 23.25 
2016/11/23 23.00 23.05 22.85 22.85 
2016/11/24 22.80 23.20 22.80 23.20 
2016/11/25 23.20 23.20 23.00 23.05 
2016/11/28 23.10 23.20 23.05 23.20 
2016/11/29 23.10 23.25 23.00 23.00 
2016/11/30 23.00 23.05 22.75 22.75 
2016/12/01 22.85 23.10 22.85 22.90 
2016/12/02 22.80 23.10 22.80 23.05 
2016/12/05 23.00 23.05 22.80 22.80 
2016/12/06 23.00 23.25 22.95 23.25 
2016/12/07 23.30 23.30 23.10 23.25 
2016/12/08 23.20 23.50 23.10 23.50 
2016/12/09 23.45 23.75 23.40 23.75 
2016/12/12 23.70 23.75 23.55 23.75 
2016/12/13 23.65 23.70 23.55 23.70 
2016/12/14 23.70 23.70 23.25 23.40 
2016/12/15 23.40 23.50 23.30 23.40 
2016/12/16 23.50 23.80 23.50 23.75 
2016/12/19 23.65 23.70 23.35 23.40 
2016/12/20 23.35 23.40 23.20 23.30 
2016/12/21 23.30 23.30 23.15 23.15 
2016/12/22 23.15 23.20 23.00 23.00 
2016/12/23 22.85 23.15 22.85 22.90 
2016/12/26 22.95 23.15 22.90 23.00 
2016/12/27 23.00 23.00 22.80 22.85 
2016/12/28 22.85 23.10 22.85 23.00 
2016/12/29 22.90 23.00 22.75 22.80 
2016/12/30 23.00 23.15 22.85 23.00 
2017/01/03 22.90 23.10 22.80 23.10 
2017/01/04 23.15 23.45 23.05 23.45 
2017/01/05 23.40 23.70 23.20 23.65 
2017/01/06 23.70 23.70 23.50 23.70 
2017/01/09 23.70 23.70 23.35 23.35 
2017/01/10 23.30 23.65 23.25 23.60 
2017/01/11 23.70 23.70 23.55 23.70 
2017/01/12 23.75 23.90 23.70 23.90 
2017/01/13 23.90 23.95 23.65 23.90 
2017/01/16 23.85 23.85 23.60 23.60 
2017/01/17 23.60 23.75 23.50 23.50 
2017/01/18 23.50 23.55 23.20 23.30 
2017/01/19 23.25 23.55 23.15 23.40 
2017/01/20 23.25 23.40 23.25 23.30 
2017/01/23 23.50 23.60 23.35 23.55 
2017/01/24 23.55 23.60 23.25 23.30 
2017/02/02 23.35 23.40 23.10 23.30 
2017/02/03 23.25 23.35 23.15 23.20 
2017/02/06 23.30 23.65 23.20 23.60 
2017/02/07 23.60 23.70 23.40 23.70 
2017/02/08 23.60 23.65 23.45 23.60 
