2016/07/01 9.52 9.64 9.50 9.64 
2016/07/04 9.63 9.70 9.58 9.66 
2016/07/05 9.62 9.70 9.62 9.70 
2016/07/06 9.68 9.68 9.50 9.50 
2016/07/07 9.57 9.62 9.53 9.56 
2016/07/11 9.64 9.71 9.61 9.66 
2016/07/12 9.70 9.73 9.66 9.73 
2016/07/13 9.75 9.85 9.73 9.85 
2016/07/14 9.85 9.90 9.80 9.90 
2016/07/15 9.90 10.20 9.90 10.15 
2016/07/18 10.20 10.30 10.20 10.20 
2016/07/19 10.25 10.30 10.10 10.30 
2016/07/20 10.25 10.30 10.15 10.20 
2016/07/21 10.20 10.30 10.15 10.25 
2016/07/22 10.20 10.25 10.15 10.20 
2016/07/25 10.25 10.30 10.10 10.25 
2016/07/26 10.20 10.30 10.20 10.30 
2016/07/27 10.30 10.30 10.25 10.30 
2016/07/28 10.30 10.40 10.25 10.40 
2016/07/29 10.40 10.45 10.30 10.30 
2016/08/01 10.30 10.35 10.25 10.35 
2016/08/02 10.35 10.35 10.30 10.30 
2016/08/03 10.20 10.30 10.15 10.25 
2016/08/04 10.25 10.30 10.20 10.30 
2016/08/05 10.30 10.40 10.30 10.35 
2016/08/08 10.40 10.45 10.35 10.45 
2016/08/09 10.45 10.45 10.35 10.45 
2016/08/10 10.45 10.70 10.45 10.70 
2016/08/11 9.83 9.88 9.70 9.76 
2016/08/12 9.79 9.79 9.46 9.48 
2016/08/15 9.47 9.55 9.41 9.43 
2016/08/16 9.45 9.48 9.40 9.44 
2016/08/17 9.43 9.43 9.36 9.42 
2016/08/18 9.40 9.48 9.36 9.48 
2016/08/19 9.48 9.49 9.37 9.37 
2016/08/22 9.35 9.36 9.22 9.26 
2016/08/23 9.25 9.40 9.23 9.37 
2016/08/24 9.39 9.39 9.27 9.27 
2016/08/25 9.35 9.37 9.31 9.37 
2016/08/26 9.37 9.37 9.31 9.34 
2016/08/29 9.35 9.41 9.33 9.41 
2016/08/30 9.45 9.45 9.36 9.43 
2016/08/31 9.38 9.41 9.28 9.28 
2016/09/01 9.27 9.27 9.20 9.22 
2016/09/02 9.25 9.25 9.20 9.25 
2016/09/05 9.23 9.36 9.23 9.34 
2016/09/06 9.38 9.45 9.36 9.45 
2016/09/07 9.44 9.48 9.42 9.46 
2016/09/08 9.45 9.46 9.39 9.44 
2016/09/09 9.40 9.40 9.35 9.36 
2016/09/10 9.30 9.30 9.23 9.27 
2016/09/12 9.24 9.25 9.18 9.21 
2016/09/13 9.22 9.26 9.15 9.16 
2016/09/14 9.12 9.18 9.11 9.11 
2016/09/19 9.11 9.28 9.11 9.26 
2016/09/20 9.26 9.31 9.21 9.27 
2016/09/21 9.27 9.33 9.22 9.27 
2016/09/22 9.32 9.32 9.25 9.31 
2016/09/23 9.32 9.36 9.29 9.36 
2016/09/26 9.35 9.35 9.25 9.27 
2016/09/29 9.35 9.36 9.26 9.36 
2016/09/30 9.35 9.35 9.25 9.25 
2016/10/03 9.28 9.28 9.23 9.23 
2016/10/04 9.27 9.35 9.25 9.35 
2016/10/05 9.32 9.32 9.27 9.32 
2016/10/06 9.32 9.32 9.27 9.29 
2016/10/07 9.29 9.32 9.25 9.32 
2016/10/11 9.32 9.32 9.21 9.26 
2016/10/12 9.20 9.26 9.19 9.24 
2016/10/13 9.22 9.25 9.16 9.16 
2016/10/14 9.17 9.20 9.15 9.15 
2016/10/17 9.15 9.16 9.07 9.09 
2016/10/18 9.10 9.20 9.09 9.20 
2016/10/19 9.20 9.23 9.16 9.20 
2016/10/20 9.21 9.23 9.19 9.22 
2016/10/21 9.20 9.23 9.19 9.20 
2016/10/24 9.20 9.20 9.15 9.18 
2016/10/25 9.17 9.19 9.15 9.19 
2016/10/26 9.19 9.19 9.14 9.14 
2016/10/27 9.12 9.17 9.10 9.14 
2016/10/28 9.11 9.14 9.09 9.13 
2016/10/31 9.08 9.15 9.05 9.11 
2016/11/01 9.08 9.13 9.08 9.13 
2016/11/02 9.10 9.11 9.08 9.08 
2016/11/03 9.05 9.07 9.00 9.01 
2016/11/04 9.01 9.03 9.00 9.00 
2016/11/07 9.01 9.05 9.01 9.02 
2016/11/08 9.04 9.09 9.04 9.09 
2016/11/09 9.15 9.15 8.90 8.91 
2016/11/10 9.02 9.04 8.98 8.98 
2016/11/11 8.98 8.98 8.84 8.84 
2016/11/14 8.82 8.95 8.78 8.84 
2016/11/15 8.85 8.94 8.85 8.86 
2016/11/16 8.87 8.91 8.83 8.83 
2016/11/17 8.83 8.85 8.79 8.80 
2016/11/18 8.79 8.79 8.75 8.75 
2016/11/21 8.75 8.83 8.75 8.82 
2016/11/22 8.84 8.96 8.82 8.95 
2016/11/23 8.96 9.04 8.96 9.02 
2016/11/24 9.05 9.16 9.03 9.13 
2016/11/25 9.13 9.15 9.08 9.11 
2016/11/28 9.11 9.15 9.11 9.14 
2016/11/29 9.13 9.14 9.05 9.06 
2016/11/30 9.11 9.11 9.05 9.10 
2016/12/01 9.10 9.15 9.10 9.13 
2016/12/02 9.11 9.15 9.10 9.13 
2016/12/05 9.13 9.13 9.05 9.07 
2016/12/06 9.15 9.15 9.10 9.14 
2016/12/07 9.10 9.15 9.10 9.11 
2016/12/08 9.15 9.22 9.11 9.22 
2016/12/09 9.22 9.25 9.20 9.24 
2016/12/12 9.26 9.27 9.20 9.24 
2016/12/13 9.21 9.29 9.21 9.29 
2016/12/14 9.30 9.30 9.18 9.18 
2016/12/15 9.18 9.28 9.17 9.24 
2016/12/16 9.24 9.24 9.15 9.15 
2016/12/19 9.12 9.13 9.03 9.04 
2016/12/20 9.00 9.07 9.00 9.04 
2016/12/21 9.05 9.07 9.03 9.03 
2016/12/22 9.03 9.03 9.00 9.00 
2016/12/23 8.98 9.00 8.95 8.95 
2016/12/26 8.95 9.03 8.95 9.02 
2016/12/27 9.02 9.02 8.98 8.99 
2016/12/28 8.99 9.05 8.99 9.05 
2016/12/29 9.00 9.03 8.99 8.99 
2016/12/30 9.04 9.08 9.02 9.08 
2017/01/03 9.08 9.08 9.04 9.07 
2017/01/04 9.09 9.09 9.04 9.04 
2017/01/05 9.06 9.14 9.06 9.13 
2017/01/06 9.13 9.17 9.10 9.17 
2017/01/09 9.16 9.17 9.13 9.13 
2017/01/10 9.13 9.13 9.08 9.09 
2017/01/11 9.11 9.15 9.11 9.15 
2017/01/12 9.17 9.19 9.15 9.18 
2017/01/13 9.18 9.19 9.15 9.16 
2017/01/16 9.16 9.16 9.11 9.16 
2017/01/17 9.16 9.17 9.14 9.17 
2017/01/18 9.16 9.17 9.12 9.12 
2017/01/19 9.12 9.12 9.07 9.08 
2017/01/20 9.08 9.14 9.07 9.10 
2017/01/23 9.15 9.24 9.14 9.20 
2017/01/24 9.20 9.25 9.16 9.22 
2017/02/02 9.29 9.30 9.18 9.21 
2017/02/03 9.19 9.22 9.15 9.16 
2017/02/06 9.17 9.26 9.16 9.23 
2017/02/07 9.23 9.30 9.23 9.29 
2017/02/08 9.29 9.34 9.27 9.33 
