2016/07/01 25.50 25.90 25.50 25.90 
2016/07/04 25.90 26.30 25.60 25.90 
2016/07/05 25.40 25.70 25.40 25.70 
2016/07/06 25.70 25.90 25.70 25.90 
2016/07/07 25.90 26.20 25.90 26.20 
2016/07/11 26.20 26.25 26.00 26.20 
2016/07/12 26.20 26.40 26.00 26.20 
2016/07/13 26.15 26.15 26.00 26.15 
2016/07/14 26.00 26.10 25.55 26.10 
2016/07/15 26.00 26.20 26.00 26.15 
2016/07/18 25.70 26.10 25.70 26.00 
2016/07/19 25.90 26.00 25.90 26.00 
2016/07/20 26.00 26.00 25.80 25.80 
2016/07/21 25.80 26.45 25.80 26.45 
2016/07/22 26.00 26.20 26.00 26.00 
2016/07/25 26.00 26.00 25.75 25.85 
2016/07/26 25.80 25.90 25.80 25.80 
2016/07/27 25.80 25.95 25.70 25.70 
2016/07/28 25.70 26.00 25.65 26.00 
2016/07/29 26.35 26.35 26.00 26.20 
2016/08/01 26.20 26.25 26.20 26.25 
2016/08/02 26.25 26.35 26.25 26.35 
2016/08/03 26.20 26.20 26.00 26.05 
2016/08/04 25.65 26.00 25.65 25.70 
2016/08/05 25.70 26.15 25.70 26.15 
2016/08/08 26.10 26.10 26.10 26.10 
2016/08/09 25.60 25.60 25.60 25.60 
2016/08/10 25.70 27.00 25.70 26.40 
2016/08/11 26.25 26.25 26.10 26.10 
2016/08/12 26.05 26.20 25.60 26.20 
2016/08/15 26.20 26.25 26.20 26.25 
2016/08/16 25.70 25.95 25.65 25.85 
2016/08/17 25.95 26.00 25.80 26.00 
2016/08/18 25.50 25.85 25.40 25.80 
2016/08/19 25.50 25.65 24.60 25.45 
2016/08/22 24.85 25.15 24.85 25.15 
2016/08/23 25.15 25.20 25.15 25.20 
2016/08/24 25.20 25.20 25.20 25.20 
2016/08/25 25.35 25.35 25.35 25.35 
2016/08/26 24.85 25.25 24.85 25.15 
2016/08/29 25.15 25.25 25.15 25.20 
2016/08/30 25.20 25.25 25.20 25.25 
2016/08/31 24.85 25.00 24.65 25.00 
2016/09/01 24.80 25.05 24.80 25.05 
2016/09/02 25.00 25.10 25.00 25.10 
2016/09/05 25.00 25.20 25.00 25.20 
2016/09/06 25.20 25.25 25.20 25.25 
2016/09/07 25.20 25.20 25.20 25.20 
2016/09/08 25.20 25.20 25.20 25.20 
2016/09/09 25.10 25.10 25.10 25.10 
2016/09/10 25.05 25.05 25.00 25.00 
2016/09/12 25.00 25.05 25.00 25.00 
2016/09/13 25.20 25.20 25.00 25.00 
2016/09/14 25.00 25.20 25.00 25.15 
2016/09/19 25.10 25.40 25.10 25.40 
2016/09/20 25.40 26.00 25.40 26.00 
2016/09/21 26.00 26.30 25.50 26.30 
2016/09/22 26.20 26.20 26.20 26.20 
2016/09/23 26.10 26.10 26.10 26.10 
2016/09/26 26.00 26.00 26.00 26.00 
2016/09/29 28.30 28.30 26.00 26.45 
2016/09/30 26.40 26.45 26.30 26.35 
2016/10/03 26.25 26.35 26.00 26.35 
2016/10/04 26.30 26.35 26.30 26.35 
2016/10/06 26.00 26.35 26.00 26.35 
2016/10/07 26.00 26.35 26.00 26.30 
2016/10/11 26.00 26.25 26.00 26.00 
2016/10/12 25.30 25.95 25.30 25.95 
2016/10/13 25.95 25.95 25.85 25.95 
2016/10/14 26.00 26.00 25.65 25.95 
2016/10/17 26.00 26.45 25.85 26.20 
2016/10/19 26.00 26.20 25.80 26.20 
2016/10/20 26.15 26.15 25.70 26.05 
2016/10/21 26.00 26.00 25.70 25.85 
2016/10/24 25.70 25.70 25.70 25.70 
2016/10/25 25.50 25.70 25.50 25.50 
2016/10/26 25.65 25.65 25.30 25.50 
2016/10/27 25.60 25.60 25.35 25.35 
2016/10/28 25.40 25.50 25.40 25.50 
2016/10/31 25.30 25.50 25.30 25.45 
2016/11/01 25.45 25.50 25.45 25.50 
2016/11/02 25.30 25.35 25.25 25.30 
2016/11/03 25.40 25.40 24.90 24.90 
2016/11/04 24.90 25.20 24.90 25.15 
2016/11/07 25.00 25.10 25.00 25.10 
2016/11/08 25.00 25.10 25.00 25.10 
2016/11/09 25.00 25.05 25.00 25.05 
2016/11/10 25.00 25.10 24.95 24.95 
2016/11/11 25.00 25.00 24.80 24.80 
2016/11/14 24.70 24.85 24.70 24.85 
2016/11/15 24.90 25.35 24.90 25.30 
2016/11/16 25.20 25.50 25.20 25.40 
2016/11/17 25.40 26.25 25.40 26.10 
2016/11/18 26.10 26.10 25.50 26.10 
2016/11/21 26.00 26.00 25.95 25.95 
2016/11/22 25.90 25.90 25.40 25.40 
2016/11/23 25.45 25.50 25.40 25.40 
2016/11/24 25.40 25.90 25.40 25.90 
2016/11/25 25.90 25.90 25.45 25.85 
2016/11/28 25.80 25.85 25.80 25.85 
2016/11/29 25.60 25.90 25.60 25.90 
2016/11/30 25.90 26.40 25.90 26.15 
2016/12/01 26.35 26.35 26.15 26.15 
2016/12/02 26.15 26.15 26.15 26.15 
2016/12/05 26.15 26.20 26.15 26.20 
2016/12/06 26.20 26.20 26.20 26.20 
2016/12/07 25.80 26.15 25.60 25.95 
2016/12/08 25.90 25.90 25.30 25.40 
2016/12/09 25.60 25.60 25.60 25.60 
2016/12/12 25.60 25.70 25.20 25.35 
2016/12/13 25.60 25.60 25.50 25.50 
2016/12/14 25.75 25.75 25.45 25.65 
2016/12/15 25.40 25.60 25.30 25.60 
2016/12/16 25.80 25.80 25.60 25.65 
2016/12/19 25.65 25.65 25.65 25.65 
2016/12/20 25.65 25.65 25.30 25.50 
2016/12/21 25.45 25.45 25.10 25.10 
2016/12/22 25.10 25.35 25.10 25.35 
2016/12/23 25.30 25.45 25.30 25.45 
2016/12/26 25.40 25.40 25.40 25.40 
2016/12/27 25.20 25.35 25.10 25.35 
2016/12/28 25.20 25.20 25.20 25.20 
2016/12/29 25.10 25.10 25.05 25.10 
2016/12/30 25.10 25.40 25.05 25.20 
2017/01/03 25.20 25.40 25.10 25.30 
2017/01/04 25.40 25.40 25.20 25.25 
2017/01/05 25.25 25.30 25.20 25.30 
2017/01/06 25.25 25.25 25.10 25.20 
2017/01/09 25.20 25.20 25.20 25.20 
2017/01/10 25.05 25.20 25.00 25.15 
2017/01/11 25.00 25.10 25.00 25.10 
2017/01/12 25.20 25.30 25.00 25.25 
2017/01/13 25.20 25.20 25.00 25.20 
2017/01/16 25.20 25.20 25.00 25.00 
2017/01/17 25.00 25.15 25.00 25.00 
2017/01/18 25.00 26.00 25.00 25.80 
2017/01/19 25.10 25.45 25.10 25.45 
2017/01/20 25.50 25.55 25.50 25.55 
2017/01/23 25.50 25.60 25.50 25.60 
2017/01/24 25.60 25.60 25.50 25.60 
2017/02/02 25.40 25.45 25.30 25.45 
2017/02/03 25.50 25.85 25.50 25.85 
2017/02/06 25.85 26.35 25.85 26.35 
2017/02/07 26.35 26.40 26.20 26.30 
2017/02/08 26.50 26.70 25.90 26.25 
