2016/07/01 17.30 17.45 17.30 17.40 
2016/07/04 17.30 17.45 17.20 17.40 
2016/07/05 17.35 17.40 17.25 17.35 
2016/07/06 17.25 17.25 17.10 17.15 
2016/07/07 17.20 17.35 17.20 17.35 
2016/07/11 17.40 17.50 17.25 17.45 
2016/07/12 17.45 17.45 17.20 17.35 
2016/07/13 17.35 17.40 17.25 17.40 
2016/07/14 17.30 17.70 17.30 17.60 
2016/07/15 17.65 17.65 17.45 17.60 
2016/07/18 17.65 17.75 17.60 17.75 
2016/07/19 17.75 18.15 17.70 18.10 
2016/07/20 18.10 18.25 17.85 18.15 
2016/07/21 18.20 18.30 18.10 18.15 
2016/07/22 18.15 18.50 18.10 18.30 
2016/07/25 18.35 18.60 18.10 18.30 
2016/07/26 18.25 18.35 18.10 18.25 
2016/07/27 18.25 18.40 18.15 18.20 
2016/07/28 18.20 18.30 18.10 18.10 
2016/07/29 18.10 18.35 18.05 18.25 
2016/08/01 18.40 18.40 18.30 18.35 
2016/08/02 18.35 18.45 18.30 18.35 
2016/08/03 18.30 18.30 18.10 18.25 
2016/08/04 17.40 17.60 17.35 17.50 
2016/08/05 17.60 17.65 17.50 17.50 
2016/08/08 17.65 17.65 17.50 17.55 
2016/08/09 17.60 17.60 17.40 17.45 
2016/08/10 17.45 17.55 17.40 17.45 
2016/08/11 17.45 17.55 17.30 17.45 
2016/08/12 17.50 17.80 17.50 17.60 
2016/08/15 17.60 17.70 17.50 17.60 
2016/08/16 17.45 17.65 17.30 17.60 
2016/08/17 17.60 17.65 17.40 17.45 
2016/08/18 17.50 17.60 17.45 17.60 
2016/08/19 17.65 17.70 17.35 17.40 
2016/08/22 17.30 17.40 17.05 17.05 
2016/08/23 17.10 17.20 17.05 17.05 
2016/08/24 17.20 17.35 17.20 17.20 
2016/08/25 17.20 17.25 17.10 17.25 
2016/08/26 17.35 17.40 17.20 17.30 
2016/08/29 17.25 17.30 17.00 17.10 
2016/08/30 17.00 17.10 16.95 17.00 
2016/08/31 17.00 17.00 16.70 16.70 
2016/09/01 16.70 17.00 16.65 16.90 
2016/09/02 16.85 17.10 16.85 17.00 
2016/09/05 17.10 17.15 17.00 17.15 
2016/09/06 17.15 17.25 17.10 17.25 
2016/09/07 17.25 17.40 17.20 17.40 
2016/09/08 17.40 17.40 17.25 17.40 
2016/09/09 17.35 17.35 17.10 17.25 
2016/09/10 17.10 17.10 16.95 17.05 
2016/09/12 17.00 17.00 16.80 16.90 
2016/09/13 16.90 16.90 16.75 16.75 
2016/09/14 16.75 16.80 16.65 16.80 
2016/09/19 16.80 16.95 16.65 16.80 
2016/09/20 16.80 16.80 16.65 16.70 
2016/09/21 16.75 16.95 16.75 16.90 
2016/09/22 16.90 17.00 16.80 16.85 
2016/09/23 16.90 16.95 16.80 16.95 
2016/09/26 17.00 17.00 16.85 16.90 
2016/09/29 16.90 17.05 16.85 17.00 
2016/09/30 17.00 17.00 16.85 16.90 
2016/10/03 17.05 17.05 16.85 16.90 
2016/10/04 16.95 17.05 16.80 17.00 
2016/10/05 17.05 17.30 17.00 17.25 
2016/10/06 17.30 17.30 17.10 17.20 
2016/10/07 17.20 17.20 17.00 17.05 
2016/10/11 17.05 17.10 16.90 17.00 
2016/10/12 16.80 16.85 16.70 16.80 
2016/10/13 16.75 16.90 16.75 16.80 
2016/10/14 16.80 16.85 16.70 16.75 
2016/10/17 16.75 16.75 16.55 16.60 
2016/10/18 16.60 16.70 16.60 16.65 
2016/10/19 16.80 16.80 16.60 16.70 
2016/10/20 16.70 16.75 16.60 16.70 
2016/10/21 16.70 16.80 16.65 16.75 
2016/10/24 16.75 16.90 16.75 16.90 
2016/10/25 16.90 16.95 16.80 16.85 
2016/10/26 16.85 16.85 16.75 16.75 
2016/10/27 16.75 16.80 16.55 16.70 
2016/10/28 16.70 16.75 16.55 16.60 
2016/10/31 16.70 16.75 16.55 16.75 
2016/11/01 16.75 16.75 16.55 16.65 
2016/11/02 16.65 16.65 16.50 16.50 
2016/11/03 16.50 16.70 16.50 16.50 
2016/11/04 16.55 16.60 16.50 16.50 
2016/11/07 16.50 16.55 16.45 16.55 
2016/11/08 16.60 16.60 16.45 16.55 
2016/11/09 16.50 16.55 16.00 16.10 
2016/11/10 16.15 16.30 16.15 16.30 
2016/11/11 16.25 16.25 15.95 15.95 
2016/11/14 15.90 15.90 15.50 15.70 
2016/11/15 15.70 15.85 15.60 15.85 
2016/11/16 15.90 15.90 15.75 15.85 
2016/11/17 15.85 15.90 15.80 15.85 
2016/11/18 15.90 16.05 15.80 16.05 
2016/11/21 16.05 16.05 15.80 16.00 
2016/11/22 16.05 16.05 15.90 16.00 
2016/11/23 16.05 16.10 15.95 16.05 
2016/11/24 16.05 16.20 16.00 16.20 
2016/11/25 16.20 16.25 16.10 16.15 
2016/11/28 16.15 16.25 16.10 16.15 
2016/11/29 16.20 16.25 16.10 16.10 
2016/11/30 16.10 16.20 16.05 16.20 
2016/12/01 16.25 16.25 16.10 16.10 
2016/12/02 16.10 16.15 15.95 16.00 
2016/12/05 16.00 16.15 15.90 15.90 
2016/12/06 16.00 16.05 15.75 15.80 
2016/12/07 15.85 15.90 15.80 15.80 
2016/12/08 15.90 16.05 15.90 16.05 
2016/12/09 16.00 16.05 15.85 15.85 
2016/12/12 15.90 16.05 15.90 15.95 
2016/12/13 15.95 16.05 15.95 16.00 
2016/12/14 16.00 16.10 15.90 15.90 
2016/12/15 15.90 16.00 15.90 16.00 
2016/12/16 16.00 16.05 15.95 15.95 
2016/12/19 15.85 15.95 15.80 15.85 
2016/12/20 15.85 15.95 15.80 15.85 
2016/12/21 15.95 15.95 15.80 15.85 
2016/12/22 15.80 15.85 15.75 15.80 
2016/12/23 15.90 15.90 15.65 15.70 
2016/12/26 15.75 15.75 15.65 15.70 
2016/12/27 15.70 15.80 15.65 15.80 
2016/12/28 15.80 15.80 15.65 15.80 
2016/12/29 15.80 15.80 15.70 15.75 
2016/12/30 15.75 16.00 15.70 16.00 
2017/01/03 15.95 16.00 15.85 16.00 
2017/01/04 16.00 16.00 15.85 15.95 
2017/01/05 15.95 15.95 15.85 15.95 
2017/01/06 15.95 15.95 15.85 15.95 
2017/01/09 15.95 16.00 15.90 15.95 
2017/01/10 15.95 15.95 15.85 15.95 
2017/01/11 15.95 15.95 15.80 15.85 
2017/01/12 15.90 16.00 15.85 16.00 
2017/01/13 16.00 16.00 15.85 15.95 
2017/01/16 15.95 15.95 15.85 15.95 
2017/01/17 15.95 15.95 15.85 15.95 
2017/01/18 15.95 16.00 15.85 16.00 
2017/01/19 16.00 16.00 15.90 15.90 
2017/01/20 15.90 16.00 15.90 15.90 
2017/01/23 16.00 16.00 15.90 15.95 
2017/01/24 15.95 16.30 15.90 16.20 
2017/02/02 16.20 16.25 16.05 16.20 
2017/02/03 16.15 16.25 16.10 16.25 
2017/02/06 16.25 16.35 16.25 16.35 
2017/02/07 16.35 16.45 16.30 16.40 
2017/02/08 16.40 16.45 16.20 16.30 
