2016/07/01 27.35 27.35 27.20 27.20 
2016/07/04 27.20 27.50 27.20 27.25 
2016/07/05 27.30 27.50 27.30 27.45 
2016/07/06 27.45 27.50 27.40 27.45 
2016/07/07 27.45 27.55 27.45 27.55 
2016/07/11 27.55 27.60 27.50 27.50 
2016/07/12 27.30 27.70 27.30 27.65 
2016/07/13 27.65 27.70 27.55 27.55 
2016/07/14 27.60 27.80 27.55 27.75 
2016/07/15 27.75 27.80 27.70 27.80 
2016/07/18 27.85 27.85 27.60 27.65 
2016/07/19 27.65 27.80 27.60 27.80 
2016/07/20 27.70 27.80 27.60 27.75 
2016/07/21 27.75 27.95 27.75 27.90 
2016/07/22 27.90 28.00 27.90 27.95 
2016/07/25 27.90 27.90 27.75 27.85 
2016/07/26 25.90 26.25 25.90 26.25 
2016/07/27 26.30 26.30 26.05 26.30 
2016/07/28 26.20 26.20 26.10 26.10 
2016/07/29 26.10 26.10 26.00 26.05 
2016/08/01 26.05 26.20 26.05 26.10 
2016/08/02 26.10 26.10 26.00 26.05 
2016/08/03 26.10 26.10 26.00 26.05 
2016/08/04 26.05 26.05 26.00 26.05 
2016/08/05 26.05 26.05 25.95 26.00 
2016/08/08 26.05 26.10 26.00 26.10 
2016/08/09 26.10 26.10 26.00 26.10 
2016/08/10 26.10 26.10 26.05 26.10 
2016/08/11 26.10 26.10 25.95 26.10 
2016/08/12 26.10 26.10 26.05 26.10 
2016/08/15 25.70 25.85 25.60 25.65 
2016/08/16 25.60 25.60 25.40 25.50 
2016/08/17 25.50 25.85 25.50 25.85 
2016/08/18 25.60 25.85 25.60 25.85 
2016/08/19 25.85 25.90 25.75 25.85 
2016/08/22 25.80 25.80 25.55 25.75 
2016/08/23 25.75 25.80 25.60 25.75 
2016/08/24 25.85 25.85 25.75 25.75 
2016/08/25 25.85 25.85 25.75 25.85 
2016/08/26 25.75 25.80 25.75 25.80 
2016/08/29 25.80 25.85 25.65 25.85 
2016/08/30 25.85 25.85 25.70 25.85 
2016/08/31 25.75 25.75 25.65 25.70 
2016/09/01 25.70 25.70 25.65 25.65 
2016/09/02 25.85 25.85 25.50 25.50 
2016/09/05 25.50 25.65 25.50 25.65 
2016/09/06 25.60 25.75 25.50 25.75 
2016/09/07 25.60 25.75 25.60 25.70 
2016/09/08 25.70 25.70 25.55 25.70 
2016/09/09 25.65 25.70 25.60 25.70 
2016/09/10 25.70 25.70 25.50 25.60 
2016/09/12 25.60 25.70 25.50 25.60 
2016/09/13 25.50 25.60 25.50 25.60 
2016/09/14 25.50 25.85 25.40 25.85 
2016/09/19 25.85 25.85 25.60 25.60 
2016/09/20 25.55 25.60 25.55 25.60 
2016/09/21 25.60 26.20 25.60 26.10 
2016/09/22 25.80 25.80 25.70 25.70 
2016/09/23 25.70 25.75 25.60 25.60 
2016/09/26 25.60 25.80 25.50 25.50 
2016/09/29 25.50 25.60 25.50 25.60 
2016/09/30 25.60 25.65 25.60 25.60 
2016/10/03 25.60 25.70 25.50 25.60 
2016/10/04 25.65 25.75 25.60 25.60 
2016/10/05 25.60 25.75 25.50 25.65 
2016/10/06 25.65 25.65 25.55 25.60 
2016/10/07 25.60 25.60 25.60 25.60 
2016/10/11 25.60 25.60 25.50 25.50 
2016/10/12 25.50 25.60 25.00 25.60 
2016/10/13 25.60 25.60 25.50 25.55 
2016/10/14 25.55 25.60 25.50 25.60 
2016/10/17 25.50 25.50 25.50 25.50 
2016/10/18 25.40 25.50 25.40 25.50 
2016/10/19 25.50 25.55 25.50 25.55 
2016/10/20 25.60 25.60 25.30 25.55 
2016/10/21 25.50 25.50 25.40 25.50 
2016/10/24 25.50 25.50 25.30 25.50 
2016/10/25 25.45 25.50 25.45 25.50 
2016/10/26 25.50 25.50 25.45 25.45 
2016/10/27 25.50 25.50 25.30 25.40 
2016/10/28 25.45 25.45 25.35 25.40 
2016/10/31 25.40 25.40 25.40 25.40 
2016/11/01 25.40 25.45 25.40 25.45 
2016/11/02 25.40 25.40 25.30 25.30 
2016/11/03 25.30 25.40 25.25 25.35 
2016/11/04 25.35 25.35 25.25 25.30 
2016/11/07 25.30 25.35 25.20 25.20 
2016/11/08 25.20 25.20 25.00 25.20 
2016/11/09 25.20 25.20 25.10 25.15 
2016/11/10 25.50 25.50 25.50 25.50 
2016/11/11 25.20 25.50 25.20 25.50 
2016/11/14 25.50 25.50 25.40 25.50 
2016/11/15 25.15 25.25 25.00 25.20 
2016/11/16 25.20 25.20 25.00 25.10 
2016/11/17 25.10 25.15 25.05 25.05 
2016/11/18 25.10 25.20 25.00 25.20 
2016/11/21 25.15 25.15 25.00 25.15 
2016/11/22 25.10 25.10 25.00 25.05 
2016/11/23 25.05 25.10 24.95 24.95 
2016/11/24 24.95 25.00 24.80 24.85 
2016/11/25 24.80 24.80 24.50 24.70 
2016/11/28 24.65 24.70 24.50 24.60 
2016/11/29 24.60 24.60 24.50 24.60 
2016/11/30 24.60 24.60 24.30 24.35 
2016/12/01 24.35 24.40 24.10 24.20 
2016/12/02 24.20 24.20 23.85 23.95 
2016/12/05 23.95 24.55 23.90 24.40 
2016/12/06 24.50 24.50 24.35 24.35 
2016/12/07 24.35 24.35 24.20 24.20 
2016/12/08 24.20 24.30 24.20 24.20 
2016/12/09 24.20 24.20 24.05 24.10 
2016/12/12 24.10 24.10 24.00 24.05 
2016/12/13 24.10 24.40 24.10 24.25 
2016/12/14 24.25 24.25 24.15 24.25 
2016/12/15 24.25 24.30 24.15 24.30 
2016/12/16 24.30 24.30 24.10 24.10 
2016/12/19 24.10 24.20 24.00 24.20 
2016/12/20 24.20 24.30 24.15 24.20 
2016/12/21 24.20 24.50 24.20 24.30 
2016/12/22 24.30 24.30 24.20 24.25 
2016/12/23 24.30 24.40 24.30 24.35 
2016/12/26 24.35 24.35 24.25 24.30 
2016/12/27 24.30 24.50 24.25 24.40 
2016/12/28 24.20 24.40 24.15 24.40 
2016/12/29 24.50 24.50 24.35 24.35 
2016/12/30 24.45 24.45 24.35 24.35 
2017/01/03 24.40 24.50 24.35 24.45 
2017/01/04 24.50 24.55 24.50 24.55 
2017/01/05 24.60 24.60 24.50 24.55 
2017/01/06 24.55 24.60 24.50 24.60 
2017/01/09 24.60 24.60 24.50 24.50 
2017/01/10 24.50 24.50 24.30 24.35 
2017/01/11 24.35 24.45 24.25 24.40 
2017/01/12 24.40 24.50 24.40 24.40 
2017/01/13 24.50 24.50 24.40 24.40 
2017/01/16 24.45 24.50 24.45 24.45 
2017/01/17 24.50 24.50 24.45 24.45 
2017/01/18 24.45 24.50 24.40 24.45 
2017/01/19 24.50 24.55 24.45 24.55 
2017/01/20 24.55 24.55 24.50 24.50 
2017/01/23 24.50 24.50 24.30 24.40 
2017/01/24 24.40 24.50 24.40 24.45 
2017/02/02 24.30 24.45 24.25 24.40 
2017/02/03 24.40 24.40 24.20 24.40 
2017/02/06 24.40 24.40 24.30 24.30 
2017/02/07 24.30 24.40 24.25 24.35 
2017/02/08 24.30 24.40 24.30 24.40 
