2016/07/01 11.70 11.70 11.65 11.70 
2016/07/04 11.75 12.00 11.70 12.00 
2016/07/05 12.05 12.05 11.95 12.00 
2016/07/06 11.95 12.00 11.65 12.00 
2016/07/07 11.70 11.70 11.50 11.50 
2016/07/11 11.35 11.40 11.35 11.40 
2016/07/12 11.80 11.80 11.55 11.60 
2016/07/13 11.70 11.70 11.45 11.45 
2016/07/14 11.45 11.80 11.45 11.70 
2016/07/15 11.65 11.65 11.50 11.60 
2016/07/18 11.60 11.60 11.55 11.60 
2016/07/19 11.55 11.55 11.50 11.50 
2016/07/20 11.40 11.50 11.40 11.50 
2016/07/21 11.50 11.50 11.35 11.40 
2016/07/22 11.40 11.40 11.30 11.35 
2016/07/25 11.40 11.40 11.30 11.35 
2016/07/26 11.35 11.35 11.25 11.30 
2016/07/27 11.30 11.30 11.25 11.30 
2016/07/28 11.35 11.35 11.25 11.30 
2016/07/29 11.35 11.35 11.25 11.30 
2016/08/01 11.30 11.30 11.25 11.25 
2016/08/02 11.20 11.25 11.20 11.25 
2016/08/03 11.20 11.35 11.20 11.20 
2016/08/04 11.20 11.25 11.20 11.25 
2016/08/05 11.20 11.30 11.15 11.25 
2016/08/08 11.30 11.35 11.25 11.25 
2016/08/09 11.25 11.30 11.25 11.25 
2016/08/10 11.20 11.25 11.05 11.25 
2016/08/11 11.15 11.40 11.15 11.20 
2016/08/12 11.20 11.20 11.10 11.15 
2016/08/15 11.15 11.15 11.00 11.15 
2016/08/16 11.10 11.10 11.00 11.10 
2016/08/17 11.05 11.15 11.00 11.15 
2016/08/18 11.10 11.10 11.05 11.05 
2016/08/19 11.00 11.05 11.00 11.00 
2016/08/22 11.00 11.10 11.00 11.00 
2016/08/23 10.95 11.00 10.95 11.00 
2016/08/24 11.00 11.00 10.90 10.95 
2016/08/25 11.00 11.00 10.90 10.95 
2016/08/26 10.90 11.05 10.90 10.90 
2016/08/29 11.00 11.00 10.85 10.85 
2016/08/30 10.85 10.95 10.85 10.90 
2016/08/31 10.90 10.90 10.85 10.90 
2016/09/01 10.85 10.95 10.85 10.90 
2016/09/02 10.90 10.90 10.85 10.85 
2016/09/05 10.85 10.90 10.85 10.90 
2016/09/06 10.80 10.90 10.80 10.85 
2016/09/07 10.90 10.90 10.85 10.85 
2016/09/08 10.85 10.85 10.85 10.85 
2016/09/09 10.95 10.95 10.80 10.80 
2016/09/10 10.80 10.90 10.75 10.85 
2016/09/12 10.80 11.05 10.80 10.95 
2016/09/13 10.90 10.95 10.80 10.95 
2016/09/14 10.95 10.95 10.80 10.90 
2016/09/19 10.90 10.90 10.85 10.85 
2016/09/20 10.90 10.90 10.80 10.80 
2016/09/21 10.85 10.95 10.85 10.95 
2016/09/22 10.95 11.00 10.85 10.90 
2016/09/23 10.90 10.90 10.85 10.90 
2016/09/26 10.90 10.90 10.90 10.90 
2016/09/29 10.90 10.90 10.85 10.85 
2016/09/30 10.85 10.90 10.80 10.85 
2016/10/03 10.80 10.85 10.75 10.75 
2016/10/04 10.80 10.80 10.75 10.80 
2016/10/05 10.80 10.85 10.75 10.85 
2016/10/06 10.85 10.85 10.80 10.80 
2016/10/07 10.85 10.85 10.85 10.85 
2016/10/11 10.85 10.85 10.75 10.75 
2016/10/12 10.75 10.75 10.70 10.70 
2016/10/13 10.80 10.80 10.70 10.70 
2016/10/14 10.70 10.70 10.65 10.70 
2016/10/17 10.70 10.70 10.65 10.70 
2016/10/18 10.65 10.70 10.65 10.70 
2016/10/19 10.60 10.70 10.60 10.70 
2016/10/20 10.65 10.70 10.65 10.70 
2016/10/21 10.70 10.85 10.65 10.85 
2016/10/24 10.80 10.80 10.70 10.70 
2016/10/25 10.70 10.70 10.65 10.65 
2016/10/26 10.60 10.70 10.60 10.70 
2016/10/27 10.65 10.70 10.65 10.70 
2016/10/28 10.65 10.70 10.65 10.70 
2016/10/31 10.65 10.70 10.65 10.65 
2016/11/01 10.65 10.65 10.60 10.60 
2016/11/02 10.65 10.65 10.60 10.60 
2016/11/03 10.60 10.65 10.55 10.65 
2016/11/04 10.60 10.60 10.55 10.60 
2016/11/07 10.55 10.65 10.55 10.55 
2016/11/08 10.55 10.55 10.50 10.55 
2016/11/09 10.50 10.50 10.40 10.45 
2016/11/10 10.40 10.55 10.40 10.55 
2016/11/11 10.50 10.55 10.40 10.55 
2016/11/14 10.45 10.70 10.45 10.60 
2016/11/15 10.50 10.50 10.40 10.50 
2016/11/16 10.50 10.55 10.40 10.40 
2016/11/17 10.40 10.50 10.40 10.40 
2016/11/18 10.50 10.50 10.35 10.50 
2016/11/21 10.50 10.50 10.35 10.50 
2016/11/22 10.55 10.55 10.35 10.40 
2016/11/23 10.40 10.45 10.35 10.45 
2016/11/24 10.40 10.45 10.40 10.40 
2016/11/25 10.35 10.40 10.30 10.30 
2016/11/28 10.35 10.35 10.30 10.35 
2016/11/29 10.35 10.40 10.30 10.40 
2016/11/30 10.40 10.40 10.30 10.40 
2016/12/01 10.35 10.50 10.35 10.45 
2016/12/02 10.45 10.45 10.40 10.45 
2016/12/05 10.40 10.45 10.40 10.40 
2016/12/06 10.45 10.60 10.45 10.55 
2016/12/07 10.45 10.55 10.45 10.55 
2016/12/08 10.65 10.65 10.50 10.55 
2016/12/09 10.55 10.55 10.40 10.50 
2016/12/12 10.50 10.50 10.45 10.50 
2016/12/13 10.50 10.55 10.45 10.55 
2016/12/14 10.50 10.50 10.45 10.50 
2016/12/15 10.45 10.50 10.45 10.50 
2016/12/16 10.55 10.55 10.45 10.55 
2016/12/19 10.45 10.50 10.45 10.45 
2016/12/20 10.45 10.45 10.40 10.45 
2016/12/21 10.45 10.50 10.40 10.50 
2016/12/22 10.45 10.50 10.30 10.40 
2016/12/23 10.35 10.45 10.35 10.45 
2016/12/26 10.50 10.50 10.35 10.45 
2016/12/27 10.45 10.45 10.35 10.45 
2016/12/28 10.45 10.45 10.35 10.45 
2016/12/29 10.45 10.45 10.35 10.45 
2016/12/30 10.45 10.55 10.35 10.55 
2017/01/03 10.40 10.45 10.35 10.40 
2017/01/04 10.50 10.50 10.40 10.50 
2017/01/05 10.50 10.55 10.45 10.55 
2017/01/06 10.55 10.70 10.50 10.60 
2017/01/09 10.60 10.70 10.60 10.65 
2017/01/10 10.60 10.80 10.60 10.80 
2017/01/11 10.65 10.75 10.65 10.65 
2017/01/12 10.60 11.15 10.60 10.90 
2017/01/13 11.00 11.00 10.80 10.90 
2017/01/16 10.80 11.00 10.60 11.00 
2017/01/17 10.85 10.90 10.80 10.85 
2017/01/18 10.95 10.95 10.70 10.85 
2017/01/19 10.80 10.85 10.75 10.85 
2017/01/20 10.80 10.85 10.75 10.85 
2017/01/23 10.85 10.85 10.70 10.85 
2017/01/24 10.85 10.85 10.70 10.75 
2017/02/02 10.70 11.00 10.60 11.00 
2017/02/03 10.95 10.95 10.80 10.85 
2017/02/06 10.90 11.00 10.85 11.00 
2017/02/07 11.00 11.00 10.90 11.00 
2017/02/08 10.95 10.95 10.90 10.95 
