2016/07/01 253.00 256.00 250.00 255.00 
2016/07/04 255.00 257.00 251.50 256.50 
2016/07/05 255.50 255.50 250.00 251.00 
2016/07/06 249.50 252.50 246.00 251.00 
2016/07/07 251.00 253.00 249.00 251.50 
2016/07/11 253.00 256.00 252.00 255.00 
2016/07/12 255.50 257.00 253.00 257.00 
2016/07/13 258.50 258.50 254.00 257.00 
2016/07/14 257.50 257.50 255.00 257.00 
2016/07/15 257.00 260.00 255.50 257.50 
2016/07/18 259.50 268.50 258.00 265.50 
2016/07/19 268.00 268.50 262.00 265.50 
2016/07/20 262.00 262.00 249.00 250.00 
2016/07/21 250.00 253.00 247.50 248.00 
2016/07/22 249.00 252.50 248.50 249.00 
2016/07/25 251.50 253.00 248.50 249.00 
2016/07/26 253.00 259.50 251.50 259.50 
2016/07/27 259.50 259.50 256.50 259.50 
2016/07/28 259.00 261.00 257.50 261.00 
2016/07/29 261.00 261.00 258.50 259.00 
2016/08/01 261.50 261.50 258.50 261.00 
2016/08/02 259.00 260.00 258.50 259.50 
2016/08/03 252.00 252.00 250.00 250.50 
2016/08/04 250.50 251.50 247.50 248.00 
2016/08/05 250.00 253.00 250.00 253.00 
2016/08/08 253.00 254.00 248.50 250.00 
2016/08/09 250.00 253.50 250.00 251.00 
2016/08/10 252.00 257.00 251.00 257.00 
2016/08/11 258.00 259.00 255.00 256.50 
2016/08/12 256.00 258.00 255.50 256.50 
2016/08/15 256.00 257.50 255.50 256.00 
2016/08/16 256.00 256.50 255.00 256.00 
2016/08/17 257.00 258.50 255.50 258.50 
2016/08/18 259.00 259.00 257.00 257.00 
2016/08/19 258.00 258.00 251.00 255.00 
2016/08/22 255.00 255.50 251.50 255.00 
2016/08/23 254.50 254.50 248.00 250.00 
2016/08/24 250.00 254.00 250.00 253.50 
2016/08/25 252.00 254.00 251.50 252.50 
2016/08/26 253.00 254.50 253.00 254.50 
2016/08/29 254.50 254.50 249.50 251.00 
2016/08/30 252.00 253.00 250.50 252.00 
2016/08/31 252.00 253.00 249.00 252.50 
2016/09/01 250.00 250.50 245.00 245.00 
2016/09/02 246.00 254.50 246.00 254.50 
2016/09/05 254.00 254.50 251.00 252.00 
2016/09/06 253.50 254.50 252.00 254.50 
2016/09/07 254.50 257.00 254.00 257.00 
2016/09/08 257.00 261.00 256.00 261.00 
2016/09/09 257.00 262.00 255.50 261.50 
2016/09/10 255.50 257.50 254.50 254.50 
2016/09/12 252.50 253.00 250.00 250.50 
2016/09/13 250.50 251.50 248.50 250.50 
2016/09/14 248.50 251.00 246.00 246.00 
2016/09/19 248.00 253.00 247.50 251.50 
2016/09/20 250.50 251.00 248.00 249.00 
2016/09/21 250.50 253.00 249.50 252.50 
2016/09/22 254.00 254.00 247.00 249.00 
2016/09/23 249.50 250.50 248.50 250.50 
2016/09/26 249.50 250.50 249.00 249.00 
2016/09/29 249.50 252.50 248.00 249.50 
2016/09/30 248.00 250.50 247.00 249.00 
2016/10/03 249.00 251.50 248.50 250.50 
2016/10/04 250.50 250.50 246.50 248.00 
2016/10/05 246.50 249.50 246.50 248.50 
2016/10/06 248.50 249.50 245.50 246.50 
2016/10/07 246.50 249.00 246.50 247.50 
2016/10/11 249.00 249.00 241.00 246.00 
2016/10/12 246.00 248.50 245.00 247.00 
2016/10/13 249.00 249.00 245.50 245.50 
2016/10/14 247.00 247.50 246.00 246.50 
2016/10/17 246.50 246.50 242.00 243.00 
2016/10/18 244.50 247.50 243.00 246.50 
2016/10/19 247.00 249.50 245.00 248.00 
2016/10/20 248.00 249.50 247.00 248.50 
2016/10/21 248.50 249.00 244.00 244.50 
2016/10/24 244.50 246.00 242.00 242.50 
2016/10/25 242.50 246.00 242.00 245.00 
2016/10/26 243.50 243.50 241.50 242.50 
2016/10/27 241.50 241.50 239.00 239.00 
2016/10/28 239.00 241.00 239.00 240.00 
2016/10/31 237.50 238.50 236.00 236.00 
2016/11/01 236.00 236.50 235.50 236.00 
2016/11/02 235.00 238.00 235.00 236.50 
2016/11/03 237.00 239.00 237.00 237.00 
2016/11/04 237.00 238.00 235.50 236.50 
2016/11/07 236.50 236.50 235.00 235.50 
2016/11/08 236.00 239.00 236.00 238.50 
2016/11/09 241.00 247.00 239.00 241.00 
2016/11/10 245.00 247.00 245.00 246.00 
2016/11/11 243.00 245.00 238.00 240.00 
2016/11/14 239.00 240.00 234.00 235.00 
2016/11/15 235.00 240.50 235.00 239.50 
2016/11/16 240.00 242.00 238.00 240.00 
2016/11/17 242.00 244.00 239.00 241.50 
2016/11/18 241.00 241.50 237.00 237.00 
2016/11/21 237.00 237.00 234.50 235.50 
2016/11/22 236.50 242.00 236.50 241.50 
2016/11/23 242.00 245.00 241.50 244.00 
2016/11/24 244.00 244.50 241.00 241.00 
2016/11/25 243.00 244.50 241.50 242.50 
2016/11/28 244.00 245.00 239.00 240.00 
2016/11/29 240.00 241.00 239.50 240.00 
2016/11/30 241.50 241.50 238.50 239.50 
2016/12/01 240.50 241.50 239.50 241.00 
2016/12/02 239.50 239.50 236.00 238.50 
2016/12/05 239.00 239.50 235.50 235.50 
2016/12/06 239.50 239.50 235.50 236.50 
2016/12/07 239.00 239.00 236.50 237.50 
2016/12/08 238.50 239.00 236.50 239.00 
2016/12/09 236.50 237.50 235.50 237.50 
2016/12/12 238.00 238.00 233.00 233.00 
2016/12/13 233.00 233.50 230.00 232.50 
2016/12/14 233.50 237.00 233.00 235.00 
2016/12/15 234.00 234.00 231.00 232.00 
2016/12/16 232.50 232.50 229.50 230.50 
2016/12/19 230.50 231.00 229.00 230.00 
2016/12/20 229.00 232.50 229.00 230.00 
2016/12/21 230.00 232.50 230.00 230.00 
2016/12/22 230.00 231.00 226.00 230.00 
2016/12/23 230.00 230.50 228.00 228.50 
2016/12/26 229.50 230.00 228.50 229.00 
2016/12/27 229.00 230.00 228.00 228.00 
2016/12/28 228.00 230.50 228.00 230.00 
2016/12/29 230.50 230.50 228.00 228.00 
2016/12/30 230.00 232.00 228.50 231.00 
2017/01/03 232.00 233.50 230.50 233.00 
2017/01/04 233.00 233.00 228.50 228.50 
2017/01/05 229.00 231.50 228.00 231.00 
2017/01/06 230.00 230.00 227.00 227.00 
2017/01/09 227.00 228.00 227.00 227.50 
2017/01/10 227.50 228.50 226.00 228.50 
2017/01/11 230.00 230.00 227.50 228.50 
2017/01/12 229.00 233.00 229.00 233.00 
2017/01/13 233.00 233.50 230.50 231.00 
2017/01/16 230.00 230.00 228.00 229.00 
2017/01/17 229.00 235.00 229.00 235.00 
2017/01/18 232.50 233.50 230.50 230.50 
2017/01/19 229.50 230.00 228.00 229.50 
2017/01/20 229.00 229.00 227.50 227.50 
2017/01/23 230.00 231.50 229.00 231.50 
2017/01/24 229.00 233.50 229.00 233.50 
2017/02/02 230.50 231.50 227.50 230.50 
2017/02/03 230.50 231.50 229.50 231.50 
2017/02/06 231.00 231.00 229.00 229.50 
2017/02/07 228.00 231.50 228.00 231.00 
2017/02/08 229.00 231.50 228.50 229.50 
