2016/07/01 48.80 50.50 48.75 50.50 
2016/07/04 51.00 51.40 50.60 50.90 
2016/07/05 50.90 51.00 50.00 50.00 
2016/07/06 49.70 49.80 49.20 49.50 
2016/07/07 50.00 50.20 49.60 49.65 
2016/07/11 50.90 50.90 50.00 50.50 
2016/07/12 49.50 49.85 49.00 49.35 
2016/07/13 49.75 50.80 49.75 50.70 
2016/07/14 50.70 50.80 49.85 50.20 
2016/07/15 50.60 51.40 50.30 50.90 
2016/07/18 50.90 50.90 50.10 50.70 
2016/07/19 50.80 50.80 50.00 50.70 
2016/07/20 50.20 50.50 49.60 49.70 
2016/07/21 50.10 50.40 49.90 49.95 
2016/07/22 50.10 50.60 50.00 50.30 
2016/07/25 50.60 51.00 49.55 50.30 
2016/07/26 50.50 50.60 50.00 50.20 
2016/07/27 50.50 51.30 50.50 51.20 
2016/07/28 51.30 51.40 50.80 51.10 
2016/07/29 51.10 51.30 50.10 51.00 
2016/08/01 50.90 51.20 50.70 51.10 
2016/08/02 51.40 52.80 51.30 52.60 
2016/08/03 51.50 52.60 51.30 52.60 
2016/08/04 52.60 52.80 51.90 52.70 
2016/08/05 52.50 53.70 52.40 53.50 
2016/08/08 53.60 53.90 53.40 53.90 
2016/08/09 53.90 53.90 52.90 53.20 
2016/08/10 51.90 53.20 51.80 53.00 
2016/08/11 53.10 53.20 51.80 53.00 
2016/08/12 53.00 53.20 52.70 52.80 
2016/08/15 51.80 51.90 50.10 51.00 
2016/08/16 50.80 51.70 50.50 50.90 
2016/08/17 50.70 50.90 50.50 50.60 
2016/08/18 50.70 51.90 50.60 51.90 
2016/08/19 52.00 52.10 50.70 50.80 
2016/08/22 50.60 50.60 49.65 49.65 
2016/08/23 49.70 50.50 49.65 50.20 
2016/08/24 50.30 50.40 49.85 49.95 
2016/08/25 50.10 50.20 49.75 50.10 
2016/08/26 50.10 50.20 49.80 49.95 
2016/08/29 49.95 50.00 49.10 49.55 
2016/08/30 49.60 49.80 49.35 49.40 
2016/08/31 49.70 49.75 48.25 49.25 
2016/09/01 49.00 49.00 48.00 48.10 
2016/09/02 48.15 48.30 47.40 47.65 
2016/09/05 47.80 49.10 47.80 49.00 
2016/09/06 49.45 50.00 49.40 50.00 
2016/09/07 50.30 50.40 50.00 50.20 
2016/09/08 50.20 50.30 49.70 50.30 
2016/09/09 50.00 50.00 49.55 49.90 
2016/09/10 49.10 49.10 48.80 48.90 
2016/09/12 48.55 48.65 48.20 48.20 
2016/09/13 48.50 48.65 48.00 48.65 
2016/09/14 48.25 48.50 48.05 48.15 
2016/09/19 48.50 48.90 48.50 48.90 
2016/09/20 48.90 49.10 48.65 48.85 
2016/09/21 49.30 50.10 48.90 50.10 
2016/09/22 50.50 50.60 49.80 50.10 
2016/09/23 50.10 50.40 49.95 50.20 
2016/09/26 50.40 50.40 49.65 49.80 
2016/09/29 50.20 50.50 50.00 50.40 
2016/09/30 50.10 50.80 50.00 50.40 
2016/10/03 50.60 52.00 50.20 51.50 
2016/10/04 50.60 50.70 49.85 49.95 
2016/10/05 48.75 49.20 48.35 48.85 
2016/10/06 49.10 49.20 48.45 48.60 
2016/10/07 48.70 49.30 48.65 49.25 
2016/10/11 49.80 49.80 48.10 48.45 
2016/10/12 48.15 48.85 48.00 48.70 
2016/10/13 48.55 49.15 48.45 49.15 
2016/10/14 49.00 49.05 47.60 48.00 
2016/10/17 47.85 48.00 46.35 47.85 
2016/10/18 47.85 49.05 47.80 48.75 
2016/10/19 48.60 49.95 48.60 49.30 
2016/10/20 49.50 50.50 48.95 49.10 
2016/10/21 49.10 49.50 48.00 48.65 
2016/10/24 48.90 49.40 48.65 49.05 
2016/10/25 49.40 50.40 49.05 50.10 
2016/10/26 50.00 50.20 49.25 49.90 
2016/10/27 49.75 49.85 49.30 49.45 
2016/10/28 49.70 50.10 49.45 50.10 
2016/10/31 49.90 51.00 49.35 50.90 
2016/11/01 50.70 50.80 50.10 50.10 
2016/11/02 49.80 49.80 48.80 48.80 
2016/11/03 48.60 48.95 48.15 48.45 
2016/11/04 48.40 48.80 48.10 48.50 
2016/11/07 48.60 48.80 48.30 48.45 
2016/11/08 48.50 49.50 48.50 49.05 
2016/11/09 49.20 49.50 47.30 47.60 
2016/11/10 48.90 50.50 48.30 50.50 
2016/11/11 49.25 53.50 49.20 52.50 
2016/11/14 51.50 52.50 51.00 51.80 
2016/11/15 52.00 52.80 50.90 51.10 
2016/11/16 51.30 51.80 50.80 50.80 
2016/11/17 50.80 51.20 49.80 50.90 
2016/11/18 51.00 53.10 50.30 53.00 
2016/11/21 53.40 53.80 52.60 53.10 
2016/11/22 53.50 56.10 53.50 54.00 
2016/11/23 54.40 54.60 53.60 54.50 
2016/11/24 54.90 57.80 54.00 56.80 
2016/11/25 57.00 59.30 56.90 58.10 
2016/11/28 58.50 59.40 57.40 58.30 
2016/11/29 58.30 58.30 57.20 57.30 
2016/11/30 57.50 58.50 56.90 58.50 
2016/12/01 58.50 59.40 57.90 58.40 
2016/12/02 57.90 58.50 57.60 57.60 
2016/12/05 57.60 58.30 57.00 57.70 
2016/12/06 58.10 58.80 57.70 58.40 
2016/12/07 59.40 60.30 58.70 58.80 
2016/12/08 59.10 59.20 58.00 58.50 
2016/12/09 58.90 58.90 58.20 58.30 
2016/12/12 58.50 58.60 54.90 55.70 
2016/12/13 56.00 56.70 55.80 56.50 
2016/12/14 56.80 57.00 55.60 56.10 
2016/12/15 55.60 56.30 54.50 56.10 
2016/12/16 55.90 56.10 55.20 55.70 
2016/12/19 55.50 55.50 54.50 54.70 
2016/12/20 54.20 54.70 53.80 54.40 
2016/12/21 54.40 54.60 53.40 53.50 
2016/12/22 53.50 53.90 53.00 53.10 
2016/12/23 53.10 54.00 52.50 53.20 
2016/12/26 53.50 53.70 53.00 53.50 
2016/12/27 53.40 53.40 52.60 52.70 
2016/12/28 52.90 53.60 52.80 53.50 
2016/12/29 53.20 53.70 53.00 53.20 
2016/12/30 53.50 54.20 53.30 53.70 
2017/01/03 53.90 53.90 53.40 53.70 
2017/01/04 53.70 54.40 53.50 54.40 
2017/01/05 54.30 54.80 54.10 54.40 
2017/01/06 54.10 54.40 53.60 53.80 
2017/01/09 54.80 56.70 53.70 56.40 
2017/01/10 55.80 57.80 55.20 57.80 
2017/01/11 57.70 57.80 56.30 56.50 
2017/01/12 56.20 57.10 56.20 56.40 
2017/01/13 56.50 56.90 55.60 55.90 
2017/01/16 55.80 55.80 54.30 54.30 
2017/01/17 54.70 55.60 54.50 55.20 
2017/01/18 55.20 55.50 54.70 54.80 
2017/01/19 54.80 56.80 54.80 56.80 
2017/01/20 56.80 57.50 56.00 56.60 
2017/01/23 57.20 57.80 56.40 57.50 
2017/01/24 57.50 58.30 56.90 57.80 
2017/02/02 57.20 57.70 56.50 56.90 
2017/02/03 56.90 57.60 56.80 57.30 
2017/02/06 57.30 59.20 57.00 58.50 
2017/02/07 58.20 59.90 57.80 59.40 
2017/02/08 59.40 59.60 58.70 58.90 
