2016/07/01 16.70 16.70 16.55 16.60 
2016/07/04 16.55 16.55 16.50 16.55 
2016/07/05 16.55 16.55 16.55 16.55 
2016/07/06 16.55 16.55 16.55 16.55 
2016/07/07 16.55 16.55 16.55 16.55 
2016/07/11 16.55 16.85 16.50 16.50 
2016/07/12 16.50 16.60 16.50 16.60 
2016/07/13 16.55 16.55 16.40 16.40 
2016/07/14 16.40 16.40 16.40 16.40 
2016/07/15 16.40 16.40 16.40 16.40 
2016/07/18 16.40 16.40 16.35 16.40 
2016/07/19 16.40 16.50 16.40 16.50 
2016/07/20 16.50 16.75 16.50 16.60 
2016/07/21 16.50 16.50 16.45 16.50 
2016/07/22 16.50 16.55 16.50 16.50 
2016/07/25 16.50 16.50 16.25 16.30 
2016/07/26 16.50 16.50 16.35 16.40 
2016/07/27 16.50 16.50 16.50 16.50 
2016/07/28 16.50 16.55 16.50 16.55 
2016/07/29 16.55 16.55 16.40 16.55 
2016/08/01 16.60 16.60 16.50 16.55 
2016/08/02 16.55 16.55 16.55 16.55 
2016/08/03 16.50 16.50 16.50 16.50 
2016/08/04 16.55 16.60 16.55 16.60 
2016/08/05 16.60 16.60 16.60 16.60 
2016/08/08 16.50 16.60 16.50 16.60 
2016/08/09 16.60 16.60 16.45 16.50 
2016/08/10 16.55 16.55 16.50 16.50 
2016/08/11 16.55 16.55 16.45 16.45 
2016/08/15 16.45 16.55 16.45 16.50 
2016/08/16 16.50 16.50 16.50 16.50 
2016/08/17 16.30 16.50 16.30 16.50 
2016/08/18 16.50 16.50 16.45 16.50 
2016/08/19 16.60 16.60 16.45 16.45 
2016/08/22 16.40 16.45 16.40 16.45 
2016/08/23 16.50 16.50 16.50 16.50 
2016/08/24 16.45 16.45 16.45 16.45 
2016/08/25 16.70 16.70 16.70 16.70 
2016/08/26 16.45 16.45 16.40 16.40 
2016/08/29 16.30 16.40 16.30 16.35 
2016/08/30 16.30 16.35 16.30 16.35 
2016/08/31 16.35 16.35 16.25 16.30 
2016/09/01 16.30 16.30 16.20 16.25 
2016/09/02 16.20 16.30 16.10 16.25 
2016/09/05 16.15 16.15 16.10 16.15 
2016/09/06 16.15 16.15 16.10 16.15 
2016/09/08 16.15 16.15 16.15 16.15 
2016/09/09 16.15 16.15 16.10 16.15 
2016/09/10 16.15 16.15 16.15 16.15 
2016/09/12 16.15 16.15 16.15 16.15 
2016/09/13 16.15 16.15 16.15 16.15 
2016/09/14 16.15 16.15 16.10 16.10 
2016/09/19 16.40 16.40 16.15 16.15 
2016/09/21 16.35 16.35 16.35 16.35 
2016/09/22 16.40 16.40 16.40 16.40 
2016/09/23 16.30 16.30 16.30 16.30 
2016/09/26 16.30 16.30 16.30 16.30 
2016/09/29 16.25 16.25 16.25 16.25 
2016/10/03 16.25 16.25 16.25 16.25 
2016/10/04 16.30 16.35 16.20 16.25 
2016/10/06 16.05 16.30 16.05 16.25 
2016/10/07 16.30 16.30 16.30 16.30 
2016/10/11 16.20 16.20 16.20 16.20 
2016/10/13 16.20 16.20 16.20 16.20 
2016/10/14 16.05 16.10 16.05 16.10 
2016/10/17 16.30 16.30 16.30 16.30 
2016/10/18 16.20 16.20 16.20 16.20 
2016/10/19 16.10 16.10 16.10 16.10 
2016/10/20 16.20 16.20 16.20 16.20 
2016/10/21 16.15 16.15 16.15 16.15 
2016/10/24 16.20 16.20 16.20 16.20 
2016/10/26 16.20 16.25 16.20 16.20 
2016/10/27 16.20 16.20 16.20 16.20 
2016/10/28 16.10 16.15 16.10 16.15 
2016/10/31 16.15 16.15 16.10 16.10 
2016/11/01 16.10 16.20 16.10 16.10 
2016/11/02 16.10 16.15 16.10 16.15 
2016/11/03 16.00 16.00 16.00 16.00 
2016/11/07 15.90 16.00 15.90 16.00 
2016/11/08 16.00 16.00 16.00 16.00 
2016/11/09 16.00 16.00 15.80 15.90 
2016/11/11 15.70 15.70 15.60 15.60 
2016/11/14 15.60 15.60 15.40 15.50 
2016/11/15 15.50 15.50 15.30 15.30 
2016/11/16 15.35 15.35 15.30 15.35 
2016/11/17 15.25 15.65 15.10 15.65 
2016/11/18 15.65 15.65 15.35 15.35 
2016/11/21 15.40 15.40 15.40 15.40 
2016/11/22 15.40 15.40 15.25 15.25 
2016/11/23 15.35 15.35 15.35 15.35 
2016/11/24 15.30 15.30 15.30 15.30 
2016/11/25 15.30 15.30 15.25 15.25 
2016/11/28 15.25 15.75 15.25 15.30 
2016/11/29 15.35 15.65 15.30 15.65 
2016/11/30 15.55 15.55 15.50 15.50 
2016/12/01 15.40 15.45 15.40 15.45 
2016/12/02 15.45 15.45 15.45 15.45 
2016/12/05 15.40 15.55 15.40 15.55 
2016/12/06 15.85 15.85 15.85 15.85 
2016/12/07 15.60 15.75 15.60 15.75 
2016/12/08 15.95 15.95 15.95 15.95 
2016/12/09 15.50 15.55 15.50 15.50 
2016/12/12 15.50 15.50 15.50 15.50 
2016/12/13 15.30 15.30 15.30 15.30 
2016/12/14 15.40 15.60 15.25 15.60 
2016/12/15 15.50 15.60 15.35 15.60 
2016/12/16 15.50 15.50 15.40 15.40 
2016/12/19 15.50 15.50 15.50 15.50 
2016/12/20 15.35 15.50 15.35 15.50 
2016/12/21 15.40 15.50 15.40 15.50 
2016/12/27 15.60 15.60 15.55 15.55 
2017/01/03 15.85 15.85 15.45 15.45 
2017/01/04 15.70 15.70 15.70 15.70 
2017/01/05 15.70 15.80 15.70 15.80 
2017/01/09 15.80 15.90 15.80 15.85 
2017/01/10 15.80 15.80 15.80 15.80 
2017/01/11 15.85 15.85 15.85 15.85 
2017/01/12 15.85 15.85 15.85 15.85 
2017/01/13 15.85 16.10 15.85 16.00 
2017/01/17 15.95 16.00 15.70 16.00 
2017/01/19 16.00 16.05 15.75 15.75 
2017/01/20 15.75 15.80 15.75 15.80 
2017/01/23 15.80 15.80 15.80 15.80 
2017/01/24 16.00 16.00 15.60 15.60 
2017/02/02 15.90 16.20 15.90 16.15 
2017/02/06 16.20 16.20 15.95 15.95 
2017/02/07 16.00 16.15 16.00 16.15 
2017/02/08 16.15 16.80 16.15 16.50 
