2016/07/01 20.50 20.50 20.25 20.25 
2016/07/04 20.20 20.20 20.05 20.05 
2016/07/05 20.15 20.20 20.05 20.05 
2016/07/06 20.00 20.10 20.00 20.00 
2016/07/07 20.15 20.25 20.05 20.25 
2016/07/11 20.30 20.80 20.30 20.65 
2016/07/12 20.50 20.50 20.30 20.35 
2016/07/13 20.30 20.50 20.30 20.50 
2016/07/14 20.35 20.50 20.25 20.25 
2016/07/15 20.25 20.40 20.20 20.30 
2016/07/18 20.35 20.35 20.35 20.35 
2016/07/19 20.35 20.95 20.35 20.80 
2016/07/20 20.80 21.20 20.80 20.90 
2016/07/21 20.80 20.85 20.65 20.70 
2016/07/22 20.70 20.80 20.50 20.60 
2016/07/25 20.50 20.65 20.45 20.50 
2016/07/26 20.40 20.55 20.20 20.45 
2016/07/27 20.60 21.05 20.50 20.55 
2016/07/28 20.60 21.00 20.50 20.50 
2016/07/29 20.65 20.65 20.45 20.45 
2016/08/01 20.40 20.50 20.40 20.40 
2016/08/02 20.45 20.50 20.35 20.50 
2016/08/03 20.40 20.80 20.35 20.50 
2016/08/04 20.50 20.50 20.30 20.30 
2016/08/05 20.35 20.35 20.20 20.25 
2016/08/08 20.30 20.30 20.15 20.25 
2016/08/09 20.25 20.60 20.20 20.30 
2016/08/10 20.30 20.60 20.30 20.50 
2016/08/11 20.70 20.70 19.65 20.30 
2016/08/12 20.60 20.60 20.20 20.45 
2016/08/15 20.45 20.45 20.30 20.35 
2016/08/16 20.60 20.60 20.25 20.30 
2016/08/17 20.30 22.30 20.30 22.30 
2016/08/18 22.30 22.30 21.65 21.70 
2016/08/19 21.70 22.20 21.20 22.20 
2016/08/22 22.40 22.40 21.00 21.50 
2016/08/23 21.50 21.50 21.00 21.45 
2016/08/24 21.30 21.60 21.00 21.60 
2016/08/25 21.95 21.95 21.55 21.60 
2016/08/26 21.40 21.65 21.40 21.50 
2016/08/29 21.70 21.75 21.15 21.50 
2016/08/30 21.90 22.70 21.50 22.70 
2016/08/31 22.20 22.40 21.95 22.35 
2016/09/01 22.10 22.15 21.60 21.60 
2016/09/02 21.60 22.40 21.40 22.30 
2016/09/05 22.35 22.35 21.85 22.15 
2016/09/06 22.15 22.20 21.95 22.10 
2016/09/07 22.10 22.30 21.85 22.30 
2016/09/08 22.55 22.55 22.05 22.50 
2016/09/09 22.20 22.45 22.00 22.45 
2016/09/10 22.05 22.05 21.85 21.85 
2016/09/12 21.85 21.85 21.40 21.50 
2016/09/13 21.40 21.85 21.30 21.85 
2016/09/14 21.75 21.75 21.40 21.70 
2016/09/19 21.85 21.85 21.60 21.60 
2016/09/20 21.80 21.90 21.50 21.70 
2016/09/21 21.60 23.85 21.60 23.85 
2016/09/22 23.80 24.25 23.35 23.40 
2016/09/23 23.75 24.00 23.45 23.50 
2016/09/26 23.85 23.85 23.20 23.65 
2016/09/29 23.80 24.00 23.40 23.40 
2016/09/30 23.60 23.80 21.70 23.80 
2016/10/03 23.35 23.55 23.35 23.40 
2016/10/04 23.40 23.60 23.05 23.05 
2016/10/05 23.05 23.10 23.05 23.05 
2016/10/06 23.05 23.25 22.50 22.60 
2016/10/07 22.60 23.15 22.60 23.00 
2016/10/11 23.10 23.10 22.15 22.20 
2016/10/12 21.85 22.25 21.85 21.85 
2016/10/13 21.85 21.95 21.75 21.85 
2016/10/14 21.75 22.10 21.70 21.70 
2016/10/17 21.80 22.15 21.70 21.95 
2016/10/18 21.90 22.20 21.85 22.20 
2016/10/19 21.95 22.05 21.90 21.95 
2016/10/20 21.95 21.95 21.70 21.90 
2016/10/21 21.90 22.05 21.75 21.75 
2016/10/24 22.20 22.20 21.70 21.75 
2016/10/25 21.70 21.75 21.65 21.75 
2016/10/26 21.80 21.80 21.60 21.60 
2016/10/27 21.60 21.75 21.35 21.75 
2016/10/28 21.45 22.00 21.20 21.75 
2016/10/31 21.70 22.20 21.50 22.20 
2016/11/01 21.65 22.00 21.65 21.80 
2016/11/02 21.80 21.80 21.35 21.35 
2016/11/03 21.35 21.40 21.25 21.35 
2016/11/04 21.25 21.40 21.10 21.40 
2016/11/07 21.20 21.40 21.20 21.25 
2016/11/08 21.20 21.30 21.05 21.25 
2016/11/09 21.10 21.15 19.85 20.00 
2016/11/10 20.00 20.80 20.00 20.50 
2016/11/11 20.45 20.70 20.35 20.70 
2016/11/14 20.30 20.70 20.30 20.60 
2016/11/15 20.30 20.95 20.00 20.95 
2016/11/16 20.60 20.85 20.60 20.60 
2016/11/17 20.35 20.75 20.25 20.75 
2016/11/18 21.00 21.00 20.30 21.00 
2016/11/21 21.05 21.05 20.30 20.60 
2016/11/22 20.60 20.70 20.45 20.60 
2016/11/23 20.60 20.85 20.60 20.60 
2016/11/24 20.60 20.75 20.50 20.50 
2016/11/25 20.40 20.50 20.25 20.30 
2016/11/28 20.40 20.80 20.30 20.40 
2016/11/29 20.80 21.40 20.65 21.00 
2016/11/30 21.30 21.60 20.55 20.75 
2016/12/01 20.75 21.00 20.75 20.90 
2016/12/02 20.90 21.10 20.90 20.90 
2016/12/05 20.55 20.70 20.40 20.60 
2016/12/06 20.35 20.95 20.35 20.50 
2016/12/07 20.50 20.70 20.50 20.70 
2016/12/08 20.50 20.80 20.50 20.80 
2016/12/09 20.40 20.80 20.40 20.80 
2016/12/12 20.60 20.70 20.40 20.60 
2016/12/13 20.55 20.60 20.35 20.35 
2016/12/14 20.70 21.00 20.40 20.75 
2016/12/15 20.45 20.80 20.45 20.80 
2016/12/16 20.50 20.65 20.50 20.65 
2016/12/19 20.50 20.50 20.45 20.45 
2016/12/20 20.10 20.65 20.10 20.65 
2016/12/21 20.50 20.50 20.30 20.30 
2016/12/22 20.50 20.70 20.00 20.10 
2016/12/23 20.80 20.80 20.20 20.55 
2016/12/26 20.55 20.55 20.35 20.35 
2016/12/27 20.25 20.25 20.20 20.25 
2016/12/28 20.25 20.30 20.20 20.30 
2016/12/29 20.20 20.20 20.20 20.20 
2016/12/30 20.55 21.40 20.30 21.25 
2017/01/03 20.70 20.80 20.70 20.75 
2017/01/04 20.60 20.75 20.35 20.75 
2017/01/05 20.40 20.50 20.35 20.50 
2017/01/06 20.40 21.00 20.35 20.60 
2017/01/09 20.40 20.70 20.35 20.70 
2017/01/10 20.40 20.40 20.35 20.40 
2017/01/11 20.55 20.55 20.30 20.30 
2017/01/12 20.30 20.70 20.30 20.50 
2017/01/13 20.30 20.60 20.30 20.30 
2017/01/16 20.20 20.40 20.15 20.30 
2017/01/17 20.30 20.30 20.10 20.10 
2017/01/18 20.40 20.95 20.30 20.70 
2017/01/19 20.30 20.40 20.25 20.40 
2017/01/20 20.25 21.00 20.10 20.60 
2017/01/23 20.75 20.75 20.30 20.60 
2017/01/24 20.55 20.90 20.55 20.80 
2017/02/02 20.45 20.90 20.45 20.80 
2017/02/03 20.65 20.65 20.60 20.60 
2017/02/06 20.60 20.85 20.35 20.60 
2017/02/07 20.60 20.70 20.45 20.70 
2017/02/08 20.50 20.75 20.50 20.75 
