2016/07/01 51.00 51.00 50.90 51.00 
2016/07/04 51.00 51.00 50.80 51.00 
2016/07/05 51.00 51.00 50.30 51.00 
2016/07/06 50.90 51.00 50.80 51.00 
2016/07/07 51.00 52.00 51.00 52.00 
2016/07/11 52.00 52.50 52.00 52.50 
2016/07/12 52.00 52.50 51.80 52.50 
2016/07/13 52.50 52.50 52.50 52.50 
2016/07/14 52.60 52.60 52.60 52.60 
2016/07/15 52.60 52.60 52.60 52.60 
2016/07/18 52.60 52.60 52.60 52.60 
2016/07/19 52.10 52.70 52.10 52.70 
2016/07/20 52.70 52.70 52.70 52.70 
2016/07/21 52.70 52.70 52.70 52.70 
2016/07/22 52.70 52.70 52.70 52.70 
2016/07/25 52.70 52.70 52.70 52.70 
2016/07/26 52.80 52.80 52.80 52.80 
2016/07/27 52.90 52.90 52.90 52.90 
2016/07/28 52.80 52.80 52.80 52.80 
2016/07/29 53.00 53.00 53.00 53.00 
2016/08/01 53.00 53.00 53.00 53.00 
2016/08/02 52.60 53.00 52.60 53.00 
2016/08/03 53.00 53.00 53.00 53.00 
2016/08/04 52.80 52.80 52.80 52.80 
2016/08/05 52.80 52.80 52.80 52.80 
2016/08/08 52.80 52.80 52.80 52.80 
2016/08/09 52.80 52.80 52.80 52.80 
2016/08/10 52.80 52.80 52.80 52.80 
2016/08/11 52.80 52.80 52.80 52.80 
2016/08/12 53.00 53.00 53.00 53.00 
2016/08/15 53.00 53.00 53.00 53.00 
2016/08/16 53.00 53.00 53.00 53.00 
2016/08/17 53.00 53.00 53.00 53.00 
2016/08/18 53.00 53.00 53.00 53.00 
2016/08/19 53.00 53.00 53.00 53.00 
2016/08/22 53.00 53.00 53.00 53.00 
2016/08/23 53.00 53.00 53.00 53.00 
2016/08/24 53.00 53.10 53.00 53.10 
2016/08/25 53.10 53.10 53.10 53.10 
2016/08/26 53.20 53.20 53.10 53.20 
2016/08/29 53.10 53.20 52.80 53.20 
2016/08/30 53.20 53.20 53.20 53.20 
2016/08/31 53.20 53.20 53.20 53.20 
2016/09/01 53.20 53.20 53.20 53.20 
2016/09/02 53.00 53.20 53.00 53.20 
2016/09/05 53.20 53.20 53.20 53.20 
2016/09/06 53.20 53.20 53.20 53.20 
2016/09/07 53.20 53.20 53.20 53.20 
2016/09/08 53.20 53.20 53.20 53.20 
2016/09/09 53.00 53.20 53.00 53.20 
2016/09/10 53.20 53.40 53.20 53.40 
2016/09/12 53.40 53.40 53.40 53.40 
2016/09/13 53.40 53.40 53.40 53.40 
2016/09/14 53.20 53.40 53.20 53.40 
2016/09/19 53.20 53.40 53.20 53.40 
2016/09/20 53.20 53.40 53.20 53.40 
2016/09/21 53.40 53.40 53.40 53.40 
2016/09/22 53.00 53.40 52.00 53.40 
2016/09/23 53.40 53.40 53.40 53.40 
2016/09/26 53.40 53.40 53.40 53.40 
2016/09/29 53.40 53.40 53.40 53.40 
2016/09/30 53.40 53.40 53.40 53.40 
2016/10/03 53.40 53.40 53.40 53.40 
2016/10/04 53.40 53.40 53.40 53.40 
2016/10/05 53.40 53.40 53.20 53.40 
2016/10/06 53.40 53.40 53.40 53.40 
2016/10/07 53.40 53.40 53.40 53.40 
2016/10/11 53.40 53.40 53.40 53.40 
2016/10/12 53.40 53.40 53.00 53.40 
2016/10/13 53.40 53.40 53.40 53.40 
2016/10/14 53.40 53.40 53.40 53.40 
2016/10/17 53.40 53.40 53.00 53.40 
2016/10/18 53.40 53.40 53.40 53.40 
2016/10/19 53.50 53.50 53.50 53.50 
2016/10/20 53.50 53.50 53.30 53.30 
2016/10/21 53.10 53.50 53.00 53.50 
2016/10/24 53.50 53.50 53.50 53.50 
2016/10/25 53.50 53.50 53.50 53.50 
2016/10/26 53.50 53.50 53.50 53.50 
2016/10/27 53.50 53.50 53.50 53.50 
2016/10/28 53.50 53.50 53.50 53.50 
2016/10/31 53.50 53.50 53.50 53.50 
2016/11/01 55.00 55.00 53.50 53.80 
2016/11/02 53.50 53.80 53.50 53.80 
2016/11/03 53.80 53.80 53.80 53.80 
2016/11/04 53.80 53.80 53.80 53.80 
2016/11/07 53.80 53.80 53.10 53.80 
2016/11/08 53.80 53.80 53.80 53.80 
2016/11/09 53.50 53.80 53.30 53.80 
2016/11/10 53.80 53.80 53.80 53.80 
2016/11/11 53.80 53.80 53.80 53.80 
2016/11/14 53.80 53.80 53.80 53.80 
2016/11/15 53.80 53.80 53.80 53.80 
2016/11/16 53.80 53.80 53.80 53.80 
2016/11/17 53.80 53.80 53.80 53.80 
2016/11/18 53.80 53.80 53.80 53.80 
2016/11/21 53.80 53.80 53.80 53.80 
2016/11/22 53.80 53.80 53.80 53.80 
2016/11/23 53.80 53.80 53.80 53.80 
2016/11/24 53.80 53.80 53.80 53.80 
2016/11/25 53.80 53.80 53.80 53.80 
2016/11/28 53.20 54.00 52.80 54.00 
2016/11/29 53.80 54.00 53.80 54.00 
2016/12/01 54.00 54.20 54.00 54.20 
2016/12/02 54.00 54.00 54.00 54.00 
2016/12/05 54.00 54.00 54.00 54.00 
2016/12/06 54.00 54.00 54.00 54.00 
2016/12/07 54.00 54.00 54.00 54.00 
2016/12/08 54.00 54.00 54.00 54.00 
2016/12/09 54.00 54.00 54.00 54.00 
2016/12/12 54.00 54.00 54.00 54.00 
2016/12/13 54.00 54.00 54.00 54.00 
2016/12/14 54.00 54.00 54.00 54.00 
2016/12/15 54.00 54.00 54.00 54.00 
2016/12/16 54.00 54.00 54.00 54.00 
2016/12/19 54.00 54.00 54.00 54.00 
2016/12/20 54.00 54.00 54.00 54.00 
2016/12/21 54.00 54.00 53.80 54.00 
2016/12/22 54.10 54.10 54.00 54.00 
2016/12/23 54.00 54.10 53.60 54.10 
2016/12/26 54.10 54.10 54.00 54.10 
2016/12/27 54.00 54.10 54.00 54.10 
2016/12/28 54.00 54.00 54.00 54.00 
2016/12/29 54.00 54.10 53.60 54.10 
2016/12/30 54.00 54.00 54.00 54.00 
2017/01/03 54.00 54.00 54.00 54.00 
2017/01/04 54.00 54.00 54.00 54.00 
2017/01/05 54.00 54.00 54.00 54.00 
2017/01/06 54.10 54.10 54.10 54.10 
2017/01/09 54.00 54.00 54.00 54.00 
2017/01/10 54.00 54.00 54.00 54.00 
2017/01/11 54.00 54.00 54.00 54.00 
2017/01/12 54.00 54.00 54.00 54.00 
2017/01/13 54.10 54.10 54.10 54.10 
2017/01/16 54.10 54.10 54.10 54.10 
2017/01/17 54.10 54.10 54.10 54.10 
2017/01/18 54.00 54.00 54.00 54.00 
2017/01/19 54.00 54.10 54.00 54.10 
2017/01/20 54.00 54.10 54.00 54.10 
2017/01/23 54.00 54.10 54.00 54.10 
2017/01/24 54.00 54.20 53.80 54.20 
2017/02/02 54.00 54.20 54.00 54.20 
2017/02/03 54.20 54.20 54.00 54.00 
2017/02/06 54.00 54.00 54.00 54.00 
2017/02/07 54.00 54.00 54.00 54.00 
2017/02/08 54.00 54.00 54.00 54.00 
