2016/07/01 58.70 62.40 57.80 58.80 
2016/07/04 57.90 60.20 56.10 57.30 
2016/07/05 58.00 58.00 56.70 57.00 
2016/07/06 56.40 57.20 56.10 57.20 
2016/07/07 57.50 57.50 56.40 56.50 
2016/07/11 56.50 56.90 55.60 56.10 
2016/07/12 57.20 57.30 56.30 56.70 
2016/07/13 57.70 57.70 56.20 56.20 
2016/07/14 56.60 56.60 56.50 56.50 
2016/07/15 56.30 57.10 56.20 56.20 
2016/07/18 55.70 56.20 55.60 56.00 
2016/07/19 55.50 56.00 54.10 55.20 
2016/07/20 54.70 56.10 54.60 55.30 
2016/07/21 54.30 55.30 54.30 54.50 
2016/07/22 54.50 54.50 53.50 54.00 
2016/07/25 54.00 55.00 53.00 54.00 
2016/07/26 53.00 54.00 52.80 54.00 
2016/07/27 54.00 54.90 53.10 54.00 
2016/07/28 54.50 54.50 51.90 52.00 
2016/07/29 51.50 52.40 51.00 51.20 
2016/08/01 51.20 54.40 51.20 52.60 
2016/08/02 52.70 52.70 52.60 52.60 
2016/08/03 52.60 52.60 51.60 52.00 
2016/08/04 52.10 52.20 51.90 51.90 
2016/08/05 52.00 52.40 52.00 52.00 
2016/08/08 52.00 52.30 52.00 52.10 
2016/08/09 52.90 52.90 51.50 51.50 
2016/08/10 52.00 53.70 52.00 52.60 
2016/08/11 52.60 52.60 51.50 51.50 
2016/08/12 53.80 53.80 51.80 51.90 
2016/08/15 51.30 52.30 51.30 51.50 
2016/08/16 51.70 52.40 51.60 52.00 
2016/08/17 52.00 52.80 51.60 52.00 
2016/08/18 52.00 52.50 51.80 52.50 
2016/08/19 52.40 52.70 52.40 52.60 
2016/08/22 52.90 52.90 52.00 52.80 
2016/08/23 52.30 52.80 52.30 52.80 
2016/08/24 52.50 52.80 52.30 52.30 
2016/08/25 52.80 52.80 52.20 52.20 
2016/08/26 52.20 54.00 52.20 54.00 
2016/08/29 54.40 54.40 53.30 54.00 
2016/08/30 54.00 54.00 53.30 53.80 
2016/08/31 53.30 53.50 52.60 52.60 
2016/09/01 52.50 52.60 51.50 52.10 
2016/09/02 52.30 52.30 51.70 52.10 
2016/09/05 52.10 52.50 51.60 51.60 
2016/09/06 51.60 52.10 51.60 51.60 
2016/09/07 51.10 52.50 50.90 52.50 
2016/09/08 52.00 52.00 51.60 52.00 
2016/09/09 51.00 51.50 50.80 51.50 
2016/09/10 51.50 52.00 50.60 52.00 
2016/09/12 52.00 52.10 52.00 52.00 
2016/09/13 52.10 52.10 50.80 52.00 
2016/09/14 51.50 51.50 50.80 50.80 
2016/09/19 53.00 53.00 50.80 51.80 
2016/09/20 51.80 52.50 51.80 52.50 
2016/09/21 52.40 53.40 52.20 53.40 
2016/09/22 53.40 54.80 53.40 54.40 
2016/09/23 54.00 54.00 53.50 53.70 
2016/09/26 53.70 54.30 53.70 53.90 
2016/09/29 54.70 54.70 53.50 54.00 
2016/09/30 54.00 54.00 52.60 53.80 
2016/10/03 53.20 53.60 53.20 53.60 
2016/10/04 53.60 53.60 53.20 53.60 
2016/10/05 53.10 53.60 53.00 53.60 
2016/10/06 53.10 53.10 52.60 52.60 
2016/10/07 52.60 52.60 52.60 52.60 
2016/10/11 53.00 53.10 52.00 52.10 
2016/10/12 52.50 52.50 52.00 52.00 
2016/10/14 51.50 52.00 51.00 52.00 
2016/10/17 51.50 52.40 51.50 52.40 
2016/10/18 51.60 52.40 51.50 52.40 
2016/10/19 51.90 52.00 51.00 52.00 
2016/10/20 51.10 51.60 50.70 51.60 
2016/10/21 51.60 51.60 51.30 51.60 
2016/10/24 51.60 51.60 51.00 51.00 
2016/10/25 51.00 51.00 51.00 51.00 
2016/10/26 51.00 53.00 51.00 53.00 
2016/10/27 51.20 52.90 51.20 52.90 
2016/11/01 51.50 51.50 51.50 51.50 
2016/11/02 51.50 52.20 50.00 51.90 
2016/11/03 50.10 50.10 49.00 50.00 
2016/11/07 50.10 50.10 50.00 50.10 
2016/11/08 50.00 51.40 50.00 51.40 
2016/11/09 49.00 49.00 49.00 49.00 
2016/11/10 50.50 50.50 50.50 50.50 
2016/11/11 49.60 49.60 49.60 49.60 
2016/11/14 49.00 49.00 48.00 49.00 
2016/11/15 50.00 50.00 50.00 50.00 
2016/11/16 49.00 49.00 49.00 49.00 
2016/11/17 48.00 49.70 47.50 49.70 
2016/11/22 49.00 50.10 49.00 50.10 
2016/11/23 48.70 48.70 48.70 48.70 
2016/11/24 50.40 50.40 50.40 50.40 
2016/11/25 50.40 52.00 50.40 51.00 
2016/11/28 51.30 51.30 50.50 50.50 
2016/11/29 50.00 52.00 50.00 51.00 
2016/11/30 50.00 51.50 50.00 51.50 
2016/12/01 51.90 51.90 51.00 51.00 
2016/12/02 51.80 53.70 51.60 51.60 
2016/12/05 51.20 51.20 51.00 51.10 
2016/12/06 51.00 51.50 51.00 51.10 
2016/12/07 52.00 53.00 51.70 51.70 
2016/12/09 56.80 56.80 55.00 56.80 
2016/12/12 58.40 62.40 57.50 61.60 
2016/12/13 61.50 61.50 57.80 58.50 
2016/12/14 58.50 61.60 58.50 61.50 
2016/12/15 61.50 61.80 59.00 60.00 
2016/12/16 59.50 61.50 58.30 58.80 
2016/12/19 59.00 59.90 58.20 58.20 
2016/12/20 58.20 58.20 55.00 56.30 
2016/12/21 56.30 57.50 55.00 56.30 
2016/12/22 56.50 58.20 56.40 57.90 
2016/12/23 57.90 58.80 57.20 58.80 
2016/12/26 59.40 64.60 59.20 64.60 
2016/12/27 63.40 63.50 62.00 62.30 
2016/12/28 62.40 65.10 61.20 65.00 
2016/12/29 65.40 65.40 63.70 64.10 
2016/12/30 64.40 65.70 63.90 65.70 
2017/01/03 66.50 70.10 66.50 69.00 
2017/01/04 68.70 68.80 67.00 68.70 
2017/01/05 68.50 69.40 67.80 68.20 
2017/01/06 67.70 72.30 67.70 71.30 
2017/01/09 71.30 72.00 69.20 70.00 
2017/01/10 69.40 70.90 69.40 70.30 
2017/01/11 72.50 72.70 66.50 67.30 
2017/01/12 68.50 71.10 67.30 67.40 
2017/01/13 67.50 67.80 67.30 67.30 
2017/01/16 69.70 69.70 65.30 65.80 
2017/01/17 66.00 67.00 66.00 66.20 
2017/01/18 66.10 69.00 66.10 68.10 
2017/01/19 68.40 68.50 67.80 68.30 
2017/01/20 69.00 69.00 68.30 68.30 
2017/01/23 69.00 69.00 68.50 69.00 
2017/01/24 68.20 69.70 67.70 69.50 
2017/02/02 69.50 70.00 68.20 69.90 
2017/02/03 69.90 70.00 69.30 69.60 
2017/02/06 70.00 70.00 69.00 69.50 
2017/02/07 69.50 69.50 68.30 68.80 
2017/02/08 69.00 69.50 66.50 69.50 
